-5.31823 -0.191662
-5.21823 -0.175317
-5.11823 -0.0982733
-5.01823 0.00813349
-4.91823 0.116938
-4.81823 0.21107
-4.71823 0.309525
-4.61823 0.418833
-4.51823 0.48695
-4.41823 0.501507
-4.31823 0.44471
-4.21823 0.36828
-4.11823 0.335189
-4.01823 0.301997
-3.91823 0.252237
-3.81823 0.190999
-3.71823 0.140387
-3.61823 0.0718337
-3.51823 0.0398014
-3.41823 0.0317382
-3.31823 -0.0158853
-3.21823 -0.0113005
-3.11823 -0.00678955
-3.01823 0.0109223
-2.91823 -0.00417084
-2.81823 -0.0464427
-2.71823 -0.0852814
-2.61823 -0.0264455
-2.51823 0.0469732
-2.41823 0.111873
-2.31823 0.10939
-2.21823 0.0948097
-2.11823 0.116194
-2.01823 0.176518
-1.91823 0.25509
-1.81823 0.308382
-1.71823 0.361824
-1.61823 0.364517
-1.51823 0.311912
-1.41823 0.267667
-1.31823 0.209609
-1.21823 0.161537
-1.11823 0.0706584
-1.01823 0.00981322
-0.918229 -0.0101652
-0.818229 -0.0302513
-0.718229 -0.0233645
-0.618229 0.0222316
-0.518229 0.122108
-0.418229 0.234562
-0.318229 0.317368
-0.218229 0.327895
-0.118229 0.291788
-0.0182287 0.181659
0.0817713 -0.0170219
0.181771 -0.186718
0.281771 -0.366704
0.381771 -0.453558
0.481771 -0.452313
0.581771 -0.363074
0.681771 -0.220814
0.781771 -0.0594083
0.881771 0.125355
0.981771 0.267797
1.08177 0.358375
1.18177 0.423682
1.28177 0.458004
1.38177 0.462926
1.48177 0.447257
1.58177 0.419633
1.68177 0.382865
1.78177 0.357249
1.88177 0.270905
1.98177 0.199006
2.08177 0.0717791
2.18177 -0.0817186
2.28177 -0.13929
2.38177 -0.115492
2.48177 -0.0176692
2.58177 0.123262
2.68177 0.290246
2.78177 0.392824
2.88177 0.430132
2.98177 0.400856
3.08177 0.332385
3.18177 0.247173
3.28177 0.156815
3.38177 0.173019
3.48177 0.177209
3.58177 0.21789
3.68177 0.225228
3.78177 0.256217
3.88177 0.278575
3.98177 0.27955
4.08177 0.258818
4.18177 0.18432
4.28177 0.127353
4.38177 0.0708893
4.48177 0.0963386
4.58177 0.122765
4.68177 0.0943875
4.78177 0.0313303
4.88177 -0.0681794
4.98177 -0.154451
5.08177 -0.262547
5.18177 -0.347534
5.28177 -0.436383
5.38177 -0.432724
5.48177 -0.321636
5.58177 -0.160335
5.68177 0.0310409
5.78177 0.267237
5.88177 0.498592
5.98177 0.643832
6.08177 0.673679
6.18177 0.616643
6.28177 0.533698
6.38177 0.474496
6.48177 0.393826
6.58177 0.284045
6.68177 0.111761
6.78177 -0.0276268
6.88177 -0.0730419
6.98177 -0.0699747
7.08177 -0.0235332
7.18177 -0.0208985
7.28177 0.0154384
7.38177 0.000667482
7.48177 0.0272941
7.58177 0.130595
7.68177 0.254773
7.78177 0.355023
7.88177 0.460572
7.98177 0.556251
8.08177 0.609937
8.18177 0.593063
8.28177 0.546561
8.38177 0.453197
8.48177 0.351362
8.58177 0.289632
8.68177 0.236749
8.78177 0.262239
8.88177 0.303988
8.98177 0.28133
9.08177 0.265266
9.18177 0.237023
9.28177 0.185132
9.38177 0.0863193
9.48177 -0.000249218
9.58177 0.023918
9.68177 0.152321
9.78177 0.296386
9.88177 0.389238
9.98177 0.464032
10.0818 0.549966
10.1818 0.530257
10.2818 0.455841
10.3818 0.353358
10.4818 0.187084
10.5818 0.0152054
10.6818 -0.096387
10.7818 -0.218504
10.8818 -0.291964
10.9818 -0.21599
11.0818 -0.0875005
11.1818 0.086322
11.2818 0.194295
11.3818 0.262998
11.4818 0.296586
11.5818 0.303292
11.6818 0.241305
11.7818 0.123208
11.8818 -0.00573783
11.9818 -0.113036
12.0818 -0.143165
12.1818 -0.147881
12.2818 -0.117911
12.3818 -0.0725692
12.4818 -0.022354
12.5818 0.121694
12.6818 0.335317
12.7818 0.552427
12.8818 0.726833
12.9818 0.892547
13.0818 1.00271
13.1818 1.09343
13.2818 1.15317
13.3818 1.12428
13.4818 0.961155
13.5818 0.782204
13.6818 0.591456
13.7818 0.361086
13.8818 0.190214
13.9818 0.122534
14.0818 0.151212
14.1818 0.249412
14.2818 0.340569
14.3818 0.356498
14.4818 0.322375
14.5818 0.312578
14.6818 0.342502
14.7818 0.354385
14.8818 0.388818
14.9818 0.427969
15.0818 0.436467
15.1818 0.392463
15.2818 0.298847
15.3818 0.137177
15.4818 -0.00163639
15.5818 -0.103353
15.6818 -0.203717
15.7818 -0.261904
15.8818 -0.329889
15.9818 -0.478232
16.0818 -0.615627
16.1818 -0.703104
16.2818 -0.777796
16.3818 -0.794811
16.4818 -0.741971
16.5818 -0.635261
16.6818 -0.440104
16.7818 -0.211729
16.8818 0.0688938
16.9818 0.318671
17.0818 0.548964
17.1818 0.743902
17.2818 0.914987
17.3818 1.13087
17.4818 1.32569
17.5818 1.3881
17.6818 1.28679
17.7818 1.10919
17.8818 0.933094
17.9818 0.775992
18.0818 0.643125
18.1818 0.491459
18.2818 0.319598
18.3818 0.132158
18.4818 -0.00487463
18.5818 -0.107574
18.6818 -0.17225
18.7818 -0.223815
18.8818 -0.169194
18.9818 -0.000727407
19.0818 0.269542
19.1818 0.561322
19.2818 0.819228
19.3818 0.990453
19.4818 1.05553
19.5818 1.05743
19.6818 0.988805
19.7818 0.836781
19.8818 0.594823
19.9818 0.319307
20.0818 0.0756458
20.1818 -0.12359
20.2818 -0.311789
20.3818 -0.46881
20.4818 -0.586045
20.5818 -0.640583
20.6818 -0.65539
20.7818 -0.656854
20.8818 -0.643805
20.9818 -0.583392
21.0818 -0.455135
21.1818 -0.295237
21.2818 -0.149258
21.3818 0.0118972
21.4818 0.183299
21.5818 0.369637
21.6818 0.524381
21.7818 0.580051
21.8818 0.582643
21.9818 0.546777
22.0818 0.478816
22.1818 0.435566
22.2818 0.429059
22.3818 0.429761
22.4818 0.468012
22.5818 0.45773
22.6818 0.41093
22.7818 0.338887
22.8818 0.311643
22.9818 0.328298
23.0818 0.350159
23.1818 0.411183
23.2818 0.513597
23.3818 0.588162
23.4818 0.600682
23.5818 0.540963
23.6818 0.404449
23.7818 0.316973
23.8818 0.276471
23.9818 0.242437
24.0818 0.250394
24.1818 0.307459
24.2818 0.401474
24.3818 0.499135
24.4818 0.568599
24.5818 0.57082
24.6818 0.534035
24.7818 0.456899
24.8818 0.369534
24.9818 0.339577
25.0818 0.31428
25.1818 0.21861
25.2818 0.0862783
25.3818 0.0329648
25.4818 0.0189838
25.5818 -0.022727
25.6818 -0.092367
25.7818 -0.167091
25.8818 -0.23416
25.9818 -0.277162
26.0818 -0.284806
26.1818 -0.285789
26.2818 -0.279316
26.3818 -0.249802
26.4818 -0.228992
26.5818 -0.159387
26.6818 -0.0152785
26.7818 0.141128
26.8818 0.295198
26.9818 0.428671
27.0818 0.532218
27.1818 0.626263
27.2818 0.713485
27.3818 0.725785
27.4818 0.67522
27.5818 0.57913
27.6818 0.39073
27.7818 0.162026
27.8818 -0.00915615
27.9818 -0.123938
28.0818 -0.190583
28.1818 -0.193749
28.2818 -0.107111
28.3818 0.0696909
28.4818 0.31389
28.5818 0.608165
28.6818 0.853873
28.7818 1.00495
28.8818 1.07967
28.9818 1.12596
29.0818 1.12575
29.1818 0.994698
29.2818 0.758605
29.3818 0.49175
29.4818 0.27933
29.5818 0.155429
29.6818 0.0732606
29.7818 0.00115338
29.8818 -0.0573877
29.9818 -0.0878709
30.0818 -0.0717783
30.1818 -0.0537219
30.2818 -0.063297
30.3818 -0.0686021
30.4818 -0.0616111
30.5818 -0.0440396
30.6818 -0.051348
30.7818 -0.0989181
30.8818 -0.124058
30.9818 -0.0756911
31.0818 0.0534107
31.1818 0.26028
31.2818 0.436071
31.3818 0.50931
31.4818 0.530463
31.5818 0.588728
31.6818 0.701617
31.7818 0.774569
31.8818 0.755512
31.9818 0.594432
32.0818 0.151159
32.1818 -0.620099
32.2818 -1.72837
32.3818 -3.00829
32.4818 -4.27167
32.5818 -5.07325
32.6818 -4.93829
32.7818 -3.58477
32.8818 -0.817324
32.9818 3.42191
33.0818 9.05496
33.1818 15.2664
33.2818 20.4165
33.3818 22.6505
33.4818 20.6873
33.5818 13.2203
33.6818 -1.2934
33.7818 -22.9669
33.8818 -47.2375
33.9818 -66.0117
34.0818 -73.3873
34.1818 -68.6324
34.2818 -53.3292
34.3818 -28.4682
34.4818 4.26697
34.5818 40.5723
34.6818 73.9023
34.7818 97.2571
34.8818 106.659
34.9818 100.192
35.0818 74.3305
35.1818 32.0532
35.2818 -16.0319
35.3818 -57.1345
35.4818 -83.0845
35.5818 -93.9882
35.6818 -93.0374
35.7818 -84.0051
35.8818 -70.7831
35.9818 -56.1807
36.0818 -41.3765
36.1818 -26.355
36.2818 -10.9248
36.3818 5.06613
36.4818 21.5853
36.5818 38.0016
36.6818 52.9876
36.7818 64.2575
36.8818 69.5402
36.9818 68.009
37.0818 61.1311
37.1818 51.3744
37.2818 40.5205
37.3818 29.1765
37.4818 17.2795
37.5818 4.56256
37.6818 -9.17532
37.7818 -23.5657
37.8818 -37.1483
37.9818 -47.6768
38.0818 -53.75
38.1818 -55.2168
38.2818 -53.1029
38.3818 -48.8958
38.4818 -43.8294
38.5818 -38.2571
38.6818 -32.096
38.7818 -25.1181
38.8818 -17.1019
38.9818 -8.11405
39.0818 1.37015
39.1818 10.6195
39.2818 18.8545
39.3818 25.6748
39.4818 30.9335
39.5818 34.6333
39.6818 36.9944
39.7818 38.2053
39.8818 38.2682
39.9818 37.0565
40.0818 34.3288
40.1818 30.0458
40.2818 24.5771
40.3818 18.4783
40.4818 12.275
40.5818 6.29876
40.6818 0.594478
40.7818 -5.09073
40.8818 -10.9453
40.9818 -16.9365
41.0818 -22.6628
41.1818 -27.3745
41.2818 -30.4388
41.3818 -31.7352
41.4818 -31.5943
41.5818 -30.4678
41.6818 -28.7859
41.7818 -26.8162
41.8818 -24.5944
41.9818 -21.9446
42.0818 -18.6234
42.1818 -14.5966
42.2818 -10.0413
42.3818 -5.29212
42.4818 -0.721818
42.5818 3.51229
42.6818 7.46542
42.7818 11.1714
42.8818 14.723
42.9818 18.0706
43.0818 21.0708
43.1818 23.4991
43.2818 25.0996
43.3818 25.7386
43.4818 25.461
43.5818 24.3916
43.6818 22.7259
43.7818 20.6326
43.8818 18.0674
43.9818 14.9232
44.0818 11.1732
44.1818 6.96742
44.2818 2.69153
44.3818 -1.2622
44.4818 -4.73677
44.5818 -7.66777
44.6818 -10.1188
44.7818 -12.3189
44.8818 -14.423
44.9818 -16.3262
45.0818 -17.9035
45.1818 -18.9589
45.2818 -19.3468
45.3818 -19.1599
45.4818 -18.6428
45.5818 -18.0532
45.6818 -17.5126
45.7818 -17.0151
45.8818 -16.3508
45.9818 -15.193
46.0818 -13.3211
46.1818 -10.6428
46.2818 -7.16603
46.3818 -3.11911
46.4818 1.2096
46.5818 5.5435
46.6818 9.62402
46.7818 13.2108
46.8818 16.0088
46.9818 17.7568
47.0818 18.2989
47.1818 17.6543
47.2818 16.1031
47.3818 14.1054
47.4818 12.1744
47.5818 10.7189
47.6818 9.89206
47.7818 9.58359
47.8818 9.52413
47.9818 9.51871
48.0818 9.40473
48.1818 9.00504
48.2818 8.3397
48.3818 7.51891
48.4818 6.56092
48.5818 5.36654
48.6818 3.81027
48.7818 1.81653
48.8818 -0.674585
48.9818 -3.58417
49.0818 -6.66359
49.1818 -9.65783
49.2818 -12.3461
49.3818 -14.6401
49.4818 -16.5375
49.5818 -17.9621
49.6818 -18.8443
49.7818 -19.2166
49.8818 -19.0107
49.9818 -18.1397
50.0818 -16.5855
50.1818 -14.5187
50.2818 -12.1379
50.3818 -9.58431
50.4818 -6.94569
50.5818 -4.32809
50.6818 -1.8399
50.7818 0.527054
50.8818 2.79164
50.9818 4.92249
51.0818 6.82328
51.1818 8.42172
51.2818 9.69307
51.3818 10.6928
51.4818 11.4688
51.5818 12.0593
51.6818 12.5549
51.7818 13.0492
51.8818 13.5578
51.9818 14.0093
52.0818 14.2526
52.1818 14.1789
52.2818 13.6934
52.3818 12.7431
52.4818 11.3099
52.5818 9.43863
52.6818 7.24955
52.7818 4.88219
52.8818 2.51332
52.9818 0.254486
53.0818 -1.80475
53.1818 -3.62635
53.2818 -5.26421
53.3818 -6.73806
53.4818 -8.0447
53.5818 -9.13448
53.6818 -9.95269
53.7818 -10.4591
53.8818 -10.6036
53.9818 -10.368
54.0818 -9.7331
54.1818 -8.88472
54.2818 -8.03976
54.3818 -7.27428
54.4818 -6.68332
54.5818 -6.38965
54.6818 -6.35875
54.7818 -6.49128
54.8818 -6.59502
54.9818 -6.4901
55.0818 -6.09933
55.1818 -5.35777
55.2818 -4.22584
55.3818 -2.80993
55.4818 -1.24189
55.5818 0.337148
55.6818 1.80353
55.7818 3.0928
55.8818 4.13344
55.9818 4.91925
56.0818 5.48256
56.1818 5.95239
56.2818 6.43687
56.3818 7.02397
56.4818 7.78671
56.5818 8.66496
56.6818 9.42522
56.7818 9.89263
56.8818 10.0064
56.9818 9.79599
57.0818 9.29389
57.1818 8.56743
57.2818 7.76281
57.3818 7.05532
57.4818 6.50512
57.5818 5.99754
57.6818 5.38021
57.7818 4.49299
57.8818 3.28534
57.9818 1.84707
58.0818 0.318642
58.1818 -1.22228
58.2818 -2.64271
58.3818 -3.87844
58.4818 -4.91911
58.5818 -5.83026
58.6818 -6.71219
58.7818 -7.6036
58.8818 -8.46498
58.9818 -9.27193
59.0818 -9.8819
59.1818 -10.1295
59.2818 -10.0546
59.3818 -9.74603
59.4818 -9.1946
59.5818 -8.44411
59.6818 -7.57346
59.7818 -6.60375
59.8818 -5.58994
59.9818 -4.58318
60.0818 -3.56727
60.1818 -2.52057
60.2818 -1.47976
60.3818 -0.50323
60.4818 0.430581
60.5818 1.35411
60.6818 2.29673
60.7818 3.21586
60.8818 4.08295
60.9818 4.9098
61.0818 5.61423
61.1818 6.14464
61.2818 6.536
61.3818 6.88459
61.4818 7.19297
61.5818 7.40529
61.6818 7.51708
61.7818 7.45101
61.8818 7.20922
61.9818 6.82605
62.0818 6.34914
62.1818 5.81224
62.2818 5.25163
62.3818 4.70255
62.4818 4.21058
62.5818 3.73721
62.6818 3.24796
62.7818 2.78927
62.8818 2.35667
62.9818 1.8751
63.0818 1.36089
63.1818 0.833489
63.2818 0.237126
63.3818 -0.420565
63.4818 -1.13873
63.5818 -1.95866
63.6818 -2.85772
63.7818 -3.74616
63.8818 -4.56316
63.9818 -5.25707
64.0818 -5.80467
64.1818 -6.17749
64.2818 -6.34884
64.3818 -6.33465
64.4818 -6.21403
64.5818 -6.10389
64.6818 -6.01742
64.7818 -5.95398
64.8818 -5.8692
64.9818 -5.72708
65.0818 -5.52085
65.1818 -5.22337
65.2818 -4.76311
65.3818 -4.12575
65.4818 -3.32783
65.5818 -2.39736
65.6818 -1.37749
65.7818 -0.293386
65.8818 0.80844
65.9818 1.83156
66.0818 2.72326
66.1818 3.4779
66.2818 4.05902
66.3818 4.52813
66.4818 4.97079
66.5818 5.37848
66.6818 5.72225
66.7818 6.00146
66.8818 6.23655
66.9818 6.40729
67.0818 6.49374
67.1818 6.48911
67.2818 6.31037
67.3818 5.96868
67.4818 5.42918
67.5818 4.73934
67.6818 4.03144
67.7818 3.44641
67.8818 3.12575
67.9818 3.12404
68.0818 3.39234
68.1818 3.8264
68.2818 4.19752
68.3818 4.22356
68.4818 3.62528
68.5818 2.20833
68.6818 -0.0506147
68.7818 -2.95918
68.8818 -6.05686
68.9818 -8.72743
69.0818 -10.4457
69.1818 -10.8726
69.2818 -9.913
69.3818 -7.73949
69.4818 -4.82607
69.5818 -1.89217
69.6818 0.46187
69.7818 1.83824
69.8818 2.18573
69.9818 1.59146
70.0818 0.288127
70.1818 -1.38159
70.2818 -3.10594
70.3818 -4.60476
70.4818 -5.72963
70.5818 -6.41857
70.6818 -6.69955
70.7818 -6.58417
70.8818 -6.12421
70.9818 -5.34712
71.0818 -4.21814
71.1818 -2.83156
71.2818 -1.31831
71.3818 0.211887
71.4818 1.64297
71.5818 2.89209
71.6818 3.93603
71.7818 4.84055
71.8818 5.62551
71.9818 6.26961
72.0818 6.81916
72.1818 7.25955
72.2818 7.52327
72.3818 7.53539
72.4818 7.26737
72.5818 6.78873
72.6818 6.19033
72.7818 5.55051
72.8818 4.91189
72.9818 4.30381
73.0818 3.75566
73.1818 3.27693
73.2818 2.82119
73.3818 2.36121
73.4818 1.93643
73.5818 1.55329
73.6818 1.16198
73.7818 0.726652
73.8818 0.23053
73.9818 -0.418286
74.0818 -1.22617
74.1818 -2.06484
74.2818 -2.83698
74.3818 -3.59716
74.4818 -4.26262
74.5818 -4.74141
74.6818 -4.99661
74.7818 -5.01779
74.8818 -4.88125
74.9818 -4.70235
75.0818 -4.49623
75.1818 -4.27468
75.2818 -4.06433
75.3818 -3.917
75.4818 -3.82915
75.5818 -3.80056
75.6818 -3.74184
75.7818 -3.54705
75.8818 -3.11994
75.9818 -2.53523
76.0818 -1.88447
76.1818 -1.20225
76.2818 -0.531487
76.3818 0.166995
76.4818 0.826586
76.5818 1.37202
76.6818 1.79593
76.7818 2.1482
76.8818 2.45911
76.9818 2.73189
77.0818 2.94603
77.1818 3.15893
77.2818 3.37743
77.3818 3.56947
77.4818 3.69096
77.5818 3.7738
77.6818 3.84138
77.7818 3.86425
77.8818 3.88442
77.9818 3.81862
78.0818 3.69612
78.1818 3.55106
78.2818 3.42061
78.3818 3.31168
78.4818 3.22588
78.5818 3.09433
78.6818 2.92078
78.7818 2.70938
78.8818 2.38179
78.9818 1.97529
79.0818 1.55956
79.1818 1.20752
79.2818 0.881866
79.3818 0.546296
79.4818 0.142435
79.5818 -0.355407
79.6818 -0.90732
79.7818 -1.44324
79.8818 -1.95069
79.9818 -2.41226
80.0818 -2.8995
80.1818 -3.38092
80.2818 -3.82237
80.3818 -4.21525
80.4818 -4.58768
80.5818 -4.92242
80.6818 -5.13871
80.7818 -5.18888
80.8818 -5.0384
80.9818 -4.71771
81.0818 -4.28443
81.1818 -3.77658
81.2818 -3.17741
81.3818 -2.49094
81.4818 -1.78264
81.5818 -1.07571
81.6818 -0.378536
81.7818 0.294986
81.8818 0.902107
81.9818 1.41103
82.0818 1.7839
82.1818 2.04569
82.2818 2.29204
82.3818 2.57877
82.4818 2.92086
82.5818 3.29489
82.6818 3.68186
82.7818 4.02859
82.8818 4.30909
82.9818 4.52132
83.0818 4.62453
83.1818 4.58683
83.2818 4.40477
83.3818 4.17019
83.4818 3.8898
83.5818 3.54972
83.6818 3.15787
83.7818 2.77645
83.8818 2.36963
83.9818 1.94974
84.0818 1.51785
84.1818 1.07888
84.2818 0.660537
84.3818 0.246557
84.4818 -0.126957
84.5818 -0.465226
84.6818 -0.739863
84.7818 -0.988542
84.8818 -1.31315
84.9818 -1.67671
85.0818 -2.02491
85.1818 -2.30154
85.2818 -2.47978
85.3818 -2.50703
85.4818 -2.43381
85.5818 -2.28224
85.6818 -2.16686
85.7818 -2.1063
85.8818 -2.14241
85.9818 -2.16903
86.0818 -2.19454
86.1818 -2.27456
86.2818 -2.38156
86.3818 -2.42543
86.4818 -2.37034
86.5818 -2.11443
86.6818 -1.77374
86.7818 -1.27422
86.8818 -0.709431
86.9818 -0.0887966
87.0818 0.466678
87.1818 0.908199
87.2818 1.3075
87.3818 1.5951
87.4818 1.74488
87.5818 1.72157
87.6818 1.60151
87.7818 1.44224
87.8818 1.33932
87.9818 1.37677
88.0818 1.48266
88.1818 1.56173
88.2818 1.61628
88.3818 1.66862
88.4818 1.65775
88.5818 1.66582
88.6818 1.64301
88.7818 1.60315
88.8818 1.53949
88.9818 1.45253
89.0818 1.45178
89.1818 1.48762
89.2818 1.53404
89.3818 1.46203
89.4818 1.31692
89.5818 1.15443
89.6818 0.968361
89.7818 0.791289
89.8818 0.640851
89.9818 0.558721
90.0818 0.530198
90.1818 0.454026
90.2818 0.368312
90.3818 0.196794
90.4818 -0.00233109
90.5818 -0.251281
90.6818 -0.508083
90.7818 -0.727776
90.8818 -0.865342
90.9818 -0.995
91.0818 -1.11618
91.1818 -1.22075
91.2818 -1.30736
91.3818 -1.33547
91.4818 -1.44091
91.5818 -1.57335
91.6818 -1.71577
91.7818 -1.794
91.8818 -1.79595
91.9818 -1.74516
92.0818 -1.58305
92.1818 -1.40278
92.2818 -1.15058
92.3818 -0.873805
92.4818 -0.627251
92.5818 -0.394135
92.6818 -0.127359
92.7818 0.136582
92.8818 0.39361
92.9818 0.691923
93.0818 0.921528
93.1818 1.06565
93.2818 1.16507
93.3818 1.24876
93.4818 1.29667
93.5818 1.242
93.6818 1.19557
93.7818 1.22378
93.8818 1.31138
93.9818 1.42073
94.0818 1.50643
94.1818 1.55076
94.2818 1.57016
94.3818 1.53313
94.4818 1.44394
94.5818 1.32304
94.6818 1.17145
94.7818 0.971376
94.8818 0.77962
94.9818 0.599729
95.0818 0.46215
95.1818 0.375942
95.2818 0.322647
95.3818 0.315835
95.4818 0.240861
95.5818 0.112661
95.6818 -0.0901289
95.7818 -0.269512
95.8818 -0.41024
95.9818 -0.501329
96.0818 -0.575766
96.1818 -0.579017
96.2818 -0.618587
96.3818 -0.665859
96.4818 -0.7169
96.5818 -0.765347
96.6818 -0.729495
96.7818 -0.764293
96.8818 -0.757753
96.9818 -0.756405
