-5.32451 0.23919
-5.22451 0.315237
-5.12451 0.318171
-5.02451 0.350803
-4.92451 0.399257
-4.82451 0.424031
-4.72451 0.435618
-4.62451 0.428367
-4.52451 0.371598
-4.42451 0.346975
-4.32451 0.328455
-4.22451 0.275042
-4.12451 0.153966
-4.02451 -0.0567293
-3.92451 -0.247759
-3.82451 -0.381033
-3.72451 -0.544834
-3.62451 -0.664925
-3.52451 -0.77989
-3.42451 -0.924716
-3.32451 -0.974175
-3.22451 -1.00435
-3.12451 -0.929478
-3.02451 -0.722507
-2.92451 -0.405658
-2.82451 -0.0613724
-2.72451 0.318824
-2.62451 0.722212
-2.52451 1.06262
-2.42451 1.28718
-2.32451 1.34963
-2.22451 1.24573
-2.12451 0.970084
-2.02451 0.561203
-1.92451 0.094117
-1.82451 -0.367127
-1.72451 -0.730843
-1.62451 -0.960448
-1.52451 -1.11073
-1.42451 -1.1575
-1.32451 -1.03258
-1.22451 -0.748064
-1.12451 -0.324282
-1.02451 0.108428
-0.924507 0.490567
-0.824507 0.757512
-0.724507 0.92318
-0.624507 0.974498
-0.524507 0.966907
-0.424507 0.77258
-0.324507 0.471775
-0.224507 0.153457
-0.124507 -0.17047
-0.0245073 -0.486443
0.0754927 -0.745912
0.175493 -0.892908
0.275493 -0.882436
0.375493 -0.697932
0.475493 -0.442612
0.575493 -0.112105
0.675493 0.233788
0.775493 0.561554
0.875493 0.795441
0.975493 0.964789
1.07549 1.02003
1.17549 0.934609
1.27549 0.756102
1.37549 0.517988
1.47549 0.242938
1.57549 -0.0130602
1.67549 -0.26603
1.77549 -0.511726
1.87549 -0.697155
1.97549 -0.792064
2.07549 -0.834752
2.17549 -0.831342
2.27549 -0.77232
2.37549 -0.670046
2.47549 -0.544879
2.57549 -0.339858
2.67549 -0.0821413
2.77549 0.187178
2.87549 0.373413
2.97549 0.459571
3.07549 0.455878
3.17549 0.414723
3.27549 0.391874
3.37549 0.373817
3.47549 0.291837
3.57549 0.205162
3.67549 0.162742
3.77549 0.17226
3.87549 0.171403
3.97549 0.136676
4.07549 0.123426
4.17549 0.149876
4.27549 0.172333
4.37549 0.14317
4.47549 0.132701
4.57549 0.153228
4.67549 0.188863
4.77549 0.18898
4.87549 0.170339
4.97549 0.129347
5.07549 0.112335
5.17549 0.097727
5.27549 0.0967219
5.37549 0.079439
5.47549 -0.00125079
5.57549 -0.183665
5.67549 -0.39355
5.77549 -0.575891
5.87549 -0.752052
5.97549 -0.878179
6.07549 -0.942084
6.17549 -0.959314
6.27549 -0.903502
6.37549 -0.71079
6.47549 -0.452885
6.57549 -0.111205
6.67549 0.209806
6.77549 0.472102
6.87549 0.682927
6.97549 0.843356
7.07549 0.916646
7.17549 0.958793
7.27549 0.941887
7.37549 0.818301
7.47549 0.711229
7.57549 0.612314
7.67549 0.554529
7.77549 0.547147
7.87549 0.453977
7.97549 0.27163
8.07549 0.0884224
8.17549 -0.154276
8.27549 -0.429783
8.37549 -0.676801
8.47549 -0.822343
8.57549 -0.878304
8.67549 -0.905083
8.77549 -0.880581
8.87549 -0.775428
8.97549 -0.600417
9.07549 -0.411873
9.17549 -0.245541
9.27549 -0.102842
9.37549 0.0344232
9.47549 0.184085
9.57549 0.374174
9.67549 0.477199
9.77549 0.470662
9.87549 0.490655
9.97549 0.533787
10.0755 0.546603
10.1755 0.531021
10.2755 0.454308
10.3755 0.363061
10.4755 0.314126
10.5755 0.257531
10.6755 0.14515
10.7755 -0.0374524
10.8755 -0.263065
10.9755 -0.48337
11.0755 -0.602781
11.1755 -0.688943
11.2755 -0.776668
11.3755 -0.844854
11.4755 -0.799607
11.5755 -0.660532
11.6755 -0.491851
11.7755 -0.313927
11.8755 -0.159171
11.9755 0.0179033
12.0755 0.169394
12.1755 0.314509
12.2755 0.471208
12.3755 0.616419
12.4755 0.79555
12.5755 1.04174
12.6755 1.31712
12.7755 1.61304
12.8755 1.8927
12.9755 2.08548
13.0755 2.16275
13.1755 2.10299
13.2755 1.92882
13.3755 1.57952
13.4755 1.03743
13.5755 0.35638
13.6755 -0.416307
13.7755 -1.20508
13.8755 -2.03831
13.9755 -2.81393
14.0755 -3.4907
14.1755 -4.00587
14.2755 -4.25528
14.3755 -4.20175
14.4755 -3.85451
14.5755 -3.27075
14.6755 -2.45238
14.7755 -1.48871
14.8755 -0.452675
14.9755 0.618213
15.0755 1.72811
15.1755 2.75569
15.2755 3.63481
15.3755 4.29515
15.4755 4.68304
15.5755 4.75393
15.6755 4.45743
15.7755 3.77498
15.8755 2.79881
15.9755 1.58583
16.0755 0.261584
16.1755 -0.994974
16.2755 -2.08788
16.3755 -2.92075
16.4755 -3.51501
16.5755 -3.68512
16.6755 -3.41431
16.7755 -2.74099
16.8755 -1.82615
16.9755 -0.782984
17.0755 0.287196
17.1755 1.2468
17.2755 1.94776
17.3755 2.24889
17.4755 2.10848
17.5755 1.56856
17.6755 0.71628
17.7755 -0.317773
17.8755 -1.37343
17.9755 -2.26107
18.0755 -2.79214
18.1755 -2.87831
18.2755 -2.52464
18.3755 -1.73833
18.4755 -0.739364
18.5755 0.410152
18.6755 1.62067
18.7755 2.81024
18.8755 3.83664
18.9755 4.49608
19.0755 4.6244
19.1755 4.2334
19.2755 3.43192
19.3755 2.2789
19.4755 0.847344
19.5755 -0.736589
19.6755 -2.25785
19.7755 -3.51373
19.8755 -4.3493
19.9755 -4.70523
20.0755 -4.60276
20.1755 -4.13357
20.2755 -3.32885
20.3755 -2.25283
20.4755 -1.12713
20.5755 -0.123298
20.6755 0.68349
20.7755 1.22812
20.8755 1.52796
20.9755 1.5873
21.0755 1.42015
21.1755 1.14201
21.2755 0.819091
21.3755 0.561149
21.4755 0.43919
21.5755 0.396087
21.6755 0.564389
21.7755 0.932123
21.8755 1.4602
21.9755 1.99043
22.0755 2.48655
22.1755 2.83629
22.2755 2.94901
22.3755 2.7778
22.4755 2.32256
22.5755 1.52633
22.6755 0.485213
22.7755 -0.713645
22.8755 -1.96934
22.9755 -3.19612
23.0755 -4.22733
23.1755 -4.99372
23.2755 -5.3297
23.3755 -5.19522
23.4755 -4.60948
23.5755 -3.61397
23.6755 -2.2711
23.7755 -0.757085
23.8755 0.697749
23.9755 2.04566
24.0755 3.24412
24.1755 4.26639
24.2755 5.01129
24.3755 5.36376
24.4755 5.28578
24.5755 4.8928
24.6755 4.1962
24.7755 3.1809
24.8755 1.87181
24.9755 0.35406
25.0755 -1.16901
25.1755 -2.60235
25.2755 -3.8574
25.3755 -4.91178
25.4755 -5.62914
25.5755 -5.9375
25.6755 -5.77547
25.7755 -5.1396
25.8755 -4.10293
25.9755 -2.75397
26.0755 -1.25137
26.1755 0.271262
26.2755 1.7007
26.3755 2.90364
26.4755 3.76384
26.5755 4.24218
26.6755 4.37751
26.7755 4.28809
26.8755 4.02903
26.9755 3.66832
27.0755 3.20879
27.1755 2.58465
27.2755 1.81623
27.3755 0.97729
27.4755 0.105343
27.5755 -0.752251
27.6755 -1.53895
27.7755 -2.28442
27.8755 -2.89313
27.9755 -3.29076
28.0755 -3.4388
28.1755 -3.38916
28.2755 -3.19769
28.3755 -2.84651
28.4755 -2.37021
28.5755 -1.82413
28.6755 -1.29168
28.7755 -0.779783
28.8755 -0.296367
28.9755 0.203067
29.0755 0.750429
29.1755 1.42535
29.2755 2.19585
29.3755 2.96933
29.4755 3.70839
29.5755 4.34799
29.6755 4.75511
29.7755 4.89708
29.8755 4.66191
29.9755 3.96412
30.0755 2.82302
30.1755 1.28815
30.2755 -0.48187
30.3755 -2.32209
30.4755 -4.03465
30.5755 -5.45511
30.6755 -6.54398
30.7755 -7.16922
30.8755 -7.15583
30.9755 -6.45739
31.0755 -5.1395
31.1755 -3.45491
31.2755 -1.58423
31.3755 0.317381
31.4755 2.09502
31.5755 3.57584
31.6755 4.63629
31.7755 5.23719
31.8755 5.36859
31.9755 5.11237
32.0755 4.49728
32.1755 3.65763
32.2755 2.62336
32.3755 1.47563
32.4755 0.332524
32.5755 -0.700153
32.6755 -1.46807
32.7755 -1.941
32.8755 -2.14835
32.9755 -2.11558
33.0755 -1.88895
33.1755 -1.56883
33.2755 -1.19432
33.3755 -0.767482
33.4755 -0.327339
33.5755 0.0517897
33.6755 0.321611
33.7755 0.476241
33.8755 0.497135
33.9755 0.350186
34.0755 0.0655807
34.1755 -0.221031
34.2755 -0.461081
34.3755 -0.63989
34.4755 -0.718518
34.5755 -0.728527
34.6755 -0.67608
34.7755 -0.440968
34.8755 -0.1514
34.9755 0.0601064
35.0755 0.167856
35.1755 0.196206
35.2755 0.180312
35.3755 0.12334
35.4755 0.0392047
35.5755 -0.0128017
35.6755 -2.15013e-05
35.7755 0.0622894
35.8755 0.152931
35.9755 0.257022
36.0755 0.372511
36.1755 0.527876
36.2755 0.730622
36.3755 0.916371
36.4755 1.01119
36.5755 0.990135
36.6755 0.891256
36.7755 0.716656
36.8755 0.575143
36.9755 0.474284
37.0755 0.41216
37.1755 0.38639
37.2755 0.404632
37.3755 0.472663
37.4755 0.535595
37.5755 0.550773
37.6755 0.48261
37.7755 0.323806
37.8755 0.0985596
37.9755 -0.140882
38.0755 -0.417012
38.1755 -0.772962
38.2755 -1.18916
38.3755 -1.59267
38.4755 -1.9555
38.5755 -2.27053
38.6755 -2.5144
38.7755 -2.68014
38.8755 -2.65198
38.9755 -2.41997
39.0755 -1.99531
39.1755 -1.46573
39.2755 -0.87014
39.3755 -0.179166
39.4755 0.540268
39.5755 1.16929
39.6755 1.66131
39.7755 2.00421
39.8755 2.21477
39.9755 2.31761
40.0755 2.33529
40.1755 2.28476
40.2755 2.23889
40.3755 2.2774
40.4755 2.39742
40.5755 2.5769
40.6755 2.74309
40.7755 2.84711
40.8755 2.91883
40.9755 2.85373
41.0755 2.5596
41.1755 1.95261
41.2755 0.988335
41.3755 -0.286698
41.4755 -1.79434
41.5755 -3.4819
41.6755 -5.21564
41.7755 -6.76849
41.8755 -7.90851
41.9755 -8.46996
42.0755 -8.29979
42.1755 -7.41876
42.2755 -5.87195
42.3755 -3.75793
42.4755 -1.29273
42.5755 1.23013
42.6755 3.60526
42.7755 5.64048
42.8755 7.1304
42.9755 8.00513
43.0755 8.25851
43.1755 7.83477
43.2755 6.74147
43.3755 5.05561
43.4755 2.92549
43.5755 0.613521
43.6755 -1.57956
43.7755 -3.46439
43.8755 -4.98279
43.9755 -5.98876
44.0755 -6.43079
44.1755 -6.24246
44.2755 -5.38702
44.3755 -3.97074
44.4755 -2.25488
44.5755 -0.459959
44.6755 1.18239
44.7755 2.5836
44.8755 3.66062
44.9755 4.3863
45.0755 4.64065
45.1755 4.37576
45.2755 3.67998
45.3755 2.71995
45.4755 1.58564
45.5755 0.331027
45.6755 -0.949276
45.7755 -2.07513
45.8755 -2.9141
45.9755 -3.37175
46.0755 -3.42481
46.1755 -3.10484
46.2755 -2.52354
46.3755 -1.70906
46.4755 -0.69973
46.5755 0.377245
46.6755 1.39923
46.7755 2.24929
46.8755 2.80816
46.9755 3.04277
47.0755 2.9076
47.1755 2.37073
47.2755 1.57687
47.3755 0.676657
47.4755 -0.324689
47.5755 -1.35897
47.6755 -2.30539
47.7755 -3.04557
47.8755 -3.51191
47.9755 -3.62167
48.0755 -3.40418
48.1755 -2.89977
48.2755 -2.13852
48.3755 -1.15488
48.4755 -0.0305811
48.5755 1.085
48.6755 2.04201
48.7755 2.82583
48.8755 3.4503
48.9755 3.78542
49.0755 3.78506
49.1755 3.47033
49.2755 2.81373
49.3755 1.90933
49.4755 0.84721
49.5755 -0.214921
49.6755 -1.18767
49.7755 -2.00309
49.8755 -2.58519
49.9755 -2.9066
50.0755 -2.94229
50.1755 -2.69704
50.2755 -2.2323
50.3755 -1.55784
50.4755 -0.769001
50.5755 0.118636
50.6755 1.05181
50.7755 1.95599
50.8755 2.6434
50.9755 3.10956
51.0755 3.29933
51.1755 3.15868
51.2755 2.69871
51.3755 1.98605
51.4755 1.06457
51.5755 0.0207123
51.6755 -1.03386
51.7755 -2.01406
51.8755 -2.82865
51.9755 -3.42124
52.0755 -3.76803
52.1755 -3.84854
52.2755 -3.68114
52.3755 -3.20583
52.4755 -2.4366
52.5755 -1.55561
52.6755 -0.667821
52.7755 0.192521
52.8755 1.03715
52.9755 1.87383
53.0755 2.65147
53.1755 3.27387
53.2755 3.62273
53.3755 3.62583
53.4755 3.34049
53.5755 2.75328
53.6755 1.87759
53.7755 0.859167
53.8755 -0.200993
53.9755 -1.22201
54.0755 -2.11135
54.1755 -2.74507
54.2755 -3.1079
54.3755 -3.19321
54.4755 -2.98098
54.5755 -2.45254
54.6755 -1.67503
54.7755 -0.670922
54.8755 0.451326
54.9755 1.59198
55.0755 2.67838
55.1755 3.61649
55.2755 4.28648
55.3755 4.64218
55.4755 4.62276
55.5755 4.16022
55.6755 3.26037
55.7755 1.9863
55.8755 0.429595
55.9755 -1.30338
56.0755 -2.98802
56.1755 -4.39682
56.2755 -5.40178
56.3755 -6.00253
56.4755 -6.09823
56.5755 -5.65925
56.6755 -4.74276
56.7755 -3.51848
56.8755 -2.09544
56.9755 -0.587853
57.0755 0.838882
57.1755 2.09812
57.2755 3.09803
57.3755 3.72844
57.4755 3.9715
57.5755 3.8234
57.6755 3.32627
57.7755 2.61563
57.8755 1.82602
57.9755 1.07528
58.0755 0.477689
58.1755 0.0717061
58.2755 -0.129377
58.3755 -0.185564
58.4755 -0.113803
58.5755 0.0823117
58.6755 0.320098
58.7755 0.485607
58.8755 0.530703
58.9755 0.428986
59.0755 0.224143
59.1755 -0.0778842
59.2755 -0.442287
59.3755 -0.885704
59.4755 -1.38055
59.5755 -1.82416
59.6755 -2.14797
59.7755 -2.35343
59.8755 -2.4957
59.9755 -2.53398
60.0755 -2.39622
60.1755 -2.03396
60.2755 -1.43672
60.3755 -0.7234
60.4755 0.0962905
60.5755 1.0131
60.6755 1.99346
60.7755 2.95643
60.8755 3.7244
60.9755 4.16667
61.0755 4.2024
61.1755 3.86757
61.2755 3.22637
61.3755 2.3527
61.4755 1.24653
61.5755 -0.0230728
61.6755 -1.37782
61.7755 -2.6605
61.8755 -3.67331
61.9755 -4.32951
62.0755 -4.55769
62.1755 -4.38649
62.2755 -3.86032
62.3755 -2.99349
62.4755 -1.89074
62.5755 -0.65823
62.6755 0.550086
62.7755 1.64771
62.8755 2.56413
62.9755 3.26775
63.0755 3.72448
63.1755 3.84857
63.2755 3.59353
63.3755 2.97894
63.4755 2.1702
63.5755 1.22349
63.6755 0.239519
63.7755 -0.697787
63.8755 -1.60691
63.9755 -2.36476
64.0755 -2.84666
64.1755 -2.9897
64.2755 -2.86811
64.3755 -2.50731
64.4755 -1.96961
64.5755 -1.25036
64.6755 -0.499079
64.7755 0.198558
64.8755 0.667382
64.9755 0.952466
65.0755 1.06588
65.1755 1.07833
65.2755 0.977412
65.3755 0.867232
65.4755 0.741285
65.5755 0.648028
65.6755 0.590337
65.7755 0.563266
65.8755 0.541143
65.9755 0.514303
66.0755 0.490015
66.1755 0.506158
66.2755 0.521385
66.3755 0.527232
66.4755 0.50445
66.5755 0.417679
66.6755 0.287536
66.7755 0.147213
66.8755 -0.0146019
66.9755 -0.246725
67.0755 -0.464861
67.1755 -0.707537
67.2755 -0.916268
67.3755 -1.09583
67.4755 -1.19054
67.5755 -1.18154
67.6755 -1.1177
67.7755 -0.967567
67.8755 -0.756348
67.9755 -0.491712
68.0755 -0.237471
68.1755 -0.0120013
68.2755 0.181243
68.3755 0.279554
68.4755 0.336889
68.5755 0.379335
68.6755 0.426084
68.7755 0.501803
68.8755 0.567063
68.9755 0.591421
69.0755 0.561525
69.1755 0.440546
69.2755 0.206785
69.3755 -0.0605627
69.4755 -0.306793
69.5755 -0.543109
69.6755 -0.724478
69.7755 -0.82741
69.8755 -0.820216
69.9755 -0.717536
70.0755 -0.460134
70.1755 -0.100836
70.2755 0.26789
70.3755 0.605055
70.4755 0.90754
70.5755 1.15852
70.6755 1.41038
70.7755 1.64298
70.8755 1.80541
70.9755 1.86496
71.0755 1.81777
71.1755 1.6865
71.2755 1.4472
71.3755 1.09408
71.4755 0.591646
71.5755 -0.0315942
71.6755 -0.695677
71.7755 -1.27958
71.8755 -1.7858
71.9755 -2.18893
72.0755 -2.4407
72.1755 -2.54812
72.2755 -2.47468
72.3755 -2.21769
72.4755 -1.8438
72.5755 -1.37592
72.6755 -0.929637
72.7755 -0.491256
72.8755 -0.0624872
72.9755 0.368036
73.0755 0.755177
73.1755 1.02928
73.2755 1.16083
73.3755 1.23576
73.4755 1.29389
73.5755 1.28906
73.6755 1.28917
73.7755 1.23542
73.8755 1.10466
73.9755 0.940014
74.0755 0.603198
74.1755 0.196433
74.2755 -0.249764
74.3755 -0.752977
74.4755 -1.23276
74.5755 -1.55986
74.6755 -1.72901
74.7755 -1.70628
74.8755 -1.54879
74.9755 -1.25779
75.0755 -0.780736
75.1755 -0.155169
75.2755 0.563042
75.3755 1.26957
75.4755 1.92706
75.5755 2.44815
75.6755 2.80694
75.7755 2.95448
75.8755 2.88096
75.9755 2.60336
76.0755 2.13648
76.1755 1.49141
76.2755 0.625968
76.3755 -0.32793
76.4755 -1.24689
76.5755 -2.01345
76.6755 -2.6066
76.7755 -3.04086
76.8755 -3.24158
76.9755 -3.23718
77.0755 -3.00387
77.1755 -2.5906
77.2755 -2.06397
77.3755 -1.40157
77.4755 -0.711256
77.5755 -0.0275081
77.6755 0.618547
77.7755 1.16691
77.8755 1.58055
77.9755 1.83787
78.0755 1.94109
78.1755 1.91763
78.2755 1.71692
78.3755 1.33383
78.4755 0.886294
78.5755 0.417506
78.6755 0.0158719
78.7755 -0.29047
78.8755 -0.544969
78.9755 -0.749846
79.0755 -0.828291
79.1755 -0.753197
79.2755 -0.589803
79.3755 -0.419072
79.4755 -0.209792
79.5755 0.0612257
79.6755 0.34528
79.7755 0.566224
79.8755 0.722793
79.9755 0.84919
80.0755 0.919146
80.1755 0.896833
80.2755 0.804356
80.3755 0.627218
80.4755 0.378329
80.5755 0.0423013
80.6755 -0.262408
80.7755 -0.548338
80.8755 -0.806995
80.9755 -0.993428
81.0755 -1.09934
81.1755 -1.0909
81.2755 -0.957616
81.3755 -0.771202
81.4755 -0.514315
81.5755 -0.220517
81.6755 0.0328519
81.7755 0.260005
81.8755 0.455857
81.9755 0.583827
82.0755 0.692472
82.1755 0.663502
82.2755 0.578897
82.3755 0.465652
82.4755 0.320481
82.5755 0.18963
82.6755 0.0328763
82.7755 -0.146631
82.8755 -0.341778
82.9755 -0.532969
83.0755 -0.657175
83.1755 -0.666971
83.2755 -0.543777
83.3755 -0.332799
83.4755 -0.092199
83.5755 0.151594
83.6755 0.407407
83.7755 0.620134
83.8755 0.807165
83.9755 0.861088
84.0755 0.829933
84.1755 0.684589
84.2755 0.467648
84.3755 0.190758
84.4755 -0.0678636
84.5755 -0.268678
84.6755 -0.398046
84.7755 -0.450053
84.8755 -0.425364
84.9755 -0.363132
85.0755 -0.308471
85.1755 -0.292731
85.2755 -0.344899
85.3755 -0.471658
85.4755 -0.509944
85.5755 -0.479704
85.6755 -0.39507
85.7755 -0.248669
85.8755 -0.039892
85.9755 0.17196
86.0755 0.350337
86.1755 0.502847
86.2755 0.566602
86.3755 0.572804
86.4755 0.554326
86.5755 0.525985
86.6755 0.519528
86.7755 0.491178
86.8755 0.38381
86.9755 0.219508
87.0755 0.022111
87.1755 -0.0539309
87.2755 -0.084696
87.3755 -0.0559747
87.4755 -0.00408109
87.5755 0.0335171
87.6755 0.0921364
87.7755 0.148477
87.8755 0.165921
87.9755 0.100139
88.0755 -0.0348496
88.1755 -0.150766
88.2755 -0.319459
88.3755 -0.498433
88.4755 -0.666988
88.5755 -0.801747
88.6755 -0.855117
88.7755 -0.846802
88.8755 -0.780409
88.9755 -0.67456
89.0755 -0.484223
89.1755 -0.272153
89.2755 -0.0397533
89.3755 0.194033
89.4755 0.387838
89.5755 0.562411
89.6755 0.679919
89.7755 0.758735
89.8755 0.782756
89.9755 0.738701
90.0755 0.617497
90.1755 0.410746
90.2755 0.196727
90.3755 0.0641373
90.4755 -0.074008
90.5755 -0.138732
90.6755 -0.171744
90.7755 -0.187814
90.8755 -0.171702
90.9755 -0.16671
91.0755 -0.144053
91.1755 -0.0841981
91.2755 -0.0771994
91.3755 -0.0631593
91.4755 -0.0468745
91.5755 -0.0490307
91.6755 -0.0910389
91.7755 -0.117141
91.8755 -0.200768
91.9755 -0.265594
92.0755 -0.26551
92.1755 -0.227242
92.2755 -0.176331
92.3755 -0.123994
92.4755 -0.0173001
92.5755 0.099484
92.6755 0.1976
92.7755 0.242842
92.8755 0.252578
92.9755 0.233462
93.0755 0.143913
93.1755 0.0661197
93.2755 -0.00370265
93.3755 -0.00948598
93.4755 -0.050274
93.5755 -0.0909239
93.6755 -0.111505
93.7755 -0.111657
93.8755 -0.145419
93.9755 -0.176053
94.0755 -0.204829
94.1755 -0.218843
94.2755 -0.193205
94.3755 -0.197441
94.4755 -0.195305
94.5755 -0.169114
94.6755 -0.097384
94.7755 -0.000842171
94.8755 0.0919519
94.9755 0.187473
95.0755 0.288659
95.1755 0.401263
95.2755 0.44194
95.3755 0.432667
95.4755 0.375294
95.5755 0.275633
95.6755 0.0807511
95.7755 -0.0991371
95.8755 -0.223246
95.9755 -0.325925
96.0755 -0.383791
96.1755 -0.370479
96.2755 -0.307155
96.3755 -0.206741
96.4755 -0.0948081
96.5755 -0.054846
96.6755 -0.0573331
96.7755 -0.0521364
96.8755 -0.00995748
96.9755 0.0643721
