-4.97068 0.000635776
-4.87068 -0.00749662
-4.77068 -0.027495
-4.67068 -0.0217803
-4.57068 -0.0144458
-4.47068 -0.0075564
-4.37068 0.00444702
-4.27068 0.0205298
-4.17068 0.0483998
-4.07068 0.0892325
-3.97068 0.0829898
-3.87068 0.0913288
-3.77068 0.0971057
-3.67068 0.096768
-3.57068 0.073433
-3.47068 0.0735692
-3.37068 0.0599566
-3.27068 0.0285415
-3.17068 0.00220307
-3.07068 -0.00682278
-2.97068 -0.04608
-2.87068 -0.0225187
-2.77068 -0.0253228
-2.67068 -0.0128992
-2.57068 0.000221258
-2.47068 -0.0204512
-2.37068 0.0203015
-2.27068 0.103496
-2.17068 0.145521
-2.07068 0.135187
-1.97068 0.114717
-1.87068 0.0657902
-1.77068 0.0353339
-1.67068 0.00997878
-1.57068 -0.00357248
-1.47068 0.0185963
-1.37068 0.0977197
-1.27068 0.0956477
-1.17068 0.114486
-1.07068 0.0928288
-0.970682 0.119666
-0.870682 0.0720919
-0.770682 0.0401567
-0.670682 -0.0261712
-0.570682 -0.0918503
-0.470682 -0.0533602
-0.370682 -0.0467412
-0.270682 0.00699367
-0.170682 0.068469
-0.070682 0.123789
0.029318 0.0590149
0.129318 0.0533458
0.229318 0.0321319
0.329318 -0.0209873
0.429318 -0.0354614
0.529318 -0.108414
0.629318 -0.0890867
0.729318 -0.0868528
0.829318 -0.0386749
0.929318 0.0657436
1.02932 0.155463
1.12932 0.280427
1.22932 0.328506
1.32932 0.329401
1.42932 0.258646
1.52932 0.242429
1.62932 0.181457
1.72932 0.107867
1.82932 0.0545329
1.92932 0.00030304
2.02932 -0.0765987
2.12932 -0.107955
2.22932 -0.0484707
2.32932 0.00318228
2.42932 0.0787367
2.52932 0.081211
2.62932 0.15343
2.72932 0.216045
2.82932 0.203412
2.92932 0.0808413
3.02932 -0.0247373
3.12932 -0.121334
3.22932 -0.148078
3.32932 -0.110816
3.42932 0.0132963
3.52932 0.0852703
3.62932 0.188312
3.72932 0.225257
3.82932 0.308169
3.92932 0.368011
4.02932 0.34824
4.12932 0.345557
4.22932 0.286069
4.32932 0.210508
4.42932 0.171275
4.52932 0.103176
4.62932 0.107007
4.72932 0.0917442
4.82932 0.0515991
4.92932 0.0226115
5.02932 0.00959147
5.12932 0.0969131
5.22932 0.163182
5.32932 0.180465
5.42932 0.177055
5.52932 0.0652767
5.62932 -0.00571634
5.72932 -0.0522354
5.82932 -0.0443041
5.92932 -0.0682704
6.02932 -0.0485491
6.12932 0.0302407
6.22932 0.0883971
6.32932 0.10653
6.42932 0.160135
6.52932 0.246511
6.62932 0.28403
6.72932 0.260329
6.82932 0.285038
6.92932 0.381798
7.02932 0.440849
7.12932 0.347798
7.22932 0.204095
7.32932 0.0690673
7.42932 -0.0905457
7.52932 -0.282948
7.62932 -0.480832
7.72932 -0.485857
7.82932 -0.467155
7.92932 -0.393711
8.02932 -0.295704
8.12932 -0.147826
8.22932 0.00899709
8.32932 0.147782
8.42932 0.321693
8.52932 0.454795
8.62932 0.508605
8.72932 0.564566
8.82932 0.614491
8.92932 0.631008
9.02932 0.605731
9.12932 0.611675
9.22932 0.631447
9.32932 0.606353
9.42932 0.605865
9.52932 0.546375
9.62932 0.402505
9.72932 0.19165
9.82932 -0.0433369
9.92932 -0.253562
10.0293 -0.331133
10.1293 -0.339892
10.2293 -0.349149
10.3293 -0.260263
10.4293 -0.107789
10.5293 0.0336661
10.6293 0.183174
10.7293 0.209936
10.8293 0.21193
10.9293 0.103663
11.0293 -0.00616212
11.1293 -0.0224275
11.2293 0.0269037
11.3293 0.077513
11.4293 0.0772316
11.5293 0.0773052
11.6293 0.0699089
11.7293 0.0660643
11.8293 0.129503
11.9293 0.159704
12.0293 0.14423
12.1293 0.134402
12.2293 0.221059
12.3293 0.344444
12.4293 0.514103
12.5293 0.60052
12.6293 0.711037
12.7293 0.751905
12.8293 0.745956
12.9293 0.782529
13.0293 0.71437
13.1293 0.50103
13.2293 0.326075
13.3293 0.237653
13.4293 0.194177
13.5293 0.0927194
13.6293 0.0267635
13.7293 -0.0510489
13.8293 -0.0105466
13.9293 0.0643903
14.0293 0.107678
14.1293 0.223503
14.2293 0.242904
14.3293 0.250364
14.4293 0.270049
14.5293 0.315676
14.6293 0.437238
14.7293 0.566149
14.8293 0.712847
14.9293 0.735473
15.0293 0.599221
15.1293 0.397796
15.2293 0.295752
15.3293 0.187123
15.4293 0.141968
15.5293 -0.0974852
15.6293 -0.287837
15.7293 -0.460027
15.8293 -0.5318
15.9293 -0.483029
16.0293 -0.333402
16.1293 -0.119873
16.2293 0.0263295
16.3293 0.075669
16.4293 0.0726097
16.5293 -0.00129207
16.6293 0.00589227
16.7293 -0.0699642
16.8293 -0.10538
16.9293 -0.0574952
17.0293 0.0665087
17.1293 0.187182
17.2293 0.324388
17.3293 0.458036
17.4293 0.709691
17.5293 0.93382
17.6293 1.08181
17.7293 1.07469
17.8293 0.976027
17.9293 0.813761
18.0293 0.795707
18.1293 0.836506
18.2293 0.811753
18.3293 0.695203
18.4293 0.617714
18.5293 0.596884
18.6293 0.558316
18.7293 0.49453
18.8293 0.337517
18.9293 0.171806
19.0293 0.05896
19.1293 0.0112605
19.2293 -0.0807481
19.3293 -0.139859
19.4293 -0.189433
19.5293 -0.138205
19.6293 -0.10615
19.7293 0.00660693
19.8293 0.0919536
19.9293 0.167578
20.0293 0.253757
20.1293 0.371296
20.2293 0.449592
20.3293 0.5102
20.4293 0.51399
20.5293 0.431253
20.6293 0.246216
20.7293 0.0578008
20.8293 -0.0338038
20.9293 -0.0177145
21.0293 0.0169328
21.1293 0.029973
21.2293 0.101883
21.3293 0.177357
21.4293 0.120688
21.5293 0.114972
21.6293 0.125665
21.7293 0.155318
21.8293 0.239859
21.9293 0.236972
22.0293 0.241947
22.1293 0.233447
22.2293 0.226238
22.3293 0.255599
22.4293 0.320872
22.5293 0.39588
22.6293 0.455291
22.7293 0.557207
22.8293 0.673127
22.9293 0.741542
23.0293 0.805447
23.1293 0.801675
23.2293 0.759892
23.3293 0.772746
23.4293 0.776235
23.5293 0.750595
23.6293 0.666585
23.7293 0.519262
23.8293 0.416294
23.9293 0.289731
24.0293 0.24982
24.1293 0.224957
24.2293 0.213873
24.3293 0.288162
24.4293 0.418007
24.5293 0.398391
24.6293 0.348018
24.7293 0.271158
24.8293 0.0914128
24.9293 -0.0910499
25.0293 -0.2677
25.1293 -0.432612
25.2293 -0.546839
25.3293 -0.596197
25.4293 -0.51585
25.5293 -0.294841
25.6293 -0.0430488
25.7293 0.198896
25.8293 0.417211
25.9293 0.689155
26.0293 0.969409
26.1293 1.1934
26.2293 1.37574
26.3293 1.41208
26.4293 1.33793
26.5293 1.17192
26.6293 0.909467
26.7293 0.610457
26.8293 0.347473
26.9293 0.126472
27.0293 -0.0391837
27.1293 -0.159556
27.2293 -0.224412
27.3293 -0.275512
27.4293 -0.239684
27.5293 -0.179596
27.6293 -0.200417
27.7293 -0.122864
27.8293 0.0166091
27.9293 0.278518
28.0293 0.599026
28.1293 0.888767
28.2293 1.09537
28.3293 1.19689
28.4293 1.28434
28.5293 1.31674
28.6293 1.25976
28.7293 1.14404
28.8293 0.9579
28.9293 0.690246
29.0293 0.410361
29.1293 0.213213
29.2293 0.0723145
29.3293 -0.0401482
29.4293 -0.109703
29.5293 -0.13514
29.6293 -0.13892
29.7293 -0.14052
29.8293 -0.223717
29.9293 -0.360768
30.0293 -0.515983
30.1293 -0.59114
30.2293 -0.538203
30.3293 -0.365262
30.4293 -0.139009
30.5293 0.112941
30.6293 0.364655
30.7293 0.656923
30.8293 0.936678
30.9293 1.16024
31.0293 1.28041
31.1293 1.30493
31.2293 1.20957
31.3293 1.06383
31.4293 0.962872
31.5293 0.896209
31.6293 0.825064
31.7293 0.740842
31.8293 0.634195
31.9293 0.50414
32.0293 0.40227
32.1293 0.370495
32.2293 0.362036
32.3293 0.383351
32.4293 0.414123
32.5293 0.435043
32.6293 0.451996
32.7293 0.414758
32.8293 0.333528
32.9293 0.228726
33.0293 0.100178
33.1293 -0.0240505
33.2293 -0.122007
33.3293 -0.202823
33.4293 -0.221263
33.5293 -0.145598
33.6293 0.00354146
33.7293 0.277742
33.8293 0.585221
33.9293 0.84005
34.0293 0.970206
34.1293 0.937042
34.2293 0.801176
34.3293 0.627291
34.4293 0.378212
34.5293 0.0752499
34.6293 -0.20372
34.7293 -0.385025
34.8293 -0.458497
34.9293 -0.467605
35.0293 -0.445131
35.1293 -0.391354
35.2293 -0.254261
35.3293 -0.100388
35.4293 0.0118255
35.5293 0.165605
35.6293 0.421709
35.7293 0.772639
35.8293 1.08031
35.9293 1.31602
36.0293 1.46902
36.1293 1.55706
36.2293 1.63828
36.3293 1.7021
36.4293 1.6644
36.5293 1.5184
36.6293 1.28858
36.7293 1.01778
36.8293 0.772788
36.9293 0.565744
37.0293 0.364108
37.1293 0.187588
37.2293 -0.0185152
37.3293 -0.252376
37.4293 -0.447641
37.5293 -0.542196
37.6293 -0.540181
37.7293 -0.513807
37.8293 -0.467657
37.9293 -0.419935
38.0293 -0.36015
38.1293 -0.282571
38.2293 -0.184084
38.3293 -0.0247635
38.4293 0.216574
38.5293 0.485167
38.6293 0.718805
38.7293 0.885831
38.8293 1.00415
38.9293 1.06923
39.0293 1.12105
39.1293 1.12295
39.2293 1.01068
39.3293 0.900722
39.4293 0.803566
39.5293 0.762331
39.6293 0.810733
39.7293 0.875486
39.8293 0.907885
39.9293 0.830591
40.0293 0.552668
40.1293 -0.0233233
40.2293 -0.877651
40.3293 -2.09507
40.4293 -3.61848
40.5293 -5.11587
40.6293 -6.11288
40.7293 -6.01264
40.8293 -4.38234
40.9293 -1.1373
41.0293 3.63561
41.1293 9.92323
41.2293 17.2215
41.3293 23.865
41.4293 27.4648
41.5293 25.8778
41.6293 17.4892
41.7293 0.39212
41.8293 -25.22
41.9293 -54.5435
42.0293 -79.2866
42.1293 -91.4552
42.2293 -87.5878
42.3293 -69.6079
42.4293 -40.505
42.5293 -3.87698
42.6293 36.2247
42.7293 75.5923
42.8293 107.699
42.9293 126.183
43.0293 127.077
43.1293 105.274
43.2293 59.7305
43.3293 2.3369
43.4293 -50.7409
43.5293 -88.7436
43.6293 -110.914
43.7293 -118.749
43.8293 -113.451
43.9293 -99.3669
44.0293 -80.9868
44.1293 -60.9425
44.2293 -40.2107
44.3293 -18.9674
44.4293 2.61336
44.5293 24.3739
44.6293 45.9826
44.7293 66.0538
44.8293 81.8839
44.9293 90.2661
45.0293 89.5131
45.1293 81.1169
45.2293 68.2627
45.3293 53.649
45.4293 38.4794
45.5293 22.7819
45.6293 6.23555
45.7293 -11.382
45.8293 -29.6525
45.9293 -46.7995
46.0293 -59.9756
46.1293 -67.2491
46.2293 -68.4079
46.3293 -65.0054
46.4293 -59.1964
46.5293 -52.5501
46.6293 -45.6267
46.7293 -38.2027
46.8293 -29.8923
46.9293 -20.4106
47.0293 -9.84391
47.1293 1.14906
47.2293 11.6786
47.3293 21.13
47.4293 29.1484
47.5293 35.6135
47.6293 40.5773
47.7293 44.1817
47.8293 46.4042
47.9293 47.0244
48.0293 45.6473
48.1293 41.9628
48.2293 36.1036
48.3293 28.7566
48.4293 20.9174
48.5293 13.174
48.6293 5.90337
48.7293 -0.908326
48.8293 -7.59724
48.9293 -14.3021
49.0293 -20.8997
49.1293 -26.9295
49.2293 -31.7145
49.3293 -34.7986
49.4293 -35.9855
49.5293 -35.5994
49.6293 -34.2131
49.7293 -32.3259
49.8293 -30.1236
49.9293 -27.5245
50.0293 -24.2999
50.1293 -20.2234
50.2293 -15.3856
50.3293 -10.1655
50.4293 -4.9613
50.5293 -0.077741
50.6293 4.28851
50.7293 8.15894
50.8293 11.7115
50.9293 15.1874
51.0293 18.6424
51.1293 21.8201
51.2293 24.3511
51.3293 25.9054
51.4293 26.4132
51.5293 26.0318
51.6293 24.9915
51.7293 23.4445
51.8293 21.5537
51.9293 19.3436
52.0293 16.711
52.1293 13.6189
52.2293 10.096
52.3293 6.29568
52.4293 2.39439
52.5293 -1.49195
52.6293 -5.22926
52.7293 -8.85781
52.8293 -12.3662
52.9293 -15.6586
53.0293 -18.6482
53.1293 -21.1696
53.2293 -22.9411
53.3293 -23.7322
53.4293 -23.6066
53.5293 -22.7375
53.6293 -21.5271
53.7293 -20.2912
53.8293 -19.0685
53.9293 -17.8311
54.0293 -16.3798
54.1293 -14.3764
54.2293 -11.5812
54.3293 -7.94668
54.4293 -3.71141
54.5293 0.844173
54.6293 5.48597
54.7293 9.91391
54.8293 13.8199
54.9293 16.8698
55.0293 18.7985
55.1293 19.4821
55.2293 18.9653
55.3293 17.5212
55.4293 15.5915
55.5293 13.5421
55.6293 11.7637
55.7293 10.562
55.8293 9.96824
55.9293 9.84819
56.0293 9.95901
56.1293 9.99129
56.2293 9.78443
56.3293 9.35798
56.4293 8.73707
56.5293 7.9448
56.6293 6.82371
56.7293 5.21319
56.8293 3.07037
56.9293 0.338531
57.0293 -2.886
57.1293 -6.35341
57.2293 -9.83947
57.3293 -13.1025
57.4293 -15.9891
57.5293 -18.402
57.6293 -20.2657
57.7293 -21.559
57.8293 -22.2578
57.9293 -22.3187
58.0293 -21.6591
58.1293 -20.2175
58.2293 -18.0281
58.3293 -15.2837
58.4293 -12.2111
58.5293 -9.02271
58.6293 -5.82471
58.7293 -2.61951
58.8293 0.403506
58.9293 3.16769
59.0293 5.62447
59.1293 7.74244
59.2293 9.5049
59.3293 10.8631
59.4293 11.8689
59.5293 12.6613
59.6293 13.3587
59.7293 14.0553
59.8293 14.8421
59.9293 15.6344
60.0293 16.3371
60.1293 16.7711
60.2293 16.7631
60.3293 16.1536
60.4293 14.8912
60.5293 13.0046
60.6293 10.566
60.7293 7.77759
60.8293 4.96259
60.9293 2.33397
61.0293 -0.0146208
61.1293 -2.11723
61.2293 -4.06042
61.3293 -5.77551
61.4293 -7.27955
61.5293 -8.55733
61.6293 -9.6691
61.7293 -10.6604
61.8293 -11.4391
61.9293 -11.9599
62.0293 -12.1509
62.1293 -11.9776
62.2293 -11.4996
62.3293 -10.769
62.4293 -9.80061
62.5293 -8.7288
62.6293 -7.75922
62.7293 -7.06954
62.8293 -6.65897
62.9293 -6.43661
63.0293 -6.24744
63.1293 -5.929
63.2293 -5.38011
63.3293 -4.53361
63.4293 -3.38151
63.5293 -2.03272
63.6293 -0.563599
63.7293 0.975295
63.8293 2.42851
63.9293 3.76048
64.0293 5.00525
64.1293 6.14828
64.2293 7.25556
64.3293 8.36853
64.4293 9.44487
64.5293 10.4764
64.6293 11.4387
64.7293 12.165
64.8293 12.4861
64.9293 12.4111
65.0293 12.0032
65.1293 11.2612
65.2293 10.2616
65.3293 9.21328
65.4293 8.20664
65.5293 7.20356
65.6293 6.14783
65.7293 5.05357
65.8293 3.83186
65.9293 2.48986
66.0293 1.17204
66.1293 -0.0974491
66.2293 -1.35184
66.3293 -2.66491
66.4293 -3.99218
66.5293 -5.32321
66.6293 -6.66358
66.7293 -8.03343
66.8293 -9.4036
66.9293 -10.6312
67.0293 -11.5721
67.1293 -12.125
67.2293 -12.3215
67.3293 -12.1669
67.4293 -11.6713
67.5293 -10.8759
67.6293 -9.84081
67.7293 -8.61191
67.8293 -7.3232
67.9293 -6.0151
68.0293 -4.64327
68.1293 -3.26586
68.2293 -1.99
68.3293 -0.867242
68.4293 0.131299
68.5293 1.09832
68.6293 2.11928
68.7293 3.28843
68.8293 4.47516
68.9293 5.61497
69.0293 6.64494
69.1293 7.44933
69.2293 7.97583
69.3293 8.19701
69.4293 8.16327
69.5293 7.98801
69.6293 7.8727
69.7293 7.83177
69.8293 7.8422
69.9293 7.83153
70.0293 7.73239
70.1293 7.49402
70.2293 7.12185
70.3293 6.60324
70.4293 5.98016
70.5293 5.25325
70.6293 4.4278
70.7293 3.40953
70.8293 2.26065
70.9293 1.16101
71.0293 0.193502
71.1293 -0.676855
71.2293 -1.48713
71.3293 -2.22686
71.4293 -2.80461
71.5293 -3.14978
71.6293 -3.35526
71.7293 -3.53382
71.8293 -3.77498
71.9293 -4.02781
72.0293 -4.22708
72.1293 -4.41117
72.2293 -4.63786
72.3293 -4.84015
72.4293 -5.0369
72.5293 -5.2494
72.6293 -5.44598
72.7293 -5.62229
72.8293 -5.75995
72.9293 -5.84832
73.0293 -5.89438
73.1293 -5.89525
73.2293 -5.79711
73.3293 -5.51866
73.4293 -5.01499
73.5293 -4.30246
73.6293 -3.46406
73.7293 -2.48683
73.8293 -1.34952
73.9293 -0.135865
74.0293 1.08525
74.1293 2.26769
74.2293 3.40133
74.3293 4.48284
74.4293 5.43255
74.5293 6.21366
74.6293 6.91369
74.7293 7.51621
74.8293 7.9134
74.9293 8.12835
75.0293 8.2395
75.1293 8.22593
75.2293 8.03827
75.3293 7.5849
75.4293 6.82724
75.5293 5.9441
75.6293 5.04931
75.7293 4.16793
75.8293 3.46398
75.9293 3.05285
76.0293 2.97846
76.1293 3.31756
76.2293 3.97456
76.3293 4.55872
76.4293 4.58996
76.5293 3.78087
76.6293 1.97339
76.7293 -0.736044
76.8293 -4.14289
76.9293 -7.79686
77.0293 -10.9316
77.1293 -12.8744
77.2293 -13.2026
77.3293 -11.9097
77.4293 -9.2766
77.5293 -5.84534
77.6293 -2.33991
77.7293 0.627806
77.8293 2.60145
77.9293 3.36946
78.0293 2.98441
78.1293 1.68583
78.2293 -0.165015
78.3293 -2.19071
78.4293 -4.04968
78.5293 -5.58438
78.6293 -6.70367
78.7293 -7.31898
78.8293 -7.38987
78.9293 -6.84477
79.0293 -5.78426
79.1293 -4.3679
79.2293 -2.67269
79.3293 -0.822547
79.4293 1.02969
79.5293 2.64595
79.6293 3.93191
79.7293 4.9229
79.8293 5.71906
79.9293 6.3091
80.0293 6.81438
80.1293 7.28889
80.2293 7.63746
80.3293 7.8719
80.4293 7.9941
80.5293 7.95728
80.6293 7.73334
80.7293 7.2998
80.8293 6.65537
80.9293 5.8744
81.0293 4.95217
81.1293 3.90021
81.2293 2.78441
81.3293 1.69269
81.4293 0.834485
81.5293 0.286944
81.6293 0.0220465
81.7293 -0.129343
81.8293 -0.237147
81.9293 -0.442866
82.0293 -0.838368
82.1293 -1.46129
82.2293 -2.23881
82.3293 -3.06583
82.4293 -3.79459
82.5293 -4.3517
82.6293 -4.678
82.7293 -4.65254
82.8293 -4.2497
82.9293 -3.70753
83.0293 -3.19326
83.1293 -2.80593
83.2293 -2.65249
83.3293 -2.75031
83.4293 -3.04151
83.5293 -3.41429
83.6293 -3.78879
83.7293 -4.04426
83.8293 -4.11377
83.9293 -3.92055
84.0293 -3.38335
84.1293 -2.53601
84.2293 -1.50643
84.3293 -0.507788
84.4293 0.401232
84.5293 1.21361
84.6293 1.90923
84.7293 2.5245
84.8293 3.02518
84.9293 3.33849
85.0293 3.40129
85.1293 3.31063
85.2293 3.19798
85.3293 3.03641
85.4293 2.90033
85.5293 2.85632
85.6293 2.85575
85.7293 2.9181
85.8293 3.01492
85.9293 3.1172
86.0293 3.19193
86.1293 3.1979
86.2293 3.25698
86.3293 3.35593
86.4293 3.41555
86.5293 3.44033
86.6293 3.43871
86.7293 3.35281
86.8293 3.1815
86.9293 2.88257
87.0293 2.46895
87.1293 2.01316
87.2293 1.60523
87.3293 1.29479
87.4293 1.01063
87.5293 0.700584
87.6293 0.371489
87.7293 0.01884
87.8293 -0.383131
87.9293 -0.909269
88.0293 -1.52642
88.1293 -2.21114
88.2293 -2.8578
88.3293 -3.39308
88.4293 -3.81349
88.5293 -4.13694
88.6293 -4.36955
88.7293 -4.46895
88.8293 -4.49764
88.9293 -4.44962
89.0293 -4.35423
89.1293 -4.2815
89.2293 -4.18911
89.3293 -3.94862
89.4293 -3.49491
89.5293 -2.88794
89.6293 -2.20236
89.7293 -1.45019
89.8293 -0.662356
89.9293 0.106672
90.0293 0.783211
90.1293 1.30746
90.2293 1.73024
90.3293 2.10617
90.4293 2.46073
90.5293 2.74317
90.6293 2.92288
90.7293 3.08308
90.8293 3.30092
90.9293 3.49144
91.0293 3.61875
91.1293 3.71943
91.2293 3.83069
91.3293 3.94138
91.4293 4.00747
91.5293 4.08257
91.6293 4.12696
91.7293 4.08305
91.8293 3.91018
91.9293 3.70302
92.0293 3.47316
92.1293 3.23748
92.2293 2.97267
92.3293 2.55662
92.4293 2.04673
92.5293 1.4683
92.6293 0.903987
92.7293 0.269704
92.8293 -0.409164
92.9293 -1.11481
93.0293 -1.80409
93.1293 -2.3769
93.2293 -2.79668
93.3293 -3.07439
93.4293 -3.15791
93.5293 -3.10249
93.6293 -2.93054
93.7293 -2.6611
93.8293 -2.45228
93.9293 -2.33753
94.0293 -2.30523
94.1293 -2.25698
94.2293 -2.23718
94.3293 -2.08546
94.4293 -1.84986
94.5293 -1.58788
94.6293 -1.35693
94.7293 -1.16766
94.8293 -0.995104
94.9293 -0.873103
95.0293 -0.756232
95.1293 -0.651606
95.2293 -0.415816
95.3293 -0.103028
95.4293 0.337504
95.5293 0.886756
95.6293 1.28177
95.7293 1.52924
95.8293 1.70542
95.9293 1.78533
96.0293 1.81344
96.1293 1.80808
96.2293 1.84612
96.3293 1.90651
96.4293 2.01647
96.5293 2.10294
96.6293 2.12728
96.7293 2.10934
96.8293 1.93869
96.9293 1.71302
97.0293 1.63835
97.1293 1.72653
97.2293 1.91232
97.3293 2.05031
