-5.26889 0.263584
-5.16889 0.212698
-5.06889 0.211697
-4.96889 0.216814
-4.86889 0.18765
-4.76889 0.16887
-4.66889 0.0931434
-4.56889 0.0949691
-4.46889 0.137523
-4.36889 0.160672
-4.26889 0.143996
-4.16889 0.0865629
-4.06889 0.074787
-3.96889 0.102581
-3.86889 0.0846731
-3.76889 0.023667
-3.66889 -0.0176227
-3.56889 -0.109181
-3.46889 -0.201472
-3.36889 -0.192205
-3.26889 -0.176282
-3.16889 -0.117683
-3.06889 -0.0509844
-2.96889 0.0253087
-2.86889 0.0461222
-2.76889 0.0392694
-2.66889 0.029749
-2.56889 0.0250466
-2.46889 0.0295831
-2.36889 0.0562858
-2.26889 0.0708688
-2.16889 0.118093
-2.06889 0.187037
-1.96889 0.256725
-1.86889 0.291431
-1.76889 0.250908
-1.66889 0.194223
-1.56889 0.139857
-1.46889 0.107663
-1.36889 0.196402
-1.26889 0.327917
-1.16889 0.411321
-1.06889 0.450488
-0.96889 0.44212
-0.86889 0.405661
-0.76889 0.328912
-0.66889 0.24932
-0.56889 0.182646
-0.46889 0.155546
-0.36889 0.154135
-0.26889 0.167879
-0.16889 0.172831
-0.06889 0.172032
0.03111 0.148964
0.13111 0.149715
0.23111 0.0809508
0.33111 -0.00605546
0.43111 -0.0825281
0.53111 -0.0558165
0.63111 -0.00327971
0.73111 0.0706733
0.83111 0.0925702
0.93111 0.081569
1.03111 0.0962153
1.13111 0.0894494
1.23111 0.128548
1.33111 0.205505
1.43111 0.223582
1.53111 0.222012
1.63111 0.261704
1.73111 0.284009
1.83111 0.174026
1.93111 0.0279098
2.03111 -0.0779522
2.13111 -0.0963345
2.23111 -0.0431112
2.33111 0.0780392
2.43111 0.120123
2.53111 0.0632541
2.63111 -0.0153114
2.73111 -0.104946
2.83111 -0.169286
2.93111 -0.170667
3.03111 -0.13436
3.13111 -0.0696976
3.23111 0.0725743
3.33111 0.270677
3.43111 0.450226
3.53111 0.572964
3.63111 0.635746
3.73111 0.696442
3.83111 0.754132
3.93111 0.786732
4.03111 0.747891
4.13111 0.697701
4.23111 0.648141
4.33111 0.586205
4.43111 0.50322
4.53111 0.464247
4.63111 0.465359
4.73111 0.448185
4.83111 0.413389
4.93111 0.340993
5.03111 0.234848
5.13111 0.134041
5.23111 -0.0466649
5.33111 -0.254357
5.43111 -0.394277
5.53111 -0.485866
5.63111 -0.48676
5.73111 -0.493172
5.83111 -0.445971
5.93111 -0.36399
6.03111 -0.309492
6.13111 -0.269925
6.23111 -0.181073
6.33111 -0.0680194
6.43111 0.13313
6.53111 0.340953
6.63111 0.526414
6.73111 0.650237
6.83111 0.70656
6.93111 0.686476
7.03111 0.619267
7.13111 0.493517
7.23111 0.317264
7.33111 0.0674467
7.43111 -0.132684
7.53111 -0.288483
7.63111 -0.360685
7.73111 -0.322985
7.83111 -0.256174
7.93111 -0.153471
8.03111 0.00806439
8.13111 0.194013
8.23111 0.33667
8.33111 0.484328
8.43111 0.572105
8.53111 0.658387
8.63111 0.731996
8.73111 0.718123
8.83111 0.6775
8.93111 0.639124
9.03111 0.659018
9.13111 0.679629
9.23111 0.635968
9.33111 0.586358
9.43111 0.566072
9.53111 0.52584
9.63111 0.489903
9.73111 0.28149
9.83111 0.0233708
9.93111 -0.156361
10.0311 -0.169018
10.1311 -0.104972
10.2311 -0.0819081
10.3311 -0.107096
10.4311 -0.135103
10.5311 -0.186676
10.6311 -0.243696
10.7311 -0.317288
10.8311 -0.420269
10.9311 -0.478477
11.0311 -0.460167
11.1311 -0.412695
11.2311 -0.318551
11.3311 -0.109264
11.4311 0.135325
11.5311 0.321788
11.6311 0.46305
11.7311 0.568676
11.8311 0.602741
11.9311 0.556189
12.0311 0.475365
12.1311 0.395526
12.2311 0.309992
12.3311 0.265421
12.4311 0.246054
12.5311 0.22931
12.6311 0.199806
12.7311 0.170966
12.8311 0.127506
12.9311 0.133378
13.0311 0.185808
13.1311 0.165825
13.2311 0.10569
13.3311 0.0486227
13.4311 0.0649111
13.5311 0.145366
13.6311 0.230342
13.7311 0.31012
13.8311 0.375216
13.9311 0.438432
14.0311 0.498565
14.1311 0.550217
14.2311 0.551728
14.3311 0.440903
14.4311 0.264785
14.5311 0.124778
14.6311 0.0633983
14.7311 0.073027
14.8311 0.151969
14.9311 0.29918
15.0311 0.472935
15.1311 0.627776
15.2311 0.737455
15.3311 0.685175
15.4311 0.475376
15.5311 0.185093
15.6311 -0.118033
15.7311 -0.36488
15.8311 -0.503722
15.9311 -0.568334
16.0311 -0.610751
16.1311 -0.636596
16.2311 -0.680758
16.3311 -0.706331
16.4311 -0.611916
16.5311 -0.402453
16.6311 -0.180178
16.7311 0.0543925
16.8311 0.313899
16.9311 0.557406
17.0311 0.716233
17.1311 0.774363
17.2311 0.742662
17.3311 0.648642
17.4311 0.56075
17.5311 0.461324
17.6311 0.369796
17.7311 0.234728
17.8311 0.0856264
17.9311 -0.00329593
18.0311 0.00764891
18.1311 0.0795623
18.2311 0.160821
18.3311 0.27832
18.4311 0.39456
18.5311 0.520334
18.6311 0.629942
18.7311 0.607224
18.8311 0.442567
18.9311 0.219371
19.0311 0.080673
19.1311 0.0526887
19.2311 0.0609531
19.3311 0.0787996
19.4311 0.0940265
19.5311 0.151945
19.6311 0.256742
19.7311 0.367901
19.8311 0.437155
19.9311 0.466187
20.0311 0.450978
20.1311 0.38699
20.2311 0.26493
20.3311 0.0563744
20.4311 -0.220841
20.5311 -0.503289
20.6311 -0.717793
20.7311 -0.847127
20.8311 -0.905954
20.9311 -0.872609
21.0311 -0.758232
21.1311 -0.517322
21.2311 -0.164529
21.3311 0.230592
21.4311 0.579625
21.5311 0.850339
21.6311 1.00361
21.7311 1.05854
21.8311 1.03454
21.9311 0.934788
22.0311 0.826783
22.1311 0.749771
22.2311 0.724278
22.3311 0.721738
22.4311 0.706167
22.5311 0.621201
22.6311 0.458302
22.7311 0.267187
22.8311 0.0630383
22.9311 -0.194331
23.0311 -0.473928
23.1311 -0.655485
23.2311 -0.753649
23.3311 -0.788667
23.4311 -0.714814
23.5311 -0.521433
23.6311 -0.287138
23.7311 -0.0805698
23.8311 0.0977764
23.9311 0.265747
24.0311 0.439176
24.1311 0.604464
24.2311 0.712434
24.3311 0.744078
24.4311 0.686129
24.5311 0.637809
24.6311 0.593684
24.7311 0.505359
24.8311 0.396743
24.9311 0.279123
25.0311 0.215804
25.1311 0.183523
25.2311 0.162135
25.3311 0.0884301
25.4311 0.0132002
25.5311 0.0261852
25.6311 0.127167
25.7311 0.279493
25.8311 0.44293
25.9311 0.552056
26.0311 0.522164
26.1311 0.226328
26.2311 -0.470455
26.3311 -1.62502
26.4311 -3.23248
26.5311 -4.97098
26.6311 -6.30209
26.7311 -6.56176
26.8311 -5.36018
26.9311 -2.51077
27.0311 2.2504
27.1311 9.19871
27.2311 17.4589
27.3311 24.7159
27.4311 28.4598
27.5311 27.1709
27.6311 19.512
27.7311 3.27827
27.8311 -22.2919
27.9311 -51.7095
28.0311 -74.6375
28.1311 -83.8547
28.2311 -78.8202
28.3311 -62.0087
28.4311 -33.9423
28.5311 2.56071
28.6311 41.6261
28.7311 75.7916
28.8311 98.6687
28.9311 107.967
29.0311 102.237
29.1311 77.4785
29.2311 38.8184
29.3311 -1.59337
29.4311 -33.7633
29.5311 -55.8249
29.6311 -69.1983
29.7311 -75.4569
29.8311 -75.5793
29.9311 -71.0548
30.0311 -63.1807
30.1311 -52.6851
30.2311 -39.889
30.3311 -24.8903
30.4311 -8.18152
30.5311 8.76472
30.6311 23.9971
30.7311 36.292
30.8311 45.0713
30.9311 50.0614
31.0311 51.5454
31.1311 50.6464
31.2311 48.2856
31.3311 44.5507
31.4311 39.1386
31.5311 31.7275
31.6311 21.9472
31.7311 9.93114
31.8311 -2.80092
31.9311 -14.1001
32.0311 -22.7732
32.1311 -29.0971
32.2311 -33.6805
32.3311 -37.1131
32.4311 -39.9347
32.5311 -42.1671
32.6311 -43.145
32.7311 -41.989
32.8311 -38.156
32.9311 -31.6717
33.0311 -23.3352
33.1311 -14.5069
33.2311 -6.3934
33.3311 0.592506
33.4311 6.79822
33.5311 12.5548
33.6311 18.0368
33.7311 23.1985
33.8311 27.7007
33.9311 30.9898
34.0311 32.5856
34.1311 32.337
34.2311 30.5565
34.3311 27.8569
34.4311 24.8479
34.5311 21.7574
34.6311 18.4961
34.7311 14.8231
34.8311 10.4341
34.9311 5.34451
35.0311 -0.0507495
35.1311 -5.22658
35.2311 -9.7821
35.3311 -13.5898
35.4311 -16.7558
35.5311 -19.4744
35.6311 -21.8717
35.7311 -23.8683
35.8311 -25.2046
35.9311 -25.6364
36.0311 -25.007
36.1311 -23.3503
36.2311 -20.9852
36.3311 -18.3606
36.4311 -15.6933
36.5311 -12.9133
36.6311 -9.88665
36.7311 -6.506
36.8311 -2.79235
36.9311 1.03558
37.0311 4.68444
37.1311 7.94502
37.2311 10.7488
37.3311 13.1182
37.4311 15.1502
37.5311 16.864
37.6311 18.2325
37.7311 19.1266
37.8311 19.4372
37.9311 19.0608
38.0311 18.0576
38.1311 16.6262
38.2311 14.983
38.3311 13.2717
38.4311 11.4675
38.5311 9.47944
38.6311 7.15973
38.7311 4.54823
38.8311 1.81865
38.9311 -0.912293
39.0311 -3.43557
39.1311 -5.65396
39.2311 -7.49267
39.3311 -8.98572
39.4311 -10.3073
39.5311 -11.6081
39.6311 -12.9449
39.7311 -14.2308
39.8311 -15.3147
39.9311 -16.1814
40.0311 -16.785
40.1311 -17.055
40.2311 -16.7884
40.3311 -15.7186
40.4311 -13.7287
40.5311 -10.9327
40.6311 -7.53278
40.7311 -3.89119
40.8311 -0.466776
40.9311 2.30393
41.0311 4.16969
41.1311 5.16075
41.2311 5.43518
41.3311 5.3468
41.4311 5.25986
41.5311 5.42857
41.6311 5.92731
41.7311 6.74594
41.8311 7.80993
41.9311 8.99711
42.0311 10.0934
42.1311 11.0419
42.2311 11.8951
42.3311 12.6844
42.4311 13.3782
42.5311 13.8858
42.6311 14.0254
42.7311 13.6312
42.8311 12.5813
42.9311 10.8939
43.0311 8.68452
43.1311 6.12665
43.2311 3.3666
43.3311 0.550362
43.4311 -2.28664
43.5311 -5.09094
43.6311 -7.70368
43.7311 -10.0125
43.8311 -12.0221
43.9311 -13.681
44.0311 -14.9271
44.1311 -15.7045
44.2311 -15.9753
44.3311 -15.7492
44.4311 -15.0662
44.5311 -13.9793
44.6311 -12.5607
44.7311 -10.9429
44.8311 -9.22405
44.9311 -7.40959
45.0311 -5.54645
45.1311 -3.841
45.2311 -2.43365
45.3311 -1.31737
45.4311 -0.347172
45.5311 0.699727
45.6311 1.97737
45.7311 3.55699
45.8311 5.41765
45.9311 7.36687
46.0311 9.13004
46.1311 10.5452
46.2311 11.5725
46.3311 12.0761
46.4311 12.039
46.5311 11.5092
46.6311 10.5916
46.7311 9.55382
46.8311 8.57557
46.9311 7.66807
47.0311 6.80311
47.1311 5.99135
47.2311 5.19557
47.3311 4.3657
47.4311 3.43622
47.5311 2.40779
47.6311 1.30279
47.7311 0.182604
47.8311 -0.91201
47.9311 -1.87788
48.0311 -2.67997
48.1311 -3.32173
48.2311 -3.7497
48.3311 -3.96853
48.4311 -4.11151
48.5311 -4.29941
48.6311 -4.5903
48.7311 -5.08362
48.8311 -5.7812
48.9311 -6.5215
49.0311 -7.23897
49.1311 -7.78539
49.2311 -8.04699
49.3311 -7.98462
49.4311 -7.60006
49.5311 -6.98803
49.6311 -6.25555
49.7311 -5.5627
49.8311 -4.95759
49.9311 -4.38181
50.0311 -3.74984
50.1311 -3.02548
50.2311 -2.24436
50.3311 -1.34719
50.4311 -0.290727
50.5311 0.943507
50.6311 2.31774
50.7311 3.68698
50.8311 4.84796
50.9311 5.66725
51.0311 6.16995
51.1311 6.51956
51.2311 6.83129
51.3311 7.11904
51.4311 7.3756
51.5311 7.61195
51.6311 7.77711
51.7311 7.82781
51.8311 7.75636
51.9311 7.53871
52.0311 7.11549
52.1311 6.51337
52.2311 5.8427
52.3311 5.14965
52.4311 4.41633
52.5311 3.5664
52.6311 2.59055
52.7311 1.51017
52.8311 0.349449
52.9311 -0.912375
53.0311 -2.22015
53.1311 -3.45284
53.2311 -4.50869
53.3311 -5.38248
53.4311 -6.09653
53.5311 -6.63147
53.6311 -6.97601
53.7311 -7.16556
53.8311 -7.15848
53.9311 -6.93516
54.0311 -6.6314
54.1311 -6.33229
54.2311 -6.03619
54.3311 -5.67017
54.4311 -5.1819
54.5311 -4.59123
54.6311 -3.93564
54.7311 -3.24083
54.8311 -2.48929
54.9311 -1.70031
55.0311 -0.935481
55.1311 -0.234658
55.2311 0.40159
55.3311 0.991672
55.4311 1.52506
55.5311 1.99466
55.6311 2.49442
55.7311 3.01038
55.8311 3.45895
55.9311 3.82199
56.0311 4.11014
56.1311 4.31919
56.2311 4.42541
56.3311 4.41518
56.4311 4.30624
56.5311 4.13126
56.6311 3.88393
56.7311 3.57207
56.8311 3.31206
56.9311 3.15118
57.0311 3.11931
57.1311 3.16646
57.2311 3.22975
57.3311 3.26399
57.4311 3.24883
57.5311 3.21045
57.6311 3.14211
57.7311 3.00493
57.8311 2.74148
57.9311 2.37964
58.0311 1.97838
58.1311 1.55541
58.2311 1.04249
58.3311 0.37721
58.4311 -0.404509
58.5311 -1.23318
58.6311 -2.01289
58.7311 -2.69022
58.8311 -3.30263
58.9311 -3.93252
59.0311 -4.55995
59.1311 -5.04802
59.2311 -5.3462
59.3311 -5.47789
59.4311 -5.51612
59.5311 -5.50086
59.6311 -5.39615
59.7311 -5.1288
59.8311 -4.66482
59.9311 -4.05833
60.0311 -3.41566
60.1311 -2.8263
60.2311 -2.29808
60.3311 -1.80657
60.4311 -1.35355
60.5311 -0.909998
60.6311 -0.460132
60.7311 0.0311272
60.8311 0.560686
60.9311 1.14797
61.0311 1.76695
61.1311 2.33399
61.2311 2.77641
61.3311 3.01334
61.4311 3.08805
61.5311 3.00771
61.6311 2.72206
61.7311 2.41409
61.8311 2.30417
61.9311 2.47853
62.0311 3.06116
62.1311 4.09096
62.2311 5.38815
62.3311 6.68488
62.4311 7.54061
62.5311 7.60613
62.6311 6.73319
62.7311 4.86084
62.8311 2.2561
62.9311 -0.581982
63.0311 -3.04932
63.1311 -4.55276
63.2311 -4.74553
63.3311 -3.6557
63.4311 -1.63151
63.5311 0.813321
63.6311 3.10748
63.7311 4.7936
63.8311 5.5421
63.9311 5.29237
64.0311 4.22153
64.1311 2.61006
64.2311 0.78118
64.3311 -0.993246
64.4311 -2.60289
64.5311 -4.07836
64.6311 -5.40865
64.7311 -6.52067
64.8311 -7.29203
64.9311 -7.67111
65.0311 -7.64616
65.1311 -7.24177
65.2311 -6.51149
65.3311 -5.64628
65.4311 -4.7673
65.5311 -3.91852
65.6311 -3.13409
65.7311 -2.39951
65.8311 -1.66516
65.9311 -0.865352
66.0311 -0.0445314
66.1311 0.696676
66.2311 1.34713
66.3311 1.83752
66.4311 2.08585
66.5311 2.16172
66.6311 2.21845
66.7311 2.33318
66.8311 2.54513
66.9311 2.82514
67.0311 3.13878
67.1311 3.40733
67.2311 3.60647
67.3311 3.80228
67.4311 4.03202
67.5311 4.22298
67.6311 4.35158
67.7311 4.42516
67.8311 4.42056
67.9311 4.22204
68.0311 3.79909
68.1311 3.22369
68.2311 2.52117
68.3311 1.75341
68.4311 0.98232
68.5311 0.363505
68.6311 -0.0237118
68.7311 -0.147766
68.8311 -0.0330142
68.9311 0.214736
69.0311 0.475827
69.1311 0.62089
69.2311 0.550337
69.3311 0.26277
69.4311 -0.236108
69.5311 -0.884052
69.6311 -1.52577
69.7311 -2.03391
69.8311 -2.39647
69.9311 -2.65085
70.0311 -2.77594
70.1311 -2.77197
70.2311 -2.65764
70.3311 -2.51998
70.4311 -2.43418
70.5311 -2.39731
70.6311 -2.35778
70.7311 -2.30845
70.8311 -2.23885
70.9311 -2.19157
71.0311 -2.20209
71.1311 -2.21583
71.2311 -2.18521
71.3311 -2.08546
71.4311 -1.96087
71.5311 -1.83358
71.6311 -1.70931
71.7311 -1.52823
71.8311 -1.23677
71.9311 -0.848686
72.0311 -0.428979
72.1311 0.032204
72.2311 0.564682
72.3311 1.13873
72.4311 1.74195
72.5311 2.30721
72.6311 2.80679
72.7311 3.23025
72.8311 3.53873
72.9311 3.78207
73.0311 4.03038
73.1311 4.246
73.2311 4.35609
73.3311 4.34009
73.4311 4.23862
73.5311 4.08125
73.6311 3.85837
73.7311 3.58085
73.8311 3.26455
73.9311 2.9284
74.0311 2.56557
74.1311 2.12827
74.2311 1.6471
74.3311 1.19275
74.4311 0.776189
74.5311 0.338739
74.6311 -0.123751
74.7311 -0.598222
74.8311 -1.13152
74.9311 -1.71508
75.0311 -2.23721
75.1311 -2.65859
75.2311 -2.95395
75.3311 -3.16111
75.4311 -3.29001
75.5311 -3.35962
75.6311 -3.30465
75.7311 -3.13277
75.8311 -2.91114
75.9311 -2.71053
76.0311 -2.52072
76.1311 -2.28483
76.2311 -2.02404
76.3311 -1.73374
76.4311 -1.49467
76.5311 -1.334
76.6311 -1.22278
76.7311 -1.14566
76.8311 -1.02406
76.9311 -0.834668
77.0311 -0.616481
77.1311 -0.363001
77.2311 -0.0892214
77.3311 0.218184
77.4311 0.520124
77.5311 0.845268
77.6311 1.1991
77.7311 1.59882
77.8311 2.00487
77.9311 2.36537
78.0311 2.61664
78.1311 2.72333
78.2311 2.76429
78.3311 2.83023
78.4311 2.92946
78.5311 2.94749
78.6311 2.86531
78.7311 2.68508
78.8311 2.42029
78.9311 2.17129
79.0311 1.95416
79.1311 1.75813
79.2311 1.56539
79.3311 1.41604
79.4311 1.33237
79.5311 1.28363
79.6311 1.15917
79.7311 0.917148
79.8311 0.577911
79.9311 0.160352
80.0311 -0.363752
80.1311 -0.971367
80.2311 -1.58452
80.3311 -2.11938
80.4311 -2.445
80.5311 -2.53004
80.6311 -2.4623
80.7311 -2.27115
80.8311 -1.94804
80.9311 -1.52384
81.0311 -1.08336
81.1311 -0.662514
81.2311 -0.32161
81.3311 -0.0754412
81.4311 0.101949
81.5311 0.100783
81.6311 0.0312218
81.7311 -0.0615911
81.8311 -0.190107
81.9311 -0.343188
82.0311 -0.457741
82.1311 -0.462475
82.2311 -0.384965
82.3311 -0.290047
82.4311 -0.268556
82.5311 -0.349892
82.6311 -0.490923
82.7311 -0.598325
82.8311 -0.558128
82.9311 -0.502054
83.0311 -0.412792
83.1311 -0.266453
83.2311 -0.0651084
83.3311 0.269343
83.4311 0.640509
83.5311 0.898903
83.6311 1.10385
83.7311 1.292
83.8311 1.447
83.9311 1.58001
84.0311 1.58849
84.1311 1.48492
84.2311 1.28777
84.3311 1.13067
84.4311 1.02952
84.5311 0.918399
84.6311 0.79154
84.7311 0.728073
84.8311 0.734369
84.9311 0.773071
85.0311 0.838825
85.1311 0.865611
85.2311 0.939157
85.3311 0.947209
85.4311 0.815284
85.5311 0.563046
85.6311 0.228469
85.7311 -0.104671
85.8311 -0.378427
85.9311 -0.557077
86.0311 -0.663016
86.1311 -0.709039
86.2311 -0.667305
86.3311 -0.598374
86.4311 -0.491225
86.5311 -0.433469
86.6311 -0.427469
86.7311 -0.416619
86.8311 -0.376394
86.9311 -0.352575
87.0311 -0.278665
87.1311 -0.170522
87.2311 -0.120033
87.3311 -0.0760934
87.4311 -0.100894
87.5311 -0.150429
87.6311 -0.197945
87.7311 -0.222461
87.8311 -0.266023
87.9311 -0.341667
88.0311 -0.393882
88.1311 -0.432894
88.2311 -0.388191
88.3311 -0.35174
88.4311 -0.282808
88.5311 -0.224063
88.6311 -0.104521
88.7311 0.0257884
88.8311 0.160798
88.9311 0.291064
89.0311 0.37065
89.1311 0.440727
89.2311 0.464772
89.3311 0.503415
89.4311 0.552788
89.5311 0.539778
89.6311 0.513722
89.7311 0.539396
89.8311 0.484062
89.9311 0.460229
90.0311 0.472993
90.1311 0.473092
90.2311 0.44104
90.3311 0.467804
90.4311 0.50444
90.5311 0.557414
90.6311 0.54614
90.7311 0.443722
90.8311 0.320852
90.9311 0.26739
91.0311 0.25229
91.1311 0.226183
91.2311 0.1911
91.3311 0.107778
91.4311 0.0519615
91.5311 -0.0044895
91.6311 -0.0456402
91.7311 -0.111603
91.8311 -0.172075
91.9311 -0.225961
92.0311 -0.207921
92.1311 -0.103932
92.2311 -0.0874689
92.3311 -0.0384163
92.4311 -0.0493793
92.5311 -0.140503
92.6311 -0.239101
92.7311 -0.275339
92.8311 -0.25371
92.9311 -0.235449
93.0311 -0.186928
93.1311 -0.126531
93.2311 -0.0971374
93.3311 -0.0463728
93.4311 -0.0532854
93.5311 -0.0942929
93.6311 -0.101162
93.7311 -0.117166
93.8311 -0.147447
93.9311 -0.202129
94.0311 -0.182708
94.1311 -0.137291
94.2311 -0.10717
94.3311 -0.00945823
94.4311 0.102726
94.5311 0.238363
94.6311 0.409302
94.7311 0.470777
94.8311 0.447964
94.9311 0.330682
95.0311 0.206867
95.1311 0.0735504
95.2311 -0.0547898
95.3311 -0.154446
95.4311 -0.194276
95.5311 -0.13461
95.6311 -0.0638643
95.7311 -0.0442807
95.8311 -0.0250025
95.9311 -0.014332
96.0311 0.0136817
96.1311 -0.00166535
96.2311 -0.0308374
96.3311 -0.0109778
96.4311 0.0733738
96.5311 0.156822
96.6311 0.21704
96.7311 0.286676
96.8311 0.345777
96.9311 0.435572
97.0311 0.506681
