-4.0265 0.0623457
-3.9265 0.0537909
-3.8265 0.0521896
-3.7265 0.0315214
-3.6265 0.0336616
-3.5265 0.00163654
-3.4265 -0.0401281
-3.3265 -0.0180757
-3.2265 -0.0464148
-3.1265 -0.0996961
-3.0265 -0.110964
-2.9265 -0.140087
-2.8265 -0.180929
-2.7265 -0.156343
-2.6265 -0.166186
-2.5265 -0.105404
-2.4265 -0.0287488
-2.3265 0.0849359
-2.2265 0.203009
-2.1265 0.278754
-2.0265 0.306481
-1.9265 0.287692
-1.8265 0.223092
-1.7265 0.181033
-1.6265 0.126137
-1.5265 0.116344
-1.4265 0.109873
-1.3265 0.0803383
-1.2265 0.0266386
-1.1265 0.043148
-1.0265 0.0843552
-0.926503 0.154707
-0.826503 0.158043
-0.726503 0.157061
-0.626503 0.106652
-0.526503 0.151526
-0.426503 0.246374
-0.326503 0.259985
-0.226503 0.245328
-0.126503 0.212061
-0.0265031 0.188735
0.0734969 0.194705
0.173497 0.184876
0.273497 0.177164
0.373497 0.121185
0.473497 0.109926
0.573497 0.0450577
0.673497 -0.00116899
0.773497 0.00648708
0.873497 0.0101462
0.973497 0.047913
1.0735 0.122787
1.1735 0.182069
1.2735 0.20824
1.3735 0.238048
1.4735 0.199323
1.5735 0.235637
1.6735 0.282261
1.7735 0.265967
1.8735 0.228899
1.9735 0.204687
2.0735 0.220299
2.1735 0.21467
2.2735 0.166123
2.3735 0.0835949
2.4735 -0.0200998
2.5735 -0.0841836
2.6735 -0.145261
2.7735 -0.203285
2.8735 -0.228863
2.9735 -0.228075
3.0735 -0.193528
3.1735 -0.121698
3.2735 -0.012298
3.3735 0.120604
3.4735 0.161997
3.5735 0.156263
3.6735 0.16725
3.7735 0.179265
3.8735 0.23209
3.9735 0.259086
4.0735 0.266021
4.1735 0.315938
4.2735 0.307733
4.3735 0.294592
4.4735 0.237319
4.5735 0.172364
4.6735 0.183044
4.7735 0.121244
4.8735 0.120238
4.9735 0.126877
5.0735 0.197467
5.1735 0.279937
5.2735 0.365426
5.3735 0.416708
5.4735 0.359294
5.5735 0.273592
5.6735 0.145139
5.7735 0.058904
5.8735 -0.0054425
5.9735 -0.0683452
6.0735 -0.164954
6.1735 -0.0945785
6.2735 -0.00846313
6.3735 0.111195
6.4735 0.226407
6.5735 0.322107
6.6735 0.347457
6.7735 0.294132
6.8735 0.211771
6.9735 0.0667162
7.0735 -0.0934415
7.1735 -0.14111
7.2735 -0.108589
7.3735 -0.0210172
7.4735 0.0227342
7.5735 0.0371191
7.6735 0.0486782
7.7735 0.10586
7.8735 0.168484
7.9735 0.183965
8.0735 0.231449
8.1735 0.210498
8.2735 0.223099
8.3735 0.290511
8.4735 0.364285
8.5735 0.410688
8.6735 0.467426
8.7735 0.460322
8.8735 0.384793
8.9735 0.244083
9.0735 0.142734
9.1735 0.132947
9.2735 0.068699
9.3735 0.0560941
9.4735 0.0791698
9.5735 0.170791
9.6735 0.277801
9.7735 0.383549
9.8735 0.438222
9.9735 0.477728
10.0735 0.454873
10.1735 0.36327
10.2735 0.257086
10.3735 0.154888
10.4735 0.0332363
10.5735 0.00527356
10.6735 -0.0316147
10.7735 -0.104018
10.8735 -0.0728845
10.9735 0.0779257
11.0735 0.222685
11.1735 0.296937
11.2735 0.338938
11.3735 0.41466
11.4735 0.463826
11.5735 0.366902
11.6735 0.224931
11.7735 0.0744886
11.8735 -0.0160627
11.9735 -0.1144
12.0735 -0.100317
12.1735 -0.0597259
12.2735 -0.01338
12.3735 0.0790142
12.4735 0.14381
12.5735 0.168251
12.6735 0.199229
12.7735 0.245729
12.8735 0.295691
12.9735 0.348437
13.0735 0.304401
13.1735 0.255535
13.2735 0.193029
13.3735 0.116104
13.4735 0.0795633
13.5735 0.0789881
13.6735 0.0927897
13.7735 0.196811
13.8735 0.25812
13.9735 0.327265
14.0735 0.331533
14.1735 0.333938
14.2735 0.360051
14.3735 0.421972
14.4735 0.470122
14.5735 0.535434
14.6735 0.565347
14.7735 0.60827
14.8735 0.693632
14.9735 0.690413
15.0735 0.662639
15.1735 0.627903
15.2735 0.561246
15.3735 0.444074
15.4735 0.337913
15.5735 0.239688
15.6735 0.12505
15.7735 0.00598273
15.8735 -0.126395
15.9735 -0.250767
16.0735 -0.335931
16.1735 -0.350872
16.2735 -0.234325
16.3735 -0.0660453
16.4735 0.0935405
16.5735 0.166344
16.6735 0.17927
16.7735 0.205996
16.8735 0.213132
16.9735 0.234923
17.0735 0.245757
17.1735 0.244713
17.2735 0.248454
17.3735 0.192136
17.4735 0.084372
17.5735 0.0458494
17.6735 0.0650457
17.7735 0.191095
17.8735 0.382318
17.9735 0.519949
18.0735 0.5711
18.1735 0.607172
18.2735 0.6364
18.3735 0.641859
18.4735 0.520488
18.5735 0.365161
18.6735 0.240726
18.7735 0.170612
18.8735 0.0743761
18.9735 -0.0511523
19.0735 -0.173975
19.1735 -0.20249
19.2735 -0.133292
19.3735 0.016944
19.4735 0.171329
19.5735 0.327104
19.6735 0.53258
19.7735 0.782322
19.8735 1.00295
19.9735 1.01422
20.0735 0.865117
20.1735 0.544356
20.2735 0.214886
20.3735 2.34349e-05
20.4735 -0.108427
20.5735 -0.0896205
20.6735 -0.0629597
20.7735 -0.0617798
20.8735 0.0261747
20.9735 0.235111
21.0735 0.521326
21.1735 0.711128
21.2735 0.792158
21.3735 0.730666
21.4735 0.613
21.5735 0.447261
21.6735 0.261816
21.7735 0.0227816
21.8735 -0.207253
21.9735 -0.422751
22.0735 -0.495524
22.1735 -0.413283
22.2735 -0.201799
22.3735 0.0299453
22.4735 0.22824
22.5735 0.325384
22.6735 0.376694
22.7735 0.38827
22.8735 0.435795
22.9735 0.425586
23.0735 0.362334
23.1735 0.212833
23.2735 0.0561529
23.3735 -0.0694539
23.4735 -0.141935
23.5735 -0.14679
23.6735 -0.0464694
23.7735 0.0557008
23.8735 0.210081
23.9735 0.449505
24.0735 0.676716
24.1735 0.760326
24.2735 0.765377
24.3735 0.715425
24.4735 0.649078
24.5735 0.56365
24.6735 0.475212
24.7735 0.455924
24.8735 0.505487
24.9735 0.63887
25.0735 0.740821
25.1735 0.714371
25.2735 0.579211
25.3735 0.407417
25.4735 0.289799
25.5735 0.236036
25.6735 0.210871
25.7735 0.158096
25.8735 0.0457394
25.9735 -0.111514
26.0735 -0.273356
26.1735 -0.436631
26.2735 -0.535444
26.3735 -0.610859
26.4735 -0.665248
26.5735 -0.641143
26.6735 -0.539834
26.7735 -0.369291
26.8735 -0.126374
26.9735 0.123021
27.0735 0.305563
27.1735 0.474256
27.2735 0.689276
27.3735 0.903138
27.4735 1.08799
27.5735 1.18074
27.6735 1.15633
27.7735 1.0916
27.8735 1.04629
27.9735 1.02164
28.0735 0.9242
28.1735 0.729589
28.2735 0.483904
28.3735 0.264628
28.4735 0.145183
28.5735 0.0536998
28.6735 -0.0721013
28.7735 -0.245103
28.8735 -0.345331
28.9735 -0.344667
29.0735 -0.330503
29.1735 -0.405899
29.2735 -0.531988
29.3735 -0.603498
29.4735 -0.515384
29.5735 -0.239616
29.6735 0.133774
29.7735 0.463246
29.8735 0.692305
29.9735 0.922312
30.0735 1.215
30.1735 1.46332
30.2735 1.51569
30.3735 1.37591
30.4735 1.10461
30.5735 0.897115
30.6735 0.737322
30.7735 0.579227
30.8735 0.389442
30.9735 0.187669
31.0735 -0.0179523
31.1735 -0.265239
31.2735 -0.475224
31.3735 -0.628192
31.4735 -0.753496
31.5735 -0.873475
31.6735 -0.958551
31.7735 -0.911787
31.8735 -0.760961
31.9735 -0.532846
32.0735 -0.236873
32.1735 0.156066
32.2735 0.558173
32.3735 0.90945
32.4735 1.17672
32.5735 1.39459
32.6735 1.51454
32.7735 1.51133
32.8735 1.44396
32.9735 1.30975
33.0735 1.10639
33.1735 0.920297
33.2735 0.76462
33.3735 0.631785
33.4735 0.436814
33.5735 0.243501
33.6735 0.115982
33.7735 0.0205156
33.8735 -0.0483499
33.9735 -0.0995906
34.0735 -0.194791
34.1735 -0.351289
34.2735 -0.479194
34.3735 -0.57384
34.4735 -0.626472
34.5735 -0.615399
34.6735 -0.580075
34.7735 -0.49331
34.8735 -0.296447
34.9735 -0.0230648
35.0735 0.309753
35.1735 0.691742
35.2735 0.990647
35.3735 1.12559
35.4735 1.11641
35.5735 1.0502
35.6735 0.906693
35.7735 0.683504
35.8735 0.420946
35.9735 0.20239
36.0735 0.0963593
36.1735 0.129148
36.2735 0.284788
36.3735 0.516683
36.4735 0.759747
36.5735 0.982745
36.6735 1.16824
36.7735 1.08688
36.8735 0.470723
36.9735 -0.735521
37.0735 -2.45829
37.1735 -4.46902
37.2735 -6.25686
37.3735 -7.12256
37.4735 -6.60259
37.5735 -4.53216
37.6735 -0.802167
37.7735 5.01817
37.8735 13.3168
37.9735 22.4728
38.0735 29.3337
38.1735 31.0887
38.2735 26.579
38.3735 14.2663
38.4735 -7.75685
38.5735 -38.9589
38.6735 -71.864
38.7735 -93.9588
38.8735 -98.1127
38.9735 -86.1403
39.0735 -60.8666
39.1735 -24.6223
39.2735 18.2235
39.3735 62.0723
39.4735 99.4714
39.5735 123.666
39.6735 131.395
39.7735 118.198
39.8735 80.4553
39.9735 28.5012
40.0735 -21.0475
40.1735 -57.973
40.2735 -81.2166
40.3735 -92.5063
40.4735 -93.1217
40.5735 -85.7267
40.6735 -74.2817
40.7735 -61.1883
40.8735 -47.2105
40.9735 -32.3891
41.0735 -16.9334
41.1735 -1.28577
41.2735 13.898
41.3735 27.8299
41.4735 39.6981
41.5735 48.9053
41.6735 55.1105
41.7735 58.3548
41.8735 59.0635
41.9735 57.4676
42.0735 53.3486
42.1735 46.475
42.2735 36.8419
42.3735 24.7016
42.4735 10.6945
42.5735 -3.97419
42.6735 -17.5743
42.7735 -28.9942
42.8735 -38.2532
42.9735 -45.7041
43.0735 -51.423
43.1735 -55.2385
43.2735 -56.7394
43.3735 -55.3889
43.4735 -50.9015
43.5735 -43.3348
43.6735 -33.291
43.7735 -22.0117
43.8735 -11.136
43.9735 -1.72704
44.0735 6.13661
44.1735 12.7851
44.2735 18.5326
44.3735 23.679
44.4735 28.4314
44.5735 32.6924
44.6735 36.0412
44.7735 37.9712
44.8735 38.1555
44.9735 36.7637
45.0735 34.1768
45.1735 30.7119
45.2735 26.4403
45.3735 21.2462
45.4735 15.1336
45.5735 8.18426
45.6735 0.67002
45.7735 -6.7091
45.8735 -13.2443
45.9735 -18.5444
46.0735 -22.6723
46.1735 -25.8108
46.2735 -28.2301
46.3735 -30.0336
46.4735 -31.1186
46.5735 -31.2256
46.6735 -30.1302
46.7735 -27.9481
46.8735 -24.9663
46.9735 -21.5719
47.0735 -18.1163
47.1735 -14.7017
47.2735 -11.0878
47.3735 -7.0486
47.4735 -2.56413
47.5735 2.11387
47.6735 6.62822
47.7735 10.6013
47.8735 13.7632
47.9735 16.1475
48.0735 17.9194
48.1735 19.276
48.2735 20.338
48.3735 21.0733
48.4735 21.3517
48.5735 21.0648
48.6735 20.042
48.7735 18.2684
48.8735 16.0566
48.9735 13.7225
49.0735 11.4278
49.1735 9.17998
49.2735 6.8886
49.3735 4.36573
49.4735 1.57086
49.5735 -1.31213
49.6735 -4.08968
49.7735 -6.60482
49.8735 -8.68564
49.9735 -10.33
50.0735 -11.7443
50.1735 -13.1582
50.2735 -14.612
50.3735 -16.0702
50.4735 -17.4194
50.5735 -18.5588
50.6735 -19.3596
50.7735 -19.6302
50.8735 -19.1754
50.9735 -17.8748
51.0735 -15.7191
51.1735 -12.6952
51.2735 -8.906
51.3735 -4.60915
51.4735 -0.304982
51.5735 3.39238
51.6735 6.09844
51.7735 7.65148
51.8735 8.18437
51.9735 8.03121
52.0735 7.63109
52.1735 7.3678
52.2735 7.46855
52.3735 8.00699
52.4735 8.93442
52.5735 10.0771
52.6735 11.2197
52.7735 12.1984
52.8735 12.9937
52.9735 13.6146
53.0735 14.055
53.1735 14.2183
53.2735 14.037
53.3735 13.4252
53.4735 12.3107
53.5735 10.7067
53.6735 8.66741
53.7735 6.26122
53.8735 3.55591
53.9735 0.546018
54.0735 -2.75944
54.1735 -6.14768
54.2735 -9.40905
54.3735 -12.2955
54.4735 -14.7005
54.5735 -16.5867
54.6735 -17.8594
54.7735 -18.4561
54.8735 -18.4033
54.9735 -17.7517
55.0735 -16.5641
55.1735 -14.9928
55.2735 -13.2032
55.3735 -11.2668
55.4735 -9.25448
55.5735 -7.26767
55.6735 -5.40473
55.7735 -3.68469
55.8735 -2.12211
55.9735 -0.735569
56.0735 0.5092
56.1735 1.72095
56.2735 3.0897
56.3735 4.75031
56.4735 6.66558
56.5735 8.74591
56.6735 10.7573
56.7735 12.4063
56.8735 13.5528
56.9735 14.1744
57.0735 14.222
57.1735 13.7227
57.2735 12.7928
57.3735 11.5796
57.4735 10.2434
57.5735 8.86407
57.6735 7.45776
57.7735 6.0054
57.8735 4.50568
57.9735 2.96572
58.0735 1.41234
58.1735 -0.0528407
58.2735 -1.28178
58.3735 -2.25494
58.4735 -2.95383
58.5735 -3.39181
58.6735 -3.60338
58.7735 -3.72755
58.8735 -3.89136
58.9735 -4.11187
59.0735 -4.4344
59.1735 -4.89409
59.2735 -5.51408
59.3735 -6.23156
59.4735 -6.97665
59.5735 -7.61401
59.6735 -8.00434
59.7735 -8.09367
59.8735 -7.89407
59.9735 -7.43054
60.0735 -6.79653
60.1735 -6.08606
60.2735 -5.40505
60.3735 -4.82594
60.4735 -4.29886
60.5735 -3.78158
60.6735 -3.25721
60.7735 -2.67661
60.8735 -1.93463
60.9735 -0.980905
61.0735 0.13749
61.1735 1.41008
61.2735 2.79475
61.3735 4.22199
61.4735 5.55094
61.5735 6.58888
61.6735 7.18731
61.7735 7.40826
61.8735 7.40992
61.9735 7.3786
62.0735 7.43097
62.1735 7.61266
62.2735 7.84739
62.3735 7.98348
62.4735 7.95677
62.5735 7.78083
62.6735 7.52052
62.7735 7.13715
62.8735 6.51358
62.9735 5.58744
63.0735 4.40513
63.1735 3.07399
63.2735 1.72731
63.3735 0.44911
63.4735 -0.719482
63.5735 -1.75866
63.6735 -2.61733
63.7735 -3.31697
63.8735 -3.86574
63.9735 -4.31936
64.0735 -4.82575
64.1735 -5.49486
64.2735 -6.22256
64.3735 -6.92341
64.4735 -7.49298
64.5735 -7.86072
64.6735 -7.98024
64.7735 -7.8404
64.8735 -7.47273
64.9735 -6.97385
65.0735 -6.39389
65.1735 -5.69865
65.2735 -4.91299
65.3735 -4.12837
65.4735 -3.33329
65.5735 -2.49453
65.6735 -1.64686
65.7735 -0.799609
65.8735 0.0621559
65.9735 0.891511
66.0735 1.71789
66.1735 2.54686
66.2735 3.32239
66.3735 4.01342
66.4735 4.61353
66.5735 5.13736
66.6735 5.52727
66.7735 5.77672
66.8735 5.967
66.9735 6.13098
67.0735 6.18584
67.1735 6.04042
67.2735 5.74627
67.3735 5.4053
67.4735 5.09217
67.5735 4.78927
67.6735 4.47951
67.7735 4.16289
67.8735 3.7925
67.9735 3.34964
68.0735 2.8944
68.1735 2.46982
68.2735 2.0955
68.3735 1.72923
68.4735 1.30515
68.5735 0.812827
68.6735 0.261115
68.7735 -0.328048
68.8735 -0.913098
68.9735 -1.50259
69.0735 -2.10267
69.1735 -2.67427
69.2735 -3.19189
69.3735 -3.68348
69.4735 -4.07667
69.5735 -4.39211
69.6735 -4.65822
69.7735 -4.88039
69.8735 -5.03157
69.9735 -5.03577
70.0735 -4.87283
70.1735 -4.62401
70.2735 -4.40874
70.3735 -4.16912
70.4735 -3.83979
70.5735 -3.39956
70.6735 -2.80245
70.7735 -2.1245
70.8735 -1.43535
70.9735 -0.798899
71.0735 -0.266749
71.1735 0.175684
71.2735 0.579212
71.3735 0.895594
71.4735 1.16015
71.5735 1.45699
71.6735 1.77334
71.7735 2.12352
71.8735 2.51837
71.9735 2.88808
72.0735 3.08187
72.1735 3.08746
72.2735 2.95174
72.3735 2.69678
72.4735 2.49222
72.5735 2.54247
72.6735 2.98644
72.7735 3.88157
72.8735 5.11741
72.9735 6.49189
73.0735 7.6698
73.1735 8.24193
73.2735 7.82479
73.3735 6.23209
73.4735 3.60435
73.5735 0.447389
73.6735 -2.53347
73.7735 -4.74552
73.8735 -5.80834
73.9735 -5.53793
74.0735 -4.02316
74.1735 -1.57173
74.2735 1.21171
74.3735 3.67795
74.4735 5.28725
74.5735 5.84414
74.6735 5.37847
74.7735 4.07053
74.8735 2.21552
74.9735 0.122497
75.0735 -1.90294
75.1735 -3.66125
75.2735 -5.12213
75.3735 -6.34386
75.4735 -7.28856
75.5735 -7.89179
75.6735 -8.08568
75.7735 -7.90033
75.8735 -7.37182
75.9735 -6.63207
76.0735 -5.7525
76.1735 -4.81636
76.2735 -3.93057
76.3735 -3.06033
76.4735 -2.13751
76.5735 -1.18225
76.6735 -0.266614
76.7735 0.569316
76.8735 1.29763
76.9735 1.91276
77.0735 2.40977
77.1735 2.8125
77.2735 3.15759
77.3735 3.54533
77.4735 3.96898
77.5735 4.32908
77.6735 4.54242
77.7735 4.58918
77.8735 4.56866
77.9735 4.55846
78.0735 4.59908
78.1735 4.6492
78.2735 4.70334
78.3735 4.75256
78.4735 4.75135
78.5735 4.59649
78.6735 4.21165
78.7735 3.59282
78.8735 2.71438
78.9735 1.64558
79.0735 0.58966
79.1735 -0.252768
79.2735 -0.803617
79.3735 -1.06516
79.4735 -1.05176
79.5735 -0.828844
79.6735 -0.464941
79.7735 -0.0690774
79.8735 0.13866
79.9735 0.0287557
80.0735 -0.362055
80.1735 -0.976599
80.2735 -1.73118
80.3735 -2.39077
80.4735 -2.83813
80.5735 -3.06613
80.6735 -3.14164
80.7735 -3.08837
80.8735 -2.88104
80.9735 -2.61188
81.0735 -2.38453
81.1735 -2.18328
81.2735 -2.00909
81.3735 -1.87808
81.4735 -1.74802
81.5735 -1.64481
81.6735 -1.61125
81.7735 -1.69453
81.8735 -1.82873
81.9735 -1.85965
82.0735 -1.76698
82.1735 -1.5472
82.2735 -1.1936
82.3735 -0.78448
82.4735 -0.339887
82.5735 0.123609
82.6735 0.553883
82.7735 0.949677
82.8735 1.29646
82.9735 1.64686
83.0735 1.97731
83.1735 2.29584
83.2735 2.57127
83.3735 2.82708
83.4735 3.08022
83.5735 3.34884
83.6735 3.60641
83.7735 3.88127
83.8735 4.14616
83.9735 4.32894
84.0735 4.39614
84.1735 4.3308
84.2735 4.14913
84.3735 3.87194
84.4735 3.49964
84.5735 3.08611
84.6735 2.64312
84.7735 2.14303
84.8735 1.57618
84.9735 1.008
85.0735 0.447608
85.1735 -0.0931305
85.2735 -0.576566
85.3735 -1.02394
85.4735 -1.45513
85.5735 -1.87483
85.6735 -2.232
85.7735 -2.51096
85.8735 -2.72476
85.9735 -2.89196
86.0735 -3.09565
86.1735 -3.2442
86.2735 -3.20324
86.3735 -3.02392
86.4735 -2.85841
86.5735 -2.76691
86.6735 -2.6263
86.7735 -2.37977
86.8735 -2.04854
86.9735 -1.73989
87.0735 -1.50888
87.1735 -1.36055
87.2735 -1.26058
87.3735 -1.14633
87.4735 -0.987453
87.5735 -0.755729
87.6735 -0.489614
87.7735 -0.206293
87.8735 0.025946
87.9735 0.256673
88.0735 0.591
88.1735 1.08034
88.2735 1.62766
88.3735 2.11335
88.4735 2.46062
88.5735 2.74029
88.6735 3.01833
88.7735 3.26091
88.8735 3.34511
88.9735 3.27155
89.0735 3.1486
89.1735 2.99072
89.2735 2.81975
89.3735 2.65603
89.4735 2.47086
89.5735 2.16337
89.6735 1.81415
89.7735 1.49673
89.8735 1.27964
89.9735 1.16247
90.0735 1.15716
90.1735 1.19376
90.2735 1.15839
90.3735 1.04144
90.4735 0.811187
90.5735 0.45773
90.6735 -0.0447402
90.7735 -0.65605
90.8735 -1.31637
90.9735 -1.84376
91.0735 -2.16747
91.1735 -2.29187
91.2735 -2.24217
91.3735 -2.04731
91.4735 -1.79571
91.5735 -1.5435
91.6735 -1.22612
91.7735 -0.846241
91.8735 -0.475787
91.9735 -0.241551
92.0735 -0.0208783
92.1735 0.156649
92.2735 0.247982
92.3735 0.226184
92.4735 0.0870835
92.5735 -0.133208
92.6735 -0.360589
92.7735 -0.634994
92.8735 -0.862408
92.9735 -1.0141
93.0735 -1.10707
93.1735 -1.09831
93.2735 -0.935794
93.3735 -0.651511
93.4735 -0.344062
93.5735 -0.0394184
93.6735 0.248871
93.7735 0.470989
93.8735 0.652873
93.9735 0.850274
94.0735 1.022
94.1735 1.11877
94.2735 1.14054
94.3735 1.1236
94.4735 1.12341
94.5735 1.23437
94.6735 1.3289
94.7735 1.43267
94.8735 1.46877
94.9735 1.37185
95.0735 1.24684
95.1735 1.12066
95.2735 1.07705
95.3735 1.07474
95.4735 1.09146
95.5735 1.03511
95.6735 0.984489
95.7735 0.946335
95.8735 0.833004
95.9735 0.698934
96.0735 0.51766
96.1735 0.378284
96.2735 0.246288
96.3735 0.124238
96.4735 -0.0303608
96.5735 -0.121812
96.6735 -0.190969
96.7735 -0.244922
96.8735 -0.319913
96.9735 -0.415058
97.0735 -0.490389
97.1735 -0.558246
97.2735 -0.582124
97.3735 -0.595302
97.4735 -0.499048
97.5735 -0.456263
97.6735 -0.420946
97.7735 -0.414867
97.8735 -0.374175
97.9735 -0.38314
98.0735 -0.347681
98.1735 -0.258834
98.2735 -0.238908
