-2.32119 0.636491
-2.22119 0.568429
-2.12119 0.529656
-2.02119 0.501117
-1.92119 0.47373
-1.82119 0.338887
-1.72119 0.226147
-1.62119 0.118936
-1.52119 0.00453604
-1.42119 -0.162406
-1.32119 -0.30992
-1.22119 -0.391233
-1.12119 -0.431835
-1.02119 -0.403935
-0.921191 -0.300568
-0.821191 -0.192512
-0.721191 -0.114437
-0.621191 0.0343465
-0.521191 0.301954
-0.421191 0.660279
-0.321191 1.01993
-0.221191 1.3213
-0.121191 1.54461
-0.021191 1.63247
0.078809 1.51862
0.178809 1.16225
0.278809 0.72802
0.378809 0.255152
0.478809 -0.169351
0.578809 -0.480869
0.678809 -0.710886
0.778809 -0.767007
0.878809 -0.722693
0.978809 -0.664487
1.07881 -0.494099
1.17881 -0.288256
1.27881 -0.163759
1.37881 -0.223096
1.47881 -0.23972
1.57881 -0.161514
1.67881 -0.0168392
1.77881 0.202782
1.87881 0.471693
1.97881 0.797818
2.07881 1.01508
2.17881 1.10853
2.27881 1.01471
2.37881 0.801351
2.47881 0.490985
2.57881 0.136335
2.67881 -0.114381
2.77881 -0.260911
2.87881 -0.298334
2.97881 -0.376333
3.07881 -0.549124
3.17881 -0.700987
3.27881 -0.791106
3.37881 -0.740452
3.47881 -0.57811
3.57881 -0.304012
3.67881 0.0615604
3.77881 0.489803
3.87881 0.830727
3.97881 1.04484
4.07881 0.987421
4.17881 0.800214
4.27881 0.680168
4.37881 0.576318
4.47881 0.649399
4.57881 0.834418
4.67881 1.07978
4.77881 1.25566
4.87881 1.30418
4.97881 1.18499
5.07881 0.844414
5.17881 0.472378
5.27881 0.171782
5.37881 0.0777649
5.47881 0.0815267
5.57881 -0.0118559
5.67881 -0.183097
5.77881 -0.335794
5.87881 -0.466617
5.97881 -0.55781
6.07881 -0.572292
6.17881 -0.489939
6.27881 -0.376359
6.37881 -0.280357
6.47881 -0.227181
6.57881 -0.215991
6.67881 -0.367492
6.77881 -0.556084
6.87881 -0.61102
6.97881 -0.546501
7.07881 -0.501016
7.17881 -0.316549
7.27881 -0.0213587
7.37881 0.371443
7.47881 0.814688
7.57881 1.13829
7.67881 1.38009
7.77881 1.56902
7.87881 1.63398
7.97881 1.60057
8.07881 1.41197
8.17881 1.07367
8.27881 0.664374
8.37881 0.276675
8.47881 -0.0146132
8.57881 -0.206487
8.67881 -0.378612
8.77881 -0.406715
8.87881 -0.370966
8.97881 -0.372294
9.07881 -0.354843
9.17881 -0.382013
9.27881 -0.266761
9.37881 -0.000231357
9.47881 0.205994
9.57881 0.373981
9.67881 0.561433
9.77881 0.712435
9.87881 0.841479
9.97881 0.96726
10.0788 1.02492
10.1788 0.956157
10.2788 0.825584
10.3788 0.635359
10.4788 0.440434
10.5788 0.341217
10.6788 0.312028
10.7788 0.216811
10.8788 0.145289
10.9788 0.0215568
11.0788 -0.0627182
11.1788 -0.110358
11.2788 -0.0926719
11.3788 -0.0715621
11.4788 0.0731351
11.5788 0.193176
11.6788 0.281913
11.7788 0.407238
11.8788 0.517187
11.9788 0.567551
12.0788 0.517048
12.1788 0.343006
12.2788 0.109137
12.3788 -0.182949
12.4788 -0.475495
12.5788 -0.693515
12.6788 -0.797589
12.7788 -0.817967
12.8788 -0.680409
12.9788 -0.358378
13.0788 0.0820399
13.1788 0.556856
13.2788 1.02327
13.3788 1.38967
13.4788 1.59707
13.5788 1.59262
13.6788 1.43302
13.7788 1.18336
13.8788 0.911417
13.9788 0.627833
14.0788 0.296772
14.1788 -0.0500593
14.2788 -0.368765
14.3788 -0.588214
14.4788 -0.559979
14.5788 -0.275969
14.6788 0.13605
14.7788 0.496367
14.8788 0.780799
14.9788 1.01003
15.0788 1.18427
15.1788 1.23837
15.2788 1.03502
15.3788 0.68435
15.4788 0.311832
15.5788 0.0723119
15.6788 0.0487993
15.7788 0.209724
15.8788 0.457475
15.9788 0.664793
16.0788 0.783927
16.1788 0.836195
16.2788 0.739625
16.3788 0.492456
16.4788 0.212964
16.5788 -0.156859
16.6788 -0.623924
16.7788 -1.08523
16.8788 -1.46512
16.9788 -1.62869
17.0788 -1.50595
17.1788 -1.14934
17.2788 -0.658566
17.3788 -0.0635306
17.4788 0.578405
17.5788 1.10657
17.6788 1.45018
17.7788 1.58748
17.8788 1.48865
17.9788 1.11169
18.0788 0.624208
18.1788 0.241764
18.2788 0.0811328
18.3788 0.0798027
18.4788 0.176461
18.5788 0.332868
18.6788 0.477758
18.7788 0.5851
18.8788 0.63171
18.9788 0.644112
19.0788 0.680492
19.1788 0.742143
19.2788 0.885407
19.3788 0.959049
19.4788 0.8746
19.5788 0.712394
19.6788 0.480105
19.7788 0.186164
19.8788 -0.0878251
19.9788 -0.229798
20.0788 -0.207548
20.1788 -0.000768007
20.2788 0.324672
20.3788 0.64554
20.4788 0.822218
20.5788 0.806388
20.6788 0.683817
20.7788 0.432913
20.8788 0.0431019
20.9788 -0.429156
21.0788 -0.907975
21.1788 -1.27909
21.2788 -1.32461
21.3788 -0.918182
21.4788 -0.0755033
21.5788 1.07155
21.6788 2.38281
21.7788 3.59757
21.8788 4.4556
21.9788 4.66991
22.0788 3.97732
22.1788 2.23635
22.2788 -0.625158
22.3788 -4.49908
22.4788 -8.7717
22.5788 -12.5782
22.6788 -14.9532
22.7788 -14.9902
22.8788 -12.1048
22.9788 -6.38503
23.0788 1.9245
23.1788 12.4682
23.2788 24.3469
23.3788 35.5924
23.4788 43.3262
23.5788 44.6856
23.6788 37.0635
23.7788 16.0029
23.8788 -18.8823
23.9788 -61.2693
24.0788 -98.0776
24.1788 -118.092
24.2788 -117.161
24.3788 -97.9366
24.4788 -63.5994
24.5788 -18.4159
24.6788 32.2283
24.7788 80.7559
24.8788 118.981
24.9788 140.79
25.0788 142.95
25.1788 119.137
25.2788 70.677
25.3788 14.1058
25.4788 -31.095
25.5788 -57.2851
25.6788 -69.5782
25.7788 -74.0411
25.8788 -73.9325
25.9788 -72.2243
26.0788 -70.148
26.1788 -66.709
26.2788 -60.2758
26.3788 -49.6695
26.4788 -34.2134
26.5788 -14.8269
26.6788 5.22012
26.7788 22.4752
26.8788 35.3281
26.9788 43.9603
27.0788 48.7734
27.1788 50.8128
27.2788 51.6608
27.3788 52.1494
27.4788 51.8285
27.5788 49.6106
27.6788 44.2616
27.7788 35.0302
27.8788 22.4842
27.9788 8.7314
28.0788 -3.83917
28.1788 -14.3162
28.2788 -23.3218
28.3788 -31.7789
28.4788 -40.4982
28.5788 -49.3332
28.6788 -56.6175
28.7788 -60.1585
28.8788 -58.6622
28.9788 -51.8885
29.0788 -40.7153
29.1788 -27.6804
29.2788 -15.8741
29.3788 -6.73416
29.4788 -0.0860224
29.5788 4.7902
29.6788 8.80508
29.7788 12.7962
29.8788 17.1865
29.9788 21.7886
30.0788 25.9023
30.1788 28.8989
30.2788 30.4489
30.3788 30.6356
30.4788 29.8792
30.5788 28.7742
30.6788 27.5083
30.7788 25.9084
30.8788 23.5632
30.9788 20.1372
31.0788 15.7417
31.1788 10.7648
31.2788 5.76719
31.3788 1.12989
31.4788 -3.05873
31.5788 -6.96976
31.6788 -11.0361
31.7788 -15.5155
31.8788 -20.3723
31.9788 -25.1101
32.0788 -28.9731
32.1788 -31.4993
32.2788 -32.6553
32.3788 -32.561
32.4788 -31.3895
32.5788 -29.3301
32.6788 -26.5323
32.7788 -23.019
32.8788 -18.7669
32.9788 -13.8969
33.0788 -8.76012
33.1788 -3.70867
33.2788 1.05473
33.3788 5.45013
33.4788 9.53853
33.5788 13.4113
33.6788 17.1447
33.7788 20.5571
33.8788 23.3484
33.9788 25.0983
34.0788 25.5757
34.1788 24.8173
34.2788 23.2034
34.3788 21.2302
34.4788 19.2289
34.5788 17.3499
34.6788 15.4415
34.7788 13.2833
34.8788 10.8075
34.9788 8.19526
35.0788 5.69039
35.1788 3.41573
35.2788 1.36122
35.3788 -0.608817
35.4788 -2.69345
35.5788 -5.11807
35.6788 -7.97636
35.7788 -11.2241
35.8788 -14.6982
35.9788 -18.0722
36.0788 -21.025
36.1788 -23.2911
36.2788 -24.5737
36.3788 -24.5595
36.4788 -23.108
36.5788 -20.4114
36.6788 -16.8044
36.7788 -12.6517
36.8788 -8.54594
36.9788 -5.10394
37.0788 -2.6921
37.1788 -1.39634
37.2788 -1.09209
37.3788 -1.29713
37.4788 -1.38894
37.5788 -0.97964
37.6788 0.0539995
37.7788 1.70927
37.8788 3.8239
37.9788 6.15289
38.0788 8.50386
38.1788 10.8446
38.2788 13.1128
38.3788 15.2593
38.4788 17.2341
38.5788 18.9381
38.6788 20.3031
38.7788 21.0804
38.8788 21.0461
38.9788 20.0951
39.0788 18.2395
39.1788 15.625
39.2788 12.5776
39.3788 9.37465
39.4788 6.22584
39.5788 3.21278
39.6788 0.297378
39.7788 -2.57604
39.8788 -5.30579
39.9788 -7.86964
40.0788 -10.2623
40.1788 -12.453
40.2788 -14.4565
40.3788 -16.1371
40.4788 -17.3193
40.5788 -17.9831
40.6788 -18.1714
40.7788 -17.7608
40.8788 -16.7357
40.9788 -15.2524
41.0788 -13.5151
41.1788 -11.7523
41.2788 -10.055
41.3788 -8.46245
41.4788 -7.10065
41.5788 -5.98219
41.6788 -4.949
41.7788 -3.77029
41.8788 -2.27137
41.9788 -0.459228
42.0788 1.616
42.1788 3.87015
42.2788 6.13041
42.3788 8.19187
42.4788 9.92836
42.5788 11.312
42.6788 12.314
42.7788 12.9192
42.8788 13.1304
42.9788 12.9326
43.0788 12.3639
43.1788 11.465
43.2788 10.2782
43.3788 8.90665
43.4788 7.6256
43.5788 6.66241
43.6788 6.05278
43.7788 5.8285
43.8788 5.95235
43.9788 6.2249
44.0788 6.35153
44.1788 6.15959
44.2788 5.5274
44.3788 4.40404
44.4788 2.7391
44.5788 0.686296
44.6788 -1.4862
44.7788 -3.60997
44.8788 -5.54701
44.9788 -7.12677
45.0788 -8.29705
45.1788 -9.20781
45.2788 -9.96577
45.3788 -10.4335
45.4788 -10.6126
45.5788 -10.6327
45.6788 -10.5363
45.7788 -10.2656
45.8788 -9.97814
45.9788 -9.65
46.0788 -9.29435
46.1788 -8.89542
46.2788 -8.33557
46.3788 -7.41426
46.4788 -6.07086
46.5788 -4.43071
46.6788 -2.66954
46.7788 -0.973512
46.8788 0.395448
46.9788 1.28525
47.0788 1.69259
47.1788 1.80834
47.2788 1.93151
47.3788 2.24852
47.4788 2.94751
47.5788 4.058
47.6788 5.46959
47.7788 6.90206
47.8788 8.24653
47.9788 9.41519
48.0788 10.3643
48.1788 11.0514
48.2788 11.4973
48.3788 11.7292
48.4788 11.7771
48.5788 11.6568
48.6788 11.3602
48.7788 10.756
48.8788 9.76107
48.9788 8.46328
49.0788 6.96972
49.1788 5.37339
49.2788 3.69276
49.3788 1.88917
49.4788 -0.0129653
49.5788 -1.93932
49.6788 -3.80143
49.7788 -5.42808
49.8788 -6.68039
49.9788 -7.5273
50.0788 -7.99005
50.1788 -8.17173
50.2788 -8.26881
50.3788 -8.41244
50.4788 -8.83379
50.5788 -9.45434
50.6788 -10.047
50.7788 -10.3848
50.8788 -10.3501
50.9788 -9.85317
51.0788 -8.89429
51.1788 -7.69919
51.2788 -6.56711
51.3788 -5.46962
51.4788 -4.30196
51.5788 -3.10765
51.6788 -2.00526
51.7788 -0.949874
51.8788 0.0370847
51.9788 0.898218
52.0788 1.76239
52.1788 2.62715
52.2788 3.4066
52.3788 4.14195
52.4788 4.83879
52.5788 5.47912
52.6788 6.00676
52.7788 6.39394
52.8788 6.61743
52.9788 6.74788
53.0788 6.80238
53.1788 6.82571
53.2788 6.83658
53.3788 6.86515
53.4788 6.8913
53.5788 6.86186
53.6788 6.76362
53.7788 6.58444
53.8788 6.29794
53.9788 5.86411
54.0788 5.39031
54.1788 4.96635
54.2788 4.54471
54.3788 4.05101
54.4788 3.35107
54.5788 2.46039
54.6788 1.45932
54.7788 0.491206
54.8788 -0.450188
54.9788 -1.41808
55.0788 -2.49341
55.1788 -3.66604
55.2788 -4.72982
55.3788 -5.5666
55.4788 -6.21157
55.5788 -6.65543
55.6788 -6.89284
55.7788 -6.90252
55.8788 -6.70214
55.9788 -6.48517
56.0788 -6.36274
56.1788 -6.26128
56.2788 -6.12999
56.3788 -5.96517
56.4788 -5.69846
56.5788 -5.37325
56.6788 -5.04967
56.7788 -4.71316
56.8788 -4.37384
56.9788 -3.97757
57.0788 -3.45953
57.1788 -2.78788
57.2788 -2.00214
57.3788 -1.1628
57.4788 -0.450238
57.5788 0.193062
57.6788 0.802769
57.7788 1.40204
57.8788 2.12815
57.9788 3.11406
58.0788 4.48318
58.1788 6.23391
58.2788 8.28577
58.3788 10.4581
58.4788 12.3437
58.5788 13.4108
58.6788 13.2585
58.7788 11.7046
58.8788 8.85633
58.9788 5.19214
59.0788 1.60242
59.1788 -1.13352
59.2788 -2.46115
59.3788 -2.18952
59.4788 -0.584376
59.5788 1.82585
59.6788 4.34361
59.7788 6.32441
59.8788 7.34027
59.9788 7.2818
60.0788 6.25008
60.1788 4.53989
60.2788 2.47089
60.3788 0.259649
60.4788 -1.90644
60.5788 -3.88516
60.6788 -5.70536
60.7788 -7.3681
60.8788 -8.78908
60.9788 -9.88058
61.0788 -10.4977
61.1788 -10.6854
61.2788 -10.4732
61.3788 -9.88412
61.4788 -8.99999
61.5788 -8.02573
61.6788 -7.09128
61.7788 -6.12811
61.8788 -5.03715
61.9788 -3.80473
62.0788 -2.49015
62.1788 -1.27302
62.2788 -0.310301
62.3788 0.444372
62.4788 1.09764
62.5788 1.74933
62.6788 2.44999
62.7788 3.21281
62.8788 3.91615
62.9788 4.53456
63.0788 5.04637
63.1788 5.43438
63.2788 5.64356
63.3788 5.63572
63.4788 5.45289
63.5788 5.18111
63.6788 4.82432
63.7788 4.43325
63.8788 4.09972
63.9788 3.84447
64.0788 3.64572
64.1788 3.44305
64.2788 3.31802
64.3788 3.25431
64.4788 3.1749
64.5788 2.97122
64.6788 2.65435
64.7788 2.28948
64.8788 1.88428
64.9788 1.41912
65.0788 0.867119
65.1788 0.350037
65.2788 -0.0290752
65.3788 -0.351357
65.4788 -0.627984
65.5788 -0.986028
65.6788 -1.49551
65.7788 -2.01898
65.8788 -2.39421
65.9788 -2.61978
66.0788 -2.65827
66.1788 -2.61158
66.2788 -2.51721
66.3788 -2.36785
66.4788 -2.14644
66.5788 -1.83136
66.6788 -1.46466
66.7788 -1.11744
66.8788 -0.884711
66.9788 -0.82224
67.0788 -0.901167
67.1788 -1.04316
67.2788 -1.24405
67.3788 -1.50801
67.4788 -1.6811
67.5788 -1.69467
67.6788 -1.64497
67.7788 -1.6086
67.8788 -1.62493
67.9788 -1.67271
68.0788 -1.70027
68.1788 -1.69661
68.2788 -1.67631
68.3788 -1.61385
68.4788 -1.39421
68.5788 -0.940584
68.6788 -0.28928
68.7788 0.40219
68.8788 1.05848
68.9788 1.64001
69.0788 2.16337
69.1788 2.71135
69.2788 3.20377
69.3788 3.60964
69.4788 3.92176
69.5788 4.14215
69.6788 4.26856
69.7788 4.34823
69.8788 4.37155
69.9788 4.28894
70.0788 4.07347
70.1788 3.76375
70.2788 3.41485
70.3788 3.08918
70.4788 2.84611
70.5788 2.61194
70.6788 2.30552
70.7788 1.92827
70.8788 1.56366
70.9788 1.16837
71.0788 0.738371
71.1788 0.214998
71.2788 -0.360246
71.3788 -0.878001
71.4788 -1.26082
71.5788 -1.50234
71.6788 -1.58962
71.7788 -1.59629
71.8788 -1.6157
71.9788 -1.58961
72.0788 -1.60032
72.1788 -1.72732
72.2788 -1.94964
72.3788 -2.17079
72.4788 -2.36902
72.5788 -2.65655
72.6788 -3.03672
72.7788 -3.40755
72.8788 -3.61581
72.9788 -3.62001
73.0788 -3.49015
73.1788 -3.28455
73.2788 -3.06208
73.3788 -2.71266
73.4788 -2.22515
73.5788 -1.64991
73.6788 -1.12226
73.7788 -0.662025
73.8788 -0.168191
73.9788 0.413139
74.0788 1.02226
74.1788 1.61635
74.2788 2.17883
74.3788 2.6684
74.4788 2.97893
74.5788 3.09463
74.6788 3.03236
74.7788 2.87
74.8788 2.67664
74.9788 2.52595
75.0788 2.4841
75.1788 2.509
75.2788 2.60196
75.3788 2.80246
75.4788 3.02104
75.5788 3.19016
75.6788 3.29032
75.7788 3.3402
75.8788 3.25145
75.9788 3.04608
76.0788 2.80172
76.1788 2.60005
76.2788 2.34232
76.3788 1.98485
76.4788 1.40107
76.5788 0.70965
76.6788 0.185622
76.7788 -0.272763
76.8788 -0.717846
76.9788 -1.2509
77.0788 -1.68442
77.1788 -1.95513
77.2788 -2.14872
77.3788 -2.21949
77.4788 -2.16919
77.5788 -2.01843
77.6788 -1.81196
77.7788 -1.67107
77.8788 -1.62655
77.9788 -1.68611
78.0788 -1.75823
78.1788 -1.77102
78.2788 -1.79301
78.3788 -1.81177
78.4788 -1.73178
78.5788 -1.5306
78.6788 -1.35936
78.7788 -1.18748
78.8788 -1.05574
78.9788 -0.94183
79.0788 -0.903417
79.1788 -0.858109
79.2788 -0.7888
79.3788 -0.656302
79.4788 -0.433286
79.5788 -0.0885741
79.6788 0.403781
79.7788 0.920091
79.8788 1.37612
79.9788 1.78156
80.0788 2.08472
80.1788 2.35754
80.2788 2.47465
80.3788 2.48155
80.4788 2.42966
80.5788 2.34378
80.6788 2.21762
80.7788 2.06683
80.8788 1.87938
80.9788 1.75395
81.0788 1.74424
81.1788 1.76305
81.2788 1.7848
81.3788 1.70896
81.4788 1.65263
81.5788 1.58599
81.6788 1.5006
81.7788 1.31365
81.8788 1.07999
81.9788 0.802673
82.0788 0.570598
82.1788 0.408706
82.2788 0.153383
82.3788 -0.105603
82.4788 -0.484608
82.5788 -0.869972
82.6788 -1.26542
82.7788 -1.53245
82.8788 -1.7656
82.9788 -1.91123
83.0788 -2.01923
83.1788 -2.07023
83.2788 -2.02208
83.3788 -1.90165
83.4788 -1.70248
83.5788 -1.51314
83.6788 -1.29355
83.7788 -1.03774
83.8788 -0.691497
83.9788 -0.318076
84.0788 0.0140923
84.1788 0.196949
84.2788 0.313111
84.3788 0.349063
84.4788 0.339948
84.5788 0.262465
84.6788 0.208527
84.7788 0.141841
84.8788 0.18208
84.9788 0.255621
85.0788 0.36747
85.1788 0.458993
85.2788 0.469133
85.3788 0.430422
85.4788 0.437505
85.5788 0.464267
85.6788 0.596709
85.7788 0.712454
85.8788 0.873276
85.9788 1.09826
86.0788 1.31683
86.1788 1.4212
86.2788 1.42056
86.3788 1.32952
86.4788 1.22617
86.5788 1.08131
86.6788 0.938485
86.7788 0.818103
86.8788 0.717771
86.9788 0.637744
87.0788 0.600199
87.1788 0.654446
87.2788 0.649886
87.3788 0.594126
87.4788 0.555065
87.5788 0.488127
87.6788 0.538323
87.7788 0.553513
87.8788 0.491444
87.9788 0.294655
88.0788 0.0480219
88.1788 -0.193096
88.2788 -0.406453
88.3788 -0.656035
88.4788 -0.874204
88.5788 -0.947524
88.6788 -0.934008
88.7788 -0.910629
88.8788 -0.899687
88.9788 -0.87881
89.0788 -0.872633
89.1788 -0.821441
89.2788 -0.750251
89.3788 -0.691198
89.4788 -0.576715
89.5788 -0.326249
89.6788 -0.00987174
89.7788 0.203757
89.8788 0.300071
89.9788 0.411631
90.0788 0.495808
90.1788 0.525315
90.2788 0.522366
90.3788 0.566782
90.4788 0.617446
90.5788 0.61759
90.6788 0.604566
90.7788 0.596656
90.8788 0.524098
90.9788 0.38236
91.0788 0.264843
91.1788 0.173337
91.2788 0.141469
91.3788 0.123259
91.4788 0.133763
91.5788 0.158483
91.6788 0.255309
91.7788 0.331474
91.8788 0.355143
91.9788 0.471082
92.0788 0.555012
92.1788 0.580827
92.2788 0.634514
92.3788 0.674433
92.4788 0.76592
92.5788 0.798634
92.6788 0.823089
92.7788 0.76869
92.8788 0.544825
92.9788 0.28591
93.0788 0.0208512
93.1788 -0.170357
93.2788 -0.339083
93.3788 -0.469934
93.4788 -0.580159
93.5788 -0.680411
93.6788 -0.678513
93.7788 -0.637053
93.8788 -0.550347
93.9788 -0.424844
94.0788 -0.29509
94.1788 -0.153257
94.2788 -0.031823
94.3788 0.040294
94.4788 0.0660209
94.5788 0.0688806
94.6788 0.0751503
94.7788 0.0629753
94.8788 0.0983798
94.9788 0.154433
95.0788 0.164552
95.1788 0.102115
95.2788 0.0484364
95.3788 0.0674575
95.4788 0.0395954
95.5788 0.0784287
95.6788 0.0756216
95.7788 0.071988
95.8788 0.153035
95.9788 0.244789
96.0788 0.28631
96.1788 0.245511
96.2788 0.185216
96.3788 0.162379
96.4788 0.178006
96.5788 0.184888
96.6788 0.134104
96.7788 0.00485758
96.8788 -0.0248482
96.9788 -0.0161562
97.0788 0.00423915
97.1788 -0.0232342
97.2788 -0.0196395
97.3788 -0.0173156
97.4788 -0.0114582
97.5788 -0.000425526
97.6788 0.0209691
97.7788 0.0558202
97.8788 0.0474356
97.9788 0.00375485
98.0788 0.0315781
98.1788 0.0695939
98.2788 0.12848
98.3788 0.150919
98.4788 0.185346
98.5788 0.191852
98.6788 0.211243
98.7788 0.174518
98.8788 0.139509
98.9788 0.126403
99.0788 0.167276
99.1788 0.312999
99.2788 0.418905
99.3788 0.484793
99.4788 0.408365
99.5788 0.257939
99.6788 0.136944
99.7788 0.0361604
99.8788 -0.0740077
99.9788 -0.155492
