0.278735 0.120395
0.378735 -0.0382266
0.478735 -0.162684
0.578735 -0.241626
0.678735 -0.292578
0.778735 -0.249969
0.878735 -0.165567
0.978735 -0.0555556
1.07873 0.141454
1.17874 0.305245
1.27874 0.456532
1.37874 0.572564
1.47874 0.63713
1.57874 0.604561
1.67874 0.543279
1.77874 0.443759
1.87874 0.371324
1.97874 0.292536
2.07874 0.215509
2.17874 0.155686
2.27874 0.114505
2.37874 0.0630933
2.47874 0.000795236
2.57874 -0.0976856
2.67874 -0.149016
2.77874 -0.109173
2.87874 -0.0111675
2.97874 0.168586
3.07874 0.34966
3.17874 0.563403
3.27874 0.792932
3.37874 0.959766
3.47874 0.97893
3.57874 0.949507
3.67874 0.935673
3.77874 0.856346
3.87874 0.730883
3.97874 0.578397
4.07874 0.407164
4.17874 0.284981
4.27874 0.180339
4.37874 0.108206
4.47874 0.0502255
4.57874 -0.0221857
4.67874 -0.0525515
4.77874 0.00387891
4.87873 0.0333705
4.97873 0.0798584
5.07873 0.141935
5.17873 0.172795
5.27873 0.201881
5.37873 0.216362
5.47873 0.227424
5.57873 0.281966
5.67873 0.361248
5.77873 0.440466
5.87873 0.532398
5.97873 0.65123
6.07873 0.777401
6.17873 0.848429
6.27873 0.841745
6.37873 0.801857
6.47873 0.742698
6.57873 0.601436
6.67873 0.43177
6.77873 0.206433
6.87873 -0.0563202
6.97873 -0.251696
7.07873 -0.366049
7.17873 -0.40251
7.27873 -0.414445
7.37873 -0.3528
7.47873 -0.250536
7.57873 -0.109409
7.67873 0.045321
7.77873 0.194737
7.87873 0.322311
7.97873 0.414953
8.07873 0.48507
8.17873 0.526278
8.27873 0.554254
8.37873 0.560806
8.47873 0.585683
8.57873 0.623746
8.67873 0.625519
8.77873 0.606179
8.87873 0.619005
8.97873 0.652752
9.07873 0.694549
9.17873 0.701655
9.27873 0.657183
9.37873 0.543568
9.47873 0.422024
9.57873 0.318202
9.67873 0.225897
9.77873 0.162677
9.87873 0.137061
9.97873 0.137082
10.0787 0.169395
10.1787 0.192978
10.2787 0.203539
10.3787 0.189391
10.4787 0.173612
10.5787 0.152774
10.6787 0.138104
10.7787 0.167834
10.8787 0.257151
10.9787 0.350686
11.0787 0.413996
11.1787 0.430415
11.2787 0.390311
11.3787 0.323948
11.4787 0.267105
11.5787 0.197229
11.6787 0.13919
11.7787 0.139163
11.8787 0.189354
11.9787 0.204852
12.0787 0.176918
12.1787 0.159645
12.2787 0.192763
12.3787 0.212753
12.4787 0.241426
12.5787 0.315914
12.6787 0.40194
12.7787 0.463718
12.8787 0.485573
12.9787 0.489089
13.0787 0.492351
13.1787 0.457408
13.2787 0.369963
13.3787 0.324375
13.4787 0.319734
13.5787 0.312264
13.6787 0.344073
13.7787 0.434458
13.8787 0.546246
13.9787 0.670127
14.0787 0.732096
14.1787 0.738304
14.2787 0.674426
14.3787 0.52499
14.4787 0.309915
14.5787 0.133417
14.6787 0.0340896
14.7787 -0.00717499
14.8787 -0.0578228
14.9787 -0.078257
15.0787 -0.0692603
15.1787 -0.066029
15.2787 -0.0552569
15.3787 -0.0173222
15.4787 0.0697613
15.5787 0.197689
15.6787 0.38707
15.7787 0.680516
15.8787 1.03453
15.9787 1.30504
16.0787 1.38797
16.1787 1.24719
16.2787 0.784015
16.3787 -0.0925162
16.4787 -1.38999
16.5787 -3.11924
16.6787 -5.01963
16.7787 -6.39495
16.8787 -6.46655
16.9787 -4.81539
17.0787 -1.40076
17.1787 3.82039
17.2787 10.9623
17.3787 19.2468
17.4787 26.3107
17.5787 29.3975
17.6787 26.5116
17.7787 15.5236
17.8787 -5.36699
17.9787 -35.31
18.0787 -66.7848
18.1787 -88.8147
18.2787 -94.0828
18.3787 -83.1762
18.4787 -59.9548
18.5787 -26.9793
18.6787 11.7185
18.7787 51.4046
18.8787 87.0395
18.9787 112.5
19.0787 122.533
19.1787 113.455
19.2787 83.9197
19.3787 40.784
19.4787 -4.03901
19.5787 -41.1926
19.6787 -68.9102
19.7787 -87.9694
19.8787 -97.2586
19.9787 -96.0516
20.0787 -86.921
20.1787 -73.108
20.2787 -56.5227
20.3787 -38.0954
20.4787 -18.747
20.5787 0.352098
20.6787 18.2782
20.7787 34.1069
20.8787 46.5815
20.9787 54.4195
21.0787 57.4713
21.1787 56.9287
21.2787 54.1136
21.3787 49.6553
21.4787 43.6123
21.5787 35.9293
21.6787 26.6131
21.7787 15.7257
21.8787 3.96307
21.9787 -7.33214
22.0787 -16.8711
22.1787 -24.2495
22.2787 -29.8158
22.3787 -34.2392
22.4787 -38.3418
22.5787 -42.5578
22.6787 -46.4531
22.7787 -48.5943
22.8787 -47.631
22.9787 -43.0105
23.0787 -35.1699
23.1787 -25.4722
23.2787 -15.5131
23.3787 -6.20234
23.4787 2.4186
23.5787 10.5429
23.6787 18.3156
23.7787 25.7436
23.8787 32.5197
23.9787 37.884
24.0787 40.965
24.1787 41.1877
24.2787 38.5807
24.3787 33.873
24.4787 28.1858
24.5787 22.4999
24.6787 17.1188
24.7787 11.8809
24.8787 6.57742
24.9787 1.26991
25.0787 -3.86927
25.1787 -8.56358
25.2787 -12.5206
25.3787 -15.5917
25.4787 -17.8286
25.5787 -19.5843
25.6787 -21.1863
25.7787 -22.6532
25.8787 -23.761
25.9787 -24.2088
26.0787 -23.7668
26.1787 -22.4163
26.2787 -20.3153
26.3787 -17.7239
26.4787 -14.8531
26.5787 -11.8256
26.6787 -8.67462
26.7787 -5.33287
26.8787 -1.7858
26.9787 1.80988
27.0787 5.18718
27.1787 8.13519
27.2787 10.5458
27.3787 12.4281
27.4787 13.9322
27.5787 15.2509
27.6787 16.4384
27.7787 17.4485
27.8787 18.0883
27.9787 18.2466
28.0787 17.8842
28.1787 16.9967
28.2787 15.665
28.3787 14.0225
28.4787 12.1789
28.5787 10.1387
28.6787 7.8425
28.7787 5.23009
28.8787 2.27021
28.9787 -0.999213
29.0787 -4.24625
29.1787 -7.16213
29.2787 -9.60025
29.3787 -11.5683
29.4787 -13.0992
29.5787 -14.3142
29.6787 -15.3302
29.7787 -16.2193
29.8787 -16.9743
29.9787 -17.5088
30.0787 -17.7836
30.1787 -17.6567
30.2787 -16.9839
30.3787 -15.6141
30.4787 -13.4326
30.5787 -10.4039
30.6787 -6.68531
30.7787 -2.6296
30.8787 1.32587
30.9787 4.73858
31.0787 7.25744
31.1787 8.6862
31.2787 9.08687
31.3787 8.77976
31.4787 8.21368
31.5787 7.77575
31.6787 7.63932
31.7787 7.74653
31.8787 8.05723
31.9787 8.60141
32.0787 9.3172
32.1787 10.0423
32.2787 10.6665
32.3787 11.2045
32.4787 11.693
32.5787 12.0126
32.6787 11.9789
32.7787 11.4253
32.8787 10.3239
32.9787 8.6652
33.0787 6.53838
33.1787 4.07536
33.2787 1.40233
33.3787 -1.34843
33.4787 -4.02478
33.5787 -6.55182
33.6787 -8.96334
33.7787 -11.2382
33.8787 -13.3268
33.9787 -15.0425
34.0787 -16.1556
34.1787 -16.5481
34.2787 -16.2611
34.3787 -15.4101
34.4787 -14.1599
34.5787 -12.5402
34.6787 -10.7264
34.7787 -8.8621
34.8787 -7.04552
34.9787 -5.31665
35.0787 -3.69122
35.1787 -2.17657
35.2787 -0.837569
35.3787 0.304088
35.4787 1.32669
35.5787 2.38149
35.6787 3.59273
35.7787 5.02384
35.8787 6.67149
35.9787 8.40982
36.0787 10.0953
36.1787 11.5067
36.2787 12.4728
36.3787 12.954
36.4787 12.9413
36.5787 12.4135
36.6787 11.4106
36.7787 10.0661
36.8787 8.55752
36.9787 7.03062
37.0787 5.56445
37.1787 4.16562
37.2787 2.87141
37.3787 1.6942
37.4787 0.611123
37.5787 -0.352885
37.6787 -1.26394
37.7787 -2.17018
37.8787 -3.09872
37.9787 -3.96833
38.0787 -4.61503
38.1787 -4.97793
38.2787 -5.08269
38.3787 -5.01725
38.4787 -4.82751
38.5787 -4.63754
38.6787 -4.62293
38.7787 -4.77423
38.8787 -5.07138
38.9787 -5.57742
39.0787 -6.19989
39.1787 -6.71582
39.2787 -6.99823
39.3787 -6.93786
39.4787 -6.49199
39.5787 -5.75665
39.6787 -4.85686
39.7787 -3.89058
39.8787 -2.95994
39.9787 -2.13458
40.0787 -1.41426
40.1787 -0.761692
40.2787 -0.017689
40.3787 0.889583
40.4787 1.92603
40.5787 3.01263
40.6787 4.03656
40.7787 4.97262
40.8787 5.75161
40.9787 6.31909
41.0787 6.63248
41.1787 6.75397
41.2787 6.81827
41.3787 6.91259
41.4787 7.01413
41.5787 7.11524
41.6787 7.17332
41.7787 7.0556
41.8787 6.75451
41.9787 6.30881
42.0787 5.70856
42.1787 4.99122
42.2787 4.20762
42.3787 3.37316
42.4787 2.50958
42.5787 1.61324
42.6787 0.675007
42.7787 -0.345463
42.8787 -1.44785
42.9787 -2.59989
43.0787 -3.72187
43.1787 -4.74834
43.2787 -5.62683
43.3787 -6.34648
43.4787 -6.89822
43.5787 -7.29305
43.6787 -7.53218
43.7787 -7.59806
43.8787 -7.3985
43.9787 -6.9309
44.0787 -6.28147
44.1787 -5.54934
44.2787 -4.7778
44.3787 -3.92218
44.4787 -3.01174
44.5787 -2.1262
44.6787 -1.33537
44.7787 -0.696442
44.8787 -0.211298
44.9787 0.178451
45.0787 0.573066
45.1787 0.998826
45.2787 1.41307
45.3787 1.82327
45.4787 2.22591
45.5787 2.64638
45.6787 3.06099
45.7787 3.48441
45.8787 3.90424
45.9787 4.28605
46.0787 4.59694
46.1787 4.84206
46.2787 5.00736
46.3787 5.06885
46.4787 5.05217
46.5787 4.95379
46.6787 4.76407
46.7787 4.53804
46.8787 4.28966
46.9787 4.0651
47.0787 3.82591
47.1787 3.49544
47.2787 3.06741
47.3787 2.60319
47.4787 2.13889
47.5787 1.62487
47.6787 1.02598
47.7787 0.370596
47.8787 -0.222854
47.9787 -0.685176
48.0787 -0.999683
48.1787 -1.22031
48.2787 -1.45625
48.3787 -1.79107
48.4787 -2.22396
48.5787 -2.72862
48.6787 -3.29356
48.7787 -3.84781
48.8787 -4.32555
48.9787 -4.66018
49.0787 -4.85736
49.1787 -4.90728
49.2787 -4.73803
49.3787 -4.3715
49.4787 -3.89772
49.5787 -3.41837
49.6787 -2.93816
49.7787 -2.43028
49.8787 -1.89396
49.9787 -1.39147
50.0787 -0.968712
50.1787 -0.597766
50.2787 -0.21927
50.3787 0.163993
50.4787 0.493969
50.5787 0.78622
50.6787 1.08106
50.7787 1.44172
50.8787 1.88121
50.9787 2.36689
51.0787 2.80231
51.1787 3.15006
51.2787 3.40059
51.3787 3.50721
51.4787 3.4999
51.5787 3.36197
51.6787 3.06463
51.7787 2.7362
51.8787 2.526
51.9787 2.53586
52.0787 2.85205
52.1787 3.52914
52.2787 4.51696
52.3787 5.61798
52.4787 6.5231
52.5787 6.88889
52.6787 6.42418
52.7787 5.00896
52.8787 2.70248
52.9787 -0.225952
53.0787 -3.22163
53.1787 -5.60676
53.2787 -6.91109
53.3787 -6.91129
53.4787 -5.73121
53.5787 -3.59657
53.6787 -1.04851
53.7787 1.27081
53.8787 2.89374
53.9787 3.62483
54.0787 3.51499
54.1787 2.68226
54.2787 1.36814
54.3787 -0.223357
54.4787 -1.89784
54.5787 -3.48232
54.6787 -4.89757
54.7787 -6.04289
54.8787 -6.83497
54.9787 -7.16326
55.0787 -6.97697
55.1787 -6.29109
55.2787 -5.19877
55.3787 -3.90914
55.4787 -2.60752
55.5787 -1.46409
55.6787 -0.507314
55.7787 0.278675
55.8787 0.949708
55.9787 1.56083
56.0787 2.12973
56.1787 2.59011
56.2787 2.91727
56.3787 3.16316
56.4787 3.34555
56.5787 3.4242
56.6787 3.40907
56.7787 3.40027
56.8787 3.4509
56.9787 3.53675
57.0787 3.61977
57.1787 3.68665
57.2787 3.65298
57.3787 3.4976
57.4787 3.2644
57.5787 3.0522
57.6787 2.90008
57.7787 2.76546
57.8787 2.59447
57.9787 2.35299
58.0787 2.01032
58.1787 1.52622
58.2787 0.936157
58.3787 0.390686
58.4787 -0.0498476
58.5787 -0.395422
58.6787 -0.628264
58.7787 -0.726932
58.8787 -0.661001
58.9787 -0.508255
59.0787 -0.355206
59.1787 -0.359597
59.2787 -0.599936
59.3787 -1.04994
59.4787 -1.6005
59.5787 -2.16596
59.6787 -2.67318
59.7787 -3.07151
59.8787 -3.25585
59.9787 -3.16951
60.0787 -2.83115
60.1787 -2.36563
60.2787 -1.90848
60.3787 -1.50431
60.4787 -1.12821
60.5787 -0.812532
60.6787 -0.611404
60.7787 -0.513639
60.8787 -0.507124
60.9787 -0.568676
61.0787 -0.635451
61.1787 -0.66483
61.2787 -0.625815
61.3787 -0.525957
61.4787 -0.371599
61.5787 -0.151535
61.6787 0.106986
61.7787 0.331281
61.8787 0.532524
61.9787 0.77186
62.0787 1.05136
62.1787 1.37223
62.2787 1.76814
62.3787 2.23293
62.4787 2.67167
62.5787 2.98753
62.6787 3.16639
62.7787 3.19966
62.8787 3.12488
62.9787 2.99844
63.0787 2.88369
63.1787 2.79185
63.2787 2.75252
63.3787 2.74166
63.4787 2.75948
63.5787 2.7658
63.6787 2.72373
63.7787 2.60119
63.8787 2.37172
63.9787 1.96319
64.0787 1.45342
64.1787 0.947959
64.2787 0.448791
64.3787 -0.0563503
64.4787 -0.520631
64.5787 -0.922401
64.6787 -1.27514
64.7787 -1.55609
64.8787 -1.75716
64.9787 -1.9753
65.0787 -2.24272
65.1787 -2.59181
65.2787 -2.96527
65.3787 -3.27694
65.4787 -3.40397
65.5787 -3.33973
65.6787 -3.16733
65.7787 -2.89417
65.8787 -2.49603
65.9787 -2.00072
66.0787 -1.50719
66.1787 -1.09658
66.2787 -0.806238
66.3787 -0.592815
66.4787 -0.411722
66.5787 -0.225361
66.6787 0.0166038
66.7787 0.329022
66.8787 0.644042
66.9787 0.879628
67.0787 1.06387
67.1787 1.23415
67.2787 1.38404
67.3787 1.53719
67.4787 1.7103
67.5787 1.87221
67.6787 2.03586
67.7787 2.2029
67.8787 2.34316
67.9787 2.41601
68.0787 2.43799
68.1787 2.48193
68.2787 2.54684
68.3787 2.57984
68.4787 2.55538
68.5787 2.47124
68.6787 2.35766
68.7787 2.22108
68.8787 2.02466
68.9787 1.77158
69.0787 1.44745
69.1787 1.03327
69.2787 0.689957
69.3787 0.500667
69.4787 0.378197
69.5787 0.296819
69.6787 0.261956
69.7787 0.282682
69.8787 0.254584
69.9787 0.0985625
70.0787 -0.222684
70.1787 -0.619185
70.2787 -1.02722
70.3787 -1.44177
70.4787 -1.83351
70.5787 -2.0812
70.6787 -2.2074
70.7787 -2.23563
70.8787 -2.10699
70.9787 -1.84917
71.0787 -1.51305
71.1787 -1.17982
71.2787 -0.854353
71.3787 -0.577896
71.4787 -0.347128
71.5787 -0.203274
71.6787 -0.142376
71.7787 -0.224987
71.8787 -0.364116
71.9787 -0.478951
72.0787 -0.556171
72.1787 -0.545584
72.2787 -0.418446
72.3787 -0.194112
72.4787 0.166363
72.5787 0.550089
72.6787 0.915664
72.7787 1.13363
72.8787 1.21016
72.9787 1.28656
73.0787 1.3096
73.1787 1.29785
73.2787 1.26033
73.3787 1.23226
73.4787 1.25959
73.5787 1.33785
73.6787 1.4167
73.7787 1.43278
73.8787 1.38131
73.9787 1.32028
74.0787 1.24034
74.1787 1.15843
74.2787 1.06908
74.3787 0.981579
74.4787 0.911129
74.5787 0.851249
74.6787 0.75139
74.7787 0.714786
74.8787 0.800004
74.9787 0.924937
75.0787 0.987209
75.1787 0.950031
75.2787 0.850898
75.3787 0.707536
75.4787 0.515794
75.5787 0.219379
75.6787 -0.124461
75.7787 -0.41364
75.8787 -0.664234
75.9787 -0.810843
76.0787 -0.847498
76.1787 -0.870835
76.2787 -0.967278
76.3787 -1.10388
76.4787 -1.19547
76.5787 -1.23991
76.6787 -1.20554
76.7787 -1.13726
76.8787 -1.04724
76.9787 -0.969156
77.0787 -0.840993
77.1787 -0.650515
77.2787 -0.447601
77.3787 -0.200572
77.4787 0.0767261
77.5787 0.263004
77.6787 0.45038
77.7787 0.580654
77.8787 0.702849
77.9787 0.72515
78.0787 0.684166
78.1787 0.601587
78.2787 0.514925
78.3787 0.390189
78.4787 0.305852
78.5787 0.26191
78.6787 0.278665
78.7787 0.325924
78.8787 0.483473
78.9787 0.617036
79.0787 0.732004
79.1787 0.729435
79.2787 0.68089
79.3787 0.608918
79.4787 0.582995
79.5787 0.590192
79.6787 0.584142
79.7787 0.576955
79.8787 0.564433
79.9787 0.538081
80.0787 0.571745
80.1787 0.605607
80.2787 0.63014
80.3787 0.676781
80.4787 0.695873
80.5787 0.660151
80.6787 0.613872
80.7787 0.592553
80.8787 0.509425
80.9787 0.412119
81.0787 0.335747
81.1787 0.267377
81.2787 0.177871
81.3787 0.0768873
81.4787 -0.0407668
81.5787 -0.0999147
81.6787 -0.121607
81.7787 -0.164373
81.8787 -0.167145
81.9787 -0.239812
82.0787 -0.327264
82.1787 -0.368419
82.2787 -0.378934
82.3787 -0.433001
82.4787 -0.475717
82.5787 -0.452937
82.6787 -0.416839
82.7787 -0.363745
82.8787 -0.327731
82.9787 -0.277201
83.0787 -0.237809
83.1787 -0.208116
83.2787 -0.0700741
83.3787 0.0168977
83.4787 0.0911065
83.5787 0.113148
83.6787 0.159297
83.7787 0.185754
83.8787 0.262228
83.9787 0.312949
84.0787 0.315297
84.1787 0.245102
84.2787 0.171815
84.3787 0.11724
84.4787 0.133163
84.5787 0.187988
84.6787 0.182121
84.7787 0.195939
84.8787 0.211191
84.9787 0.21405
85.0787 0.233954
85.1787 0.274626
85.2787 0.323571
85.3787 0.400709
85.4787 0.486242
85.5787 0.563283
85.6787 0.626626
85.7787 0.708543
85.8787 0.730751
85.9787 0.64516
86.0787 0.478525
86.1787 0.318979
86.2787 0.170941
86.3787 0.0945069
86.4787 0.00744572
86.5787 -0.0664391
86.6787 -0.0569088
86.7787 -0.0190118
86.8787 0.0206359
86.9787 0.0961738
87.0787 0.159759
87.1787 0.200144
87.2787 0.209948
87.3787 0.196775
87.4787 0.142107
87.5787 0.0776671
87.6787 0.0266185
87.7787 0.0205039
87.8787 0.0466413
87.9787 0.0463153
88.0787 0.00319835
88.1787 -0.0386732
88.2787 -0.0594032
88.3787 -0.0584592
88.4787 -0.0590923
88.5787 -0.0664388
88.6787 -0.103943
88.7787 -0.113699
88.8787 -0.0845867
88.9787 0.00420559
89.0787 0.0799408
89.1787 0.0970134
89.2787 0.0733077
89.3787 0.00336145
89.4787 -0.0807495
89.5787 -0.200647
89.6787 -0.267514
89.7787 -0.282375
89.8787 -0.255459
89.9787 -0.114057
90.0787 0.026804
90.1787 0.168524
90.2787 0.216277
90.3787 0.215342
90.4787 0.188392
90.5787 0.173018
90.6787 0.174362
90.7787 0.162056
90.8787 0.0942391
90.9787 0.0470369
91.0787 0.0113628
91.1787 0.00698413
91.2787 0.0242356
91.3787 0.0618775
91.4787 0.134871
91.5787 0.189287
91.6787 0.239835
91.7787 0.255355
91.8787 0.28604
91.9787 0.331488
92.0787 0.342859
92.1787 0.348874
92.2787 0.346937
92.3787 0.343005
92.4787 0.340897
92.5787 0.335362
92.6787 0.306911
92.7787 0.241043
92.8787 0.158621
92.9787 0.0909982
93.0787 0.0253724
93.1787 -0.0626822
93.2787 -0.153463
93.3787 -0.225953
93.4787 -0.278268
93.5787 -0.311799
93.6787 -0.319276
93.7787 -0.31076
93.8787 -0.303297
93.9787 -0.256029
94.0787 -0.190266
94.1787 -0.116737
94.2787 -0.0538586
94.3787 0.0240864
94.4787 0.0933049
94.5787 0.16395
94.6787 0.197541
94.7787 0.215433
94.8787 0.200296
94.9787 0.176099
95.0787 0.123437
95.1787 0.0858914
95.2787 0.0489289
95.3787 0.0113843
95.4787 -0.0184671
95.5787 -0.00106278
95.6787 0.0236419
95.7787 0.0443845
95.8787 0.0680323
95.9787 0.0915036
96.0787 0.0916887
96.1787 0.104343
96.2787 0.0621653
96.3787 0.0317216
96.4787 0.0232483
96.5787 0.0144046
96.6787 0.015125
96.7787 -0.0322365
96.8787 -0.0497558
96.9787 -0.0675803
97.0787 -0.0769143
97.1787 -0.0727269
97.2787 -0.0578342
97.3787 0.00862935
97.4787 0.0515668
97.5787 0.0738698
97.6787 0.0976328
97.7787 0.0973324
97.8787 0.134388
97.9787 0.134293
98.0787 0.111764
98.1787 0.0760053
98.2787 0.0880094
98.3787 0.0724803
98.4787 0.0608855
98.5787 0.0645011
98.6787 0.0700581
98.7787 0.0841228
98.8787 0.0727867
98.9787 0.0458713
99.0787 0.0312546
99.1787 -0.0124274
99.2787 -0.0485579
99.3787 -0.0537142
99.4787 -0.0359392
99.5787 -0.0382783
99.6787 -0.0101083
99.7787 0.00140571
99.8787 0.0105741
99.9787 0.0180786
100.079 0.0395548
100.179 0.047471
100.279 0.0276018
100.379 0.00872871
100.479 -0.00777992
100.579 0.00604449
100.679 0.00794898
100.779 0.0257486
100.879 0.0282645
100.979 0.0411055
101.079 0.0366705
101.179 0.0366705
101.279 0.0366705
101.379 0.0366705
101.479 0.0366705
101.579 0.0366705
101.679 0.0366705
101.779 0.0366705
101.879 0.0366705
101.979 0.0366705
102.079 0.0366705
102.179 0.0366705
102.279 0.0366705
102.379 0.0366705
102.479 0.0366705
102.579 0.0366705
