-3.11014 1.41259
-3.01014 1.28814
-2.91014 1.03039
-2.81014 0.667463
-2.71014 0.281213
-2.61014 -0.127177
-2.51014 -0.53506
-2.41014 -0.805783
-2.31014 -0.973947
-2.21014 -1.03094
-2.11014 -1.03445
-2.01014 -0.995063
-1.91014 -0.837269
-1.81014 -0.586758
-1.71014 -0.326938
-1.61014 -0.0354388
-1.51014 0.241641
-1.41014 0.505526
-1.31014 0.712905
-1.21014 0.853124
-1.11014 0.953469
-1.01014 1.0025
-0.91014 0.964519
-0.81014 0.837564
-0.71014 0.625199
-0.61014 0.379887
-0.51014 0.136994
-0.41014 -0.0750762
-0.31014 -0.273316
-0.21014 -0.398501
-0.11014 -0.439393
-0.01014 -0.395286
0.08986 -0.271582
0.18986 -0.0250321
0.28986 0.319001
0.38986 0.680033
0.48986 0.986687
0.58986 1.19728
0.68986 1.32097
0.78986 1.35598
0.88986 1.25942
0.98986 1.07664
1.08986 0.813585
1.18986 0.494289
1.28986 0.200427
1.38986 -0.0522152
1.48986 -0.245097
1.58986 -0.369371
1.68986 -0.369134
1.78986 -0.228975
1.88986 -0.0492059
1.98986 0.0302109
2.08986 -0.0433042
2.18986 -0.253337
2.28986 -0.530584
2.38986 -0.80528
2.48986 -0.991159
2.58986 -0.994158
2.68986 -0.748184
2.78986 -0.327675
2.88986 0.192704
2.98986 0.678957
3.08986 1.03062
3.18986 1.1632
3.28986 1.10893
3.38986 0.925852
3.48986 0.664379
3.58986 0.331019
3.68986 -0.00791583
3.78986 -0.317958
3.88986 -0.52035
3.98986 -0.588038
4.08986 -0.525635
4.18986 -0.361448
4.28986 -0.145067
4.38986 0.0315294
4.48986 0.215929
4.58986 0.429906
4.68986 0.620044
4.78986 0.707215
4.88986 0.672204
4.98986 0.555677
5.08986 0.418056
5.18986 0.269585
5.28986 0.142417
5.38986 0.0718377
5.48986 0.0480264
5.58986 0.0210314
5.68986 0.0753453
5.78986 0.244646
5.88986 0.467199
5.98986 0.674135
6.08986 0.812192
6.18986 0.91629
6.28986 0.980019
6.38986 1.02053
6.48986 1.06819
6.58986 1.08779
6.68986 1.03267
6.78986 0.88681
6.88986 0.712718
6.98986 0.49217
7.08986 0.210397
7.18986 -0.158553
7.28986 -0.63883
7.38986 -1.14067
7.48986 -1.53756
7.58986 -1.70733
7.68986 -1.67209
7.78986 -1.45202
7.88986 -1.1069
7.98986 -0.717885
8.08986 -0.306293
8.18986 0.0684783
8.28986 0.375889
8.38986 0.596886
8.48986 0.643183
8.58986 0.563443
8.68986 0.472434
8.78986 0.385487
8.88986 0.358472
8.98986 0.443057
9.08986 0.612779
9.18986 0.761649
9.28986 0.808202
9.38986 0.761995
9.48986 0.664995
9.58986 0.573919
9.68986 0.486708
9.78986 0.395134
9.88986 0.331925
9.98986 0.301725
10.0899 0.307403
10.1899 0.348552
10.2899 0.338248
10.3899 0.232423
10.4899 0.116621
10.5899 0.00826678
10.6899 -0.0742729
10.7899 -0.118067
10.8899 -0.1783
10.9899 -0.274518
11.0899 -0.34478
11.1899 -0.299318
11.2899 -0.128882
11.3899 0.0935453
11.4899 0.265218
11.5899 0.397326
11.6899 0.500119
11.7899 0.521106
11.8899 0.485449
11.9899 0.442503
12.0899 0.465548
12.1899 0.556703
12.2899 0.643728
12.3899 0.717064
12.4899 0.781197
12.5899 0.938532
12.6899 1.08654
12.7899 1.12964
12.8899 0.923594
12.9899 0.377363
13.0899 -0.518257
13.1899 -1.77045
13.2899 -3.37878
13.3899 -5.22779
13.4899 -7.01493
13.5899 -8.04053
13.6899 -7.5985
13.7899 -5.28973
13.8899 -0.941895
13.9899 5.70216
14.0899 14.353
14.1899 23.3601
14.2899 29.9464
14.3899 31.7189
14.4899 27.3368
14.5899 14.4522
14.6899 -8.36714
14.7899 -38.4633
14.8899 -66.6506
14.9899 -83.303
15.0899 -84.9854
15.1899 -74.0634
15.2899 -51.6914
15.3899 -19.1919
15.4899 19.4433
15.5899 56.9886
15.6899 86.2374
15.7899 102.563
15.8899 104.74
15.9899 91.4632
16.0899 63.6125
16.1899 28.3962
16.2899 -5.28786
16.3899 -31.7398
16.4899 -51.0341
16.5899 -64.6864
16.6899 -72.8124
16.7899 -75.2723
16.8899 -72.7575
16.9899 -66.043
17.0899 -55.8117
17.1899 -42.4521
17.2899 -26.4171
17.3899 -8.92708
17.4899 8.06619
17.5899 22.9266
17.6899 35.0731
17.7899 44.4349
17.8899 50.9046
17.9899 54.6853
18.0899 56.1827
18.1899 55.4367
18.2899 52.1379
18.3899 45.939
18.4899 36.7115
18.5899 24.8373
18.6899 11.5985
18.7899 -1.11109
18.8899 -12.0549
18.9899 -21.0805
19.0899 -28.5654
19.1899 -34.9272
19.2899 -40.4648
19.3899 -45.1734
19.4899 -48.5162
19.5899 -49.5852
19.6899 -47.7468
19.7899 -42.9592
19.8899 -35.8236
19.9899 -27.4433
20.0899 -19.0116
20.1899 -11.091
20.2899 -3.67778
20.3899 3.46314
20.4899 10.474
20.5899 17.34
20.6899 23.753
20.7899 29.1684
20.8899 33.0992
20.9899 35.3719
21.0899 36.1117
21.1899 35.6196
21.2899 34.2457
21.3899 32.2324
21.4899 29.5684
21.5899 26.0618
21.6899 21.4885
21.7899 15.8207
21.8899 9.44585
21.9899 2.96747
22.0899 -3.13759
22.1899 -8.6143
22.2899 -13.3093
22.3899 -17.2684
22.4899 -20.6835
22.5899 -23.6055
22.6899 -25.8908
22.7899 -27.3664
22.8899 -27.8751
22.9899 -27.4411
23.0899 -26.2701
23.1899 -24.6373
23.2899 -22.7433
23.3899 -20.6257
23.4899 -18.156
23.5899 -15.1836
23.6899 -11.668
23.7899 -7.73688
23.8899 -3.56407
23.9899 0.766277
24.0899 5.0138
24.1899 9.02029
24.2899 12.7525
24.3899 16.1167
24.4899 18.9671
24.5899 21.2367
24.6899 22.7549
24.7899 23.3822
24.8899 23.1332
24.9899 22.1797
25.0899 20.7463
25.1899 18.9846
25.2899 17.007
25.3899 14.8453
25.4899 12.476
25.5899 9.88684
25.6899 7.08744
25.7899 4.21296
25.8899 1.35695
25.9899 -1.31771
26.0899 -3.75279
26.1899 -5.97326
26.2899 -7.99727
26.3899 -9.9187
26.4899 -11.7972
26.5899 -13.7212
26.6899 -15.6878
26.7899 -17.6308
26.8899 -19.4979
26.9899 -20.9574
27.0899 -21.6332
27.1899 -21.2544
27.2899 -19.6579
27.3899 -16.9797
27.4899 -13.4246
27.5899 -9.34639
27.6899 -5.29715
27.7899 -1.77796
27.8899 0.963653
27.9899 2.82672
28.0899 3.9238
28.1899 4.49398
28.2899 4.86303
28.3899 5.34504
28.4899 6.10409
28.5899 7.15591
28.6899 8.3492
28.7899 9.61479
28.8899 10.8908
28.9899 12.0305
29.0899 12.9444
29.1899 13.6978
29.2899 14.3571
29.3899 14.8696
29.4899 15.0877
29.5899 14.9538
29.6899 14.3953
29.7899 13.3493
29.8899 11.8097
29.9899 9.90792
30.0899 7.73392
30.1899 5.35042
30.2899 2.84058
30.3899 0.186977
30.4899 -2.60726
30.5899 -5.4591
30.6899 -8.27599
30.7899 -10.9446
30.8899 -13.2518
30.9899 -15.0981
31.0899 -16.3632
31.1899 -17.0592
31.2899 -17.2406
31.3899 -16.8717
31.4899 -15.9891
31.5899 -14.7645
31.6899 -13.2357
31.7899 -11.5074
31.8899 -9.70872
31.9899 -7.97182
32.0899 -6.45235
32.1899 -5.13983
32.2899 -3.94386
32.3899 -2.76819
32.4899 -1.41704
32.5899 0.306345
32.6899 2.40675
32.7899 4.74775
32.8899 7.05908
32.9899 9.16871
33.0899 10.957
33.1899 12.313
33.2899 13.1542
33.3899 13.4489
33.4899 13.25
33.5899 12.5994
33.6899 11.6759
33.7899 10.6443
33.8899 9.73483
33.9899 8.98317
34.0899 8.19664
34.1899 7.26032
34.2899 6.1846
34.3899 5.01873
34.4899 3.80646
34.5899 2.57804
34.6899 1.3955
34.7899 0.270967
34.8899 -0.777748
34.9899 -1.67191
35.0899 -2.34079
35.1899 -2.83875
35.2899 -3.27753
35.3899 -3.70892
35.4899 -4.1381
35.5899 -4.6706
35.6899 -5.35686
35.7899 -6.18922
35.8899 -7.09822
35.9899 -7.95769
36.0899 -8.64019
36.1899 -9.01865
36.2899 -9.05661
36.3899 -8.85564
36.4899 -8.50059
36.5899 -8.01752
36.6899 -7.43821
36.7899 -6.87298
36.8899 -6.31783
36.9899 -5.64955
37.0899 -4.76872
37.1899 -3.69444
37.2899 -2.42864
37.3899 -1.04332
37.4899 0.367634
37.5899 1.69602
37.6899 2.83403
37.7899 3.82219
37.8899 4.56173
37.9899 5.07252
38.0899 5.5378
38.1899 6.06214
38.2899 6.72236
38.3899 7.4766
38.4899 8.21332
38.5899 8.84529
38.6899 9.28275
38.7899 9.50097
38.8899 9.49959
38.9899 9.2665
39.0899 8.77786
39.1899 8.16149
39.2899 7.49633
39.3899 6.7289
39.4899 5.79165
39.5899 4.68181
39.6899 3.40394
39.7899 1.99916
39.8899 0.553312
39.9899 -0.86454
40.0899 -2.20694
40.1899 -3.44848
40.2899 -4.56816
40.3899 -5.5531
40.4899 -6.38368
40.5899 -7.04211
40.6899 -7.45964
40.7899 -7.73141
40.8899 -7.9144
40.9899 -7.95942
41.0899 -7.90872
41.1899 -7.73849
41.2899 -7.41526
41.3899 -6.93884
41.4899 -6.31619
41.5899 -5.54672
41.6899 -4.66
41.7899 -3.70854
41.8899 -2.82069
41.9899 -2.05893
42.0899 -1.36099
42.1899 -0.739224
42.2899 -0.186454
42.3899 0.283499
42.4899 0.70311
42.5899 1.11451
42.6899 1.51762
42.7899 1.90798
42.8899 2.33
42.9899 2.77155
43.0899 3.21535
43.1899 3.73298
43.2899 4.31986
43.3899 4.88902
43.4899 5.31389
43.5899 5.59895
43.6899 5.76453
43.7899 5.8177
43.8899 5.77823
43.9899 5.66704
44.0899 5.46671
44.1899 5.16288
44.2899 4.84199
44.3899 4.54527
44.4899 4.25261
44.5899 3.93754
44.6899 3.60629
44.7899 3.25022
44.8899 2.88877
44.9899 2.50148
45.0899 2.03668
45.1899 1.52902
45.2899 0.965464
45.3899 0.420845
45.4899 -0.178639
45.5899 -0.901205
45.6899 -1.72853
45.7899 -2.57527
45.8899 -3.44706
45.9899 -4.29881
46.0899 -5.08144
46.1899 -5.76326
46.2899 -6.28477
46.3899 -6.63772
46.4899 -6.83261
46.5899 -6.85466
46.6899 -6.68835
46.7899 -6.3256
46.8899 -5.84617
46.9899 -5.32065
47.0899 -4.72953
47.1899 -4.12012
47.2899 -3.53324
47.3899 -3.01426
47.4899 -2.47371
47.5899 -1.86289
47.6899 -1.14726
47.7899 -0.424087
47.8899 0.338563
47.9899 1.08526
48.0899 1.77826
48.1899 2.30645
48.2899 2.56348
48.3899 2.62686
48.4899 2.63274
48.5899 2.64483
48.6899 2.8261
48.7899 3.35869
48.8899 4.29275
48.9899 5.56577
49.0899 7.05456
49.1899 8.51625
49.2899 9.68323
49.3899 10.2044
49.4899 9.70328
49.5899 8.03219
49.6899 5.34021
49.7899 2.07045
49.8899 -1.00545
49.9899 -3.12066
50.0899 -4.07117
50.1899 -3.9065
50.2899 -2.7115
50.3899 -0.804168
50.4899 1.40747
50.5899 3.39063
50.6899 4.64789
50.7899 4.99952
50.8899 4.53702
50.9899 3.51489
51.0899 2.11469
51.1899 0.528433
51.2899 -1.08927
51.3899 -2.73769
51.4899 -4.39205
51.5899 -5.84857
51.6899 -7.00107
51.7899 -7.75884
51.8899 -8.09558
51.9899 -8.04387
52.0899 -7.60346
52.1899 -6.86403
52.2899 -5.99308
52.3899 -5.16105
52.4899 -4.4381
52.5899 -3.81952
52.6899 -3.19511
52.7899 -2.50445
52.8899 -1.72573
52.9899 -0.917708
53.0899 -0.156457
53.1899 0.510962
53.2899 1.04449
53.3899 1.41636
53.4899 1.70409
53.5899 1.94052
53.6899 2.16154
53.7899 2.41416
53.8899 2.63257
53.9899 2.80942
54.0899 2.99365
54.1899 3.17746
54.2899 3.38946
54.3899 3.66782
54.4899 4.02226
54.5899 4.40796
54.6899 4.70919
54.7899 4.85215
54.8899 4.85919
54.9899 4.69946
55.0899 4.32588
55.1899 3.81812
55.2899 3.28289
55.3899 2.76081
55.4899 2.33971
55.5899 2.06423
55.6899 1.93587
55.7899 1.91152
55.8899 1.85492
55.9899 1.70714
56.0899 1.44686
56.1899 0.985001
56.2899 0.289365
56.3899 -0.54238
56.4899 -1.41152
56.5899 -2.20133
56.6899 -2.80077
56.7899 -3.16979
56.8899 -3.32903
56.9899 -3.38265
57.0899 -3.37649
57.1899 -3.30992
57.2899 -3.2633
57.3899 -3.29516
57.4899 -3.38278
57.5899 -3.43572
57.6899 -3.31341
57.7899 -3.07517
57.8899 -2.86621
57.9899 -2.78118
58.0899 -2.80055
58.1899 -2.83223
58.2899 -2.87338
58.3899 -2.85283
58.4899 -2.73839
58.5899 -2.56454
58.6899 -2.28832
58.7899 -1.88591
58.8899 -1.36308
58.9899 -0.746899
59.0899 -0.0843392
59.1899 0.547939
59.2899 1.14005
59.3899 1.7263
59.4899 2.36176
59.5899 2.93242
59.6899 3.38702
59.7899 3.73185
59.8899 4.01784
59.9899 4.28296
60.0899 4.51641
60.1899 4.68863
60.2899 4.72927
60.3899 4.66932
60.4899 4.57944
60.5899 4.52705
60.6899 4.49213
60.7899 4.43243
60.8899 4.2657
60.9899 3.95974
61.0899 3.55956
61.1899 3.04159
61.2899 2.47454
61.3899 1.84026
61.4899 1.16394
61.5899 0.47693
61.6899 -0.160353
61.7899 -0.746005
61.8899 -1.33263
61.9899 -1.89958
62.0899 -2.43714
62.1899 -2.93957
62.2899 -3.33495
62.3899 -3.59117
62.4899 -3.6512
62.5899 -3.56324
62.6899 -3.4391
62.7899 -3.32708
62.8899 -3.22581
62.9899 -3.0967
63.0899 -2.93246
63.1899 -2.81599
63.2899 -2.78766
63.3899 -2.85953
63.4899 -2.99221
63.5899 -2.97722
63.6899 -2.76993
63.7899 -2.45937
63.8899 -2.12936
63.9899 -1.72719
64.0899 -1.21681
64.1899 -0.62538
64.2899 0.0170088
64.3899 0.611357
64.4899 1.11178
64.5899 1.56182
64.6899 1.94462
64.7899 2.27797
64.8899 2.55566
64.9899 2.82398
65.0899 3.12206
65.1899 3.37264
65.2899 3.54255
65.3899 3.59191
65.4899 3.47024
65.5899 3.28091
65.6899 3.03978
65.7899 2.78436
65.8899 2.52589
65.9899 2.26133
66.0899 1.97306
66.1899 1.72652
66.2899 1.61656
66.3899 1.60562
66.4899 1.64051
66.5899 1.53184
66.6899 1.28315
66.7899 0.864736
66.8899 0.362567
66.9899 -0.166292
67.0899 -0.65076
67.1899 -1.08327
67.2899 -1.37766
67.3899 -1.40334
67.4899 -1.38666
67.5899 -1.33497
67.6899 -1.29014
67.7899 -1.18817
67.8899 -1.09729
67.9899 -1.10158
68.0899 -1.16661
68.1899 -1.27048
68.2899 -1.41144
68.3899 -1.44626
68.4899 -1.45944
68.5899 -1.39592
68.6899 -1.36158
68.7899 -1.38041
68.8899 -1.38863
68.9899 -1.32231
69.0899 -1.17689
69.1899 -1.05892
69.2899 -0.962485
69.3899 -0.855093
69.4899 -0.815588
69.5899 -0.769163
69.6899 -0.549757
69.7899 -0.246631
69.8899 0.0231757
69.9899 0.218967
70.0899 0.338152
70.1899 0.377695
70.2899 0.481318
70.3899 0.5741
70.4899 0.589429
70.5899 0.689319
70.6899 0.861208
70.7899 1.08571
70.8899 1.2492
70.9899 1.38025
71.0899 1.37903
71.1899 1.2222
71.2899 1.06864
71.3899 0.92727
71.4899 0.802492
71.5899 0.809268
71.6899 0.895972
71.7899 1.04051
71.8899 1.21172
71.9899 1.40246
72.0899 1.57137
72.1899 1.61511
72.2899 1.47
72.3899 1.22921
72.4899 0.861574
72.5899 0.487144
72.6899 0.120498
72.7899 -0.149967
72.8899 -0.315051
72.9899 -0.423545
73.0899 -0.526295
73.1899 -0.619966
73.2899 -0.646073
73.3899 -0.619546
73.4899 -0.577859
73.5899 -0.574808
73.6899 -0.551127
73.7899 -0.494397
73.8899 -0.390556
73.9899 -0.378198
74.0899 -0.447147
74.1899 -0.52065
74.2899 -0.525089
74.3899 -0.475995
74.4899 -0.445952
74.5899 -0.479586
74.6899 -0.495153
74.7899 -0.490946
74.8899 -0.417993
74.9899 -0.360366
75.0899 -0.405557
75.1899 -0.556641
75.2899 -0.675542
75.3899 -0.763459
75.4899 -0.750113
75.5899 -0.613564
75.6899 -0.463318
75.7899 -0.279212
75.8899 -0.0964268
75.9899 0.0605001
76.0899 0.174735
76.1899 0.280544
76.2899 0.416812
76.3899 0.560217
76.4899 0.750206
76.5899 0.950523
76.6899 1.07552
76.7899 1.17264
76.8899 1.17667
76.9899 1.20995
77.0899 1.19017
77.1899 1.15279
77.2899 0.962516
77.3899 0.758077
77.4899 0.592759
77.5899 0.459524
77.6899 0.284416
77.7899 0.11893
77.8899 -0.0549069
77.9899 -0.165265
78.0899 -0.276368
78.1899 -0.319159
78.2899 -0.338182
78.3899 -0.284705
78.4899 -0.18188
78.5899 -0.0705142
78.6899 0.0427801
78.7899 0.181361
78.8899 0.323876
78.9899 0.484393
79.0899 0.635245
79.1899 0.717192
79.2899 0.660436
79.3899 0.516033
79.4899 0.342453
79.5899 0.165819
79.6899 -0.0616419
79.7899 -0.311108
79.8899 -0.545508
79.9899 -0.666047
80.0899 -0.703037
80.1899 -0.700404
80.2899 -0.626426
80.3899 -0.460567
80.4899 -0.312493
80.5899 -0.163058
80.6899 -0.0052665
80.7899 0.0357684
80.8899 0.0572071
80.9899 0.0399082
81.0899 0.0839925
81.1899 0.0781613
81.2899 0.0895278
81.3899 0.085086
81.4899 0.0371929
81.5899 -0.0012208
81.6899 -0.0329093
81.7899 -0.0194348
81.8899 -0.0526841
81.9899 -0.0820634
82.0899 -0.122465
82.1899 -0.123208
82.2899 -0.132431
82.3899 -0.132705
82.4899 -0.202304
82.5899 -0.258368
82.6899 -0.228205
82.7899 -0.140609
82.8899 -0.0659757
82.9899 -0.0420561
83.0899 -0.0111362
83.1899 0.0627852
83.2899 0.221183
83.3899 0.379828
83.4899 0.576939
83.5899 0.668869
83.6899 0.667323
83.7899 0.620692
83.8899 0.576005
83.9899 0.512477
84.0899 0.410267
84.1899 0.218816
84.2899 0.0641506
84.3899 0.0265033
84.4899 0.0358681
84.5899 0.0856682
84.6899 0.105922
84.7899 0.0847865
84.8899 0.105378
84.9899 0.120625
85.0899 0.178372
85.1899 0.172386
85.2899 0.123519
85.3899 0.0698117
85.4899 0.0135343
85.5899 -0.0600345
85.6899 -0.0204269
85.7899 -0.0299336
85.8899 -0.0736997
85.9899 -0.112616
86.0899 -0.188315
86.1899 -0.290972
86.2899 -0.325936
86.3899 -0.306324
86.4899 -0.250534
86.5899 -0.206999
86.6899 -0.178622
86.7899 -0.140093
86.8899 -0.034028
86.9899 0.0554095
87.0899 0.131156
87.1899 0.180214
87.2899 0.159821
87.3899 0.0596101
87.4899 -0.103585
87.5899 -0.28379
87.6899 -0.44592
87.7899 -0.531795
87.8899 -0.516867
87.9899 -0.424851
88.0899 -0.25753
88.1899 -0.107744
88.2899 0.0579248
88.3899 0.219689
88.4899 0.334942
88.5899 0.385414
88.6899 0.412217
88.7899 0.371767
88.8899 0.305479
88.9899 0.198342
89.0899 0.0733405
89.1899 -0.0119976
89.2899 -0.071547
89.3899 -0.125178
89.4899 -0.110646
89.5899 -0.103612
89.6899 -0.0957793
89.7899 -0.0295761
89.8899 0.0201887
89.9899 0.151217
90.0899 0.272184
90.1899 0.374909
90.2899 0.365059
90.3899 0.335328
90.4899 0.249582
90.5899 0.173858
90.6899 0.0932152
90.7899 0.00879154
90.8899 -0.0907966
90.9899 -0.186782
91.0899 -0.2532
91.1899 -0.321448
91.2899 -0.291541
91.3899 -0.335438
91.4899 -0.272607
91.5899 -0.187556
91.6899 -0.0814994
91.7899 0.0140455
91.8899 0.118279
91.9899 0.203957
92.0899 0.249883
92.1899 0.2784
92.2899 0.262524
92.3899 0.210019
92.4899 0.123746
92.5899 0.00432364
92.6899 -0.0313488
92.7899 -0.10409
92.8899 -0.153603
92.9899 -0.203104
93.0899 -0.184396
93.1899 -0.167058
93.2899 -0.130757
93.3899 -0.0912932
93.4899 -0.0839374
93.5899 -0.0898205
93.6899 -0.0572433
93.7899 -0.0467078
93.8899 -0.0298256
93.9899 -0.0204027
94.0899 0.00601326
94.1899 0.0708902
94.2899 0.0860223
94.3899 0.108203
94.4899 0.0902558
94.5899 0.120131
94.6899 0.123117
94.7899 0.131346
94.8899 0.111184
94.9899 0.0906618
95.0899 0.0843689
95.1899 0.0538543
95.2899 0.0366902
95.3899 0.0151483
95.4899 -0.00235898
95.5899 0.00630028
95.6899 -0.00275812
95.7899 0.00196125
95.8899 -0.00267395
95.9899 0.0387918
96.0899 0.0560439
96.1899 0.0575737
96.2899 0.0658468
96.3899 0.0560731
96.4899 0.0568546
96.5899 0.0563682
96.6899 0.048637
96.7899 0.0332744
96.8899 0.0154916
96.9899 -0.00338578
97.0899 -0.0161828
97.1899 -0.0261575
97.2899 -0.0293219
97.3899 -0.0210597
97.4899 -0.00672199
97.5899 0.0197664
97.6899 0.022216
97.7899 0.0226129
97.8899 0.0216618
97.9899 0.0192361
98.0899 0.0152094
98.1899 0.0184303
98.2899 0.0184303
98.3899 0.0184303
98.4899 0.0184303
98.5899 0.0184303
98.6899 0.0184303
98.7899 0.0184303
98.8899 0.0184303
98.9899 0.0184303
99.0899 0.0184303
99.1899 0.0184303
