-2.95616 0.00833506
-2.85616 -0.248788
-2.75616 -0.412474
-2.65616 -0.53419
-2.55616 -0.542596
-2.45616 -0.511443
-2.35616 -0.507308
-2.25616 -0.470217
-2.15616 -0.444829
-2.05616 -0.442272
-1.95616 -0.49523
-1.85616 -0.450199
-1.75616 -0.306384
-1.65616 -0.144989
-1.55616 0.0151538
-1.45616 0.145776
-1.35616 0.259658
-1.25616 0.257635
-1.15616 0.252244
-1.05616 0.26074
-0.95616 0.239402
-0.85616 0.209389
-0.75616 0.140857
-0.65616 0.0680361
-0.55616 0.0930643
-0.45616 0.204527
-0.35616 0.328185
-0.25616 0.487837
-0.15616 0.6225
-0.05616 0.773159
0.04384 0.907512
0.14384 1.01184
0.24384 1.01138
0.34384 0.843056
0.44384 0.643362
0.54384 0.501228
0.64384 0.373348
0.74384 0.312024
0.84384 0.306469
0.94384 0.265168
1.04384 0.300904
1.14384 0.402214
1.24384 0.383967
1.34384 0.283641
1.44384 0.0676509
1.54384 -0.181131
1.64384 -0.414912
1.74384 -0.643732
1.84384 -0.855803
1.94384 -0.999251
2.04384 -1.02142
2.14384 -1.05834
2.24384 -0.936468
2.34384 -0.678404
2.44384 -0.467789
2.54384 -0.23728
2.64384 -0.0258916
2.74384 0.156134
2.84384 0.360185
2.94384 0.413928
3.04384 0.457409
3.14384 0.53955
3.24384 0.642387
3.34384 0.764238
3.44384 0.821377
3.54384 0.783415
3.64384 0.661213
3.74384 0.466721
3.84384 0.263117
3.94384 0.243583
4.04384 0.228673
4.14384 0.21188
4.24384 0.209152
4.34384 0.28865
4.44384 0.429316
4.54384 0.608271
4.64384 0.808901
4.74384 0.925563
4.84384 0.965602
4.94384 1.00414
5.04384 1.01143
5.14384 0.960418
5.24384 0.884732
5.34384 0.850496
5.44384 0.745648
5.54384 0.55797
5.64384 0.282454
5.74384 -0.0222705
5.84384 -0.395253
5.94384 -0.770884
6.04384 -1.06354
6.14384 -1.24171
6.24384 -1.35984
6.34384 -1.3063
6.44384 -1.14646
6.54384 -0.967794
6.64384 -0.730582
6.74384 -0.568259
6.84384 -0.551829
6.94384 -0.607571
7.04384 -0.674098
7.14384 -0.660612
7.24384 -0.542982
7.34384 -0.388647
7.44384 -0.301629
7.54384 -0.0642188
7.64384 0.172304
7.74384 0.491447
7.84384 0.811486
7.94384 1.13572
8.04384 1.28
8.14384 1.40502
8.24384 1.59154
8.34384 1.64332
8.44384 1.53699
8.54384 1.37697
8.64384 1.12841
8.74384 0.839352
8.84384 0.596914
8.94384 0.352686
9.04384 0.131999
9.14384 -0.104285
9.24384 -0.272038
9.34384 -0.341601
9.44384 -0.196875
9.54384 -0.00653858
9.64384 0.21907
9.74384 0.418965
9.84384 0.631561
9.94384 0.802168
10.0438 0.902747
10.1438 1.02106
10.2438 1.04225
10.3438 0.925922
10.4438 0.71752
10.5438 0.455723
10.6438 0.100793
10.7438 -0.214433
10.8438 -0.501991
10.9438 -0.782855
11.0438 -1.14113
11.1438 -1.46501
11.2438 -1.57048
11.3438 -1.55239
11.4438 -1.35599
11.5438 -0.996672
11.6438 -0.626379
11.7438 -0.291488
11.8438 0.0172327
11.9438 0.230373
12.0438 0.393889
12.1438 0.466764
12.2438 0.528842
12.3438 0.682575
12.4438 0.844962
12.5438 0.937309
12.6438 0.871441
12.7438 0.671386
12.8438 0.428927
12.9438 0.339736
13.0438 0.312279
13.1438 0.259116
13.2438 0.182185
13.3438 0.137471
13.4438 0.24866
13.5438 0.506077
13.6438 0.750031
13.7438 0.921301
13.8438 0.986587
13.9438 0.996939
14.0438 0.989698
14.1438 1.01145
14.2438 1.062
14.3438 1.15442
14.4438 1.2534
14.5438 1.30005
14.6438 1.28649
14.7438 1.12682
14.8438 0.786429
14.9438 0.424458
15.0438 0.0984327
15.1438 -0.20421
15.2438 -0.413569
15.3438 -0.510082
15.4438 -0.50882
15.5438 -0.451411
15.6438 -0.38735
15.7438 -0.325238
15.8438 -0.326007
15.9438 -0.402269
16.0438 -0.564483
16.1438 -0.693487
16.2438 -0.727387
16.3438 -0.691045
16.4438 -0.640297
16.5438 -0.528565
16.6438 -0.426374
16.7438 -0.34639
16.8438 -0.258813
16.9438 -0.15361
17.0438 -0.0147584
17.1438 0.122357
17.2438 0.211931
17.3438 0.262718
17.4438 0.31559
17.5438 0.410357
17.6438 0.585812
17.7438 0.794395
17.8438 0.924341
17.9438 0.901568
18.0438 0.736276
18.1438 0.625785
18.2438 0.619494
18.3438 0.643766
18.4438 0.647901
18.5438 0.686425
18.6438 0.818516
18.7438 1.06233
18.8438 1.34074
18.9438 1.52105
19.0438 1.41564
19.1438 1.06856
19.2438 0.671872
19.3438 0.335366
19.4438 0.115923
19.5438 -0.0336704
19.6438 -0.165909
19.7438 -0.273207
19.8438 -0.212398
19.9438 0.0748821
20.0438 0.433624
20.1438 0.718091
20.2438 0.877453
20.3438 0.902602
20.4438 0.812478
20.5438 0.639672
20.6438 0.381565
20.7438 0.0996478
20.8438 -0.211827
20.9438 -0.510922
21.0438 -0.714109
21.1438 -0.830571
21.2438 -0.935992
21.3438 -1.10313
21.4438 -1.28019
21.5438 -1.49483
21.6438 -1.673
21.7438 -1.71179
21.8438 -1.59338
21.9438 -1.39465
22.0438 -1.16662
22.1438 -0.880951
22.2438 -0.562815
22.3438 -0.173452
22.4438 0.250466
22.5438 0.674775
22.6438 1.15253
22.7438 1.62806
22.8438 2.02654
22.9438 2.35123
23.0438 2.60926
23.1438 2.73307
23.2438 2.67244
23.3438 2.44312
23.4438 2.06938
23.5438 1.64049
23.6438 1.24758
23.7438 0.942096
23.8438 0.717629
23.9438 0.550489
24.0438 0.320035
24.1438 0.0536246
24.2438 -0.126429
24.3438 -0.276381
24.4438 -0.422112
24.5438 -0.529503
24.6438 -0.617972
24.7438 -0.644969
24.8438 -0.574676
24.9438 -0.427984
25.0438 -0.289308
25.1438 -0.240906
25.2438 -0.281873
25.3438 -0.379858
25.4438 -0.509033
25.5438 -0.522737
25.6438 -0.365391
25.7438 -0.0598427
25.8438 0.2396
25.9438 0.512724
26.0438 0.839329
26.1438 1.24883
26.2438 1.66649
26.3438 1.82722
26.4438 1.56554
26.5438 0.801454
26.6438 -0.560208
26.7438 -2.54041
26.8438 -5.12629
26.9438 -8.37362
27.0438 -11.3956
27.1438 -12.8508
27.2438 -11.648
27.3438 -7.43321
27.4438 -0.0905635
27.5438 10.5254
27.6438 23.7633
27.7438 36.9737
27.8438 46.1968
27.9438 48.2447
28.0438 41.1563
28.1438 20.147
28.2438 -16.9114
28.3438 -62.4695
28.4438 -101.656
28.5438 -122.075
28.6438 -120.968
28.7438 -102.94
28.8438 -71.1717
28.9438 -28.9043
29.0438 18.473
29.1438 65.0188
29.2438 105.173
29.3438 133.053
29.4438 143.135
29.5438 133.192
29.6438 105.588
29.7438 66.8649
29.8438 25.5282
29.9438 -11.8761
30.0438 -43.1613
30.1438 -68.8913
30.2438 -89.1582
30.3438 -102.031
30.4438 -106.138
30.5438 -101.934
30.6438 -91.205
30.7438 -75.8194
30.8438 -57.2829
30.9438 -37.1663
31.0438 -17.19
31.1438 1.48451
31.2438 18.611
31.3438 34.309
31.4438 48.5877
31.5438 61.3896
31.6438 72.4529
31.7438 80.9891
31.8438 85.4618
31.9438 84.471
32.0438 77.674
32.1438 66.1143
32.2438 51.5509
32.3438 35.7174
32.4438 19.6082
32.5438 3.55466
32.6438 -12.5458
32.7438 -28.9075
32.8438 -45.3245
32.9438 -60.5249
33.0438 -72.4456
33.1438 -79.0946
33.2438 -79.8053
33.3438 -75.3557
33.4438 -67.1735
33.5438 -56.9137
33.6438 -45.9196
33.7438 -34.967
33.8438 -24.2921
33.9438 -13.9004
34.0438 -3.72245
34.1438 6.27685
34.2438 16.0136
34.3438 25.2359
34.4438 33.6181
34.5438 40.8431
34.6438 46.7353
34.7438 51.1273
34.8438 53.8066
34.9438 54.5058
35.0438 53.0529
35.1438 49.3384
35.2438 43.5053
35.3438 35.9657
35.4438 27.4612
35.5438 18.6281
35.6438 10.0285
35.7438 1.97817
35.8438 -5.52001
35.9438 -12.5264
36.0438 -19.0959
36.1438 -25.0152
36.2438 -30.0315
36.3438 -33.9784
36.4438 -36.6669
36.5438 -38.1278
36.6438 -38.4914
36.7438 -37.9341
36.8438 -36.675
36.9438 -34.7705
37.0438 -32.2629
37.1438 -29.0444
37.2438 -25.1155
37.3438 -20.6644
37.4438 -15.8667
37.5438 -10.8041
37.6438 -5.61622
37.7438 -0.39207
37.8438 4.78491
37.9438 9.80035
38.0438 14.5891
38.1438 18.9778
38.2438 22.7361
38.3438 25.6219
38.4438 27.5475
38.5438 28.7256
38.6438 29.3952
38.7438 29.6965
38.8438 29.5137
38.9438 28.7098
39.0438 27.1215
39.1438 24.7343
39.2438 21.6683
39.3438 18.07
39.4438 14.2182
39.5438 10.3864
39.6438 6.71229
39.7438 3.15856
39.8438 -0.344473
39.9438 -3.91054
40.0438 -7.72178
40.1438 -11.8625
40.2438 -16.3449
40.3438 -21.0026
40.4438 -25.4472
40.5438 -29.2317
40.6438 -31.9629
40.7438 -33.2155
40.8438 -32.534
40.9438 -29.8633
41.0438 -25.5939
41.1438 -20.5375
41.2438 -15.4581
41.3438 -10.9209
41.4438 -7.34317
41.5438 -4.8592
41.6438 -3.35885
41.7438 -2.4987
41.8438 -1.9285
41.9438 -1.23103
42.0438 -0.100156
42.1438 1.5343
42.2438 3.49942
42.3438 5.71946
42.4438 8.1565
42.5438 10.7048
42.6438 13.2243
42.7438 15.7419
42.8438 18.2669
42.9438 20.7122
43.0438 22.8619
43.1438 24.4956
43.2438 25.3896
43.3438 25.4999
43.4438 24.9017
43.5438 23.5732
43.6438 21.5218
43.7438 18.8093
43.8438 15.4824
43.9438 11.6163
44.0438 7.2774
44.1438 2.56242
44.2438 -2.34562
44.3438 -7.17783
44.4438 -11.6701
44.5438 -15.5416
44.6438 -18.5811
44.7438 -20.6649
44.8438 -21.8958
44.9438 -22.3266
45.0438 -22.1156
45.1438 -21.4805
45.2438 -20.5432
45.3438 -19.5403
45.4438 -18.6759
45.5438 -17.9827
45.6438 -17.3441
45.7438 -16.6434
45.8438 -15.6244
45.9438 -14.0537
46.0438 -11.8155
46.1438 -8.84296
46.2438 -5.25791
46.3438 -1.35746
46.4438 2.56245
46.5438 6.24753
46.6438 9.43455
46.7438 11.8899
46.8438 13.6005
46.9438 14.6791
47.0438 15.2634
47.1438 15.5283
47.2438 15.5857
47.3438 15.4284
47.4438 15.1269
47.5438 14.7557
47.6438 14.3308
47.7438 13.8524
47.8438 13.1633
47.9438 12.1629
48.0438 10.8936
48.1438 9.48907
48.2438 8.09002
48.3438 6.7774
48.4438 5.58507
48.5438 4.60292
48.6438 3.75125
48.7438 2.94983
48.8438 2.0587
48.9438 0.98663
49.0438 -0.253926
49.1438 -1.73958
49.2438 -3.55404
49.3438 -5.7006
49.4438 -7.97677
49.5438 -10.1806
49.6438 -11.9032
49.7438 -12.9012
49.8438 -13.3228
49.9438 -13.3889
50.0438 -13.3103
50.1438 -13.1829
50.2438 -13.1674
50.3438 -13.3451
50.4438 -13.5747
50.5438 -13.452
50.6438 -12.7912
50.7438 -11.5338
50.8438 -9.71599
50.9438 -7.59279
51.0438 -5.41094
51.1438 -3.27771
51.2438 -1.2595
51.3438 0.565976
51.4438 2.2395
51.5438 3.76504
51.6438 5.15935
51.7438 6.36739
51.8438 7.37842
51.9438 8.2927
52.0438 9.14275
52.1438 9.97962
52.2438 10.8043
52.3438 11.5388
52.4438 12.2257
52.5438 13.0048
52.6438 13.7903
52.7438 14.3451
52.8438 14.4875
52.9438 14.1449
53.0438 13.3627
53.1438 12.1734
53.2438 10.641
53.3438 8.83711
53.4438 6.88812
53.5438 4.94329
53.6438 3.07667
53.7438 1.24318
53.8438 -0.571932
53.9438 -2.36393
54.0438 -4.12201
54.1438 -5.90324
54.2438 -7.58705
54.3438 -9.06572
54.4438 -10.2914
54.5438 -11.2001
54.6438 -11.7012
54.7438 -11.8495
54.8438 -11.7549
54.9438 -11.3944
55.0438 -10.7226
55.1438 -9.82667
55.2438 -8.89356
55.3438 -8.11272
55.4438 -7.48655
55.5438 -6.94846
55.6438 -6.404
55.7438 -5.77802
55.8438 -5.03902
55.9438 -4.20775
56.0438 -3.31964
56.1438 -2.37743
56.2438 -1.43249
56.3438 -0.463512
56.4438 0.489954
56.5438 1.44309
56.6438 2.38478
56.7438 3.3398
56.8438 4.25875
56.9438 5.07684
57.0438 5.82463
57.1438 6.49624
57.2438 7.05988
57.3438 7.49829
57.4438 7.80287
57.5438 8.11204
57.6438 8.44048
57.7438 8.62472
57.8438 8.55754
57.9438 8.38127
58.0438 8.19449
58.1438 7.94135
58.2438 7.59485
58.3438 7.13787
58.4438 6.61975
58.5438 6.0048
58.6438 5.28646
58.7438 4.44946
58.8438 3.57977
58.9438 2.65645
59.0438 1.67824
59.1438 0.677107
59.2438 -0.343278
59.3438 -1.3475
59.4438 -2.40587
59.5438 -3.53287
59.6438 -4.67083
59.7438 -5.73337
59.8438 -6.66849
59.9438 -7.42221
60.0438 -7.96656
60.1438 -8.26241
60.2438 -8.22843
60.3438 -7.97806
60.4438 -7.6122
60.5438 -7.19872
60.6438 -6.73644
60.7438 -6.35655
60.8438 -5.97738
60.9438 -5.60222
61.0438 -5.21872
61.1438 -4.76987
61.2438 -4.22921
61.3438 -3.63946
61.4438 -2.97208
61.5438 -2.19223
61.6438 -1.39884
61.7438 -0.758804
61.8438 -0.332506
61.9438 -0.124088
62.0438 -0.0598567
62.1438 0.0474789
62.2438 0.481232
62.3438 1.34053
62.4438 2.70049
62.5438 4.6753
62.6438 7.17197
62.7438 9.86576
62.8438 12.1573
62.9438 13.4008
63.0438 13.1426
63.1438 11.3213
63.2438 8.28287
63.3438 4.65651
63.4438 1.21074
63.5438 -1.33221
63.6438 -2.49873
63.7438 -2.0651
63.8438 -0.28761
63.9438 2.39543
64.0438 5.37254
64.1438 7.91781
64.2438 9.49466
64.3438 10.0046
64.4438 9.52478
64.5438 8.30318
64.6438 6.59043
64.7438 4.51313
64.8438 2.22833
64.9438 -0.101614
65.0438 -2.41523
65.1438 -4.72373
65.2438 -6.84043
65.3438 -8.52079
65.4438 -9.77448
65.5438 -10.602
65.6438 -11.0564
65.7438 -11.1402
65.8438 -10.9702
65.9438 -10.6654
66.0438 -10.2629
66.1438 -9.71396
66.2438 -8.90232
66.3438 -7.77651
66.4438 -6.39743
66.5438 -4.94786
66.6438 -3.63916
66.7438 -2.47183
66.8438 -1.38302
66.9438 -0.354614
67.0438 0.550778
67.1438 1.32727
67.2438 2.00336
67.3438 2.48723
67.4438 2.84658
67.5438 3.10806
67.6438 3.3517
67.7438 3.6011
67.8438 3.90349
67.9438 4.36516
68.0438 4.9948
68.1438 5.71243
68.2438 6.40238
68.3438 6.94499
68.4438 7.16811
68.5438 6.97314
68.6438 6.45106
68.7438 5.75793
68.8438 5.02803
68.9438 4.41377
69.0438 3.97363
69.1438 3.70267
69.2438 3.6518
69.3438 3.73328
69.4438 3.809
69.5438 3.84269
69.6438 3.70684
69.7438 3.28135
69.8438 2.63374
69.9438 1.80716
70.0438 0.873608
70.1438 -0.0791777
70.2438 -0.995425
70.3438 -1.82329
70.4438 -2.48954
70.5438 -3.02698
70.6438 -3.50478
70.7438 -3.99339
70.8438 -4.41869
70.9438 -4.64298
71.0438 -4.61697
71.1438 -4.44495
71.2438 -4.28363
71.3438 -4.16682
71.4438 -4.06965
71.5438 -4.08648
71.6438 -4.14546
71.7438 -4.21936
71.8438 -4.29777
71.9438 -4.36511
72.0438 -4.46152
72.1438 -4.52083
72.2438 -4.46539
72.3438 -4.2004
72.4438 -3.73913
72.5438 -3.15371
72.6438 -2.50079
72.7438 -1.74942
72.8438 -0.920468
72.9438 -0.0712519
73.0438 0.706068
73.1438 1.43919
73.2438 2.14056
73.3438 2.77242
73.4438 3.35586
73.5438 3.89888
73.6438 4.33736
73.7438 4.69856
73.8438 5.05588
73.9438 5.38257
74.0438 5.59476
74.1438 5.69123
74.2438 5.7919
74.3438 5.91207
74.4438 6.04973
74.5438 6.11449
74.6438 6.06215
74.7438 5.87664
74.8438 5.56257
74.9438 5.13035
75.0438 4.59507
75.1438 3.93158
75.2438 3.14907
75.3438 2.30665
75.4438 1.42788
75.5438 0.605177
75.6438 -0.152327
75.7438 -0.858258
75.8438 -1.53184
75.9438 -2.25466
76.0438 -2.88074
76.1438 -3.318
76.2438 -3.54275
76.3438 -3.62918
76.4438 -3.69529
76.5438 -3.83591
76.6438 -4.04247
76.7438 -4.23514
76.8438 -4.40571
76.9438 -4.53395
77.0438 -4.72056
77.1438 -4.94627
77.2438 -5.0239
77.3438 -4.96441
77.4438 -4.76904
77.5438 -4.50313
77.6438 -4.26544
77.7438 -3.97814
77.8438 -3.50991
77.9438 -2.9158
78.0438 -2.29259
78.1438 -1.62848
78.2438 -0.913725
78.3438 -0.203565
78.4438 0.51471
78.5438 1.15378
78.6438 1.80689
78.7438 2.42969
78.8438 3.08788
78.9438 3.7101
79.0438 4.2051
79.1438 4.62397
79.2438 4.93268
79.3438 5.12496
79.4438 5.12189
79.5438 5.03154
79.6438 4.90409
79.7438 4.78881
79.8438 4.75514
79.9438 4.75234
80.0438 4.72043
80.1438 4.55831
80.2438 4.16738
80.3438 3.5532
80.4438 2.84139
80.5438 2.08488
80.6438 1.41932
80.7438 0.761373
80.8438 0.198209
80.9438 -0.224884
81.0438 -0.533237
81.1438 -0.86648
81.2438 -1.2147
81.3438 -1.52105
81.4438 -1.6978
81.5438 -1.75229
81.6438 -1.75016
81.7438 -1.66538
81.8438 -1.55076
81.9438 -1.44122
82.0438 -1.49483
82.1438 -1.64019
82.2438 -1.9414
82.3438 -2.32892
82.4438 -2.77175
82.5438 -3.0856
82.6438 -3.26811
82.7438 -3.30367
82.8438 -3.1482
82.9438 -2.87388
83.0438 -2.45893
83.1438 -1.99612
83.2438 -1.60236
83.3438 -1.31862
83.4438 -1.10917
83.5438 -0.919619
83.6438 -0.754702
83.7438 -0.500553
83.8438 -0.252583
83.9438 -0.0992477
84.0438 0.104251
84.1438 0.302856
84.2438 0.644908
84.3438 0.992578
84.4438 1.32532
84.5438 1.50799
84.6438 1.6164
84.7438 1.65908
84.8438 1.6124
84.9438 1.51496
85.0438 1.531
85.1438 1.73847
85.2438 2.1542
85.3438 2.63428
85.4438 3.08102
85.5438 3.40548
85.6438 3.43071
85.7438 3.25624
85.8438 2.9935
85.9438 2.73113
86.0438 2.38499
86.1438 1.91251
86.2438 1.47885
86.3438 1.06511
86.4438 0.752308
86.5438 0.482903
86.6438 0.0739203
86.7438 -0.33982
86.8438 -0.685387
86.9438 -0.883148
87.0438 -0.95087
87.1438 -1.02225
87.2438 -1.07662
87.3438 -1.16391
87.4438 -1.2183
87.5438 -1.24392
87.6438 -1.26654
87.7438 -1.28141
87.8438 -1.24185
87.9438 -1.19112
88.0438 -1.07659
88.1438 -0.863719
88.2438 -0.724014
88.3438 -0.703511
88.4438 -0.761626
88.5438 -0.849591
88.6438 -0.920493
88.7438 -0.953052
88.8438 -0.994276
88.9438 -0.993113
89.0438 -0.970064
89.1438 -0.998283
89.2438 -0.95566
89.3438 -0.809718
89.4438 -0.602546
89.5438 -0.382626
89.6438 -0.187026
89.7438 0.0293151
89.8438 0.266808
89.9438 0.454868
90.0438 0.642332
90.1438 0.842565
90.2438 0.971745
90.3438 1.15001
90.4438 1.28387
90.5438 1.44139
90.6438 1.58936
90.7438 1.64344
90.8438 1.63281
90.9438 1.56824
91.0438 1.49977
91.1438 1.36851
91.2438 1.22922
91.3438 1.0552
91.4438 0.896956
91.5438 0.748406
91.6438 0.522591
91.7438 0.32181
91.8438 0.139177
91.9438 0.0628172
92.0438 0.100371
92.1438 0.177645
92.2438 0.252825
92.3438 0.290485
92.4438 0.274479
92.5438 0.301257
92.6438 0.38845
92.7438 0.503002
92.8438 0.461921
92.9438 0.40675
93.0438 0.234093
93.1438 0.0452016
93.2438 -0.20175
93.3438 -0.466507
93.4438 -0.695726
93.5438 -0.890496
93.6438 -0.936202
93.7438 -0.886954
93.8438 -0.77789
93.9438 -0.684299
94.0438 -0.582275
94.1438 -0.528744
94.2438 -0.520618
94.3438 -0.496211
94.4438 -0.464214
94.5438 -0.570841
94.6438 -0.527985
94.7438 -0.448738
94.8438 -0.388152
94.9438 -0.274193
95.0438 -0.122597
95.1438 0.0876484
95.2438 0.192821
95.3438 0.235467
95.4438 0.227608
95.5438 0.190883
95.6438 0.0847533
95.7438 -0.0798051
95.8438 -0.167645
95.9438 -0.185986
96.0438 -0.0631997
96.1438 0.0848738
96.2438 0.245511
96.3438 0.390334
96.4438 0.519913
96.5438 0.593321
96.6438 0.631643
96.7438 0.675965
96.8438 0.588865
96.9438 0.476476
97.0438 0.413213
97.1438 0.405615
97.2438 0.49507
97.3438 0.597981
97.4438 0.577433
97.5438 0.519368
97.6438 0.576247
97.7438 0.663736
97.8438 0.710566
97.9438 0.645708
98.0438 0.544872
98.1438 0.326173
98.2438 0.0626991
98.3438 -0.201155
98.4438 -0.401042
98.5438 -0.55458
98.6438 -0.665129
98.7438 -0.716858
98.8438 -0.638407
98.9438 -0.549154
99.0438 -0.26404
99.1438 -0.0193023
99.2438 0.168288
99.3438 0.257866
