-6.48213 -0.223101
-6.38213 -0.196553
-6.28213 -0.172071
-6.18213 -0.104037
-6.08213 -0.0174728
-5.98213 0.059246
-5.88213 0.110977
-5.78213 0.170107
-5.68213 0.19766
-5.58213 0.183571
-5.48213 0.144347
-5.38213 0.0930633
-5.28213 -0.0543923
-5.18213 -0.0555124
-5.08213 -0.0596167
-4.98213 -0.0667185
-4.88213 -0.025561
-4.78213 0.00364879
-4.68213 0.102777
-4.58213 0.134562
-4.48213 0.152929
-4.38213 0.155922
-4.28213 0.121389
-4.18213 0.0894788
-4.08213 0.0795115
-3.98213 0.05763
-3.88213 -0.00355384
-3.78213 -0.0208603
-3.68213 -0.0512842
-3.58213 -0.0518651
-3.48213 -0.0578708
-3.38213 -0.0116737
-3.28213 -0.00701908
-3.18213 0.0155405
-3.08213 0.0435614
-2.98213 0.00429904
-2.88213 -0.0457819
-2.78213 -0.0652077
-2.68213 -0.0397668
-2.58213 -0.0398925
-2.48213 0.0193518
-2.38213 0.147653
-2.28213 0.296323
-2.18213 0.340333
-2.08213 0.347756
-1.98213 0.268607
-1.88213 0.0948844
-1.78213 -0.0927999
-1.68213 -0.174141
-1.58213 -0.232652
-1.48213 -0.240692
-1.38213 -0.200098
-1.28213 -0.110902
-1.18213 0.00782212
-1.08213 0.0474336
-0.982126 0.120067
-0.882126 0.179418
-0.782126 0.225955
-0.682126 0.226199
-0.582126 0.151843
-0.482126 0.0534357
-0.382126 -0.0103479
-0.282126 -0.103974
-0.182126 -0.111501
-0.082126 -0.0855023
0.017874 -0.0160165
0.117874 0.0730625
0.217874 0.210611
0.317874 0.294834
0.417874 0.29065
0.517874 0.238782
0.617874 0.165562
0.717874 0.081524
0.817874 -0.00916587
0.917874 -0.175706
1.01787 -0.24102
1.11787 -0.224161
1.21787 -0.129807
1.31787 -0.010528
1.41787 0.147719
1.51787 0.260718
1.61787 0.371259
1.71787 0.466553
1.81787 0.486774
1.91787 0.330172
2.01787 0.0897051
2.11787 -0.168859
2.21787 -0.367029
2.31787 -0.50552
2.41787 -0.525329
2.51787 -0.471663
2.61787 -0.354318
2.71787 -0.151376
2.81787 0.0471751
2.91787 0.215613
3.01787 0.284809
3.11787 0.303791
3.21787 0.250396
3.31787 0.236038
3.41787 0.223501
3.51787 0.189777
3.61787 0.13771
3.71787 0.0582843
3.81787 0.0585929
3.91787 0.0583891
4.01787 0.0290863
4.11787 -0.0958961
4.21787 -0.193236
4.31787 -0.311391
4.41787 -0.369304
4.51787 -0.382188
4.61787 -0.292515
4.71787 -0.169731
4.81787 -0.0284387
4.91787 0.129901
5.01787 0.345973
5.11787 0.517764
5.21787 0.627996
5.31787 0.642334
5.41787 0.636167
5.51787 0.548624
5.61787 0.429764
5.71787 0.345335
5.81787 0.263362
5.91787 0.191256
6.01787 0.0751831
6.11787 -0.0290486
6.21787 -0.0244778
6.31787 0.00730368
6.41787 0.028558
6.51787 -0.0447523
6.61787 -0.109712
6.71787 -0.0761181
6.81787 -0.107985
6.91787 -0.208745
7.01787 -0.31284
7.11787 -0.391414
7.21787 -0.404597
7.31787 -0.352977
7.41787 -0.255693
7.51787 -0.1581
7.61787 -0.0625429
7.71787 -0.0109438
7.81787 0.0906774
7.91787 0.158384
8.01787 0.174949
8.11787 0.133823
8.21787 0.0445668
8.31787 -0.119831
8.41787 -0.170693
8.51787 -0.14793
8.61787 -0.0878407
8.71787 -0.0569239
8.81787 0.0191415
8.91787 0.150554
9.01787 0.307705
9.11787 0.407484
9.21787 0.446738
9.31787 0.559026
9.41787 0.527506
9.51787 0.422237
9.61787 0.261318
9.71787 -0.0574081
9.81787 -0.328741
9.91787 -0.504269
10.0179 -0.531969
10.1179 -0.48517
10.2179 -0.312905
10.3179 -0.102176
10.4179 0.128343
10.5179 0.321769
10.6179 0.482627
10.7179 0.628901
10.8179 0.668107
10.9179 0.630905
11.0179 0.500485
11.1179 0.389007
11.2179 0.299545
11.3179 0.178433
11.4179 0.0311194
11.5179 -0.0525695
11.6179 -0.111313
11.7179 -0.14508
11.8179 -0.201127
11.9179 -0.120548
12.0179 0.117955
12.1179 0.348291
12.2179 0.4651
12.3179 0.517574
12.4179 0.447965
12.5179 0.227483
12.6179 -0.0478725
12.7179 -0.249013
12.8179 -0.390934
12.9179 -0.578322
13.0179 -0.721866
13.1179 -0.816231
13.2179 -0.78915
13.3179 -0.635353
13.4179 -0.449882
13.5179 -0.331715
13.6179 -0.20572
13.7179 -0.0317219
13.8179 0.102082
13.9179 0.290916
14.0179 0.481822
14.1179 0.582609
14.2179 0.685162
14.3179 0.824666
14.4179 0.859295
14.5179 0.855589
14.6179 0.815455
14.7179 0.752267
14.8179 0.522035
14.9179 0.332842
15.0179 0.162973
15.1179 0.0601766
15.2179 0.0283285
15.3179 0.0447312
15.4179 0.120564
15.5179 0.160843
15.6179 0.245718
15.7179 0.375154
15.8179 0.493786
15.9179 0.483111
16.0179 0.370199
16.1179 0.224093
16.2179 -0.0389116
16.3179 -0.317319
16.4179 -0.451281
16.5179 -0.399587
16.6179 -0.324047
16.7179 -0.220231
16.8179 -0.0714021
16.9179 0.165841
17.0179 0.402191
17.1179 0.585373
17.2179 0.674573
17.3179 0.554244
17.4179 0.300238
17.5179 0.0895334
17.6179 -0.0925806
17.7179 -0.224302
17.8179 -0.257292
17.9179 -0.225199
18.0179 -0.22084
18.1179 -0.224179
18.2179 -0.21197
18.3179 -0.259443
18.4179 -0.350028
18.5179 -0.405027
18.6179 -0.455623
18.7179 -0.415575
18.8179 -0.285225
18.9179 -0.126757
19.0179 0.0774304
19.1179 0.270804
19.2179 0.397184
19.3179 0.561718
19.4179 0.761438
19.5179 0.957855
19.6179 1.06486
19.7179 1.06818
19.8179 1.06169
19.9179 0.869745
20.0179 0.601302
20.1179 0.35309
20.2179 0.0912734
20.3179 -0.0508555
20.4179 -0.0927432
20.5179 -0.0240848
20.6179 0.153758
20.7179 0.346028
20.8179 0.432635
20.9179 0.350882
21.0179 0.207422
21.1179 -0.031495
21.2179 -0.287266
21.3179 -0.476516
21.4179 -0.643846
21.5179 -0.712863
21.6179 -0.660138
21.7179 -0.568888
21.8179 -0.453364
21.9179 -0.257768
22.0179 -0.0641038
22.1179 0.0285871
22.2179 0.055283
22.3179 0.00560369
22.4179 -0.0925807
22.5179 -0.186229
22.6179 -0.209752
22.7179 -0.135412
22.8179 0.0204734
22.9179 0.181489
23.0179 0.279306
23.1179 0.388965
23.2179 0.476988
23.3179 0.481328
23.4179 0.399997
23.5179 0.281081
23.6179 0.181156
23.7179 0.130442
23.8179 0.160966
23.9179 0.22198
24.0179 0.272183
24.1179 0.283121
24.2179 0.30546
24.3179 0.358989
24.4179 0.350703
24.5179 0.279166
24.6179 0.144355
24.7179 -0.00998452
24.8179 -0.133082
24.9179 -0.174972
25.0179 -0.13082
25.1179 -0.0530298
25.2179 0.0611027
25.3179 0.233531
25.4179 0.4242
25.5179 0.548027
25.6179 0.605211
25.7179 0.61903
25.8179 0.593459
25.9179 0.481338
26.0179 0.292594
26.1179 0.0512514
26.2179 -0.155382
26.3179 -0.241325
26.4179 -0.228212
26.5179 -0.183683
26.6179 -0.14285
26.7179 -0.143041
26.8179 -0.162781
26.9179 -0.227597
27.0179 -0.307554
27.1179 -0.364428
27.2179 -0.35118
27.3179 -0.246163
27.4179 -0.0824531
27.5179 0.140504
27.6179 0.458291
27.7179 0.739778
27.8179 0.856928
27.9179 0.839581
28.0179 0.759368
28.1179 0.654032
28.2179 0.443834
28.3179 0.0925078
28.4179 -0.347811
28.5179 -0.765739
28.6179 -1.05486
28.7179 -1.17081
28.8179 -1.0866
28.9179 -0.796037
29.0179 -0.389811
29.1179 0.0313753
29.2179 0.445945
29.3179 0.810156
29.4179 1.12052
29.5179 1.32145
29.6179 1.37055
29.7179 1.24533
29.8179 1.01109
29.9179 0.682866
30.0179 0.361469
30.1179 0.127499
30.2179 0.00224834
30.3179 -0.0910026
30.4179 -0.172483
30.5179 -0.233296
30.6179 -0.249238
30.7179 -0.23175
30.8179 -0.162724
30.9179 -0.160625
31.0179 -0.229543
31.1179 -0.269852
31.2179 -0.325805
31.3179 -0.379294
31.4179 -0.404705
31.5179 -0.394442
31.6179 -0.32139
31.7179 -0.211535
31.8179 -0.0741001
31.9179 0.11398
32.0179 0.281723
32.1179 0.376712
32.2179 0.463533
32.3179 0.522461
32.4179 0.539751
32.5179 0.545153
32.6179 0.574322
32.7179 0.665944
32.8179 0.77207
32.9179 0.828091
33.0179 0.827541
33.1179 0.777336
33.2179 0.671181
33.3179 0.508373
33.4179 0.242277
33.5179 -0.0700248
33.6179 -0.360215
33.7179 -0.600314
33.8179 -0.686125
33.9179 -0.586202
34.0179 -0.415716
34.1179 -0.25723
34.2179 -0.109506
34.3179 -0.00372781
34.4179 0.0129887
34.5179 -0.0512015
34.6179 -0.22654
34.7179 -0.429289
34.8179 -0.590102
34.9179 -0.644724
35.0179 -0.601679
35.1179 -0.45114
35.2179 -0.195537
35.3179 0.19303
35.4179 0.637261
35.5179 1.03931
35.6179 1.31278
35.7179 1.44294
35.8179 1.409
35.9179 1.31617
36.0179 1.18933
36.1179 1.06235
36.2179 0.918186
36.3179 0.762639
36.4179 0.578982
36.5179 0.217837
36.6179 -0.509188
36.7179 -1.69988
36.8179 -3.23625
36.9179 -4.90627
37.0179 -6.36468
37.1179 -7.06304
37.2179 -6.46976
37.3179 -4.21685
37.4179 0.0892636
37.5179 6.74853
37.6179 15.1712
37.7179 23.339
37.8179 28.4879
37.9179 28.6755
38.0179 22.7079
38.1179 8.80751
38.2179 -14.4348
38.3179 -43.4532
38.4179 -68.4201
38.5179 -80.511
38.6179 -78.186
38.7179 -64.2872
38.8179 -39.8747
38.9179 -6.90795
39.0179 30.0787
39.1179 64.0116
39.2179 88.3117
39.3179 99.5551
39.4179 96.6599
39.5179 77.4981
39.6179 45.499
39.7179 10.2074
39.8179 -19.7016
39.9179 -41.2679
40.0179 -55.7099
40.1179 -64.408
40.2179 -67.8262
40.3179 -66.7047
40.4179 -62.0295
40.5179 -54.4566
40.6179 -44.2573
40.7179 -31.7309
40.8179 -17.3626
40.9179 -2.29143
41.0179 12.0349
41.1179 24.6278
41.2179 35.0337
41.3179 42.9813
41.4179 48.3247
41.5179 51.218
41.6179 51.7784
41.7179 49.8851
41.8179 45.2898
41.9179 37.877
42.0179 27.8355
42.1179 15.9671
42.2179 3.93194
42.3179 -6.78287
42.4179 -15.3414
42.5179 -21.998
42.6179 -27.4757
42.7179 -32.4251
42.8179 -37.1079
42.9179 -41.2652
43.0179 -44.0795
43.1179 -44.5483
43.2179 -42.1037
43.3179 -36.8768
43.4179 -29.6314
43.5179 -21.4057
43.6179 -13.1722
43.7179 -5.3701
43.8179 1.9132
43.9179 8.78943
44.0179 15.2814
44.1179 21.2194
44.2179 26.2763
44.3179 30.0246
44.4179 32.2291
44.5179 32.8938
44.6179 32.3428
44.7179 31.0499
44.8179 29.3059
44.9179 27.1003
45.0179 24.185
45.1179 20.2573
45.2179 15.2178
45.3179 9.27137
45.4179 2.93213
45.5179 -3.13885
45.6179 -8.44222
45.7179 -12.8159
45.8179 -16.4554
45.9179 -19.4497
46.0179 -21.9257
46.1179 -23.8955
46.2179 -25.2279
46.3179 -25.7565
46.4179 -25.4212
46.5179 -24.2844
46.6179 -22.5737
46.7179 -20.5291
46.8179 -18.2393
46.9179 -15.6793
47.0179 -12.6286
47.1179 -9.03095
47.2179 -4.99647
47.3179 -0.874604
47.4179 2.95425
47.5179 6.28636
47.6179 9.12855
47.7179 11.6319
47.8179 13.9237
47.9179 16.0909
48.0179 18.1307
48.1179 19.907
48.2179 21.1488
48.3179 21.6592
48.4179 21.3905
48.5179 20.3942
48.6179 18.8783
48.7179 17.0353
48.8179 14.896
48.9179 12.367
49.0179 9.40933
49.1179 6.06973
49.2179 2.49377
49.3179 -1.01054
49.4179 -4.16849
49.5179 -6.72355
49.6179 -8.58907
49.7179 -9.89827
49.8179 -10.9164
49.9179 -11.8873
50.0179 -12.9205
50.1179 -14.0244
50.2179 -15.1522
50.3179 -16.189
50.4179 -16.9485
50.5179 -17.3833
50.6179 -17.3084
50.7179 -16.4427
50.8179 -14.6832
50.9179 -12.0996
51.0179 -8.89298
51.1179 -5.4304
51.2179 -2.14881
51.3179 0.651849
51.4179 2.72059
51.5179 3.93124
51.6179 4.43061
51.7179 4.64325
51.8179 4.98995
51.9179 5.61575
52.0179 6.50521
52.1179 7.62023
52.2179 8.85967
52.3179 10.0243
52.4179 11.0265
52.5179 11.8135
52.6179 12.4043
52.7179 12.8489
52.8179 13.1879
52.9179 13.5125
53.0179 13.7562
53.1179 13.724
53.2179 13.2807
53.3179 12.3447
53.4179 10.8645
53.5179 8.91976
53.6179 6.49654
53.7179 3.61582
53.8179 0.378172
53.9179 -3.02851
54.0179 -6.41463
54.1179 -9.59413
54.2179 -12.4468
54.3179 -14.8175
54.4179 -16.4449
54.5179 -17.1784
54.6179 -17.1978
54.7179 -16.6339
54.8179 -15.5639
54.9179 -14.1901
55.0179 -12.6697
55.1179 -11.0818
55.2179 -9.50852
55.3179 -8.02627
55.4179 -6.64723
55.5179 -5.44739
55.6179 -4.44859
55.7179 -3.54767
55.8179 -2.57225
55.9179 -1.35991
56.0179 0.209604
56.1179 2.11199
56.2179 4.23455
56.3179 6.43913
56.4179 8.55512
56.5179 10.3959
56.6179 11.7884
56.7179 12.6632
56.8179 12.9893
56.9179 12.7549
57.0179 12.1495
57.1179 11.3602
57.2179 10.4492
57.3179 9.43935
57.4179 8.39615
57.5179 7.37045
57.6179 6.35466
57.7179 5.30803
57.8179 4.17674
57.9179 2.96529
58.0179 1.77795
58.1179 0.694888
58.2179 -0.254008
58.3179 -0.994266
58.4179 -1.54683
58.5179 -2.0213
58.6179 -2.49319
58.7179 -3.00246
58.8179 -3.47415
58.9179 -3.91208
59.0179 -4.43043
59.1179 -5.11457
59.2179 -5.98053
59.3179 -6.91852
59.4179 -7.72858
59.5179 -8.32323
59.6179 -8.6368
59.7179 -8.64138
59.8179 -8.36443
59.9179 -7.94744
60.0179 -7.45438
60.1179 -6.97295
60.2179 -6.56707
60.3179 -6.17072
60.4179 -5.69251
60.5179 -5.02688
60.6179 -4.12474
60.7179 -3.05351
60.8179 -1.81378
60.9179 -0.339825
61.0179 1.27257
61.1179 2.84105
61.2179 4.27535
61.3179 5.49395
61.4179 6.47166
61.5179 7.22478
61.6179 7.76295
61.7179 8.13262
61.8179 8.38046
61.9179 8.51598
62.0179 8.52759
62.1179 8.44811
62.2179 8.34701
62.3179 8.20319
62.4179 7.96708
62.5179 7.66348
62.6179 7.25779
62.7179 6.66401
62.8179 5.88841
62.9179 4.93416
63.0179 3.70532
63.1179 2.28223
63.2179 0.839806
63.3179 -0.476759
63.4179 -1.59898
63.5179 -2.5142
63.6179 -3.29418
63.7179 -4.03347
63.8179 -4.79615
63.9179 -5.58657
64.0179 -6.34668
64.1179 -6.98512
64.2179 -7.53247
64.3179 -7.95451
64.4179 -8.15333
64.5179 -8.10385
64.6179 -7.74421
64.7179 -7.19322
64.8179 -6.51365
64.9179 -5.73919
65.0179 -4.92625
65.1179 -4.1279
65.2179 -3.38538
65.3179 -2.80128
65.4179 -2.4011
65.5179 -2.0698
65.6179 -1.71206
65.7179 -1.25524
65.8179 -0.673438
65.9179 -0.0101679
66.0179 0.74515
66.1179 1.59184
66.2179 2.45024
66.3179 3.24914
66.4179 3.99624
66.5179 4.65017
66.6179 5.18106
66.7179 5.56988
66.8179 5.79709
66.9179 5.90504
67.0179 5.93795
67.1179 5.90315
67.2179 5.85206
67.3179 5.72261
67.4179 5.52397
67.5179 5.29985
67.6179 5.03895
67.7179 4.75893
67.8179 4.4428
67.9179 4.00872
68.0179 3.5649
68.1179 3.21286
68.2179 2.84355
68.3179 2.37319
68.4179 1.80165
68.5179 1.13148
68.6179 0.426858
68.7179 -0.289292
68.8179 -1.01683
68.9179 -1.78105
69.0179 -2.56464
69.1179 -3.38818
69.2179 -4.16799
69.3179 -4.85582
69.4179 -5.41501
69.5179 -5.81233
69.6179 -6.04263
69.7179 -6.1228
69.8179 -6.07226
69.9179 -5.94506
70.0179 -5.74506
70.1179 -5.47513
70.2179 -5.12317
70.3179 -4.70082
70.4179 -4.28951
70.5179 -3.90694
70.6179 -3.44302
70.7179 -2.97177
70.8179 -2.54837
70.9179 -2.08933
71.0179 -1.5327
71.1179 -0.920689
71.2179 -0.278276
71.3179 0.490405
71.4179 1.43233
71.5179 2.45046
71.6179 3.33018
71.7179 3.91417
71.8179 4.15377
71.9179 4.11429
72.0179 3.873
72.1179 3.56165
72.2179 3.32108
72.3179 3.32173
72.4179 3.78132
72.5179 4.766
72.6179 6.09032
72.7179 7.40863
72.8179 8.32176
72.9179 8.4713
73.0179 7.66564
73.1179 5.87078
73.2179 3.25633
73.3179 0.330611
73.4179 -2.2915
73.5179 -4.05441
73.6179 -4.56987
73.7179 -3.87459
73.8179 -2.27428
73.9179 -0.152141
74.0179 1.97571
74.1179 3.65486
74.2179 4.55181
74.3179 4.56152
74.4179 3.7567
74.5179 2.34267
74.6179 0.611915
74.7179 -1.16196
74.8179 -2.84085
74.9179 -4.34555
75.0179 -5.54621
75.1179 -6.39579
75.2179 -6.92235
75.3179 -7.19201
75.4179 -7.21481
75.5179 -6.9975
75.6179 -6.61399
75.7179 -6.16968
75.8179 -5.72658
75.9179 -5.18155
76.0179 -4.48498
76.1179 -3.68059
76.2179 -2.75912
76.3179 -1.73657
76.4179 -0.678567
76.5179 0.281491
76.6179 1.08853
76.7179 1.76977
76.8179 2.29333
76.9179 2.66675
77.0179 2.88462
77.1179 2.9822
77.2179 2.97522
77.3179 2.88937
77.4179 2.75323
77.5179 2.67109
77.6179 2.75884
77.7179 3.05021
77.8179 3.51716
77.9179 4.11329
78.0179 4.78564
78.1179 5.40092
78.2179 5.73774
78.3179 5.67838
78.4179 5.2528
78.5179 4.50833
78.6179 3.5372
78.7179 2.42652
78.8179 1.35365
78.9179 0.441962
79.0179 -0.188634
79.1179 -0.452773
79.2179 -0.483424
79.3179 -0.415705
79.4179 -0.27189
79.5179 -0.0648156
79.6179 0.055138
79.7179 -0.0155829
79.8179 -0.22027
79.9179 -0.537144
80.0179 -0.899216
80.1179 -1.24479
80.2179 -1.61573
80.3179 -1.9549
80.4179 -2.26708
80.5179 -2.60907
80.6179 -2.99225
80.7179 -3.3756
80.8179 -3.69022
80.9179 -3.8281
81.0179 -3.68421
81.1179 -3.33836
81.2179 -2.93772
81.3179 -2.51992
81.4179 -2.15106
81.5179 -1.83947
81.6179 -1.65222
81.7179 -1.61919
81.8179 -1.7188
81.9179 -1.93015
82.0179 -2.15842
82.1179 -2.35281
82.2179 -2.48413
82.3179 -2.47139
82.4179 -2.23725
82.5179 -1.70517
82.6179 -0.857597
82.7179 0.23276
82.8179 1.4576
82.9179 2.57585
83.0179 3.50369
83.1179 4.22878
83.2179 4.65372
83.3179 4.78947
83.4179 4.74754
83.5179 4.62633
83.6179 4.47911
83.7179 4.2784
83.8179 4.01853
83.9179 3.77776
84.0179 3.71137
84.1179 3.80936
84.2179 3.94076
84.3179 3.94512
84.4179 3.84145
84.5179 3.52325
84.6179 2.99378
84.7179 2.30292
84.8179 1.53709
84.9179 0.754378
85.0179 -0.0331756
85.1179 -0.784913
85.2179 -1.4238
85.3179 -1.96539
85.4179 -2.43049
85.5179 -2.86724
85.6179 -3.25818
85.7179 -3.61452
85.8179 -3.87544
85.9179 -3.98744
86.0179 -3.94149
86.1179 -3.72983
86.2179 -3.39843
86.3179 -2.97033
86.4179 -2.52524
86.5179 -2.12127
86.6179 -1.83188
86.7179 -1.63451
86.8179 -1.508
86.9179 -1.45288
87.0179 -1.50626
87.1179 -1.66718
87.2179 -1.8188
87.3179 -1.85503
87.4179 -1.75433
87.5179 -1.50536
87.6179 -1.12594
87.7179 -0.673752
87.8179 -0.183612
87.9179 0.278613
88.0179 0.664231
88.1179 1.04734
88.2179 1.35262
88.3179 1.67296
88.4179 2.07482
88.5179 2.47163
88.6179 2.85126
88.7179 3.17603
88.8179 3.44094
88.9179 3.56845
89.0179 3.57163
89.1179 3.41946
89.2179 3.12389
89.3179 2.72142
89.4179 2.29368
89.5179 1.86317
89.6179 1.56671
89.7179 1.43201
89.8179 1.45424
89.9179 1.6028
90.0179 1.6939
90.1179 1.65718
90.2179 1.44976
90.3179 1.08436
90.4179 0.513317
90.5179 -0.12817
90.6179 -0.827524
90.7179 -1.42966
90.8179 -1.8224
90.9179 -1.95199
91.0179 -1.92803
91.1179 -1.75736
91.2179 -1.56436
91.3179 -1.29054
91.4179 -1.04388
91.5179 -0.865929
91.6179 -0.821046
91.7179 -0.857597
91.8179 -0.960101
91.9179 -1.10776
92.0179 -1.17553
92.1179 -1.28293
92.2179 -1.39498
92.3179 -1.46868
92.4179 -1.42543
92.5179 -1.22356
92.6179 -0.969945
92.7179 -0.68589
92.8179 -0.475463
92.9179 -0.291735
93.0179 -0.188577
93.1179 -0.135324
93.2179 -0.148148
93.3179 -0.145542
93.4179 -0.182725
93.5179 -0.181921
93.6179 -0.0764349
93.7179 0.0610729
93.8179 0.225948
93.9179 0.367609
94.0179 0.510046
94.1179 0.601457
94.2179 0.727636
94.3179 0.850034
94.4179 0.950479
94.5179 1.03329
94.6179 1.053
94.7179 1.05711
94.8179 1.11785
94.9179 1.3302
95.0179 1.56572
95.1179 1.77315
95.2179 1.93202
95.3179 2.02423
95.4179 2.05004
95.5179 2.00274
95.6179 1.74273
95.7179 1.24194
95.8179 0.620835
