-4.48626 -0.192475
-4.38626 -0.222785
-4.28626 -0.189012
-4.18626 -0.0555078
-4.08626 0.0945311
-3.98626 0.248127
-3.88626 0.394673
-3.78626 0.390213
-3.68626 0.342152
-3.58626 0.294136
-3.48626 0.232902
-3.38626 0.123354
-3.28626 -0.105336
-3.18626 -0.318317
-3.08626 -0.452097
-2.98626 -0.500179
-2.88626 -0.52352
-2.78626 -0.446789
-2.68626 -0.227684
-2.58626 -0.0323827
-2.48626 0.195233
-2.38626 0.44329
-2.28626 0.660954
-2.18626 0.83585
-2.08626 0.882218
-1.98626 0.90811
-1.88626 0.756225
-1.78626 0.518842
-1.68626 0.237774
-1.58626 -0.142956
-1.48626 -0.401342
-1.38626 -0.711432
-1.28626 -0.864246
-1.18626 -0.968734
-1.08626 -0.894141
-0.98626 -0.73324
-0.88626 -0.416728
-0.78626 -0.102495
-0.68626 0.116642
-0.58626 0.271105
-0.48626 0.428526
-0.38626 0.520631
-0.28626 0.580239
-0.18626 0.537164
-0.08626 0.473803
0.01374 0.455188
0.11374 0.54521
0.21374 0.716299
0.31374 0.817151
0.41374 0.856374
0.51374 0.689331
0.61374 0.484625
0.71374 0.255593
0.81374 0.0473257
0.91374 -0.229114
1.01374 -0.424827
1.11374 -0.55276
1.21374 -0.696429
1.31374 -0.733394
1.41374 -0.581964
1.51374 -0.286538
1.61374 0.0736358
1.71374 0.373131
1.81374 0.464872
1.91374 0.537985
2.01374 0.554845
2.11374 0.572293
2.21374 0.463173
2.31374 0.253985
2.41374 0.102771
2.51374 0.0664668
2.61374 0.0930649
2.71374 0.190502
2.81374 0.21571
2.91374 0.224957
3.01374 0.232368
3.11374 0.168224
3.21374 0.067193
3.31374 -0.0661332
3.41374 -0.120514
3.51374 -0.220582
3.61374 -0.352206
3.71374 -0.343043
3.81374 -0.191167
3.91374 0.0111008
4.01374 0.124735
4.11374 0.210749
4.21374 0.191843
4.31374 0.0792297
4.41374 0.0142633
4.51374 -0.115074
4.61374 -0.231169
4.71374 -0.318731
4.81374 -0.401005
4.91374 -0.401996
5.01374 -0.259082
5.11374 -0.0384285
5.21374 0.185227
5.31374 0.460961
5.41374 0.716053
5.51374 0.923441
5.61374 1.09213
5.71374 1.19658
5.81374 1.22921
5.91374 1.1371
6.01374 0.835097
6.11374 0.521885
6.21374 0.227813
6.31374 -0.0468558
6.41374 -0.201629
6.51374 -0.241875
6.61374 -0.296149
6.71374 -0.427315
6.81374 -0.447048
6.91374 -0.282209
7.01374 0.0092595
7.11374 0.141601
7.21374 0.147695
7.31374 0.0277532
7.41374 -0.0122345
7.51374 -0.00432244
7.61374 0.0459855
7.71374 0.0932464
7.81374 0.0680808
7.91374 0.0176984
8.01374 -0.0542581
8.11374 -0.0516023
8.21374 -0.0619614
8.31374 -0.0105541
8.41374 0.0690614
8.51374 0.145735
8.61374 0.14123
8.71374 0.154579
8.81374 0.0834338
8.91374 0.0432541
9.01374 -0.110134
9.11374 -0.220738
9.21374 -0.221461
9.31374 -0.0964628
9.41374 0.042901
9.51374 0.13844
9.61374 0.221658
9.71374 0.261034
9.81374 0.197584
9.91374 0.232488
10.0137 0.215701
10.1137 0.17067
10.2137 0.150201
10.3137 0.187276
10.4137 0.359158
10.5137 0.575805
10.6137 0.793529
10.7137 0.933714
10.8137 1.00204
10.9137 1.04047
11.0137 1.01266
11.1137 0.940331
11.2137 0.810514
11.3137 0.642695
11.4137 0.363371
11.5137 -0.0830101
11.6137 -0.48117
11.7137 -0.743795
11.8137 -0.940302
11.9137 -1.02195
12.0137 -0.942665
12.1137 -0.739974
12.2137 -0.478003
12.3137 -0.168134
12.4137 0.145777
12.5137 0.403637
12.6137 0.62592
12.7137 0.702071
12.8137 0.643173
12.9137 0.591789
13.0137 0.492343
13.1137 0.396103
13.2137 0.333359
13.3137 0.273376
13.4137 0.230289
13.5137 0.210077
13.6137 0.108189
13.7137 -0.00870779
13.8137 -0.10782
13.9137 -0.274989
14.0137 -0.509372
14.1137 -0.744929
14.2137 -0.886656
14.3137 -0.803714
14.4137 -0.540924
14.5137 -0.204679
14.6137 0.147969
14.7137 0.517323
14.8137 0.902177
14.9137 1.24183
15.0137 1.45382
15.1137 1.57056
15.2137 1.51985
15.3137 1.26111
15.4137 0.891394
15.5137 0.489905
15.6137 0.136917
15.7137 -0.0893419
15.8137 -0.171453
15.9137 -0.205629
16.0137 -0.199149
16.1137 -0.165732
16.2137 -0.130541
16.3137 -0.115711
16.4137 -0.0113578
16.5137 0.116263
16.6137 0.173621
16.7137 0.142531
16.8137 0.0163508
16.9137 -0.134471
17.0137 -0.185996
17.1137 -0.166879
17.2137 -0.0849208
17.3137 0.0707906
17.4137 0.263111
17.5137 0.428245
17.6137 0.556695
17.7137 0.597821
17.8137 0.506771
17.9137 0.357626
18.0137 0.256682
18.1137 0.121603
18.2137 -0.0133583
18.3137 -0.121731
18.4137 -0.12393
18.5137 -0.0644973
18.6137 -0.0499343
18.7137 0.00482041
18.8137 0.0766678
18.9137 0.0946588
19.0137 0.0341981
19.1137 0.0259234
19.2137 0.0708441
19.3137 0.173155
19.4137 0.292221
19.5137 0.340522
19.6137 0.298416
19.7137 0.21552
19.8137 0.135447
19.9137 0.0342603
20.0137 -0.0308685
20.1137 -0.0206455
20.2137 0.0838893
20.3137 0.254349
20.4137 0.481208
20.5137 0.731828
20.6137 0.966981
20.7137 1.14765
20.8137 1.16333
20.9137 1.04866
21.0137 0.877176
21.1137 0.590701
21.2137 0.196144
21.3137 -0.230161
21.4137 -0.59891
21.5137 -0.818764
21.6137 -0.934286
21.7137 -1.06119
21.8137 -1.09129
21.9137 -0.950257
22.0137 -0.643688
22.1137 -0.312034
22.2137 -0.0764462
22.3137 0.12368
22.4137 0.376441
22.5137 0.666472
22.6137 0.840379
22.7137 0.921601
22.8137 0.913131
22.9137 0.823245
23.0137 0.690028
23.1137 0.635088
23.2137 0.661149
23.3137 0.660657
23.4137 0.616843
23.5137 0.579846
23.6137 0.570599
23.7137 0.57548
23.8137 0.54447
23.9137 0.419944
24.0137 0.181524
24.1137 -0.0263907
24.2137 -0.139739
24.3137 -0.230029
24.4137 -0.354264
24.5137 -0.479835
24.6137 -0.576921
24.7137 -0.532848
24.8137 -0.395949
24.9137 -0.316295
25.0137 -0.238416
25.1137 -0.153644
25.2137 -0.117186
25.3137 -0.0934848
25.4137 -0.127923
25.5137 -0.190545
25.6137 -0.150297
25.7137 0.0516837
25.8137 0.294438
25.9137 0.527016
26.0137 0.750043
26.1137 0.882841
26.2137 0.96627
26.3137 1.02922
26.4137 1.06988
26.5137 1.04978
26.6137 0.841291
26.7137 0.475592
26.8137 0.0937905
26.9137 -0.14224
27.0137 -0.156199
27.1137 -0.158137
27.2137 -0.188069
27.3137 -0.117564
27.4137 -0.0209173
27.5137 -0.0730315
27.6137 -0.451365
27.7137 -1.22587
27.8137 -2.50542
27.9137 -4.00642
28.0137 -5.22041
28.1137 -5.51796
28.2137 -4.40361
28.3137 -1.63825
28.4137 2.97969
28.5137 9.53968
28.6137 17.4472
28.7137 24.6753
28.8137 28.6026
28.9137 27.3216
29.0137 19.242
29.1137 2.10074
29.2137 -23.7236
29.3137 -53.7168
29.4137 -79.251
29.5137 -91.8453
29.6137 -88.4015
29.7137 -70.9028
29.8137 -41.4506
29.9137 -2.70326
30.0137 41.2266
30.1137 83.1859
30.2137 115.243
30.3137 131.614
30.4137 129.888
30.5137 103.733
30.6137 53.0829
30.7137 -7.7899
30.8137 -59.9184
30.9137 -93.65
31.0137 -109.369
31.1137 -110.837
31.2137 -101.799
31.3137 -86.5493
31.4137 -68.981
31.5137 -51.0064
31.6137 -32.8994
31.7137 -14.3747
31.8137 4.71532
31.9137 24.2767
32.0137 43.7204
32.1137 61.3049
32.2137 74.4294
32.3137 80.8673
32.4137 80.1713
32.5137 73.5256
32.6137 63.204
32.7137 51.2784
32.8137 38.6333
32.9137 25.0998
33.0137 10.1756
33.1137 -6.53488
33.2137 -24.5668
33.3137 -41.8095
33.4137 -55.1019
33.5137 -62.5008
33.6137 -64.0569
33.7137 -60.9174
33.8137 -54.954
33.9137 -48.2461
34.0137 -41.7918
34.1137 -35.4194
34.2137 -28.6176
34.3137 -20.8305
34.4137 -11.835
34.5137 -1.9487
34.6137 8.02515
34.7137 17.2427
34.8137 25.1599
34.9137 31.5787
35.0137 36.556
35.1137 40.2654
35.2137 42.8333
35.3137 44.142
35.4137 43.8885
35.5137 41.8427
35.6137 37.791
35.7137 31.9157
35.8137 24.9072
35.9137 17.5194
36.0137 10.239
36.1137 3.32806
36.2137 -3.29787
36.3137 -10.0179
36.4137 -16.9282
36.5137 -23.6641
36.6137 -29.4149
36.7137 -33.6256
36.8137 -35.9272
36.9137 -36.2722
37.0137 -35.1594
37.1137 -33.152
37.2137 -30.501
37.3137 -27.2302
37.4137 -23.5571
37.5137 -19.5743
37.6137 -15.2674
37.7137 -10.6509
37.8137 -5.92977
37.9137 -1.36875
38.0137 2.79555
38.1137 6.62295
38.2137 10.2806
38.3137 13.8768
38.4137 17.314
38.5137 20.4112
38.6137 23
38.7137 24.934
38.8137 26.0909
38.9137 26.5381
39.0137 26.3033
39.1137 25.5344
39.2137 24.1972
39.3137 22.2075
39.4137 19.4686
39.5137 15.95
39.6137 11.7569
39.7137 7.30555
39.8137 2.91008
39.9137 -1.28257
40.0137 -5.13185
40.1137 -8.57533
40.2137 -11.7313
40.3137 -14.6411
40.4137 -17.2977
40.5137 -19.4716
40.6137 -20.9569
40.7137 -21.7407
40.8137 -21.8879
40.9137 -21.4857
41.0137 -20.7295
41.1137 -19.8482
41.2137 -18.8481
41.3137 -17.7339
41.4137 -16.4075
41.5137 -14.6004
41.6137 -12.0735
41.7137 -8.71241
41.8137 -4.70643
41.9137 -0.289608
42.0137 4.25362
42.1137 8.61088
42.2137 12.4925
42.3137 15.4576
42.4137 17.21
42.5137 17.7467
42.6137 17.1861
42.7137 15.7931
42.8137 13.9587
42.9137 12.1827
43.0137 10.8192
43.1137 10.0022
43.2137 9.80384
43.3137 10.0736
43.4137 10.5623
43.5137 10.9793
43.6137 11.0994
43.7137 10.8094
43.8137 10.1881
43.9137 9.29456
44.0137 8.10313
44.1137 6.51267
44.2137 4.49219
44.3137 2.10289
44.4137 -0.618811
44.5137 -3.54706
44.6137 -6.51372
44.7137 -9.32948
44.8137 -11.9109
44.9137 -14.2649
45.0137 -16.3744
45.1137 -18.1419
45.2137 -19.5236
45.3137 -20.4264
45.4137 -20.7481
45.5137 -20.3136
45.6137 -18.9871
45.7137 -16.9277
45.8137 -14.4146
45.9137 -11.6053
46.0137 -8.64062
46.1137 -5.64744
46.2137 -2.67854
46.3137 0.267606
46.4137 3.01785
46.5137 5.44861
46.6137 7.54033
46.7137 9.26515
46.8137 10.5911
46.9137 11.498
47.0137 12.1121
47.1137 12.6651
47.2137 13.3216
47.3137 14.063
47.4137 14.6817
47.5137 15.0036
47.6137 14.9692
47.7137 14.4847
47.8137 13.6434
47.9137 12.3579
48.0137 10.5368
48.1137 8.39252
48.2137 6.26908
48.3137 4.33334
48.4137 2.62773
48.5137 1.1498
48.6137 -0.335811
48.7137 -1.82825
48.8137 -3.29083
48.9137 -4.5963
49.0137 -5.7802
49.1137 -6.8925
49.2137 -7.91548
49.3137 -8.76528
49.4137 -9.32607
49.5137 -9.49543
49.6137 -9.31506
49.7137 -8.94696
49.8137 -8.5299
49.9137 -8.12188
50.0137 -7.75116
50.1137 -7.54386
50.2137 -7.45941
50.3137 -7.46237
50.4137 -7.45109
50.5137 -7.36657
50.6137 -7.14001
50.7137 -6.66108
50.8137 -5.89219
50.9137 -4.85016
51.0137 -3.57186
51.1137 -2.16191
51.2137 -0.75523
51.3137 0.460627
51.4137 1.53716
51.5137 2.55186
51.6137 3.58395
51.7137 4.70568
51.8137 5.95123
51.9137 7.28567
52.0137 8.63564
52.1137 9.82415
52.2137 10.6256
52.3137 11.0145
52.4137 11.0221
52.5137 10.6737
52.6137 10.0294
52.7137 9.34618
52.8137 8.76918
52.9137 8.2657
53.0137 7.85377
53.1137 7.53946
53.2137 7.12668
53.3137 6.44233
53.4137 5.47573
53.5137 4.37316
53.6137 3.15085
53.7137 1.82334
53.8137 0.338627
53.9137 -1.33051
54.0137 -2.96015
54.1137 -4.48402
54.2137 -6.00821
54.3137 -7.56737
54.4137 -9.05688
54.5137 -10.2085
54.6137 -10.9738
54.7137 -11.3715
54.8137 -11.4833
54.9137 -11.3468
55.0137 -10.9857
55.1137 -10.4294
55.2137 -9.718
55.3137 -8.86144
55.4137 -7.82186
55.5137 -6.65116
55.6137 -5.40637
55.7137 -4.1968
55.8137 -3.1262
55.9137 -2.13419
56.0137 -1.17595
56.1137 -0.136778
56.2137 0.960172
56.3137 2.06017
56.4137 3.10104
56.5137 4.05969
56.6137 4.91867
56.7137 5.6487
56.8137 6.33641
56.9137 6.93782
57.0137 7.44177
57.1137 7.81324
57.2137 7.99368
57.3137 8.0171
57.4137 7.92789
57.5137 7.73625
57.6137 7.44954
57.7137 7.0687
57.8137 6.6129
57.9137 6.08634
58.0137 5.62316
58.1137 5.3231
58.2137 5.07808
58.3137 4.68287
58.4137 4.09747
58.5137 3.37875
58.6137 2.6385
58.7137 1.83105
58.8137 0.851474
58.9137 -0.178448
59.0137 -1.09955
59.1137 -1.79734
59.2137 -2.39962
59.3137 -3.00999
59.4137 -3.72297
59.5137 -4.43821
59.6137 -5.05002
59.7137 -5.49284
59.8137 -5.88217
59.9137 -6.29198
60.0137 -6.74594
60.1137 -7.09222
60.2137 -7.24543
60.3137 -7.18705
60.4137 -6.985
60.5137 -6.70024
60.6137 -6.32163
60.7137 -5.89496
60.8137 -5.48056
60.9137 -5.07813
61.0137 -4.62928
61.1137 -4.08251
61.2137 -3.48132
61.3137 -2.81043
61.4137 -1.94961
61.5137 -0.924291
61.6137 0.174367
61.7137 1.40231
61.8137 2.69234
61.9137 3.86751
62.0137 4.86914
62.1137 5.71086
62.2137 6.41371
62.3137 6.83798
62.4137 6.96587
62.5137 6.91084
62.6137 6.83479
62.7137 6.65521
62.8137 6.29091
62.9137 5.73388
63.0137 5.09066
63.1137 4.51736
63.2137 4.21118
63.3137 4.23185
63.4137 4.56007
63.5137 5.16186
63.6137 5.97621
63.7137 6.79213
63.8137 7.27698
63.9137 7.03493
64.0137 5.75409
64.1137 3.34516
64.2137 0.0734313
64.3137 -3.53258
64.4137 -6.8906
64.5137 -9.42068
64.6137 -10.6452
64.7137 -10.239
64.8137 -8.29441
64.9137 -5.35233
65.0137 -2.16034
65.1137 0.548784
65.2137 2.24938
65.3137 2.73944
65.4137 2.07227
65.5137 0.482702
65.6137 -1.66331
65.7137 -3.95654
65.8137 -5.98495
65.9137 -7.57082
66.0137 -8.62823
66.1137 -9.15969
66.2137 -9.24258
66.3137 -8.89277
66.4137 -8.1421
66.5137 -6.9627
66.6137 -5.40139
66.7137 -3.65259
66.8137 -1.94089
66.9137 -0.348648
67.0137 1.08061
67.1137 2.29138
67.2137 3.32533
67.3137 4.33941
67.4137 5.32332
67.5137 6.16164
67.6137 6.80206
67.7137 7.26244
67.8137 7.56729
67.9137 7.55346
68.0137 7.25745
68.1137 6.8378
68.2137 6.35536
68.3137 5.85811
68.4137 5.39161
68.5137 5.0408
68.6137 4.81039
68.7137 4.64533
68.8137 4.5489
68.9137 4.38891
69.0137 4.03304
69.1137 3.48551
69.2137 2.80791
69.3137 1.94805
69.4137 0.850381
69.5137 -0.356614
69.6137 -1.54205
69.7137 -2.52479
69.8137 -3.23246
69.9137 -3.65432
70.0137 -3.79353
70.1137 -3.6866
70.2137 -3.3924
70.3137 -3.10768
70.4137 -2.9599
70.5137 -2.99061
70.6137 -3.10038
70.7137 -3.33286
70.8137 -3.62028
70.9137 -3.88447
71.0137 -4.07627
71.1137 -4.17231
71.2137 -4.17865
71.3137 -4.10736
71.4137 -3.99612
71.5137 -3.81467
71.6137 -3.53088
71.7137 -3.1552
71.8137 -2.74048
71.9137 -2.31455
72.0137 -1.84254
72.1137 -1.31577
72.2137 -0.72205
72.3137 -0.119344
72.4137 0.39635
72.5137 0.877442
72.6137 1.39524
72.7137 1.9524
72.8137 2.41421
72.9137 2.76191
73.0137 3.03991
73.1137 3.24944
73.2137 3.40186
73.3137 3.54163
73.4137 3.6678
73.5137 3.75244
73.6137 3.84986
73.7137 3.9593
73.8137 4.12066
73.9137 4.35295
74.0137 4.59164
74.1137 4.66588
74.2137 4.59877
74.3137 4.45947
74.4137 4.27925
74.5137 4.05421
74.6137 3.73077
74.7137 3.31906
74.8137 2.85692
74.9137 2.34209
75.0137 1.72895
75.1137 0.987617
75.2137 0.177407
75.3137 -0.632596
75.4137 -1.41505
75.5137 -2.07713
75.6137 -2.6138
75.7137 -3.14354
75.8137 -3.59663
75.9137 -3.90693
76.0137 -4.1649
76.1137 -4.40258
76.2137 -4.57538
76.3137 -4.70769
76.4137 -4.87778
76.5137 -5.09635
76.6137 -5.28678
76.7137 -5.24434
76.8137 -4.88793
76.9137 -4.37718
77.0137 -3.79648
77.1137 -3.13818
77.2137 -2.37426
77.3137 -1.52145
77.4137 -0.718245
77.5137 0.0357414
77.6137 0.595431
77.7137 0.986427
77.8137 1.28405
77.9137 1.51151
78.0137 1.63373
78.1137 1.68279
78.2137 1.77874
78.3137 1.9301
78.4137 2.15552
78.5137 2.43565
78.6137 2.71613
78.7137 2.93063
78.8137 3.15166
78.9137 3.36089
79.0137 3.63081
79.1137 3.89306
79.2137 4.12009
79.3137 4.31501
79.4137 4.4166
79.5137 4.4345
79.6137 4.3642
79.7137 4.19034
79.8137 3.87299
79.9137 3.37043
80.0137 2.77632
80.1137 2.0677
80.2137 1.34364
80.3137 0.550919
80.4137 -0.207492
80.5137 -0.964716
80.6137 -1.55528
80.7137 -1.81523
80.8137 -1.89732
80.9137 -1.85082
81.0137 -1.77552
81.1137 -1.83138
81.2137 -2.04149
81.3137 -2.32604
81.4137 -2.73327
81.5137 -3.21658
81.6137 -3.68131
81.7137 -4.04148
81.8137 -4.16148
81.9137 -3.94076
82.0137 -3.39209
82.1137 -2.60523
82.2137 -1.87493
82.3137 -1.39607
82.4137 -1.08538
82.5137 -0.851557
82.6137 -0.648577
82.7137 -0.508448
82.8137 -0.400967
82.9137 -0.266494
83.0137 -0.133998
83.1137 0.0711835
83.2137 0.397687
83.3137 0.725234
83.4137 0.815987
83.5137 0.863681
83.6137 0.928595
83.7137 1.11986
83.8137 1.32072
83.9137 1.40512
84.0137 1.37478
84.1137 1.40627
84.2137 1.43175
84.3137 1.56233
84.4137 1.8461
84.5137 2.15628
84.6137 2.35077
84.7137 2.39953
84.8137 2.39477
84.9137 2.34897
85.0137 2.30604
85.1137 2.17035
85.2137 2.03856
85.3137 1.81125
85.4137 1.53374
85.5137 1.24019
85.6137 0.964849
85.7137 0.603307
85.8137 0.252665
85.9137 -0.108518
86.0137 -0.356716
86.1137 -0.551821
86.2137 -0.539863
86.3137 -0.476765
86.4137 -0.347372
86.5137 -0.219983
86.6137 -0.137542
86.7137 -0.113925
86.8137 -0.295398
86.9137 -0.741736
87.0137 -1.30208
87.1137 -1.98435
87.2137 -2.497
87.3137 -2.79908
87.4137 -2.83346
87.5137 -2.60596
87.6137 -2.26204
87.7137 -1.81367
87.8137 -1.22394
87.9137 -0.479791
88.0137 0.0248239
88.1137 0.391643
88.2137 0.598712
88.3137 0.582867
88.4137 0.410282
88.5137 0.076729
88.6137 -0.227809
88.7137 -0.462465
88.8137 -0.562792
88.9137 -0.575568
89.0137 -0.315484
89.1137 0.120391
89.2137 0.640213
89.3137 1.04165
89.4137 1.36321
89.5137 1.52988
89.6137 1.59255
89.7137 1.58211
89.8137 1.43327
89.9137 1.23599
90.0137 1.01088
90.1137 0.83071
90.2137 0.676025
90.3137 0.54268
90.4137 0.484911
90.5137 0.533589
90.6137 0.588627
90.7137 0.674478
90.8137 0.692766
90.9137 0.698246
91.0137 0.660815
91.1137 0.54221
91.2137 0.401582
91.3137 0.316529
91.4137 0.285771
91.5137 0.150374
91.6137 0.0801607
91.7137 0.0719076
91.8137 0.100133
91.9137 0.0488846
92.0137 -0.0229906
92.1137 -0.0406993
92.2137 -0.136716
92.3137 -0.252425
92.4137 -0.326445
92.5137 -0.329387
92.6137 -0.323239
92.7137 -0.397
92.8137 -0.474997
92.9137 -0.543099
93.0137 -0.644926
93.1137 -0.672834
93.2137 -0.691205
93.3137 -0.642264
93.4137 -0.598734
93.5137 -0.410714
93.6137 -0.268111
93.7137 -0.187389
93.8137 -0.126123
93.9137 -0.121601
94.0137 -0.0550547
94.1137 0.0122828
94.2137 0.159026
94.3137 0.311099
94.4137 0.3238
94.5137 0.240118
94.6137 0.224839
94.7137 0.228964
94.8137 0.148136
94.9137 0.0669796
95.0137 -0.0340764
95.1137 -0.114942
95.2137 -0.0981962
95.3137 -0.000927519
95.4137 0.0982987
95.5137 0.172473
95.6137 0.0842621
95.7137 -0.0468495
95.8137 -0.00493696
95.9137 0.10201
96.0137 0.312341
96.1137 0.486885
96.2137 0.611793
96.3137 0.711446
96.4137 0.703791
96.5137 0.59136
96.6137 0.456327
96.7137 0.207258
96.8137 -0.0197799
96.9137 -0.217382
97.0137 -0.341147
97.1137 -0.276176
97.2137 -0.08886
97.3137 0.160682
97.4137 0.303843
97.5137 0.290132
97.6137 0.268647
97.7137 0.318034
97.8137 0.210867
