-6.65073 -0.117027
-6.55073 -0.208943
-6.45073 -0.259543
-6.35073 -0.266671
-6.25073 -0.2624
-6.15073 -0.274238
-6.05073 -0.252115
-5.95073 -0.183557
-5.85073 -0.0785503
-5.75073 0.101796
-5.65073 0.297916
-5.55073 0.450278
-5.45073 0.536644
-5.35073 0.577139
-5.25073 0.570231
-5.15073 0.449145
-5.05073 0.232802
-4.95073 -0.0775473
-4.85073 -0.423106
-4.75073 -0.736588
-4.65073 -0.945846
-4.55073 -0.998625
-4.45073 -0.894644
-4.35073 -0.673369
-4.25073 -0.376347
-4.15073 -0.0543187
-4.05073 0.309548
-3.95073 0.657636
-3.85073 0.911846
-3.75073 1.01302
-3.65073 0.941311
-3.55073 0.756048
-3.45073 0.5196
-3.35073 0.217024
-3.25073 -0.0657348
-3.15073 -0.297652
-3.05073 -0.45963
-2.95073 -0.547367
-2.85073 -0.499945
-2.75073 -0.409217
-2.65073 -0.306375
-2.55073 -0.170191
-2.45073 -0.0155142
-2.35073 0.15413
-2.25073 0.285891
-2.15073 0.440586
-2.05073 0.574225
-1.95073 0.695262
-1.85073 0.748401
-1.75073 0.618003
-1.65073 0.350914
-1.55073 -0.0106438
-1.45073 -0.384649
-1.35073 -0.779061
-1.25073 -1.15213
-1.15073 -1.47208
-1.05073 -1.64144
-0.950735 -1.58578
-0.850735 -1.38993
-0.750735 -1.11317
-0.650735 -0.720424
-0.550735 -0.192152
-0.450735 0.346108
-0.350735 0.890709
-0.250735 1.36365
-0.150735 1.7283
-0.0507349 1.98051
0.0492651 2.10667
0.149265 2.1203
0.249265 1.94124
0.349265 1.57792
0.449265 1.09646
0.549265 0.541695
0.649265 -0.0458199
0.749265 -0.612464
0.849265 -1.12839
0.949265 -1.52493
1.04927 -1.83865
1.14927 -2.02
1.24927 -2.02471
1.34927 -1.7667
1.44927 -1.32891
1.54927 -0.818322
1.64927 -0.315676
1.74927 0.169644
1.84927 0.598678
1.94927 0.918965
2.04927 1.11583
2.14927 1.19036
2.24927 1.16032
2.34927 1.01817
2.44927 0.810377
2.54927 0.61869
2.64927 0.440176
2.74927 0.315952
2.84927 0.158875
2.94927 0.0440378
3.04927 -0.0480981
3.14927 -0.124191
3.24927 -0.163245
3.34927 -0.172086
3.44927 -0.158511
3.54927 -0.222135
3.64927 -0.369886
3.74927 -0.521827
3.84927 -0.650034
3.94927 -0.749285
4.04927 -0.707458
4.14927 -0.639732
4.24927 -0.592103
4.34927 -0.487468
4.44927 -0.267725
4.54927 0.0375613
4.64927 0.371327
4.74927 0.698393
4.84927 0.972389
4.94927 1.15263
5.04927 1.34374
5.14927 1.48865
5.24927 1.53285
5.34927 1.44492
5.44927 1.19696
5.54927 0.870864
5.64927 0.496349
5.74927 0.00742073
5.84927 -0.509892
5.94927 -1.02973
6.04927 -1.51648
6.14927 -1.91876
6.24927 -2.16471
6.34927 -2.26991
6.44927 -2.20582
6.54927 -1.97548
6.64927 -1.5889
6.74927 -1.03716
6.84927 -0.334439
6.94927 0.329657
7.04927 0.933688
7.14927 1.47575
7.24927 1.92311
7.34927 2.22564
7.44927 2.28169
7.54927 2.11997
7.64927 1.74537
7.74927 1.24421
7.84927 0.648862
7.94927 0.0700473
8.04927 -0.428268
8.14927 -0.774621
8.24927 -0.983577
8.34927 -1.11471
8.44927 -1.14507
8.54927 -1.13978
8.64927 -1.13341
8.74927 -1.11068
8.84927 -1.0366
8.94927 -0.946847
9.04927 -0.836657
9.14927 -0.681313
9.24927 -0.430427
9.34927 -0.00660964
9.44927 0.512672
9.54927 1.0638
9.64927 1.59745
9.74927 2.05142
9.84927 2.33033
9.94927 2.4015
10.0493 2.2336
10.1493 1.85426
10.2493 1.38433
10.3493 0.814055
10.4493 0.121982
10.5493 -0.560053
10.6493 -1.17396
10.7493 -1.63327
10.8493 -1.89316
10.9493 -1.96189
11.0493 -1.92806
11.1493 -1.80008
11.2493 -1.64449
11.3493 -1.47845
11.4493 -1.30524
11.5493 -1.10904
11.6493 -0.875378
11.7493 -0.66743
11.8493 -0.447672
11.9493 -0.2663
12.0493 -0.0351
12.1493 0.259917
12.2493 0.62222
12.3493 1.0884
12.4493 1.50904
12.5493 1.86467
12.6493 2.11906
12.7493 2.3165
12.8493 2.40399
12.9493 2.44779
13.0493 2.29447
13.1493 1.93219
13.2493 1.39741
13.3493 0.728789
13.4493 -0.0807215
13.5493 -0.96883
13.6493 -1.80991
13.7493 -2.54015
13.8493 -3.12506
13.9493 -3.45934
14.0493 -3.49302
14.1493 -3.14609
14.2493 -2.42948
14.3493 -1.42966
14.4493 -0.313864
14.5493 0.77627
14.6493 1.76813
14.7493 2.60106
14.8493 3.17218
14.9493 3.34294
15.0493 3.07997
15.1493 2.46782
15.2493 1.58358
15.3493 0.580541
15.4493 -0.397201
15.5493 -1.26069
15.6493 -1.94514
15.7493 -2.37073
15.8493 -2.44098
15.9493 -2.12989
16.0493 -1.54401
16.1493 -0.854873
16.2493 -0.162972
16.3493 0.38798
16.4493 0.714015
16.5493 0.837592
16.6493 0.813999
16.7493 0.687797
16.8493 0.492298
16.9493 0.203486
17.0493 -0.0531412
17.1493 -0.212388
17.2493 -0.271505
17.3493 -0.311114
17.4493 -0.315138
17.5493 -0.316488
17.6493 -0.284694
17.7493 -0.211794
17.8493 -0.0902671
17.9493 0.0534748
18.0493 0.27601
18.1493 0.569216
18.2493 0.910899
18.3493 1.27012
18.4493 1.63138
18.5493 1.93366
18.6493 2.10452
18.7493 2.0523
18.8493 1.75048
18.9493 1.22401
19.0493 0.505665
19.1493 -0.260834
19.2493 -1.01825
19.3493 -1.72873
19.4493 -2.31931
19.5493 -2.77147
19.6493 -3.0552
19.7493 -3.07553
19.8493 -2.81178
19.9493 -2.325
20.0493 -1.76012
20.1493 -1.17932
20.2493 -0.599351
20.3493 0.0213224
20.4493 0.667104
20.5493 1.2538
20.6493 1.7317
20.7493 2.07122
20.8493 2.23667
20.9493 2.26773
21.0493 2.16909
21.1493 1.95511
21.2493 1.6083
21.3493 1.14789
21.4493 0.653308
21.5493 0.165957
21.6493 -0.188688
21.7493 -0.399438
21.8493 -0.547956
21.9493 -0.605299
22.0493 -0.513109
22.1493 -0.267004
22.2493 0.075442
22.3493 0.388659
22.4493 0.547036
22.5493 0.556839
22.6493 0.512167
22.7493 0.417302
22.8493 0.270169
22.9493 0.0234552
23.0493 -0.384124
23.1493 -0.859094
23.2493 -1.2384
23.3493 -1.45494
23.4493 -1.50792
23.5493 -1.42263
23.6493 -1.19922
23.7493 -0.839551
23.8493 -0.340867
23.9493 0.212267
24.0493 0.70861
24.1493 1.05565
24.2493 1.22788
24.3493 1.17965
24.4493 0.888206
24.5493 0.479686
24.6493 -0.0652462
24.7493 -0.614444
24.8493 -1.08146
24.9493 -1.31224
25.0493 -1.29873
25.1493 -1.04645
25.2493 -0.547974
25.3493 0.0309067
25.4493 0.619671
25.5493 1.14894
25.6493 1.55346
25.7493 1.77795
25.8493 1.76513
25.9493 1.50576
26.0493 1.10347
26.1493 0.653131
26.2493 0.264801
26.3493 -0.0357194
26.4493 -0.285709
26.5493 -0.453867
26.6493 -0.489876
26.7493 -0.423291
26.8493 -0.271253
26.9493 -0.142292
27.0493 -0.110139
27.1493 -0.140567
27.2493 -0.200448
27.3493 -0.241592
27.4493 -0.27661
27.5493 -0.249013
27.6493 -0.0794183
27.7493 0.130797
27.8493 0.407793
27.9493 0.678294
28.0493 0.769746
28.1493 0.751505
28.2493 0.511643
28.3493 0.126369
28.4493 -0.385867
28.5493 -1.02228
28.6493 -1.66725
28.7493 -2.2294
28.8493 -2.61623
28.9493 -2.70496
29.0493 -2.45178
29.1493 -1.88041
29.2493 -1.0811
29.3493 -0.130634
29.4493 0.92027
29.5493 1.97799
29.6493 2.92526
29.7493 3.65608
29.8493 4.0822
29.9493 4.11663
30.0493 3.74335
30.1493 3.04052
30.2493 2.10371
30.3493 0.983056
30.4493 -0.326535
30.5493 -1.69146
30.6493 -2.9157
30.7493 -3.84785
30.8493 -4.31079
30.9493 -4.28014
31.0493 -3.83304
31.1493 -3.03621
31.2493 -1.95589
31.3493 -0.69881
31.4493 0.572177
31.5493 1.72097
31.6493 2.66964
31.7493 3.31762
31.8493 3.62593
31.9493 3.52965
32.0493 3.08142
32.1493 2.34729
32.2493 1.4657
32.3493 0.514878
32.4493 -0.383071
32.5493 -1.14419
32.6493 -1.68661
32.7493 -1.95973
32.8493 -1.96485
32.9493 -1.73379
33.0493 -1.35349
33.1493 -0.858189
33.2493 -0.317748
33.3493 0.176573
33.4493 0.558542
33.5493 0.694284
33.6493 0.522377
33.7493 0.141655
33.8493 -0.450658
33.9493 -1.12581
34.0493 -1.74009
34.1493 -2.19596
34.2493 -2.46539
34.3493 -2.46777
34.4493 -2.17274
34.5493 -1.54724
34.6493 -0.572528
34.7493 0.657847
34.8493 1.99448
34.9493 3.24682
35.0493 4.26483
35.1493 5.01954
35.2493 5.43761
35.3493 5.39876
35.4493 4.84222
35.5493 3.81583
35.6493 2.37177
35.7493 0.744058
35.8493 -0.923863
35.9493 -2.55635
36.0493 -4.04295
36.1493 -5.17723
36.2493 -5.78381
36.3493 -5.82998
36.4493 -5.37698
36.5493 -4.49438
36.6493 -3.34902
36.7493 -2.10685
36.8493 -0.919402
36.9493 0.0572041
37.0493 0.764013
37.1493 1.2346
37.2493 1.45531
37.3493 1.50439
37.4493 1.41924
37.5493 1.29567
37.6493 1.21279
37.7493 1.32378
37.8493 1.6436
37.9493 2.13218
38.0493 2.71351
38.1493 3.30353
38.2493 3.90278
38.3493 4.30842
38.4493 4.38349
38.5493 4.10451
38.6493 3.43381
38.7493 2.39642
38.8493 1.00712
38.9493 -0.651935
39.0493 -2.36384
39.1493 -4.05378
39.2493 -5.55644
39.3493 -6.77984
39.4493 -7.61587
39.5493 -7.99608
39.6493 -7.86742
39.7493 -7.18628
39.8493 -6.01762
39.9493 -4.40142
40.0493 -2.46618
40.1493 -0.355352
40.2493 1.82988
40.3493 4.01425
40.4493 6.0968
40.5493 7.88934
40.6493 9.30128
40.7493 10.2083
40.8493 10.4896
40.9493 10.0102
41.0493 8.69825
41.1493 6.55054
41.2493 3.67088
41.3493 0.252698
41.4493 -3.42118
41.5493 -7.04202
41.6493 -10.2358
41.7493 -12.5981
41.8493 -13.7749
41.9493 -13.6009
42.0493 -12.1914
42.1493 -9.74818
42.2493 -6.54369
42.3493 -2.8637
42.4493 0.937744
42.5493 4.52441
42.6493 7.61283
42.7493 10.0025
42.8493 11.4797
42.9493 11.9403
43.0493 11.4112
43.1493 10.0194
43.2493 7.94056
43.3493 5.35242
43.4493 2.45538
43.5493 -0.609895
43.6493 -3.5327
43.7493 -5.99602
43.8493 -7.87063
43.9493 -9.06813
44.0493 -9.53415
44.1493 -9.28611
44.2493 -8.36548
44.3493 -6.92172
44.4493 -5.16388
44.5493 -3.30541
44.6493 -1.43138
44.7493 0.350745
44.8493 1.90814
44.9493 3.1705
45.0493 4.05908
45.1493 4.57572
45.2493 4.77628
45.3493 4.77801
45.4493 4.6182
45.5493 4.31964
45.6493 3.88552
45.7493 3.38469
45.8493 2.83315
45.9493 2.26789
46.0493 1.55835
46.1493 0.677971
46.2493 -0.2838
46.3493 -1.25115
46.4493 -2.13898
46.5493 -2.83758
46.6493 -3.26414
46.7493 -3.41728
46.8493 -3.3611
46.9493 -3.11415
47.0493 -2.69926
47.1493 -2.13963
47.2493 -1.48851
47.3493 -0.809053
47.4493 -0.157138
47.5493 0.418176
47.6493 0.921913
47.7493 1.33658
47.8493 1.69275
47.9493 1.91031
48.0493 1.90728
48.1493 1.67301
48.2493 1.25281
48.3493 0.714464
48.4493 0.106128
48.5493 -0.466139
48.6493 -0.906268
48.7493 -1.12613
48.8493 -1.16606
48.9493 -0.986018
49.0493 -0.604963
49.1493 -0.196258
49.2493 0.184447
49.3493 0.660935
49.4493 1.17413
49.5493 1.56981
49.6493 1.74999
49.7493 1.61842
49.8493 1.27076
49.9493 0.799211
50.0493 0.208735
50.1493 -0.469753
50.2493 -1.12882
50.3493 -1.73737
50.4493 -2.22941
50.5493 -2.44856
50.6493 -2.32172
50.7493 -1.94529
50.8493 -1.42168
50.9493 -0.795656
51.0493 -0.131329
51.1493 0.482235
51.2493 1.06621
51.3493 1.50934
51.4493 1.7813
51.5493 1.84689
51.6493 1.74059
51.7493 1.51818
51.8493 1.20743
51.9493 0.823502
52.0493 0.416269
52.1493 0.0954938
52.2493 -0.0834527
52.3493 -0.0958962
52.4493 -0.00962283
52.5493 0.162942
52.6493 0.367507
52.7493 0.598217
52.8493 0.823854
52.9493 0.931879
53.0493 0.850516
53.1493 0.449111
53.2493 -0.215351
53.3493 -1.02169
53.4493 -1.91217
53.5493 -2.8003
53.6493 -3.52737
53.7493 -4.02282
53.8493 -4.09831
53.9493 -3.68607
54.0493 -2.80687
54.1493 -1.53472
54.2493 -0.0342561
54.3493 1.49419
54.4493 2.89379
54.5493 4.01684
54.6493 4.74417
54.7493 4.99463
54.8493 4.748
54.9493 4.03495
55.0493 2.8791
55.1493 1.40118
55.2493 -0.22872
55.3493 -1.79737
55.4493 -3.14454
55.5493 -4.07519
55.6493 -4.52502
55.7493 -4.41695
55.8493 -3.74415
55.9493 -2.58153
56.0493 -1.10663
56.1493 0.453346
56.2493 1.89388
56.3493 3.09007
56.4493 3.87018
56.5493 4.12529
56.6493 3.8409
56.7493 3.00592
56.8493 1.75576
56.9493 0.267068
57.0493 -1.21189
57.1493 -2.44025
57.2493 -3.28005
57.3493 -3.63691
57.4493 -3.50234
57.5493 -2.97408
57.6493 -2.05353
57.7493 -0.89489
57.8493 0.248933
57.9493 1.23641
58.0493 1.94497
58.1493 2.3426
58.2493 2.33749
58.3493 1.9472
58.4493 1.29198
58.5493 0.437552
58.6493 -0.508072
58.7493 -1.41847
58.8493 -2.10525
58.9493 -2.49493
59.0493 -2.51342
59.1493 -2.16968
59.2493 -1.53286
59.3493 -0.714257
59.4493 0.1422
59.5493 0.941763
59.6493 1.60936
59.7493 2.09532
59.8493 2.33598
59.9493 2.24655
60.0493 1.81476
60.1493 1.16475
60.2493 0.425565
60.3493 -0.256378
60.4493 -0.827249
60.5493 -1.10631
60.6493 -1.11204
60.7493 -0.902876
60.8493 -0.401964
60.9493 0.314721
61.0493 1.1392
61.1493 1.83451
61.2493 2.33894
61.3493 2.58671
61.4493 2.5144
61.5493 2.12655
61.6493 1.44133
61.7493 0.585711
61.8493 -0.354709
61.9493 -1.30294
62.0493 -2.11816
62.1493 -2.8165
62.2493 -3.31454
62.3493 -3.54338
62.4493 -3.50935
62.5493 -3.25312
62.6493 -2.86986
62.7493 -2.41806
62.8493 -1.88535
62.9493 -1.26174
63.0493 -0.591489
63.1493 0.105921
63.2493 0.788228
63.3493 1.4108
63.4493 1.9499
63.5493 2.3947
63.6493 2.73192
63.7493 2.94298
63.8493 2.97554
63.9493 2.80538
64.0493 2.42565
64.1493 1.88974
64.2493 1.22559
64.3493 0.62586
64.4493 0.147326
64.5493 -0.22904
64.6493 -0.545142
64.7493 -0.826183
64.8493 -1.04845
64.9493 -1.14999
65.0493 -1.1625
65.1493 -1.16002
65.2493 -1.11567
65.3493 -1.0455
65.4493 -0.88739
65.5493 -0.691415
65.6493 -0.477958
65.7493 -0.312577
65.8493 -0.178398
65.9493 -0.019841
66.0493 0.139885
66.1493 0.2496
66.2493 0.308959
66.3493 0.330348
66.4493 0.378883
66.5493 0.394345
66.6493 0.380679
66.7493 0.271889
66.8493 0.0971927
66.9493 -0.139673
67.0493 -0.31984
67.1493 -0.376044
67.2493 -0.350726
67.3493 -0.287429
67.4493 -0.173541
67.5493 -0.0194509
67.6493 0.0854153
67.7493 0.194353
67.8493 0.301815
67.9493 0.372902
68.0493 0.348702
68.1493 0.227524
68.2493 0.0384462
68.3493 -0.136054
68.4493 -0.277584
68.5493 -0.358132
68.6493 -0.412135
68.7493 -0.462297
68.8493 -0.501245
68.9493 -0.499839
69.0493 -0.464726
69.1493 -0.349155
69.2493 -0.230353
69.3493 -0.109227
69.4493 0.0710182
69.5493 0.32852
69.6493 0.639573
69.7493 0.956698
69.8493 1.1862
69.9493 1.34793
70.0493 1.45577
70.1493 1.45621
70.2493 1.34114
70.3493 1.16765
70.4493 0.84551
70.5493 0.443726
70.6493 0.000400057
70.7493 -0.500535
70.8493 -1.00324
70.9493 -1.43411
71.0493 -1.72444
71.1493 -1.85128
71.2493 -1.90681
71.3493 -1.80137
71.4493 -1.4979
71.5493 -1.11225
71.6493 -0.686601
71.7493 -0.283937
71.8493 0.0378611
71.9493 0.254361
72.0493 0.441745
72.1493 0.626511
72.2493 0.780938
72.3493 0.871004
72.4493 0.914353
72.5493 0.891522
72.6493 0.815337
72.7493 0.764292
72.8493 0.744654
72.9493 0.730448
73.0493 0.66328
73.1493 0.612152
73.2493 0.545096
73.3493 0.451843
73.4493 0.32697
73.5493 0.137451
73.6493 -0.123827
73.7493 -0.44121
73.8493 -0.809486
73.9493 -1.11638
74.0493 -1.32187
74.1493 -1.38367
74.2493 -1.35269
74.3493 -1.15642
74.4493 -0.794036
74.5493 -0.347452
74.6493 0.143826
74.7493 0.578751
74.8493 0.960347
74.9493 1.2589
75.0493 1.41989
75.1493 1.40184
75.2493 1.2202
75.3493 0.92228
75.4493 0.569129
75.5493 0.194589
75.6493 -0.183142
75.7493 -0.51075
75.8493 -0.782294
75.9493 -0.922576
76.0493 -0.865101
76.1493 -0.695131
76.2493 -0.481655
76.3493 -0.318256
76.4493 -0.275664
76.5493 -0.292979
76.6493 -0.289378
76.7493 -0.224507
76.8493 -0.117932
76.9493 0.0137076
77.0493 0.144569
77.1493 0.258058
77.2493 0.348127
77.3493 0.433125
77.4493 0.499976
77.5493 0.481053
77.6493 0.414092
77.7493 0.336925
77.8493 0.305688
77.9493 0.308279
78.0493 0.309525
78.1493 0.235635
78.2493 0.1616
78.3493 0.12614
78.4493 0.126773
78.5493 0.124694
78.6493 0.0135283
78.7493 -0.143217
78.8493 -0.275576
78.9493 -0.356135
79.0493 -0.411221
79.1493 -0.443138
79.2493 -0.497661
79.3493 -0.527238
79.4493 -0.473798
79.5493 -0.31152
79.6493 -0.115407
79.7493 0.0479577
79.8493 0.101151
79.9493 0.138449
80.0493 0.217039
80.1493 0.297552
80.2493 0.322848
80.3493 0.294048
80.4493 0.269466
80.5493 0.282385
80.6493 0.33177
80.7493 0.34483
80.8493 0.334903
80.9493 0.292806
81.0493 0.264237
81.1493 0.245552
81.2493 0.17852
81.3493 0.00704876
81.4493 -0.225596
81.5493 -0.455784
81.6493 -0.598753
81.7493 -0.626037
81.8493 -0.644549
81.9493 -0.674742
82.0493 -0.639344
82.1493 -0.526867
82.2493 -0.380021
82.3493 -0.204689
82.4493 0.00141922
82.5493 0.268395
82.6493 0.526015
82.7493 0.754013
82.8493 0.889511
82.9493 0.909908
83.0493 0.802721
83.1493 0.599169
83.2493 0.310163
83.3493 -0.0265531
83.4493 -0.424254
83.5493 -0.820391
83.6493 -1.09415
83.7493 -1.19152
83.8493 -1.06603
83.9493 -0.744878
84.0493 -0.317697
84.1493 0.102408
84.2493 0.438869
84.3493 0.668071
84.4493 0.8022
84.5493 0.887047
84.6493 0.933656
84.7493 0.872027
84.8493 0.710873
84.9493 0.438694
85.0493 0.164859
85.1493 -0.0403746
85.2493 -0.192875
85.3493 -0.302342
85.4493 -0.350869
85.5493 -0.370155
85.6493 -0.368242
85.7493 -0.344969
85.8493 -0.325854
85.9493 -0.295694
86.0493 -0.272661
86.1493 -0.261064
86.2493 -0.229825
86.3493 -0.214487
86.4493 -0.194514
86.5493 -0.185561
86.6493 -0.179161
86.7493 -0.254592
86.8493 -0.359745
86.9493 -0.418627
87.0493 -0.418434
87.1493 -0.394768
87.2493 -0.303335
87.3493 -0.146808
87.4493 0.0939703
87.5493 0.337316
87.6493 0.564105
87.7493 0.762821
87.8493 0.942846
87.9493 1.03385
88.0493 1.03613
88.1493 0.934825
88.2493 0.690972
88.3493 0.371149
88.4493 0.00665307
88.5493 -0.369804
88.6493 -0.722932
88.7493 -0.986275
88.8493 -1.13008
88.9493 -1.15609
89.0493 -1.06251
89.1493 -0.868475
89.2493 -0.59622
89.3493 -0.266397
89.4493 0.0738626
89.5493 0.392835
89.6493 0.577951
89.7493 0.641832
89.8493 0.604936
89.9493 0.528119
90.0493 0.429643
90.1493 0.349952
90.2493 0.297226
90.3493 0.241443
90.4493 0.166413
90.5493 0.0820664
90.6493 0.0417104
90.7493 0.0229412
90.8493 -0.0037295
90.9493 -0.0442219
91.0493 -0.0717404
91.1493 -0.065337
91.2493 -0.00201486
91.3493 0.0308003
91.4493 0.0458344
91.5493 0.0468525
91.6493 0.0354857
91.7493 -0.0309047
91.8493 -0.11438
91.9493 -0.206897
92.0493 -0.249629
92.1493 -0.336471
92.2493 -0.404323
92.3493 -0.447036
92.4493 -0.404363
92.5493 -0.247408
92.6493 -0.0550696
92.7493 0.102785
92.8493 0.222104
92.9493 0.264027
93.0493 0.279008
93.1493 0.27126
93.2493 0.243586
93.3493 0.208262
93.4493 0.134552
93.5493 0.0861468
93.6493 0.0781551
93.7493 0.120529
93.8493 0.12865
93.9493 0.129805
94.0493 0.0830929
94.1493 0.0312354
94.2493 0.0101034
94.3493 -0.0431944
94.4493 -0.106179
94.5493 -0.198185
94.6493 -0.277924
94.7493 -0.271351
94.8493 -0.195129
94.9493 -0.100316
95.0493 0.0237218
95.1493 0.113218
95.2493 0.213825
95.3493 0.290026
95.4493 0.333329
95.5493 0.316601
95.6493 0.24397
