-5.14751 0.495902
-5.04751 0.634024
-4.94751 0.701858
-4.84751 0.792346
-4.74751 0.860899
-4.64751 0.816224
-4.54751 0.722597
-4.44751 0.569181
-4.34751 0.445261
-4.24751 0.34569
-4.14751 0.303665
-4.04751 0.297169
-3.94751 0.310995
-3.84751 0.286895
-3.74751 0.207777
-3.64751 0.18312
-3.54751 0.103027
-3.44751 -0.084284
-3.34751 -0.251337
-3.24751 -0.412709
-3.14751 -0.507523
-3.04751 -0.504826
-2.94751 -0.452923
-2.84751 -0.335697
-2.74751 -0.126702
-2.64751 0.119021
-2.54751 0.313195
-2.44751 0.474169
-2.34751 0.639972
-2.24751 0.782283
-2.14751 0.947136
-2.04751 1.12486
-1.94751 1.28576
-1.84751 1.375
-1.74751 1.38584
-1.64751 1.37194
-1.54751 1.33495
-1.44751 1.29195
-1.34751 1.19333
-1.24751 1.08144
-1.14751 0.923953
-1.04751 0.749628
-0.947514 0.550098
-0.847514 0.321287
-0.747514 0.0903235
-0.647514 -0.104881
-0.547514 -0.307123
-0.447514 -0.525216
-0.347514 -0.728916
-0.247514 -0.789476
-0.147514 -0.749192
-0.047514 -0.631749
0.052486 -0.43375
0.152486 -0.119715
0.252486 0.244926
0.352486 0.537409
0.452486 0.733735
0.552486 0.830696
0.652486 0.851152
0.752486 0.865936
0.852486 0.863044
0.952486 0.864755
1.05249 0.843264
1.15249 0.857234
1.25249 0.888712
1.35249 0.970456
1.45249 1.04907
1.55249 0.992678
1.65249 0.721379
1.75249 0.358795
1.85249 0.0718969
1.95249 -0.0896675
2.05249 -0.153574
2.15249 -0.153526
2.25249 -0.136645
2.35249 -0.0585848
2.45249 0.0293297
2.55249 0.113094
2.65249 0.191341
2.75249 0.269632
2.85249 0.313469
2.95249 0.349601
3.05249 0.426739
3.15249 0.574757
3.25249 0.702482
3.35249 0.765444
3.45249 0.770731
3.55249 0.777652
3.65249 0.793964
3.75249 0.827465
3.85249 0.886465
3.95249 0.969789
4.05249 1.03836
4.15249 1.09501
4.25249 1.12944
4.35249 1.10622
4.45249 0.984192
4.55249 0.790691
4.65249 0.604551
4.75249 0.444416
4.85249 0.321908
4.95249 0.228056
5.05249 0.129513
5.15249 0.0513881
5.25249 0.0346578
5.35249 0.0743153
5.45249 0.118166
5.55249 0.0987554
5.65249 0.0259065
5.75249 -0.0608744
5.85249 -0.081548
5.95249 -0.0367129
6.05249 0.0489628
6.15249 0.100867
6.25249 0.117188
6.35249 0.135749
6.45249 0.16327
6.55249 0.21749
6.65249 0.299831
6.75249 0.347169
6.85249 0.380846
6.95249 0.443393
7.05249 0.530081
7.15249 0.633036
7.25249 0.747441
7.35249 0.838568
7.45249 0.884508
7.55249 0.86769
7.65249 0.871008
7.75249 0.925043
7.85249 0.953934
7.95249 0.885049
8.05249 0.715421
8.15249 0.515954
8.25249 0.354675
8.35249 0.270409
8.45249 0.326244
8.55249 0.430144
8.65249 0.502916
8.75249 0.560243
8.85249 0.582431
8.95249 0.566902
9.05249 0.54413
9.15249 0.542471
9.25249 0.556252
9.35249 0.618049
9.45249 0.749065
9.55249 0.890016
9.65249 0.957812
9.75249 0.891568
9.85249 0.708469
9.95249 0.471323
10.0525 0.262982
10.1525 0.132555
10.2525 -0.0290248
10.3525 -0.182192
10.4525 -0.269278
10.5525 -0.289414
10.6525 -0.24541
10.7525 -0.17925
10.8525 -0.1468
10.9525 -0.126597
11.0525 -0.0899006
11.1525 -0.0105193
11.2525 0.122158
11.3525 0.298395
11.4525 0.482725
11.5525 0.635345
11.6525 0.761762
11.7525 0.820897
11.8525 0.810897
11.9525 0.734415
12.0525 0.613802
12.1525 0.554515
12.2525 0.589819
12.3525 0.729117
12.4525 0.903494
12.5525 1.04597
12.6525 1.11629
12.7525 1.12599
12.8525 1.08645
12.9525 1.02211
13.0525 0.922182
13.1525 0.772349
13.2525 0.58926
13.3525 0.423977
13.4525 0.309318
13.5525 0.279069
13.6525 0.266121
13.7525 0.224067
13.8525 0.164602
13.9525 0.152911
14.0525 0.219935
14.1525 0.375074
14.2525 0.589471
14.3525 0.850354
14.4525 1.10943
14.5525 1.34691
14.6525 1.53042
14.7525 1.63367
14.8525 1.60577
14.9525 1.34562
15.0525 0.726024
15.1525 -0.366227
15.2525 -1.95971
15.3525 -3.97867
15.4525 -6.2397
15.5525 -8.17918
15.6525 -8.92947
15.7525 -7.85064
15.8525 -4.76713
15.9525 0.628089
16.0525 8.50357
16.1525 17.9821
16.2525 26.6054
16.3525 31.5701
16.4525 31.0732
16.5525 23.0274
16.6525 4.09437
16.7525 -25.8547
16.8525 -60.4179
16.9525 -87.2251
17.0525 -97.4821
17.1525 -91.7091
17.2525 -73.0504
17.3525 -43.0037
17.4525 -4.18208
17.5525 37.9456
17.6525 76.3478
17.7525 104.713
17.8525 119.107
17.9525 117.628
18.0525 96.7181
18.1525 59.3845
18.2525 15.6434
18.3525 -23.8965
18.4525 -54.4971
18.5525 -75.8895
18.6525 -88.9902
18.7525 -92.902
18.8525 -88.2306
18.9525 -77.6631
19.0525 -63.8291
19.1525 -48.0489
19.2525 -31.0886
19.3525 -14.1036
19.4525 1.68104
19.5525 15.7676
19.6525 28.118
19.7525 38.6466
19.8525 47.2454
19.9525 54.0088
20.0525 58.9943
20.1525 61.6238
20.2525 60.8365
20.3525 55.9647
20.4525 47.0932
20.5525 34.9821
20.6525 20.9293
20.7525 6.48467
20.8525 -7.17182
20.9525 -19.5763
21.0525 -30.6524
21.1525 -40.4213
21.2525 -48.7327
21.3525 -55.1155
21.4525 -58.9183
21.5525 -59.4505
21.6525 -56.3881
21.7525 -50.0932
21.8525 -41.4391
21.9525 -31.4765
22.0525 -21.1168
22.1525 -10.9953
22.2525 -1.45633
22.3525 7.39416
22.4525 15.4603
22.5525 22.5912
22.6525 28.6155
22.7525 33.3316
22.8525 36.6316
22.9525 38.5314
23.0525 39.1242
23.1525 38.5531
23.2525 36.9199
23.3525 34.2106
23.4525 30.3504
23.5525 25.2492
23.6525 18.9882
23.7525 11.817
23.8525 4.17778
23.9525 -3.43535
24.0525 -10.5523
24.1525 -16.9138
24.2525 -22.4178
24.3525 -26.9272
24.4525 -30.3406
24.5525 -32.551
24.6525 -33.4517
24.7525 -33.102
24.8525 -31.733
24.9525 -29.6452
25.0525 -27.0794
25.1525 -24.0892
25.2525 -20.7391
25.3525 -16.997
25.4525 -12.7777
25.5525 -8.11049
25.6525 -3.31379
25.7525 1.19902
25.8525 5.14309
25.9525 8.3787
26.0525 10.9994
26.1525 13.1388
26.2525 14.9086
26.3525 16.4486
26.4525 17.7568
26.5525 18.7642
26.6525 19.3827
26.7525 19.5965
26.8525 19.3904
26.9525 18.7326
27.0525 17.7124
27.1525 16.385
27.2525 14.7792
27.3525 12.9398
27.4525 10.8715
27.5525 8.57926
27.6525 6.1273
27.7525 3.49913
27.8525 0.73203
27.9525 -2.17727
28.0525 -5.17354
28.1525 -8.1077
28.2525 -10.8822
28.3525 -13.4879
28.4525 -15.9187
28.5525 -18.1368
28.6525 -20.0576
28.7525 -21.6769
28.8525 -22.9508
28.9525 -23.731
29.0525 -23.715
29.1525 -22.6099
29.2525 -20.3865
29.3525 -17.09
29.4525 -12.8738
29.5525 -8.13802
29.6525 -3.42212
29.7525 0.78372
29.8525 4.21023
29.9525 6.71325
30.0525 8.28481
30.1525 9.1253
30.2525 9.48103
30.3525 9.58221
30.4525 9.6116
30.5525 9.71961
30.6525 10.0443
30.7525 10.515
30.8525 11.0459
30.9525 11.6274
31.0525 12.2538
31.1525 12.9092
31.2525 13.5586
31.3525 14.0346
31.4525 14.0977
31.5525 13.624
31.6525 12.5986
31.7525 11.0433
31.8525 9.05213
31.9525 6.81639
32.0525 4.49844
32.1525 2.2412
32.2525 0.0347093
32.3525 -2.24509
32.4525 -4.70566
32.5525 -7.30181
32.6525 -9.98906
32.7525 -12.7558
32.8525 -15.3586
32.9525 -17.5412
33.0525 -19.1806
33.1525 -20.0922
33.2525 -20.1703
33.3525 -19.4531
33.4525 -18.0381
33.5525 -16.104
33.6525 -13.8461
33.7525 -11.4354
33.8525 -9.00541
33.9525 -6.69386
34.0525 -4.59829
34.1525 -2.81093
34.2525 -1.26397
34.3525 0.265199
34.4525 2.02241
34.5525 4.08218
34.6525 6.31379
34.7525 8.53388
34.8525 10.5928
34.9525 12.3623
35.0525 13.7716
35.1525 14.6368
35.2525 14.8942
35.3525 14.6109
35.4525 13.9197
35.5525 12.9138
35.6525 11.6503
35.7525 10.1621
35.8525 8.5056
35.9525 6.77768
36.0525 5.16599
36.1525 3.85489
36.2525 2.84346
36.3525 2.08199
36.4525 1.47186
36.5525 0.832767
36.6525 0.0963625
36.7525 -0.737526
36.8525 -1.6447
36.9525 -2.58236
37.0525 -3.56449
37.1525 -4.60249
37.2525 -5.62061
37.3525 -6.47099
37.4525 -7.08071
37.5525 -7.4918
37.6525 -7.74584
37.7525 -7.90925
37.8525 -8.0902
37.9525 -8.3021
38.0525 -8.48187
38.1525 -8.58684
38.2525 -8.55571
38.3525 -8.29392
38.4525 -7.81245
38.5525 -7.19496
38.6525 -6.48033
38.7525 -5.7391
38.8525 -5.00675
38.9525 -4.17122
39.0525 -3.15422
39.1525 -1.93382
39.2525 -0.48512
39.3525 1.13566
39.4525 2.77913
39.5525 4.33588
39.6525 5.72515
39.7525 6.89505
39.8525 7.87074
39.9525 8.67549
40.0525 9.24161
40.1525 9.54303
40.2525 9.63734
40.3525 9.61042
40.4525 9.55797
40.5525 9.50686
40.6525 9.40751
40.7525 9.17317
40.8525 8.71332
40.9525 8.03419
41.0525 7.14297
41.1525 6.08908
41.2525 4.94037
41.3525 3.71839
41.4525 2.52548
41.5525 1.32291
41.6525 0.0695041
41.7525 -1.2497
41.8525 -2.59319
41.9525 -3.9285
42.0525 -5.17153
42.1525 -6.27241
42.2525 -7.23656
42.3525 -8.11348
42.4525 -8.90728
42.5525 -9.53728
42.6525 -9.91955
42.7525 -10.0018
42.8525 -9.72885
42.9525 -9.14962
43.0525 -8.34736
43.1525 -7.36082
43.2525 -6.25429
43.3525 -5.13793
43.4525 -4.11202
43.5525 -3.17806
43.6525 -2.37141
43.7525 -1.61343
43.8525 -0.858827
43.9525 -0.0289562
44.0525 0.870889
44.1525 1.74674
44.2525 2.5316
44.3525 3.24165
44.4525 3.92381
44.5525 4.5062
44.6525 4.9572
44.7525 5.19599
44.8525 5.27298
44.9525 5.28135
45.0525 5.33914
45.1525 5.40937
45.2525 5.44146
45.3525 5.46759
45.4525 5.55233
45.5525 5.67009
45.6525 5.74068
45.7525 5.71307
45.8525 5.58576
45.9525 5.32116
46.0525 4.87318
46.1525 4.25626
46.2525 3.52074
46.3525 2.77699
46.4525 2.07914
46.5525 1.46335
46.6525 0.979599
46.7525 0.59968
46.8525 0.305884
46.9525 0.0491027
47.0525 -0.24038
47.1525 -0.617576
47.2525 -1.09794
47.3525 -1.63615
47.4525 -2.20877
47.5525 -2.77894
47.6525 -3.38888
47.7525 -4.03091
47.8525 -4.57394
47.9525 -4.93149
48.0525 -5.11678
48.1525 -5.19203
48.2525 -5.22793
48.3525 -5.2228
48.4525 -5.15648
48.5525 -4.97682
48.6525 -4.74386
48.7525 -4.43966
48.8525 -4.06817
48.9525 -3.67995
49.0525 -3.25208
49.1525 -2.73995
49.2525 -2.161
49.3525 -1.56435
49.4525 -0.9435
49.5525 -0.299246
49.6525 0.393974
49.7525 1.18267
49.8525 1.98376
49.9525 2.74104
50.0525 3.41889
50.1525 3.93539
50.2525 4.28875
50.3525 4.46036
50.4525 4.46183
50.5525 4.36544
50.6525 4.23747
50.7525 4.22995
50.8525 4.56436
50.9525 5.37693
51.0525 6.6336
51.1525 8.05367
51.2525 9.29493
51.3525 9.97731
51.4525 9.76426
51.5525 8.46846
51.6525 6.04969
51.7525 2.73915
51.8525 -0.865007
51.9525 -3.96089
52.0525 -6.01463
52.1525 -6.72398
52.2525 -6.02842
52.3525 -4.3388
52.4525 -2.15574
52.5525 0.0145954
52.6525 1.74701
52.7525 2.76035
52.8525 2.9312
52.9525 2.25291
53.0525 0.921013
53.1525 -0.751403
53.2525 -2.51125
53.3525 -4.13606
53.4525 -5.49417
53.5525 -6.54095
53.6525 -7.28556
53.7525 -7.64199
53.8525 -7.57003
53.9525 -7.06249
54.0525 -6.22775
54.1525 -5.25735
54.2525 -4.31456
54.3525 -3.50036
54.4525 -2.81874
54.5525 -2.15764
54.6525 -1.38759
54.7525 -0.523581
54.8525 0.342201
54.9525 1.19114
55.0525 2.01339
55.1525 2.79545
55.2525 3.46897
55.3525 4.02822
55.4525 4.47975
55.5525 4.79028
55.6525 4.92563
55.7525 4.91496
55.8525 4.79583
55.9525 4.54152
56.0525 4.15485
56.1525 3.76309
56.2525 3.50252
56.3525 3.49666
56.4525 3.71946
56.5525 4.03471
56.6525 4.27989
56.7525 4.33918
56.8525 4.1787
56.9525 3.79325
57.0525 3.18117
57.1525 2.4036
57.2525 1.53459
57.3525 0.741534
57.4525 0.148175
57.5525 -0.194399
57.6525 -0.29123
57.7525 -0.191825
57.8525 -0.0411561
57.9525 -0.00231029
58.0525 -0.135403
58.1525 -0.471914
58.2525 -0.948731
58.3525 -1.49648
58.4525 -2.11559
58.5525 -2.69794
58.6525 -3.13914
58.7525 -3.32655
58.8525 -3.32878
58.9525 -3.2161
59.0525 -3.02049
59.1525 -2.79828
59.2525 -2.54922
59.3525 -2.26371
59.4525 -2.01585
59.5525 -1.82938
59.6525 -1.69719
59.7525 -1.61315
59.8525 -1.55297
59.9525 -1.51824
60.0525 -1.53063
60.1525 -1.5624
60.2525 -1.51907
60.3525 -1.37641
60.4525 -1.10117
60.5525 -0.750028
60.6525 -0.398892
60.7525 -0.0700713
60.8525 0.328476
60.9525 0.789432
61.0525 1.31397
61.1525 1.85654
61.2525 2.37095
61.3525 2.81171
61.4525 3.18729
61.5525 3.57036
61.6525 3.95189
61.7525 4.29357
61.8525 4.56639
61.9525 4.78291
62.0525 4.9481
62.1525 5.06989
62.2525 5.10682
62.3525 5.04613
62.4525 4.91212
62.5525 4.69908
62.6525 4.38832
62.7525 4.00821
62.8525 3.55178
62.9525 3.0107
63.0525 2.39446
63.1525 1.68874
63.2525 0.85546
63.3525 -0.0228077
63.4525 -0.824531
63.5525 -1.55316
63.6525 -2.18557
63.7525 -2.76748
63.8525 -3.33434
63.9525 -3.87718
64.0525 -4.31471
64.1525 -4.63572
64.2525 -4.81229
64.3525 -4.79343
64.4525 -4.59432
64.5525 -4.24589
64.6525 -3.76967
64.7525 -3.2178
64.8525 -2.70766
64.9525 -2.27458
65.0525 -1.96893
65.1525 -1.78531
65.2525 -1.64697
65.3525 -1.43547
65.4525 -1.1741
65.5525 -0.886503
65.6525 -0.567847
65.7525 -0.191641
65.8525 0.26025
65.9525 0.768224
66.0525 1.23914
66.1525 1.69083
66.2525 2.11626
66.3525 2.49248
66.4525 2.79751
66.5525 3.02401
66.6525 3.21526
66.7525 3.36535
66.8525 3.50342
66.9525 3.63694
67.0525 3.76935
67.1525 3.88126
67.2525 3.94552
67.3525 3.953
67.4525 3.81468
67.5525 3.50214
67.6525 3.07434
67.7525 2.59206
67.8525 2.06683
67.9525 1.54678
68.0525 1.09993
68.1525 0.755077
68.2525 0.564824
68.3525 0.502618
68.4525 0.538851
68.5525 0.549441
68.6525 0.481644
68.7525 0.275772
68.8525 -0.14356
68.9525 -0.664336
69.0525 -1.26612
69.1525 -1.88298
69.2525 -2.37545
69.3525 -2.68264
69.4525 -2.75273
69.5525 -2.66061
69.6525 -2.40282
69.7525 -2.11268
69.8525 -1.8366
69.9525 -1.53758
70.0525 -1.13428
70.1525 -0.657455
70.2525 -0.279803
70.3525 0.0278209
70.4525 0.243361
70.5525 0.349833
70.6525 0.412258
70.7525 0.358146
70.8525 0.132544
70.9525 -0.122636
71.0525 -0.393675
71.1525 -0.532474
71.2525 -0.491079
71.3525 -0.288591
71.4525 -0.0372582
71.5525 0.233626
71.6525 0.513865
71.7525 0.843094
71.8525 1.13396
71.9525 1.36854
72.0525 1.40655
72.1525 1.31226
72.2525 1.19204
72.3525 1.08205
72.4525 0.974581
72.5525 0.856135
72.6525 0.741664
72.7525 0.709488
72.8525 0.787696
72.9525 1.01104
73.0525 1.27007
73.1525 1.43755
73.2525 1.58149
73.3525 1.65833
73.4525 1.68717
73.5525 1.65775
73.6525 1.56517
73.7525 1.46089
73.8525 1.366
73.9525 1.28902
74.0525 1.17874
74.1525 1.08066
74.2525 0.969111
74.3525 0.817342
74.4525 0.631005
74.5525 0.366429
74.6525 0.0559096
74.7525 -0.244399
74.8525 -0.447194
74.9525 -0.563312
75.0525 -0.605195
75.1525 -0.656733
75.2525 -0.625772
75.3525 -0.562742
75.4525 -0.467862
75.5525 -0.375368
75.6525 -0.37819
75.7525 -0.328347
75.8525 -0.337143
75.9525 -0.357911
76.0525 -0.410674
76.1525 -0.395028
76.2525 -0.419015
76.3525 -0.43952
76.4525 -0.491934
76.5525 -0.499548
76.6525 -0.45809
76.7525 -0.359716
76.8525 -0.252734
76.9525 -0.143302
77.0525 -0.00440867
77.1525 0.134451
77.2525 0.229903
77.3525 0.303267
77.4525 0.382624
77.5525 0.391979
77.6525 0.335646
77.7525 0.257944
77.8525 0.169726
77.9525 0.11197
78.0525 0.0937673
78.1525 0.141082
78.2525 0.186335
78.3525 0.267269
78.4525 0.378187
78.5525 0.569637
78.6525 0.785263
78.7525 0.997463
78.8525 1.1904
78.9525 1.30313
79.0525 1.34082
79.1525 1.3016
79.2525 1.27179
79.3525 1.22517
79.4525 1.18518
79.5525 1.1225
79.6525 1.07582
79.7525 1.07984
79.8525 1.1017
79.9525 1.10513
80.0525 1.02392
80.1525 0.935854
80.2525 0.847256
80.3525 0.654446
80.4525 0.451162
80.5525 0.302442
80.6525 0.17012
80.7525 0.0100353
80.8525 -0.121003
80.9525 -0.195024
81.0525 -0.2362
81.1525 -0.231054
81.2525 -0.246912
81.3525 -0.290954
81.4525 -0.365628
81.5525 -0.493801
81.6525 -0.614813
81.7525 -0.653004
81.8525 -0.584276
81.9525 -0.543007
82.0525 -0.49248
82.1525 -0.441462
82.2525 -0.379615
82.3525 -0.377662
82.4525 -0.379774
82.5525 -0.387845
82.6525 -0.366923
82.7525 -0.350209
82.8525 -0.356682
82.9525 -0.270941
83.0525 -0.159617
83.1525 -0.0687629
83.2525 0.0806124
83.3525 0.211667
83.4525 0.333237
83.5525 0.422066
83.6525 0.518094
83.7525 0.491626
83.8525 0.480516
83.9525 0.473082
84.0525 0.483505
84.1525 0.539202
84.2525 0.641776
84.3525 0.75732
84.4525 0.832285
84.5525 0.864366
84.6525 0.849104
84.7525 0.826223
84.8525 0.837589
84.9525 0.838782
85.0525 0.766986
85.1525 0.653521
85.2525 0.56398
85.3525 0.512118
85.4525 0.437152
85.5525 0.313566
85.6525 0.190361
85.7525 0.0995604
85.8525 0.0908441
85.9525 0.202426
86.0525 0.328538
86.1525 0.449229
86.2525 0.507971
86.3525 0.57176
86.4525 0.514602
86.5525 0.443786
86.6525 0.337042
86.7525 0.272806
86.8525 0.198796
86.9525 0.15175
87.0525 0.129048
87.1525 0.0734522
87.2525 -0.017922
87.3525 -0.099691
87.4525 -0.158684
87.5525 -0.198295
87.6525 -0.212792
87.7525 -0.309991
87.8525 -0.370723
87.9525 -0.405663
88.0525 -0.386079
88.1525 -0.365454
88.2525 -0.309095
88.3525 -0.25302
88.4525 -0.213961
88.5525 -0.156704
88.6525 -0.0763181
88.7525 0.0210636
88.8525 0.108055
88.9525 0.173857
89.0525 0.248773
89.1525 0.280217
89.2525 0.281414
89.3525 0.247557
89.4525 0.230999
89.5525 0.242477
89.6525 0.243479
89.7525 0.261609
89.8525 0.222961
89.9525 0.228355
90.0525 0.238406
90.1525 0.258788
90.2525 0.289164
90.3525 0.258437
90.4525 0.310227
90.5525 0.312289
90.6525 0.363594
90.7525 0.391214
90.8525 0.4713
90.9525 0.481213
91.0525 0.495345
91.1525 0.483043
91.2525 0.481314
91.3525 0.459903
91.4525 0.433945
91.5525 0.349887
91.6525 0.25208
91.7525 0.154987
91.8525 0.0644063
91.9525 0.0298585
92.0525 0.0206532
92.1525 -0.0270773
92.2525 -0.0475015
92.3525 -0.0704853
92.4525 -0.0950873
92.5525 -0.132188
92.6525 -0.157354
92.7525 -0.160542
92.8525 -0.146626
92.9525 -0.122147
93.0525 -0.0907625
93.1525 -0.0269865
93.2525 0.0232692
93.3525 0.0869056
93.4525 0.0981235
93.5525 0.0909473
93.6525 0.0802498
93.7525 0.0581006
93.8525 0.0534742
93.9525 0.0183455
94.0525 -0.00602179
94.1525 -0.0255893
94.2525 -0.0397973
94.3525 -0.0292307
94.4525 0.00806866
94.5525 0.0387614
94.6525 0.0382068
94.7525 0.054622
94.8525 0.0466449
94.9525 0.035874
95.0525 0.0226998
95.1525 0.00747509
95.2525 0.0415637
95.3525 0.0490543
95.4525 0.0687183
95.5525 0.0870776
95.6525 0.0871816
95.7525 0.0844129
95.8525 0.104447
95.9525 0.119131
96.0525 0.107274
96.1525 0.0898309
96.2525 0.069337
96.3525 0.0615149
96.4525 0.0610922
96.5525 0.0622276
96.6525 0.0735965
96.7525 0.117802
96.8525 0.127928
96.9525 0.119037
97.0525 0.130642
97.1525 0.13213
