-5.01461 0.237109
-4.91461 0.148922
-4.81461 0.0896754
-4.71461 0.0117012
-4.61461 -0.0294049
-4.51461 -0.0700238
-4.41461 -0.170219
-4.31461 -0.235563
-4.21461 -0.29671
-4.11461 -0.36468
-4.01461 -0.391904
-3.91461 -0.352853
-3.81461 -0.294785
-3.71461 -0.163156
-3.61461 0.00627643
-3.51461 0.175726
-3.41461 0.367611
-3.31461 0.53892
-3.21461 0.633806
-3.11461 0.718275
-3.01461 0.723014
-2.91461 0.62522
-2.81461 0.463111
-2.71461 0.268949
-2.61461 0.0276715
-2.51461 -0.094452
-2.41461 -0.195554
-2.31461 -0.273157
-2.21461 -0.357783
-2.11461 -0.360076
-2.01461 -0.31493
-1.91461 -0.238073
-1.81461 -0.114094
-1.71461 -0.0307669
-1.61461 0.0517037
-1.51461 0.0969327
-1.41461 0.0361586
-1.31461 -0.0603721
-1.21461 -0.125317
-1.11461 -0.116494
-1.01461 -0.0669167
-0.914611 0.058896
-0.814611 0.225075
-0.714611 0.417814
-0.614611 0.6005
-0.514611 0.733936
-0.414611 0.716534
-0.314611 0.577842
-0.214611 0.396479
-0.114611 0.184025
-0.014611 -0.0503692
0.085389 -0.214756
0.185389 -0.373325
0.285389 -0.390808
0.385389 -0.391232
0.485389 -0.363162
0.585389 -0.409134
0.685389 -0.518587
0.785389 -0.658262
0.885389 -0.740562
0.985389 -0.721984
1.08539 -0.682788
1.18539 -0.505552
1.28539 -0.16432
1.38539 0.257978
1.48539 0.778868
1.58539 1.24116
1.68539 1.69605
1.78539 2.03192
1.88539 2.18724
1.98539 2.15993
2.08539 1.91481
2.18539 1.4742
2.28539 0.861641
2.38539 0.0855147
2.48539 -0.719761
2.58539 -1.56712
2.68539 -2.21167
2.78539 -2.71262
2.88539 -2.82489
2.98539 -2.69526
3.08539 -2.29604
3.18539 -1.69126
3.28539 -0.941708
3.38539 -0.0972387
3.48539 0.814867
3.58539 1.64716
3.68539 2.40443
3.78539 3.0202
3.88539 3.25078
3.98539 3.17087
4.08539 2.80745
4.18539 2.12083
4.28539 1.27438
4.38539 0.36473
4.48539 -0.446717
4.58539 -1.11948
4.68539 -1.60633
4.78539 -1.97738
4.88539 -2.21184
4.98539 -2.4013
5.08539 -2.51883
5.18539 -2.42374
5.28539 -2.09662
5.38539 -1.58303
5.48539 -0.905387
5.58539 -0.140713
5.68539 0.596879
5.78539 1.30852
5.88539 1.93029
5.98539 2.34038
6.08539 2.48554
6.18539 2.44235
6.28539 2.15671
6.38539 1.71797
6.48539 1.20429
6.58539 0.668296
6.68539 0.128078
6.78539 -0.416614
6.88539 -0.939118
6.98539 -1.30173
7.08539 -1.49841
7.18539 -1.58849
7.28539 -1.49762
7.38539 -1.23131
7.48539 -0.835891
7.58539 -0.417658
7.68539 0.157487
7.78539 0.865876
7.88539 1.52561
7.98539 2.07837
8.08539 2.30955
8.18539 2.19086
8.28539 1.72909
8.38539 0.938148
8.48539 0.00256455
8.58539 -0.944596
8.68539 -1.64698
8.78539 -2.01502
8.88539 -1.9364
8.98539 -1.44602
9.08539 -0.705389
9.18539 0.316211
9.28539 1.28969
9.38539 2.02151
9.48539 2.41084
9.58539 2.5123
9.68539 2.4367
9.78539 2.12052
9.88539 1.76729
9.98539 1.40235
10.0854 0.935375
10.1854 0.46116
10.2854 -0.0677617
10.3854 -0.719015
10.4854 -1.57931
10.5854 -2.42744
10.6854 -3.16914
10.7854 -3.70939
10.8854 -4.05118
10.9854 -3.96392
11.0854 -3.55754
11.1854 -2.8577
11.2854 -2.01506
11.3854 -0.972386
11.4854 0.0980517
11.5854 1.09785
11.6854 1.97334
11.7854 2.60667
11.8854 3.09011
11.9854 3.47117
12.0854 3.77499
12.1854 4.03454
12.2854 4.16093
12.3854 4.12351
12.4854 4.03273
12.5854 3.68197
12.6854 3.12065
12.7854 2.2629
12.8854 1.04542
12.9854 -0.433993
13.0854 -2.02749
13.1854 -3.52242
13.2854 -4.82981
13.3854 -5.66628
13.4854 -5.97998
13.5854 -5.71422
13.6854 -4.97426
13.7854 -3.88845
13.8854 -2.57425
13.9854 -1.13163
14.0854 0.259799
14.1854 1.54089
14.2854 2.60963
14.3854 3.47543
14.4854 4.15223
14.5854 4.55902
14.6854 4.69515
14.7854 4.60153
14.8854 4.2979
14.9854 3.82238
15.0854 3.14361
15.1854 2.1648
15.2854 1.07249
15.3854 -0.133405
15.4854 -1.21378
15.5854 -2.18629
15.6854 -2.84027
15.7854 -3.07122
15.8854 -3.02078
15.9854 -2.74436
16.0854 -2.29578
16.1854 -1.77043
16.2854 -1.20997
16.3854 -0.734462
16.4854 -0.336731
16.5854 -0.0552914
16.6854 0.122804
16.7854 0.239487
16.8854 0.251774
16.9854 0.266224
17.0854 0.251834
17.1854 0.261342
17.2854 0.389917
17.3854 0.602566
17.4854 0.807864
17.5854 1.14022
17.6854 1.49625
17.7854 1.80632
17.8854 2.11174
17.9854 2.39562
18.0854 2.51126
18.1854 2.48057
18.2854 2.28418
18.3854 1.8071
18.4854 1.05489
18.5854 0.118281
18.6854 -0.917166
18.7854 -1.89607
18.8854 -2.58533
18.9854 -2.87171
19.0854 -2.71225
19.1854 -2.27605
19.2854 -1.65447
19.3854 -0.85503
19.4854 0.0175023
19.5854 0.851994
19.6854 1.61886
19.7854 2.30907
19.8854 2.97325
19.9854 3.61764
20.0854 4.10746
20.1854 4.23046
20.2854 3.87854
20.3854 2.93844
20.4854 1.41196
20.5854 -0.393687
20.6854 -2.25442
20.7854 -3.96659
20.8854 -5.08363
20.9854 -5.41713
21.0854 -4.97614
21.1854 -3.70713
21.2854 -1.94996
21.3854 0.0225989
21.4854 1.95329
21.5854 3.63195
21.6854 4.86364
21.7854 5.43999
21.8854 5.3692
21.9854 4.78665
22.0854 3.84055
22.1854 2.51535
22.2854 0.872242
22.3854 -0.91553
22.4854 -2.74227
22.5854 -4.48799
22.6854 -5.80448
22.7854 -6.62468
22.8854 -7.02616
22.9854 -6.83214
23.0854 -5.94651
23.1854 -4.38543
23.2854 -2.267
23.3854 0.129131
23.4854 2.45226
23.5854 4.54067
23.6854 6.30039
23.7854 7.55865
23.8854 8.13573
23.9854 8.1187
24.0854 7.47193
24.1854 6.16311
24.2854 4.47369
24.3854 2.51654
24.4854 0.364804
24.5854 -1.67896
24.6854 -3.43352
24.7854 -4.7751
24.8854 -5.45437
24.9854 -5.47921
25.0854 -5.02431
25.1854 -4.08685
25.2854 -2.81219
25.3854 -1.32212
25.4854 0.197631
25.5854 1.69463
25.6854 3.13314
25.7854 4.39131
25.8854 5.31079
25.9854 5.80788
26.0854 5.79359
26.1854 5.31141
26.2854 4.47847
26.3854 3.2254
26.4854 1.53159
26.5854 -0.431307
26.6854 -2.31914
26.7854 -3.79436
26.8854 -4.78915
26.9854 -5.24208
27.0854 -5.13848
27.1854 -4.58032
27.2854 -3.77806
27.3854 -2.93905
27.4854 -2.28916
27.5854 -1.8626
27.6854 -1.57311
27.7854 -1.30666
27.8854 -0.873206
27.9854 -0.153533
28.0854 0.886788
28.1854 2.15743
28.2854 3.49754
28.3854 4.63428
28.4854 5.30213
28.5854 5.30183
28.6854 4.52482
28.7854 3.05836
28.8854 1.25778
28.9854 -0.44282
29.0854 -1.72496
29.1854 -2.45147
29.2854 -2.55496
29.3854 -2.13285
29.4854 -1.39573
29.5854 -0.505309
29.6854 0.37173
29.7854 1.11849
29.8854 1.72436
29.9854 2.24392
30.0854 2.70951
30.1854 3.11859
30.2854 3.37649
30.3854 3.51458
30.4854 3.50603
30.5854 3.23773
30.6854 2.70895
30.7854 1.94568
30.8854 0.952401
30.9854 -0.186595
31.0854 -1.26197
31.1854 -2.12973
31.2854 -2.65568
31.3854 -2.86015
31.4854 -2.74295
31.5854 -2.31515
31.6854 -1.62052
31.7854 -0.792957
31.8854 0.0885428
31.9854 0.88543
32.0854 1.46546
32.1854 1.71026
32.2854 1.59114
32.3854 1.12346
32.4854 0.283191
32.5854 -0.787604
32.6854 -1.91649
32.7854 -2.8663
32.8854 -3.45458
32.9854 -3.63423
33.0854 -3.47195
33.1854 -2.96328
33.2854 -2.13509
33.3854 -1.20599
33.4854 -0.427108
33.5854 0.140321
33.6854 0.66954
33.7854 1.21897
33.8854 1.78214
33.9854 2.36229
34.0854 2.96538
34.1854 3.61864
34.2854 4.2105
34.3854 4.61826
34.4854 4.774
34.5854 4.59091
34.6854 4.08734
34.7854 3.39246
34.8854 2.59507
34.9854 1.65529
35.0854 0.654107
35.1854 -0.256777
35.2854 -0.942749
35.3854 -1.33709
35.4854 -1.5082
35.5854 -1.52839
35.6854 -1.46058
35.7854 -1.37238
35.8854 -1.2725
35.9854 -1.29399
36.0854 -1.40689
36.1854 -1.53603
36.2854 -1.56664
36.3854 -1.36896
36.4854 -0.902835
36.5854 -0.188733
36.6854 0.672361
36.7854 1.61901
36.8854 2.56659
36.9854 3.32149
37.0854 3.77424
37.1854 3.84354
37.2854 3.48118
37.3854 2.75183
37.4854 1.74182
37.5854 0.526926
37.6854 -0.766901
37.7854 -1.95396
37.8854 -2.99038
37.9854 -3.84256
38.0854 -4.39006
38.1854 -4.57817
38.2854 -4.46012
38.3854 -4.12243
38.4854 -3.75592
38.5854 -3.49966
38.6854 -3.48196
38.7854 -3.58567
38.8854 -3.56975
38.9854 -2.97906
39.0854 -1.33002
39.1854 1.75414
39.2854 6.41182
39.3854 12.6827
39.4854 20.1193
39.5854 26.874
39.6854 30.2747
39.7854 28.1474
39.8854 18.6099
39.9854 -0.133716
40.0854 -27.2975
40.1854 -57.4947
40.2854 -81.8279
40.3854 -92.5554
40.4854 -87.1841
40.5854 -67.5852
40.6854 -36.901
40.7854 1.73057
40.8854 43.9183
40.9854 84.0741
41.0854 115.593
41.1854 132.818
41.2854 131.798
41.3854 106.276
41.4854 56.4199
41.5854 -5.37832
41.6854 -61.5137
41.7854 -101.369
41.8854 -123.238
41.9854 -128.289
42.0854 -119.346
42.1854 -101.625
42.2854 -80.2016
42.3854 -57.881
42.4854 -35.3626
42.5854 -12.6914
42.6854 10.0308
42.7854 32.6572
42.8854 54.7562
42.9854 74.6274
43.0854 89.2484
43.1854 95.4277
43.2854 92.2453
43.3854 81.9266
43.4854 67.8201
43.5854 52.1951
43.6854 35.9144
43.7854 18.8772
43.8854 0.707259
43.9854 -18.9135
44.0854 -39.3587
44.1854 -58.0309
44.2854 -71.4542
44.3854 -77.516
44.4854 -76.1778
44.5854 -69.2133
44.6854 -59.274
44.7854 -48.5123
44.8854 -37.9492
44.9854 -27.7591
45.0854 -17.8233
45.1854 -8.06234
45.2854 1.38821
45.3854 10.2363
45.4854 18.1054
45.5854 24.8146
45.6854 30.339
45.7854 34.7762
45.8854 38.3441
45.9854 41.1126
46.0854 42.9036
46.1854 43.2959
46.2854 41.7714
46.3854 38.0663
46.4854 32.4508
46.5854 25.6499
46.6854 18.5476
46.7854 11.7474
46.8854 5.41968
46.9854 -0.678727
47.0854 -7.0517
47.1854 -13.9584
47.2854 -21.0707
47.3854 -27.5596
47.4854 -32.3646
47.5854 -35.0021
47.6854 -35.6169
47.7854 -34.6426
47.8854 -32.7254
47.9854 -30.4984
48.0854 -28.2026
48.1854 -25.7708
48.2854 -22.8861
48.3854 -19.2077
48.4854 -14.8744
48.5854 -10.3065
48.6854 -5.82334
48.7854 -1.63963
48.8854 2.27319
48.9854 6.06911
49.0854 9.93164
49.1854 13.9421
49.2854 18.0473
49.3854 22.0259
49.4854 25.5005
49.5854 28.0993
49.6854 29.585
49.7854 29.9351
49.8854 29.2338
49.9854 27.4853
50.0854 24.6882
50.1854 20.8067
50.2854 16.0068
50.3854 10.672
50.4854 5.21303
50.5854 0.114225
50.6854 -4.19373
50.7854 -7.59562
50.8854 -10.2624
50.9854 -12.4958
51.0854 -14.5258
51.1854 -16.4193
51.2854 -18.1419
51.3854 -19.4666
51.4854 -20.1764
51.5854 -20.0697
51.6854 -19.2577
51.7854 -18.0399
51.8854 -16.7737
51.9854 -15.6044
52.0854 -14.5756
52.1854 -13.7311
52.2854 -12.8994
52.3854 -11.7051
52.4854 -9.89468
52.5854 -7.42828
52.6854 -4.34812
52.7854 -0.737716
52.8854 3.31212
52.9854 7.59044
53.0854 11.8301
53.1854 15.5979
53.2854 18.3811
53.3854 19.7924
53.4854 19.8817
53.5854 18.9199
53.6854 17.2936
53.7854 15.4517
53.8854 13.8387
53.9854 12.7098
54.0854 11.9885
54.1854 11.4587
54.2854 10.812
54.3854 9.80265
54.4854 8.46129
54.5854 6.89939
54.6854 5.22686
54.7854 3.52486
54.8854 1.72204
54.9854 -0.315475
55.0854 -2.57742
55.1854 -5.07359
55.2854 -7.77576
55.3854 -10.5066
55.4854 -13.0058
55.5854 -15.1841
55.6854 -16.8754
55.7854 -18.0408
55.8854 -18.7992
55.9854 -19.13
56.0854 -19.0732
56.1854 -18.6489
56.2854 -17.761
56.3854 -16.3143
56.4854 -14.3213
56.5854 -11.8173
56.6854 -8.96276
56.7854 -5.93452
56.8854 -2.82876
56.9854 0.311929
57.0854 3.42541
57.1854 6.28161
57.2854 8.74528
57.3854 10.6971
57.4854 12.0569
57.5854 12.8921
57.6854 13.2784
57.7854 13.4044
57.8854 13.4407
57.9854 13.5321
58.0854 13.8536
58.1854 14.4243
58.2854 15.0918
58.3854 15.7041
58.4854 15.9873
58.5854 15.6238
58.6854 14.4095
58.7854 12.3355
58.8854 9.52982
58.9854 6.28371
59.0854 2.98871
59.1854 -0.169959
59.2854 -3.22092
59.3854 -6.07674
59.4854 -8.61298
59.5854 -10.7456
59.6854 -12.3745
59.7854 -13.4437
59.8854 -13.9799
59.9854 -14.0797
60.0854 -13.7839
60.1854 -13.0778
60.2854 -11.9956
60.3854 -10.6413
60.4854 -9.25816
60.5854 -7.97596
60.6854 -6.83619
60.7854 -6.00365
60.8854 -5.45651
60.9854 -5.15593
61.0854 -5.15331
61.1854 -5.36756
61.2854 -5.49492
61.3854 -5.22815
61.4854 -4.49411
61.5854 -3.29528
61.6854 -1.69393
61.7854 0.194485
61.8854 2.21751
61.9854 4.21448
62.0854 6.01181
62.1854 7.49774
62.2854 8.64088
62.3854 9.44569
62.4854 10.0453
62.5854 10.4834
62.6854 10.8003
62.7854 11.0963
62.8854 11.3045
62.9854 11.3654
63.0854 11.1346
63.1854 10.4546
63.2854 9.3547
63.3854 8.02604
63.4854 6.65226
63.5854 5.40278
63.6854 4.33825
63.7854 3.47472
63.8854 2.82868
63.9854 2.33798
64.0854 1.89899
64.1854 1.41519
64.2854 0.830045
64.3854 0.125645
64.4854 -0.638202
64.5854 -1.50232
64.6854 -2.50717
64.7854 -3.8137
64.8854 -5.54577
64.9854 -7.62345
65.0854 -9.90641
65.1854 -12.1059
65.2854 -13.9741
65.3854 -15.217
65.4854 -15.6915
65.5854 -15.4189
65.6854 -14.5188
65.7854 -13.125
65.8854 -11.3726
65.9854 -9.40432
66.0854 -7.32011
66.1854 -5.26382
66.2854 -3.27603
66.3854 -1.32614
66.4854 0.531579
66.5854 2.27257
66.6854 3.80935
66.7854 5.11869
66.8854 6.25569
66.9854 7.21533
67.0854 7.9829
67.1854 8.61342
67.2854 9.13192
67.3854 9.49605
67.4854 9.61045
67.5854 9.49266
67.6854 9.18405
67.7854 8.73939
67.8854 8.18194
67.9854 7.48458
68.0854 6.67558
68.1854 5.787
68.2854 4.92397
68.3854 4.12403
68.4854 3.4047
68.5854 2.8634
68.6854 2.60988
68.7854 2.51529
68.8854 2.40372
68.9854 2.16775
69.0854 1.76496
69.1854 1.20729
69.2854 0.559016
69.3854 -0.107531
69.4854 -0.7521
69.5854 -1.42591
69.6854 -2.10862
69.7854 -2.75811
69.8854 -3.38405
69.9854 -3.98913
70.0854 -4.56796
70.1854 -5.11238
70.2854 -5.63412
70.3854 -6.07325
70.4854 -6.34161
70.5854 -6.39925
70.6854 -6.2643
70.7854 -6.02614
70.8854 -5.76161
70.9854 -5.49964
71.0854 -5.28063
71.1854 -5.10913
71.2854 -4.98011
71.3854 -4.85311
71.4854 -4.57222
71.5854 -4.12644
71.6854 -3.56398
71.7854 -2.89762
71.8854 -2.12275
71.9854 -1.26887
72.0854 -0.343011
72.1854 0.624631
72.2854 1.68029
72.3854 2.78733
72.4854 3.95485
72.5854 5.09747
72.6854 6.11062
72.7854 6.95722
72.8854 7.61772
72.9854 8.14483
73.0854 8.50616
73.1854 8.73659
73.2854 8.78471
73.3854 8.6512
73.4854 8.3277
73.5854 7.85118
73.6854 7.09805
73.7854 5.95795
73.8854 4.56623
73.9854 3.11921
74.0854 1.84654
74.1854 0.964691
74.2854 0.657608
74.3854 0.874459
74.4854 1.43513
74.5854 2.08976
74.6854 2.51922
74.7854 2.31008
74.8854 1.06821
74.9854 -1.2249
75.0854 -4.35394
75.1854 -7.75483
75.2854 -10.7074
75.3854 -12.4992
75.4854 -12.6946
75.5854 -11.2764
75.6854 -8.4937
75.7854 -4.90702
75.8854 -1.30186
75.9854 1.59816
76.0854 3.40038
76.1854 4.01022
76.2854 3.4598
76.3854 2.02119
76.4854 0.0383506
76.5854 -2.18792
76.6854 -4.26769
76.7854 -5.91256
76.8854 -7.06174
76.9854 -7.79576
77.0854 -7.95971
77.1854 -7.46993
77.2854 -6.32713
77.3854 -4.61766
77.4854 -2.55678
77.5854 -0.406331
77.6854 1.62022
77.7854 3.37907
77.8854 4.81386
77.9854 5.95869
78.0854 6.7939
78.1854 7.35373
78.2854 7.72053
78.3854 7.99363
78.4854 8.14109
78.5854 8.11181
78.6854 7.93241
78.7854 7.56047
78.8854 7.07205
78.9854 6.49075
79.0854 5.84447
79.1854 5.15636
79.2854 4.41966
79.3854 3.62098
79.4854 2.83226
79.5854 2.19597
79.6854 1.78715
79.7854 1.59904
79.8854 1.47322
79.9854 1.23541
80.0854 0.784171
80.1854 0.0488356
80.2854 -0.980393
80.3854 -2.25924
80.4854 -3.61348
80.5854 -4.87903
80.6854 -5.78574
80.7854 -6.29694
80.8854 -6.53938
80.9854 -6.56949
81.0854 -6.35355
81.1854 -5.97407
81.2854 -5.46027
81.3854 -4.83469
81.4854 -4.19147
81.5854 -3.62794
81.6854 -3.12931
81.7854 -2.68751
81.8854 -2.32277
81.9854 -2.03772
82.0854 -1.77246
82.1854 -1.53963
82.2854 -1.3237
82.3854 -1.09077
82.4854 -0.735433
82.5854 -0.215292
82.6854 0.335412
82.7854 0.851272
82.8854 1.32022
82.9854 1.73946
83.0854 2.17689
83.1854 2.56315
83.2854 2.86358
83.3854 3.11524
83.4854 3.34437
83.5854 3.54958
83.6854 3.77142
83.7854 4.05121
83.8854 4.31858
83.9854 4.46866
84.0854 4.50064
84.1854 4.4058
84.2854 4.27723
84.3854 4.18652
84.4854 4.13392
84.5854 4.12195
84.6854 4.09188
84.7854 3.99415
84.8854 3.7094
84.9854 3.24294
85.0854 2.68511
85.1854 2.0753
85.2854 1.49865
85.3854 0.964139
85.4854 0.455578
85.5854 -0.00262605
85.6854 -0.402875
85.7854 -0.778776
85.8854 -1.14774
85.9854 -1.41857
86.0854 -1.5336
86.1854 -1.54348
86.2854 -1.50347
86.3854 -1.57668
86.4854 -1.89689
86.5854 -2.50527
86.6854 -3.33964
86.7854 -4.32015
86.8854 -5.36786
86.9854 -6.30516
87.0854 -6.93947
87.1854 -7.20053
87.2854 -7.11244
87.3854 -6.69314
87.4854 -5.992
87.5854 -5.01723
87.6854 -3.86391
87.7854 -2.61547
87.8854 -1.28598
87.9854 0.101121
88.0854 1.44004
88.1854 2.6732
88.2854 3.60869
88.3854 4.16795
88.4854 4.45131
88.5854 4.45428
88.6854 4.20295
88.7854 3.84058
88.8854 3.4878
88.9854 3.17111
89.0854 3.0018
89.1854 3.07263
89.2854 3.30862
89.3854 3.62901
89.4854 3.94947
89.5854 4.39507
89.6854 4.84545
89.7854 5.20032
89.8854 5.34295
89.9854 5.30769
90.0854 5.19883
90.1854 4.99523
90.2854 4.55474
90.3854 3.85346
90.4854 2.9636
90.5854 1.99204
90.6854 1.07634
90.7854 0.227163
90.8854 -0.727718
90.9854 -1.56364
91.0854 -2.31886
91.1854 -2.96584
91.2854 -3.41964
91.3854 -3.73186
91.4854 -3.96537
91.5854 -4.13381
91.6854 -4.26329
91.7854 -4.25561
91.8854 -4.10704
91.9854 -3.88629
92.0854 -3.6381
92.1854 -3.42741
92.2854 -3.24124
92.3854 -3.09038
92.4854 -2.89277
92.5854 -2.57401
92.6854 -2.12217
92.7854 -1.53964
92.8854 -0.911973
92.9854 -0.304946
93.0854 0.227125
93.1854 0.556501
93.2854 0.722643
93.3854 0.887932
93.4854 1.04821
93.5854 1.22841
93.6854 1.28128
93.7854 1.31033
93.8854 1.28912
93.9854 1.28842
94.0854 1.2803
94.1854 1.35717
94.2854 1.63225
94.3854 2.02316
94.4854 2.39407
94.5854 2.69652
94.6854 2.84287
94.7854 2.901
94.8854 2.99328
94.9854 3.01275
95.0854 2.93715
95.1854 2.84713
95.2854 2.71807
95.3854 2.71368
95.4854 2.76346
95.5854 2.79813
95.6854 2.76392
95.7854 2.55949
95.8854 2.11107
95.9854 1.53965
96.0854 0.940331
96.1854 0.26346
96.2854 -0.481443
96.3854 -1.2771
96.4854 -1.93179
96.5854 -2.33526
96.6854 -2.5267
96.7854 -2.51036
96.8854 -2.33516
96.9854 -2.11015
97.0854 -1.72728
97.1854 -1.2848
97.2854 -0.838934
