-6.30594 -0.103591
-6.20594 -0.112133
-6.10594 -0.0472914
-6.00594 0.0544761
-5.90594 0.124858
-5.80594 0.232982
-5.70594 0.382643
-5.60594 0.420928
-5.50594 0.478881
-5.40594 0.395318
-5.30594 0.28927
-5.20594 0.199745
-5.10594 0.0740978
-5.00594 -0.00246656
-4.90594 -0.0963249
-4.80594 -0.169257
-4.70594 -0.202995
-4.60594 -0.176303
-4.50594 -0.146745
-4.40594 -0.0425127
-4.30594 0.0748723
-4.20594 0.0656448
-4.10594 0.0465822
-4.00594 0.000257921
-3.90594 -0.0124407
-3.80594 -0.000206852
-3.70594 0.00236354
-3.60594 0.0336484
-3.50594 0.024078
-3.40594 0.0461494
-3.30594 0.129611
-3.20594 0.250882
-3.10594 0.325581
-3.00594 0.394067
-2.90594 0.455465
-2.80594 0.493972
-2.70594 0.459752
-2.60594 0.412597
-2.50594 0.300333
-2.40594 0.231338
-2.30594 0.161501
-2.20594 0.161802
-2.10594 0.0744003
-2.00594 0.0111246
-1.90594 0.0379957
-1.80594 0.0441845
-1.70594 0.0304108
-1.60594 -0.0113391
-1.50594 0.0310287
-1.40594 0.0456453
-1.30594 0.0865982
-1.20594 0.120892
-1.10594 0.165171
-1.00594 0.120193
-0.905943 0.0627538
-0.805943 0.0398697
-0.705943 0.0101883
-0.605943 -0.0246491
-0.505943 -0.0180156
-0.405943 -0.00174999
-0.305943 0.035978
-0.205943 0.0349805
-0.105943 0.0707752
-0.0059432 0.181392
0.0940568 0.298769
0.194057 0.368394
0.294057 0.399804
0.394057 0.428351
0.494057 0.455492
0.594057 0.481652
0.694057 0.425402
0.794057 0.344919
0.894057 0.337232
0.994057 0.334112
1.09406 0.440922
1.19406 0.423886
1.29406 0.401241
1.39406 0.400929
1.49406 0.372803
1.59406 0.292387
1.69406 0.1297
1.79406 0.0933337
1.89406 0.121506
1.99406 0.049326
2.09406 0.0609887
2.19406 0.0923241
2.29406 0.181466
2.39406 0.309709
2.49406 0.393305
2.59406 0.393
2.69406 0.400603
2.79406 0.341318
2.89406 0.204742
2.99406 0.135553
3.09406 0.0945487
3.19406 0.0670514
3.29406 -0.022487
3.39406 -0.104985
3.49406 -0.138131
3.59406 -0.211156
3.69406 -0.260505
3.79406 -0.302937
3.89406 -0.249446
3.99406 -0.127947
4.09406 -0.0133984
4.19406 0.0750399
4.29406 0.215219
4.39406 0.429813
4.49406 0.564497
4.59406 0.740392
4.69406 0.803156
4.79406 0.829497
4.89406 0.731821
4.99406 0.589559
5.09406 0.350474
5.19406 0.0243944
5.29406 -0.230884
5.39406 -0.357131
5.49406 -0.30805
5.59406 -0.187937
5.69406 -0.0800695
5.79406 0.098396
5.89406 0.227857
5.99406 0.354971
6.09406 0.425985
6.19406 0.413163
6.29406 0.33998
6.39406 0.273149
6.49406 0.234381
6.59406 0.234015
6.69406 0.260633
6.79406 0.154348
6.89406 0.0613467
6.99406 0.0246015
7.09406 0.0709055
7.19406 0.174804
7.29406 0.327882
7.39406 0.455743
7.49406 0.617957
7.59406 0.7571
7.69406 0.842551
7.79406 0.762702
7.89406 0.564291
7.99406 0.451457
8.09406 0.416973
8.19406 0.391171
8.29406 0.263172
8.39406 0.122161
8.49406 -0.016057
8.59406 -0.0457565
8.69406 -0.0134239
8.79406 0.0500565
8.89406 0.135944
8.99406 0.145653
9.09406 -0.0335406
9.19406 -0.204445
9.29406 -0.343962
9.39406 -0.463736
9.49406 -0.526013
9.59406 -0.524122
9.69406 -0.419886
9.79406 -0.256793
9.89406 -0.00822172
9.99406 0.27227
10.0941 0.651348
10.1941 1.018
10.2941 1.30095
10.3941 1.52486
10.4941 1.63
10.5941 1.54636
10.6941 1.25628
10.7941 0.974449
10.8941 0.680677
10.9941 0.421413
11.0941 0.226446
11.1941 0.0936164
11.2941 -0.0249699
11.3941 -0.0847742
11.4941 -0.095307
11.5941 -0.0539926
11.6941 -0.0378815
11.7941 0.063897
11.8941 0.173259
11.9941 0.183121
12.0941 0.165489
12.1941 0.147244
12.2941 0.101424
12.3941 0.0787416
12.4941 0.0596133
12.5941 0.0206492
12.6941 0.00540489
12.7941 0.00891088
12.8941 0.0988308
12.9941 0.177108
13.0941 0.167169
13.1941 0.189905
13.2941 0.244946
13.3941 0.279272
13.4941 0.182003
13.5941 0.061893
13.6941 -0.0118392
13.7941 -0.0888797
13.8941 -0.065244
13.9941 0.0394915
14.0941 0.204524
14.1941 0.450181
14.2941 0.711094
14.3941 0.920375
14.4941 1.08454
14.5941 1.15009
14.6941 1.06005
14.7941 0.848596
14.8941 0.567614
14.9941 0.343057
15.0941 0.175674
15.1941 0.0494855
15.2941 0.0521384
15.3941 0.0626622
15.4941 0.175068
15.5941 0.348311
15.6941 0.580637
15.7941 0.693393
15.8941 0.758279
15.9941 0.751064
16.0941 0.688266
16.1941 0.621046
16.2941 0.541451
16.3941 0.410984
16.4941 0.213815
16.5941 0.0366991
16.6941 -0.104356
16.7941 -0.184591
16.8941 -0.228555
16.9941 -0.250964
17.0941 -0.313208
17.1941 -0.344544
17.2941 -0.284272
17.3941 -0.190146
17.4941 -0.0991092
17.5941 -0.00270331
17.6941 0.0690646
17.7941 0.187908
17.8941 0.332031
17.9941 0.476803
18.0941 0.577711
18.1941 0.631095
18.2941 0.6753
18.3941 0.70956
18.4941 0.698216
18.5941 0.661991
18.6941 0.61005
18.7941 0.514641
18.8941 0.360225
18.9941 0.208931
19.0941 0.0912105
19.1941 0.0135824
19.2941 0.0216603
19.3941 0.102022
19.4941 0.207724
19.5941 0.341908
19.6941 0.48108
19.7941 0.570018
19.8941 0.63793
19.9941 0.766871
20.0941 0.957404
20.1941 1.13811
20.2941 1.23908
20.3941 1.17658
20.4941 0.916735
20.5941 0.602497
20.6941 0.374275
20.7941 0.281328
20.8941 0.213744
20.9941 0.0925742
21.0941 -0.0515668
21.1941 -0.118545
21.2941 -0.0582179
21.3941 0.0123956
21.4941 0.0503861
21.5941 0.0364376
21.6941 -0.0408619
21.7941 -0.1564
21.8941 -0.290895
21.9941 -0.373873
22.0941 -0.393513
22.1941 -0.323275
22.2941 -0.124149
22.3941 0.137687
22.4941 0.353988
22.5941 0.508057
22.6941 0.644786
22.7941 0.739584
22.8941 0.727544
22.9941 0.631003
23.0941 0.462892
23.1941 0.284584
23.2941 0.176664
23.3941 0.209309
23.4941 0.354412
23.5941 0.540642
23.6941 0.732632
23.7941 0.879472
23.8941 0.974636
23.9941 1.01649
24.0941 0.958846
24.1941 0.812032
24.2941 0.556352
24.3941 0.246474
24.4941 -0.0994041
24.5941 -0.343847
24.6941 -0.406543
24.7941 -0.306362
24.8941 -0.107264
24.9941 0.0357251
25.0941 0.0923624
25.1941 0.213865
25.2941 0.442324
25.3941 0.647739
25.4941 0.773651
25.5941 0.790505
25.6941 0.707226
25.7941 0.65159
25.8941 0.665581
25.9941 0.757075
26.0941 0.846031
26.1941 0.868379
26.2941 0.805751
26.3941 0.757198
26.4941 0.715347
26.5941 0.589671
26.6941 0.380814
26.7941 0.118537
26.8941 -0.158091
26.9941 -0.437357
27.0941 -0.654616
27.1941 -0.759018
27.2941 -0.826373
27.3941 -0.83845
27.4941 -0.758862
27.5941 -0.58282
27.6941 -0.36572
27.7941 -0.0809299
27.8941 0.277847
27.9941 0.61053
28.0941 0.917936
28.1941 1.21013
28.2941 1.42483
28.3941 1.53226
28.4941 1.52397
28.5941 1.43973
28.6941 1.35938
28.7941 1.30847
28.8941 1.20381
28.9941 1.06085
29.0941 0.918887
29.1941 0.774156
29.2941 0.548005
29.3941 0.280027
29.4941 -0.064585
29.5941 -0.470845
29.6941 -0.821915
29.7941 -1.07889
29.8941 -1.22144
29.9941 -1.24739
30.0941 -1.15449
30.1941 -0.942069
30.2941 -0.59293
30.3941 -0.159279
30.4941 0.296883
30.5941 0.696681
30.6941 1.02111
30.7941 1.265
30.8941 1.45274
30.9941 1.56303
31.0941 1.56678
31.1941 1.45486
31.2941 1.23974
31.3941 0.973135
31.4941 0.732105
31.5941 0.474614
31.6941 0.238408
31.7941 0.0751108
31.8941 0.0385812
31.9941 0.0649094
32.0941 0.109163
32.1941 0.223761
32.2941 0.354667
32.3941 0.391179
32.4941 0.159571
32.5941 -0.417884
32.6941 -1.3805
32.7941 -2.71258
32.8941 -4.26416
32.9941 -5.59766
33.0941 -6.18248
33.1941 -5.54171
33.2941 -3.36149
33.3941 0.528223
33.4941 6.39728
33.5941 14.2705
33.6941 22.7636
33.7941 29.1467
33.8941 30.8566
33.9941 26.2963
34.0941 13.3165
34.1941 -9.64071
34.2941 -40.927
34.3941 -72.5603
34.4941 -93.8112
34.5941 -98.1784
34.6941 -87.1121
34.7941 -63.1384
34.8941 -27.6664
34.9941 15.4075
35.0941 60.0206
35.1941 98.3855
35.2941 123.671
35.3941 132.851
35.4941 122.237
35.5941 86.4273
35.6941 31.2903
35.7941 -26.4109
35.8941 -71.0694
35.9941 -96.7582
36.0941 -105.91
36.1941 -103.009
36.2941 -92.4573
36.3941 -78.0618
36.4941 -62.5902
36.5941 -47.0495
36.6941 -31.2817
36.7941 -15.0848
36.8941 1.58698
36.9941 18.4987
37.0941 34.9717
37.1941 49.9357
37.2941 62.0451
37.3941 70.1579
37.4941 73.6479
37.5941 72.6633
37.6941 67.9274
37.7941 60.1538
37.8941 49.7387
37.9941 36.8591
38.0941 21.4654
38.1941 3.84435
38.2941 -14.7499
38.3941 -32.0143
38.4941 -46.1965
38.5941 -56.6759
38.6941 -63.6343
38.7941 -67.2908
38.8941 -67.9234
38.9941 -65.7933
39.0941 -60.9335
39.1941 -53.4292
39.2941 -43.3378
39.3941 -30.9463
39.4941 -17.2972
39.5941 -3.96574
39.6941 7.86036
39.7941 17.804
39.8941 25.9673
39.9941 32.4733
40.0941 37.6036
40.1941 41.6954
40.2941 44.8699
40.3941 46.8664
40.4941 47.1923
40.5941 45.5332
40.6941 41.905
40.7941 36.6832
40.8941 30.331
40.9941 23.3466
41.0941 15.8993
41.1941 7.81359
41.2941 -0.967777
41.3941 -10.2673
41.4941 -19.4618
41.5941 -27.5299
41.6941 -33.6394
41.7941 -37.471
41.8941 -39.1741
41.9941 -39.228
42.0941 -38.2049
42.1941 -36.5535
42.2941 -34.3128
42.3941 -31.3482
42.4941 -27.5781
42.5941 -23.1036
42.6941 -18.2324
42.7941 -13.3298
42.8941 -8.62561
42.9941 -4.10709
43.0941 0.344259
43.1941 4.81402
43.2941 9.28723
43.3941 13.6902
43.4941 17.8305
43.5941 21.3845
43.6941 24.1615
43.7941 26.0706
43.8941 27.1151
43.9941 27.4955
44.0941 27.3107
44.1941 26.5818
44.2941 25.2721
44.3941 23.1507
44.4941 20.1069
44.5941 16.3171
44.6941 12.2044
44.7941 8.09546
44.8941 4.19075
44.9941 0.501311
45.0941 -3.09153
45.1941 -6.68961
45.2941 -10.2774
45.3941 -13.6643
45.4941 -16.6083
45.5941 -18.9251
45.6941 -20.5086
45.7941 -21.4142
45.8941 -21.7972
45.9941 -21.8413
46.0941 -21.7117
46.1941 -21.5104
46.2941 -21.1757
46.3941 -20.5035
46.4941 -19.3477
46.5941 -17.5218
46.6941 -14.8868
46.7941 -11.3667
46.8941 -7.05824
46.9941 -2.22198
47.0941 2.75889
47.1941 7.43779
47.2941 11.4316
47.3941 14.343
47.4941 15.9638
47.5941 16.2324
47.6941 15.432
47.7941 14.0775
47.8941 12.7192
47.9941 11.8302
48.0941 11.4703
48.1941 11.5347
48.2941 11.8745
48.3941 12.3631
48.4941 12.8708
48.5941 13.2598
48.6941 13.3458
48.7941 13.0989
48.8941 12.5622
48.9941 11.7274
49.0941 10.4636
49.1941 8.69274
49.2941 6.46254
49.3941 3.80853
49.4941 0.723217
49.5941 -2.60993
49.6941 -6.09479
49.7941 -9.60424
49.8941 -12.9708
49.9941 -16.0454
50.0941 -18.6798
50.1941 -20.7758
50.2941 -22.2207
50.3941 -22.8038
50.4941 -22.4857
50.5941 -21.3968
50.6941 -19.669
50.7941 -17.4497
50.8941 -14.8582
50.9941 -12.1252
51.0941 -9.40998
51.1941 -6.71767
51.2941 -4.08232
51.3941 -1.57507
51.4941 0.762212
51.5941 2.89153
51.6941 4.80719
51.7941 6.49926
51.8941 8.00326
51.9941 9.39542
52.0941 10.7715
52.1941 12.1546
52.2941 13.5143
52.3941 14.7981
52.4941 15.9068
52.5941 16.7365
52.6941 17.2221
52.7941 17.1911
52.8941 16.4408
52.9941 14.8732
53.0941 12.6468
53.1941 10.1146
53.2941 7.58845
53.3941 5.18978
53.4941 3.00317
53.5941 1.02645
53.6941 -0.792555
53.7941 -2.43998
53.8941 -3.79151
53.9941 -4.86745
54.0941 -5.81007
54.1941 -6.59715
54.2941 -7.1245
54.3941 -7.36345
54.4941 -7.33914
54.5941 -7.0873
54.6941 -6.8428
54.7941 -6.70404
54.8941 -6.75859
54.9941 -7.03508
55.0941 -7.55665
55.1941 -8.21363
55.2941 -8.86414
55.3941 -9.39024
55.4941 -9.66827
55.5941 -9.57395
55.6941 -9.01345
55.7941 -8.00889
55.8941 -6.75588
55.9941 -5.43238
56.0941 -4.09485
56.1941 -2.78104
56.2941 -1.48661
56.3941 -0.295829
56.4941 0.782012
56.5941 1.83576
56.6941 2.97667
56.7941 4.17661
56.8941 5.425
56.9941 6.69736
57.0941 7.88147
57.1941 8.8928
57.2941 9.60589
57.3941 9.95788
57.4941 10.0045
57.5941 9.83856
57.6941 9.582
57.7941 9.36205
57.8941 9.25271
57.9941 9.23875
58.0941 9.22366
58.1941 9.13316
58.2941 8.80081
58.3941 8.10478
58.4941 7.09897
58.5941 5.91288
58.6941 4.6412
58.7941 3.29504
58.8941 1.81
58.9941 0.194962
59.0941 -1.5025
59.1941 -3.2339
59.2941 -4.99072
59.3941 -6.63247
59.4941 -8.05615
59.5941 -9.19208
59.6941 -9.93839
59.7941 -10.328
59.8941 -10.4677
59.9941 -10.517
60.0941 -10.4939
60.1941 -10.3785
60.2941 -10.0387
60.3941 -9.38774
60.4941 -8.5338
60.5941 -7.63094
60.6941 -6.71697
60.7941 -5.76976
60.8941 -4.80589
60.9941 -3.8368
61.0941 -2.82483
61.1941 -1.73403
61.2941 -0.563984
61.3941 0.640919
61.4941 1.84158
61.5941 2.94645
61.6941 3.89452
61.7941 4.69853
61.8941 5.42283
61.9941 6.10619
62.0941 6.73881
62.1941 7.26535
62.2941 7.68463
62.3941 7.93248
62.4941 8.02263
62.5941 8.03001
62.6941 7.94923
62.7941 7.72071
62.8941 7.34843
62.9941 6.84397
63.0941 6.2078
63.1941 5.45661
63.2941 4.6926
63.3941 4.03093
63.4941 3.4918
63.5941 3.03745
63.6941 2.6554
63.7941 2.27315
63.8941 1.87976
63.9941 1.47277
64.0941 0.972387
64.1941 0.402144
64.2941 -0.117244
64.3941 -0.59495
64.4941 -1.12402
64.5941 -1.75482
64.6941 -2.4804
64.7941 -3.26561
64.8941 -4.02732
64.9941 -4.75297
65.0941 -5.44396
65.1941 -5.99097
65.2941 -6.36857
65.3941 -6.64709
65.4941 -6.83351
65.5941 -6.98045
65.6941 -7.09471
65.7941 -7.10846
65.8941 -6.91227
65.9941 -6.53984
66.0941 -6.07386
66.1941 -5.48336
66.2941 -4.78553
66.3941 -3.9926
66.4941 -3.07423
66.5941 -2.06805
66.6941 -0.973416
66.7941 0.110757
66.8941 1.12379
66.9941 2.01144
67.0941 2.82337
67.1941 3.56919
67.2941 4.27283
67.3941 4.96448
67.4941 5.56416
67.5941 5.99075
67.6941 6.26011
67.7941 6.37388
67.8941 6.26898
67.9941 5.99288
68.0941 5.55605
68.1941 5.15729
68.2941 5.02158
68.3941 5.30861
68.4941 6.06147
68.5941 7.16198
68.6941 8.32641
68.7941 9.18142
68.8941 9.29991
68.9941 8.40926
69.0941 6.27906
69.1941 3.03757
69.2941 -0.790771
69.3941 -4.5666
69.4941 -7.51613
69.5941 -8.97809
69.6941 -8.71227
69.7941 -6.88542
69.8941 -3.95097
69.9941 -0.657467
70.0941 2.10063
70.1941 3.7544
70.2941 4.09944
70.3941 3.19563
70.4941 1.34596
70.5941 -1.10799
70.6941 -3.58854
70.7941 -5.68281
70.8941 -7.28741
70.9941 -8.41301
71.0941 -9.11988
71.1941 -9.51757
71.2941 -9.61329
71.3941 -9.32851
71.4941 -8.60173
71.5941 -7.51601
71.6941 -6.20747
71.7941 -4.84772
71.8941 -3.49093
71.9941 -2.21145
72.0941 -1.0207
72.1941 0.119433
72.2941 1.31717
72.3941 2.54813
72.4941 3.74201
72.5941 4.88352
72.6941 5.92533
72.7941 6.73149
72.8941 7.28583
72.9941 7.60457
73.0941 7.66378
73.1941 7.54033
73.2941 7.33494
73.3941 7.00741
73.4941 6.5373
73.5941 5.93566
73.6941 5.2973
73.7941 4.66183
73.8941 4.14554
73.9941 3.87942
74.0941 3.7859
74.1941 3.70515
74.2941 3.42215
74.3941 2.86551
74.4941 2.0557
74.5941 1.02783
74.6941 -0.0521028
74.7941 -1.05135
74.8941 -1.94078
74.9941 -2.65411
75.0941 -3.07235
75.1941 -3.10397
75.2941 -2.77076
75.3941 -2.24304
75.4941 -1.74088
75.5941 -1.48997
75.6941 -1.54409
75.7941 -1.88475
75.8941 -2.39624
75.9941 -2.99477
76.0941 -3.56415
76.1941 -3.97795
76.2941 -4.22669
76.3941 -4.30125
76.4941 -4.15943
76.5941 -3.82677
76.6941 -3.40958
76.7941 -3.06703
76.8941 -2.80001
76.9941 -2.54243
77.0941 -2.26093
77.1941 -1.963
77.2941 -1.66601
77.3941 -1.37892
77.4941 -1.04648
77.5941 -0.650536
77.6941 -0.248285
77.7941 0.186003
77.8941 0.578224
77.9941 0.94075
78.0941 1.37151
78.1941 1.82424
78.2941 2.20083
78.3941 2.57403
78.4941 2.97659
78.5941 3.42797
78.6941 3.96942
78.7941 4.48083
78.8941 4.85759
78.9941 5.08503
79.0941 5.17602
79.1941 5.15745
79.2941 5.10234
79.3941 5.04231
79.4941 5.00722
79.5941 4.96696
79.6941 4.90323
79.7941 4.72179
79.8941 4.37299
79.9941 3.90451
80.0941 3.31361
80.1941 2.57306
80.2941 1.68795
80.3941 0.801197
80.4941 -0.0449712
80.5941 -0.872641
80.6941 -1.64861
80.7941 -2.32563
80.8941 -2.94603
80.9941 -3.57169
81.0941 -4.13121
81.1941 -4.59809
81.2941 -4.94441
81.3941 -5.14348
81.4941 -5.19799
81.5941 -5.15839
81.6941 -5.05429
81.7941 -4.84682
81.8941 -4.50571
81.9941 -4.03939
82.0941 -3.51272
82.1941 -2.93071
82.2941 -2.36135
82.3941 -1.82538
82.4941 -1.22897
82.5941 -0.635266
82.6941 -0.25856
82.7941 -0.0973905
82.8941 -0.03175
82.9941 0.0528318
83.0941 0.183578
83.1941 0.441443
83.2941 0.855017
83.3941 1.32725
83.4941 1.86127
83.5941 2.46733
83.6941 3.10628
83.7941 3.66416
83.8941 4.12466
83.9941 4.43259
84.0941 4.54435
84.1941 4.57014
84.2941 4.479
84.3941 4.33763
84.4941 4.22055
84.5941 4.13069
84.6941 3.98883
84.7941 3.72811
84.8941 3.38913
84.9941 3.01611
85.0941 2.62219
85.1941 2.15598
85.2941 1.61366
85.3941 1.09117
85.4941 0.587991
85.5941 0.167511
85.6941 -0.099398
85.7941 -0.235896
85.8941 -0.313378
85.9941 -0.471538
86.0941 -0.73858
86.1941 -1.12683
86.2941 -1.49812
86.3941 -1.8762
86.4941 -2.32633
86.5941 -2.86581
86.6941 -3.35021
86.7941 -3.63496
86.8941 -3.66772
86.9941 -3.46646
87.0941 -3.16137
87.1941 -2.80874
87.2941 -2.41689
87.3941 -2.09692
87.4941 -1.86663
87.5941 -1.65474
87.6941 -1.32868
87.7941 -0.951332
87.8941 -0.558929
87.9941 -0.186903
88.0941 0.177225
88.1941 0.382344
88.2941 0.51768
88.3941 0.657889
88.4941 0.795299
88.5941 0.932416
88.6941 1.07243
88.7941 1.24728
88.8941 1.37361
88.9941 1.43041
89.0941 1.41709
89.1941 1.4447
89.2941 1.5437
89.3941 1.68283
89.4941 1.79949
89.5941 1.90326
89.6941 2.00478
89.7941 2.05092
89.8941 1.98437
89.9941 1.9177
90.0941 2.02111
90.1941 2.07955
90.2941 2.11121
90.3941 2.07735
90.4941 1.98886
90.5941 1.75525
90.6941 1.49778
90.7941 1.22299
90.8941 0.91977
90.9941 0.54599
91.0941 0.191256
91.1941 -0.129235
91.2941 -0.271566
91.3941 -0.268255
91.4941 -0.303178
91.5941 -0.371934
91.6941 -0.376874
91.7941 -0.435645
91.8941 -0.479262
91.9941 -0.681413
92.0941 -0.947136
92.1941 -1.22842
92.2941 -1.48974
92.3941 -1.74492
92.4941 -1.90217
92.5941 -1.89119
92.6941 -1.66505
92.7941 -1.3387
92.8941 -0.97201
92.9941 -0.640894
93.0941 -0.413387
93.1941 -0.238806
93.2941 -0.121916
93.3941 -0.0790987
93.4941 -0.12305
93.5941 -0.159505
93.6941 -0.158939
93.7941 -0.0344759
93.8941 0.187615
93.9941 0.370605
94.0941 0.536134
94.1941 0.735744
94.2941 0.917315
94.3941 1.07727
94.4941 1.142
94.5941 1.13133
94.6941 1.06038
94.7941 0.995777
94.8941 0.820662
94.9941 0.749219
95.0941 0.698073
95.1941 0.736488
95.2941 0.729412
95.3941 0.710555
95.4941 0.728297
95.5941 0.802876
95.6941 0.853714
95.7941 0.857276
95.8941 0.839499
95.9941 0.809045
