-3.58511 0.550272
-3.48511 0.450847
-3.38511 0.362538
-3.28511 0.296005
-3.18511 0.223525
-3.08511 0.176612
-2.98511 0.147179
-2.88511 0.0905022
-2.78511 -0.0583667
-2.68511 -0.237853
-2.58511 -0.368534
-2.48511 -0.455835
-2.38511 -0.470562
-2.28511 -0.44878
-2.18511 -0.37414
-2.08511 -0.213718
-1.98511 0.00281845
-1.88511 0.20422
-1.78511 0.369862
-1.68511 0.504958
-1.58511 0.553708
-1.48511 0.597216
-1.38511 0.550188
-1.28511 0.426245
-1.18511 0.286634
-1.08511 0.145023
-0.985105 0.0838618
-0.885105 0.0701563
-0.785105 0.0689182
-0.685105 0.0793151
-0.585105 0.0681295
-0.485105 0.0194688
-0.385105 -0.0130195
-0.285105 0.00485687
-0.185105 -0.0309672
-0.0851052 -0.114437
0.0148948 -0.133067
0.114895 -0.134633
0.214895 -0.13052
0.314895 -0.0844908
0.414895 0.0239836
0.514895 0.18478
0.614895 0.292677
0.714895 0.412844
0.814895 0.571229
0.914895 0.779365
1.01489 1.05806
1.11489 1.37126
1.21489 1.6001
1.31489 1.75743
1.41489 1.77949
1.51489 1.68332
1.61489 1.49595
1.71489 1.15123
1.81489 0.697152
1.91489 0.110449
2.01489 -0.585614
2.11489 -1.28476
2.21489 -1.81619
2.31489 -2.24114
2.41489 -2.44093
2.51489 -2.44896
2.61489 -2.2311
2.71489 -1.85478
2.81489 -1.35866
2.91489 -0.811926
3.01489 -0.258026
3.11489 0.28869
3.21489 0.707376
3.31489 1.0422
3.41489 1.34375
3.51489 1.62841
3.61489 1.84434
3.71489 1.99154
3.81489 1.98007
3.91489 1.78953
4.01489 1.48204
4.11489 1.11412
4.21489 0.67161
4.31489 0.171512
4.41489 -0.36385
4.51489 -0.792092
4.61489 -1.09743
4.71489 -1.25198
4.81489 -1.23753
4.91489 -1.13684
5.01489 -0.982485
5.11489 -0.759047
5.21489 -0.449887
5.31489 -0.107741
5.41489 0.23714
5.51489 0.591767
5.61489 0.882913
5.71489 1.13622
5.81489 1.34796
5.91489 1.49305
6.01489 1.50736
6.11489 1.37736
6.21489 1.1647
6.31489 0.966542
6.41489 0.788018
6.51489 0.552937
6.61489 0.255264
6.71489 -0.0276857
6.81489 -0.240982
6.91489 -0.362422
7.01489 -0.424052
7.11489 -0.449443
7.21489 -0.406734
7.31489 -0.335585
7.41489 -0.241949
7.51489 -0.12622
7.61489 0.0162401
7.71489 0.135879
7.81489 0.190836
7.91489 0.135642
8.01489 -0.010369
8.11489 -0.157074
8.21489 -0.210164
8.31489 -0.186364
8.41489 -0.122251
8.51489 -0.0100758
8.61489 0.132773
8.71489 0.234244
8.81489 0.259535
8.91489 0.194973
9.01489 0.111158
9.11489 0.0575137
9.21489 -0.0302164
9.31489 -0.177779
9.41489 -0.361641
9.51489 -0.581635
9.61489 -0.745245
9.71489 -0.781385
9.81489 -0.68673
9.91489 -0.495152
10.0149 -0.243584
10.1149 0.0459617
10.2149 0.380462
10.3149 0.706216
10.4149 1.0332
10.5149 1.34392
10.6149 1.50843
10.7149 1.53366
10.8149 1.48639
10.9149 1.41465
11.0149 1.31237
11.1149 1.20479
11.2149 1.06104
11.3149 0.839197
11.4149 0.569351
11.5149 0.315881
11.6149 0.106793
11.7149 -0.0306817
11.8149 -0.135811
11.9149 -0.203482
12.0149 -0.284778
12.1149 -0.37411
12.2149 -0.44428
12.3149 -0.481799
12.4149 -0.446709
12.5149 -0.381383
12.6149 -0.321646
12.7149 -0.313078
12.8149 -0.331721
12.9149 -0.296403
13.0149 -0.231051
13.1149 -0.164361
13.2149 -0.107279
13.3149 -0.0942489
13.4149 -0.119584
13.5149 -0.176719
13.6149 -0.229481
13.7149 -0.227556
13.8149 -0.145524
13.9149 -0.014703
14.0149 0.102546
14.1149 0.261602
14.2149 0.454057
14.3149 0.625966
14.4149 0.781189
14.5149 0.868119
14.6149 0.793632
14.7149 0.6345
14.8149 0.421655
14.9149 0.160906
15.0149 -0.0986834
15.1149 -0.292168
15.2149 -0.351461
15.3149 -0.276839
15.4149 -0.122777
15.5149 0.0460296
15.6149 0.212794
15.7149 0.386609
15.8149 0.528074
15.9149 0.580389
16.0149 0.551277
16.1149 0.53182
16.2149 0.519514
16.3149 0.490895
16.4149 0.480382
16.5149 0.510452
16.6149 0.56401
16.7149 0.590689
16.8149 0.615017
16.9149 0.622164
17.0149 0.564244
17.1149 0.468131
17.2149 0.406732
17.3149 0.376415
17.4149 0.33584
17.5149 0.254997
17.6149 0.132119
17.7149 0.0432854
17.8149 0.0183367
17.9149 0.00357534
18.0149 -0.0571276
18.1149 -0.0975837
18.2149 -0.121558
18.3149 -0.28472
18.4149 -0.76831
18.5149 -1.63491
18.6149 -2.85106
18.7149 -4.17385
18.8149 -5.21186
18.9149 -5.46593
19.0149 -4.53515
19.1149 -2.26051
19.2149 1.58412
19.3149 7.12349
19.4149 13.8551
19.5149 20.1291
19.6149 23.8078
19.7149 23.2511
19.8149 17.3078
19.9149 4.04202
20.0149 -17.1348
20.1149 -42.4216
20.2149 -64.0612
20.3149 -75.187
20.4149 -73.3551
20.5149 -59.831
20.6149 -35.34
20.7149 -1.73312
20.8149 36.5139
20.9149 72.2959
21.0149 98.4392
21.1149 110.765
21.2149 107.899
21.3149 84.8157
21.4149 42.4952
21.5149 -7.45264
21.6149 -50.1807
21.7149 -76.8084
21.8149 -88.0049
21.9149 -88.1374
22.0149 -81.2828
22.1149 -70.7082
22.2149 -58.7631
22.3149 -46.2563
22.4149 -33.0044
22.5149 -18.7503
22.6149 -3.25879
22.7149 13.6798
22.8149 31.511
22.9149 48.5357
23.0149 62.5759
23.1149 71.4095
23.2149 73.3635
23.3149 68.6518
23.4149 59.4894
23.5149 48.1343
23.6149 35.7618
23.7149 22.6049
23.8149 8.58747
23.9149 -6.40176
24.0149 -21.9024
24.1149 -36.0864
24.2149 -46.6989
24.3149 -52.8193
24.4149 -54.7742
24.5149 -53.6752
24.6149 -50.9315
24.7149 -47.4381
24.8149 -43.3109
24.9149 -38.1562
25.0149 -31.5242
25.1149 -23.1012
25.2149 -12.8442
25.3149 -1.42439
25.4149 9.88443
25.5149 19.8169
25.6149 27.7046
25.7149 33.4007
25.8149 36.9784
25.9149 38.8914
26.0149 39.7125
26.1149 39.7792
26.2149 39.0237
26.3149 37.0737
26.4149 33.5844
26.5149 28.5435
26.6149 22.3407
26.7149 15.6011
26.8149 8.88444
26.9149 2.41095
27.0149 -3.9622
27.1149 -10.4498
27.2149 -17.0178
27.3149 -23.2365
27.4149 -28.4244
27.5149 -31.9684
27.6149 -33.5784
27.7149 -33.3641
27.8149 -31.8135
27.9149 -29.5945
28.0149 -27.2297
28.1149 -24.8349
28.2149 -22.2424
28.3149 -19.1921
28.4149 -15.506
28.5149 -11.142
28.6149 -6.30023
28.7149 -1.33695
28.8149 3.41912
28.9149 7.72943
29.0149 11.5372
29.1149 14.8483
29.2149 17.6908
29.3149 20.1057
29.4149 21.982
29.5149 23.2536
29.6149 23.9588
29.7149 24.1413
29.8149 23.7861
29.9149 22.9473
30.0149 21.6554
30.1149 19.9373
30.2149 17.6883
30.3149 14.8161
30.4149 11.2989
30.5149 7.2229
30.6149 2.89045
30.7149 -1.32595
30.8149 -5.23024
30.9149 -8.7246
31.0149 -11.7859
31.1149 -14.4434
31.2149 -16.6674
31.3149 -18.4396
31.4149 -19.7244
31.5149 -20.4418
31.6149 -20.5361
31.7149 -20.0735
31.8149 -19.1816
31.9149 -18.0622
32.0149 -16.8991
32.1149 -15.7832
32.2149 -14.579
32.3149 -13.0129
32.4149 -10.8391
32.5149 -7.96291
32.6149 -4.44194
32.7149 -0.448412
32.8149 3.78658
32.9149 7.96608
33.0149 11.7191
33.1149 14.6464
33.2149 16.5768
33.3149 17.4293
33.4149 17.1204
33.5149 15.8982
33.6149 14.2358
33.7149 12.5023
33.8149 11.0398
33.9149 10.0298
34.0149 9.48174
34.1149 9.32307
34.2149 9.37598
34.3149 9.38906
34.4149 9.23578
34.5149 8.85828
34.6149 8.23055
34.7149 7.40041
34.8149 6.42074
34.9149 5.22059
35.0149 3.67351
35.1149 1.66269
35.2149 -0.837007
35.3149 -3.68796
35.4149 -6.67621
35.5149 -9.62363
35.6149 -12.3523
35.7149 -14.7171
35.8149 -16.6622
35.9149 -18.1318
36.0149 -19.0435
36.1149 -19.383
36.2149 -19.1957
36.3149 -18.4015
36.4149 -16.8814
36.5149 -14.6314
36.6149 -11.9246
36.7149 -9.00193
36.8149 -6.05102
36.9149 -3.14918
37.0149 -0.389902
37.1149 2.17286
37.2149 4.45757
37.3149 6.36354
37.4149 7.90398
37.5149 9.15758
37.6149 10.1193
37.7149 10.7831
37.8149 11.2361
37.9149 11.6281
38.0149 12.1336
38.1149 12.807
38.2149 13.521
38.3149 14.1388
38.4149 14.4043
38.5149 14.1301
38.6149 13.215
38.7149 11.7196
38.8149 9.73859
38.9149 7.43059
39.0149 5.078
39.1149 2.91078
39.2149 1.01393
39.3149 -0.609423
39.4149 -2.05227
39.5149 -3.45817
39.6149 -4.86825
39.7149 -6.21734
39.8149 -7.44469
39.9149 -8.42794
40.0149 -9.09751
40.1149 -9.40702
40.2149 -9.39457
40.3149 -9.0863
40.4149 -8.52894
40.5149 -7.92142
40.6149 -7.37342
40.7149 -6.89895
40.8149 -6.57257
40.9149 -6.44232
41.0149 -6.48245
41.1149 -6.63647
41.2149 -6.77951
41.3149 -6.75186
41.4149 -6.44146
41.5149 -5.69207
41.6149 -4.5056
41.7149 -2.98273
41.8149 -1.35971
41.9149 0.209515
42.0149 1.66178
42.1149 2.89856
42.2149 3.93527
42.3149 4.82733
42.4149 5.63226
42.5149 6.36757
42.6149 7.15243
42.7149 7.97773
42.8149 8.81123
42.9149 9.50947
43.0149 9.92963
43.1149 10.0262
43.2149 9.86913
43.3149 9.51879
43.4149 8.99489
43.5149 8.37798
43.6149 7.69131
43.7149 6.94345
43.8149 6.22325
43.9149 5.48798
44.0149 4.65385
44.1149 3.70509
44.2149 2.63761
44.3149 1.43287
44.4149 0.12144
44.5149 -1.24394
44.6149 -2.60215
44.7149 -3.96528
44.8149 -5.28456
44.9149 -6.51557
45.0149 -7.65856
45.1149 -8.72497
45.2149 -9.63008
45.3149 -10.2898
45.4149 -10.652
45.5149 -10.7101
45.6149 -10.4666
45.7149 -10.0149
45.8149 -9.4084
45.9149 -8.56822
46.0149 -7.52434
46.1149 -6.35223
46.2149 -5.05932
46.3149 -3.71016
46.4149 -2.44528
46.5149 -1.31342
46.6149 -0.282782
46.7149 0.681236
46.8149 1.61696
46.9149 2.55837
47.0149 3.39856
47.1149 4.11003
47.2149 4.75459
47.3149 5.32357
47.4149 5.78569
47.5149 6.1506
47.6149 6.4189
47.7149 6.67087
47.8149 6.96247
47.9149 7.25319
48.0149 7.45243
48.1149 7.43854
48.2149 7.20577
48.3149 6.84838
48.4149 6.37543
48.5149 5.80416
48.6149 5.15214
48.7149 4.47201
48.8149 3.89414
48.9149 3.41802
49.0149 3.0047
49.1149 2.59686
49.2149 2.07334
49.3149 1.47334
49.4149 0.865317
49.5149 0.191192
49.6149 -0.561037
49.7149 -1.37609
49.8149 -2.22276
49.9149 -3.06869
50.0149 -3.86888
50.1149 -4.58293
50.2149 -5.18508
50.3149 -5.5766
50.4149 -5.78642
50.5149 -5.89762
50.6149 -5.96914
50.7149 -6.1109
50.8149 -6.34375
50.9149 -6.56275
51.0149 -6.73081
51.1149 -6.83528
51.2149 -6.81085
51.3149 -6.64157
51.4149 -6.27736
51.5149 -5.70811
51.6149 -4.94241
51.7149 -3.9537
51.8149 -2.77177
51.9149 -1.46063
52.0149 -0.123309
52.1149 1.11219
52.2149 2.18783
52.3149 3.10158
52.4149 3.86675
52.5149 4.49782
52.6149 5.02293
52.7149 5.49485
52.8149 5.9502
52.9149 6.36019
53.0149 6.70643
53.1149 6.96515
53.2149 7.12626
53.3149 7.18149
53.4149 7.0907
53.5149 6.79742
53.6149 6.28116
53.7149 5.54404
53.8149 4.64522
53.9149 3.74007
54.0149 2.96465
54.1149 2.42673
54.2149 2.26755
54.3149 2.48543
54.4149 2.93631
54.5149 3.37523
54.6149 3.49781
54.7149 3.00262
54.8149 1.68648
54.9149 -0.508522
55.0149 -3.37067
55.1149 -6.39859
55.2149 -9.02742
55.3149 -10.6866
55.4149 -11.0361
55.5149 -10.0277
55.6149 -7.80255
55.7149 -4.84506
55.8149 -1.81255
55.9149 0.650142
56.0149 2.23208
56.1149 2.75661
56.2149 2.27026
56.3149 0.935936
56.4149 -0.836777
56.5149 -2.61372
56.6149 -4.08479
56.7149 -5.17962
56.8149 -5.88532
56.9149 -6.27673
57.0149 -6.39623
57.1149 -6.23108
57.2149 -5.79328
57.3149 -5.04473
57.4149 -3.94451
57.5149 -2.55147
57.6149 -0.95886
57.7149 0.695343
57.8149 2.28848
57.9149 3.71105
58.0149 4.9572
58.1149 6.04032
58.2149 6.87594
58.3149 7.44333
58.4149 7.76995
58.5149 7.85894
58.6149 7.72397
58.7149 7.42676
58.8149 7.00438
58.9149 6.4958
59.0149 5.9631
59.1149 5.46495
59.2149 4.96117
59.3149 4.36543
59.4149 3.63029
59.5149 2.8046
59.6149 1.9451
59.7149 1.15771
59.8149 0.46208
59.9149 -0.110269
60.0149 -0.597468
60.1149 -1.05952
60.2149 -1.56417
60.3149 -2.19698
60.4149 -2.9456
60.5149 -3.71839
60.6149 -4.37676
60.7149 -4.78658
60.8149 -4.93419
60.9149 -4.86099
61.0149 -4.56735
61.1149 -4.15821
61.2149 -3.7201
61.3149 -3.31797
61.4149 -3.03929
61.5149 -2.94627
61.6149 -3.0009
61.7149 -3.09245
61.8149 -3.13956
61.9149 -3.0478
62.0149 -2.78759
62.1149 -2.37069
62.2149 -1.78264
62.3149 -1.11723
62.4149 -0.529721
62.5149 -0.069817
62.6149 0.258013
62.7149 0.497456
62.8149 0.735314
62.9149 1.01238
63.0149 1.28912
63.1149 1.55644
63.2149 1.83951
63.3149 2.13576
63.4149 2.36472
63.5149 2.47353
63.6149 2.47473
63.7149 2.39683
63.8149 2.35772
63.9149 2.40093
64.0149 2.56914
64.1149 2.87345
64.2149 3.21625
64.3149 3.53045
64.4149 3.82354
64.5149 4.09368
64.6149 4.28262
64.7149 4.32338
64.8149 4.20253
64.9149 3.92659
65.0149 3.54691
65.1149 3.06792
65.2149 2.49784
65.3149 1.9216
65.4149 1.37705
65.5149 0.863455
65.6149 0.441357
65.7149 0.00459269
65.8149 -0.502525
65.9149 -1.10396
66.0149 -1.75138
66.1149 -2.35766
66.2149 -2.94087
66.3149 -3.49602
66.4149 -3.96654
66.5149 -4.27691
66.6149 -4.40108
66.7149 -4.38842
66.8149 -4.28455
66.9149 -4.16424
67.0149 -4.10488
67.1149 -4.11748
67.2149 -4.14193
67.3149 -4.07379
67.4149 -3.83968
67.5149 -3.51517
67.6149 -3.10886
67.7149 -2.58569
67.8149 -1.88352
67.9149 -1.04416
68.0149 -0.186945
68.1149 0.545634
68.2149 1.14206
68.3149 1.65719
68.4149 2.07582
68.5149 2.39367
68.6149 2.67176
68.7149 2.85723
68.8149 3.00231
68.9149 3.18662
69.0149 3.41337
69.1149 3.61392
69.2149 3.76999
69.3149 3.85449
69.4149 3.86205
69.5149 3.81887
69.6149 3.67395
69.7149 3.4543
69.8149 3.22689
69.9149 3.00077
70.0149 2.73115
70.1149 2.39253
70.2149 2.06434
70.3149 1.84038
70.4149 1.67428
70.5149 1.48881
70.6149 1.21966
70.7149 0.891217
70.8149 0.492714
70.9149 0.0401941
71.0149 -0.498764
71.1149 -1.07248
71.2149 -1.61268
71.3149 -2.10669
71.4149 -2.54262
71.5149 -2.78826
71.6149 -2.83266
71.7149 -2.65237
71.8149 -2.45261
71.9149 -2.33029
72.0149 -2.40228
72.1149 -2.58048
72.2149 -2.77244
72.3149 -2.96047
72.4149 -3.08903
72.5149 -3.11015
72.6149 -2.99076
72.7149 -2.69685
72.8149 -2.22527
72.9149 -1.66504
73.0149 -1.0384
73.1149 -0.458378
73.2149 0.0481908
73.3149 0.455318
73.4149 0.83009
73.5149 1.13
73.6149 1.38783
73.7149 1.57523
73.8149 1.66482
73.9149 1.68739
74.0149 1.69918
74.1149 1.64371
74.2149 1.50688
74.3149 1.29087
74.4149 1.15913
74.5149 1.13756
74.6149 1.24729
74.7149 1.4162
74.8149 1.58886
74.9149 1.77776
75.0149 1.97107
75.1149 2.05832
75.2149 2.11503
75.3149 2.08643
75.4149 2.04265
75.5149 1.84924
75.6149 1.59718
75.7149 1.27147
75.8149 0.929194
75.9149 0.535574
76.0149 0.195664
76.1149 -0.0320997
76.2149 -0.0879174
76.3149 -0.088965
76.4149 -0.0955816
76.5149 -0.173365
76.6149 -0.20416
76.7149 -0.321372
76.8149 -0.559688
76.9149 -0.848945
77.0149 -1.16485
77.1149 -1.37778
77.2149 -1.42432
77.3149 -1.35091
77.4149 -1.26021
77.5149 -1.20453
77.6149 -1.19127
77.7149 -1.2016
77.8149 -1.24616
77.9149 -1.3075
78.0149 -1.44533
78.1149 -1.62962
78.2149 -1.7426
78.3149 -1.74281
78.4149 -1.55834
78.5149 -1.25138
78.6149 -0.881982
78.7149 -0.396539
78.8149 0.0641407
78.9149 0.450853
79.0149 0.76012
79.1149 1.00595
79.2149 1.11402
79.3149 1.136
79.4149 1.15419
79.5149 1.21015
79.6149 1.26659
79.7149 1.38178
79.8149 1.41815
79.9149 1.37013
80.0149 1.24982
80.1149 1.04705
80.2149 0.923379
80.3149 0.821384
80.4149 0.689684
80.5149 0.61392
80.6149 0.549191
80.7149 0.534102
80.8149 0.538332
80.9149 0.542777
81.0149 0.495917
81.1149 0.437764
81.2149 0.43912
81.3149 0.439789
81.4149 0.380917
81.5149 0.27066
81.6149 0.174336
81.7149 0.126975
81.8149 0.109386
81.9149 0.0526867
82.0149 0.00872286
82.1149 -0.0654751
82.2149 -0.0924775
82.3149 -0.182373
82.4149 -0.255625
82.5149 -0.344461
82.6149 -0.458544
82.7149 -0.526895
82.8149 -0.520414
82.9149 -0.506342
83.0149 -0.540148
83.1149 -0.590134
83.2149 -0.622083
83.3149 -0.635105
83.4149 -0.552752
83.5149 -0.408286
83.6149 -0.288375
83.7149 -0.170218
83.8149 -0.07196
83.9149 -0.0334184
84.0149 -0.00821981
84.1149 0.00388322
84.2149 -0.0433417
84.3149 -0.10937
84.4149 -0.188078
84.5149 -0.210963
84.6149 -0.16244
84.7149 -0.161596
84.8149 -0.109188
84.9149 -0.0722105
85.0149 -0.0586482
85.1149 -0.0148602
85.2149 0.0396703
85.3149 0.0807744
85.4149 0.16041
85.5149 0.284837
85.6149 0.372413
85.7149 0.428785
85.8149 0.512865
85.9149 0.589871
86.0149 0.619827
86.1149 0.648279
86.2149 0.61798
86.3149 0.62817
86.4149 0.533075
86.5149 0.39861
86.6149 0.310706
86.7149 0.280469
86.8149 0.34376
86.9149 0.443306
87.0149 0.469328
87.1149 0.348307
87.2149 0.189241
87.3149 0.0859859
87.4149 -0.0251588
87.5149 -0.145445
87.6149 -0.246409
87.7149 -0.292333
87.8149 -0.262995
87.9149 -0.20266
88.0149 -0.12687
88.1149 -0.0304245
88.2149 0.062548
88.3149 0.0787804
88.4149 0.0429876
88.5149 -0.0143628
88.6149 -0.136019
88.7149 -0.281467
88.8149 -0.385126
88.9149 -0.438839
89.0149 -0.417003
89.1149 -0.381284
89.2149 -0.323659
89.3149 -0.253136
89.4149 -0.138812
89.5149 0.0299124
89.6149 0.184809
89.7149 0.281772
89.8149 0.320405
89.9149 0.264594
90.0149 0.189938
90.1149 0.105696
90.2149 0.0323644
90.3149 -0.0193491
90.4149 -0.0689085
90.5149 -0.114451
90.6149 -0.146587
90.7149 -0.143987
90.8149 -0.114208
90.9149 -0.0811064
91.0149 -0.10202
91.1149 -0.0655016
91.2149 -0.0121517
91.3149 0.0600896
91.4149 0.147157
91.5149 0.15072
91.6149 0.114936
91.7149 0.105118
91.8149 0.150537
91.9149 0.209239
92.0149 0.230045
92.1149 0.188422
92.2149 0.148908
92.3149 0.082715
92.4149 -0.00556276
92.5149 5.11258e-05
92.6149 -0.0237374
92.7149 -0.0971668
92.8149 -0.11033
92.9149 -0.0783513
93.0149 -0.00171307
93.1149 0.104195
93.2149 0.176172
93.3149 0.254136
93.4149 0.281554
93.5149 0.305324
93.6149 0.312431
93.7149 0.325045
93.8149 0.295155
93.9149 0.235048
94.0149 0.144082
94.1149 0.0195535
94.2149 -0.0736161
94.3149 -0.170915
94.4149 -0.195664
94.5149 -0.154735
94.6149 -0.133561
94.7149 -0.131176
94.8149 -0.177401
94.9149 -0.172597
95.0149 -0.191735
95.1149 -0.164328
95.2149 -0.13742
95.3149 -0.127848
95.4149 -0.139729
95.5149 -0.0912282
95.6149 -0.0615659
95.7149 -0.0263386
95.8149 -0.00771556
95.9149 -0.0317898
96.0149 -0.02728
96.1149 -0.00248394
96.2149 -0.00464202
96.3149 0.0147915
96.4149 0.0316554
96.5149 0.0504195
96.6149 0.0553344
96.7149 0.0881233
96.8149 0.0788894
96.9149 0.0476544
97.0149 0.0388118
97.1149 0.0468514
97.2149 0.0486866
97.3149 0.0576443
97.4149 0.0482836
97.5149 0.0584872
97.6149 0.0885851
97.7149 0.0981837
97.8149 0.0686129
97.9149 0.0491447
98.0149 0.0613073
98.1149 -0.00954959
98.2149 -0.0403012
98.3149 -0.0344509
98.4149 0.0352966
98.5149 0.0589833
98.6149 0.0604261
98.7149 0.099398
