-4.5446 0.878691
-4.4446 0.757327
-4.3446 0.612537
-4.2446 0.501439
-4.1446 0.415016
-4.0446 0.386512
-3.9446 0.332773
-3.8446 0.290482
-3.7446 0.240221
-3.6446 0.123289
-3.5446 0.128245
-3.4446 0.0966088
-3.3446 0.109655
-3.2446 0.132349
-3.1446 0.171568
-3.0446 0.154395
-2.9446 0.138955
-2.8446 0.0867378
-2.7446 0.0561586
-2.6446 0.0301935
-2.5446 0.0479021
-2.4446 0.0886725
-2.3446 0.0746039
-2.2446 0.0862914
-2.1446 0.0348818
-2.0446 -0.00892303
-1.9446 -0.0271954
-1.8446 -0.000146167
-1.7446 -0.0839883
-1.6446 -0.153488
-1.5446 -0.277571
-1.4446 -0.344537
-1.3446 -0.348317
-1.2446 -0.301687
-1.1446 -0.272508
-1.0446 -0.222265
-0.944596 -0.132756
-0.844596 -0.095969
-0.744596 -0.0768172
-0.644596 -0.118334
-0.544596 -0.131962
-0.444596 -0.122673
-0.344596 -0.0825513
-0.244596 0.0180102
-0.144596 0.0990071
-0.044596 0.21248
0.055404 0.419737
0.155404 0.632897
0.255404 0.759482
0.355404 0.796971
0.455404 0.65611
0.555404 0.442356
0.655404 0.272737
0.755404 0.117643
0.855404 0.0973614
0.955404 0.132158
1.0554 0.190949
1.1554 0.264971
1.2554 0.285105
1.3554 0.349869
1.4554 0.477198
1.5554 0.532653
1.6554 0.541411
1.7554 0.516394
1.8554 0.487125
1.9554 0.527047
2.0554 0.580221
2.1554 0.593045
2.2554 0.543641
2.3554 0.474961
2.4554 0.402935
2.5554 0.248227
2.6554 0.0679278
2.7554 -0.0872814
2.8554 -0.288843
2.9554 -0.401998
3.0554 -0.523373
3.1554 -0.562335
3.2554 -0.535472
3.3554 -0.456496
3.4554 -0.330091
3.5554 -0.160445
3.6554 0.0106027
3.7554 0.164359
3.8554 0.27666
3.9554 0.285549
4.0554 0.203455
4.1554 0.0716408
4.2554 0.0897837
4.3554 0.0317261
4.4554 -0.0302074
4.5554 -0.0320443
4.6554 0.0764792
4.7554 0.280504
4.8554 0.483559
4.9554 0.690434
5.0554 0.830237
5.1554 0.918637
5.2554 0.884185
5.3554 0.768088
5.4554 0.637532
5.5554 0.508341
5.6554 0.346043
5.7554 0.162343
5.8554 0.0732717
5.9554 0.127742
6.0554 0.166562
6.1554 0.191926
6.2554 0.22615
6.3554 0.17543
6.4554 0.00465819
6.5554 -0.129827
6.6554 -0.218052
6.7554 -0.222035
6.8554 -0.144463
6.9554 0.00590484
7.0554 0.147862
7.1554 0.307669
7.2554 0.438155
7.3554 0.419787
7.4554 0.381554
7.5554 0.404008
7.6554 0.46272
7.7554 0.503626
7.8554 0.560921
7.9554 0.622369
8.0554 0.683652
8.1554 0.720081
8.2554 0.76677
8.3554 0.768383
8.4554 0.758891
8.5554 0.672022
8.6554 0.478788
8.7554 0.254338
8.8554 0.0560527
8.9554 -0.146203
9.0554 -0.34601
9.1554 -0.489717
9.2554 -0.601041
9.3554 -0.695328
9.4554 -0.778624
9.5554 -0.778457
9.6554 -0.672129
9.7554 -0.463247
9.8554 -0.22176
9.9554 0.0338226
10.0554 0.28667
10.1554 0.572324
10.2554 0.831195
10.3554 1.03265
10.4554 1.13704
10.5554 1.17245
10.6554 1.05761
10.7554 0.808982
10.8554 0.505447
10.9554 0.244898
11.0554 0.0442677
11.1554 -0.153715
11.2554 -0.355035
11.3554 -0.500977
11.4554 -0.547789
11.5554 -0.473948
11.6554 -0.320482
11.7554 -0.174841
11.8554 -0.0434491
11.9554 0.110099
12.0554 0.270199
12.1554 0.432254
12.2554 0.549823
12.3554 0.581
12.4554 0.581813
12.5554 0.682919
12.6554 0.955402
12.7554 1.23299
12.8554 1.35341
12.9554 1.25111
13.0554 1.06675
13.1554 0.831277
13.2554 0.561701
13.3554 0.268751
13.4554 0.00383351
13.5554 -0.242579
13.6554 -0.429415
13.7554 -0.486166
13.8554 -0.444592
13.9554 -0.370479
14.0554 -0.218459
14.1554 -0.0818868
14.2554 0.0210621
14.3554 0.100367
14.4554 0.136398
14.5554 0.149304
14.6554 0.181668
14.7554 0.255852
14.8554 0.302148
14.9554 0.33205
15.0554 0.330496
15.1554 0.289549
15.2554 0.226906
15.3554 0.154894
15.4554 0.0437635
15.5554 -0.0840298
15.6554 -0.187104
15.7554 -0.291174
15.8554 -0.314212
15.9554 -0.255622
16.0554 -0.204321
16.1554 -0.142679
16.2554 -0.130087
16.3554 -0.0896288
16.4554 -0.0133403
16.5554 0.0941825
16.6554 0.219244
16.7554 0.284259
16.8554 0.316916
16.9554 0.352333
17.0554 0.401579
17.1554 0.530839
17.2554 0.666005
17.3554 0.745277
17.4554 0.822737
17.5554 0.880874
17.6554 0.945262
17.7554 1.04364
17.8554 1.11487
17.9554 1.12176
18.0554 1.09813
18.1554 1.04603
18.2554 0.979214
18.3554 0.816604
18.4554 0.525818
18.5554 0.216606
18.6554 -0.073338
18.7554 -0.355057
18.8554 -0.630848
18.9554 -0.846406
19.0554 -0.978251
19.1554 -1.04782
19.2554 -1.01289
19.3554 -0.940121
19.4554 -0.779678
19.5554 -0.487887
19.6554 -0.0870607
19.7554 0.349211
19.8554 0.710931
19.9554 0.945145
20.0554 1.04306
20.1554 1.00978
20.2554 0.860947
20.3554 0.663354
20.4554 0.417789
20.5554 0.194956
20.6554 0.010591
20.7554 -0.199846
20.8554 -0.367143
20.9554 -0.38995
21.0554 -0.277831
21.1554 -0.0475238
21.2554 0.274592
21.3554 0.563678
21.4554 0.718081
21.5554 0.770901
21.6554 0.779551
21.7554 0.698612
21.8554 0.518825
21.9554 0.274579
22.0554 0.00486163
22.1554 -0.202893
22.2554 -0.317181
22.3554 -0.322431
22.4554 -0.197455
22.5554 0.00139667
22.6554 0.295558
22.7554 0.653568
22.8554 0.992605
22.9554 1.17714
23.0554 1.10143
23.1554 0.791118
23.2554 0.400334
23.3554 0.0844773
23.4554 -0.163633
23.5554 -0.318853
23.6554 -0.362658
23.7554 -0.313015
23.8554 -0.222915
23.9554 -0.0778867
24.0554 0.115185
24.1554 0.2637
24.2554 0.361523
24.3554 0.503947
24.4554 0.712606
24.5554 1.00916
24.6554 1.25616
24.7554 1.34832
24.8554 1.19277
24.9554 0.643541
25.0554 -0.440263
25.1554 -2.09246
25.2554 -4.15439
25.3554 -6.2372
25.4554 -7.72619
25.5554 -7.93221
25.6554 -6.35859
25.7554 -2.75372
25.8554 3.13418
25.9554 11.3204
26.0554 20.8193
26.1554 29.0938
26.2554 33.158
26.3554 31.175
26.4554 21.6206
26.5554 1.65404
26.6554 -29.2959
26.7554 -64.6497
26.8554 -93.259
26.9554 -105.528
27.0554 -99.7616
27.1554 -78.8788
27.2554 -45.7966
27.3554 -3.92861
27.4554 42.8416
27.5554 88.362
27.6554 124.749
27.7554 145.542
27.8554 147.56
27.9554 124.876
28.0554 76.1556
28.1554 14.1998
28.2554 -44.1602
28.3554 -86.993
28.4554 -112.323
28.5554 -123
28.6554 -121.293
28.7554 -110.455
28.8554 -94.3361
28.9554 -75.5694
29.0554 -55.1769
29.1554 -33.3709
29.2554 -10.3948
29.3554 13.4212
29.4554 37.3908
29.5554 60.1845
29.6554 79.7672
29.7554 93.4734
29.8554 99.0111
29.9554 96.2485
30.0554 87.3515
30.1554 74.5904
30.2554 59.355
30.3554 42.0959
30.4554 22.8608
30.5554 1.73199
30.6554 -20.3906
30.7554 -40.92
30.8554 -56.7519
30.9554 -66.3747
31.0554 -70.2653
31.1554 -69.7395
31.2554 -66.5142
31.3554 -62.1171
31.4554 -56.9328
31.5554 -50.6754
31.6554 -42.8199
31.7554 -32.9205
31.8554 -21.0907
31.9554 -8.36955
32.0554 3.81164
32.1554 14.5584
32.2554 23.6578
32.3554 31.2513
32.4554 37.6353
32.5554 43.1205
32.6554 47.8294
32.7554 51.337
32.8554 52.7983
32.9554 51.5386
33.0554 47.4026
33.1554 40.8039
33.2554 32.7479
33.3554 24.3954
33.4554 16.3463
33.5554 8.58287
33.6554 0.759435
33.7554 -7.4027
33.8554 -15.7646
33.9554 -23.6986
34.0554 -30.348
34.1554 -35.0641
34.2554 -37.763
34.3554 -38.7447
34.4554 -38.4796
34.5554 -37.4526
34.6554 -35.9133
34.7554 -33.7454
34.8554 -30.6701
34.9554 -26.5828
35.0554 -21.7602
35.1554 -16.6683
35.2554 -11.6786
35.3554 -6.9303
35.4554 -2.35429
35.5554 2.21491
35.6554 6.8907
35.7554 11.6835
35.8554 16.535
35.9554 21.0955
36.0554 24.94
36.1554 27.7979
36.2554 29.6563
36.3554 30.6461
36.4554 31.0349
36.5554 30.9101
36.6554 30.1451
36.7554 28.4306
36.8554 25.5683
36.9554 21.6913
37.0554 17.051
37.1554 12.0405
37.2554 7.04911
37.3554 2.30848
37.4554 -2.16562
37.5554 -6.41002
37.6554 -10.4908
37.7554 -14.4075
37.8554 -17.9714
37.9554 -20.9093
38.0554 -22.9608
38.1554 -24.0614
38.2554 -24.5203
38.3554 -24.6705
38.4554 -24.7272
38.5554 -24.7783
38.6554 -24.7452
38.7554 -24.4003
38.8554 -23.3739
38.9554 -21.4923
39.0554 -18.6317
39.1554 -14.7712
39.2554 -10.0583
39.3554 -4.78326
39.4554 0.815296
39.5554 6.40863
39.6554 11.5743
39.7554 15.8281
39.8554 18.759
39.9554 20.1875
40.0554 20.2023
40.1554 19.1929
40.2554 17.6952
40.3554 16.2642
40.4554 15.3057
40.5554 14.9107
40.6554 14.8925
40.7554 15.0147
40.8554 15.1163
40.9554 15.0296
41.0554 14.7055
41.1554 14.2581
41.2554 13.6968
41.3554 12.954
41.4554 11.8928
41.5554 10.2524
41.6554 7.85519
41.7554 4.61613
41.8554 0.636859
41.9554 -3.69327
42.0554 -7.98621
42.1554 -11.9895
42.2554 -15.5859
42.3554 -18.79
42.4554 -21.5559
42.5554 -23.8107
42.6554 -25.3932
42.7554 -26.185
42.8554 -26.1245
42.9554 -25.0928
43.0554 -23.2365
43.1554 -20.7314
43.2554 -17.8077
43.3554 -14.5736
43.4554 -11.0889
43.5554 -7.5005
43.6554 -4.02491
43.7554 -0.776027
43.8554 2.18016
43.9554 4.75997
44.0554 6.93376
44.1554 8.72806
44.2554 10.1789
44.3554 11.3588
44.4554 12.4146
44.5554 13.535
44.6554 14.7737
44.7554 16.1343
44.8554 17.512
44.9554 18.6918
45.0554 19.4443
45.1554 19.5981
45.2554 18.9935
45.3554 17.5768
45.4554 15.48
45.5554 12.9535
45.6554 10.1502
45.7554 7.2994
45.8554 4.5785
45.9554 2.0425
46.0554 -0.327985
46.1554 -2.52811
46.2554 -4.49581
46.3554 -6.25109
46.4554 -7.77194
46.5554 -9.00292
46.6554 -9.84841
46.7554 -10.3808
46.8554 -10.6153
46.9554 -10.4669
47.0554 -10.0237
47.1554 -9.47489
47.2554 -8.93802
47.3554 -8.53421
47.4554 -8.3339
47.5554 -8.33733
47.6554 -8.55276
47.7554 -8.8002
47.8554 -9.08034
47.9554 -9.28222
48.0554 -9.28105
48.1554 -8.97481
48.2554 -8.34422
48.3554 -7.3186
48.4554 -6.04122
48.5554 -4.61989
48.6554 -3.10893
48.7554 -1.5373
48.8554 0.0748896
48.9554 1.73146
49.0554 3.37502
49.1554 4.9964
49.2554 6.64734
49.3554 8.27968
49.4554 9.74446
49.5554 10.9077
49.6554 11.69
49.7554 12.1391
49.8554 12.2688
49.9554 12.1499
50.0554 11.95
50.1554 11.7623
50.2554 11.6077
50.3554 11.5182
50.4554 11.3616
50.5554 10.9391
50.6554 10.1308
50.7554 8.91573
50.8554 7.39386
50.9554 5.76943
51.0554 4.16601
51.1554 2.53706
51.2554 0.830281
51.3554 -0.932478
51.4554 -2.73175
51.5554 -4.61289
51.6554 -6.47838
51.7554 -8.28579
51.8554 -9.90277
51.9554 -11.2274
52.0554 -12.1711
52.1554 -12.8108
52.2554 -13.1374
52.3554 -13.1365
52.4554 -12.8052
52.5554 -12.2147
52.6554 -11.4151
52.7554 -10.4599
52.8554 -9.37976
52.9554 -8.22313
53.0554 -6.99796
53.1554 -5.6901
53.2554 -4.32586
53.3554 -2.96067
53.4554 -1.64243
53.5554 -0.330902
53.6554 0.906932
53.7554 1.99369
53.8554 2.96643
53.9554 3.85076
54.0554 4.61367
54.1554 5.27216
54.2554 5.84087
54.3554 6.33115
54.4554 6.77108
54.5554 7.17334
54.6554 7.47572
54.7554 7.6862
54.8554 7.80073
54.9554 7.92916
55.0554 8.00479
55.1554 8.04269
55.2554 8.05318
55.3554 7.97634
55.4554 7.7858
55.5554 7.3812
55.6554 6.80041
55.7554 6.06425
55.8554 5.19189
55.9554 4.29799
56.0554 3.43383
56.1554 2.59353
56.2554 1.80882
56.3554 1.05637
56.4554 0.281091
56.5554 -0.522118
56.6554 -1.29625
56.7554 -2.06123
56.8554 -2.86364
56.9554 -3.58477
57.0554 -4.23269
57.1554 -4.83364
57.2554 -5.34326
57.3554 -5.86925
57.4554 -6.50959
57.5554 -7.15152
57.6554 -7.60778
57.7554 -7.95071
57.8554 -8.29739
57.9554 -8.60136
58.0554 -8.71528
58.1554 -8.50688
58.2554 -7.96022
58.3554 -7.16937
58.4554 -6.22457
58.5554 -5.22816
58.6554 -4.18176
58.7554 -3.12173
58.8554 -2.0756
58.9554 -1.06869
59.0554 -0.0824086
59.1554 0.856882
59.2554 1.69113
59.3554 2.48045
59.4554 3.22365
59.5554 3.92284
59.6554 4.64843
59.7554 5.44635
59.8554 6.22263
59.9554 6.87023
60.0554 7.38862
60.1554 7.73391
60.2554 7.8297
60.3554 7.67416
60.4554 7.27875
60.5554 6.70343
60.6554 6.13371
60.7554 5.84152
60.8554 6.04303
60.9554 6.78756
61.0554 7.7989
61.1554 8.67975
61.2554 8.95239
61.3554 8.27857
61.4554 6.46711
61.5554 3.51906
61.6554 -0.375385
61.7554 -4.62
61.8554 -8.27301
61.9554 -10.5447
62.0554 -11.0829
62.1554 -9.95389
62.2554 -7.50294
62.3554 -4.27033
62.4554 -0.919891
62.5554 1.70756
62.6554 3.1548
62.7554 3.22819
62.8554 2.09054
62.9554 0.11639
63.0554 -2.18237
63.1554 -4.47515
63.2554 -6.47437
63.3554 -8.0613
63.4554 -9.20721
63.5554 -9.876
63.6554 -10.0442
63.7554 -9.6905
63.8554 -8.90045
63.9554 -7.76763
64.0554 -6.36365
64.1554 -4.83272
64.2554 -3.31507
64.3554 -1.91784
64.4554 -0.663192
64.5554 0.507173
64.6554 1.70083
64.7554 3.02225
64.8554 4.44236
64.9554 5.85167
65.0554 7.07591
65.1554 7.98346
65.2554 8.46045
65.3554 8.53211
65.4554 8.27322
65.5554 7.82901
65.6554 7.26386
65.7554 6.64576
65.8554 6.09615
65.9554 5.6177
66.0554 5.23542
66.1554 4.93484
66.2554 4.65365
66.3554 4.39828
66.4554 4.17796
66.5554 3.94334
66.6554 3.52746
66.7554 2.86404
66.8554 1.97058
66.9554 0.913087
67.0554 -0.194237
67.1554 -1.24784
67.2554 -2.23168
67.3554 -3.05859
67.4554 -3.54328
67.5554 -3.7199
67.6554 -3.68391
67.7554 -3.53248
67.8554 -3.37031
67.9554 -3.28281
68.0554 -3.41535
68.1554 -3.75355
68.2554 -4.21372
68.3554 -4.64484
68.4554 -4.90529
68.5554 -5.01653
68.6554 -4.94986
68.7554 -4.62218
68.8554 -4.02918
68.9554 -3.25741
69.0554 -2.45279
69.1554 -1.84381
69.2554 -1.44343
69.3554 -1.24033
69.4554 -1.15006
69.5554 -1.02956
69.6554 -0.812935
69.7554 -0.507202
69.8554 -0.206476
69.9554 0.090613
70.0554 0.388336
70.1554 0.67236
70.2554 0.930779
70.3554 1.20246
70.4554 1.50124
70.5554 1.85174
70.6554 2.25627
70.7554 2.63191
70.8554 2.97851
70.9554 3.31287
71.0554 3.64447
71.1554 3.98529
71.2554 4.34219
71.3554 4.76303
71.4554 5.19554
71.5554 5.48924
71.6554 5.67022
71.7554 5.75045
71.8554 5.68662
71.9554 5.49883
72.0554 5.17315
72.1554 4.68312
72.2554 3.99798
72.3554 3.16132
72.4554 2.28349
72.5554 1.44564
72.6554 0.686294
72.7554 0.0692096
72.8554 -0.509247
72.9554 -1.11286
73.0554 -1.78421
73.1554 -2.45811
73.2554 -3.12799
73.3554 -3.75567
73.4554 -4.3396
73.5554 -4.9003
73.6554 -5.46641
73.7554 -5.92671
73.8554 -6.1704
73.9554 -6.23454
74.0554 -6.16304
74.1554 -5.9924
74.2554 -5.72271
74.3554 -5.34935
74.4554 -4.84987
74.5554 -4.15273
74.6554 -3.31513
74.7554 -2.46433
74.8554 -1.6182
74.9554 -0.732378
75.0554 0.11328
75.1554 0.789769
75.2554 1.31735
75.3554 1.72899
75.4554 2.06237
75.5554 2.31863
75.6554 2.56681
75.7554 2.7729
75.8554 2.98955
75.9554 3.23793
76.0554 3.54832
76.1554 3.94215
76.2554 4.38654
76.3554 4.78591
76.4554 5.05993
76.5554 5.21518
76.6554 5.28075
76.7554 5.28473
76.8554 5.22118
76.9554 5.08786
77.0554 4.76947
77.1554 4.30679
77.2554 3.67665
77.3554 2.93473
77.4554 2.15803
77.5554 1.33232
77.6554 0.459207
77.7554 -0.464112
77.8554 -1.36105
77.9554 -2.03821
78.0554 -2.42458
78.1554 -2.60629
78.2554 -2.66339
78.3554 -2.59719
78.4554 -2.40315
78.5554 -2.22418
78.6554 -2.11282
78.7554 -2.13906
78.8554 -2.32811
78.9554 -2.6931
79.0554 -3.06484
79.1554 -3.42752
79.2554 -3.65344
79.3554 -3.67173
79.4554 -3.44214
79.5554 -3.12098
79.6554 -2.66108
79.7554 -2.1377
79.8554 -1.60618
79.9554 -1.04889
80.0554 -0.427298
80.1554 0.0688903
80.2554 0.36408
80.3554 0.515365
80.4554 0.622659
80.5554 0.72032
80.6554 0.73705
80.7554 0.656235
80.8554 0.695264
80.9554 0.75068
81.0554 1.00059
81.1554 1.3057
81.2554 1.44901
81.3554 1.63319
81.4554 1.85835
81.5554 2.0665
81.6554 2.29162
81.7554 2.37865
81.8554 2.39655
81.9554 2.37159
82.0554 2.38549
82.1554 2.37166
82.2554 2.23618
82.3554 2.11
82.4554 1.90752
82.5554 1.72076
82.6554 1.58353
82.7554 1.40197
82.8554 1.18191
82.9554 0.883826
83.0554 0.542452
83.1554 0.190958
83.2554 -0.141438
83.3554 -0.481062
83.4554 -0.741625
83.5554 -0.823712
83.6554 -0.755914
83.7554 -0.621855
83.8554 -0.46499
83.9554 -0.399537
84.0554 -0.432678
84.1554 -0.587561
84.2554 -0.791172
84.3554 -1.03529
84.4554 -1.34394
84.5554 -1.60421
84.6554 -1.89357
84.7554 -2.09048
84.8554 -2.09976
84.9554 -1.90853
85.0554 -1.55539
85.1554 -1.10423
85.2554 -0.719426
85.3554 -0.400728
85.4554 -0.281869
85.5554 -0.219579
85.6554 -0.226578
85.7554 -0.156597
85.8554 -0.167432
85.9554 -0.169909
86.0554 -0.0781892
86.1554 0.0308054
86.2554 0.164811
86.3554 0.340203
86.4554 0.541679
86.5554 0.723223
86.6554 0.916587
86.7554 1.09018
86.8554 1.16395
86.9554 1.21052
87.0554 1.1726
87.1554 1.1202
87.2554 1.12105
87.3554 1.14959
87.4554 1.18589
87.5554 1.24065
87.6554 1.27892
87.7554 1.33776
87.8554 1.31427
87.9554 1.20574
88.0554 1.00403
88.1554 0.816736
88.2554 0.66932
88.3554 0.440004
88.4554 0.179469
88.5554 0.0193195
88.6554 -0.122093
88.7554 -0.225402
88.8554 -0.271052
88.9554 -0.289227
89.0554 -0.287994
89.1554 -0.275277
89.2554 -0.221927
89.3554 -0.142149
89.4554 -0.0400108
89.5554 0.0177965
89.6554 -0.0166545
89.7554 -0.145129
89.8554 -0.296771
89.9554 -0.437318
90.0554 -0.531778
90.1554 -0.545001
90.2554 -0.631209
90.3554 -0.74223
90.4554 -0.856467
90.5554 -1.05346
90.6554 -1.0904
90.7554 -1.01006
90.8554 -0.782117
90.9554 -0.528034
91.0554 -0.222845
91.1554 0.172307
91.2554 0.451425
91.3554 0.630481
91.4554 0.635928
91.5554 0.458226
91.6554 0.265446
91.7554 0.189663
91.8554 0.134154
91.9554 0.150744
92.0554 0.16846
92.1554 0.170605
92.2554 0.136206
92.3554 0.0663805
92.4554 0.0949509
92.5554 0.169711
92.6554 0.248265
92.7554 0.340903
92.8554 0.482059
92.9554 0.676393
93.0554 0.826452
93.1554 0.877165
93.2554 0.874818
93.3554 0.815576
93.4554 0.644073
93.5554 0.490002
93.6554 0.424569
93.7554 0.367905
93.8554 0.372404
93.9554 0.358296
94.0554 0.331283
94.1554 0.288445
94.2554 0.194543
94.3554 0.0967371
94.4554 -0.0242259
94.5554 -0.15171
94.6554 -0.238093
94.7554 -0.306917
94.8554 -0.321581
94.9554 -0.359822
95.0554 -0.384564
95.1554 -0.413626
95.2554 -0.445625
95.3554 -0.421955
95.4554 -0.430882
95.5554 -0.46023
95.6554 -0.493818
95.7554 -0.391702
95.8554 -0.248958
95.9554 -0.10962
96.0554 0.013394
96.1554 0.0809937
96.2554 0.156962
96.3554 0.225393
96.4554 0.274808
96.5554 0.257389
96.6554 0.257566
96.7554 0.208797
96.8554 0.206468
96.9554 0.254079
97.0554 0.24698
97.1554 0.205041
97.2554 0.181831
97.3554 0.124892
97.4554 -0.0132362
97.5554 -0.107254
97.6554 -0.19883
97.7554 -0.267663
