-5.61561 -0.853147
-5.51561 -0.459475
-5.41561 -0.101021
-5.31561 0.299684
-5.21561 0.613834
-5.11561 0.771956
-5.01561 0.803471
-4.91561 0.710621
-4.81561 0.550492
-4.71561 0.35417
-4.61561 0.0948627
-4.51561 -0.216935
-4.41561 -0.531567
-4.31561 -0.78975
-4.21561 -0.935561
-4.11561 -1.02668
-4.01561 -0.990686
-3.91561 -0.761708
-3.81561 -0.352687
-3.71561 0.233991
-3.61561 0.921654
-3.51561 1.69204
-3.41561 2.50357
-3.31561 3.16326
-3.21561 3.58602
-3.11561 3.72914
-3.01561 3.622
-2.91561 3.241
-2.81561 2.6621
-2.71561 1.84133
-2.61561 0.879306
-2.51561 -0.14868
-2.41561 -1.13491
-2.31561 -2.05532
-2.21561 -2.81885
-2.11561 -3.25429
-2.01561 -3.32798
-1.91561 -2.96017
-1.81561 -2.05759
-1.71561 -0.764877
-1.61561 0.611507
-1.51561 1.72945
-1.41561 2.37178
-1.31561 2.51374
-1.21561 2.20019
-1.11561 1.54015
-1.01561 0.664482
-0.915613 -0.346662
-0.815613 -1.22775
-0.715613 -1.94486
-0.615613 -2.44829
-0.515613 -2.88561
-0.415613 -3.15689
-0.315613 -3.29014
-0.215613 -3.11007
-0.115613 -2.463
-0.015613 -1.36709
0.084387 0.109541
0.184387 1.71299
0.284387 3.1966
0.384387 4.29296
0.484387 4.9463
0.584387 5.0829
0.684387 4.61179
0.784387 3.61111
0.884387 2.19633
0.984387 0.6404
1.08439 -0.885409
1.18439 -2.20262
1.28439 -3.17357
1.38439 -3.65556
1.48439 -3.55862
1.58439 -2.79759
1.68439 -1.50101
1.78439 0.103644
1.88439 1.75398
1.98439 3.2413
2.08439 4.42788
2.18439 5.29367
2.28439 5.66464
2.38439 5.5002
2.48439 4.81185
2.58439 3.73139
2.68439 2.21045
2.78439 0.466166
2.88439 -1.35081
2.98439 -3.0652
3.08439 -4.51773
3.18439 -5.60137
3.28439 -6.19857
3.38439 -6.25501
3.48439 -5.78723
3.58439 -4.92348
3.68439 -3.72511
3.78439 -2.35958
3.88439 -0.934235
3.98439 0.440834
4.08439 1.65343
4.18439 2.54868
4.28439 3.08215
4.38439 3.24185
4.48439 3.1231
4.58439 2.77674
4.68439 2.24884
4.78439 1.67461
4.88439 1.13996
4.98439 0.66083
5.08439 0.244721
5.18439 -0.117904
5.28439 -0.419761
5.38439 -0.653464
5.48439 -0.752501
5.58439 -0.698432
5.68439 -0.485956
5.78439 -0.114561
5.88439 0.348599
5.98439 0.826404
6.08439 1.23248
6.18439 1.56573
6.28439 1.82046
6.38439 1.95031
6.48439 1.93575
6.58439 1.73335
6.68439 1.31921
6.78439 0.813966
6.88439 0.342853
6.98439 0.0413612
7.08439 0.0452732
7.18439 0.384593
7.28439 0.987382
7.38439 1.68125
7.48439 2.16688
7.58439 2.24133
7.68439 1.82119
7.78439 0.950766
7.88439 -0.247617
7.98439 -1.50689
8.08439 -2.48453
8.18439 -2.92441
8.28439 -2.78324
8.38439 -2.19386
8.48439 -1.38774
8.58439 -0.710593
8.68439 -0.40435
8.78439 -0.512526
8.88439 -0.933188
8.98439 -1.47438
9.08439 -1.89361
9.18439 -2.0011
9.28439 -1.76115
9.38439 -1.22529
9.48439 -0.531404
9.58439 0.127417
9.68439 0.611678
9.78439 0.88896
9.88439 1.00203
9.98439 1.10368
10.0844 1.26996
10.1844 1.50556
10.2844 1.79331
10.3844 2.02972
10.4844 2.11308
10.5844 1.99609
10.6844 1.66057
10.7844 1.18631
10.8844 0.714918
10.9844 0.368236
11.0844 0.194002
11.1844 0.140207
11.2844 0.145301
11.3844 0.171156
11.4844 0.191028
11.5844 0.20795
11.6844 0.288535
11.7844 0.572524
11.8844 1.06309
11.9844 1.72325
12.0844 2.42694
12.1844 2.96983
12.2844 3.18034
12.3844 2.96709
12.4844 2.32028
12.5844 1.36525
12.6844 0.286222
12.7844 -0.689145
12.8844 -1.4168
12.9844 -1.85448
13.0844 -2.05894
13.1844 -2.10005
13.2844 -2.03389
13.3844 -1.91101
13.4844 -1.83338
13.5844 -1.87881
13.6844 -2.05533
13.7844 -2.3242
13.8844 -2.59104
13.9844 -2.6583
14.0844 -2.40031
14.1844 -1.80773
14.2844 -0.96932
14.3844 -0.0255559
14.4844 0.954617
14.5844 1.80244
14.6844 2.33093
14.7844 2.47974
14.8844 2.31629
14.9844 2.04601
15.0844 1.84556
15.1844 1.76575
15.2844 1.78063
15.3844 1.85139
15.4844 1.91648
15.5844 1.83573
15.6844 1.60615
15.7844 1.33359
15.8844 1.10668
15.9844 0.908234
16.0844 0.674772
16.1844 0.325336
16.2844 -0.180234
16.3844 -0.834634
16.4844 -1.58377
16.5844 -2.27863
16.6844 -2.71068
16.7844 -2.68293
16.8844 -2.19158
16.9844 -1.37047
17.0844 -0.392412
17.1844 0.507081
17.2844 1.2588
17.3844 1.86462
17.4844 2.3397
17.5844 2.68546
17.6844 3.01168
17.7844 3.35191
17.8844 3.64563
17.9844 3.71806
18.0844 3.46859
18.1844 2.88579
18.2844 2.02625
18.3844 1.0333
18.4844 0.0153701
18.5844 -1.008
18.6844 -2.11809
18.7844 -3.4622
18.8844 -5.18312
18.9844 -7.28827
19.0844 -9.36204
19.1844 -10.5744
19.2844 -10.1146
19.3844 -7.55641
19.4844 -2.85639
19.5844 4.28803
19.6844 13.4601
19.7844 22.623
19.8844 28.6968
19.9844 29.7252
20.0844 24.6552
20.1844 11.3626
20.2844 -10.9304
20.3844 -39.1634
20.4844 -64.8562
20.5844 -78.8811
20.6844 -79.1181
20.7844 -67.4982
20.8844 -44.4505
20.9844 -11.9561
21.0844 25.2598
21.1844 60.0364
21.2844 86.4208
21.3844 100.579
21.4844 101.367
21.5844 86.3095
21.6844 56.6356
21.7844 20.8773
21.8844 -11.2931
21.9844 -35.8799
22.0844 -53.5868
22.1844 -65.9325
22.2844 -72.9135
22.3844 -74.696
22.4844 -71.8073
22.5844 -64.7612
22.6844 -54.0422
22.7844 -40.1396
22.8844 -23.5059
22.9844 -5.57154
23.0844 11.5907
23.1844 26.5667
23.2844 38.8592
23.3844 48.0899
23.4844 53.8243
23.5844 56.2458
23.6844 55.8968
23.7844 53.0562
23.8844 47.7281
23.9844 39.979
24.0844 30.0053
24.1844 18.3291
24.2844 6.05514
24.3844 -5.51397
24.4844 -15.5383
24.5844 -23.8471
24.6844 -30.6434
24.7844 -36.2526
24.8844 -40.8703
24.9844 -44.3896
25.0844 -46.2603
25.1844 -45.8605
25.2844 -42.8157
25.3844 -37.2311
25.4844 -29.8444
25.5844 -21.7706
25.6844 -14.1602
25.7844 -7.44746
25.8844 -1.47913
25.9844 4.04398
26.0844 9.34964
26.1844 14.5398
26.2844 19.4903
26.3844 23.8756
26.4844 27.4008
26.5844 29.8061
26.6844 31.1424
26.7844 31.624
26.8844 31.3906
26.9844 30.5109
27.0844 28.8082
27.1844 26.0016
27.2844 21.8437
27.3844 16.3018
27.4844 9.75204
27.5844 2.90223
27.6844 -3.5183
27.7844 -9.01012
27.8844 -13.5825
27.9844 -17.3765
28.0844 -20.6145
28.1844 -23.4343
28.2844 -25.7491
28.3844 -27.4138
28.4844 -28.2066
28.5844 -28.0332
28.6844 -26.9672
28.7844 -25.1563
28.8844 -22.802
28.9844 -19.9399
29.0844 -16.5311
29.1844 -12.6092
29.2844 -8.29211
29.3844 -3.79035
29.4844 0.623052
29.5844 4.74898
29.6844 8.49411
29.7844 11.8009
29.8844 14.6569
29.9844 17.1268
30.0844 19.2539
30.1844 20.9019
30.2844 21.8703
30.3844 21.9708
30.4844 21.1765
30.5844 19.6415
30.6844 17.6788
30.7844 15.5275
30.8844 13.2877
30.9844 10.9221
31.0844 8.45061
31.1844 5.87464
31.2844 3.20691
31.3844 0.475125
31.4844 -2.19669
31.5844 -4.70765
31.6844 -6.93842
31.7844 -8.78583
31.8844 -10.2465
31.9844 -11.5252
32.0844 -12.7735
32.1844 -14.0352
32.2844 -15.3559
32.3844 -16.686
32.4844 -17.9209
32.5844 -18.9228
32.6844 -19.3957
32.7844 -19.0283
32.8844 -17.6032
32.9844 -15.0758
33.0844 -11.6307
33.1844 -7.67139
33.2844 -3.55716
33.3844 0.302777
33.4844 3.58972
33.5844 5.99644
33.6844 7.50245
33.7844 8.29398
33.8844 8.70635
33.9844 9.06992
34.0844 9.52135
34.1844 10.0663
34.2844 10.6921
34.3844 11.2978
34.4844 11.7834
34.5844 12.0678
34.6844 12.106
34.7844 11.9028
34.8844 11.6084
34.9844 11.2973
35.0844 10.8933
35.1844 10.3422
35.2844 9.61764
35.3844 8.7376
35.4844 7.66744
35.5844 6.44554
35.6844 5.08348
35.7844 3.52168
35.8844 1.71153
35.9844 -0.348186
36.0844 -2.66087
36.1844 -5.23124
36.2844 -7.99894
36.3844 -10.8515
36.4844 -13.6701
36.5844 -16.2225
36.6844 -18.2029
36.7844 -19.398
36.8844 -19.814
36.9844 -19.4628
37.0844 -18.3997
37.1844 -16.6796
37.2844 -14.3711
37.3844 -11.7267
37.4844 -9.09783
37.5844 -6.70554
37.6844 -4.58625
37.7844 -2.67707
37.8844 -0.936036
37.9844 0.745513
38.0844 2.46684
38.1844 4.33136
38.2844 6.37395
38.3844 8.5266
38.4844 10.5676
38.5844 12.2906
38.6844 13.5483
38.7844 14.2508
38.8844 14.3427
38.9844 13.8855
39.0844 12.9766
39.1844 11.7319
39.2844 10.264
39.3844 8.74623
39.4844 7.35181
39.5844 6.1542
39.6844 5.13758
39.7844 4.23587
39.8844 3.46535
39.9844 2.80484
40.0844 2.15313
40.1844 1.47683
40.2844 0.807466
40.3844 0.205424
40.4844 -0.336736
40.5844 -0.855425
40.6844 -1.38647
40.7844 -1.98552
40.8844 -2.644
40.9844 -3.36489
41.0844 -4.20045
41.1844 -5.21781
41.2844 -6.4107
41.3844 -7.82109
41.4844 -9.30137
41.5844 -10.5955
41.6844 -11.4511
41.7844 -11.6772
41.8844 -11.2792
41.9844 -10.3624
42.0844 -9.11287
42.1844 -7.77227
42.2844 -6.52166
42.3844 -5.42739
42.4844 -4.42553
42.5844 -3.45215
42.6844 -2.44712
42.7844 -1.37062
42.8844 -0.196761
42.9844 0.998174
43.0844 2.15341
43.1844 3.22957
43.2844 4.14359
43.3844 4.81938
43.4844 5.26632
43.5844 5.54771
43.6844 5.81425
43.7844 6.21343
43.8844 6.82117
43.9844 7.58375
44.0844 8.35053
44.1844 8.97717
44.2844 9.37394
44.3844 9.50463
44.4844 9.37669
44.5844 9.01558
44.6844 8.48917
44.7844 7.85752
44.8844 7.07816
44.9844 6.18485
45.0844 5.16785
45.1844 4.00162
45.2844 2.6849
45.3844 1.27753
45.4844 -0.085869
45.5844 -1.37917
45.6844 -2.61524
45.7844 -3.80381
45.8844 -4.95097
45.9844 -6.08077
46.0844 -7.19188
46.1844 -8.21787
46.2844 -8.98688
46.3844 -9.39684
46.4844 -9.43709
46.5844 -9.11824
46.6844 -8.52427
46.7844 -7.74937
46.8844 -6.84572
46.9844 -5.88018
47.0844 -4.95278
47.1844 -4.08797
47.2844 -3.25536
47.3844 -2.49329
47.4844 -1.88223
47.5844 -1.5104
47.6844 -1.32385
47.7844 -1.19855
47.8844 -1.00427
47.9844 -0.63809
48.0844 -0.0984422
48.1844 0.573546
48.2844 1.31396
48.3844 2.09847
48.4844 2.89506
48.5844 3.6449
48.6844 4.30387
48.7844 4.93225
48.8844 5.58778
48.9844 6.21465
49.0844 6.73222
49.1844 7.0653
49.2844 7.11655
49.3844 6.89486
49.4844 6.44055
49.5844 5.83974
49.6844 5.1995
49.7844 4.54213
49.8844 3.94107
49.9844 3.43498
50.0844 2.97352
50.1844 2.52155
50.2844 2.06866
50.3844 1.65656
50.4844 1.3282
50.5844 1.05501
50.6844 0.857346
50.7844 0.779694
50.8844 0.739994
50.9844 0.60966
51.0844 0.334973
51.1844 -0.0930394
51.2844 -0.672266
51.3844 -1.34558
51.4844 -2.04143
51.5844 -2.76507
51.6844 -3.55542
51.7844 -4.31995
51.8844 -4.99221
51.9844 -5.60789
52.0844 -6.22704
52.1844 -6.80851
52.2844 -7.20894
52.3844 -7.33337
52.4844 -7.22127
52.5844 -6.88515
52.6844 -6.34617
52.7844 -5.70362
52.8844 -4.95193
52.9844 -4.13769
53.0844 -3.29723
53.1844 -2.35558
53.2844 -1.28804
53.3844 -0.170062
53.4844 0.967108
53.5844 2.04911
53.6844 2.9152
53.7844 3.4756
53.8844 3.69586
53.9844 3.61777
54.0844 3.29642
54.1844 2.92788
54.2844 2.79022
54.3844 3.11239
54.4844 3.94804
54.5844 5.29803
54.6844 6.94702
54.7844 8.508
54.8844 9.57181
54.9844 9.81401
55.0844 9.05073
55.1844 7.29984
55.2844 4.65514
55.3844 1.51896
55.4844 -1.37562
55.5844 -3.37867
55.6844 -4.15932
55.7844 -3.71684
55.8844 -2.23021
55.9844 -0.0758056
56.0844 2.22641
56.1844 4.09592
56.2844 5.20938
56.3844 5.54416
56.4844 5.15891
56.5844 4.1788
56.6844 2.76436
56.7844 1.05313
56.8844 -0.753088
56.9844 -2.52353
57.0844 -4.15379
57.1844 -5.63018
57.2844 -6.85216
57.3844 -7.71314
57.4844 -8.19403
57.5844 -8.25247
57.6844 -7.92197
57.7844 -7.35267
57.8844 -6.68978
57.9844 -6.03927
58.0844 -5.41663
58.1844 -4.8537
58.2844 -4.31821
58.3844 -3.71268
58.4844 -2.99209
58.5844 -2.23627
58.6844 -1.47921
58.7844 -0.72694
58.8844 0.0244923
58.9844 0.767695
59.0844 1.46229
59.1844 2.04248
59.2844 2.49785
59.3844 2.84125
59.4844 3.06427
59.5844 3.2692
59.6844 3.53166
59.7844 3.91802
59.8844 4.46883
59.9844 5.20609
60.0844 6.02172
60.1844 6.67909
60.2844 7.01319
60.3844 6.97437
60.4844 6.52291
60.5844 5.77731
60.6844 4.95398
60.7844 4.1221
60.8844 3.32943
60.9844 2.64346
61.0844 2.12391
61.1844 1.78776
61.2844 1.56209
61.3844 1.41083
61.4844 1.27479
61.5844 1.10872
61.6844 0.867995
61.7844 0.544736
61.8844 0.0998278
61.9844 -0.46687
62.0844 -1.181
62.1844 -2.04482
62.2844 -2.90783
62.3844 -3.67659
62.4844 -4.22988
62.5844 -4.53475
62.6844 -4.58059
62.7844 -4.39791
62.8844 -4.07044
62.9844 -3.773
63.0844 -3.62306
63.1844 -3.61044
63.2844 -3.68465
63.3844 -3.76702
63.4844 -3.76279
63.5844 -3.71608
63.6844 -3.64282
63.7844 -3.49693
63.8844 -3.25828
63.9844 -2.9481
64.0844 -2.57037
64.1844 -2.13968
64.2844 -1.66298
64.3844 -1.15172
64.4844 -0.518041
64.5844 0.221731
64.6844 0.972241
64.7844 1.6556
64.8844 2.26631
64.9844 2.83079
65.0844 3.33564
65.1844 3.74942
65.2844 4.08137
65.3844 4.38513
65.4844 4.67433
65.5844 4.97273
65.6844 5.21227
65.7844 5.33781
65.8844 5.3684
65.9844 5.29752
66.0844 5.15689
66.1844 5.04117
66.2844 4.90069
66.3844 4.65739
66.4844 4.33523
66.5844 3.88149
66.6844 3.29046
66.7844 2.60569
66.8844 1.8343
66.9844 1.04934
67.0844 0.301898
67.1844 -0.419359
67.2844 -1.08983
67.3844 -1.70049
67.4844 -2.23181
67.5844 -2.67568
67.6844 -3.03166
67.7844 -3.38382
67.8844 -3.79921
67.9844 -4.27985
68.0844 -4.6749
68.1844 -4.85727
68.2844 -4.74904
68.3844 -4.38112
68.4844 -3.90715
68.5844 -3.45188
68.6844 -3.07637
68.7844 -2.76995
68.8844 -2.51887
68.9844 -2.35696
69.0844 -2.29686
69.1844 -2.28706
69.2844 -2.20057
69.3844 -1.97426
69.4844 -1.56034
69.5844 -1.05044
69.6844 -0.497491
69.7844 0.102047
69.8844 0.730318
69.9844 1.34395
70.0844 1.89667
70.1844 2.34933
70.2844 2.67983
70.3844 2.86335
70.4844 2.93887
70.5844 2.95083
70.6844 2.99378
70.7844 3.08268
70.8844 3.17192
70.9844 3.34717
71.0844 3.55286
71.1844 3.70728
71.2844 3.78804
71.3844 3.69975
71.4844 3.37548
71.5844 2.86952
71.6844 2.27622
71.7844 1.83722
71.8844 1.6598
71.9844 1.58959
72.0844 1.48733
72.1844 1.25937
72.2844 0.934259
72.3844 0.432736
72.4844 -0.199052
72.5844 -0.798897
72.6844 -1.32592
72.7844 -1.63504
72.8844 -1.72636
72.9844 -1.66662
73.0844 -1.54177
73.1844 -1.36197
73.2844 -1.21837
73.3844 -1.09529
73.4844 -0.996665
73.5844 -0.98676
73.6844 -1.01363
73.7844 -1.05434
73.8844 -1.09581
73.9844 -1.18658
74.0844 -1.29912
74.1844 -1.41448
74.2844 -1.47904
74.3844 -1.46537
74.4844 -1.42484
74.5844 -1.40862
74.6844 -1.42944
74.7844 -1.50675
74.8844 -1.54587
74.9844 -1.47873
75.0844 -1.36368
75.1844 -1.13691
75.2844 -0.756723
75.3844 -0.349782
75.4844 0.0798207
75.5844 0.442502
75.6844 0.736694
75.7844 0.967518
75.8844 1.167
75.9844 1.32428
76.0844 1.34935
76.1844 1.34675
76.2844 1.3577
76.3844 1.39745
76.4844 1.43423
76.5844 1.48066
76.6844 1.50145
76.7844 1.48166
76.8844 1.4918
76.9844 1.53389
77.0844 1.63405
77.1844 1.80235
77.2844 1.98403
77.3844 2.14913
77.4844 2.2942
77.5844 2.34978
77.6844 2.34219
77.7844 2.20351
77.8844 1.91025
77.9844 1.46678
78.0844 0.918712
78.1844 0.314272
78.2844 -0.291268
78.3844 -0.753247
78.4844 -1.09886
78.5844 -1.38789
78.6844 -1.5708
78.7844 -1.66353
78.8844 -1.66808
78.9844 -1.57637
79.0844 -1.4226
79.1844 -1.22799
79.2844 -1.02931
79.3844 -0.799292
79.4844 -0.550447
79.5844 -0.411701
79.6844 -0.34865
79.7844 -0.287476
79.8844 -0.28781
79.9844 -0.25449
80.0844 -0.212246
80.1844 -0.193301
80.2844 -0.242533
80.3844 -0.352951
80.4844 -0.453871
80.5844 -0.508843
80.6844 -0.561398
80.7844 -0.579702
80.8844 -0.525609
80.9844 -0.395234
81.0844 -0.223073
81.1844 -0.0600686
81.2844 -0.00444292
81.3844 -0.0265595
81.4844 -0.081243
81.5844 -0.0621922
81.6844 0.0479886
81.7844 0.21079
81.8844 0.405187
81.9844 0.629744
82.0844 0.839949
82.1844 0.958264
82.2844 1.02266
82.3844 1.08633
82.4844 1.12869
82.5844 1.19353
82.6844 1.19278
82.7844 1.25661
82.8844 1.31569
82.9844 1.42211
83.0844 1.47893
83.1844 1.49209
83.2844 1.41983
83.3844 1.27733
83.4844 1.03048
83.5844 0.721916
83.6844 0.394242
83.7844 0.0575661
83.8844 -0.140844
83.9844 -0.191199
84.0844 -0.0929359
84.1844 0.0272938
84.2844 0.081427
84.3844 0.113614
84.4844 0.0248547
84.5844 -0.153982
84.6844 -0.429147
84.7844 -0.851627
84.8844 -1.26657
84.9844 -1.53086
85.0844 -1.59941
85.1844 -1.48848
85.2844 -1.2424
85.3844 -0.953793
85.4844 -0.662361
85.5844 -0.340051
85.6844 -0.0375084
85.7844 0.226098
85.8844 0.366147
85.9844 0.410636
86.0844 0.297891
86.1844 0.182516
86.2844 0.122637
86.3844 0.0173401
86.4844 -0.0354884
86.5844 0.00872696
86.6844 0.06093
86.7844 0.135755
86.8844 0.206714
86.9844 0.268517
87.0844 0.261872
87.1844 0.190994
87.2844 0.134357
87.3844 0.119894
87.4844 0.137528
87.5844 0.159322
87.6844 0.235996
87.7844 0.351908
87.8844 0.506691
87.9844 0.580667
88.0844 0.582085
88.1844 0.5148
88.2844 0.447868
88.3844 0.374649
88.4844 0.294583
88.5844 0.282878
88.6844 0.255896
88.7844 0.26806
88.8844 0.269925
88.9844 0.317496
89.0844 0.330744
89.1844 0.362284
89.2844 0.398172
89.3844 0.427922
89.4844 0.373466
89.5844 0.309832
89.6844 0.18687
89.7844 0.0421453
89.8844 -0.172582
89.9844 -0.374928
90.0844 -0.581576
90.1844 -0.765494
90.2844 -0.808826
90.3844 -0.697629
90.4844 -0.521202
90.5844 -0.348853
90.6844 -0.191786
90.7844 -0.0144557
90.8844 0.115566
90.9844 0.261032
91.0844 0.34873
91.1844 0.337018
91.2844 0.297335
91.3844 0.214875
91.4844 0.17649
91.5844 0.147503
91.6844 0.0824111
91.7844 -0.0101822
91.8844 -0.113927
91.9844 -0.236818
92.0844 -0.278526
92.1844 -0.292735
92.2844 -0.298331
92.3844 -0.286137
92.4844 -0.239773
92.5844 -0.210777
92.6844 -0.106983
92.7844 0.00698359
92.8844 0.0676312
92.9844 0.139588
93.0844 0.193023
93.1844 0.182848
93.2844 0.129274
93.3844 0.00890645
93.4844 -0.0929173
93.5844 -0.102954
93.6844 -0.0743057
93.7844 -0.0357373
93.8844 0.0469066
93.9844 0.134755
94.0844 0.224192
94.1844 0.296186
94.2844 0.351199
94.3844 0.35722
94.4844 0.306251
94.5844 0.249508
94.6844 0.197102
94.7844 0.149585
94.8844 0.129239
94.9844 0.122371
95.0844 0.0695835
95.1844 -0.0158675
95.2844 -0.099571
95.3844 -0.137494
95.4844 -0.150965
95.5844 -0.0920468
95.6844 -0.0594005
95.7844 -0.0330327
95.8844 0.0153731
95.9844 0.0490285
96.0844 0.0705746
96.1844 0.0869437
96.2844 0.108122
96.3844 0.107992
96.4844 0.10263
96.5844 0.0995154
96.6844 0.102782
