-6.16054 -0.0880378
-6.06054 -0.088969
-5.96054 -0.040755
-5.86054 -0.010586
-5.76054 -0.0115823
-5.66054 0.011696
-5.56054 0.0257031
-5.46054 0.0326402
-5.36054 0.0250391
-5.26054 0.0284016
-5.16054 0.00514323
-5.06054 -0.0688233
-4.96054 -0.122341
-4.86054 -0.14618
-4.76054 -0.146323
-4.66054 -0.0957874
-4.56054 -0.0176778
-4.46054 0.0574198
-4.36054 0.0692759
-4.26054 0.103818
-4.16054 0.106023
-4.06054 0.154435
-3.96054 0.194958
-3.86054 0.173511
-3.76054 0.152054
-3.66054 0.112856
-3.56054 0.063652
-3.46054 0.0094003
-3.36054 -0.0372306
-3.26054 -0.0694466
-3.16054 -0.115351
-3.06054 -0.149226
-2.96054 -0.13401
-2.86054 -0.0461735
-2.76054 0.0404643
-2.66054 0.127051
-2.56054 0.20056
-2.46054 0.188369
-2.36054 0.232025
-2.26054 0.282709
-2.16054 0.240918
-2.06054 0.172537
-1.96054 0.164547
-1.86054 0.125739
-1.76054 0.045963
-1.66054 0.00980136
-1.56054 -0.0679572
-1.46054 -0.0961048
-1.36054 -0.0962585
-1.26054 -0.0690794
-1.16054 -0.0220402
-1.06054 -0.0629489
-0.960535 -0.0194189
-0.860535 0.011606
-0.760535 0.0367339
-0.660535 0.0323042
-0.560535 -0.0138743
-0.460535 -0.00591727
-0.360535 0.00920139
-0.260535 0.0127458
-0.160535 -0.00412118
-0.0605354 -0.0711368
0.0394646 -0.0671611
0.139465 -0.0473784
0.239465 0.0212778
0.339465 0.0858992
0.439465 0.109985
0.539465 0.139082
0.639465 0.151318
0.739465 0.183218
0.839465 0.167337
0.939465 0.15819
1.03946 0.140253
1.13946 0.143924
1.23946 0.193818
1.33946 0.270984
1.43946 0.248727
1.53946 0.218156
1.63946 0.132075
1.73946 0.0663911
1.83946 -0.0206567
1.93946 -0.0298994
2.03946 -0.0258573
2.13946 0.0114291
2.23946 0.0475461
2.33946 0.103377
2.43946 0.158235
2.53946 0.215803
2.63946 0.199614
2.73946 0.155405
2.83946 0.122805
2.93946 0.0956822
3.03946 0.106301
3.13946 0.118053
3.23946 0.116375
3.33946 0.113503
3.43946 0.151694
3.53946 0.219982
3.63946 0.224025
3.73946 0.16509
3.83946 0.0513747
3.93946 0.0207934
4.03946 0.0463003
4.13946 0.0484964
4.23946 0.0733716
4.33946 0.082719
4.43946 0.104293
4.53946 0.178133
4.63946 0.247567
4.73946 0.237226
4.83946 0.200125
4.93946 0.179956
5.03946 0.211953
5.13946 0.21014
5.23946 0.18854
5.33946 0.159844
5.43946 0.174473
5.53946 0.192164
5.63946 0.21199
5.73946 0.162858
5.83946 0.0881153
5.93946 0.0547811
6.03946 0.0418488
6.13946 0.0701165
6.23946 0.0318485
6.33946 0.0160898
6.43946 -0.00360345
6.53946 -0.0114744
6.63946 -0.0158788
6.73946 -0.0480772
6.83946 -0.100905
6.93946 -0.152618
7.03946 -0.190053
7.13946 -0.169866
7.23946 -0.117807
7.33946 -0.0315234
7.43946 0.109592
7.53946 0.286744
7.63946 0.41162
7.73946 0.503587
7.83946 0.550913
7.93946 0.566401
8.03946 0.613492
8.13946 0.605371
8.23946 0.58299
8.33946 0.532809
8.43946 0.437454
8.53946 0.339882
8.63946 0.233027
8.73946 0.00368172
8.83946 -0.211984
8.93946 -0.399385
9.03946 -0.557978
9.13946 -0.61765
9.23946 -0.548165
9.33946 -0.359799
9.43946 -0.174276
9.53946 0.00122609
9.63946 0.149876
9.73946 0.260192
9.83946 0.298749
9.93946 0.274843
10.0395 0.248502
10.1395 0.28344
10.2395 0.329462
10.3395 0.408955
10.4395 0.479429
10.5395 0.520237
10.6395 0.572828
10.7395 0.564991
10.8395 0.531188
10.9395 0.470601
11.0395 0.364257
11.1395 0.229745
11.2395 0.0606176
11.3395 -0.0663232
11.4395 -0.12047
11.5395 -0.161236
11.6395 -0.230118
11.7395 -0.36887
11.8395 -0.439268
11.9395 -0.477627
12.0395 -0.449402
12.1395 -0.379207
12.2395 -0.287971
12.3395 -0.191796
12.4395 -0.0233085
12.5395 0.211922
12.6395 0.377411
12.7395 0.500415
12.8395 0.552619
12.9395 0.570226
13.0395 0.56729
13.1395 0.534541
13.2395 0.484092
13.3395 0.367417
13.4395 0.255742
13.5395 0.202805
13.6395 0.239935
13.7395 0.343349
13.8395 0.408496
13.9395 0.464215
14.0395 0.470567
14.1395 0.427241
14.2395 0.411161
14.3395 0.363705
14.4395 0.290669
14.5395 0.225085
14.6395 0.117154
14.7395 -0.0477797
14.8395 -0.151223
14.9395 -0.190403
15.0395 -0.121195
15.1395 -0.0568915
15.2395 -0.0250812
15.3395 0.0669471
15.4395 0.0897792
15.5395 0.102674
15.6395 0.108725
15.7395 0.156224
15.8395 0.249344
15.9395 0.353576
16.0395 0.502983
16.1395 0.557759
16.2395 0.570668
16.3395 0.544862
16.4395 0.451012
16.5395 0.372728
16.6395 0.262082
16.7395 0.0851981
16.8395 -0.085636
16.9395 -0.218859
17.0395 -0.241789
17.1395 -0.194056
17.2395 -0.0742218
17.3395 0.0404218
17.4395 0.129365
17.5395 0.186051
17.6395 0.227159
17.7395 0.265384
17.8395 0.314612
17.9395 0.328059
18.0395 0.37832
18.1395 0.41797
18.2395 0.430309
18.3395 0.371786
18.4395 0.278511
18.5395 0.188279
18.6395 0.15533
18.7395 0.249298
18.8395 0.354835
18.9395 0.486718
19.0395 0.550034
19.1395 0.54824
19.2395 0.479455
19.3395 0.42356
19.4395 0.392059
19.5395 0.393791
19.6395 0.336002
19.7395 0.223556
19.8395 0.126006
19.9395 0.0360495
20.0395 -0.0697454
20.1395 -0.105161
20.2395 -0.0811606
20.3395 0.00343498
20.4395 0.0601205
20.5395 0.126924
20.6395 0.229005
20.7395 0.373204
20.8395 0.485218
20.9395 0.468083
21.0395 0.346345
21.1395 0.194854
21.2395 0.0578724
21.3395 0.0139924
21.4395 0.0178309
21.5395 -0.00138803
21.6395 -0.0332377
21.7395 -0.041605
21.8395 -0.00970465
21.9395 0.0685104
22.0395 0.141754
22.1395 0.134592
22.2395 0.100542
22.3395 0.0757461
22.4395 0.0511586
22.5395 0.0547001
22.6395 0.104538
22.7395 0.124606
22.8395 0.128917
22.9395 0.16794
23.0395 0.277391
23.1395 0.411232
23.2395 0.564778
23.3395 0.664349
23.4395 0.674995
23.5395 0.663186
23.6395 0.657365
23.7395 0.644353
23.8395 0.602047
23.9395 0.506584
24.0395 0.344662
24.1395 0.190139
24.2395 0.11351
24.3395 0.063819
24.4395 0.0320214
24.5395 -0.00178842
24.6395 -0.0191274
24.7395 -0.0748693
24.8395 -0.15602
24.9395 -0.211462
25.0395 -0.232128
25.1395 -0.235202
25.2395 -0.225357
25.3395 -0.159206
25.4395 -0.059557
25.5395 0.0240614
25.6395 0.0579055
25.7395 0.138566
25.8395 0.250875
25.9395 0.335325
26.0395 0.414978
26.1395 0.495433
26.2395 0.57738
26.3395 0.630753
26.4395 0.662011
26.5395 0.686706
26.6395 0.672039
26.7395 0.576798
26.8395 0.411054
26.9395 0.250529
27.0395 0.0880062
27.1395 -0.0261064
27.2395 -0.0838466
27.3395 -0.0735347
27.4395 -0.052373
27.5395 -0.040278
27.6395 -0.0409887
27.7395 -0.021781
27.8395 0.0478898
27.9395 0.0816919
28.0395 0.057208
28.1395 0.0943909
28.2395 0.180272
28.3395 0.260797
28.4395 0.329429
28.5395 0.404087
28.6395 0.435803
28.7395 0.43709
28.8395 0.430151
28.9395 0.383596
29.0395 0.276748
29.1395 0.175742
29.2395 0.141437
29.3395 0.137617
29.4395 0.159051
29.5395 0.138436
29.6395 0.0708047
29.7395 0.0293313
29.8395 0.0425967
29.9395 0.048999
30.0395 0.0239875
30.1395 0.00651401
30.2395 -0.0223272
30.3395 -0.0748367
30.4395 -0.116099
30.5395 -0.124649
30.6395 -0.106599
30.7395 -0.00882522
30.8395 0.164052
30.9395 0.37542
31.0395 0.601213
31.1395 0.714211
31.2395 0.710021
31.3395 0.698131
31.4395 0.68882
31.5395 0.701353
31.6395 0.701562
31.7395 0.661334
31.8395 0.606218
31.9395 0.568223
32.0395 0.563409
32.1395 0.591974
32.2395 0.551804
32.3395 0.410313
32.4395 0.153082
32.5395 -0.162025
32.6395 -0.446195
32.7395 -0.678702
32.8395 -0.863559
32.9395 -1.02041
33.0395 -1.12046
33.1395 -1.10168
33.2395 -0.910532
33.3395 -0.608861
33.4395 -0.308223
33.5395 0.00184548
33.6395 0.349115
33.7395 0.702767
33.8395 0.999356
33.9395 1.18582
34.0395 1.23123
34.1395 1.24957
34.2395 1.2011
34.3395 1.04726
34.4395 0.882284
34.5395 0.785638
34.6395 0.757038
34.7395 0.758173
34.8395 0.764156
34.9395 0.836966
35.0395 0.859593
35.1395 0.684916
35.2395 0.236713
35.3395 -0.537739
35.4395 -1.68447
35.5395 -3.18401
35.6395 -4.76085
35.7395 -5.9159
35.8395 -6.05633
35.9395 -4.83443
36.0395 -2.12036
36.1395 2.1507
36.2395 8.07133
36.3395 14.876
36.4395 20.7995
36.5395 23.8889
36.6395 22.7714
36.7395 15.922
36.8395 1.56096
36.9395 -20.3606
37.0395 -45.4503
37.1395 -65.4994
37.2395 -74.0911
37.3395 -70.2778
37.4395 -55.9618
37.5395 -31.6982
37.6395 0.213537
37.7395 35.1187
37.8395 66.7971
37.9395 89.2274
38.0395 99.3639
38.1395 95.6267
38.2395 74.9947
38.3395 40.5783
38.4395 2.11295
38.5395 -30.7582
38.6395 -54.5645
38.7395 -69.632
38.8395 -77.0206
38.9395 -77.0998
39.0395 -71.1771
39.1395 -61.3375
39.2395 -49.1449
39.3395 -35.3176
39.4395 -20.3056
39.5395 -4.76888
39.6395 10.3652
39.7395 24.2971
39.8395 36.2947
39.9395 45.5787
40.0395 51.4283
40.1395 53.6464
40.2395 52.6977
40.3395 49.1754
40.4395 43.4176
40.5395 35.605
40.6395 25.8596
40.7395 14.348
40.8395 1.80446
40.9395 -10.3766
41.0395 -20.7617
41.1395 -28.458
41.2395 -33.3318
41.3395 -35.747
41.4395 -36.4452
41.5395 -36.2198
41.6395 -35.3922
41.7395 -33.7887
41.8395 -31.0657
41.9395 -27.0296
42.0395 -21.7388
42.1395 -15.5891
42.2395 -9.24116
42.3395 -3.31892
42.4395 1.9522
42.5395 6.68389
42.6395 11.0731
42.7395 15.2725
42.8395 19.2625
42.9395 22.8149
43.0395 25.577
43.1395 27.184
43.2395 27.5069
43.3395 26.6036
43.4395 24.7764
43.5395 22.324
43.6395 19.4363
43.7395 16.1313
43.8395 12.3204
43.9395 7.94977
44.0395 3.12955
44.1395 -1.84811
44.2395 -6.57362
44.3395 -10.7086
44.4395 -14.0637
44.5395 -16.578
44.6395 -18.3594
44.7395 -19.5668
44.8395 -20.2742
44.9395 -20.4464
45.0395 -20.0975
45.1395 -19.2846
45.2395 -18.1157
45.3395 -16.7534
45.4395 -15.3357
45.5395 -13.7925
45.6395 -11.9499
45.7395 -9.62712
45.8395 -6.72434
45.9395 -3.3052
46.0395 0.388289
46.1395 3.9882
46.2395 7.17675
46.3395 9.88265
46.4395 12.1589
46.5395 14.0596
46.6395 15.6217
46.7395 16.7766
46.8395 17.4616
46.9395 17.6128
47.0395 17.1663
47.1395 16.1704
47.2395 14.7897
47.3395 13.2512
47.4395 11.72
47.5395 10.1646
47.6395 8.48956
47.7395 6.58513
47.8395 4.37853
47.9395 1.83824
48.0395 -0.86335
48.1395 -3.44294
48.2395 -5.69252
48.3395 -7.60225
48.4395 -9.26545
48.5395 -10.7056
48.6395 -12.027
48.7395 -13.3207
48.8395 -14.5493
48.9395 -15.5962
49.0395 -16.3335
49.1395 -16.6517
49.2395 -16.4133
49.3395 -15.5284
49.4395 -13.9068
49.5395 -11.5735
49.6395 -8.6135
49.7395 -5.22647
49.8395 -1.72322
49.9395 1.49408
50.0395 4.03779
50.1395 5.68331
50.2395 6.39444
50.3395 6.36638
50.4395 5.99475
50.5395 5.64229
50.6395 5.53455
50.7395 5.76688
50.8395 6.32378
50.9395 7.13608
51.0395 8.07825
51.1395 9.05403
51.2395 10.0036
51.3395 10.9114
51.4395 11.7072
51.5395 12.2514
51.6395 12.4153
51.7395 12.1246
51.8395 11.3462
51.9395 10.1058
52.0395 8.45051
52.1395 6.54297
52.2395 4.46669
52.3395 2.27102
52.4395 0.00938574
52.5395 -2.3057
52.6395 -4.63515
52.7395 -6.92639
52.8395 -9.10264
52.9395 -11.1196
53.0395 -12.9076
53.1395 -14.3242
53.2395 -15.2205
53.3395 -15.5283
53.4395 -15.2695
53.5395 -14.4822
53.6395 -13.221
53.7395 -11.6287
53.8395 -9.8694
53.9395 -8.07283
54.0395 -6.35942
54.1395 -4.79966
54.2395 -3.49269
54.3395 -2.42152
54.4395 -1.4459
54.5395 -0.403865
54.6395 0.806557
54.7395 2.24305
54.8395 3.94005
54.9395 5.84678
55.0395 7.80733
55.1395 9.62697
55.2395 11.1675
55.3395 12.3002
55.4395 12.852
55.5395 12.7951
55.6395 12.2226
55.7395 11.2737
55.8395 10.1156
55.9395 8.83294
56.0395 7.54563
56.1395 6.33505
56.2395 5.14493
56.3395 3.94836
56.4395 2.72425
56.5395 1.52705
56.6395 0.437477
56.7395 -0.528574
56.8395 -1.3483
56.9395 -2.00933
57.0395 -2.57893
57.1395 -3.08288
57.2395 -3.50919
57.3395 -3.827
57.4395 -4.07783
57.5395 -4.30935
57.6395 -4.54656
57.7395 -4.83347
57.8395 -5.21988
57.9395 -5.7324
58.0395 -6.38125
58.1395 -7.02868
58.2395 -7.51554
58.3395 -7.76685
58.4395 -7.74269
58.5395 -7.46048
58.6395 -7.00569
58.7395 -6.39732
58.8395 -5.68293
58.9395 -4.96268
59.0395 -4.25821
59.1395 -3.4996
59.2395 -2.58088
59.3395 -1.47288
59.4395 -0.197873
59.5395 1.19394
59.6395 2.62894
59.7395 4.04312
59.8395 5.36521
59.9395 6.4909
60.0395 7.28409
60.1395 7.71016
60.2395 7.8608
60.3395 7.864
60.4395 7.77666
60.5395 7.63818
60.6395 7.51762
60.7395 7.4257
60.8395 7.28411
60.9395 6.98684
61.0395 6.49251
61.1395 5.87705
61.2395 5.21938
61.3395 4.50188
61.4395 3.69967
61.5395 2.82224
61.6395 1.9093
61.7395 0.936816
61.8395 -0.0712539
61.9395 -1.12885
62.0395 -2.18632
62.1395 -3.19199
62.2395 -4.10807
62.3395 -4.90823
62.4395 -5.61233
62.5395 -6.25412
62.6395 -6.80341
62.7395 -7.1578
62.8395 -7.31528
62.9395 -7.31622
63.0395 -7.08757
63.1395 -6.66775
63.2395 -6.09062
63.3395 -5.42961
63.4395 -4.74371
63.5395 -4.11648
63.6395 -3.55412
63.7395 -2.9928
63.8395 -2.43569
63.9395 -1.86223
64.0395 -1.25956
64.1395 -0.591322
64.2395 0.116657
64.3395 0.814456
64.4395 1.49869
64.5395 2.17295
64.6395 2.83821
64.7395 3.47903
64.8395 4.03854
64.9395 4.49115
65.0395 4.78995
65.1395 4.94321
65.2395 4.9223
65.3395 4.76927
65.4395 4.55994
65.5395 4.36247
65.6395 4.25872
65.7395 4.21649
65.8395 4.16929
65.9395 4.08561
66.0395 3.99331
66.1395 3.87235
66.2395 3.71263
66.3395 3.50036
66.4395 3.161
66.5395 2.67559
66.6395 2.1564
66.7395 1.59772
66.8395 1.04495
66.9395 0.522634
67.0395 0.056854
67.1395 -0.348282
67.2395 -0.668522
67.3395 -0.989953
67.4395 -1.38907
67.5395 -1.82095
67.6395 -2.24526
67.7395 -2.65341
67.8395 -3.02426
67.9395 -3.40364
68.0395 -3.79318
68.1395 -4.11501
68.2395 -4.34487
68.3395 -4.4756
68.4395 -4.49214
68.5395 -4.45311
68.6395 -4.41408
68.7395 -4.27857
68.8395 -4.02427
68.9395 -3.71082
69.0395 -3.39464
69.1395 -3.05257
69.2395 -2.60268
69.3395 -2.05213
69.4395 -1.48923
69.5395 -0.953474
69.6395 -0.415567
69.7395 0.178742
69.8395 0.801218
69.9395 1.41216
70.0395 2.00109
70.1395 2.526
70.2395 3.01951
70.3395 3.40588
70.4395 3.65116
70.5395 3.69747
70.6395 3.52393
70.7395 3.20748
70.8395 2.90906
70.9395 2.78094
71.0395 2.94166
71.1395 3.46445
71.2395 4.28751
71.3395 5.29034
71.4395 6.27207
71.5395 6.91573
71.6395 6.92542
71.7395 6.10049
71.8395 4.3971
71.9395 1.9872
72.0395 -0.660976
72.1395 -3.07037
72.2395 -4.76882
72.3395 -5.40852
72.4395 -4.98693
72.5395 -3.60759
72.6395 -1.60873
72.7395 0.535371
72.8395 2.33489
72.9395 3.45114
73.0395 3.79784
73.1395 3.48731
73.2395 2.67035
73.3395 1.44675
73.4395 -0.0424363
73.5395 -1.6085
73.6395 -3.11974
73.7395 -4.50654
73.8395 -5.7184
73.9395 -6.67466
74.0395 -7.31871
74.1395 -7.57786
74.2395 -7.39983
74.3395 -6.81656
74.4395 -5.92272
74.5395 -4.84798
74.6395 -3.67378
74.7395 -2.47399
74.8395 -1.3777
74.9395 -0.388367
75.0395 0.498738
75.1395 1.25128
75.2395 1.85283
75.3395 2.34367
75.4395 2.69276
75.5395 2.91331
75.6395 3.02477
75.7395 3.0724
75.8395 3.11753
75.9395 3.22108
76.0395 3.31975
76.1395 3.40071
76.2395 3.4611
76.3395 3.52628
76.4395 3.59407
76.5395 3.69253
76.6395 3.79777
76.7395 3.87246
76.8395 3.88782
76.9395 3.77916
77.0395 3.50727
77.1395 3.05262
77.2395 2.43263
77.3395 1.76412
77.4395 1.11172
77.5395 0.519588
77.6395 0.0224361
77.7395 -0.344893
77.8395 -0.602313
77.9395 -0.727273
78.0395 -0.648039
78.1395 -0.406404
78.2395 -0.159723
78.3395 -0.0461842
78.4395 -0.149959
78.5395 -0.410926
78.6395 -0.778513
78.7395 -1.23647
78.8395 -1.78524
78.9395 -2.36561
79.0395 -2.87317
79.1395 -3.23394
79.2395 -3.38563
79.3395 -3.39289
79.4395 -3.33299
79.5395 -3.19204
79.6395 -2.98698
79.7395 -2.7216
79.8395 -2.47191
79.9395 -2.22472
80.0395 -1.99867
80.1395 -1.79181
80.2395 -1.60049
80.3395 -1.41752
80.4395 -1.21868
80.5395 -1.03175
80.6395 -0.809543
80.7395 -0.472556
80.8395 -0.0579888
80.9395 0.362708
81.0395 0.734169
81.1395 1.07386
81.2395 1.4404
81.3395 1.86695
81.4395 2.31198
81.5395 2.69475
81.6395 2.98496
81.7395 3.18731
81.8395 3.36128
81.9395 3.55968
82.0395 3.78108
82.1395 3.9479
82.2395 3.99114
82.3395 3.91415
82.4395 3.78559
82.5395 3.59533
82.6395 3.37414
82.7395 3.15675
82.8395 2.97911
82.9395 2.75168
83.0395 2.41311
83.1395 1.96957
83.2395 1.50488
83.3395 1.02503
83.4395 0.53175
83.5395 0.0456054
83.6395 -0.438884
83.7395 -0.930624
83.8395 -1.45638
83.9395 -2.02653
84.0395 -2.57392
84.1395 -3.05401
84.2395 -3.51789
84.3395 -3.87054
84.4395 -4.03882
84.5395 -4.05232
84.6395 -3.90592
84.7395 -3.63407
84.8395 -3.2636
84.9395 -2.82512
85.0395 -2.39053
85.1395 -2.05519
85.2395 -1.81367
85.3395 -1.63329
85.4395 -1.51665
85.5395 -1.41798
85.6395 -1.29128
85.7395 -1.13061
85.8395 -0.98834
85.9395 -0.819185
86.0395 -0.540259
86.1395 -0.129636
86.2395 0.396924
86.3395 0.975617
86.4395 1.50108
86.5395 1.99486
86.6395 2.43576
86.7395 2.79348
86.8395 3.03416
86.9395 3.13928
87.0395 3.21008
87.1395 3.28513
87.2395 3.33619
87.3395 3.34528
87.4395 3.3043
87.5395 3.23982
87.6395 3.10552
87.7395 2.95538
87.8395 2.70536
87.9395 2.40228
88.0395 2.04413
88.1395 1.62143
88.2395 1.17824
88.3395 0.757414
88.4395 0.428081
88.5395 0.218129
88.6395 0.0781849
88.7395 0.00147314
88.8395 -0.139315
88.9395 -0.416167
89.0395 -0.790093
89.1395 -1.14941
89.2395 -1.56542
89.3395 -1.97522
89.4395 -2.36483
89.5395 -2.63265
89.6395 -2.7152
89.7395 -2.57846
89.8395 -2.25005
89.9395 -1.86924
90.0395 -1.58934
90.1395 -1.42708
90.2395 -1.29367
90.3395 -1.15902
90.4395 -1.079
90.5395 -1.02628
90.6395 -1.00696
90.7395 -0.992691
90.8395 -0.938651
90.9395 -0.872717
91.0395 -0.746706
91.1395 -0.542788
91.2395 -0.254749
91.3395 0.093444
91.4395 0.468492
91.5395 0.804297
91.6395 1.06462
91.7395 1.19066
91.8395 1.18836
91.9395 1.13341
92.0395 1.12638
92.1395 1.12818
92.2395 1.16497
92.3395 1.15055
92.4395 1.14626
92.5395 1.16099
92.6395 1.24188
92.7395 1.31504
92.8395 1.34646
92.9395 1.30631
93.0395 1.27016
93.1395 1.21399
93.2395 1.08013
93.3395 0.934951
93.4395 0.792058
93.5395 0.617667
93.6395 0.491997
93.7395 0.324938
93.8395 0.202812
93.9395 0.190148
94.0395 0.257316
94.1395 0.316898
94.2395 0.343643
94.3395 0.339108
94.4395 0.317429
94.5395 0.232637
94.6395 0.0898267
94.7395 -0.11907
94.8395 -0.331403
94.9395 -0.473714
95.0395 -0.602724
95.1395 -0.699147
95.2395 -0.824559
95.3395 -0.984285
95.4395 -1.10942
95.5395 -1.17284
95.6395 -1.20265
95.7395 -1.15642
95.8395 -1.02899
95.9395 -0.862165
96.0395 -0.709039
96.1395 -0.490816
