-5.21663 0.452147
-5.11663 0.492194
-5.01663 0.583988
-4.91663 0.774772
-4.81663 0.75819
-4.71663 0.718079
-4.61663 0.669871
-4.51663 0.694439
-4.41663 0.738598
-4.31663 0.714801
-4.21663 0.584668
-4.11663 0.488022
-4.01663 0.415023
-3.91663 0.305641
-3.81663 0.218216
-3.71663 0.182005
-3.61663 0.143589
-3.51663 0.153941
-3.41663 0.0351118
-3.31663 -0.0744754
-3.21663 -0.285618
-3.11663 -0.458779
-3.01663 -0.525097
-2.91663 -0.55289
-2.81663 -0.595549
-2.71663 -0.582079
-2.61663 -0.49763
-2.51663 -0.349405
-2.41663 -0.124241
-2.31663 0.0198343
-2.21663 0.164551
-2.11663 0.226934
-2.01663 0.253003
-1.91663 0.291915
-1.81663 0.384696
-1.71663 0.448167
-1.61663 0.579879
-1.51663 0.73031
-1.41663 0.809942
-1.31663 0.857232
-1.21663 0.751687
-1.11663 0.600518
-1.01663 0.44112
-0.91663 0.312302
-0.81663 0.269513
-0.71663 0.275735
-0.61663 0.300723
-0.51663 0.283753
-0.41663 0.115144
-0.31663 -0.178561
-0.21663 -0.541039
-0.11663 -0.856991
-0.01663 -0.976831
0.08337 -0.845516
0.18337 -0.653435
0.28337 -0.367322
0.38337 -0.0672605
0.48337 0.217684
0.58337 0.431866
0.68337 0.641967
0.78337 0.758427
0.88337 0.809077
0.98337 0.741218
1.08337 0.5425
1.18337 0.327629
1.28337 0.278142
1.38337 0.332208
1.48337 0.43891
1.58337 0.568265
1.68337 0.618289
1.78337 0.642971
1.88337 0.627766
1.98337 0.681442
2.08337 0.673098
2.18337 0.565335
2.28337 0.502335
2.38337 0.508242
2.48337 0.544904
2.58337 0.518186
2.68337 0.552223
2.78337 0.496879
2.88337 0.351265
2.98337 0.254159
3.08337 0.0313825
3.18337 -0.318053
3.28337 -0.644767
3.38337 -0.860024
3.48337 -0.938349
3.58337 -0.985953
3.68337 -0.94664
3.78337 -0.881255
3.88337 -0.654348
3.98337 -0.314257
4.08337 0.044174
4.18337 0.416051
4.28337 0.647903
4.38337 0.681569
4.48337 0.714007
4.58337 0.752288
4.68337 0.874114
4.78337 0.916152
4.88337 0.901085
4.98337 0.811411
5.08337 0.680242
5.18337 0.568872
5.28337 0.510702
5.38337 0.412141
5.48337 0.204654
5.58337 0.0222376
5.68337 -0.0906461
5.78337 -0.0908244
5.88337 0.0010685
5.98337 0.151371
6.08337 0.302924
6.18337 0.477173
6.28337 0.679973
6.38337 0.893516
6.48337 1.02752
6.58337 1.0939
6.68337 1.05998
6.78337 0.948927
6.88337 0.705455
6.98337 0.487741
7.08337 0.291992
7.18337 0.1027
7.28337 -0.0448054
7.38337 -0.146488
7.48337 -0.272039
7.58337 -0.381985
7.68337 -0.372798
7.78337 -0.367479
7.88337 -0.449853
7.98337 -0.570302
8.08337 -0.635361
8.18337 -0.578749
8.28337 -0.342581
8.38337 -0.0367697
8.48337 0.292528
8.58337 0.55849
8.68337 0.702086
8.78337 0.732085
8.88337 0.646817
8.98337 0.492914
9.08337 0.24625
9.18337 0.0113429
9.28337 -0.118154
9.38337 -0.0968775
9.48337 -0.0136625
9.58337 0.155715
9.68337 0.382316
9.78337 0.583943
9.88337 0.661812
9.98337 0.664812
10.0834 0.589851
10.1834 0.461176
10.2834 0.364704
10.3834 0.365898
10.4834 0.36172
10.5834 0.282034
10.6834 0.253854
10.7834 0.309844
10.8834 0.337842
10.9834 0.353983
11.0834 0.308835
11.1834 0.199848
11.2834 0.129213
11.3834 0.16344
11.4834 0.362389
11.5834 0.62771
11.6834 0.892559
11.7834 1.06647
11.8834 1.20505
11.9834 1.28394
12.0834 1.25953
12.1834 1.06671
12.2834 0.739807
12.3834 0.343361
12.4834 -0.0950672
12.5834 -0.512953
12.6834 -0.852305
12.7834 -1.06824
12.8834 -1.17809
12.9834 -1.17278
13.0834 -1.07908
13.1834 -0.956742
13.2834 -0.77909
13.3834 -0.616982
13.4834 -0.515424
13.5834 -0.327262
13.6834 -0.061218
13.7834 0.16902
13.8834 0.367562
13.9834 0.538664
14.0834 0.655672
14.1834 0.736551
14.2834 0.868581
14.3834 1.09637
14.4834 1.28433
14.5834 1.35498
14.6834 1.34771
14.7834 1.24795
14.8834 1.10215
14.9834 0.972294
15.0834 0.813356
15.1834 0.57828
15.2834 0.270714
15.3834 -0.00764593
15.4834 -0.221817
15.5834 -0.335657
15.6834 -0.280067
15.7834 -0.135627
15.8834 -0.00870398
15.9834 0.0926026
16.0834 0.218835
16.1834 0.329157
16.2834 0.377899
16.3834 0.409802
16.4834 0.359308
16.5834 0.3064
16.6834 0.314622
16.7834 0.371857
16.8834 0.397439
16.9834 0.405981
17.0834 0.432178
17.1834 0.492665
17.2834 0.667688
17.3834 0.916616
17.4834 1.13437
17.5834 1.16583
17.6834 1.01805
17.7834 0.757586
17.8834 0.406185
17.9834 -0.0671457
18.0834 -0.611108
18.1834 -1.1133
18.2834 -1.4444
18.3834 -1.53996
18.4834 -1.40158
18.5834 -1.13916
18.6834 -0.882367
18.7834 -0.634111
18.8834 -0.395185
18.9834 -0.0705948
19.0834 0.315647
19.1834 0.623846
19.2834 0.768573
19.3834 0.777238
19.4834 0.825581
19.5834 0.941854
19.6834 1.13707
19.7834 1.36013
19.8834 1.44417
19.9834 1.40809
20.0834 1.36815
20.1834 1.39637
20.2834 1.50133
20.3834 1.60446
20.4834 1.59792
20.5834 1.48713
20.6834 1.19445
20.7834 0.583522
20.8834 -0.539066
20.9834 -2.22568
21.0834 -4.49244
21.1834 -7.15827
21.2834 -9.66662
21.3834 -11.0207
21.4834 -10.3009
21.5834 -7.11264
21.6834 -1.34222
21.7834 7.33901
21.8834 18.8169
21.9834 31.2169
22.0834 40.4256
22.1834 43.1659
22.2834 37.558
22.3834 20.4378
22.4834 -10.4534
22.5834 -51.0502
22.6834 -90.3975
22.7834 -115.173
22.8834 -119.371
22.9834 -105.205
23.0834 -75.8886
23.1834 -34.4322
23.2834 13.746
23.3834 62.2129
23.4834 104.876
23.5834 135.717
23.6834 149.313
23.7834 141.842
23.8834 111.922
23.9834 65.1929
24.0834 13.1588
24.1834 -33.2126
24.2834 -69.5426
24.3834 -96.0378
24.4834 -112.894
24.5834 -118.857
24.6834 -114.485
24.7834 -102.441
24.8834 -85.4575
24.9834 -65.2713
25.0834 -42.8862
25.1834 -19.3412
25.2834 4.08575
25.3834 26.4053
25.4834 46.875
25.5834 64.7971
25.6834 79.2021
25.7834 88.8107
25.8834 92.8175
25.9834 90.9755
26.0834 83.6961
26.1834 71.8018
26.2834 56.1049
26.3834 37.7607
26.4834 18.5332
26.5834 0.203784
26.6834 -16.227
26.7834 -30.4261
26.8834 -42.4826
26.9834 -52.7189
27.0834 -61.5045
27.1834 -68.6596
27.2834 -73.2455
27.3834 -74.2022
27.4834 -70.8442
27.5834 -63.3012
27.6834 -52.4544
27.7834 -39.4668
27.8834 -25.8653
27.9834 -12.9543
28.0834 -1.11368
28.1834 9.78651
28.2834 19.8448
28.3834 29.0282
28.4834 37.173
28.5834 44.0347
28.6834 49.2374
28.7834 52.5404
28.8834 53.7188
28.9834 52.9063
29.0834 50.3494
29.1834 46.358
29.2834 41.0671
29.3834 34.3604
29.4834 26.202
29.5834 16.8572
29.6834 6.96298
29.7834 -2.73294
29.8834 -11.4395
29.9834 -18.7061
30.0834 -24.4706
30.1834 -29.0479
30.2834 -32.7127
30.3834 -35.6263
30.4834 -37.8152
30.5834 -39.1377
30.6834 -39.4507
30.7834 -38.6321
30.8834 -36.7536
30.9834 -34.0131
31.0834 -30.5104
31.1834 -26.3151
31.2834 -21.4702
31.3834 -16.1376
31.4834 -10.4251
31.5834 -4.52574
31.6834 1.26278
31.7834 6.67061
31.8834 11.5879
31.9834 16.1104
32.0834 20.2748
32.1834 24.1394
32.2834 27.7205
32.3834 30.8225
32.4834 33.1673
32.5834 34.4336
32.6834 34.4095
32.7834 33.078
32.8834 30.6609
32.9834 27.4174
33.0834 23.6502
33.1834 19.5393
33.2834 15.0987
33.3834 10.3636
33.4834 5.49533
33.5834 0.639988
33.6834 -3.96601
33.7834 -8.11424
33.8834 -11.7307
33.9834 -14.8508
34.0834 -17.5676
34.1834 -20.0065
34.2834 -22.3516
34.3834 -24.6647
34.4834 -26.8931
34.5834 -28.7296
34.6834 -29.9079
34.7834 -30.2232
34.8834 -29.3279
34.9834 -27.1232
35.0834 -23.6407
35.1834 -18.9454
35.2834 -13.24
35.3834 -7.01872
35.4834 -1.0194
35.5834 3.99503
35.6834 7.60986
35.7834 9.75893
35.8834 10.5327
35.9834 10.331
36.0834 9.71524
36.1834 9.24782
36.2834 9.24162
36.3834 9.80199
36.4834 10.9017
36.5834 12.4612
36.6834 14.2198
36.7834 15.9927
36.8834 17.6469
36.9834 19.0867
37.0834 20.2678
37.1834 21.1061
37.2834 21.4509
37.3834 21.107
37.4834 19.8942
37.5834 17.8749
37.6834 15.2285
37.7834 12.1011
37.8834 8.53187
37.9834 4.58097
38.0834 0.372767
38.1834 -4.04189
38.2834 -8.48112
38.3834 -12.887
38.4834 -17.1675
38.5834 -20.9879
38.6834 -24.0065
38.7834 -26.0638
38.8834 -27.1256
38.9834 -27.1947
39.0834 -26.3791
39.1834 -24.7235
39.2834 -22.4461
39.3834 -19.9007
39.4834 -17.2163
39.5834 -14.3363
39.6834 -11.3869
39.7834 -8.58389
39.8834 -6.10965
39.9834 -3.92262
40.0834 -1.83058
40.1834 0.335775
40.2834 2.71993
40.3834 5.38219
40.4834 8.3007
40.5834 11.2975
40.6834 14.2058
40.7834 16.7803
40.8834 18.8324
40.9834 20.2105
41.0834 20.7486
41.1834 20.4637
41.2834 19.499
41.3834 18.1033
41.4834 16.4881
41.5834 14.7448
41.6834 12.8126
41.7834 10.7384
41.8834 8.64938
41.9834 6.67157
42.0834 4.82376
42.1834 3.11712
42.2834 1.52672
42.3834 -0.0356432
42.4834 -1.50676
42.5834 -2.79203
42.6834 -3.82065
42.7834 -4.69457
42.8834 -5.45256
42.9834 -6.10385
43.0834 -6.72373
43.1834 -7.35944
43.2834 -8.10477
43.3834 -8.98022
43.4834 -9.92411
43.5834 -10.896
43.6834 -11.7603
43.7834 -12.4381
43.8834 -12.8126
43.9834 -12.6826
44.0834 -12.105
44.1834 -11.2417
44.2834 -10.1562
44.3834 -8.98906
44.4834 -7.95029
44.5834 -7.15428
44.6834 -6.52617
44.7834 -5.87341
44.8834 -4.89641
44.9834 -3.49976
45.0834 -1.68934
45.1834 0.486964
45.2834 2.82334
45.3834 5.12162
45.4834 7.16355
45.5834 8.78918
45.6834 9.98625
45.7834 10.8143
45.8834 11.4085
45.9834 11.8278
46.0834 12.0855
46.1834 12.2227
46.2834 12.2875
46.3834 12.2364
46.4834 12.1121
46.5834 11.8385
46.6834 11.403
46.7834 10.8524
46.8834 10.2257
46.9834 9.4713
47.0834 8.5078
47.1834 7.30307
47.2834 5.82768
47.3834 4.07862
47.4834 2.02221
47.5834 -0.199763
47.6834 -2.34836
47.7834 -4.22079
47.8834 -5.7583
47.9834 -7.11602
48.0834 -8.46088
48.1834 -9.77688
48.2834 -10.9281
48.3834 -11.7591
48.4834 -12.2051
48.5834 -12.3014
48.6834 -12.1227
48.7834 -11.7375
48.8834 -11.126
48.9834 -10.4117
49.0834 -9.57619
49.1834 -8.59393
49.2834 -7.47213
49.3834 -6.28859
49.4834 -5.04984
49.5834 -3.83145
49.6834 -2.66519
49.7834 -1.59591
49.8834 -0.545272
49.9834 0.458482
50.0834 1.289
50.1834 1.95737
50.2834 2.53541
50.3834 3.18428
50.4834 3.93681
50.5834 4.69801
50.6834 5.42569
50.7834 6.10461
50.8834 6.70726
50.9834 7.20918
51.0834 7.59312
51.1834 7.85735
51.2834 8.04806
51.3834 8.11003
51.4834 8.04764
51.5834 7.85402
51.6834 7.59401
51.7834 7.31899
51.8834 7.02163
51.9834 6.62629
52.0834 6.08927
52.1834 5.46115
52.2834 4.85541
52.3834 4.26636
52.4834 3.69188
52.5834 3.06997
52.6834 2.42029
52.7834 1.66998
52.8834 0.899914
52.9834 0.0886138
53.0834 -0.794392
53.1834 -1.8546
53.2834 -2.96826
53.3834 -3.99684
53.4834 -4.8551
53.5834 -5.62498
53.6834 -6.3266
53.7834 -6.94327
53.8834 -7.50579
53.9834 -7.98478
54.0834 -8.33981
54.1834 -8.51243
54.2834 -8.57475
54.3834 -8.51634
54.4834 -8.30451
54.5834 -7.86946
54.6834 -7.27064
54.7834 -6.57549
54.8834 -5.86274
54.9834 -5.17289
55.0834 -4.39265
55.1834 -3.49658
55.2834 -2.47454
55.3834 -1.36254
55.4834 -0.106033
55.5834 1.29614
55.6834 2.72391
55.7834 4.01531
55.8834 5.01053
55.9834 5.55747
56.0834 5.66788
56.1834 5.4379
56.2834 4.89822
56.3834 4.22478
56.4834 3.78994
56.5834 3.87983
56.6834 4.65598
56.7834 6.23476
56.8834 8.48677
56.9834 10.9407
57.0834 12.9024
57.1834 13.8176
57.2834 13.3671
57.3834 11.2958
57.4834 7.63245
57.5834 2.84628
57.6834 -1.94134
57.7834 -5.59684
57.8834 -7.46283
57.9834 -7.34907
58.0834 -5.3915
58.1834 -2.22339
58.2834 1.2893
58.3834 4.3418
58.4834 6.42668
58.5834 7.23282
58.6834 6.73684
58.7834 5.17909
58.8834 2.87677
58.9834 0.251724
59.0834 -2.37639
59.1834 -4.83716
59.2834 -7.12736
59.3834 -9.1827
59.4834 -10.8327
59.5834 -11.9353
59.6834 -12.3733
59.7834 -12.2291
59.8834 -11.6623
59.9834 -10.7542
60.0834 -9.60611
60.1834 -8.34685
60.2834 -7.03901
60.3834 -5.71056
60.4834 -4.28083
60.5834 -2.80529
60.6834 -1.3637
60.7834 -0.0813018
60.8834 1.00931
60.9834 1.88527
61.0834 2.52336
61.1834 3.02458
61.2834 3.53231
61.3834 4.15419
61.4834 4.81956
61.5834 5.39877
61.6834 5.82402
61.7834 6.07405
61.8834 6.19889
61.9834 6.23298
62.0834 6.31496
62.1834 6.53557
62.2834 6.89655
62.3834 7.37636
62.4834 7.83521
62.5834 8.03351
62.6834 7.77617
62.7834 7.11434
62.8834 6.08746
62.9834 4.73831
63.0834 3.21894
63.1834 1.7774
63.2834 0.637417
63.3834 -0.0264881
63.4834 -0.254563
63.5834 -0.108799
63.6834 0.203056
63.7834 0.476706
63.8834 0.554222
63.9834 0.305389
64.0834 -0.322635
64.1834 -1.29821
64.2834 -2.52902
64.3834 -3.81163
64.4834 -4.88069
64.5834 -5.63911
64.6834 -6.12137
64.7834 -6.33598
64.8834 -6.25342
64.9834 -5.84961
65.0834 -5.20517
65.1834 -4.50018
65.2834 -3.86478
65.3834 -3.39228
65.4834 -3.15862
65.5834 -3.11275
65.6834 -3.1631
65.7834 -3.29976
65.8834 -3.43473
65.9834 -3.38546
66.0834 -3.1576
66.1834 -2.87277
66.2834 -2.52897
66.3834 -2.18372
66.4834 -1.89113
66.5834 -1.5848
66.6834 -1.14402
66.7834 -0.455713
66.8834 0.3779
66.9834 1.2555
67.0834 2.14816
67.1834 3.10942
67.2834 4.07294
67.3834 4.86476
67.4834 5.47037
67.5834 5.92478
67.6834 6.25249
67.7834 6.53675
67.8834 6.797
67.9834 6.98616
68.0834 7.06923
68.1834 7.07078
68.2834 7.03203
68.3834 6.86652
68.4834 6.54665
68.5834 6.1031
68.6834 5.5326
68.7834 4.78014
68.8834 3.90003
68.9834 2.88453
69.0834 1.80052
69.1834 0.646739
69.2834 -0.503841
69.3834 -1.51687
69.4834 -2.38006
69.5834 -3.1458
69.6834 -3.75011
69.7834 -4.23411
69.8834 -4.70435
69.9834 -5.19108
70.0834 -5.60905
70.1834 -5.88331
70.2834 -6.05095
70.3834 -6.06327
70.4834 -5.87334
70.5834 -5.50252
70.6834 -5.03908
70.7834 -4.50202
70.8834 -3.99746
70.9834 -3.51706
71.0834 -3.03783
71.1834 -2.53161
71.2834 -2.05365
71.3834 -1.64645
71.4834 -1.35386
71.5834 -1.18318
71.6834 -0.992782
71.7834 -0.671301
71.8834 -0.259243
71.9834 0.0947716
72.0834 0.393614
72.1834 0.787281
72.2834 1.31262
72.3834 1.86585
72.4834 2.45714
72.5834 3.05484
72.6834 3.60606
72.7834 4.06842
72.8834 4.45169
72.9834 4.78068
73.0834 4.98668
73.1834 5.10444
73.2834 5.18574
73.3834 5.13013
73.4834 4.84573
73.5834 4.44839
73.6834 4.02349
73.7834 3.55278
73.8834 3.09915
73.9834 2.68738
74.0834 2.35769
74.1834 2.06012
74.2834 1.86038
74.3834 1.75145
74.4834 1.54392
74.5834 1.09271
74.6834 0.481818
74.7834 -0.223778
74.8834 -0.950764
74.9834 -1.70789
75.0834 -2.37022
75.1834 -2.93859
75.2834 -3.24896
75.3834 -3.3339
75.4834 -3.12696
75.5834 -2.79855
75.6834 -2.42655
75.7834 -2.17531
75.8834 -1.97108
75.9834 -1.82223
76.0834 -1.65656
76.1834 -1.43796
76.2834 -1.24531
76.3834 -1.15999
76.4834 -1.14995
76.5834 -1.16584
76.6834 -1.15423
76.7834 -1.05242
76.8834 -0.979562
76.9834 -0.984097
77.0834 -1.04246
77.1834 -1.10583
77.2834 -1.10996
77.3834 -1.07624
77.4834 -0.95999
77.5834 -0.813048
77.6834 -0.626607
77.7834 -0.400292
77.8834 -0.115371
77.9834 0.184691
78.0834 0.516883
78.1834 0.831659
78.2834 1.11638
78.3834 1.39488
78.4834 1.71638
78.5834 2.05051
78.6834 2.30592
78.7834 2.4592
78.8834 2.49309
78.9834 2.35082
79.0834 2.11685
79.1834 1.98763
79.2834 1.93055
79.3834 1.93424
79.4834 1.91323
79.5834 1.87432
79.6834 1.85066
79.7834 1.8482
79.8834 1.78708
79.9834 1.6714
80.0834 1.43412
80.1834 1.18321
80.2834 0.845992
80.3834 0.455054
80.4834 0.144324
80.5834 -0.156022
80.6834 -0.360123
80.7834 -0.463429
80.8834 -0.480145
80.9834 -0.552873
81.0834 -0.748319
81.1834 -0.898246
81.2834 -0.988234
81.3834 -1.0782
81.4834 -1.12543
81.5834 -1.17582
81.6834 -1.13913
81.7834 -1.09579
81.8834 -1.01909
81.9834 -0.98595
82.0834 -0.952504
82.1834 -0.919122
82.2834 -0.919491
82.3834 -0.876848
82.4834 -0.880806
82.5834 -0.839589
82.6834 -0.854103
82.7834 -0.877143
82.8834 -0.982498
82.9834 -1.01528
83.0834 -0.965709
83.1834 -0.803472
83.2834 -0.570658
83.3834 -0.349295
83.4834 -0.181634
83.5834 -0.0204793
83.6834 0.242443
83.7834 0.445719
83.8834 0.618478
83.9834 0.753801
84.0834 0.88662
84.1834 1.01021
84.2834 1.11434
84.3834 1.1719
84.4834 1.17416
84.5834 1.16084
84.6834 1.1295
84.7834 1.07439
84.8834 1.12162
84.9834 1.21308
85.0834 1.24588
85.1834 1.23569
85.2834 1.10431
85.3834 0.903852
85.4834 0.705353
85.5834 0.466033
85.6834 0.268623
85.7834 0.149184
85.8834 0.0686422
85.9834 -0.0618932
86.0834 -0.0387433
86.1834 -0.0155846
86.2834 0.0141613
86.3834 0.0420572
86.4834 0.11602
86.5834 0.342742
86.6834 0.584852
86.7834 0.826996
86.8834 0.914923
86.9834 0.914494
87.0834 0.747049
87.1834 0.496043
87.2834 0.134674
87.3834 -0.269818
87.4834 -0.637277
87.5834 -0.888035
87.6834 -1.09054
87.7834 -1.13217
87.8834 -1.13554
87.9834 -0.993776
88.0834 -0.82012
88.1834 -0.693004
88.2834 -0.62161
88.3834 -0.494711
88.4834 -0.328848
88.5834 -0.194757
88.6834 -0.198101
88.7834 -0.124877
88.8834 -0.150853
88.9834 -0.148121
89.0834 -0.0990423
89.1834 0.0430056
89.2834 0.098436
89.3834 0.0443908
89.4834 -0.0669382
89.5834 -0.081305
89.6834 -0.114796
89.7834 -0.210613
89.8834 -0.250659
89.9834 -0.205317
90.0834 -0.113709
90.1834 0.0197708
90.2834 0.130594
90.3834 0.306821
90.4834 0.443173
90.5834 0.524053
90.6834 0.591363
90.7834 0.56041
90.8834 0.525821
90.9834 0.506269
91.0834 0.438212
91.1834 0.426137
91.2834 0.42342
91.3834 0.441901
91.4834 0.507133
91.5834 0.564952
91.6834 0.669105
91.7834 0.781852
91.8834 0.846271
91.9834 0.768864
92.0834 0.542639
92.1834 0.296671
92.2834 0.132825
92.3834 -0.0546927
92.4834 -0.219805
92.5834 -0.301526
92.6834 -0.304751
92.7834 -0.300457
92.8834 -0.300988
92.9834 -0.210097
93.0834 -0.193315
93.1834 -0.175954
93.2834 -0.143835
93.3834 -0.155459
93.4834 -0.158439
93.5834 -0.225739
93.6834 -0.251146
93.7834 -0.307855
93.8834 -0.304823
93.9834 -0.281853
94.0834 -0.253481
94.1834 -0.22428
94.2834 -0.21507
94.3834 -0.150496
94.4834 -0.151448
94.5834 -0.159258
94.6834 -0.183139
94.7834 -0.240198
94.8834 -0.265813
94.9834 -0.212111
95.0834 -0.219553
95.1834 -0.19018
95.2834 -0.259006
95.3834 -0.363959
95.4834 -0.425987
95.5834 -0.463416
95.6834 -0.410393
95.7834 -0.304456
95.8834 -0.143096
95.9834 0.0730428
96.0834 0.266965
96.1834 0.439045
96.2834 0.562603
96.3834 0.596264
96.4834 0.507013
96.5834 0.406862
96.6834 0.308329
96.7834 0.243808
96.8834 0.229173
96.9834 0.268741
97.0834 0.324591
