-7.73826 0.438865
-7.63826 0.417117
-7.53826 0.395296
-7.43826 0.306502
-7.33826 0.195233
-7.23826 0.154143
-7.13826 0.0908026
-7.03826 0.0892932
-6.93826 0.135877
-6.83826 0.193078
-6.73826 0.214334
-6.63826 0.201701
-6.53826 0.187381
-6.43826 0.123436
-6.33826 0.0761432
-6.23826 -0.024515
-6.13826 -0.170644
-6.03826 -0.289989
-5.93826 -0.347683
-5.83826 -0.36386
-5.73826 -0.334663
-5.63826 -0.282112
-5.53826 -0.242676
-5.43826 -0.175564
-5.33826 -0.143446
-5.23826 -0.0953785
-5.13826 -0.0274585
-5.03826 0.0206387
-4.93826 0.0850994
-4.83826 0.208838
-4.73826 0.345329
-4.63826 0.494766
-4.53826 0.599278
-4.43826 0.707321
-4.33826 0.843016
-4.23826 0.960347
-4.13826 1.00563
-4.03826 0.987284
-3.93826 0.822393
-3.83826 0.546664
-3.73826 0.153728
-3.63826 -0.161988
-3.53826 -0.566095
-3.43826 -0.845557
-3.33826 -1.03398
-3.23826 -1.09708
-3.13826 -0.988192
-3.03826 -0.760846
-2.93826 -0.373204
-2.83826 0.136515
-2.73826 0.5662
-2.63826 0.987472
-2.53826 1.25208
-2.43826 1.37866
-2.33826 1.40907
-2.23826 1.34008
-2.13826 1.18881
-2.03826 0.975545
-1.93826 0.696587
-1.83826 0.393105
-1.73826 0.0221177
-1.63826 -0.35126
-1.53826 -0.721872
-1.43826 -1.00665
-1.33826 -1.22182
-1.23826 -1.36159
-1.13826 -1.40575
-1.03826 -1.37933
-0.938256 -1.1946
-0.838256 -0.942472
-0.738256 -0.721144
-0.638256 -0.437787
-0.538256 -0.160108
-0.438256 0.11565
-0.338256 0.387134
-0.238256 0.623992
-0.138256 0.860937
-0.038256 1.03593
0.061744 1.21974
0.161744 1.35359
0.261744 1.36746
0.361744 1.28696
0.461744 1.17034
0.561744 0.966169
0.661744 0.718645
0.761744 0.415014
0.861744 0.264407
0.961744 0.238873
1.06174 0.293168
1.16174 0.354691
1.26174 0.394821
1.36174 0.369428
1.46174 0.314322
1.56174 0.214021
1.66174 0.0785526
1.76174 -0.114771
1.86174 -0.337085
1.96174 -0.516619
2.06174 -0.659239
2.16174 -0.765795
2.26174 -0.779323
2.36174 -0.643628
2.46174 -0.341163
2.56174 0.0445103
2.66174 0.383353
2.76174 0.650784
2.86174 0.867847
2.96174 1.03531
3.06174 1.09847
3.16174 0.991041
3.26174 0.658027
3.36174 0.264703
3.46174 -0.0705948
3.56174 -0.398873
3.66174 -0.638035
3.76174 -0.80744
3.86174 -0.900638
3.96174 -0.888049
4.06174 -0.776279
4.16174 -0.64826
4.26174 -0.480497
4.36174 -0.331333
4.46174 -0.211222
4.56174 -0.136994
4.66174 -0.0464162
4.76174 0.107508
4.86174 0.281016
4.96174 0.455428
5.06174 0.622584
5.16174 0.791204
5.26174 0.99932
5.36174 1.16392
5.46174 1.31049
5.56174 1.42546
5.66174 1.51158
5.76174 1.573
5.86174 1.65688
5.96174 1.74061
6.06174 1.73643
6.16174 1.59666
6.26174 1.37055
6.36174 1.07447
6.46174 0.680145
6.56174 0.180371
6.66174 -0.346637
6.76174 -0.808426
6.86174 -1.14608
6.96174 -1.31845
7.06174 -1.42025
7.16174 -1.48253
7.26174 -1.54748
7.36174 -1.54558
7.46174 -1.40261
7.56174 -1.1776
7.66174 -0.925636
7.76174 -0.67413
7.86174 -0.40914
7.96174 -0.0947402
8.06174 0.300685
8.16174 0.697035
8.26174 1.04622
8.36174 1.34956
8.46174 1.67649
8.56174 1.98287
8.66174 2.0778
8.76174 2.04852
8.86174 1.8813
8.96174 1.51766
9.06174 1.03547
9.16174 0.532028
9.26174 -0.0143185
9.36174 -0.591558
9.46174 -1.12995
9.56174 -1.53355
9.66174 -1.73139
9.76174 -1.76561
9.86174 -1.62706
9.96174 -1.31748
10.0617 -0.868871
10.1617 -0.339285
10.2617 0.162667
10.3617 0.597061
10.4617 0.987641
10.5617 1.35765
10.6617 1.65813
10.7617 1.76085
10.8617 1.7712
10.9617 1.70795
11.0617 1.64767
11.1617 1.60452
11.2617 1.53559
11.3617 1.455
11.4617 1.31912
11.5617 1.15337
11.6617 0.941855
11.7617 0.699218
11.8617 0.354773
11.9617 -0.0392468
12.0617 -0.486989
12.1617 -0.948473
12.2617 -1.30073
12.3617 -1.56232
12.4617 -1.74093
12.5617 -1.74077
12.6617 -1.57964
12.7617 -1.29389
12.8617 -0.982372
12.9617 -0.710591
13.0617 -0.477741
13.1617 -0.229102
13.2617 0.0738024
13.3617 0.321989
13.4617 0.532764
13.5617 0.714269
13.6617 0.873859
13.7617 0.97863
13.8617 1.04672
13.9617 1.07781
14.0617 1.12056
14.1617 1.12898
14.2617 1.09577
14.3617 1.06767
14.4617 1.00709
14.5617 0.940876
14.6617 0.864322
14.7617 0.753353
14.8617 0.572142
14.9617 0.304577
15.0617 -0.0122476
15.1617 -0.255332
15.2617 -0.426432
15.3617 -0.549325
15.4617 -0.571381
15.5617 -0.485564
15.6617 -0.39315
15.7617 -0.300047
15.8617 -0.121077
15.9617 0.123182
16.0617 0.376088
16.1617 0.585888
16.2617 0.751195
16.3617 0.85682
16.4617 0.929281
16.5617 0.977614
16.6617 0.980373
16.7617 0.876461
16.8617 0.723998
16.9617 0.609285
17.0617 0.547041
17.1617 0.497452
17.2617 0.419315
17.3617 0.388113
17.4617 0.389041
17.5617 0.352958
17.6617 0.251631
17.7617 0.0892036
17.8617 -0.122962
17.9617 -0.368385
18.0617 -0.607573
18.1617 -0.758712
18.2617 -0.81537
18.3617 -0.773084
18.4617 -0.670437
18.5617 -0.551144
18.6617 -0.389634
18.7617 -0.19071
18.8617 -0.0330355
18.9617 0.103012
19.0617 0.250346
19.1617 0.437856
19.2617 0.576162
19.3617 0.670702
19.4617 0.774824
19.5617 0.865695
19.6617 0.92677
19.7617 0.98076
19.8617 1.06324
19.9617 1.10331
20.0617 1.04698
20.1617 0.894094
20.2617 0.687907
20.3617 0.430578
20.4617 0.14317
20.5617 -0.137311
20.6617 -0.355713
20.7617 -0.467088
20.8617 -0.453846
20.9617 -0.379977
21.0617 -0.217682
21.1617 0.0204215
21.2617 0.289821
21.3617 0.526743
21.4617 0.775265
21.5617 1.00938
21.6617 1.18951
21.7617 1.3108
21.8617 1.43776
21.9617 1.50611
22.0617 1.4452
22.1617 1.24178
22.2617 0.900027
22.3617 0.469817
22.4617 0.0658592
22.5617 -0.267081
22.6617 -0.569
22.7617 -0.823694
22.8617 -1.01299
22.9617 -1.12173
23.0617 -1.17273
23.1617 -1.16628
23.2617 -1.11416
23.3617 -1.06128
23.4617 -0.976821
23.5617 -0.809136
23.6617 -0.614762
23.7617 -0.396487
23.8617 -0.177161
23.9617 0.0692895
24.0617 0.358049
24.1617 0.708168
24.2617 1.07322
24.3617 1.38448
24.4617 1.5947
24.5617 1.7327
24.6617 1.89546
24.7617 2.0278
24.8617 2.02953
24.9617 1.92109
25.0617 1.73288
25.1617 1.47475
25.2617 1.15253
25.3617 0.766891
25.4617 0.340963
25.5617 -0.104415
25.6617 -0.47734
25.7617 -0.749417
25.8617 -0.882771
25.9617 -0.844481
26.0617 -0.706608
26.1617 -0.525834
26.2617 -0.325885
26.3617 -0.131692
26.4617 0.00209241
26.5617 0.063074
26.6617 0.0574122
26.7617 0.0583941
26.8617 0.088863
26.9617 0.141845
27.0617 0.250799
27.1617 0.390988
27.2617 0.50754
27.3617 0.613441
27.4617 0.661218
27.5617 0.598037
27.6617 0.426159
27.7617 0.252527
27.8617 0.138573
27.9617 0.0710967
28.0617 0.0550312
28.1617 0.104951
28.2617 0.240641
28.3617 0.410003
28.4617 0.550827
28.5617 0.578031
28.6617 0.417546
28.7617 -0.00262301
28.8617 -0.793342
28.9617 -1.94078
29.0617 -3.3034
29.1617 -4.53046
29.2617 -5.07682
29.3617 -4.47957
29.4617 -2.53251
29.5617 0.763067
29.6617 5.49237
29.7617 11.5141
29.8617 17.771
29.9617 22.4369
30.0617 23.569
30.1617 19.6688
30.2617 9.13958
30.3617 -9.07633
30.4617 -32.9994
30.5617 -56.3949
30.6617 -71.9805
30.7617 -75.1877
30.8617 -66.2103
30.9617 -46.0749
31.0617 -16.272
31.1617 18.979
31.2617 53.8898
31.3617 82.6153
31.4617 100.385
31.5617 104.826
31.6617 91.5579
31.7617 57.487
31.8617 10.0286
31.9617 -35.4217
32.0617 -66.9927
32.1617 -82.7923
32.2617 -86.1996
32.3617 -81.2849
32.4617 -71.4099
32.5617 -59.7743
32.6617 -48.0307
32.7617 -36.1797
32.8617 -23.7491
32.9617 -10.457
33.0617 3.89954
33.1617 19.2166
33.2617 34.6831
33.3617 48.7449
33.4617 59.555
33.5617 65.3648
33.6617 65.269
33.7617 60.0985
33.8617 51.7029
33.9617 41.4768
34.0617 30.0387
34.1617 17.5044
34.2617 3.8071
34.3617 -10.7963
34.4617 -25.156
34.5617 -37.3237
34.6617 -45.6562
34.7617 -49.772
34.8617 -50.3149
34.9617 -48.5717
35.0617 -45.7107
35.1617 -42.2985
35.2617 -38.2173
35.3617 -33.0945
35.4617 -26.5435
35.5617 -18.3841
35.6617 -8.8423
35.7617 1.2471
35.8617 10.747
35.9617 18.9451
36.0617 25.5586
36.1617 30.5414
36.2617 33.8266
36.3617 35.5554
36.4617 35.9324
36.5617 35.0518
36.6617 32.9983
36.7617 29.8515
36.8617 25.8935
36.9617 21.4816
37.0617 16.9148
37.1617 12.349
37.2617 7.68247
37.3617 2.56833
37.4617 -3.34385
37.5617 -9.93939
37.6617 -16.5928
37.7617 -22.3456
37.8617 -26.4794
37.9617 -28.6262
38.0617 -29.0877
38.1617 -28.4227
38.2617 -27.1684
38.3617 -25.6893
38.4617 -24.0863
38.5617 -22.1902
38.6617 -19.7635
38.7617 -16.7551
38.8617 -13.2405
38.9617 -9.48648
39.0617 -5.7475
39.1617 -2.14183
39.2617 1.36088
39.3617 4.87329
39.4617 8.43724
39.5617 11.9553
39.6617 15.1555
39.7617 17.7563
39.8617 19.6325
39.9617 20.7681
40.0617 21.2901
40.1617 21.3867
40.2617 21.202
40.3617 20.7629
40.4617 19.9438
40.5617 18.5624
40.6617 16.5082
40.7617 13.8198
40.8617 10.6455
40.9617 7.22373
41.0617 3.74174
41.1617 0.347583
41.2617 -3.01325
41.3617 -6.35965
41.4617 -9.59037
41.5617 -12.6202
41.6617 -15.29
41.7617 -17.3055
41.8617 -18.4842
41.9617 -18.9436
42.0617 -18.9788
42.1617 -18.8445
42.2617 -18.6943
42.3617 -18.5429
42.4617 -18.2488
42.5617 -17.5699
42.6617 -16.2737
42.7617 -14.2088
42.8617 -11.3858
42.9617 -8.04744
43.0617 -4.40105
43.1617 -0.567171
43.2617 3.30728
43.3617 7.01388
43.4617 10.2376
43.5617 12.7264
43.6617 14.2658
43.7617 14.7865
43.8617 14.4634
43.9617 13.5867
44.0617 12.5296
44.1617 11.6164
44.2617 11.0753
44.3617 10.9106
44.4617 11.0244
44.5617 11.1739
44.6617 11.1927
44.7617 10.9597
44.8617 10.495
44.9617 9.92991
45.0617 9.23107
45.1617 8.26568
45.2617 6.87947
45.3617 4.92777
45.4617 2.49945
45.5617 -0.182554
45.6617 -2.79719
45.7617 -5.16058
45.8617 -7.24044
45.9617 -9.07491
46.0617 -10.7913
46.1617 -12.4067
46.2617 -13.9819
46.3617 -15.5121
46.4617 -16.8694
46.5617 -17.794
46.6617 -18.076
46.7617 -17.5336
46.8617 -16.2386
46.9617 -14.3964
47.0617 -12.1575
47.1617 -9.64951
47.2617 -7.04413
47.3617 -4.50376
47.4617 -2.07852
47.5617 0.138101
47.6617 2.11005
47.7617 3.82686
47.8617 5.32232
47.9617 6.60345
48.0617 7.71332
48.1617 8.72444
48.2617 9.73186
48.3617 10.8088
48.4617 11.9569
48.5617 12.9936
48.6617 13.7575
48.7617 14.1531
48.8617 14.1155
48.9617 13.6762
49.0617 12.8308
49.1617 11.5146
49.2617 9.80462
49.3617 7.87744
49.4617 5.86888
49.5617 3.87535
49.6617 2.01082
49.7617 0.37389
49.8617 -1.00913
49.9617 -2.18769
50.0617 -3.23058
50.1617 -4.26903
50.2617 -5.333
50.3617 -6.36163
50.4617 -7.24558
50.5617 -7.91289
50.6617 -8.33044
50.7617 -8.46717
50.8617 -8.34075
50.9617 -7.99246
51.0617 -7.52886
51.1617 -7.07431
51.2617 -6.67794
51.3617 -6.3963
51.4617 -6.25532
51.5617 -6.23288
51.6617 -6.26272
51.7617 -6.27211
51.8617 -6.22616
51.9617 -5.96043
52.0617 -5.35304
52.1617 -4.40703
52.2617 -3.18667
52.3617 -1.85805
52.4617 -0.539841
52.5617 0.701435
52.6617 1.7918
52.7617 2.75576
52.8617 3.69799
52.9617 4.7115
53.0617 5.87501
53.1617 7.11214
53.2617 8.27756
53.3617 9.27347
53.4617 9.97864
53.5617 10.3438
53.6617 10.3274
53.7617 9.9725
53.8617 9.37471
53.9617 8.66524
54.0617 7.95004
54.1617 7.28466
54.2617 6.6915
54.3617 6.09543
54.4617 5.43274
54.5617 4.63835
54.6617 3.67992
54.7617 2.51891
54.8617 1.16956
54.9617 -0.267539
55.0617 -1.68421
55.1617 -2.98314
55.2617 -4.19529
55.3617 -5.33755
55.4617 -6.39143
55.5617 -7.26637
55.6617 -7.89914
55.7617 -8.33551
55.8617 -8.68055
55.9617 -8.93966
56.0617 -9.0978
56.1617 -9.112
56.2617 -8.92902
56.3617 -8.49545
56.4617 -7.79617
56.5617 -6.90681
56.6617 -5.87786
56.7617 -4.7724
56.8617 -3.64992
56.9617 -2.57129
57.0617 -1.57149
57.1617 -0.631259
57.2617 0.268158
57.3617 1.14997
57.4617 2.03967
57.5617 2.91422
57.6617 3.71659
57.7617 4.34379
57.8617 4.7592
57.9617 4.9866
58.0617 5.10285
58.1617 5.21553
58.2617 5.38681
58.3617 5.63424
58.4617 5.94626
58.5617 6.24636
58.6617 6.38457
58.7617 6.30592
58.8617 6.05879
58.9617 5.69631
59.0617 5.2967
59.1617 4.90863
59.2617 4.55262
59.3617 4.18881
59.4617 3.83714
59.5617 3.47354
59.6617 3.1098
59.7617 2.71417
59.8617 2.24734
59.9617 1.70363
60.0617 1.07375
60.1617 0.359514
60.2617 -0.422208
60.3617 -1.20504
60.4617 -1.87995
60.5617 -2.47322
60.6617 -2.99203
60.7617 -3.46823
60.8617 -3.91413
60.9617 -4.24224
61.0617 -4.47696
61.1617 -4.68549
61.2617 -4.96171
61.3617 -5.26698
61.4617 -5.55119
61.5617 -5.75307
61.6617 -5.86751
61.7617 -5.92643
61.8617 -5.9436
61.9617 -5.85102
62.0617 -5.63355
62.1617 -5.25183
62.2617 -4.62914
62.3617 -3.81149
62.4617 -2.87275
62.5617 -1.89853
62.6617 -1.0074
62.7617 -0.152778
62.8617 0.694041
62.9617 1.47541
63.0617 2.2082
63.1617 2.90592
63.2617 3.60784
63.3617 4.29746
63.4617 4.98444
63.5617 5.66603
63.6617 6.26371
63.7617 6.73983
63.8617 7.0808
63.9617 7.14838
64.0617 6.87771
64.1617 6.32813
64.2617 5.63696
64.3617 4.94301
64.4617 4.44237
64.5617 4.20137
64.6617 4.32938
64.7617 4.82364
64.8617 5.46315
64.9617 5.9668
65.0617 5.94982
65.1617 5.11935
65.2617 3.3437
65.3617 0.688929
65.4617 -2.60048
65.5617 -5.94183
65.6617 -8.58563
65.7617 -10.0553
65.8617 -10.0743
65.9617 -8.69739
66.0617 -6.21151
66.1617 -3.22721
66.2617 -0.474154
66.3617 1.50973
66.4617 2.49315
66.5617 2.47858
66.6617 1.57325
66.7617 -0.0502701
66.8617 -1.8991
66.9617 -3.58752
67.0617 -4.93101
67.1617 -5.88053
67.2617 -6.40539
67.3617 -6.60027
67.4617 -6.55812
67.5617 -6.22208
67.6617 -5.59918
67.7617 -4.70442
67.8617 -3.54721
67.9617 -2.2617
68.0617 -1.01886
68.1617 0.123405
68.2617 1.18485
68.3617 2.13795
68.4617 3.0087
68.5617 3.80551
68.6617 4.49431
68.7617 5.0539
68.8617 5.52901
68.9617 5.83092
69.0617 5.94174
69.1617 5.85917
69.2617 5.63878
69.3617 5.34349
69.4617 5.00595
69.5617 4.61799
69.6617 4.22987
69.7617 3.91473
69.8617 3.60579
69.9617 3.26136
70.0617 2.95295
70.1617 2.68731
70.2617 2.41769
70.3617 2.08774
70.4617 1.63216
70.5617 1.02267
70.6617 0.321624
70.7617 -0.452164
70.8617 -1.19635
70.9617 -1.80742
71.0617 -2.2159
71.1617 -2.44763
71.2617 -2.48833
71.3617 -2.37128
71.4617 -2.14257
71.5617 -1.94098
71.6617 -1.80113
71.7617 -1.7449
71.8617 -1.79643
71.9617 -1.98449
72.0617 -2.31334
72.1617 -2.74729
72.2617 -3.1564
72.3617 -3.41883
72.4617 -3.42455
72.5617 -3.19277
72.6617 -2.82835
72.7617 -2.42118
72.8617 -2.01089
72.9617 -1.65166
73.0617 -1.33819
73.1617 -1.05249
73.2617 -0.783088
73.3617 -0.526599
73.4617 -0.283137
73.5617 -0.0737533
73.6617 0.030739
73.7617 0.0458568
73.8617 0.0418523
73.9617 0.0736599
74.0617 0.202678
74.1617 0.495587
74.2617 0.926674
74.3617 1.46507
74.4617 2.01875
74.5617 2.57111
74.6617 3.09983
74.7617 3.59367
74.8617 4.05131
74.9617 4.45461
75.0617 4.7578
75.1617 4.92384
75.2617 4.95671
75.3617 4.8839
75.4617 4.69464
75.5617 4.37597
75.6617 3.9687
75.7617 3.5465
75.8617 3.0997
75.9617 2.61811
76.0617 2.14989
76.1617 1.65399
76.2617 1.0977
76.3617 0.488657
76.4617 -0.152368
76.5617 -0.801002
76.6617 -1.45273
76.7617 -2.04536
76.8617 -2.55823
76.9617 -2.98353
77.0617 -3.33166
77.1617 -3.56562
77.2617 -3.67499
77.3617 -3.69981
77.4617 -3.69247
77.5617 -3.66697
77.6617 -3.63093
77.7617 -3.56364
77.8617 -3.44727
77.9617 -3.25801
78.0617 -3.02502
78.1617 -2.73469
78.2617 -2.46039
78.3617 -2.18371
78.4617 -1.88493
78.5617 -1.514
78.6617 -1.09268
78.7617 -0.688166
78.8617 -0.335649
78.9617 0.0302859
79.0617 0.44428
79.1617 0.871508
79.2617 1.31336
79.3617 1.65608
79.4617 1.93406
79.5617 2.2328
79.6617 2.61809
79.7617 3.00569
79.8617 3.36156
79.9617 3.61641
80.0617 3.80562
80.1617 3.92026
80.2617 4.04762
80.3617 4.06594
80.4617 4.01
80.5617 3.86673
80.6617 3.6611
80.7617 3.40662
80.8617 3.04581
80.9617 2.6765
81.0617 2.21451
81.1617 1.73891
81.2617 1.24341
81.3617 0.716291
81.4617 0.174531
81.5617 -0.348365
81.6617 -0.838463
81.7617 -1.26141
81.8617 -1.54637
81.9617 -1.6981
82.0617 -1.60842
82.1617 -1.43909
82.2617 -1.3413
82.3617 -1.47541
82.4617 -1.74885
82.5617 -1.98714
82.6617 -2.25431
82.7617 -2.55215
82.8617 -2.84571
82.9617 -2.99339
83.0617 -2.95901
83.1617 -2.7175
83.2617 -2.34722
83.3617 -1.82437
83.4617 -1.26448
83.5617 -0.719046
83.6617 -0.188625
83.7617 0.275594
83.8617 0.652544
83.9617 0.903671
84.0617 1.01519
84.1617 1.04114
84.2617 1.05825
84.3617 1.0746
84.4617 1.08435
84.5617 1.09064
84.6617 1.07521
84.7617 1.08944
84.8617 1.08319
84.9617 1.07597
85.0617 1.05864
85.1617 1.03866
85.2617 1.05174
85.3617 1.1141
85.4617 1.1717
85.5617 1.20469
85.6617 1.24097
85.7617 1.26885
85.8617 1.31339
85.9617 1.40166
86.0617 1.4225
86.1617 1.35464
86.2617 1.22181
86.3617 0.998384
86.4617 0.795364
86.5617 0.589876
86.6617 0.412534
86.7617 0.251512
86.8617 0.162343
86.9617 0.0585702
87.0617 0.0396455
87.1617 0.0608019
87.2617 0.0701353
87.3617 0.0520458
87.4617 0.0139143
87.5617 0.00988835
87.6617 0.0185459
87.7617 0.061756
87.8617 0.0822649
87.9617 0.0106738
88.0617 -0.122799
88.1617 -0.278823
88.2617 -0.4592
88.3617 -0.671248
88.4617 -0.897808
88.5617 -1.10149
88.6617 -1.21234
88.7617 -1.37202
88.8617 -1.39328
88.9617 -1.22265
89.0617 -0.967761
89.1617 -0.685468
89.2617 -0.454535
89.3617 -0.345995
89.4617 -0.290913
89.5617 -0.182182
89.6617 -0.0420979
89.7617 0.115149
89.8617 0.264735
89.9617 0.369483
90.0617 0.417533
90.1617 0.492007
90.2617 0.639344
90.3617 0.803167
90.4617 0.877968
90.5617 0.867356
90.6617 0.817185
90.7617 0.795126
90.8617 0.793588
90.9617 0.740025
91.0617 0.665909
91.1617 0.608281
91.2617 0.574698
91.3617 0.515469
91.4617 0.486197
91.5617 0.457065
91.6617 0.408438
91.7617 0.349161
91.8617 0.293348
91.9617 0.247216
92.0617 0.196809
92.1617 0.186882
92.2617 0.22637
92.3617 0.273517
92.4617 0.33998
92.5617 0.402597
92.6617 0.390534
92.7617 0.374101
92.8617 0.381044
92.9617 0.364884
93.0617 0.371902
93.1617 0.327659
93.2617 0.255669
93.3617 0.237188
93.4617 0.250128
93.5617 0.263643
93.6617 0.21794
93.7617 0.124891
93.8617 -0.0237199
93.9617 -0.135785
94.0617 -0.224906
94.1617 -0.339541
94.2617 -0.478259
94.3617 -0.562093
94.4617 -0.576644
94.5617 -0.510902
