-7.18433 0.355233
-7.08433 0.710025
-6.98433 1.13543
-6.88433 1.54377
-6.78433 1.89479
-6.68433 2.10935
-6.58433 2.17626
-6.48433 2.09659
-6.38433 1.91354
-6.28433 1.63509
-6.18433 1.28106
-6.08433 0.84279
-5.98433 0.409579
-5.88433 -0.00855116
-5.78433 -0.36671
-5.68433 -0.629762
-5.58433 -0.860145
-5.48433 -1.04356
-5.38433 -1.13532
-5.28433 -1.08567
-5.18433 -0.887565
-5.08433 -0.588442
-4.98433 -0.31682
-4.88433 -0.0856854
-4.78433 0.0614527
-4.68433 0.140609
-4.58433 0.184062
-4.48433 0.169496
-4.38433 0.0966513
-4.28433 0.0223138
-4.18433 -0.00460859
-4.08433 0.0488272
-3.98433 0.164869
-3.88433 0.263537
-3.78433 0.337117
-3.68433 0.296765
-3.58433 0.216181
-3.48433 0.114373
-3.38433 0.0421821
-3.28433 -0.0165727
-3.18433 -0.100172
-3.08433 -0.199608
-2.98433 -0.308556
-2.88433 -0.389451
-2.78433 -0.434771
-2.68433 -0.412657
-2.58433 -0.337171
-2.48433 -0.209194
-2.38433 0.0189585
-2.28433 0.274467
-2.18433 0.597951
-2.08433 0.876071
-1.98433 1.13772
-1.88433 1.39922
-1.78433 1.63817
-1.68433 1.8319
-1.58433 2.00467
-1.48433 2.12687
-1.38433 2.13036
-1.28433 2.0069
-1.18433 1.78964
-1.08433 1.52296
-0.984329 1.0743
-0.884329 0.375437
-0.784329 -0.306927
-0.684329 -0.95452
-0.584329 -1.45882
-0.484329 -1.73631
-0.384329 -1.86785
-0.284329 -1.89561
-0.184329 -1.85499
-0.084329 -1.72133
0.015671 -1.47596
0.115671 -1.17076
0.215671 -0.899211
0.315671 -0.646345
0.415671 -0.41863
0.515671 -0.204264
0.615671 0.0304334
0.715671 0.25717
0.815671 0.504086
0.915671 0.865111
1.01567 1.26291
1.11567 1.66801
1.21567 1.96054
1.31567 2.0841
1.41567 1.97328
1.51567 1.70922
1.61567 1.30512
1.71567 0.818146
1.81567 0.325463
1.91567 -0.133325
2.01567 -0.519959
2.11567 -0.799125
2.21567 -0.991936
2.31567 -1.05998
2.41567 -1.07274
2.51567 -0.991137
2.61567 -0.917671
2.71567 -0.750103
2.81567 -0.466611
2.91567 -0.0680054
3.01567 0.404435
3.11567 0.886353
3.21567 1.37381
3.31567 1.87529
3.41567 2.29641
3.51567 2.55357
3.61567 2.63544
3.71567 2.58504
3.81567 2.32619
3.91567 1.89314
4.01567 1.29908
4.11567 0.67353
4.21567 0.107611
4.31567 -0.429875
4.41567 -0.866831
4.51567 -1.21238
4.61567 -1.42472
4.71567 -1.53885
4.81567 -1.60587
4.91567 -1.60804
5.01567 -1.50273
5.11567 -1.29452
5.21567 -1.01112
5.31567 -0.766281
5.41567 -0.642627
5.51567 -0.477841
5.61567 -0.256856
5.71567 0.0504162
5.81567 0.391562
5.91567 0.70319
6.01567 0.909641
6.11567 1.15286
6.21567 1.41599
6.31567 1.62032
6.41567 1.81556
6.51567 1.82212
6.61567 1.64133
6.71567 1.26957
6.81567 0.889466
6.91567 0.493644
7.01567 0.176268
7.11567 -0.105872
7.21567 -0.291787
7.31567 -0.367231
7.41567 -0.333977
7.51567 -0.216308
7.61567 -0.0584701
7.71567 0.0858535
7.81567 0.174104
7.91567 0.202667
8.01567 0.18572
8.11567 0.0579472
8.21567 -0.0148026
8.31567 0.0111848
8.41567 0.156254
8.51567 0.40614
8.61567 0.710312
8.71567 1.04073
8.81567 1.37985
8.91567 1.65599
9.01567 1.87101
9.11567 1.93525
9.21567 1.86006
9.31567 1.6372
9.41567 1.33965
9.51567 1.01142
9.61567 0.657928
9.71567 0.255801
9.81567 -0.148519
9.91567 -0.605668
10.0157 -1.04737
10.1157 -1.47393
10.2157 -1.89506
10.3157 -2.16362
10.4157 -2.28909
10.5157 -2.17551
10.6157 -1.82041
10.7157 -1.36683
10.8157 -0.852582
10.9157 -0.302529
11.0157 0.235123
11.1157 0.693948
11.2157 1.06813
11.3157 1.39633
11.4157 1.68729
11.5157 1.88615
11.6157 1.98763
11.7157 1.99863
11.8157 1.9359
11.9157 1.82656
12.0157 1.69549
12.1157 1.53737
12.2157 1.28124
12.3157 0.923841
12.4157 0.535885
12.5157 0.153503
12.6157 -0.204425
12.7157 -0.514413
12.8157 -0.766758
12.9157 -0.928648
13.0157 -0.986719
13.1157 -0.970702
13.2157 -0.786427
13.3157 -0.503226
13.4157 -0.163496
13.5157 0.203248
13.6157 0.597308
13.7157 0.977843
13.8157 1.25476
13.9157 1.42185
14.0157 1.52897
14.1157 1.59256
14.2157 1.6093
14.3157 1.55905
14.4157 1.40545
14.5157 1.20169
14.6157 0.954897
14.7157 0.677256
14.8157 0.378126
14.9157 0.0618317
15.0157 -0.291465
15.1157 -0.629367
15.2157 -0.868659
15.3157 -0.976613
15.4157 -1.0156
15.5157 -0.99915
15.6157 -0.901641
15.7157 -0.722102
15.8157 -0.544849
15.9157 -0.396388
16.0157 -0.326424
16.1157 -0.316126
16.2157 -0.318086
16.3157 -0.278117
16.4157 -0.154674
16.5157 -0.00283995
16.6157 0.218429
16.7157 0.512081
16.8157 0.870687
16.9157 1.27038
17.0157 1.65739
17.1157 1.93539
17.2157 2.0298
17.3157 1.96939
17.4157 1.79319
17.5157 1.49973
17.6157 1.17245
17.7157 0.856196
17.8157 0.546534
17.9157 0.301683
18.0157 0.170351
18.1157 0.163602
18.2157 0.278862
18.3157 0.353858
18.4157 0.349945
18.5157 0.270293
18.6157 0.154349
18.7157 0.0310224
18.8157 -0.11604
18.9157 -0.235351
19.0157 -0.239989
19.1157 -0.123685
19.2157 0.105819
19.3157 0.329554
19.4157 0.463381
19.5157 0.535961
19.6157 0.64441
19.7157 0.815877
19.8157 0.993958
19.9157 1.09936
20.0157 1.10171
20.1157 0.970002
20.2157 0.68069
20.3157 0.251849
20.4157 -0.293306
20.5157 -0.829107
20.6157 -1.23826
20.7157 -1.49337
20.8157 -1.54302
20.9157 -1.41055
21.0157 -1.14384
21.1157 -0.834051
21.2157 -0.562683
21.3157 -0.317095
21.4157 -0.0551922
21.5157 0.272792
21.6157 0.613107
21.7157 0.899173
21.8157 1.18469
21.9157 1.42896
22.0157 1.63976
22.1157 1.87497
22.2157 2.14984
22.3157 2.36269
22.4157 2.44077
22.5157 2.29806
22.6157 1.97118
22.7157 1.53739
22.8157 1.00213
22.9157 0.421463
23.0157 -0.10456
23.1157 -0.554843
23.2157 -0.851374
23.3157 -1.03205
23.4157 -1.05353
23.5157 -0.8789
23.6157 -0.582993
23.7157 -0.302297
23.8157 -0.0921035
23.9157 0.0655224
24.0157 0.186553
24.1157 0.320493
24.2157 0.368589
24.3157 0.318007
24.4157 0.218833
24.5157 0.147849
24.6157 0.122929
24.7157 0.130311
24.8157 0.153647
24.9157 0.143397
25.0157 0.0946663
25.1157 0.083695
25.2157 0.115322
25.3157 0.170976
25.4157 0.289057
25.5157 0.494672
25.6157 0.678155
25.7157 0.75253
25.8157 0.646227
25.9157 0.292982
26.0157 -0.444684
26.1157 -1.64836
26.2157 -3.19008
26.3157 -4.80171
26.4157 -6.13914
26.5157 -6.58245
26.6157 -5.49515
26.7157 -2.63756
26.8157 2.04374
26.9157 8.55861
27.0157 16.2687
27.1157 23.6115
27.2157 28.2609
27.3157 28.204
27.4157 21.6813
27.5157 6.5839
27.6157 -18.7447
27.7157 -50.1464
27.8157 -77.0279
27.9157 -90.5446
28.0157 -88.6078
28.1157 -73.6771
28.2157 -47.3729
28.3157 -12.4508
28.4157 27.1141
28.5157 65.7581
28.6157 96.8349
28.7157 115.404
28.8157 118.699
28.9157 103.214
29.0157 68.7413
29.1157 22.5988
29.2157 -24.1807
29.3157 -61.9235
29.4157 -87.4685
29.5157 -101.515
29.6157 -104.498
29.7157 -97.6777
29.8157 -84.2696
29.9157 -67.5686
30.0157 -49.1746
30.1157 -29.821
30.2157 -10.0924
30.3157 9.28404
30.4157 27.659
30.5157 44.1767
30.6157 57.3858
30.7157 65.693
30.8157 68.553
30.9157 66.8868
31.0157 62.0286
31.1157 54.7944
31.2157 45.5495
31.3157 34.4753
31.4157 21.6126
31.5157 7.03161
31.6157 -8.35887
31.7157 -22.6943
31.8157 -34.1352
31.9157 -41.9349
32.0157 -46.2195
32.1157 -47.5163
32.2157 -46.8685
32.3157 -45.077
32.4157 -42.4864
32.5157 -38.965
32.6157 -34.1946
32.7157 -27.9995
32.8157 -20.6194
32.9157 -12.6834
33.0157 -4.93682
33.1157 2.21494
33.2157 8.74919
33.3157 14.8055
33.4157 20.5983
33.5157 26.2611
33.6157 31.5575
33.7157 35.7973
33.8157 38.136
33.9157 37.9689
34.0157 35.2923
34.1157 30.7253
34.2157 25.1902
34.3157 19.6416
34.4157 14.4129
34.5157 9.34074
34.6157 4.18041
34.7157 -1.20828
34.8157 -6.77142
34.9157 -12.0919
35.0157 -16.7109
35.1157 -20.3459
35.2157 -22.8459
35.3157 -24.3844
35.4157 -25.2527
35.5157 -25.63
35.6157 -25.5396
35.7157 -24.7966
35.8157 -23.2676
35.9157 -21.0181
36.0157 -18.2113
36.1157 -15.1331
36.2157 -12.0969
36.3157 -9.2471
36.4157 -6.49543
36.5157 -3.64155
36.6157 -0.51697
36.7157 2.93111
36.8157 6.59794
36.9157 10.2562
37.0157 13.6401
37.1157 16.4922
37.2157 18.7375
37.3157 20.3033
37.4157 21.1789
37.5157 21.4683
37.6157 21.1214
37.7157 20.079
37.8157 18.4219
37.9157 16.1821
38.0157 13.5259
38.1157 10.7337
38.2157 8.02942
38.3157 5.39688
38.4157 2.77383
38.5157 0.110701
38.6157 -2.60214
38.7157 -5.4095
38.8157 -8.09982
38.9157 -10.4007
39.0157 -12.1072
39.1157 -13.2143
39.2157 -13.9075
39.3157 -14.5046
39.4157 -15.1698
39.5157 -15.8486
39.6157 -16.5104
39.7157 -17.1259
39.8157 -17.4739
39.9157 -17.3097
40.0157 -16.3571
40.1157 -14.4662
40.2157 -11.7188
40.3157 -8.31424
40.4157 -4.53507
40.5157 -0.732683
40.6157 2.76645
40.7157 5.7032
40.8157 7.83187
40.9157 9.06553
41.0157 9.48661
41.1157 9.30575
41.2157 8.86471
41.3157 8.55234
41.4157 8.54901
41.5157 8.87151
41.6157 9.50954
41.7157 10.3403
41.8157 11.1751
41.9157 11.9064
42.0157 12.4171
42.1157 12.6317
42.2157 12.6453
42.3157 12.4346
42.4157 11.9106
42.5157 10.8899
42.6157 9.33281
42.7157 7.23673
42.8157 4.71221
42.9157 1.8923
43.0157 -1.0452
43.1157 -3.91863
43.2157 -6.6652
43.3157 -9.21551
43.4157 -11.5008
43.5157 -13.537
43.6157 -15.271
43.7157 -16.6682
43.8157 -17.6305
43.9157 -18.0163
44.0157 -17.7321
44.1157 -16.8238
44.2157 -15.4118
44.3157 -13.5829
44.4157 -11.4329
44.5157 -9.12637
44.6157 -6.78329
44.7157 -4.52177
44.8157 -2.432
44.9157 -0.517116
45.0157 1.17157
45.1157 2.57623
45.2157 3.74758
45.3157 4.85088
45.4157 6.01725
45.5157 7.32437
45.6157 8.80761
45.7157 10.3959
45.8157 11.9482
45.9157 13.2437
46.0157 14.064
46.1157 14.3076
46.2157 13.9245
46.3157 12.969
46.4157 11.5353
46.5157 9.7679
46.6157 7.83433
46.7157 5.8447
46.8157 3.84898
46.9157 1.90631
47.0157 0.119116
47.1157 -1.30151
47.2157 -2.30371
47.3157 -2.89319
47.4157 -3.10903
47.5157 -3.14835
47.6157 -3.14055
47.7157 -3.15102
47.8157 -3.206
47.9157 -3.39623
48.0157 -3.73427
48.1157 -4.13281
48.2157 -4.50748
48.3157 -4.91719
48.4157 -5.40113
48.5157 -5.94036
48.6157 -6.47016
48.7157 -6.91113
48.8157 -7.2641
48.9157 -7.50958
49.0157 -7.63853
49.1157 -7.63007
49.2157 -7.3972
49.3157 -6.89671
49.4157 -6.15271
49.5157 -5.21809
49.6157 -4.22488
49.7157 -3.2147
49.8157 -2.18694
49.9157 -1.0818
50.0157 0.154136
50.1157 1.52038
50.2157 3.00466
50.3157 4.58058
50.4157 6.1864
50.5157 7.67834
50.6157 8.838
50.7157 9.5658
50.8157 9.82496
50.9157 9.67137
51.0157 9.24861
51.1157 8.71407
51.2157 8.2029
51.3157 7.72123
51.4157 7.24057
51.5157 6.72119
51.6157 6.11217
51.7157 5.45186
51.8157 4.72829
51.9157 3.9866
52.0157 3.2193
52.1157 2.36366
52.2157 1.36563
52.3157 0.259549
52.4157 -0.876439
52.5157 -1.97294
52.6157 -3.01609
52.7157 -3.94306
52.8157 -4.70993
52.9157 -5.35559
53.0157 -5.85502
53.1157 -6.29857
53.2157 -6.75649
53.3157 -7.26
53.4157 -7.7264
53.5157 -8.0284
53.6157 -8.08916
53.7157 -7.92642
53.8157 -7.60101
53.9157 -7.08928
54.0157 -6.36548
54.1157 -5.50815
54.2157 -4.57859
54.3157 -3.55302
54.4157 -2.46305
54.5157 -1.3343
54.6157 -0.213388
54.7157 0.81624
54.8157 1.7513
54.9157 2.58793
55.0157 3.28204
55.1157 3.90468
55.2157 4.46171
55.3157 4.88665
55.4157 5.16612
55.5157 5.29445
55.6157 5.36395
55.7157 5.44459
55.8157 5.53406
55.9157 5.5934
56.0157 5.55942
56.1157 5.44566
56.2157 5.28047
56.3157 5.09045
56.4157 4.83298
56.5157 4.46683
56.6157 3.98833
56.7157 3.43528
56.8157 2.90812
56.9157 2.43419
57.0157 2
57.1157 1.59787
57.2157 1.1836
57.3157 0.783037
57.4157 0.40489
57.5157 0.0960918
57.6157 -0.177086
57.7157 -0.531464
57.8157 -0.942584
57.9157 -1.38387
58.0157 -1.79896
58.1157 -2.26381
58.2157 -2.81964
58.3157 -3.33348
58.4157 -3.73234
58.5157 -3.99271
58.6157 -4.11276
58.7157 -4.18721
58.8157 -4.2542
58.9157 -4.27825
59.0157 -4.29767
59.1157 -4.30687
59.2157 -4.25968
59.3157 -4.16899
59.4157 -4.02116
59.5157 -3.75059
59.6157 -3.36043
59.7157 -2.86056
59.8157 -2.29681
59.9157 -1.69448
60.0157 -1.09399
60.1157 -0.539726
60.2157 -0.0157638
60.3157 0.507203
60.4157 1.0808
60.5157 1.70672
60.6157 2.36193
60.7157 3.07777
60.8157 3.82599
60.9157 4.53462
61.0157 5.11119
61.1157 5.47474
61.2157 5.56908
61.3157 5.38071
61.4157 5.00126
61.5157 4.52222
61.6157 4.06849
61.7157 3.74051
61.8157 3.67812
61.9157 4.01379
62.0157 4.75671
62.1157 5.67871
62.2157 6.35439
62.3157 6.38769
62.4157 5.50513
62.5157 3.68466
62.6157 1.0448
62.7157 -2.11264
62.8157 -5.17227
62.9157 -7.48007
63.0157 -8.60288
63.1157 -8.31496
63.2157 -6.70183
63.3157 -4.19906
63.4157 -1.39667
63.5157 1.11408
63.6157 2.96252
63.7157 3.9282
63.8157 3.94513
63.9157 3.19493
64.0157 1.87523
64.1157 0.187901
64.2157 -1.59108
64.3157 -3.29174
64.4157 -4.83642
64.5157 -6.12803
64.6157 -7.00959
64.7157 -7.3512
64.8157 -7.08261
64.9157 -6.31395
65.0157 -5.22595
65.1157 -3.99029
65.2157 -2.7
65.3157 -1.49093
65.4157 -0.519813
65.5157 0.258197
65.6157 0.922237
65.7157 1.51217
65.8157 2.06541
65.9157 2.54853
66.0157 2.9634
66.1157 3.29616
66.2157 3.56602
66.3157 3.78704
66.4157 3.90508
66.5157 3.95225
66.6157 3.97233
66.7157 3.99161
66.8157 4.00431
66.9157 4.02904
67.0157 4.06903
67.1157 4.08772
67.2157 4.07074
67.3157 3.98803
67.4157 3.83184
67.5157 3.58787
67.6157 3.18192
67.7157 2.62932
67.8157 1.90979
67.9157 1.01317
68.0157 0.0728042
68.1157 -0.739785
68.2157 -1.29352
68.3157 -1.58867
68.4157 -1.63281
68.5157 -1.52722
68.6157 -1.36144
68.7157 -1.10128
68.8157 -0.772234
68.9157 -0.482428
69.0157 -0.364895
69.1157 -0.490348
69.2157 -0.857203
69.3157 -1.33131
69.4157 -1.82967
69.5157 -2.24137
69.6157 -2.49271
69.7157 -2.55974
69.8157 -2.48562
69.9157 -2.37297
70.0157 -2.26081
70.1157 -2.12054
70.2157 -1.91956
70.3157 -1.66759
70.4157 -1.41761
70.5157 -1.21028
70.6157 -1.02402
70.7157 -0.838352
70.8157 -0.63663
70.9157 -0.4377
71.0157 -0.318671
71.1157 -0.34949
71.2157 -0.417216
71.3157 -0.387867
71.4157 -0.241229
71.5157 -0.0168159
71.6157 0.236672
71.7157 0.533426
71.8157 0.872024
71.9157 1.26679
72.0157 1.76099
72.1157 2.37334
72.2157 3.0023
72.3157 3.51779
72.4157 3.87226
72.5157 4.10294
72.6157 4.29009
72.7157 4.42582
72.8157 4.47038
72.9157 4.40612
73.0157 4.2321
73.1157 3.93773
73.2157 3.55013
73.3157 3.10744
73.4157 2.55563
73.5157 1.91571
73.6157 1.2941
73.7157 0.768442
73.8157 0.32736
73.9157 -0.0146019
74.0157 -0.266604
74.1157 -0.549796
74.2157 -0.884445
74.3157 -1.22411
74.4157 -1.56614
74.5157 -1.91815
74.6157 -2.32975
74.7157 -2.76746
74.8157 -3.12818
74.9157 -3.40127
75.0157 -3.59824
75.1157 -3.70222
75.2157 -3.66232
75.3157 -3.43537
75.4157 -3.03741
75.5157 -2.53763
75.6157 -1.96709
75.7157 -1.40174
75.8157 -0.873927
75.9157 -0.398022
76.0157 -0.0357947
76.1157 0.177932
76.2157 0.23353
76.3157 0.166518
76.4157 0.0324125
76.5157 -0.109768
76.6157 -0.213134
76.7157 -0.273734
76.8157 -0.246019
76.9157 -0.142526
77.0157 0.0892707
77.1157 0.48648
77.2157 1.02868
77.3157 1.65145
77.4157 2.26778
77.5157 2.78613
77.6157 3.19616
77.7157 3.53641
77.8157 3.80736
77.9157 3.9199
78.0157 3.88575
78.1157 3.71555
78.2157 3.46699
78.3157 3.19532
78.4157 2.80633
78.5157 2.36127
78.6157 1.87904
78.7157 1.4026
78.8157 0.887118
78.9157 0.47116
79.0157 0.237976
79.1157 0.157214
79.2157 0.215234
79.3157 0.334021
79.4157 0.456963
79.5157 0.491029
79.6157 0.376128
79.7157 0.0183927
79.8157 -0.515833
79.9157 -1.20074
80.0157 -1.81334
80.1157 -2.32464
80.2157 -2.70728
80.3157 -2.93423
80.4157 -2.9718
80.5157 -2.84284
80.6157 -2.57222
80.7157 -2.19256
80.8157 -1.7498
80.9157 -1.29861
81.0157 -0.830177
81.1157 -0.396748
81.2157 -0.0297535
81.3157 0.23709
81.4157 0.35472
81.5157 0.370715
81.6157 0.276255
81.7157 0.180023
81.8157 -0.0056682
81.9157 -0.195122
82.0157 -0.25199
82.1157 -0.152189
82.2157 0.0937067
82.3157 0.310874
82.4157 0.518647
82.5157 0.687845
82.6157 0.807274
82.7157 0.975876
82.8157 1.2275
82.9157 1.31102
83.0157 1.28668
83.1157 1.18699
83.2157 1.05716
83.3157 0.950975
83.4157 0.849251
83.5157 0.814151
83.6157 0.862818
83.7157 0.999767
83.8157 1.19321
83.9157 1.43966
84.0157 1.63602
84.1157 1.76586
84.2157 1.85933
84.3157 1.89043
84.4157 1.84345
84.5157 1.74497
84.6157 1.55567
84.7157 1.30928
84.8157 1.06475
84.9157 0.705826
85.0157 0.311391
85.1157 -0.0490041
85.2157 -0.378819
85.3157 -0.678417
85.4157 -0.920612
85.5157 -1.14129
85.6157 -1.33981
85.7157 -1.4906
85.8157 -1.53485
85.9157 -1.48391
86.0157 -1.42134
86.1157 -1.29576
86.2157 -1.09629
86.3157 -0.848197
86.4157 -0.603208
86.5157 -0.402766
86.6157 -0.266832
86.7157 -0.165211
86.8157 -0.116483
86.9157 -0.101451
87.0157 -0.131653
87.1157 -0.160456
87.2157 -0.156155
87.3157 -0.109741
87.4157 -0.00295123
87.5157 0.0475478
87.6157 0.108602
87.7157 0.194308
87.8157 0.240881
87.9157 0.294385
88.0157 0.401002
88.1157 0.589389
88.2157 0.713173
88.3157 0.728928
88.4157 0.80275
88.5157 0.9049
88.6157 0.944119
88.7157 0.975565
88.8157 0.955152
88.9157 0.85288
89.0157 0.722257
89.1157 0.604899
89.2157 0.51306
89.3157 0.415149
89.4157 0.274368
89.5157 0.142438
89.6157 0.0887522
89.7157 0.053768
89.8157 0.140447
89.9157 0.260429
90.0157 0.395618
90.1157 0.502976
90.2157 0.627075
90.3157 0.716276
90.4157 0.739839
90.5157 0.800329
90.6157 0.794061
90.7157 0.742746
90.8157 0.667446
90.9157 0.541211
91.0157 0.372903
91.1157 0.18596
91.2157 -0.053327
91.3157 -0.26794
91.4157 -0.437997
91.5157 -0.584262
91.6157 -0.659242
91.7157 -0.661887
91.8157 -0.593011
91.9157 -0.520013
92.0157 -0.450631
92.1157 -0.398982
92.2157 -0.381367
92.3157 -0.348795
92.4157 -0.279065
92.5157 -0.180524
92.6157 -0.0618598
92.7157 0.0265807
92.8157 0.150608
92.9157 0.184722
93.0157 0.153879
93.1157 0.122787
93.2157 0.0893618
93.3157 0.0436196
93.4157 -0.0309349
93.5157 -0.030834
93.6157 -0.00833729
93.7157 -0.0202361
93.8157 -0.0370729
93.9157 -0.0580343
94.0157 -0.00982997
94.1157 0.0668925
94.2157 0.154754
94.3157 0.25908
94.4157 0.377751
94.5157 0.483598
94.6157 0.577092
94.7157 0.576368
94.8157 0.539238
94.9157 0.459152
95.0157 0.334563
95.1157 0.260446
