-4.55652 -3.4858
-4.45652 -3.9418
-4.35652 -3.6134
-4.25652 -2.70369
-4.15652 -1.48254
-4.05652 -0.30813
-3.95652 0.510363
-3.85652 1.03917
-3.75652 1.30275
-3.65652 1.52321
-3.55652 1.75497
-3.45652 2.00004
-3.35652 2.34959
-3.25652 2.87663
-3.15652 3.55829
-3.05652 4.15058
-2.95652 4.53267
-2.85652 4.46095
-2.75652 3.66216
-2.65652 2.14217
-2.55652 0.0765037
-2.45652 -2.10621
-2.35652 -3.93317
-2.25652 -5.08804
-2.15652 -5.42229
-2.05652 -4.98472
-1.95652 -4.08294
-1.85652 -2.90628
-1.75652 -1.57834
-1.65652 -0.189917
-1.55652 1.20509
-1.45652 2.61723
-1.35652 3.80432
-1.25652 4.59721
-1.15652 4.77666
-1.05652 4.31222
-0.956518 3.36644
-0.856518 2.34546
-0.756518 1.54574
-0.656518 1.07158
-0.556518 0.797179
-0.456518 0.409112
-0.356518 -0.385051
-0.256518 -1.80566
-0.156518 -3.67534
-0.0565177 -5.37659
0.0434823 -6.28352
0.143482 -6.0227
0.243482 -4.61822
0.343482 -2.60242
0.443482 -0.744209
0.543482 0.422355
0.643482 0.889839
0.743482 0.931366
0.843482 0.842605
0.943482 1.06738
1.04348 1.64775
1.14348 2.29844
1.24348 2.55759
1.34348 2.11844
1.44348 1.09984
1.54348 0.0215022
1.64348 -0.567402
1.74348 -0.229938
1.84348 1.05408
1.94348 2.7181
2.04348 3.88393
2.14348 3.84303
2.24348 2.50475
2.34348 0.372432
2.44348 -1.58003
2.54348 -2.25349
2.64348 -1.28063
2.74348 1.12291
2.84348 3.55506
2.94348 4.62077
3.04348 3.74627
3.14348 1.23148
3.24348 -1.8884
3.34348 -4.05256
3.44348 -4.32935
3.54348 -2.73775
3.64348 -0.117571
3.74348 2.12254
3.84348 2.87121
3.94348 1.93288
4.04348 0.0178114
4.14348 -1.58943
4.24348 -1.70706
4.34348 0.128116
4.44348 3.07195
4.54348 5.54449
4.64348 5.99001
4.74348 3.84534
4.84348 -0.260927
4.94348 -4.86148
5.04348 -8.34638
5.14348 -9.835
5.24348 -9.23326
5.34348 -7.46901
5.44348 -5.62829
5.54348 -4.49238
5.64348 -4.12888
5.74348 -3.96371
5.84348 -3.06047
5.94348 -0.842167
6.04348 2.55882
6.14348 6.14352
6.24348 8.59102
6.34348 9.07668
6.44348 7.55444
6.54348 4.56898
6.64348 1.36525
6.74348 -0.854428
6.84348 -1.52824
6.94348 -0.797376
7.04348 0.594157
7.14348 1.7869
7.24348 2.23506
7.34348 2.02173
7.44348 1.55825
7.54348 1.36018
7.64348 1.61728
7.74348 2.12013
7.84348 2.52426
7.94348 2.5663
8.04348 2.1466
8.14348 1.43978
8.24348 0.766543
8.34348 0.334396
8.44348 0.0678799
8.54348 -0.315809
8.64348 -1.08287
8.74348 -2.15526
8.84348 -3.12191
8.94348 -3.47794
9.04348 -2.79338
9.14348 -1.02945
9.24348 1.23777
9.34348 3.09972
9.44348 3.77993
9.54348 3.00954
9.64348 0.99597
9.74348 -1.51304
9.84348 -3.40513
9.94348 -4.21037
10.0435 -4.09349
10.1435 -3.55862
10.2435 -3.11453
10.3435 -2.93166
10.4435 -2.76032
10.5435 -2.13595
10.6435 -0.708606
10.7435 1.48667
10.8435 3.88728
10.9435 5.53556
11.0435 5.41142
11.1435 2.94906
11.2435 -1.32111
11.3435 -5.49366
11.4435 -7.6976
11.5435 -7.2585
11.6435 -4.22815
11.7435 0.397683
11.8435 4.58154
11.9435 6.88762
12.0435 7.29653
12.1435 6.41807
12.2435 5.03052
12.3435 3.86638
12.4435 3.31963
12.5435 3.18519
12.6435 2.79628
12.7435 1.46404
12.8435 -0.818077
12.9435 -3.35227
13.0435 -5.11021
13.1435 -5.18599
13.2435 -3.28241
13.3435 0.143706
13.4435 3.88475
13.5435 6.49464
13.6435 7.22689
13.7435 6.23437
13.8435 4.03801
13.9435 1.4573
14.0435 -0.730409
14.1435 -2.26474
14.2435 -3.37229
14.3435 -4.46189
14.4435 -5.70782
14.5435 -6.95192
14.6435 -7.53099
14.7435 -6.84915
14.8435 -4.76768
14.9435 -1.59963
15.0435 1.72752
15.1435 4.22904
15.2435 5.27608
15.3435 4.71166
15.4435 2.87714
15.5435 0.555935
15.6435 -1.36834
15.7435 -2.38118
15.8435 -2.5144
15.9435 -2.2765
16.0435 -2.05804
16.1435 -1.97335
16.2435 -1.79331
16.3435 -1.20452
16.4435 0.000216354
16.5435 1.71091
16.6435 3.41617
16.7435 4.40018
16.8435 4.20181
16.9435 2.64406
17.0435 0.222165
17.1435 -1.99883
17.2435 -2.882
17.3435 -1.9147
17.4435 0.651747
17.5435 3.95408
17.6435 6.62403
17.7435 7.83046
17.8435 7.53137
17.9435 6.08131
18.0435 4.03176
18.1435 1.98674
18.2435 0.247129
18.3435 -1.37644
18.4435 -3.29075
18.5435 -5.65808
18.6435 -8.03721
18.7435 -9.59393
18.8435 -9.60881
18.9435 -7.50387
19.0435 -3.43214
19.1435 1.26016
19.2435 4.95832
19.3435 6.71097
19.4435 6.37623
19.5435 4.46071
19.6435 2.07507
19.7435 0.402025
19.8435 -0.0209503
19.9435 0.521663
20.0435 1.39111
20.1435 1.82973
20.2435 1.46576
20.3435 0.475264
20.4435 -0.57887
20.5435 -1.14407
20.6435 -1.12495
20.7435 -0.917613
20.8435 -1.24272
20.9435 -2.70583
21.0435 -5.49202
21.1435 -8.81799
21.2435 -11.0639
21.3435 -11.0447
21.4435 -8.61684
21.5435 -3.99408
21.6435 2.32205
21.7435 9.59497
21.8435 16.8558
21.9435 22.9327
22.0435 26.3834
22.1435 25.6682
22.2435 19.5958
22.3435 6.62766
22.4435 -14.2632
22.5435 -40.2913
22.6435 -63.1385
22.7435 -74.0639
22.8435 -71.2962
22.9435 -57.0159
23.0435 -31.2495
23.1435 3.64657
23.2435 41.3697
23.3435 73.8773
23.4435 94.4211
23.5435 100.253
23.6435 90.4088
23.7435 64.2995
23.8435 28.147
23.9435 -8.38525
24.0435 -38.0511
24.1435 -59.287
24.2435 -72.399
24.3435 -77.2504
24.4435 -74.593
24.5435 -66.8506
24.6435 -56.3061
24.7435 -44.2475
24.8435 -31.2909
24.9435 -17.8651
25.0435 -4.40668
25.1435 8.80628
25.2435 21.5541
25.3435 33.5088
25.4435 44.1185
25.5435 52.4084
25.6435 56.9844
25.7435 56.8038
25.8435 52.0373
25.9435 43.9081
26.0435 33.9216
26.1435 23.3794
26.2435 12.9904
26.3435 2.84657
26.4435 -7.1388
26.5435 -17.0323
26.6435 -26.542
26.7435 -34.9865
26.8435 -41.3411
26.9435 -44.8589
27.0435 -45.4208
27.1435 -43.4388
27.2435 -39.6542
27.3435 -34.8367
27.4435 -29.4494
27.5435 -23.5829
27.6435 -17.107
27.7435 -9.92532
27.8435 -2.08194
27.9435 6.15321
28.0435 14.1869
28.1435 21.2322
28.2435 26.5926
28.3435 29.8738
28.4435 31.0509
28.5435 30.5454
28.6435 29.0435
28.7435 27.0837
28.8435 24.9806
28.9435 22.7935
29.0435 20.3769
29.1435 17.5397
29.2435 14.2202
29.3435 10.4625
29.4435 6.37703
29.5435 2.15804
29.6435 -2.03431
29.7435 -6.19425
29.8435 -10.3401
29.9435 -14.461
30.0435 -18.4676
30.1435 -22.2354
30.2435 -25.4548
30.3435 -27.6303
30.4435 -28.3491
30.5435 -27.4792
30.6435 -25.1365
30.7435 -21.7516
30.8435 -17.9233
30.9435 -14.1678
31.0435 -10.7649
31.1435 -7.82914
31.2435 -5.32554
31.3435 -3.11155
31.4435 -1.05973
31.5435 1.01055
31.6435 3.16787
31.7435 5.49069
31.8435 8.03763
31.9435 10.9215
32.0435 14.1783
32.1435 17.6506
32.2435 20.984
32.3435 23.6054
32.4435 24.9703
32.5435 24.6661
32.6435 22.7093
32.7435 19.4404
32.8435 15.4406
32.9435 11.3741
33.0435 7.72503
33.1435 4.65974
33.2435 2.04926
33.3435 -0.361539
33.4435 -2.83691
33.5435 -5.37097
33.6435 -7.65693
33.7435 -9.39682
33.8435 -10.524
33.9435 -11.133
34.0435 -11.4268
34.1435 -11.7213
34.2435 -12.3531
34.3435 -13.5597
34.4435 -15.2317
34.5435 -16.8833
34.6435 -17.8685
34.7435 -17.8023
34.8435 -16.5603
34.9435 -14.1697
35.0435 -10.8158
35.1435 -6.82648
35.2435 -2.58295
35.3435 1.48421
35.4435 4.91439
35.5435 7.46745
35.6435 9.00664
35.7435 9.47466
35.8435 8.9493
35.9435 7.65213
36.0435 6.03012
36.1435 4.56086
36.2435 3.61388
36.3435 3.42024
36.4435 4.12115
36.5435 5.70637
36.6435 8.05678
36.7435 10.709
36.8435 12.9026
36.9435 13.9758
37.0435 13.7092
37.1435 12.1783
37.2435 9.7968
37.3435 7.18976
37.4435 4.88304
37.5435 3.15613
37.6435 1.96465
37.7435 1.04949
37.8435 0.1003
37.9435 -1.04303
38.0435 -2.2992
38.1435 -3.44345
38.2435 -4.22689
38.3435 -4.71754
38.4435 -5.31684
38.5435 -6.53657
38.6435 -8.63738
38.7435 -11.5473
38.8435 -14.7497
38.9435 -17.4254
39.0435 -18.6925
39.1435 -17.9864
39.2435 -15.4435
39.3435 -11.6731
39.4435 -7.62693
39.5435 -4.12736
39.6435 -1.49537
39.7435 0.415758
39.8435 1.87956
39.9435 3.10336
40.0435 4.22015
40.1435 5.17885
40.2435 5.79192
40.3435 5.95838
40.4435 5.72914
40.5435 5.40092
40.6435 5.42956
40.7435 6.1954
40.8435 7.72317
40.9435 9.65695
41.0435 11.3315
41.1435 12.1616
41.2435 11.8099
41.3435 10.3121
41.4435 8.0417
41.5435 5.58457
41.6435 3.42272
41.7435 1.76067
41.8435 0.59725
41.9435 -0.221916
42.0435 -0.895276
42.1435 -1.57507
42.2435 -2.15132
42.3435 -2.43727
42.4435 -2.32254
42.5435 -1.85058
42.6435 -1.22799
42.7435 -0.741767
42.8435 -0.62158
42.9435 -1.003
43.0435 -1.79467
43.1435 -2.76546
43.2435 -3.71512
43.3435 -4.57253
43.4435 -5.29571
43.5435 -5.92086
43.6435 -6.50457
43.7435 -7.09225
43.8435 -7.53046
43.9435 -7.63987
44.0435 -7.2244
44.1435 -6.25995
44.2435 -4.79916
44.3435 -3.11872
44.4435 -1.61412
44.5435 -0.589433
44.6435 -0.186223
44.7435 -0.322149
44.8435 -0.653351
44.9435 -0.700824
45.0435 -0.0796339
45.1435 1.27283
45.2435 3.04189
45.3435 4.81643
45.4435 6.19681
45.5435 6.94152
45.6435 7.10274
45.7435 6.8722
45.8435 6.56833
45.9435 6.43337
46.0435 6.48424
46.1435 6.54587
46.2435 6.31256
46.3435 5.51414
46.4435 4.32532
46.5435 3.20558
46.6435 2.62528
46.7435 2.82935
46.8435 3.68747
46.9435 4.73042
47.0435 5.2331
47.1435 4.63879
47.2435 2.88551
47.3435 0.277941
47.4435 -2.47278
47.5435 -4.65473
47.6435 -5.89538
47.7435 -6.38608
47.8435 -6.56749
47.9435 -6.77135
48.0435 -7.04055
48.1435 -7.17413
48.2435 -6.81629
48.3435 -5.65442
48.4435 -3.72101
48.5435 -1.59426
48.6435 -0.106759
48.7435 0.0411048
48.8435 -1.45573
48.9435 -4.01258
49.0435 -6.30759
49.1435 -7.25176
49.2435 -6.47641
49.3435 -4.10122
49.4435 -0.90826
49.5435 1.96807
49.6435 3.66615
49.7435 3.99467
49.8435 3.30599
49.9435 2.25082
50.0435 1.43932
50.1435 1.18338
50.2435 1.31724
50.3435 1.38495
50.4435 1.02827
50.5435 0.347543
50.6435 -0.148111
50.7435 0.0786603
50.8435 1.34992
50.9435 3.55294
51.0435 6.12331
51.1435 8.16265
51.2435 8.9851
51.3435 8.28452
51.4435 6.38051
51.5435 3.97785
51.6435 1.94152
51.7435 0.844941
51.8435 0.638552
51.9435 0.932284
52.0435 1.14918
52.1435 0.943722
52.2435 0.349431
52.3435 -0.264862
52.4435 -0.398935
52.5435 0.210019
52.6435 1.46072
52.7435 2.93142
52.8435 3.89984
52.9435 3.83031
53.0435 2.56567
53.1435 0.384691
53.2435 -2.05546
53.3435 -3.98905
53.4435 -4.99998
53.5435 -5.10023
53.6435 -4.57947
53.7435 -3.99472
53.8435 -3.74714
53.9435 -3.9628
54.0435 -4.51655
54.1435 -5.07185
54.2435 -5.32072
54.3435 -5.20228
54.4435 -4.8621
54.5435 -4.58561
54.6435 -4.55987
54.7435 -4.84318
54.8435 -5.28921
54.9435 -5.45267
55.0435 -4.91923
55.1435 -3.52484
55.2435 -1.39961
55.3435 1.15285
55.4435 3.64055
55.5435 5.5043
55.6435 6.43562
55.7435 6.45424
55.8435 5.89872
55.9435 5.25813
56.0435 4.86595
56.1435 4.84148
56.2435 4.99902
56.3435 5.01758
56.4435 4.72264
56.5435 4.22432
56.6435 3.80267
56.7435 3.79934
56.8435 4.32611
56.9435 5.27065
57.0435 6.14369
57.1435 6.29562
57.2435 5.23388
57.3435 2.81587
57.4435 -0.536625
57.5435 -3.77765
57.6435 -5.87301
57.7435 -6.43701
57.8435 -5.51527
57.9435 -3.37384
58.0435 -0.539182
58.1435 2.32238
58.2435 4.54996
58.3435 5.75518
58.4435 5.80239
58.5435 4.89676
58.6435 3.34276
58.7435 1.40396
58.8435 -0.716801
58.9435 -2.80936
59.0435 -4.62501
59.1435 -5.98059
59.2435 -6.83112
59.3435 -7.31545
59.4435 -7.56789
59.5435 -7.74004
59.6435 -7.88777
59.7435 -7.90577
59.8435 -7.60047
59.9435 -6.80478
60.0435 -5.44347
60.1435 -3.65241
60.2435 -1.7952
60.3435 -0.239326
60.4435 0.872992
60.5435 1.48249
60.6435 1.66739
60.7435 1.64808
60.8435 1.61373
60.9435 1.67108
61.0435 1.79128
61.1435 1.89698
61.2435 2.04988
61.3435 2.40824
61.4435 3.07563
61.5435 4.11887
61.6435 5.55376
61.7435 7.09595
61.8435 8.28796
61.9435 8.75043
62.0435 8.31209
62.1435 7.10269
62.2435 5.49686
62.3435 3.93519
62.4435 2.77044
62.5435 2.14308
62.6435 1.89703
62.7435 1.71997
62.8435 1.31153
62.9435 0.623807
63.0435 -0.0990439
63.1435 -0.541219
63.2435 -0.582304
63.3435 -0.340189
63.4435 -0.122422
63.5435 -0.235009
63.6435 -0.891149
63.7435 -2.13294
63.8435 -3.70304
63.9435 -5.1157
64.0435 -5.89814
64.1435 -5.86381
64.2435 -5.12819
64.3435 -3.99224
64.4435 -2.75285
64.5435 -1.65027
64.6435 -0.776131
64.7435 -0.0425442
64.8435 0.5097
64.9435 0.754513
65.0435 0.581364
65.1435 -0.14032
65.2435 -1.37861
65.3435 -2.9525
65.4435 -4.44174
65.5435 -5.42523
65.6435 -5.52376
65.7435 -4.65148
65.8435 -3.04499
65.9435 -1.16253
66.0435 0.491702
66.1435 1.68288
66.2435 2.35428
66.3435 2.62696
66.4435 2.66279
66.5435 2.67551
66.6435 2.65697
66.7435 2.48402
66.8435 2.04454
66.9435 1.4526
67.0435 0.999333
67.1435 0.958544
67.2435 1.4515
67.3435 2.42991
67.4435 3.75325
67.5435 5.16217
67.6435 6.28067
67.7435 6.81946
67.8435 6.71418
67.9435 6.15117
68.0435 5.35287
68.1435 4.47178
68.2435 3.59871
68.3435 2.71091
68.4435 1.69691
68.5435 0.457857
68.6435 -0.984698
68.7435 -2.31505
68.8435 -3.18844
68.9435 -3.39356
69.0435 -2.92186
69.1435 -2.02541
69.2435 -1.09681
69.3435 -0.549569
69.4435 -0.57084
69.5435 -1.09494
69.6435 -1.85901
69.7435 -2.59348
69.8435 -3.20805
69.9435 -3.64495
70.0435 -3.98129
70.1435 -4.31865
70.2435 -4.59557
70.3435 -4.65046
70.4435 -4.29607
70.5435 -3.38804
70.6435 -1.93338
70.7435 -0.192386
70.8435 1.37866
70.9435 2.27332
71.0435 2.12206
71.1435 0.978254
71.2435 -0.686191
71.3435 -2.13603
71.4435 -2.75699
71.5435 -2.39614
71.6435 -1.14817
71.7435 0.553896
71.8435 2.10492
71.9435 3.22004
72.0435 3.7413
72.1435 3.74221
72.2435 3.44716
72.3435 3.02776
72.4435 2.65722
72.5435 2.50965
72.6435 2.40647
72.7435 2.26938
72.8435 2.07901
72.9435 1.88634
73.0435 1.79991
73.1435 1.96746
73.2435 2.32483
73.3435 2.77257
73.4435 3.01207
73.5435 2.94104
73.6435 2.42728
73.7435 1.55241
73.8435 0.624696
73.9435 -0.150244
74.0435 -0.54838
74.1435 -0.587527
74.2435 -0.377744
74.3435 -0.124421
74.4435 -0.0866744
74.5435 -0.385072
74.6435 -0.911021
74.7435 -1.54193
74.8435 -2.0614
74.9435 -2.27689
75.0435 -2.01759
75.1435 -1.39611
75.2435 -0.675407
75.3435 -0.133117
75.4435 0.0934977
75.5435 0.0376926
75.6435 -0.156036
75.7435 -0.426502
75.8435 -0.600427
75.9435 -0.723219
76.0435 -0.809317
76.1435 -0.955111
76.2435 -1.33264
76.3435 -1.90226
76.4435 -2.43167
76.5435 -2.66267
76.6435 -2.37976
76.7435 -1.70358
76.8435 -0.75977
76.9435 0.100159
77.0435 0.738773
77.1435 1.13657
77.2435 1.21417
77.3435 1.0576
77.4435 0.876955
77.5435 0.79858
77.6435 0.911053
77.7435 1.09423
77.8435 1.15731
77.9435 1.10454
78.0435 1.03521
78.1435 1.03204
78.2435 1.21358
78.3435 1.58438
78.4435 1.91619
78.5435 2.08978
78.6435 1.86226
78.7435 1.2556
78.8435 0.50282
78.9435 -0.126912
79.0435 -0.395767
79.1435 -0.151431
79.2435 0.564376
79.3435 1.57306
79.4435 2.53725
79.5435 3.06709
79.6435 3.06236
79.7435 2.55289
79.8435 1.67984
79.9435 0.771208
80.0435 0.0537839
80.1435 -0.446331
80.2435 -0.807362
80.3435 -0.990727
80.4435 -0.988828
80.5435 -0.737545
80.6435 -0.213512
80.7435 0.412614
80.8435 0.972266
80.9435 1.14841
81.0435 0.661342
81.1435 -0.504115
81.2435 -1.99794
81.3435 -3.53717
81.4435 -4.59123
81.5435 -4.75404
81.6435 -4.01354
81.7435 -2.61946
81.8435 -1.04838
81.9435 0.182984
82.0435 0.993891
82.1435 1.35449
82.2435 1.43418
82.3435 1.40745
82.4435 1.32097
82.5435 1.1605
82.6435 0.806108
82.7435 0.226058
82.8435 -0.51027
82.9435 -1.23958
83.0435 -1.76305
83.1435 -1.84785
83.2435 -1.49744
83.3435 -0.880297
83.4435 -0.187041
83.5435 0.367798
83.6435 0.756916
83.7435 1.04552
83.8435 1.33196
83.9435 1.63925
84.0435 1.90629
84.1435 2.02535
84.2435 1.93042
84.3435 1.62583
84.4435 1.21029
84.5435 0.836128
84.6435 0.701236
84.7435 0.980243
84.8435 1.5454
84.9435 2.14879
85.0435 2.44416
85.1435 2.32652
85.2435 1.81288
85.3435 1.12471
85.4435 0.465675
85.5435 0.0391498
85.6435 -0.232641
85.7435 -0.524477
85.8435 -0.829351
85.9435 -1.23419
86.0435 -1.64092
86.1435 -1.86961
86.2435 -1.72839
86.3435 -1.14203
86.4435 -0.246078
86.5435 0.580455
86.6435 1.00471
86.7435 0.891323
86.8435 0.30527
86.9435 -0.569749
87.0435 -1.47337
87.1435 -2.06764
87.2435 -2.28201
87.3435 -2.13924
87.4435 -1.72629
87.5435 -1.21992
87.6435 -0.745895
87.7435 -0.335247
87.8435 0.0786098
87.9435 0.554566
88.0435 1.01643
88.1435 1.27486
88.2435 1.21691
88.3435 0.835131
88.4435 0.285891
88.5435 -0.120933
88.6435 -0.323428
88.7435 -0.337925
88.8435 -0.124735
88.9435 0.102464
89.0435 0.274111
89.1435 0.258581
89.2435 0.0903048
89.3435 -0.0183717
89.4435 0.0262825
89.5435 0.252574
89.6435 0.57477
89.7435 0.815302
89.8435 0.866789
89.9435 0.734209
90.0435 0.437802
90.1435 0.225756
90.2435 0.160178
90.3435 0.349086
90.4435 0.713393
90.5435 1.09054
90.6435 1.24737
90.7435 1.12703
90.8435 0.727276
90.9435 0.339018
91.0435 0.145378
91.1435 0.198801
91.2435 0.387021
91.3435 0.54118
91.4435 0.494073
91.5435 0.193474
91.6435 -0.241013
91.7435 -0.620708
91.8435 -0.809508
91.9435 -0.637282
92.0435 -0.228444
92.1435 0.168261
92.2435 0.376761
92.3435 0.241387
92.4435 -0.220983
92.5435 -0.724627
92.6435 -1.02366
92.7435 -1.08662
92.8435 -0.840096
92.9435 -0.456688
93.0435 -0.169229
93.1435 -0.0646637
93.2435 -0.165566
93.3435 -0.387536
93.4435 -0.493022
93.5435 -0.338958
93.6435 0.0842123
93.7435 0.587226
93.8435 0.925316
93.9435 0.849811
94.0435 0.461397
94.1435 -0.112602
94.2435 -0.592548
94.3435 -0.78458
94.4435 -0.658545
94.5435 -0.306586
94.6435 0.111218
94.7435 0.415883
94.8435 0.508154
94.9435 0.404743
95.0435 0.25685
95.1435 0.157821
95.2435 0.189709
95.3435 0.30461
95.4435 0.440088
95.5435 0.463512
95.6435 0.362652
95.7435 0.14367
95.8435 -0.0495532
95.9435 -0.180188
96.0435 -0.197351
96.1435 -0.0591834
96.2435 0.0639784
96.3435 0.118573
96.4435 0.0913824
96.5435 0.113821
96.6435 0.164565
96.7435 0.289786
96.8435 0.518697
96.9435 0.724096
97.0435 0.901596
97.1435 0.873564
97.2435 0.653668
97.3435 0.317381
97.4435 0.0356184
97.5435 -0.140449
97.6435 -0.12688
97.7435 0.0154348
