-2.99135 0.985357
-2.89135 1.43278
-2.79135 1.81358
-2.69135 2.01376
-2.59135 2.05187
-2.49135 1.93345
-2.39135 1.61216
-2.29135 1.11578
-2.19135 0.567134
-2.09135 -0.0380516
-1.99135 -0.604136
-1.89135 -1.03414
-1.79135 -1.34657
-1.69135 -1.5327
-1.59135 -1.60123
-1.49135 -1.44295
-1.39135 -1.1557
-1.29135 -0.809504
-1.19135 -0.310703
-1.09135 0.216432
-0.991348 0.671815
-0.891348 1.01901
-0.791348 1.25954
-0.691348 1.33179
-0.591348 1.18958
-0.491348 0.910815
-0.391348 0.633936
-0.291348 0.346408
-0.191348 0.138654
-0.091348 -0.0658623
0.008652 -0.351258
0.108652 -0.58139
0.208652 -0.791715
0.308652 -0.956937
0.408652 -1.01898
0.508652 -0.930876
0.608652 -0.645453
0.708652 -0.24265
0.808652 0.326426
0.908652 0.869141
1.00865 1.26813
1.10865 1.607
1.20865 1.76282
1.30865 1.73936
1.40865 1.48271
1.50865 1.17825
1.60865 0.816981
1.70865 0.38525
1.80865 -0.109923
1.90865 -0.610635
2.00865 -1.05605
2.10865 -1.39117
2.20865 -1.60802
2.30865 -1.70407
2.40865 -1.6589
2.50865 -1.46953
2.60865 -1.10743
2.70865 -0.663626
2.80865 -0.225724
2.90865 0.269988
3.00865 0.752266
3.10865 1.18274
3.20865 1.55962
3.30865 1.81697
3.40865 1.87836
3.50865 1.79246
3.60865 1.4567
3.70865 0.901492
3.80865 0.216275
3.90865 -0.488267
4.00865 -1.04285
4.10865 -1.43217
4.20865 -1.50118
4.30865 -1.27105
4.40865 -0.806685
4.50865 -0.207685
4.60865 0.511419
4.70865 1.22045
4.80865 1.78758
4.90865 2.12745
5.00865 2.22783
5.10865 2.08556
5.20865 1.76256
5.30865 1.3509
5.40865 0.824718
5.50865 0.264544
5.60865 -0.261306
5.70865 -0.779008
5.80865 -1.30818
5.90865 -1.78096
6.00865 -2.09276
6.10865 -2.32297
6.20865 -2.4161
6.30865 -2.34349
6.40865 -2.07825
6.50865 -1.54723
6.60865 -0.842468
6.70865 -0.0396987
6.80865 0.794793
6.90865 1.56236
7.00865 2.14147
7.10865 2.49342
7.20865 2.63424
7.30865 2.57144
7.40865 2.34765
7.50865 2.02306
7.60865 1.61067
7.70865 1.17312
7.80865 0.674383
7.90865 0.256996
8.00865 -0.172139
8.10865 -0.632951
8.20865 -1.10346
8.30865 -1.55784
8.40865 -2.00221
8.50865 -2.29549
8.60865 -2.36881
8.70865 -2.11418
8.80865 -1.64986
8.90865 -1.02934
9.00865 -0.347136
9.10865 0.338328
9.20865 1.00295
9.30865 1.56278
9.40865 1.98318
9.50865 2.20653
9.60865 2.29624
9.70865 2.25256
9.80865 2.11146
9.90865 1.82686
10.0087 1.40162
10.1087 0.889139
10.2087 0.370676
10.3087 -0.140271
10.4087 -0.573754
10.5087 -0.8942
10.6087 -1.09605
10.7087 -1.09366
10.8087 -0.971016
10.9087 -0.684766
11.0087 -0.352309
11.1087 -0.0186984
11.2087 0.340625
11.3087 0.724907
11.4087 1.10597
11.5087 1.45982
11.6087 1.76488
11.7087 1.95632
11.8087 2.04341
11.9087 1.93321
12.0087 1.6215
12.1087 1.18249
12.2087 0.578212
12.3087 -0.124444
12.4087 -0.838324
12.5087 -1.56138
12.6087 -2.21181
12.7087 -2.67942
12.8087 -3.01273
12.9087 -3.17153
13.0087 -3.13765
13.1087 -2.77766
13.2087 -2.10777
13.3087 -1.16016
13.4087 -0.0158762
13.5087 1.10578
13.6087 2.037
13.7087 2.65708
13.8087 2.94791
13.9087 2.89536
14.0087 2.51715
14.1087 1.87104
14.2087 1.11336
14.3087 0.433456
14.4087 -0.0898208
14.5087 -0.36265
14.6087 -0.51712
14.7087 -0.458461
14.8087 -0.242828
14.9087 0.265581
15.0087 0.983096
15.1087 1.75064
15.2087 2.51905
15.3087 3.10785
15.4087 3.49327
15.5087 3.56538
15.6087 3.192
15.7087 2.30888
15.8087 1.08603
15.9087 -0.258379
16.0087 -1.49872
16.1087 -2.58014
16.2087 -3.33894
16.3087 -3.65625
16.4087 -3.50896
16.5087 -2.86721
16.6087 -1.87834
16.7087 -0.699538
16.8087 0.473335
16.9087 1.45168
17.0087 2.15002
17.1087 2.6426
17.2087 2.92817
17.3087 2.92752
17.4087 2.70117
17.5087 2.20022
17.6087 1.46897
17.7087 0.509625
17.8087 -0.563319
17.9087 -1.72375
18.0087 -2.78114
18.1087 -3.63737
18.2087 -4.21655
18.3087 -4.42501
18.4087 -4.18848
18.5087 -3.71008
18.6087 -2.95686
18.7087 -1.98592
18.8087 -0.831984
18.9087 0.456379
19.0087 1.82504
19.1087 3.03849
19.2087 4.03677
19.3087 4.74048
19.4087 5.08109
19.5087 5.09005
19.6087 4.73329
19.7087 4.06293
19.8087 3.2748
19.9087 2.47582
20.0087 1.66388
20.1087 0.866832
20.2087 0.102342
20.3087 -0.552258
20.4087 -1.05568
20.5087 -1.30263
20.6087 -1.2958
20.7087 -1.05321
20.8087 -0.667714
20.9087 -0.199119
21.0087 0.255809
21.1087 0.582984
21.2087 0.732424
21.3087 0.804814
21.4087 0.80354
21.5087 0.715143
21.6087 0.559656
21.7087 0.348429
21.8087 0.138632
21.9087 -0.0322746
22.0087 -0.145091
22.1087 -0.198626
22.2087 -0.166977
22.3087 -0.0666524
22.4087 0.0545285
22.5087 0.150419
22.6087 0.0161624
22.7087 -0.473454
22.8087 -1.2712
22.9087 -2.09763
23.0087 -2.72715
23.1087 -2.99593
23.2087 -2.80015
23.3087 -2.1163
23.4087 -1.01348
23.5087 0.305232
23.6087 1.54305
23.7087 2.39843
23.8087 2.71016
23.9087 2.51383
24.0087 1.9642
24.1087 1.31689
24.2087 0.760715
24.3087 0.440502
24.4087 0.412617
24.5087 0.620402
24.6087 0.991551
24.7087 1.37538
24.8087 1.68146
24.9087 1.82467
25.0087 1.81152
25.1087 1.74994
25.2087 1.69975
25.3087 1.62979
25.4087 1.50276
25.5087 1.238
25.6087 0.84092
25.7087 0.368234
25.8087 -0.108728
25.9087 -0.511171
26.0087 -0.74408
26.1087 -0.759838
26.2087 -0.584416
26.3087 -0.194013
26.4087 0.293771
26.5087 0.77127
26.6087 1.20863
26.7087 1.53958
26.8087 1.67939
26.9087 1.58277
27.0087 1.21842
27.1087 0.715224
27.2087 0.125293
27.3087 -0.513463
27.4087 -1.16314
27.5087 -1.74461
27.6087 -2.20233
27.7087 -2.4364
27.8087 -2.45137
27.9087 -2.25642
28.0087 -1.87601
28.1087 -1.29835
28.2087 -0.570999
28.3087 0.15676
28.4087 0.725046
28.5087 0.993828
28.6087 0.963737
28.7087 0.740148
28.8087 0.41937
28.9087 0.12793
29.0087 -0.00134359
29.1087 0.164439
29.2087 0.674838
29.3087 1.37893
29.4087 2.11404
29.5087 2.7629
29.6087 3.178
29.7087 3.2535
29.8087 3.02378
29.9087 2.53679
30.0087 1.88611
30.1087 1.24748
30.2087 0.704716
30.3087 0.28006
30.4087 0.0287134
30.5087 -0.0459152
30.6087 -0.0224977
30.7087 0.0205202
30.8087 -0.0109905
30.9087 -0.151169
31.0087 -0.361474
31.1087 -0.630622
31.2087 -0.981885
31.3087 -1.418
31.4087 -1.92827
31.5087 -2.35386
31.6087 -2.55508
31.7087 -2.38261
31.8087 -1.79321
31.9087 -0.88153
32.0087 0.213208
32.1087 1.31668
32.2087 2.32969
32.3087 3.13126
32.4087 3.65139
32.5087 3.93653
32.6087 4.07862
32.7087 4.09708
32.8087 3.99339
32.9087 3.7036
33.0087 3.16085
33.1087 2.35134
33.2087 1.22416
33.3087 -0.171943
33.4087 -1.67882
33.5087 -3.16139
33.6087 -4.553
33.7087 -5.84372
33.8087 -7.07691
33.9087 -8.2222
34.0087 -9.08561
34.1087 -9.20959
34.2087 -8.0731
34.3087 -5.38254
34.4087 -1.18345
34.5087 4.50785
34.6087 11.5892
34.7087 19.2767
34.8087 25.5875
34.9087 28.3587
35.0087 25.9429
35.1087 16.7435
35.2087 -1.37401
35.3087 -27.6369
35.4087 -55.8973
35.5087 -76.4935
35.6087 -82.8351
35.7087 -74.9619
35.8087 -55.3286
35.9087 -26.0105
36.0087 10.0685
36.1087 49.1203
36.2087 84.8376
36.3087 109.722
36.4087 119.144
36.5087 109.824
36.6087 78.0734
36.7087 29.1328
36.8087 -23.1051
36.9087 -65.8089
37.0087 -92.3105
37.1087 -102.992
37.2087 -100.928
37.3087 -90.353
37.4087 -75.6522
37.5087 -59.7294
37.6087 -43.5585
37.7087 -27.142
37.8087 -10.4686
37.9087 6.4937
38.0087 23.6107
38.1087 40.2494
38.2087 55.0882
38.3087 66.2307
38.4087 72.139
38.5087 72.3783
38.6087 68.184
38.7087 61.145
38.8087 52.0448
38.9087 41.0716
39.0087 28.2214
39.1087 13.2453
39.2087 -4.28147
39.3087 -23.3293
39.4087 -41.2769
39.5087 -55.6192
39.6087 -65.1223
39.7087 -69.4128
39.8087 -69.0076
39.9087 -65.151
40.0087 -59.009
40.1087 -51.1072
40.2087 -41.6517
40.3087 -30.7389
40.4087 -18.6669
40.5087 -6.22863
40.6087 5.61386
40.7087 16.0609
40.8087 24.6159
40.9087 31.0921
41.0087 35.6539
41.1087 38.6987
41.2087 40.6695
41.3087 41.7334
41.4087 41.7619
41.5087 40.5105
41.6087 37.6933
41.7087 33.3243
41.8087 27.8409
41.9087 21.8309
42.0087 15.7494
42.1087 9.70501
42.2087 3.44786
42.3087 -3.30125
42.4087 -10.6554
42.5087 -18.3211
42.6087 -25.4829
42.7087 -31.1738
42.8087 -34.6233
42.9087 -35.8865
43.0087 -35.6098
43.1087 -34.3724
43.2087 -32.6235
43.3087 -30.6605
43.4087 -28.3563
43.5087 -25.4072
43.6087 -21.6012
43.7087 -17.005
43.8087 -11.9222
43.9087 -6.79059
44.0087 -1.9587
44.1087 2.53039
44.2087 6.72144
44.3087 10.6943
44.4087 14.4983
44.5087 18.0283
44.6087 21.0697
44.7087 23.4236
44.8087 24.9607
44.9087 25.6578
45.0087 25.5883
45.1087 24.9036
45.2087 23.743
45.3087 22.1161
45.4087 19.9526
45.5087 17.1767
45.6087 13.763
45.7087 9.89407
45.8087 5.82229
45.9087 1.78268
46.0087 -2.0544
46.1087 -5.70457
46.2087 -9.20717
46.3087 -12.6233
46.4087 -15.9584
46.5087 -18.9861
46.6087 -21.303
46.7087 -22.7148
46.8087 -23.1428
46.9087 -22.596
47.0087 -21.3068
47.1087 -19.7275
47.2087 -18.185
47.3087 -16.7539
47.4087 -15.379
47.5087 -13.9053
47.6087 -12.1172
47.7087 -9.85743
47.8087 -7.04842
47.9087 -3.64298
48.0087 0.228085
48.1087 4.33036
48.2087 8.32507
48.3087 11.9164
48.4087 14.8747
48.5087 16.962
48.6087 17.9361
48.7087 17.7549
48.8087 16.661
48.9087 15.0379
49.0087 13.3969
49.1087 12.0756
49.2087 11.1331
49.3087 10.5267
49.4087 10.1254
49.5087 9.77444
49.6087 9.34733
49.7087 8.75909
49.8087 7.9516
49.9087 6.92301
50.0087 5.74951
50.1087 4.44238
50.2087 2.97489
50.3087 1.25966
50.4087 -0.749736
50.5087 -3.04482
50.6087 -5.53873
50.7087 -8.05964
50.8087 -10.4904
50.9087 -12.7202
51.0087 -14.7096
51.1087 -16.4168
51.2087 -17.8113
51.3087 -18.8233
51.4087 -19.406
51.5087 -19.4514
51.6087 -18.937
51.7087 -17.8917
51.8087 -16.3301
51.9087 -14.2477
52.0087 -11.6634
52.1087 -8.67101
52.2087 -5.40573
52.3087 -2.03064
52.4087 1.27154
52.5087 4.39507
52.6087 7.25036
52.7087 9.70296
52.8087 11.6084
52.9087 12.8735
53.0087 13.6295
53.1087 14.0728
53.2087 14.4063
53.3087 14.7186
53.4087 14.9615
53.5087 15.0849
53.6087 15.029
53.7087 14.68
53.8087 13.9378
53.9087 12.7511
54.0087 11.1335
54.1087 9.14434
54.2087 6.93873
54.3087 4.67087
54.4087 2.39771
54.5087 0.239403
54.6087 -1.69359
54.7087 -3.31175
54.8087 -4.619
54.9087 -5.69553
55.0087 -6.62286
55.1087 -7.41566
55.2087 -8.0942
55.3087 -8.67068
55.4087 -9.04236
55.5087 -9.19543
55.6087 -9.21453
55.7087 -9.07133
55.8087 -8.82357
55.9087 -8.59385
56.0087 -8.45828
56.1087 -8.52676
56.2087 -8.79576
56.3087 -9.12792
56.4087 -9.39706
56.5087 -9.3932
56.6087 -8.97466
56.7087 -8.0398
56.8087 -6.56689
56.9087 -4.64788
57.0087 -2.4921
57.1087 -0.307546
57.2087 1.76668
57.3087 3.65955
57.4087 5.24373
57.5087 6.48417
57.6087 7.3621
57.7087 7.93634
57.8087 8.30093
57.9087 8.62883
58.0087 8.99855
58.1087 9.35588
58.2087 9.67534
58.3087 9.9182
58.4087 10.0431
58.5087 9.95349
58.6087 9.58865
58.7087 9.00699
58.8087 8.33435
58.9087 7.67622
59.0087 7.01288
59.1087 6.23321
59.2087 5.32896
59.3087 4.32247
59.4087 3.25913
59.5087 2.22507
59.6087 1.26996
59.7087 0.344532
59.8087 -0.616123
59.9087 -1.62326
60.0087 -2.72003
60.1087 -3.89294
60.2087 -5.16068
60.3087 -6.51553
60.4087 -7.91349
60.5087 -9.27572
60.6087 -10.4751
60.7087 -11.4273
60.8087 -12.0793
60.9087 -12.3161
61.0087 -12.199
61.1087 -11.8102
61.2087 -11.0763
61.3087 -9.95277
61.4087 -8.45585
61.5087 -6.712
61.6087 -4.89588
61.7087 -3.12385
61.8087 -1.49055
61.9087 -0.0825211
62.0087 1.10983
62.1087 2.22446
62.2087 3.32863
62.3087 4.38179
62.4087 5.27575
62.5087 6.01024
62.6087 6.58348
62.7087 6.94008
62.8087 7.13874
62.9087 7.26463
63.0087 7.31935
63.1087 7.28383
63.2087 7.17509
63.3087 7.01099
63.4087 6.77506
63.5087 6.4507
63.6087 6.10259
63.7087 5.73086
63.8087 5.40626
63.9087 5.19429
64.0087 5.03853
64.1087 4.87293
64.2087 4.58104
64.3087 4.09364
64.4087 3.39841
64.5087 2.50838
64.6087 1.54121
64.7087 0.581868
64.8087 -0.322563
64.9087 -1.18485
65.0087 -2.03684
65.1087 -2.81811
65.2087 -3.47316
65.3087 -4.01398
65.4087 -4.42814
65.5087 -4.72054
65.6087 -4.88023
65.7087 -4.9199
65.8087 -4.86387
65.9087 -4.75871
66.0087 -4.69433
66.1087 -4.70691
66.2087 -4.81349
66.3087 -4.97115
66.4087 -5.16995
66.5087 -5.33553
66.6087 -5.30051
66.7087 -5.03822
66.8087 -4.62153
66.9087 -4.1239
67.0087 -3.57366
67.1087 -2.98875
67.2087 -2.40493
67.3087 -1.86763
67.4087 -1.33015
67.5087 -0.729729
67.6087 -0.0456885
67.7087 0.748829
67.8087 1.6449
67.9087 2.6152
68.0087 3.62033
68.1087 4.6332
68.2087 5.65949
68.3087 6.662
68.4087 7.55139
68.5087 8.23018
68.6087 8.61218
68.7087 8.62584
68.8087 8.23698
68.9087 7.44751
69.0087 6.28724
69.1087 4.89177
69.2087 3.51613
69.3087 2.4166
69.4087 1.83768
69.5087 1.92426
69.6087 2.57167
69.7087 3.57457
69.8087 4.61737
69.9087 5.19826
70.0087 4.8654
70.1087 3.41436
70.2087 0.891542
70.3087 -2.41256
70.4087 -5.92396
70.5087 -8.80762
70.6087 -10.4655
70.7087 -10.6208
70.8087 -9.24463
70.9087 -6.58086
71.0087 -3.24063
71.1087 -0.0546029
71.2087 2.32467
71.3087 3.5269
71.4087 3.53402
71.5087 2.5459
71.6087 0.852266
71.7087 -1.19704
71.8087 -3.28481
71.9087 -5.13671
72.0087 -6.52554
72.1087 -7.46139
72.2087 -7.95434
72.3087 -7.96814
72.4087 -7.52437
72.5087 -6.62541
72.6087 -5.30936
72.7087 -3.70919
72.8087 -2.06049
72.9087 -0.535769
73.0087 0.811784
73.1087 1.98488
73.2087 2.99236
73.3087 3.9479
73.4087 4.81019
73.5087 5.48026
73.6087 5.91972
73.7087 6.19296
73.8087 6.36326
73.9087 6.40941
74.0087 6.38538
74.1087 6.2937
74.2087 6.0881
74.3087 5.83069
74.4087 5.54253
74.5087 5.15164
74.6087 4.64427
74.7087 4.1207
74.8087 3.66739
74.9087 3.3262
75.0087 3.07474
75.1087 2.90799
75.2087 2.74255
75.3087 2.37078
75.4087 1.6407
75.5087 0.603381
75.6087 -0.6259
75.7087 -1.88438
75.8087 -3.01033
75.9087 -3.83579
76.0087 -4.37582
76.1087 -4.67735
76.2087 -4.7236
76.3087 -4.53754
76.4087 -4.26377
76.5087 -4.02203
76.6087 -3.77354
76.7087 -3.45052
76.8087 -3.10526
76.9087 -2.80225
77.0087 -2.65831
77.1087 -2.65079
77.2087 -2.64479
77.3087 -2.50026
77.4087 -2.19176
77.5087 -1.79576
77.6087 -1.30174
77.7087 -0.695728
77.8087 -0.0578075
77.9087 0.489106
78.0087 0.856762
78.1087 1.04447
78.2087 1.12278
78.3087 1.14062
78.4087 1.15815
78.5087 1.23243
78.6087 1.34739
78.7087 1.50688
78.8087 1.6947
78.9087 1.89224
79.0087 2.12934
79.1087 2.42191
79.2087 2.65379
79.3087 2.76904
79.4087 2.83241
79.5087 2.87911
79.6087 2.94685
79.7087 2.98399
79.8087 2.93106
79.9087 2.82351
80.0087 2.68688
80.1087 2.55755
80.2087 2.48541
80.3087 2.40822
80.4087 2.26822
80.5087 2.13194
80.6087 2.04698
80.7087 2.04564
80.8087 2.06786
80.9087 1.97943
81.0087 1.83362
81.1087 1.63324
81.2087 1.36799
81.3087 0.986323
81.4087 0.489185
81.5087 -0.090015
81.6087 -0.765064
81.7087 -1.50692
81.8087 -2.1736
81.9087 -2.72506
82.0087 -3.13795
82.1087 -3.43087
82.2087 -3.67601
82.3087 -3.89173
82.4087 -4.05199
82.5087 -4.07798
82.6087 -3.97425
82.7087 -3.86746
82.8087 -3.76278
82.9087 -3.55362
83.0087 -3.15544
83.1087 -2.59899
83.2087 -1.93053
83.3087 -1.10023
83.4087 -0.158315
83.5087 0.734916
83.6087 1.46484
83.7087 2.01102
83.8087 2.33134
83.9087 2.39339
84.0087 2.2902
84.1087 2.09782
84.2087 1.82624
84.3087 1.5519
84.4087 1.42179
84.5087 1.46512
84.6087 1.67456
84.7087 2.01569
84.8087 2.44731
84.9087 2.86736
85.0087 3.22117
85.1087 3.51439
85.2087 3.72372
85.3087 3.75118
85.4087 3.63749
85.5087 3.44748
85.6087 3.09834
85.7087 2.64022
85.8087 2.13648
85.9087 1.67106
86.0087 1.206
86.1087 0.689899
86.2087 0.0858405
86.3087 -0.438271
86.4087 -0.931196
86.5087 -1.41666
86.6087 -1.82759
86.7087 -2.08553
86.8087 -2.20371
86.9087 -2.14541
87.0087 -1.94579
87.1087 -1.62911
87.2087 -1.2859
87.3087 -0.95033
87.4087 -0.699377
87.5087 -0.517526
87.6087 -0.394562
87.7087 -0.33431
87.8087 -0.335116
87.9087 -0.289917
88.0087 -0.110802
88.1087 0.149832
88.2087 0.317547
88.3087 0.335203
88.4087 0.308254
88.5087 0.26888
88.6087 0.251582
88.7087 0.201277
88.8087 0.128666
88.9087 -0.0221527
89.0087 -0.240529
89.1087 -0.376309
89.2087 -0.551685
89.3087 -0.732706
89.4087 -0.83696
89.5087 -0.743809
89.6087 -0.496435
89.7087 -0.171316
89.8087 0.135756
89.9087 0.348347
90.0087 0.508132
90.1087 0.605974
90.2087 0.591218
90.3087 0.644466
90.4087 0.718744
90.5087 0.938747
90.6087 1.26747
90.7087 1.61668
90.8087 1.95423
90.9087 2.1808
91.0087 2.31025
91.1087 2.26117
91.2087 2.09759
91.3087 1.78292
91.4087 1.37466
91.5087 0.899325
91.6087 0.529458
91.7087 0.227736
91.8087 0.0836751
91.9087 0.108324
92.0087 0.266038
92.1087 0.471782
92.2087 0.627729
92.3087 0.818675
92.4087 1.05524
92.5087 1.11902
92.6087 1.16742
92.7087 1.09189
92.8087 0.85904
92.9087 0.531744
93.0087 0.197557
93.1087 -0.106243
93.2087 -0.44241
93.3087 -0.818227
93.4087 -1.13922
93.5087 -1.436
93.6087 -1.66735
93.7087 -1.83528
93.8087 -1.94769
93.9087 -2.00208
94.0087 -1.97938
94.1087 -1.84495
94.2087 -1.63168
94.3087 -1.31908
94.4087 -0.896954
94.5087 -0.331277
94.6087 0.2908
94.7087 0.901891
94.8087 1.39803
94.9087 1.71052
95.0087 1.76886
95.1087 1.63211
95.2087 1.32643
95.3087 0.999726
95.4087 0.673306
95.5087 0.44297
95.6087 0.307822
95.7087 0.156609
95.8087 -0.0621638
95.9087 -0.170726
96.0087 -0.169103
96.1087 -0.0577206
96.2087 0.0562799
96.3087 0.235838
96.4087 0.416577
96.5087 0.597228
96.6087 0.74935
96.7087 0.840203
96.8087 0.887825
96.9087 0.881276
97.0087 0.848698
97.1087 0.791093
97.2087 0.679114
97.3087 0.600967
97.4087 0.548362
97.5087 0.55484
97.6087 0.62072
97.7087 0.70963
97.8087 0.791341
97.9087 0.908696
98.0087 1.07189
98.1087 1.14765
98.2087 1.14238
98.3087 0.975481
98.4087 0.704128
98.5087 0.36248
98.6087 -0.00254941
98.7087 -0.326725
98.8087 -0.600757
98.9087 -0.802067
99.0087 -0.878228
99.1087 -0.862812
99.2087 -0.765819
99.3087 -0.654418
