-7.85826 -0.204875
-7.75826 -0.193207
-7.65826 -0.181476
-7.55826 -0.170065
-7.45826 -0.164318
-7.35826 -0.14829
-7.25826 -0.11741
-7.15826 -0.0832083
-7.05826 -0.0367271
-6.95826 0.017051
-6.85826 0.0672318
-6.75826 0.125889
-6.65826 0.224888
-6.55826 0.332713
-6.45826 0.434184
-6.35826 0.528367
-6.25826 0.601692
-6.15826 0.634917
-6.05826 0.604719
-5.95826 0.532757
-5.85826 0.42811
-5.75826 0.309526
-5.65826 0.18556
-5.55826 0.0233146
-5.45826 -0.150351
-5.35826 -0.318401
-5.25826 -0.446858
-5.15826 -0.540005
-5.05826 -0.588993
-4.95826 -0.604894
-4.85826 -0.567532
-4.75826 -0.514469
-4.65826 -0.444937
-4.55826 -0.348986
-4.45826 -0.224381
-4.35826 -0.127182
-4.25826 -0.0447776
-4.15826 0.00908176
-4.05826 0.0379148
-3.95826 0.065288
-3.85826 0.0844396
-3.75826 0.105875
-3.65826 0.123456
-3.55826 0.117001
-3.45826 0.0960374
-3.35826 0.120692
-3.25826 0.170034
-3.15826 0.185683
-3.05826 0.21673
-2.95826 0.265714
-2.85826 0.312107
-2.75826 0.325505
-2.65826 0.312409
-2.55826 0.294948
-2.45826 0.281608
-2.35826 0.243067
-2.25826 0.162934
-2.15826 0.086489
-2.05826 0.0200601
-1.95826 -0.0377993
-1.85826 -0.0853092
-1.75826 -0.12805
-1.65826 -0.142731
-1.55826 -0.147761
-1.45826 -0.128641
-1.35826 -0.114661
-1.25826 -0.0762005
-1.15826 -0.0194967
-1.05826 0.0173329
-0.95826 0.0381677
-0.85826 0.0452711
-0.75826 0.0178538
-0.65826 -0.0413279
-0.55826 -0.11033
-0.45826 -0.175371
-0.35826 -0.246926
-0.25826 -0.316392
-0.15826 -0.366105
-0.0582602 -0.402865
0.0417398 -0.415116
0.14174 -0.428421
0.24174 -0.372896
0.34174 -0.279511
0.44174 -0.171871
0.54174 -0.0340399
0.64174 0.110684
0.74174 0.226649
0.84174 0.341186
0.94174 0.457758
1.04174 0.547919
1.14174 0.594804
1.24174 0.608235
1.34174 0.587823
1.44174 0.526789
1.54174 0.453334
1.64174 0.381473
1.74174 0.318906
1.84174 0.253804
1.94174 0.190274
2.04174 0.149567
2.14174 0.1231
2.24174 0.103794
2.34174 0.0952793
2.44174 0.0774919
2.54174 0.0430393
2.64174 -0.0058292
2.74174 -0.080942
2.84174 -0.175887
2.94174 -0.279913
3.04174 -0.427188
3.14174 -0.594159
3.24174 -0.758132
3.34174 -0.899461
3.44174 -1.01357
3.54174 -1.08105
3.64174 -1.10009
3.74174 -1.04917
3.84174 -0.932417
3.94174 -0.744814
4.04174 -0.497826
4.14174 -0.199823
4.24174 0.140425
4.34174 0.454297
4.44174 0.741014
4.54174 1.00497
4.64174 1.20486
4.74174 1.33115
4.84174 1.38292
4.94174 1.37543
5.04174 1.25098
5.14174 1.04291
5.24174 0.780547
5.34174 0.48823
5.44174 0.186597
5.54174 -0.100009
5.64174 -0.349427
5.74174 -0.529407
5.84174 -0.633433
5.94174 -0.679564
6.04174 -0.656516
6.14174 -0.580432
6.24174 -0.456079
6.34174 -0.300917
6.44174 -0.152125
6.54174 -0.022171
6.64174 0.0788523
6.74174 0.131838
6.84174 0.133972
6.94174 0.0822765
7.04174 0.0153798
7.14174 -0.0659408
7.24174 -0.157256
7.34174 -0.264967
7.44174 -0.338683
7.54174 -0.378822
7.64174 -0.390791
7.74174 -0.380071
7.84174 -0.33915
7.94174 -0.27505
8.04174 -0.190519
8.14174 -0.0833278
8.24174 0.0175727
8.34174 0.0977392
8.44174 0.173679
8.54174 0.259746
8.64174 0.339354
8.74174 0.437734
8.84174 0.51127
8.94174 0.573251
9.04174 0.629917
9.14174 0.658549
9.24174 0.652515
9.34174 0.598265
9.44174 0.530048
9.54174 0.402571
9.64174 0.223576
9.74174 0.0207282
9.84174 -0.187806
9.94174 -0.373538
10.0417 -0.51884
10.1417 -0.600054
10.2417 -0.646472
10.3417 -0.635322
10.4417 -0.553208
10.5417 -0.393987
10.6417 -0.203969
10.7417 -0.00695866
10.8417 0.194449
10.9417 0.349592
11.0417 0.448946
11.1417 0.479484
11.2417 0.429445
11.3417 0.323213
11.4417 0.16307
11.5417 -0.0421619
11.6417 -0.296077
11.7417 -0.503328
11.8417 -0.691272
11.9417 -0.787835
12.0417 -0.811651
12.1417 -0.750479
12.2417 -0.604105
12.3417 -0.384711
12.4417 -0.135148
12.5417 0.151598
12.6417 0.482686
12.7417 0.79124
12.8417 1.03989
12.9417 1.23333
13.0417 1.34166
13.1417 1.3807
13.2417 1.33568
13.3417 1.20368
13.4417 1.00161
13.5417 0.751495
13.6417 0.428907
13.7417 0.0608613
13.8417 -0.348287
13.9417 -0.745652
14.0417 -1.11104
14.1417 -1.4317
14.2417 -1.68102
14.3417 -1.8343
14.4417 -1.87735
14.5417 -1.7792
14.6417 -1.54613
14.7417 -1.17831
14.8417 -0.715782
14.9417 -0.196028
15.0417 0.353093
15.1417 0.875409
15.2417 1.32491
15.3417 1.64834
15.4417 1.83887
15.5417 1.83446
15.6417 1.67227
15.7417 1.34342
15.8417 0.892263
15.9417 0.401902
16.0417 -0.121038
16.1417 -0.583336
16.2417 -0.951227
16.3417 -1.17102
16.4417 -1.23731
16.5417 -1.15055
16.6417 -0.922279
16.7417 -0.601893
16.8417 -0.2375
16.9417 0.113095
17.0417 0.410389
17.1417 0.631989
17.2417 0.710159
17.3417 0.671727
17.4417 0.517742
17.5417 0.280582
17.6417 0.0302561
17.7417 -0.205857
17.8417 -0.375032
17.9417 -0.461687
18.0417 -0.423195
18.1417 -0.261569
18.2417 0.0174926
18.3417 0.342976
18.4417 0.663279
18.5417 0.925807
18.6417 1.11164
18.7417 1.12467
18.8417 0.970448
18.9417 0.648127
19.0417 0.21407
19.1417 -0.288865
19.2417 -0.848653
19.3417 -1.37867
19.4417 -1.80683
19.5417 -2.0694
19.6417 -2.14174
19.7417 -2.0021
19.8417 -1.70296
19.9417 -1.27076
20.0417 -0.737356
20.1417 -0.176927
20.2417 0.340658
20.3417 0.804074
20.4417 1.14681
20.5417 1.35155
20.6417 1.41064
20.7417 1.35376
20.8417 1.2374
20.9417 1.10117
21.0417 0.96156
21.1417 0.866846
21.2417 0.838442
21.3417 0.874639
21.4417 0.959382
21.5417 1.06717
21.6417 1.1663
21.7417 1.22689
21.8417 1.17855
21.9417 0.983858
22.0417 0.622461
22.1417 0.141662
22.2417 -0.434035
22.3417 -1.04659
22.4417 -1.66036
22.5417 -2.19777
22.6417 -2.6011
22.7417 -2.80575
22.8417 -2.76397
22.9417 -2.47888
23.0417 -1.9705
23.1417 -1.2789
23.2417 -0.484792
23.3417 0.353541
23.4417 1.15185
23.5417 1.81606
23.6417 2.28896
23.7417 2.54282
23.8417 2.54261
23.9417 2.2866
24.0417 1.80705
24.1417 1.14968
24.2417 0.411814
24.3417 -0.3366
24.4417 -1.03123
24.5417 -1.63367
24.6417 -2.08185
24.7417 -2.36672
24.8417 -2.44386
24.9417 -2.30558
25.0417 -2.02478
25.1417 -1.6047
25.2417 -1.09013
25.3417 -0.500906
25.4417 0.150731
25.5417 0.821115
25.6417 1.45609
25.7417 2.03534
25.8417 2.54759
25.9417 2.98649
26.0417 3.31652
26.1417 3.50045
26.2417 3.52765
26.3417 3.38695
26.4417 3.05611
26.5417 2.52245
26.6417 1.80824
26.7417 0.912541
26.8417 -0.0972958
26.9417 -1.20636
27.0417 -2.33633
27.1417 -3.42932
27.2417 -4.4027
27.3417 -5.17157
27.4417 -5.69321
27.5417 -5.87696
27.6417 -5.71497
27.7417 -5.19866
27.8417 -4.3421
27.9417 -3.17199
28.0417 -1.76784
28.1417 -0.222514
28.2417 1.37849
28.3417 2.9535
28.4417 4.41042
28.5417 5.64103
28.6417 6.54851
28.7417 7.06498
28.8417 7.13156
28.9417 6.75025
29.0417 5.92135
29.1417 4.72153
29.2417 3.19094
29.3417 1.43841
29.4417 -0.406136
29.5417 -2.23677
29.6417 -3.95032
29.7417 -5.42105
29.8417 -6.52232
29.9417 -7.16475
30.0417 -7.3011
30.1417 -6.92041
30.2417 -6.0685
30.3417 -4.82051
30.4417 -3.2865
30.5417 -1.58073
30.6417 0.16241
30.7417 1.81578
30.8417 3.26896
30.9417 4.43029
31.0417 5.20467
31.1417 5.54735
31.2417 5.46199
31.3417 4.99395
31.4417 4.21646
31.5417 3.25689
31.6417 2.17403
31.7417 1.06937
31.8417 0.00642677
31.9417 -0.933842
32.0417 -1.70999
32.1417 -2.28299
32.2417 -2.67116
32.3417 -2.89384
32.4417 -2.97362
32.5417 -2.91668
32.6417 -2.75329
32.7417 -2.50698
32.8417 -2.16617
32.9417 -1.72824
33.0417 -1.18583
33.1417 -0.556621
33.2417 0.171049
33.3417 0.956817
33.4417 1.75221
33.5417 2.51029
33.6417 3.16586
33.7417 3.64767
33.8417 3.89725
33.9417 3.83729
34.0417 3.40863
34.1417 2.62035
34.2417 1.53186
34.3417 0.22733
34.4417 -1.2216
34.5417 -2.68579
34.6417 -4.0153
34.7417 -5.08046
34.8417 -5.79932
34.9417 -6.04562
35.0417 -5.75128
35.1417 -4.92318
35.2417 -3.65183
35.3417 -2.07992
35.4417 -0.362127
35.5417 1.36659
35.6417 2.99337
35.7417 4.38899
35.8417 5.38785
35.9417 5.89639
36.0417 5.88137
36.1417 5.40211
36.2417 4.54388
36.3417 3.41073
36.4417 2.13374
36.5417 0.858436
36.6417 -0.291781
36.7417 -1.2193
36.8417 -1.86847
36.9417 -2.21567
37.0417 -2.2732
37.1417 -2.06928
37.2417 -1.6775
37.3417 -1.21316
37.4417 -0.782511
37.5417 -0.472475
37.6417 -0.337833
37.7417 -0.415651
37.8417 -0.705464
37.9417 -1.18249
38.0417 -1.79192
38.1417 -2.41296
38.2417 -2.975
38.3417 -3.37201
38.4417 -3.51458
38.5417 -3.32469
38.6417 -2.7622
38.7417 -1.85011
38.8417 -0.673482
38.9417 0.688443
39.0417 2.13438
39.1417 3.56261
39.2417 4.83602
39.3417 5.82679
39.4417 6.41415
39.5417 6.48904
39.6417 6.01702
39.7417 5.03682
39.8417 3.65157
39.9417 1.98245
40.0417 0.166886
40.1417 -1.66168
40.2417 -3.37586
40.3417 -4.84538
40.4417 -5.91811
40.5417 -6.47066
40.6417 -6.44114
40.7417 -5.85794
40.8417 -4.81768
40.9417 -3.44328
41.0417 -1.90122
41.1417 -0.325293
41.2417 1.17497
41.3417 2.46596
41.4417 3.43145
41.5417 3.98766
41.6417 4.09384
41.7417 3.79172
41.8417 3.16834
41.9417 2.3258
42.0417 1.37619
42.1417 0.453848
42.2417 -0.334065
42.3417 -0.920311
42.4417 -1.2576
42.5417 -1.33073
42.6417 -1.17365
42.7417 -0.827946
42.8417 -0.365444
42.9417 0.108166
43.0417 0.499438
43.1417 0.740481
43.2417 0.802647
43.3417 0.639681
43.4417 0.266254
43.5417 -0.278693
43.6417 -0.910041
43.7417 -1.53515
43.8417 -2.06623
43.9417 -2.42236
44.0417 -2.57639
44.1417 -2.47405
44.2417 -2.09192
44.3417 -1.44568
44.4417 -0.601742
44.5417 0.359416
44.6417 1.33826
44.7417 2.25395
44.8417 3.01076
44.9417 3.52844
45.0417 3.75648
45.1417 3.71243
45.2417 3.39211
45.3417 2.81821
45.4417 2.01767
45.5417 1.05753
45.6417 0.0445879
45.7417 -0.936943
45.8417 -1.81546
45.9417 -2.57795
46.0417 -3.17021
46.1417 -3.54468
46.2417 -3.69554
46.3417 -3.59056
46.4417 -3.26468
46.5417 -2.77589
46.6417 -2.16585
46.7417 -1.47772
46.8417 -0.763231
46.9417 -0.0770587
47.0417 0.561834
47.1417 1.12455
47.2417 1.58397
47.3417 1.90305
47.4417 2.10523
47.5417 2.20653
47.6417 2.22586
47.7417 2.1773
47.8417 2.06915
47.9417 1.93869
48.0417 1.78904
48.1417 1.63673
48.2417 1.50205
48.3417 1.38808
48.4417 1.28703
48.5417 1.16392
48.6417 0.985175
48.7417 0.728008
48.8417 0.392445
48.9417 -0.0424306
49.0417 -0.573314
49.1417 -1.19515
49.2417 -1.87162
49.3417 -2.54378
49.4417 -3.1733
49.5417 -3.70434
49.6417 -4.05641
49.7417 -4.20697
49.8417 -4.11134
49.9417 -3.76102
50.0417 -3.14112
50.1417 -2.28878
50.2417 -1.29069
50.3417 -0.20018
50.4417 0.903197
50.5417 1.94985
50.6417 2.8694
50.7417 3.58092
50.8417 4.05381
50.9417 4.26342
51.0417 4.21177
51.1417 3.89858
51.2417 3.38006
51.3417 2.72344
51.4417 2.00147
51.5417 1.2725
51.6417 0.563518
51.7417 -0.0830126
51.8417 -0.646601
51.9417 -1.08334
52.0417 -1.40663
52.1417 -1.63745
52.2417 -1.81369
52.3417 -1.94746
52.4417 -2.02986
52.5417 -2.0704
52.6417 -2.07071
52.7417 -2.01456
52.8417 -1.89652
52.9417 -1.6844
53.0417 -1.36298
53.1417 -0.934725
53.2417 -0.41009
53.3417 0.184246
53.4417 0.840453
53.5417 1.47267
53.6417 2.02701
53.7417 2.432
53.8417 2.67
53.9417 2.66318
54.0417 2.39016
54.1417 1.83606
54.2417 1.07359
54.3417 0.17108
54.4417 -0.811396
54.5417 -1.7836
54.6417 -2.65122
54.7417 -3.33411
54.8417 -3.7554
54.9417 -3.86132
55.0417 -3.61726
55.1417 -3.04654
55.2417 -2.20074
55.3417 -1.1592
55.4417 0.00331435
55.5417 1.18793
55.6417 2.25345
55.7417 3.1493
55.8417 3.78779
55.9417 4.14717
56.0417 4.1837
56.1417 3.90294
56.2417 3.34836
56.3417 2.61219
56.4417 1.7424
56.5417 0.830586
56.6417 -0.0542458
56.7417 -0.844853
56.8417 -1.47428
56.9417 -1.91817
57.0417 -2.15403
57.1417 -2.21056
57.2417 -2.09798
57.3417 -1.84807
57.4417 -1.50113
57.5417 -1.13272
57.6417 -0.764241
57.7417 -0.459774
57.8417 -0.219813
57.9417 -0.0617261
58.0417 0.00437329
58.1417 -0.0137486
58.2417 -0.0875128
58.3417 -0.195022
58.4417 -0.311425
58.5417 -0.401899
58.6417 -0.442315
58.7417 -0.440511
58.8417 -0.373188
58.9417 -0.248386
59.0417 -0.0917271
59.1417 0.0837677
59.2417 0.287865
59.3417 0.500963
59.4417 0.700911
59.5417 0.851563
59.6417 0.945895
59.7417 0.971855
59.8417 0.960028
59.9417 0.89686
60.0417 0.782378
60.1417 0.635003
60.2417 0.45841
60.3417 0.29616
60.4417 0.157587
60.5417 0.0489302
60.6417 -0.0384449
60.7417 -0.0989823
60.8417 -0.129985
60.9417 -0.142011
61.0417 -0.143316
61.1417 -0.170975
61.2417 -0.202538
61.3417 -0.270281
61.4417 -0.291479
61.5417 -0.321497
61.6417 -0.333905
61.7417 -0.371784
61.8417 -0.380273
61.9417 -0.351604
62.0417 -0.28313
62.1417 -0.175812
62.2417 -0.0245464
62.3417 0.14567
62.4417 0.337636
62.5417 0.523886
62.6417 0.669416
62.7417 0.734324
62.8417 0.717721
62.9417 0.62635
63.0417 0.465078
63.1417 0.207323
63.2417 -0.0985858
63.3417 -0.438542
63.4417 -0.767958
63.5417 -1.06707
63.6417 -1.28401
63.7417 -1.40816
63.8417 -1.44198
63.9417 -1.38183
64.0417 -1.21815
64.1417 -0.964404
64.2417 -0.630218
64.3417 -0.247096
64.4417 0.164339
64.5417 0.565614
64.6417 0.940068
64.7417 1.27296
64.8417 1.55172
64.9417 1.74971
65.0417 1.87381
65.1417 1.90253
65.2417 1.83057
65.3417 1.66659
65.4417 1.43185
65.5417 1.13537
65.6417 0.75831
65.7417 0.298389
65.8417 -0.204207
65.9417 -0.720771
66.0417 -1.21754
66.1417 -1.68102
66.2417 -2.07053
66.3417 -2.35585
66.4417 -2.5022
66.5417 -2.51739
66.6417 -2.35858
66.7417 -2.04332
66.8417 -1.58033
66.9417 -1.02942
67.0417 -0.394914
67.1417 0.262577
67.2417 0.902808
67.3417 1.46754
67.4417 1.9285
67.5417 2.25519
67.6417 2.40712
67.7417 2.4112
67.8417 2.24975
67.9417 1.94305
68.0417 1.53126
68.1417 1.07646
68.2417 0.591395
68.3417 0.10526
68.4417 -0.322113
68.5417 -0.744747
68.6417 -1.08539
68.7417 -1.31453
68.8417 -1.44664
68.9417 -1.51294
69.0417 -1.48624
69.1417 -1.42109
69.2417 -1.28866
69.3417 -1.10185
69.4417 -0.868024
69.5417 -0.601129
69.6417 -0.322061
69.7417 -0.036605
69.8417 0.237093
69.9417 0.459542
70.0417 0.62512
70.1417 0.736135
70.2417 0.795235
70.3417 0.784691
70.4417 0.694123
70.5417 0.55986
70.6417 0.398649
70.7417 0.212279
70.8417 0.0326194
70.9417 -0.104628
71.0417 -0.193037
71.1417 -0.218502
71.2417 -0.173482
71.3417 -0.0675148
71.4417 0.092282
71.5417 0.237674
71.6417 0.385953
71.7417 0.51687
71.8417 0.590767
71.9417 0.59841
72.0417 0.493975
72.1417 0.305304
72.2417 0.0817048
72.3417 -0.178043
72.4417 -0.427568
72.5417 -0.634622
72.6417 -0.780591
72.7417 -0.870534
72.8417 -0.896612
72.9417 -0.85972
73.0417 -0.731902
73.1417 -0.531019
73.2417 -0.284536
73.3417 -0.0412462
73.4417 0.152576
73.5417 0.294207
73.6417 0.398019
73.7417 0.454358
73.8417 0.468034
73.9417 0.440069
74.0417 0.367542
74.1417 0.310413
74.2417 0.283678
74.3417 0.288773
74.4417 0.317374
74.5417 0.363547
74.6417 0.430817
74.7417 0.488148
74.8417 0.519253
74.9417 0.499573
75.0417 0.41959
75.1417 0.268409
75.2417 0.0511811
75.3417 -0.206557
75.4417 -0.446
75.5417 -0.67288
75.6417 -0.870186
75.7417 -0.998685
75.8417 -1.06657
75.9417 -1.05034
76.0417 -0.942747
76.1417 -0.713702
76.2417 -0.439909
76.3417 -0.147045
76.4417 0.149686
76.5417 0.439392
76.6417 0.698192
76.7417 0.900457
76.8417 0.99916
76.9417 1.01888
77.0417 0.941442
77.1417 0.801974
77.2417 0.605548
77.3417 0.416159
77.4417 0.222286
77.5417 0.0296068
77.6417 -0.145968
77.7417 -0.247838
77.8417 -0.328989
77.9417 -0.367627
78.0417 -0.38757
78.1417 -0.388467
78.2417 -0.329213
78.3417 -0.270194
78.4417 -0.18858
78.5417 -0.0882471
78.6417 0.00318977
78.7417 0.101711
78.8417 0.196732
78.9417 0.281745
79.0417 0.338531
79.1417 0.35725
79.2417 0.332849
79.3417 0.273878
79.4417 0.182922
79.5417 0.0581585
79.6417 -0.0914681
79.7417 -0.27377
79.8417 -0.44556
79.9417 -0.597841
80.0417 -0.722945
80.1417 -0.808721
80.2417 -0.827741
80.3417 -0.780532
80.4417 -0.670494
80.5417 -0.49705
80.6417 -0.296678
80.7417 -0.0487965
80.8417 0.208627
80.9417 0.451608
81.0417 0.67448
81.1417 0.846795
81.2417 0.948997
81.3417 0.982909
81.4417 0.97929
81.5417 0.900957
81.6417 0.748143
81.7417 0.536095
81.8417 0.295661
81.9417 0.0386199
82.0417 -0.223529
82.1417 -0.472554
82.2417 -0.68729
82.3417 -0.867515
82.4417 -0.979535
82.5417 -1.02574
82.6417 -0.98939
82.7417 -0.871196
82.8417 -0.679663
82.9417 -0.431183
83.0417 -0.172342
83.1417 0.0763576
83.2417 0.324113
83.3417 0.536012
83.4417 0.714964
83.5417 0.827853
83.6417 0.862855
83.7417 0.806368
83.8417 0.671797
83.9417 0.478822
84.0417 0.264802
84.1417 0.0365561
84.2417 -0.184274
84.3417 -0.388008
84.4417 -0.542393
84.5417 -0.642443
84.6417 -0.669043
84.7417 -0.658713
84.8417 -0.573754
84.9417 -0.442462
85.0417 -0.281105
85.1417 -0.122874
85.2417 0.0038001
85.3417 0.0898718
85.4417 0.146073
85.5417 0.14708
85.6417 0.128433
85.7417 0.0953999
85.8417 0.0577035
85.9417 0.0227174
86.0417 -0.00468943
86.1417 0.0122287
86.2417 0.0718006
86.3417 0.157827
86.4417 0.282507
86.5417 0.412591
86.6417 0.539548
86.7417 0.639904
86.8417 0.696376
86.9417 0.698943
87.0417 0.648667
87.1417 0.532801
87.2417 0.356008
87.3417 0.123956
87.4417 -0.104234
87.5417 -0.320399
87.6417 -0.51108
87.7417 -0.668305
87.8417 -0.787584
87.9417 -0.837766
88.0417 -0.845745
88.1417 -0.813287
88.2417 -0.741061
88.3417 -0.6429
88.4417 -0.513558
88.5417 -0.37252
88.6417 -0.21565
88.7417 -0.0699277
88.8417 0.0584471
88.9417 0.174363
89.0417 0.289428
89.1417 0.400646
89.2417 0.496943
89.3417 0.571678
89.4417 0.620719
89.5417 0.659401
89.6417 0.673927
89.7417 0.648149
89.8417 0.588861
89.9417 0.500623
90.0417 0.389964
90.1417 0.262246
90.2417 0.0923565
90.3417 -0.0714967
90.4417 -0.224354
90.5417 -0.332818
90.6417 -0.424864
90.7417 -0.488583
90.8417 -0.51855
90.9417 -0.512733
91.0417 -0.479857
91.1417 -0.422766
91.2417 -0.348596
91.3417 -0.254769
91.4417 -0.156515
91.5417 -0.08027
91.6417 -0.0399324
91.7417 0.00528399
91.8417 0.0293862
91.9417 0.0621938
92.0417 0.0711823
92.1417 0.0972725
92.2417 0.133727
92.3417 0.17629
92.4417 0.19845
92.5417 0.236292
92.6417 0.25212
92.7417 0.235701
92.8417 0.219777
92.9417 0.187728
93.0417 0.151873
93.1417 0.103453
93.2417 0.0438659
93.3417 -0.0369764
93.4417 -0.0828705
93.5417 -0.130184
93.6417 -0.168486
93.7417 -0.202353
93.8417 -0.20702
93.9417 -0.185248
94.0417 -0.143119
94.1417 -0.0849899
94.2417 -0.0420359
94.3417 -0.000230696
94.4417 0.0333683
