-4.05486 0.0426259
-3.95486 0.0988022
-3.85486 0.100078
-3.75486 0.0778966
-3.65486 0.0784547
-3.55486 0.0626538
-3.45486 0.0358365
-3.35486 0.0394245
-3.25486 0.00769613
-3.15486 -0.0323795
-3.05486 -0.0303887
-2.95486 -0.0121718
-2.85486 0.0291028
-2.75486 0.0627592
-2.65486 0.085153
-2.55486 0.181262
-2.45486 0.242561
-2.35486 0.284811
-2.25486 0.329788
-2.15486 0.290085
-2.05486 0.240734
-1.95486 0.173299
-1.85486 0.107392
-1.75486 0.052663
-1.65486 0.00483823
-1.55486 -0.00130016
-1.45486 -0.0181906
-1.35486 -0.0106056
-1.25486 0.0256449
-1.15486 0.0554035
-1.05486 0.0515301
-0.954863 0.0243606
-0.854863 -0.0618888
-0.754863 -0.0479819
-0.654863 0.00711789
-0.554863 0.0945149
-0.454863 0.168044
-0.354863 0.252372
-0.254863 0.354232
-0.154863 0.446688
-0.054863 0.523373
0.045137 0.560708
0.145137 0.590799
0.245137 0.56553
0.345137 0.475619
0.445137 0.282763
0.545137 0.139302
0.645137 0.0396367
0.745137 -0.0457783
0.845137 -0.128993
0.945137 -0.182246
1.04514 -0.180041
1.14514 -0.142037
1.24514 -0.0998845
1.34514 -0.0165221
1.44514 0.0396776
1.54514 0.0755432
1.64514 0.0694
1.74514 0.0661645
1.84514 0.0807602
1.94514 0.0788619
2.04514 0.0789356
2.14514 0.0664055
2.24514 0.0564789
2.34514 0.0514101
2.44514 0.103047
2.54514 0.203997
2.64514 0.226487
2.74514 0.240218
2.84514 0.266583
2.94514 0.355446
3.04514 0.466894
3.14514 0.531344
3.24514 0.492387
3.34514 0.402583
3.44514 0.31266
3.54514 0.314761
3.64514 0.291248
3.74514 0.198292
3.84514 0.0882728
3.94514 -0.0589074
4.04514 -0.107623
4.14514 -0.0942442
4.24514 -0.0137318
4.34514 0.047036
4.44514 0.0335925
4.54514 0.052483
4.64514 0.0845686
4.74514 0.152422
4.84514 0.233934
4.94514 0.292488
5.04514 0.321324
5.14514 0.365934
5.24514 0.419824
5.34514 0.498375
5.44514 0.495481
5.54514 0.493756
5.64514 0.420187
5.74514 0.316103
5.84514 0.238671
5.94514 0.158863
6.04514 0.0703843
6.14514 0.0133941
6.24514 0.0217998
6.34514 0.00825519
6.44514 -0.00572287
6.54514 -0.0205252
6.64514 -0.0579592
6.74514 -0.079722
6.84514 -0.111859
6.94514 -0.15256
7.04514 -0.197284
7.14514 -0.265336
7.24514 -0.27133
7.34514 -0.189135
7.44514 -0.027854
7.54514 0.150435
7.64514 0.32625
7.74514 0.535988
7.84514 0.72602
7.94514 0.86927
8.04514 0.882209
8.14514 0.892045
8.24514 0.842046
8.34514 0.718187
8.44514 0.60543
8.54514 0.497314
8.64514 0.40279
8.74514 0.315202
8.84514 0.152388
8.94514 0.00411423
9.04514 -0.0144747
9.14514 -0.0137978
9.24514 0.0526895
9.34514 0.139023
9.44514 0.266245
9.54514 0.408081
9.64514 0.405089
9.74514 0.28354
9.84514 0.16568
9.94514 0.080762
10.0451 0.0149321
10.1451 -0.0168371
10.2451 -0.0549343
10.3451 -0.0632602
10.4451 -0.115656
10.5451 -0.171315
10.6451 -0.165379
10.7451 -0.170265
10.8451 -0.163182
10.9451 -0.0990299
11.0451 0.0368598
11.1451 0.206705
11.2451 0.429757
11.3451 0.689121
11.4451 0.81223
11.5451 0.878318
11.6451 0.793847
11.7451 0.590944
11.8451 0.396272
11.9451 0.229086
12.0451 0.129994
12.1451 0.073406
12.2451 7.1462e-05
12.3451 -0.0678562
12.4451 -0.0184341
12.5451 0.0668915
12.6451 0.0839759
12.7451 0.104841
12.8451 0.174614
12.9451 0.219311
13.0451 0.22308
13.1451 0.253952
13.2451 0.365176
13.3451 0.482299
13.4451 0.576603
13.5451 0.597347
13.6451 0.564256
13.7451 0.540136
13.8451 0.582067
13.9451 0.553431
14.0451 0.429543
14.1451 0.248332
14.2451 0.118367
14.3451 -0.0688666
14.4451 -0.260651
14.5451 -0.398554
14.6451 -0.461039
14.7451 -0.382418
14.8451 -0.25797
14.9451 -0.140793
15.0451 -0.033909
15.1451 0.0914636
15.2451 0.183457
15.3451 0.229601
15.4451 0.378158
15.5451 0.580114
15.6451 0.71813
15.7451 0.780506
15.8451 0.759725
15.9451 0.668843
16.0451 0.544969
16.1451 0.380676
16.2451 0.200132
16.3451 0.0863179
16.4451 0.0717574
16.5451 0.141541
16.6451 0.202588
16.7451 0.270388
16.8451 0.311096
16.9451 0.323117
17.0451 0.328721
17.1451 0.341452
17.2451 0.307086
17.3451 0.242086
17.4451 0.139738
17.5451 0.0364549
17.6451 -0.0241958
17.7451 -0.0500388
17.8451 -0.071235
17.9451 -0.0575116
18.0451 0.0135788
18.1451 0.127037
18.2451 0.306261
18.3451 0.482359
18.4451 0.599966
18.5451 0.666774
18.6451 0.709583
18.7451 0.694939
18.8451 0.657296
18.9451 0.576669
19.0451 0.450605
19.1451 0.361459
19.2451 0.352904
19.3451 0.370481
19.4451 0.363357
19.5451 0.355078
19.6451 0.323595
19.7451 0.251867
19.8451 0.149567
19.9451 0.040436
20.0451 -0.0679066
20.1451 -0.184331
20.2451 -0.300549
20.3451 -0.33056
20.4451 -0.30528
20.5451 -0.230014
20.6451 -0.137699
20.7451 -0.0758262
20.8451 -0.0281116
20.9451 0.00849466
21.0451 0.0618579
21.1451 0.150598
21.2451 0.264938
21.3451 0.384738
21.4451 0.490203
21.5451 0.647122
21.6451 0.834661
21.7451 0.974573
21.8451 1.00836
21.9451 0.93282
22.0451 0.820748
22.1451 0.693795
22.2451 0.536187
22.3451 0.355802
22.4451 0.152168
22.5451 -0.00184661
22.6451 -0.035276
22.7451 -0.00110821
22.8451 0.0671506
22.9451 0.162037
23.0451 0.270915
23.1451 0.374377
23.2451 0.414923
23.3451 0.392889
23.4451 0.337247
23.5451 0.264178
23.6451 0.183259
23.7451 0.0658194
23.8451 -0.0783319
23.9451 -0.183562
24.0451 -0.132416
24.1451 0.0862336
24.2451 0.360358
24.3451 0.57285
24.4451 0.657549
24.5451 0.659505
24.6451 0.569798
24.7451 0.409825
24.8451 0.20055
24.9451 -0.104053
25.0451 -0.423569
25.1451 -0.668645
25.2451 -0.772848
25.3451 -0.726021
25.4451 -0.604345
25.5451 -0.444163
25.6451 -0.181637
25.7451 0.140173
25.8451 0.408309
25.9451 0.593797
26.0451 0.713466
26.1451 0.812977
26.2451 0.927487
26.3451 1.02202
26.4451 1.04909
26.5451 1.02894
26.6451 0.977646
26.7451 0.928635
26.8451 0.848547
26.9451 0.711479
27.0451 0.534307
27.1451 0.394142
27.2451 0.314758
27.3451 0.249874
27.4451 0.140686
27.5451 0.0271519
27.6451 -0.0550575
27.7451 -0.115286
27.8451 -0.141546
27.9451 -0.19381
28.0451 -0.26898
28.1451 -0.35697
28.2451 -0.39336
28.3451 -0.346405
28.4451 -0.292367
28.5451 -0.212185
28.6451 -0.0952531
28.7451 0.0626817
28.8451 0.273962
28.9451 0.507702
29.0451 0.683907
29.1451 0.72979
29.2451 0.646704
29.3451 0.50949
29.4451 0.30336
29.5451 0.0963446
29.6451 0.00290586
29.7451 0.0624665
29.8451 0.297257
29.9451 0.644231
30.0451 1.02666
30.1451 1.3477
30.2451 1.45491
30.3451 1.2604
30.4451 0.65948
30.5451 -0.364083
30.6451 -1.84001
30.7451 -3.66278
30.8451 -5.50892
30.9451 -6.81087
31.0451 -6.90432
31.1451 -5.34644
31.2451 -2.03869
31.3451 3.18994
31.4451 10.3409
31.5451 18.4718
31.6451 25.4722
31.7451 28.9036
31.8451 27.0372
31.9451 17.9436
32.0451 -0.780241
32.1451 -29.0512
32.2451 -60.238
32.3451 -83.7132
32.4451 -91.4958
32.5451 -83.7515
32.6451 -63.8935
32.7451 -33.1101
32.8451 5.80411
32.9451 47.2383
33.0451 84.1143
33.1451 109.514
33.2451 119.909
33.3451 114.017
33.4451 87.847
33.5451 45.7773
33.6451 0.15124
33.7451 -38.7778
33.8451 -67.3292
33.9451 -86.0606
34.0451 -95.2625
34.1451 -94.4674
34.2451 -85.7826
34.3451 -72.3308
34.4451 -56.4317
34.5451 -38.9332
34.6451 -20.3461
34.7451 -1.55309
34.8451 16.3695
34.9451 32.481
35.0451 45.8009
35.1451 55.2345
35.2451 60.1815
35.3451 61.2759
35.4451 59.61
35.5451 55.6366
35.6451 49.4124
35.7451 40.9465
35.8451 30.2017
35.9451 17.1988
36.0451 2.66013
36.1451 -11.6591
36.2451 -23.903
36.3451 -33.1591
36.4451 -39.4201
36.5451 -43.1572
36.6451 -45.0741
36.7451 -45.7864
36.8451 -45.4725
36.9451 -43.7812
37.0451 -40.1769
37.1451 -34.443
37.2451 -26.967
37.3451 -18.541
37.4451 -10.1613
37.5451 -2.44518
37.6451 4.45769
37.7451 10.7307
37.8451 16.6044
37.9451 22.1814
38.0451 27.313
38.1451 31.5506
38.2451 34.2817
38.3451 35.0861
38.4451 34.013
38.5451 31.4025
38.6451 27.9037
38.7451 24.0853
38.8451 20.1357
38.9451 15.8709
39.0451 11.0985
39.1451 5.78414
39.2451 0.0788871
39.3451 -5.66673
39.4451 -10.9287
39.5451 -15.2727
39.6451 -18.6068
39.7451 -21.1719
39.8451 -23.2411
39.9451 -24.9078
40.0451 -26.0563
40.1451 -26.4348
40.2451 -25.7782
40.3451 -24.0704
40.4451 -21.6149
40.5451 -18.8371
40.6451 -16.0502
40.7451 -13.2791
40.8451 -10.3356
40.9451 -7.09654
41.0451 -3.53888
41.1451 0.295125
41.2451 4.18394
41.3451 7.78151
41.4451 10.9235
41.5451 13.5575
41.6451 15.7235
41.7451 17.4746
41.8451 18.875
41.9451 19.8498
42.0451 20.2246
42.1451 19.912
42.2451 18.9127
42.3451 17.3742
42.4451 15.4811
42.5451 13.4261
42.6451 11.3397
42.7451 9.21968
42.8451 6.93243
42.9451 4.39061
43.0451 1.60859
43.1451 -1.334
43.2451 -4.23931
43.3451 -6.91198
43.4451 -9.16635
43.5451 -10.9829
43.6451 -12.5141
43.7451 -13.8849
43.8451 -15.1514
43.9451 -16.2228
44.0451 -16.9762
44.1451 -17.4225
44.2451 -17.6096
44.3451 -17.5321
44.4451 -17.0251
44.5451 -15.868
44.6451 -13.8997
44.7451 -11.1009
44.8451 -7.58428
44.9451 -3.62973
45.0451 0.363884
45.1451 3.91511
45.2451 6.60079
45.3451 8.23909
45.4451 8.91973
45.5451 8.86073
45.6451 8.40862
45.7451 7.91345
45.8451 7.61251
45.9451 7.60452
46.0451 7.91577
46.1451 8.48246
46.2451 9.15986
46.3451 9.86004
46.4451 10.5342
46.5451 11.1313
46.6451 11.6741
46.7451 12.1414
46.8451 12.3797
46.9451 12.2039
47.0451 11.4448
47.1451 10.0811
47.2451 8.1448
47.3451 5.75833
47.4451 2.97218
47.5451 -0.0376829
47.6451 -3.04909
47.7451 -5.91674
47.8451 -8.60794
47.9451 -11.1417
48.0451 -13.4663
48.1451 -15.4164
48.2451 -16.8232
48.3451 -17.5457
48.4451 -17.6194
48.5451 -17.0684
48.6451 -15.9666
48.7451 -14.4344
48.8451 -12.5763
48.9451 -10.4964
49.0451 -8.3562
49.1451 -6.25436
49.2451 -4.24699
49.3451 -2.48064
49.4451 -1.01243
49.5451 0.275821
49.6451 1.48725
49.7451 2.75562
49.8451 4.16991
49.9451 5.72806
50.0451 7.34809
50.1451 8.98837
50.2451 10.5216
50.3451 11.7891
50.4451 12.6709
50.5451 13.0504
50.6451 12.8947
50.7451 12.3266
50.8451 11.4254
50.9451 10.2972
51.0451 9.02778
51.1451 7.72289
51.2451 6.40853
51.3451 5.13793
51.4451 3.88594
51.5451 2.60694
51.6451 1.26374
51.7451 -0.145942
51.8451 -1.57888
51.9451 -2.91609
52.0451 -4.05079
52.1451 -4.91407
52.2451 -5.46043
52.3451 -5.68681
52.4451 -5.66705
52.5451 -5.43442
52.6451 -5.04912
52.7451 -4.6591
52.8451 -4.40453
52.9451 -4.38943
53.0451 -4.71904
53.1451 -5.38508
53.2451 -6.21014
53.3451 -6.94267
53.4451 -7.40014
53.5451 -7.46683
53.6451 -7.16897
53.7451 -6.50311
53.8451 -5.52443
53.9451 -4.33145
54.0451 -3.11994
54.1451 -2.03728
54.2451 -1.1686
54.3451 -0.456047
54.4451 0.241104
54.5451 1.05644
54.6451 1.98377
54.7451 2.95262
54.8451 3.86114
54.9451 4.66662
55.0451 5.33573
55.1451 5.8577
55.2451 6.23411
55.3451 6.44107
55.4451 6.53131
55.5451 6.57541
55.6451 6.62659
55.7451 6.71836
55.8451 6.81749
55.9451 6.85424
56.0451 6.75162
56.1451 6.47555
56.2451 6.03209
56.3451 5.46135
56.4451 4.76367
56.5451 3.9662
56.6451 3.07452
56.7451 2.1229
56.8451 1.13959
56.9451 0.0471998
57.0451 -1.14232
57.1451 -2.35807
57.2451 -3.45423
57.3451 -4.33733
57.4451 -5.0147
57.5451 -5.49257
57.6451 -5.82353
57.7451 -6.09915
57.8451 -6.32242
57.9451 -6.47095
58.0451 -6.5262
58.1451 -6.49857
58.2451 -6.35775
58.3451 -6.11104
58.4451 -5.74106
58.5451 -5.29362
58.6451 -4.81089
58.7451 -4.2849
58.8451 -3.64191
58.9451 -2.82779
59.0451 -1.89701
59.1451 -0.957872
59.2451 -0.0597081
59.3451 0.765273
59.4451 1.51431
59.5451 2.17795
59.6451 2.72139
59.7451 3.13372
59.8451 3.49329
59.9451 3.88934
60.0451 4.27566
60.1451 4.55513
60.2451 4.73273
60.3451 4.85901
60.4451 4.94903
60.5451 4.9823
60.6451 4.9349
60.7451 4.82851
60.8451 4.7157
60.9451 4.60377
61.0451 4.41091
61.1451 4.1289
61.2451 3.78793
61.3451 3.37743
61.4451 2.92624
61.5451 2.48388
61.6451 2.06932
61.7451 1.64965
61.8451 1.24228
61.9451 0.896875
62.0451 0.611524
62.1451 0.334085
62.2451 0.0795128
62.3451 -0.183178
62.4451 -0.496151
62.5451 -0.898178
62.6451 -1.41026
62.7451 -2.0009
62.8451 -2.65245
62.9451 -3.2957
63.0451 -3.8829
63.1451 -4.41647
63.2451 -4.92161
63.3451 -5.37935
63.4451 -5.66658
63.5451 -5.65894
63.6451 -5.37552
63.7451 -4.95915
63.8451 -4.45084
63.9451 -3.87371
64.0451 -3.22437
64.1451 -2.52643
64.2451 -1.89381
64.3451 -1.35153
64.4451 -0.855695
64.5451 -0.356118
64.6451 0.15064
64.7451 0.643926
64.8451 1.05818
64.9451 1.37342
65.0451 1.68893
65.1451 2.10358
65.2451 2.60167
65.3451 3.0737
65.4451 3.44789
65.5451 3.65499
65.6451 3.71091
65.7451 3.62667
65.8451 3.4229
65.9451 3.15664
66.0451 2.95703
66.1451 2.92685
66.2451 3.14961
66.3451 3.66628
66.4451 4.47741
66.5451 5.49325
66.6451 6.42433
66.7451 6.8974
66.8451 6.60585
66.9451 5.36242
67.0451 3.18435
67.1451 0.365863
67.2451 -2.52399
67.3451 -4.94578
67.4451 -6.3459
67.5451 -6.44967
67.6451 -5.33072
67.7451 -3.27824
67.8451 -0.813476
67.9451 1.43318
68.0451 3.0667
68.1451 3.91362
68.2451 3.91205
68.3451 3.15642
68.4451 1.86479
68.5451 0.268798
68.6451 -1.39171
68.7451 -2.93776
68.8451 -4.38954
68.9451 -5.73561
69.0451 -6.8197
69.1451 -7.47352
69.2451 -7.63122
69.3451 -7.34302
69.4451 -6.68227
69.5451 -5.78627
69.6451 -4.77419
69.7451 -3.71141
69.8451 -2.70285
69.9451 -1.73268
70.0451 -0.778838
70.1451 0.177653
70.2451 1.1522
70.3451 2.09606
70.4451 2.94152
70.5451 3.55612
70.6451 3.86551
70.7451 3.9401
70.8451 3.9294
70.9451 3.87743
71.0451 3.85311
71.1451 3.89325
71.2451 3.97217
71.3451 4.02117
71.4451 4.03797
71.5451 4.02336
71.6451 4.00606
71.7451 4.0214
71.8451 4.05822
71.9451 4.08999
72.0451 4.10431
72.1451 3.99878
72.2451 3.67041
72.3451 3.1081
72.4451 2.33119
72.5451 1.40298
72.6451 0.503468
72.7451 -0.302883
72.8451 -1.02711
72.9451 -1.5818
73.0451 -1.86749
73.1451 -1.85774
73.2451 -1.69556
73.3451 -1.50875
73.4451 -1.40304
73.5451 -1.38227
73.6451 -1.50608
73.7451 -1.81166
73.8451 -2.20988
73.9451 -2.63477
74.0451 -2.99869
74.1451 -3.26295
74.2451 -3.34916
74.3451 -3.25965
74.4451 -3.11387
74.5451 -2.94732
74.6451 -2.72307
74.7451 -2.40002
74.8451 -1.93572
74.9451 -1.3897
75.0451 -0.903391
75.1451 -0.549968
75.2451 -0.3112
75.3451 -0.183004
75.4451 -0.156633
75.5451 -0.181261
75.6451 -0.199607
75.7451 -0.148076
75.8451 0.0313848
75.9451 0.283242
76.0451 0.604308
76.1451 0.947512
76.2451 1.27856
76.3451 1.58981
76.4451 1.91326
76.5451 2.25075
76.6451 2.56107
76.7451 2.82912
76.8451 3.06171
76.9451 3.29477
77.0451 3.49496
77.1451 3.61497
77.2451 3.656
77.3451 3.66325
77.4451 3.69058
77.5451 3.64407
77.6451 3.4611
77.7451 3.19433
77.8451 2.90229
77.9451 2.62019
78.0451 2.31609
78.1451 1.95072
78.2451 1.49101
78.3451 0.97919
78.4451 0.450554
78.5451 -0.0513341
78.6451 -0.491465
78.7451 -0.846968
78.8451 -1.1926
78.9451 -1.59465
79.0451 -2.01979
79.1451 -2.40956
79.2451 -2.74445
79.3451 -3.05928
79.4451 -3.38844
79.5451 -3.65525
79.6451 -3.78147
79.7451 -3.7369
79.8451 -3.49159
79.9451 -3.11116
80.0451 -2.71277
80.1451 -2.323
80.2451 -1.89979
80.3451 -1.43614
80.4451 -1.02329
80.5451 -0.705271
80.6451 -0.479995
80.7451 -0.346332
80.8451 -0.256403
80.9451 -0.130578
81.0451 0.0135491
81.1451 0.172482
81.2451 0.313307
81.3451 0.485175
81.4451 0.721295
81.5451 1.04006
81.6451 1.41866
81.7451 1.85662
81.8451 2.2817
81.9451 2.65445
82.0451 2.9941
82.1451 3.29609
82.2451 3.48639
82.3451 3.56998
82.4451 3.53549
82.5451 3.38344
82.6451 3.16532
82.7451 2.9299
82.8451 2.60845
82.9451 2.23372
83.0451 1.85507
83.1451 1.43368
83.2451 1.04406
83.3451 0.769337
83.4451 0.613376
83.5451 0.478986
83.6451 0.402538
83.7451 0.441715
83.8451 0.555698
83.9451 0.569183
84.0451 0.408714
84.1451 0.0891746
84.2451 -0.382112
84.3451 -0.950452
84.4451 -1.5548
84.5451 -2.14738
84.6451 -2.63413
84.7451 -2.91024
84.8451 -2.89737
84.9451 -2.62861
85.0451 -2.22815
85.1451 -1.85416
85.2451 -1.52358
85.3451 -1.16433
85.4451 -0.86647
85.5451 -0.572178
85.6451 -0.261139
85.7451 0.0125102
85.8451 0.158033
85.9451 0.153054
86.0451 0.135456
86.1451 0.10494
86.2451 0.0629706
86.3451 0.0695405
86.4451 0.113723
86.5451 0.144493
86.6451 0.0751656
86.7451 -0.0178213
86.8451 -0.108272
86.9451 -0.214011
87.0451 -0.246985
87.1451 -0.189669
87.2451 -0.0456438
87.3451 0.112476
87.4451 0.384432
87.5451 0.714121
87.6451 1.04499
87.7451 1.37868
87.8451 1.67886
87.9451 1.94534
88.0451 2.10386
88.1451 2.21627
88.2451 2.2572
88.3451 2.23403
88.4451 2.05595
88.5451 1.70573
88.6451 1.39725
88.7451 1.1556
88.8451 0.973787
88.9451 0.846093
89.0451 0.759098
89.1451 0.688314
89.2451 0.637071
89.3451 0.590539
89.4451 0.53812
89.5451 0.413789
89.6451 0.231701
89.7451 -0.073037
89.8451 -0.437611
89.9451 -0.742941
90.0451 -0.909923
90.1451 -0.985075
90.2451 -1.07458
90.3451 -1.12683
90.4451 -1.06121
90.5451 -0.941798
90.6451 -0.776387
90.7451 -0.67863
90.8451 -0.740899
90.9451 -0.827784
91.0451 -0.874774
91.1451 -0.871248
91.2451 -0.838818
91.3451 -0.812659
91.4451 -0.741002
91.5451 -0.598844
91.6451 -0.466098
91.7451 -0.310365
91.8451 -0.209911
91.9451 -0.0948688
92.0451 -0.0128599
92.1451 0.0561028
92.2451 0.132094
92.3451 0.202014
92.4451 0.32576
92.5451 0.485263
92.6451 0.647098
92.7451 0.759626
92.8451 0.784387
92.9451 0.772579
93.0451 0.708704
93.1451 0.678217
93.2451 0.626021
93.3451 0.581187
93.4451 0.51333
93.5451 0.502335
93.6451 0.514231
93.7451 0.633524
93.8451 0.803143
93.9451 0.938503
94.0451 1.01565
94.1451 1.10619
94.2451 1.0963
94.3451 0.995503
94.4451 0.882986
94.5451 0.736688
94.6451 0.566931
94.7451 0.366451
94.8451 0.139898
94.9451 -0.0207844
95.0451 -0.104792
95.1451 -0.137959
95.2451 -0.144782
95.3451 -0.107232
95.4451 -0.0648174
95.5451 0.0300121
95.6451 0.0869107
95.7451 0.123656
95.8451 0.110426
95.9451 0.0966302
96.0451 0.0654825
96.1451 0.000403815
96.2451 -0.098257
96.3451 -0.209844
96.4451 -0.249956
96.5451 -0.304866
96.6451 -0.345532
96.7451 -0.390633
96.8451 -0.404692
96.9451 -0.504237
97.0451 -0.597707
97.1451 -0.663183
97.2451 -0.615391
97.3451 -0.579181
97.4451 -0.501855
97.5451 -0.396068
97.6451 -0.22603
97.7451 -0.0721195
97.8451 0.0780673
97.9451 0.146308
98.0451 0.24488
98.1451 0.378534
98.2451 0.52254
