-5.9425 -0.0219504
-5.8425 -0.118083
-5.7425 -0.204731
-5.6425 -0.267919
-5.5425 -0.288562
-5.4425 -0.276267
-5.3425 -0.244247
-5.2425 -0.178359
-5.1425 -0.114252
-5.0425 -0.0302592
-4.9425 0.114724
-4.8425 0.243211
-4.7425 0.301638
-4.6425 0.307764
-4.5425 0.299463
-4.4425 0.284895
-4.3425 0.302583
-4.2425 0.365856
-4.1425 0.468744
-4.0425 0.546077
-3.9425 0.597733
-3.8425 0.626347
-3.7425 0.573218
-3.6425 0.42637
-3.5425 0.177606
-3.4425 -0.0777554
-3.3425 -0.301343
-3.2425 -0.465047
-3.1425 -0.503408
-3.0425 -0.528098
-2.9425 -0.474918
-2.8425 -0.442038
-2.7425 -0.389169
-2.6425 -0.332625
-2.5425 -0.354434
-2.4425 -0.325681
-2.3425 -0.244806
-2.2425 -0.143127
-2.1425 -0.0260957
-2.0425 0.171336
-1.9425 0.407744
-1.8425 0.642364
-1.7425 0.83833
-1.6425 0.981333
-1.5425 1.05418
-1.4425 1.09668
-1.3425 1.00954
-1.2425 0.857228
-1.1425 0.562316
-1.0425 0.211528
-0.942497 -0.170304
-0.842497 -0.460907
-0.742497 -0.590731
-0.642497 -0.617131
-0.542497 -0.534397
-0.442497 -0.404048
-0.342497 -0.288075
-0.242497 -0.207704
-0.142497 -0.0493564
-0.0424966 0.0149939
0.0575034 -0.0147377
0.157503 -0.0244975
0.257503 -0.065249
0.357503 -0.118768
0.457503 -0.137272
0.557503 -0.177352
0.657503 -0.1047
0.757503 0.0303134
0.857503 0.145757
0.957503 0.297989
1.0575 0.363346
1.1575 0.469144
1.2575 0.530394
1.3575 0.573036
1.4575 0.573218
1.5575 0.533594
1.6575 0.480759
1.7575 0.34973
1.8575 0.24993
1.9575 0.168443
2.0575 0.0676746
2.1575 -0.0805876
2.2575 -0.277543
2.3575 -0.41297
2.4575 -0.495423
2.5575 -0.491723
2.6575 -0.459956
2.7575 -0.404261
2.8575 -0.317216
2.9575 -0.199734
3.0575 -0.0314941
3.1575 0.107415
3.2575 0.263248
3.3575 0.43215
3.4575 0.523802
3.5575 0.589417
3.6575 0.600661
3.7575 0.63802
3.8575 0.670914
3.9575 0.652244
4.0575 0.587327
4.1575 0.521313
4.2575 0.571468
4.3575 0.562011
4.4575 0.515094
4.5575 0.455871
4.6575 0.389999
4.7575 0.356228
4.8575 0.3144
4.9575 0.164018
5.0575 0.0206938
5.1575 -0.237441
5.2575 -0.500541
5.3575 -0.660372
5.4575 -0.686263
5.5575 -0.700284
5.6575 -0.718095
5.7575 -0.729461
5.8575 -0.669559
5.9575 -0.545693
6.0575 -0.397824
6.1575 -0.2605
6.2575 -0.185571
6.3575 -0.0617387
6.4575 0.11959
6.5575 0.380298
6.6575 0.61074
6.7575 0.764378
6.8575 0.823483
6.9575 0.915756
7.0575 0.980715
7.1575 0.958169
7.2575 0.8695
7.3575 0.700595
7.4575 0.571294
7.5575 0.475572
7.6575 0.321387
7.7575 0.159537
7.8575 0.00450779
7.9575 -0.0843733
8.0575 -0.159702
8.1575 -0.238249
8.2575 -0.335914
8.3575 -0.373749
8.4575 -0.294157
8.5575 -0.140326
8.6575 0.113563
8.7575 0.318061
8.8575 0.460605
8.9575 0.661239
9.0575 0.682479
9.1575 0.695548
9.2575 0.725324
9.3575 0.751734
9.4575 0.74712
9.5575 0.684017
9.6575 0.603113
9.7575 0.4831
9.8575 0.326392
9.9575 0.154427
10.0575 -0.0327949
10.1575 -0.149413
10.2575 -0.290165
10.3575 -0.399059
10.4575 -0.483384
10.5575 -0.526942
10.6575 -0.556902
10.7575 -0.640232
10.8575 -0.676636
10.9575 -0.627905
11.0575 -0.495339
11.1575 -0.306939
11.2575 -0.1072
11.3575 0.0987972
11.4575 0.319952
11.5575 0.477669
11.6575 0.622274
11.7575 0.721768
11.8575 0.771702
11.9575 0.787929
12.0575 0.736905
12.1575 0.611472
12.2575 0.500991
12.3575 0.346443
12.4575 0.263082
12.5575 0.219538
12.6575 0.241547
12.7575 0.284687
12.8575 0.325033
12.9575 0.295175
13.0575 0.289151
13.1575 0.275337
13.2575 0.293448
13.3575 0.310818
13.4575 0.303048
13.5575 0.227891
13.6575 0.182613
13.7575 0.22103
13.8575 0.279431
13.9575 0.380188
14.0575 0.385968
14.1575 0.338922
14.2575 0.268987
14.3575 0.169429
14.4575 0.106748
14.5575 0.0310767
14.6575 -0.0771031
14.7575 -0.201088
14.8575 -0.291665
14.9575 -0.308959
15.0575 -0.268277
15.1575 -0.181137
15.2575 -0.0392321
15.3575 0.0487803
15.4575 0.163148
15.5575 0.290076
15.6575 0.45016
15.7575 0.548345
15.8575 0.614648
15.9575 0.660474
16.0575 0.727333
16.1575 0.703855
16.2575 0.589778
16.3575 0.436042
16.4575 0.300183
16.5575 0.145608
16.6575 -0.0677299
16.7575 -0.332921
16.8575 -0.540864
16.9575 -0.706679
17.0575 -0.830488
17.1575 -0.909633
17.2575 -0.884891
17.3575 -0.769662
17.4575 -0.574243
17.5575 -0.272713
17.6575 0.0355891
17.7575 0.331993
17.8575 0.654401
17.9575 1.02255
18.0575 1.34632
18.1575 1.61046
18.2575 1.79545
18.3575 1.87804
18.4575 1.86909
18.5575 1.77069
18.6575 1.61187
18.7575 1.35535
18.8575 0.968816
18.9575 0.503423
19.0575 0.00337295
19.1575 -0.535354
19.2575 -1.11297
19.3575 -1.59285
19.4575 -1.85145
19.5575 -1.96853
19.6575 -1.98166
19.7575 -1.88366
19.8575 -1.63139
19.9575 -1.23982
20.0575 -0.741503
20.1575 -0.248988
20.2575 0.178835
20.3575 0.627764
20.4575 1.11139
20.5575 1.55368
20.6575 1.83436
20.7575 1.98332
20.8575 2.06779
20.9575 2.06791
21.0575 1.9498
21.1575 1.71213
21.2575 1.35276
21.3575 0.883666
21.4575 0.345318
21.5575 -0.152932
21.6575 -0.551748
21.7575 -0.919828
21.8575 -1.22954
21.9575 -1.36248
22.0575 -1.28
22.1575 -1.07302
22.2575 -0.889869
22.3575 -0.707924
22.4575 -0.46313
22.5575 -0.210537
22.6575 0.0324295
22.7575 0.347068
22.8575 0.670626
22.9575 0.950082
23.0575 1.18038
23.1575 1.33994
23.2575 1.35295
23.3575 1.24002
23.4575 1.02225
23.5575 0.753093
23.6575 0.493524
23.7575 0.242752
23.8575 -0.0278865
23.9575 -0.283124
24.0575 -0.475909
24.1575 -0.641155
24.2575 -0.734359
24.3575 -0.760131
24.4575 -0.739961
24.5575 -0.64233
24.6575 -0.513941
24.7575 -0.311211
24.8575 -0.0943721
24.9575 0.0537388
25.0575 0.141501
25.1575 0.208523
25.2575 0.260981
25.3575 0.348912
25.4575 0.504037
25.5575 0.626421
25.6575 0.66006
25.7575 0.684481
25.8575 0.768182
25.9575 0.856394
26.0575 0.890209
26.1575 0.851456
26.2575 0.765158
26.3575 0.688182
26.4575 0.64436
26.5575 0.591225
26.6575 0.51487
26.7575 0.382965
26.8575 0.252945
26.9575 0.137691
27.0575 0.013619
27.1575 -0.125646
27.2575 -0.261675
27.3575 -0.355269
27.4575 -0.427493
27.5575 -0.503398
27.6575 -0.588327
27.7575 -0.627226
27.8575 -0.606938
27.9575 -0.565198
28.0575 -0.481164
28.1575 -0.398002
28.2575 -0.331157
28.3575 -0.271717
28.4575 -0.180065
28.5575 -0.0410966
28.6575 0.17602
28.7575 0.428827
28.8575 0.678178
28.9575 0.914002
29.0575 1.09539
29.1575 1.24044
29.2575 1.39969
29.3575 1.47633
29.4575 1.41102
29.5575 1.32371
29.6575 1.27304
29.7575 1.19403
29.8575 0.973098
29.9575 0.527647
30.0575 -0.164972
30.1575 -1.17137
30.2575 -2.54379
30.3575 -4.21473
30.4575 -5.86236
30.5575 -6.89534
30.6575 -6.7614
30.7575 -5.17676
30.8575 -1.99304
30.9575 2.92569
31.0575 9.70165
31.1575 17.5256
31.2575 24.1391
31.3575 27.2536
31.4575 25.4106
31.5575 16.9565
31.6575 0.0113444
31.7575 -24.6765
31.8575 -51.787
31.9575 -72.8156
32.0575 -80.973
32.1575 -75.5339
32.2575 -58.4663
32.3575 -29.9073
32.4575 7.88889
32.5575 48.3756
32.6575 83.4126
32.7575 106.249
32.8575 114.864
32.9575 106.874
33.0575 77.335
33.1575 30.9618
33.2575 -18.9496
33.3575 -58.5832
33.4575 -81.983
33.5575 -91.6905
33.6575 -91.6348
33.7575 -84.9369
33.8575 -74.4009
33.9575 -62.0099
34.0575 -48.4275
34.1575 -33.587
34.2575 -17.3351
34.3575 0.520303
34.4575 19.5938
34.5575 38.5969
34.6575 55.5754
34.7575 68.4342
34.8575 75.3243
34.9575 75.3173
35.0575 69.6125
35.1575 60.4244
35.2575 49.4535
35.3575 37.2779
35.4575 23.9743
35.5575 9.44195
35.6575 -6.3028
35.7575 -22.3794
35.8575 -36.9279
35.9575 -48.2002
36.0575 -55.3266
36.1575 -58.5036
36.2575 -58.4558
36.3575 -56.2251
36.4575 -52.5536
36.5575 -47.5591
36.6575 -41.0348
36.7575 -32.8447
36.8575 -22.9807
36.9575 -11.8219
37.0575 -0.361256
37.1575 10.2688
37.2575 19.4194
37.3575 26.9681
37.4575 32.9549
37.5575 37.5358
37.6575 40.9326
37.7575 43.2228
37.8575 44.1688
37.9575 43.3981
38.0575 40.6685
38.1575 36.0443
38.2575 29.9834
38.3575 23.1886
38.4575 16.1715
38.5575 9.16792
38.6575 2.18838
38.7575 -4.86671
38.8575 -11.9796
38.9575 -18.8857
39.0575 -25.0189
39.1575 -29.7144
39.2575 -32.6394
39.3575 -33.8701
39.4575 -33.7236
39.5575 -32.7602
39.6575 -31.2932
39.7575 -29.3111
39.8575 -26.7064
39.9575 -23.4394
40.0575 -19.5742
40.1575 -15.2771
40.2575 -10.815
40.3575 -6.38843
40.4575 -2.07583
40.5575 2.07717
40.6575 6.11684
40.7575 10.1174
40.8575 14.0506
40.9575 17.7616
41.0575 20.9742
41.1575 23.4449
41.2575 25.1104
41.3575 26.0298
41.4575 26.3418
41.5575 26.1364
41.6575 25.3634
41.7575 23.8895
41.8575 21.6301
41.9575 18.6168
42.0575 15.0219
42.1575 11.0999
42.2575 7.15662
42.3575 3.29895
42.4575 -0.421722
42.5575 -4.08536
42.6575 -7.72351
42.7575 -11.3881
42.8575 -14.9163
42.9575 -17.993
43.0575 -20.2879
43.1575 -21.6032
43.2575 -21.9836
43.3575 -21.7153
43.4575 -21.2007
43.5575 -20.6212
43.6575 -20.0499
43.7575 -19.3743
43.8575 -18.457
43.9575 -17.1338
44.0575 -15.2713
44.1575 -12.7148
44.2575 -9.44011
44.3575 -5.50166
44.4575 -1.07926
44.5575 3.64381
44.6575 8.40221
44.7575 12.7471
44.8575 16.2825
44.9575 18.6069
45.0575 19.4984
45.1575 19.0782
45.2575 17.7359
45.3575 15.9643
45.4575 14.2879
45.5575 12.9644
45.6575 12.0493
45.7575 11.4468
45.8575 11.0058
45.9575 10.5991
46.0575 10.1494
46.1575 9.66388
46.2575 9.14939
46.3575 8.57192
46.4575 7.87429
46.5575 6.89926
46.6575 5.45989
46.7575 3.41686
46.8575 0.697499
46.9575 -2.53255
47.0575 -5.9274
47.1575 -9.11367
47.2575 -11.9197
47.3575 -14.2773
47.4575 -16.1323
47.5575 -17.505
47.6575 -18.3905
47.7575 -18.8564
47.8575 -18.9442
47.9575 -18.5933
48.0575 -17.7196
48.1575 -16.2958
48.2575 -14.3756
48.3575 -12.1454
48.4575 -9.72893
48.5575 -7.19696
48.6575 -4.58737
48.7575 -2.00763
48.8575 0.535154
48.9575 2.97218
49.0575 5.10204
49.1575 6.91738
49.2575 8.47771
49.3575 9.86124
49.4575 11.146
49.5575 12.3458
49.6575 13.4592
49.7575 14.5248
49.8575 15.5014
49.9575 16.2749
50.0575 16.6947
50.1575 16.6222
50.2575 15.916
50.3575 14.564
50.4575 12.6218
50.5575 10.2187
50.6575 7.57292
50.7575 4.93166
50.8575 2.36722
50.9575 0.0146399
51.0575 -1.94956
51.1575 -3.50787
51.2575 -4.72498
51.3575 -5.69747
51.4575 -6.54477
51.5575 -7.35283
51.6575 -8.0972
51.7575 -8.73757
51.8575 -9.23926
51.9575 -9.57257
52.0575 -9.64673
52.1575 -9.47668
52.2575 -9.13187
52.3575 -8.66515
52.4575 -8.10443
52.5575 -7.47988
52.6575 -6.84492
52.7575 -6.23909
52.8575 -5.74586
52.9575 -5.42024
53.0575 -5.19281
53.1575 -4.95415
53.2575 -4.63997
53.3575 -4.18232
53.4575 -3.51877
53.5575 -2.67581
53.6575 -1.68154
53.7575 -0.53758
53.8575 0.717893
53.9575 2.02717
54.0575 3.3693
54.1575 4.77696
54.2575 6.20706
54.3575 7.57389
54.4575 8.8741
54.5575 10.0087
54.6575 10.863
54.7575 11.3144
54.8575 11.3633
54.9575 11.0136
55.0575 10.4008
55.1575 9.64955
55.2575 8.84531
55.3575 8.05954
55.4575 7.28413
55.5575 6.53652
55.6575 5.79738
55.7575 4.94378
55.8575 3.89242
55.9575 2.66282
56.0575 1.36924
56.1575 0.111448
56.2575 -1.11011
56.3575 -2.2926
56.4575 -3.42447
56.5575 -4.50544
56.6575 -5.57499
56.7575 -6.66084
56.8575 -7.73007
56.9575 -8.72041
57.0575 -9.6077
57.1575 -10.3289
57.2575 -10.8366
57.3575 -11.0888
57.4575 -11.0588
57.5575 -10.6608
57.6575 -9.8683
57.7575 -8.74065
57.8575 -7.35858
57.9575 -5.8739
58.0575 -4.40618
58.1575 -3.05957
58.2575 -1.8893
58.3575 -0.932433
58.4575 -0.108766
58.5575 0.703754
58.6575 1.5805
58.7575 2.55506
58.8575 3.55005
58.9575 4.49052
59.0575 5.3566
59.1575 6.08498
59.2575 6.69964
59.3575 7.1757
59.4575 7.4815
59.5575 7.65048
59.6575 7.71445
59.7575 7.72466
59.8575 7.66017
59.9575 7.43672
60.0575 7.05367
60.1575 6.54729
60.2575 5.96728
60.3575 5.39999
60.4575 4.85334
60.5575 4.2806
60.6575 3.61392
60.7575 2.85615
60.8575 2.13694
60.9575 1.46919
61.0575 0.887021
61.1575 0.412267
61.2575 -0.0252482
61.3575 -0.494794
61.4575 -0.998312
61.5575 -1.54288
61.6575 -2.15113
61.7575 -2.76274
61.8575 -3.35537
61.9575 -3.96261
62.0575 -4.50971
62.1575 -4.97411
62.2575 -5.37018
62.3575 -5.68757
62.4575 -5.93999
62.5575 -6.14166
62.6575 -6.23888
62.7575 -6.25549
62.8575 -6.18402
62.9575 -6.0396
63.0575 -5.85994
63.1575 -5.59698
63.2575 -5.22698
63.3575 -4.70318
63.4575 -4.0438
63.5575 -3.28453
63.6575 -2.48639
63.7575 -1.71767
63.8575 -0.974196
63.9575 -0.137019
64.0575 0.71235
64.1575 1.53863
64.2575 2.33252
64.3575 3.11126
64.4575 3.89293
64.5575 4.63791
64.6575 5.26299
64.7575 5.74296
64.8575 6.17532
64.9575 6.62429
65.0575 7.05035
65.1575 7.29896
65.2575 7.28374
65.3575 7.03142
65.4575 6.58948
65.5575 5.93827
65.6575 5.16449
65.7575 4.43791
65.8575 3.96415
65.9575 3.91236
66.0575 4.29222
66.1575 4.89277
66.2575 5.393
66.3575 5.4678
66.4575 4.77697
66.5575 3.17018
66.6575 0.627603
66.7575 -2.70182
66.8575 -6.35814
66.9575 -9.51182
67.0575 -11.4604
67.1575 -11.8941
67.2575 -10.8759
67.3575 -8.55585
67.4575 -5.46
67.5575 -2.39538
67.6575 0.100855
67.7575 1.69362
67.8575 2.2147
67.9575 1.67208
68.0575 0.362836
68.1575 -1.25755
68.2575 -2.85379
68.3575 -4.18697
68.4575 -5.16483
68.5575 -5.80429
68.6575 -6.17297
68.7575 -6.27581
68.8575 -6.05919
68.9575 -5.48314
69.0575 -4.53819
69.1575 -3.34437
69.2575 -1.97812
69.3575 -0.576566
69.4575 0.727181
69.5575 1.83428
69.6575 2.7976
69.7575 3.70049
69.8575 4.54131
69.9575 5.35266
70.0575 6.09217
70.1575 6.68485
70.2575 7.08193
70.3575 7.32002
70.4575 7.41806
70.5575 7.30441
70.6575 6.93321
70.7575 6.33359
70.8575 5.65831
70.9575 4.93234
71.0575 4.19797
71.1575 3.49277
71.2575 2.85468
71.3575 2.27023
71.4575 1.80152
71.5575 1.43859
71.6575 1.12037
71.7575 0.790659
71.8575 0.373471
71.9575 -0.18229
72.0575 -0.870627
72.1575 -1.6416
72.2575 -2.44797
72.3575 -3.21757
72.4575 -3.8334
72.5575 -4.21125
72.6575 -4.31575
72.7575 -4.18146
72.8575 -3.91023
72.9575 -3.60348
73.0575 -3.3566
73.1575 -3.2458
73.2575 -3.30623
73.3575 -3.51243
73.4575 -3.80507
73.5575 -4.1269
73.6575 -4.39886
73.7575 -4.47439
73.8575 -4.2265
73.9575 -3.70288
74.0575 -2.98362
74.1575 -2.15146
74.2575 -1.38637
74.3575 -0.702161
74.4575 -0.0843154
74.5575 0.47049
74.6575 0.915157
74.7575 1.28058
74.8575 1.53915
74.9575 1.69404
75.0575 1.8234
75.1575 1.97694
75.2575 2.17519
75.3575 2.37612
75.4575 2.60224
75.5575 2.90294
75.6575 3.29579
75.7575 3.66411
75.8575 3.91412
75.9575 4.07462
76.0575 4.22078
76.1575 4.38568
76.2575 4.55047
76.3575 4.68168
76.4575 4.7351
76.5575 4.66575
76.6575 4.50394
76.7575 4.23278
76.8575 3.79887
76.9575 3.24712
77.0575 2.62188
77.1575 1.98767
77.2575 1.39448
77.3575 0.795945
77.4575 0.134474
77.5575 -0.543091
77.6575 -1.19021
77.7575 -1.79995
77.8575 -2.37915
77.9575 -2.89774
78.0575 -3.35567
78.1575 -3.79026
78.2575 -4.112
78.3575 -4.30319
78.4575 -4.45816
78.5575 -4.55167
78.6575 -4.56625
78.7575 -4.56904
78.8575 -4.54291
78.9575 -4.58375
79.0575 -4.68317
79.1575 -4.72881
79.2575 -4.64415
79.3575 -4.41379
79.4575 -3.9748
79.5575 -3.29586
79.6575 -2.45886
79.7575 -1.55287
79.8575 -0.578639
79.9575 0.401842
80.0575 1.26973
80.1575 1.98996
80.2575 2.59409
80.3575 3.10067
80.4575 3.52512
80.5575 3.87431
80.6575 4.23592
80.7575 4.57448
80.8575 4.77655
80.9575 4.86411
81.0575 4.90203
81.1575 4.87027
81.2575 4.8248
81.3575 4.73176
81.4575 4.56831
81.5575 4.38949
81.6575 4.17127
81.7575 3.87365
81.8575 3.49754
81.9575 3.03958
82.0575 2.49399
82.1575 1.9304
82.2575 1.38783
82.3575 0.756387
82.4575 0.136126
82.5575 -0.433454
82.6575 -0.938182
82.7575 -1.35689
82.8575 -1.80353
82.9575 -2.24851
83.0575 -2.58989
83.1575 -2.78243
83.2575 -2.81673
83.3575 -2.73349
83.4575 -2.61195
83.5575 -2.58516
83.6575 -2.69514
83.7575 -2.85516
83.8575 -3.08098
83.9575 -3.29806
84.0575 -3.54785
84.1575 -3.71484
84.2575 -3.71246
84.3575 -3.51923
84.4575 -3.13302
84.5575 -2.65205
84.6575 -2.15143
84.7575 -1.66965
84.8575 -1.16057
84.9575 -0.537381
85.0575 0.162746
85.1575 0.858109
85.2575 1.52392
85.3575 2.06927
85.4575 2.4836
85.5575 2.71897
85.6575 2.82709
85.7575 2.71742
85.8575 2.48893
85.9575 2.19252
86.0575 1.98092
86.1575 1.8499
86.2575 1.79693
86.3575 1.81415
86.4575 1.87055
86.5575 1.89278
86.6575 1.8701
86.7575 1.81773
86.8575 1.73415
86.9575 1.65653
87.0575 1.55167
87.1575 1.45749
87.2575 1.42111
87.3575 1.44556
87.4575 1.37517
87.5575 1.22542
87.6575 0.99275
87.7575 0.723973
87.8575 0.387257
87.9575 0.0981431
88.0575 -0.181599
88.1575 -0.431026
88.2575 -0.637023
88.3575 -0.762281
88.4575 -0.874946
88.5575 -1.02519
88.6575 -1.14018
88.7575 -1.25339
88.8575 -1.24446
88.9575 -1.17264
89.0575 -1.09575
89.1575 -1.01408
89.2575 -0.947934
89.3575 -0.892179
89.4575 -0.913894
89.5575 -1.04424
89.6575 -1.28863
89.7575 -1.48957
89.8575 -1.68131
89.9575 -1.77463
90.0575 -1.67829
90.1575 -1.45731
90.2575 -1.23177
90.3575 -0.851768
90.4575 -0.44439
90.5575 -0.0476887
90.6575 0.27331
90.7575 0.516241
90.8575 0.62347
90.9575 0.688758
91.0575 0.711289
91.1575 0.716822
91.2575 0.705878
91.3575 0.654592
91.4575 0.65481
91.5575 0.833427
91.6575 1.07231
91.7575 1.261
91.8575 1.36611
91.9575 1.4569
92.0575 1.47668
92.1575 1.40015
92.2575 1.30334
92.3575 1.13394
92.4575 0.959113
92.5575 0.755715
92.6575 0.584609
92.7575 0.479586
92.8575 0.376399
92.9575 0.284786
93.0575 0.259145
93.1575 0.231781
93.2575 0.248992
93.3575 0.28601
93.4575 0.30578
93.5575 0.317015
93.6575 0.23444
93.7575 0.113125
93.8575 -0.00484856
93.9575 -0.129775
94.0575 -0.272765
94.1575 -0.365085
94.2575 -0.457516
94.3575 -0.520396
94.4575 -0.561999
94.5575 -0.622876
94.6575 -0.669993
94.7575 -0.701185
94.8575 -0.705384
94.9575 -0.682223
95.0575 -0.633661
95.1575 -0.551865
95.2575 -0.482415
95.3575 -0.453086
95.4575 -0.403625
95.5575 -0.361687
95.6575 -0.351032
95.7575 -0.301111
95.8575 -0.25151
95.9575 -0.219851
96.0575 -0.209928
96.1575 -0.196196
96.2575 -0.202378
96.3575 -0.144309
