-5.24979 -1.13832
-5.14979 -1.96162
-5.04979 -2.58938
-4.94979 -2.96766
-4.84979 -3.06954
-4.74979 -2.97683
-4.64979 -2.65261
-4.54979 -2.20399
-4.44979 -1.6218
-4.34979 -0.927862
-4.24979 -0.176137
-4.14979 0.560202
-4.04979 1.29393
-3.94979 1.88974
-3.84979 2.35872
-3.74979 2.57581
-3.64979 2.57959
-3.54979 2.31237
-3.44979 1.8382
-3.34979 1.30783
-3.24979 0.693514
-3.14979 0.0775572
-3.04979 -0.534952
-2.94979 -1.10925
-2.84979 -1.44539
-2.74979 -1.67555
-2.64979 -1.65208
-2.54979 -1.52481
-2.44979 -1.30353
-2.34979 -0.985692
-2.24979 -0.575509
-2.14979 -0.0688699
-2.04979 0.419831
-1.94979 0.884796
-1.84979 1.37541
-1.74979 1.85401
-1.64979 2.17579
-1.54979 2.38877
-1.44979 2.42661
-1.34979 2.28809
-1.24979 1.95657
-1.14979 1.55772
-1.04979 1.05235
-0.949794 0.499997
-0.849794 -0.049162
-0.749794 -0.669603
-0.649794 -1.31164
-0.549794 -1.95636
-0.449794 -2.5475
-0.349794 -2.97306
-0.249794 -3.15226
-0.149794 -3.04041
-0.0497938 -2.56258
0.0502062 -1.83166
0.150206 -0.870919
0.250206 0.101128
0.350206 0.896906
0.450206 1.40504
0.550206 1.60566
0.650206 1.50752
0.750206 1.26599
0.850206 0.93865
0.950206 0.607776
1.05021 0.269408
1.15021 0.0622864
1.25021 -0.00921659
1.35021 0.03831
1.45021 0.183106
1.55021 0.394482
1.65021 0.61943
1.75021 0.951952
1.85021 1.31914
1.95021 1.59586
2.05021 1.8011
2.15021 1.92398
2.25021 1.87056
2.35021 1.55651
2.45021 1.0582
2.55021 0.543572
2.65021 0.0139039
2.75021 -0.57021
2.85021 -1.07546
2.95021 -1.53145
3.05021 -1.85623
3.15021 -1.98975
3.25021 -1.83354
3.35021 -1.37789
3.45021 -0.730474
3.55021 0.00493624
3.65021 0.818734
3.75021 1.62079
3.85021 2.2793
3.95021 2.67839
4.05021 2.75477
4.15021 2.38561
4.25021 1.71865
4.35021 0.843119
4.45021 -0.208092
4.55021 -1.28562
4.65021 -2.16341
4.75021 -2.75724
4.85021 -3.02554
4.95021 -3.06188
5.05021 -2.89561
5.15021 -2.5656
5.25021 -2.07712
5.35021 -1.41874
5.45021 -0.678725
5.55021 0.0655291
5.65021 0.717656
5.75021 1.30307
5.85021 1.76268
5.95021 2.05633
6.05021 2.14335
6.15021 2.12304
6.25021 2.01993
6.35021 1.88631
6.45021 1.73956
6.55021 1.58595
6.65021 1.42914
6.75021 1.23776
6.85021 0.959528
6.95021 0.586393
7.05021 0.143516
7.15021 -0.243501
7.25021 -0.601802
7.35021 -0.835852
7.45021 -0.883676
7.55021 -0.777917
7.65021 -0.613475
7.75021 -0.369288
7.85021 -0.040353
7.95021 0.336411
8.05021 0.693707
8.15021 0.912367
8.25021 0.899896
8.35021 0.663646
8.45021 0.28568
8.55021 -0.118125
8.65021 -0.466289
8.75021 -0.651632
8.85021 -0.616945
8.95021 -0.379956
9.05021 0.0497181
9.15021 0.544754
9.25021 0.867865
9.35021 0.89077
9.45021 0.607372
9.55021 0.114694
9.65021 -0.453186
9.75021 -0.913287
9.85021 -1.16276
9.95021 -1.17571
10.0502 -0.91504
10.1502 -0.414066
10.2502 0.12107
10.3502 0.477058
10.4502 0.519614
10.5502 0.173857
10.6502 -0.440019
10.7502 -1.0098
10.8502 -1.31984
10.9502 -1.35615
11.0502 -1.09744
11.1502 -0.589509
11.2502 0.0721589
11.3502 0.767164
11.4502 1.37099
11.5502 1.8447
11.6502 2.18562
11.7502 2.38212
11.8502 2.42274
11.9502 2.2573
12.0502 1.85486
12.1502 1.23633
12.2502 0.421463
12.3502 -0.466386
12.4502 -1.26167
12.5502 -1.79624
12.6502 -1.97834
12.7502 -1.79813
12.8502 -1.35544
12.9502 -0.727988
13.0502 0.00288852
13.1502 0.652511
13.2502 1.11098
13.3502 1.39559
13.4502 1.52884
13.5502 1.52323
13.6502 1.45956
13.7502 1.48533
13.8502 1.60535
13.9502 1.69598
14.0502 1.65458
14.1502 1.42488
14.2502 0.996531
14.3502 0.447387
14.4502 -0.167436
14.5502 -0.8381
14.6502 -1.44469
14.7502 -1.93222
14.8502 -2.28119
14.9502 -2.45219
15.0502 -2.45727
15.1502 -2.38801
15.2502 -2.2614
15.3502 -2.03083
15.4502 -1.68215
15.5502 -1.26518
15.6502 -0.779556
15.7502 -0.216574
15.8502 0.410304
15.9502 1.05588
16.0502 1.61816
16.1502 2.04568
16.2502 2.34126
16.3502 2.42187
16.4502 2.32985
16.5502 2.11512
16.6502 1.75812
16.7502 1.29058
16.8502 0.814952
16.9502 0.460184
17.0502 0.301376
17.1502 0.262601
17.2502 0.250613
17.3502 0.197371
17.4502 0.151299
17.5502 0.139718
17.6502 0.164485
17.7502 0.157192
17.8502 0.0279842
17.9502 -0.233182
18.0502 -0.578034
18.1502 -0.927716
18.2502 -1.15763
18.3502 -1.24949
18.4502 -1.16875
18.5502 -0.908739
18.6502 -0.499639
18.7502 -0.0167797
18.8502 0.495105
18.9502 0.912062
19.0502 1.22201
19.1502 1.42912
19.2502 1.58467
19.3502 1.75927
19.4502 1.96357
19.5502 2.06885
19.6502 1.92734
19.7502 1.50672
19.8502 0.884872
19.9502 0.194695
20.0502 -0.42926
20.1502 -0.985017
20.2502 -1.53189
20.3502 -2.1629
20.4502 -2.92857
20.5502 -3.89458
20.6502 -5.05706
20.7502 -6.2706
20.8502 -7.14533
20.9502 -7.06448
21.0502 -5.57528
21.1502 -2.45306
21.2502 2.50263
21.3502 9.52244
21.4502 17.7212
21.5502 24.8268
21.6502 28.298
21.7502 26.6655
21.8502 18.8517
21.9502 3.39975
22.0502 -19.8528
22.1502 -45.7998
22.2502 -65.5746
22.3502 -73.1811
22.4502 -68.5298
22.5502 -53.2165
22.6502 -27.8153
22.7502 4.82838
22.8502 39.115
22.9502 68.2054
23.0502 86.9233
23.1502 93.2993
23.2502 86.1084
23.3502 63.8058
23.4502 31.39
23.5502 -1.01912
23.6502 -26.4908
23.7502 -44.4271
23.8502 -56.6822
23.9502 -64.0377
24.0502 -66.657
24.1502 -65.2124
24.2502 -60.1302
24.3502 -51.7528
24.4502 -40.5725
24.5502 -26.8859
24.6502 -11.2978
24.7502 4.75102
24.8502 19.6474
24.9502 32.3718
25.0502 42.275
25.1502 48.8355
25.2502 51.8315
25.3502 51.7864
25.4502 49.4151
25.5502 45.0292
25.6502 38.7351
25.7502 30.559
25.8502 20.6679
25.9502 9.65407
26.0502 -1.39237
26.1502 -11.3141
26.2502 -19.5666
26.3502 -26.3251
26.4502 -32.0278
26.5502 -37.1258
26.6502 -41.6565
26.7502 -44.9659
26.8502 -46.0235
26.9502 -44.1348
27.0502 -39.2022
27.1502 -31.5865
27.2502 -22.4086
27.3502 -13.1995
27.4502 -4.96028
27.5502 2.07306
27.6502 8.17853
27.7502 13.5983
27.8502 18.4455
27.9502 22.7729
28.0502 26.4138
28.1502 29.1022
28.2502 30.6006
28.3502 30.9098
28.4502 30.2833
28.5502 29.012
28.6502 27.2559
28.7502 24.9123
28.8502 21.7012
28.9502 17.4183
29.0502 12.0118
29.1502 5.89689
29.2502 -0.267562
29.3502 -5.90341
29.4502 -10.6211
29.5502 -14.3921
29.6502 -17.4325
29.7502 -19.9667
29.8502 -22.1546
29.9502 -23.9975
30.0502 -25.2529
30.1502 -25.6805
30.2502 -25.1776
30.3502 -23.8604
30.4502 -21.9185
30.5502 -19.4743
30.6502 -16.6488
30.7502 -13.4637
30.8502 -9.97957
30.9502 -6.30456
31.0502 -2.54324
31.1502 1.17354
31.2502 4.76138
31.3502 8.13294
31.4502 11.2461
31.5502 14.1075
31.6502 16.7376
31.7502 19.1431
31.8502 21.1703
31.9502 22.5285
32.0502 22.9059
32.1502 22.2207
32.2502 20.6003
32.3502 18.2889
32.4502 15.6022
32.5502 12.8069
32.6502 10.0262
32.7502 7.24032
32.8502 4.43174
32.9502 1.64229
33.0502 -1.06696
33.1502 -3.62808
33.2502 -5.95018
33.3502 -7.99304
33.4502 -9.79128
33.5502 -11.3338
33.6502 -12.6216
33.7502 -13.6748
33.8502 -14.511
33.9502 -15.0821
34.0502 -15.3813
34.1502 -15.4595
34.2502 -15.3365
34.3502 -15.0177
34.4502 -14.3793
34.5502 -13.3248
34.6502 -11.6631
34.7502 -9.3088
34.8502 -6.35526
34.9502 -3.05017
35.0502 0.267055
35.1502 3.19693
35.2502 5.43121
35.3502 6.92402
35.4502 7.73699
35.5502 8.09462
35.6502 8.23091
35.7502 8.4279
35.8502 8.81141
35.9502 9.30404
36.0502 9.78413
36.1502 10.1593
36.2502 10.3888
36.3502 10.5094
36.4502 10.5956
36.5502 10.7291
36.6502 10.9167
36.7502 11.067
36.8502 11.13
36.9502 10.9755
37.0502 10.3573
37.1502 9.17512
37.2502 7.46636
37.3502 5.36506
37.4502 2.92096
37.5502 0.18257
37.6502 -2.69408
37.7502 -5.61418
37.8502 -8.43955
37.9502 -11.0827
38.0502 -13.4138
38.1502 -15.2567
38.2502 -16.5336
38.3502 -17.1687
38.4502 -17.1227
38.5502 -16.4816
38.6502 -15.385
38.7502 -13.9509
38.8502 -12.2547
38.9502 -10.4028
39.0502 -8.45849
39.1502 -6.48962
39.2502 -4.60822
39.3502 -2.94211
39.4502 -1.50258
39.5502 -0.192289
39.6502 1.17291
39.7502 2.72071
39.8502 4.476
39.9502 6.35026
40.0502 8.28154
40.1502 10.2185
40.2502 11.9653
40.3502 13.3332
40.4502 14.123
40.5502 14.2479
40.6502 13.7661
40.7502 12.7756
40.8502 11.4923
40.9502 10.0621
41.0502 8.53651
41.1502 7.01276
41.2502 5.67476
41.3502 4.49854
41.4502 3.3915
41.5502 2.29927
41.6502 1.18519
41.7502 0.102066
41.8502 -0.900135
41.9502 -1.78167
42.0502 -2.49761
42.1502 -3.08444
42.2502 -3.56812
42.3502 -3.98734
42.4502 -4.36606
42.5502 -4.74629
42.6502 -5.12728
42.7502 -5.56061
42.8502 -6.14546
42.9502 -6.88463
43.0502 -7.64102
43.1502 -8.31523
43.2502 -8.82688
43.3502 -9.04994
43.4502 -8.93123
43.5502 -8.4875
43.6502 -7.71911
43.7502 -6.67658
43.8502 -5.46602
43.9502 -4.26947
44.0502 -3.18466
44.1502 -2.22909
44.2502 -1.36197
44.3502 -0.507794
44.4502 0.369114
44.5502 1.31321
44.6502 2.32714
44.7502 3.41594
44.8502 4.54034
44.9502 5.60834
45.0502 6.4775
45.1502 7.03481
45.2502 7.32831
45.3502 7.41006
45.4502 7.42022
45.5502 7.42233
45.6502 7.49454
45.7502 7.60757
45.8502 7.74607
45.9502 7.8219
46.0502 7.73672
46.1502 7.41026
46.2502 6.84796
46.3502 6.11996
46.4502 5.24274
46.5502 4.22643
46.6502 3.0711
46.7502 1.84628
46.8502 0.556013
46.9502 -0.80236
47.0502 -2.16197
47.1502 -3.46499
47.2502 -4.59961
47.3502 -5.48753
47.4502 -6.16079
47.5502 -6.66185
47.6502 -7.07343
47.7502 -7.42575
47.8502 -7.65651
47.9502 -7.68624
48.0502 -7.50045
48.1502 -7.18668
48.2502 -6.7716
48.3502 -6.19376
48.4502 -5.48991
48.5502 -4.74169
48.6502 -4.01903
48.7502 -3.3576
48.8502 -2.76763
48.9502 -2.22014
49.0502 -1.66318
49.1502 -1.06929
49.2502 -0.491882
49.3502 0.0872171
49.4502 0.68269
49.5502 1.31983
49.6502 2.02841
49.7502 2.70912
49.8502 3.35561
49.9502 3.92332
50.0502 4.40721
50.1502 4.80984
50.2502 5.10624
50.3502 5.30752
50.4502 5.38998
50.5502 5.40959
50.6502 5.37007
50.7502 5.29866
50.8502 5.21745
50.9502 5.12357
51.0502 4.94645
51.1502 4.70806
51.2502 4.40701
51.3502 4.05341
51.4502 3.67733
51.5502 3.31985
51.6502 2.9344
51.7502 2.46224
51.8502 1.91473
51.9502 1.34217
52.0502 0.753428
52.1502 0.12631
52.2502 -0.507807
52.3502 -1.14436
52.4502 -1.79377
52.5502 -2.42271
52.6502 -2.95499
52.7502 -3.3835
52.8502 -3.7735
52.9502 -4.09435
53.0502 -4.37109
53.1502 -4.6291
53.2502 -4.85154
53.3502 -4.98078
53.4502 -5.06276
53.5502 -5.10547
53.6502 -5.09589
53.7502 -5.08895
53.8502 -5.11866
53.9502 -5.14195
54.0502 -5.05619
54.1502 -4.77288
54.2502 -4.28371
54.3502 -3.56456
54.4502 -2.6244
54.5502 -1.58175
54.6502 -0.528554
54.7502 0.524308
54.8502 1.5711
54.9502 2.57335
55.0502 3.48418
55.1502 4.2447
55.2502 4.86839
55.3502 5.31255
55.4502 5.43352
55.5502 5.18748
55.6502 4.61173
55.7502 3.83237
55.8502 3.04579
55.9502 2.43324
56.0502 2.1508
56.1502 2.32331
56.2502 3.00855
56.3502 4.15866
56.4502 5.56523
56.5502 6.84068
56.6502 7.54886
56.7502 7.44221
56.8502 6.39604
56.9502 4.47706
57.0502 1.81623
57.1502 -1.15922
57.2502 -3.72897
57.3502 -5.27567
57.4502 -5.60631
57.5502 -4.77662
57.6502 -3.1049
57.7502 -1.10909
57.8502 0.733838
57.9502 2.08673
58.0502 2.7483
58.1502 2.63769
58.2502 1.88181
58.3502 0.662664
58.4502 -0.732102
58.5502 -2.10426
58.6502 -3.3533
58.7502 -4.45453
58.8502 -5.4736
58.9502 -6.32055
59.0502 -6.93656
59.1502 -7.30556
59.2502 -7.31321
59.3502 -6.87493
59.4502 -6.11849
59.5502 -5.19642
59.6502 -4.23324
59.7502 -3.33068
59.8502 -2.49281
59.9502 -1.74228
60.0502 -1.06828
60.1502 -0.373231
60.2502 0.388718
60.3502 1.2084
60.4502 2.08553
60.5502 2.93428
60.6502 3.63332
60.7502 4.14997
60.8502 4.60839
60.9502 5.01207
61.0502 5.21185
61.1502 5.19881
61.2502 5.06601
61.3502 4.87156
61.4502 4.66559
61.5502 4.51762
61.6502 4.50355
61.7502 4.59435
61.8502 4.74343
61.9502 4.85231
62.0502 4.74289
62.1502 4.29019
62.2502 3.54904
62.3502 2.64962
62.4502 1.64899
62.5502 0.63234
62.6502 -0.317183
62.7502 -1.09019
62.8502 -1.60882
62.9502 -1.85709
63.0502 -1.88213
63.1502 -1.73295
63.2502 -1.4879
63.3502 -1.25865
63.4502 -1.13777
63.5502 -1.23842
63.6502 -1.63301
63.7502 -2.30572
63.8502 -3.12682
63.9502 -3.90081
64.0502 -4.48602
64.1502 -4.82778
64.2502 -4.89617
64.3502 -4.67378
64.4502 -4.23027
64.5502 -3.64741
64.6502 -3.03105
64.7502 -2.50674
64.8502 -2.1008
64.9502 -1.79547
65.0502 -1.56845
65.1502 -1.38462
65.2502 -1.22081
65.3502 -1.05727
65.4502 -0.832206
65.5502 -0.445661
65.6502 0.0263427
65.7502 0.451183
65.8502 0.84709
65.9502 1.22447
66.0502 1.55863
66.1502 1.84623
66.2502 2.13097
66.3502 2.44194
66.4502 2.75934
66.5502 3.07682
66.6502 3.3986
66.7502 3.68674
66.8502 3.87418
66.9502 3.97029
67.0502 3.94098
67.1502 3.78001
67.2502 3.593
67.3502 3.39959
67.4502 3.18262
67.5502 2.98705
67.6502 2.86883
67.7502 2.78393
67.8502 2.70279
67.9502 2.60586
68.0502 2.45451
68.1502 2.21641
68.2502 1.82506
68.3502 1.25091
68.4502 0.528774
68.5502 -0.223926
68.6502 -0.919257
68.7502 -1.5869
68.8502 -2.22358
68.9502 -2.77852
69.0502 -3.21481
69.1502 -3.46265
69.2502 -3.58632
69.3502 -3.69092
69.4502 -3.80798
69.5502 -3.88181
69.6502 -3.93818
69.7502 -3.90373
69.8502 -3.73079
69.9502 -3.44473
70.0502 -3.11191
70.1502 -2.77576
70.2502 -2.40474
70.3502 -2.02185
70.4502 -1.68823
70.5502 -1.46443
70.6502 -1.31953
70.7502 -1.15456
70.8502 -0.935235
70.9502 -0.7004
71.0502 -0.411081
71.1502 -0.0258628
71.2502 0.413566
71.3502 0.948925
71.4502 1.58959
71.5502 2.25233
71.6502 2.78807
71.7502 3.15866
71.8502 3.46955
71.9502 3.76718
72.0502 3.98036
72.1502 4.04722
72.2502 3.93557
72.3502 3.67961
72.4502 3.41275
72.5502 3.15574
72.6502 2.92166
72.7502 2.69557
72.8502 2.39141
72.9502 2.04968
73.0502 1.72543
73.1502 1.43439
73.2502 1.18432
73.3502 0.938413
73.4502 0.727005
73.5502 0.573693
73.6502 0.466254
73.7502 0.332142
73.8502 0.0600854
73.9502 -0.326519
74.0502 -0.787091
74.1502 -1.27125
74.2502 -1.64076
74.3502 -1.93911
74.4502 -2.1753
74.5502 -2.25902
74.6502 -2.214
74.7502 -2.09372
74.8502 -2.05188
74.9502 -2.05802
75.0502 -2.07208
75.1502 -2.04024
75.2502 -1.91183
75.3502 -1.65236
75.4502 -1.40435
75.5502 -1.27055
75.6502 -1.1483
75.7502 -1.04876
75.8502 -0.976845
75.9502 -0.938524
76.0502 -0.942515
76.1502 -0.93804
76.2502 -0.889313
76.3502 -0.766955
76.4502 -0.607788
76.5502 -0.428434
76.6502 -0.241175
76.7502 -0.0476448
76.8502 0.202124
76.9502 0.463845
77.0502 0.779801
77.1502 1.08836
77.2502 1.33688
77.3502 1.44427
77.4502 1.56849
77.5502 1.71814
77.6502 1.80705
77.7502 1.88499
77.8502 1.89741
77.9502 1.84573
78.0502 1.77438
78.1502 1.68557
78.2502 1.63738
78.3502 1.57405
78.4502 1.54322
78.5502 1.42925
78.6502 1.38815
78.7502 1.37259
78.8502 1.38478
78.9502 1.40773
79.0502 1.43796
79.1502 1.51415
79.2502 1.52103
79.3502 1.46013
79.4502 1.22214
79.5502 0.767757
79.6502 0.178224
79.7502 -0.505498
79.8502 -1.19387
79.9502 -1.83435
80.0502 -2.35673
80.1502 -2.77616
80.2502 -2.95602
80.3502 -2.94187
80.4502 -2.84839
80.5502 -2.65332
80.6502 -2.40634
80.7502 -2.05556
80.8502 -1.69964
80.9502 -1.29753
81.0502 -0.909944
81.1502 -0.569248
81.2502 -0.247066
81.3502 0.0402652
81.4502 0.263315
81.5502 0.430442
81.6502 0.487748
81.7502 0.566873
81.8502 0.645655
81.9502 0.702566
82.0502 0.694418
82.1502 0.600694
82.2502 0.42835
82.3502 0.209527
82.4502 0.0314001
82.5502 -0.0573281
82.6502 -0.0963805
82.7502 -0.0760042
82.8502 0.0487467
82.9502 0.210239
83.0502 0.425254
83.1502 0.669143
83.2502 0.885299
83.3502 1.05766
83.4502 1.16438
83.5502 1.20999
83.6502 1.16872
83.7502 1.1813
83.8502 1.17984
83.9502 1.14251
84.0502 1.03275
84.1502 0.971304
84.2502 0.936764
84.3502 0.949938
84.4502 0.962894
84.5502 0.9698
84.6502 0.970047
84.7502 0.827461
84.8502 0.592229
84.9502 0.370245
85.0502 0.170198
85.1502 -0.0530445
85.2502 -0.294935
85.3502 -0.570133
85.4502 -0.839121
85.5502 -0.989006
85.6502 -1.00382
85.7502 -1.04717
85.8502 -1.05924
85.9502 -1.02435
86.0502 -0.952618
86.1502 -0.892045
86.2502 -0.905969
86.3502 -0.972639
86.4502 -1.03188
86.5502 -0.954242
86.6502 -0.817353
86.7502 -0.640582
86.8502 -0.506942
86.9502 -0.438255
87.0502 -0.359243
87.1502 -0.180639
87.2502 0.0977391
87.3502 0.357745
87.4502 0.528458
87.5502 0.652836
87.6502 0.711638
87.7502 0.668922
87.8502 0.548068
87.9502 0.315298
88.0502 0.0539007
88.1502 -0.0977749
88.2502 -0.107035
88.3502 -0.0927255
88.4502 -0.0118493
88.5502 0.0821305
88.6502 0.149196
88.7502 0.194659
88.8502 0.258515
88.9502 0.266963
89.0502 0.301336
89.1502 0.365253
89.2502 0.47772
89.3502 0.562951
89.4502 0.629376
89.5502 0.696679
89.6502 0.75811
89.7502 0.742648
89.8502 0.684013
89.9502 0.614025
90.0502 0.511999
90.1502 0.406022
90.2502 0.348234
90.3502 0.218747
90.4502 0.0981886
90.5502 0.0153546
90.6502 -0.0455581
90.7502 -0.0809921
90.8502 -0.0667799
90.9502 -0.133971
91.0502 -0.166625
91.1502 -0.254925
91.2502 -0.273803
91.3502 -0.28982
91.4502 -0.330524
91.5502 -0.35625
91.6502 -0.420707
91.7502 -0.471065
91.8502 -0.473979
91.9502 -0.399421
92.0502 -0.28816
92.1502 -0.206696
92.2502 -0.146374
92.3502 -0.129548
92.4502 -0.130061
92.5502 -0.153045
92.6502 -0.127724
92.7502 -0.12036
92.8502 -0.134188
92.9502 -0.190292
93.0502 -0.197491
93.1502 -0.169064
93.2502 -0.110484
93.3502 0.00157747
93.4502 0.125018
93.5502 0.208567
93.6502 0.185781
93.7502 0.127406
93.8502 0.0681135
93.9502 -0.00272893
94.0502 -0.0069257
94.1502 -0.026809
94.2502 -0.0386385
94.3502 -0.0327866
94.4502 -0.0106349
94.5502 0.0469785
94.6502 0.102711
94.7502 0.13695
94.8502 0.178787
94.9502 0.179336
95.0502 0.173052
95.1502 0.216751
95.2502 0.234452
95.3502 0.169026
95.4502 0.198716
95.5502 0.278205
95.6502 0.329729
95.7502 0.390783
95.8502 0.484253
95.9502 0.490809
96.0502 0.472533
96.1502 0.386791
96.2502 0.212612
96.3502 0.0436275
96.4502 -0.132348
96.5502 -0.271144
96.6502 -0.392737
96.7502 -0.449156
96.8502 -0.390158
96.9502 -0.324797
97.0502 -0.261801
