-3.25156 0.687082
-3.15156 1.01223
-3.05156 1.1441
-2.95156 1.07262
-2.85156 0.954189
-2.75156 0.734361
-2.65156 0.567684
-2.55156 0.342968
-2.45156 0.148204
-2.35156 0.0543547
-2.25156 -0.0690152
-2.15156 -0.35755
-2.05156 -0.728313
-1.95156 -1.12138
-1.85156 -1.55388
-1.75156 -1.86818
-1.65156 -1.99277
-1.55156 -2.03803
-1.45156 -1.82282
-1.35156 -1.33364
-1.25156 -0.592666
-1.15156 0.376773
-1.05156 1.45311
-0.951562 2.43624
-0.851562 3.15422
-0.751562 3.55764
-0.651562 3.51736
-0.551562 3.14076
-0.451562 2.47017
-0.351562 1.72767
-0.251562 0.940845
-0.151562 0.2646
-0.051562 -0.345645
0.048438 -0.805499
0.148438 -1.17748
0.248438 -1.42209
0.348438 -1.77322
0.448438 -2.09113
0.548438 -2.28524
0.648438 -2.37178
0.748438 -2.31389
0.848438 -2.08956
0.948438 -1.67775
1.04844 -1.14571
1.14844 -0.584952
1.24844 0.0846648
1.34844 0.706177
1.44844 1.26453
1.54844 1.77275
1.64844 2.23696
1.74844 2.68238
1.84844 2.89112
1.94844 2.75967
2.04844 2.2377
2.14844 1.45794
2.24844 0.540602
2.34844 -0.490961
2.44844 -1.45427
2.54844 -2.17257
2.64844 -2.59155
2.74844 -2.66586
2.84844 -2.45556
2.94844 -1.98661
3.04844 -1.32407
3.14844 -0.443529
3.24844 0.511064
3.34844 1.41403
3.44844 2.23182
3.54844 2.90032
3.64844 3.49207
3.74844 3.74814
3.84844 3.64912
3.94844 3.2318
4.04844 2.47816
4.14844 1.52596
4.24844 0.412891
4.34844 -0.722997
4.44844 -1.80537
4.54844 -2.76619
4.64844 -3.50616
4.74844 -3.84637
4.84844 -3.88593
4.94844 -3.75422
5.04844 -3.43697
5.14844 -2.88136
5.24844 -1.97003
5.34844 -0.820281
5.44844 0.604335
5.54844 2.07327
5.64844 3.26872
5.74844 3.96464
5.84844 4.082
5.94844 3.68675
6.04844 2.9774
6.14844 2.12745
6.24844 1.22137
6.34844 0.441046
6.44844 -0.152615
6.54844 -0.51672
6.64844 -0.695047
6.74844 -0.790185
6.84844 -0.871326
6.94844 -0.901598
7.04844 -0.684667
7.14844 -0.314742
7.24844 0.272944
7.34844 0.985792
7.44844 1.59468
7.54844 2.04921
7.64844 2.08765
7.74844 1.80469
7.84844 1.16723
7.94844 0.33697
8.04844 -0.652269
8.14844 -1.49842
8.24844 -2.20255
8.34844 -2.59214
8.44844 -2.55655
8.54844 -2.07907
8.64844 -1.22027
8.74844 -0.18296
8.84844 0.880935
8.94844 1.96454
9.04844 2.84087
9.14844 3.48139
9.24844 3.7188
9.34844 3.57065
9.44844 3.03062
9.54844 2.10116
9.64844 0.891334
9.74844 -0.541606
9.84844 -2.18256
9.94844 -3.6906
10.0484 -4.91513
10.1484 -5.67506
10.2484 -5.89595
10.3484 -5.55508
10.4484 -4.68971
10.5484 -3.43289
10.6484 -1.93871
10.7484 -0.316672
10.8484 1.37056
10.9484 3.00922
11.0484 4.50125
11.1484 5.56139
11.2484 6.16179
11.3484 6.30184
11.4484 6.06197
11.5484 5.43328
11.6484 4.43215
11.7484 3.11946
11.8484 1.64563
11.9484 0.216451
12.0484 -1.05281
12.1484 -2.09763
12.2484 -2.88478
12.3484 -3.31226
12.4484 -3.3793
12.5484 -3.0685
12.6484 -2.46338
12.7484 -1.64228
12.8484 -0.679418
12.9484 0.35753
13.0484 1.31184
13.1484 1.99396
13.2484 2.25911
13.3484 2.08716
13.4484 1.64796
13.5484 1.05948
13.6484 0.424619
13.7484 -0.286262
13.8484 -0.964145
13.9484 -1.4954
14.0484 -1.83772
14.1484 -1.85832
14.2484 -1.45023
14.3484 -0.64877
14.4484 0.355698
14.5484 1.19912
14.6484 1.63316
14.7484 1.61898
14.8484 1.1539
14.9484 0.213411
15.0484 -0.98533
15.1484 -2.08166
15.2484 -2.80148
15.3484 -2.98506
15.4484 -2.53272
15.5484 -1.5106
15.6484 -0.282256
15.7484 0.707442
15.8484 1.28999
15.9484 1.45261
16.0484 1.33912
16.1484 1.10654
16.2484 0.927549
16.3484 0.91067
16.4484 1.11236
16.5484 1.49478
16.6484 1.88322
16.7484 2.12106
16.8484 2.11883
16.9484 1.87284
17.0484 1.4588
17.1484 1.094
17.2484 0.964151
17.3484 0.977292
17.4484 0.950419
17.5484 0.744713
17.6484 0.381935
17.7484 -0.140449
17.8484 -0.691336
17.9484 -1.16974
18.0484 -1.48149
18.1484 -1.48191
18.2484 -1.11607
18.3484 -0.454781
18.4484 0.260002
18.5484 0.801924
18.6484 1.07239
18.7484 1.13212
18.8484 1.13089
18.9484 1.09849
19.0484 1.0231
19.1484 0.945959
19.2484 0.91071
19.3484 0.890106
19.4484 0.689053
19.5484 0.188443
19.6484 -0.551574
19.7484 -1.43787
19.8484 -2.34751
19.9484 -3.07278
20.0484 -3.42058
20.1484 -3.34566
20.2484 -2.94691
20.3484 -2.37442
20.4484 -1.69953
20.5484 -0.990048
20.6484 -0.328863
20.7484 0.252684
20.8484 0.766234
20.9484 1.23281
21.0484 1.67031
21.1484 2.10556
21.2484 2.51938
21.3484 2.90546
21.4484 3.20773
21.5484 3.42247
21.6484 3.48245
21.7484 3.25633
21.8484 2.69106
21.9484 1.90002
22.0484 1.07185
22.1484 0.319643
22.2484 -0.297521
22.3484 -0.687968
22.4484 -0.838581
22.5484 -0.769367
22.6484 -0.512682
22.7484 -0.227184
22.8484 -0.0872178
22.9484 -0.118332
23.0484 -0.23488
23.1484 -0.473216
23.2484 -0.852886
23.3484 -1.32592
23.4484 -1.79762
23.5484 -2.20172
23.6484 -2.40567
23.7484 -2.23216
23.8484 -1.69188
23.9484 -0.891507
24.0484 0.0272599
24.1484 0.966749
24.2484 1.8512
24.3484 2.59441
24.4484 3.08074
24.5484 3.35011
24.6484 3.39773
24.7484 3.24297
24.8484 2.91548
24.9484 2.4467
25.0484 1.86717
25.1484 1.15684
25.2484 0.283675
25.3484 -0.727818
25.4484 -1.76869
25.5484 -2.7485
25.6484 -3.54903
25.7484 -4.20271
25.8484 -4.85213
25.9484 -5.68548
26.0484 -6.72416
26.1484 -7.69381
26.2484 -8.02542
26.3484 -7.05294
26.4484 -4.40926
26.5484 0.0487366
26.6484 6.61967
26.7484 15.328
26.8484 24.9304
26.9484 32.6673
27.0484 35.6365
27.1484 31.9978
27.2484 19.7336
27.3484 -3.27795
27.4484 -35.8514
27.5484 -69.334
27.6484 -92.5754
27.7484 -99.0231
27.8484 -88.8955
27.9484 -65.6318
28.0484 -31.4009
28.1484 10.9089
28.2484 56.0673
28.3484 96.9065
28.4484 125.683
28.5484 137.708
28.6484 129.989
28.7484 97.1364
28.8484 44.3742
28.9484 -14.2107
29.0484 -63.3648
29.1484 -94.9786
29.2484 -110.065
29.3484 -112.008
29.4484 -104.327
29.5484 -90.905
29.6484 -74.9047
29.7484 -57.6412
29.8484 -39.2316
29.9484 -19.6988
30.0484 0.999038
30.1484 22.6376
30.2484 44.2729
30.3484 64.1861
30.4484 79.9997
30.5484 89.2993
30.6484 90.7403
30.7484 85.3469
30.8484 75.3162
30.9484 62.5234
31.0484 47.8519
31.1484 31.4387
31.2484 12.9837
31.3484 -7.61717
31.4484 -29.2516
31.5484 -49.0765
31.6484 -63.8346
31.7484 -72.0066
31.8484 -73.8411
31.9484 -70.6487
32.0484 -64.4928
32.1484 -57.0072
32.2484 -48.9223
32.3484 -40.4188
32.4484 -31.2596
32.5484 -21.2617
32.6484 -10.5494
32.7484 0.214011
32.8484 10.1824
32.9484 18.8104
33.0484 26.005
33.1484 31.9253
33.2484 36.9083
33.3484 41.2087
33.4484 44.8258
33.5484 47.404
33.6484 48.3103
33.7484 46.9702
33.8484 43.0805
33.9484 37.006
34.0484 29.5979
34.1484 21.8008
34.2484 14.1378
34.3484 6.63018
34.4484 -0.935386
34.5484 -8.75628
34.6484 -16.5541
34.7484 -23.6979
34.8484 -29.5874
34.9484 -33.6812
35.0484 -35.9397
35.1484 -36.7901
35.2484 -36.6927
35.3484 -36.0384
35.4484 -35.0151
35.5484 -33.3952
35.6484 -30.869
35.7484 -27.2616
35.8484 -22.5731
35.9484 -17.1378
36.0484 -11.4
36.1484 -5.6976
36.2484 -0.24025
36.3484 4.81515
36.4484 9.5394
36.5484 14.081
36.6484 18.3496
36.7484 22.1608
36.8484 25.39
36.9484 27.8619
37.0484 29.5671
37.1484 30.5392
37.2484 30.7289
37.3484 30.0019
37.4484 28.26
37.5484 25.5088
37.6484 21.8257
37.7484 17.5354
37.8484 12.9697
37.9484 8.35307
38.0484 3.86162
38.1484 -0.333751
38.2484 -4.30137
38.3484 -8.12524
38.4484 -11.86
38.5484 -15.5074
38.6484 -18.8367
38.7484 -21.5904
38.8484 -23.4477
38.9484 -24.2004
39.0484 -24.0186
39.1484 -23.2381
39.2484 -22.1663
39.3484 -20.9792
39.4484 -19.8261
39.5484 -18.6458
39.6484 -17.2877
39.7484 -15.5797
39.8484 -13.2756
39.9484 -10.2007
40.0484 -6.27655
40.1484 -1.71191
40.2484 3.27758
40.3484 8.34779
40.4484 12.9737
40.5484 16.541
40.6484 18.7218
40.7484 19.421
40.8484 18.8263
40.9484 17.3715
41.0484 15.4056
41.1484 13.5162
41.2484 12.2203
41.3484 11.592
41.4484 11.4586
41.5484 11.5296
41.6484 11.5972
41.7484 11.4579
41.8484 11.1392
41.9484 10.6115
42.0484 9.8405
42.1484 8.85837
42.2484 7.78823
42.3484 6.58783
42.4484 5.01164
42.5484 2.99586
42.6484 0.574745
42.7484 -2.19301
42.8484 -5.24804
42.9484 -8.48605
43.0484 -11.7249
43.1484 -14.8912
43.2484 -17.8142
43.3484 -20.2994
43.4484 -22.2511
43.5484 -23.5119
43.6484 -23.9655
43.7484 -23.5693
43.8484 -22.3052
43.9484 -20.3124
44.0484 -17.7523
44.1484 -14.8485
44.2484 -11.7269
44.3484 -8.39828
44.4484 -4.84587
44.5484 -1.23428
44.6484 2.29827
44.7484 5.6444
44.8484 8.57344
44.9484 10.9526
45.0484 12.8537
45.1484 14.3688
45.2484 15.5326
45.3484 16.454
45.4484 17.2455
45.5484 17.889
45.6484 18.288
45.7484 18.3289
45.8484 17.9001
45.9484 16.9237
46.0484 15.3656
46.1484 13.2623
46.2484 10.8697
46.3484 8.41512
46.4484 6.08393
46.5484 4.06005
46.6484 2.45909
46.7484 1.13296
46.8484 -0.190455
46.9484 -1.66672
47.0484 -3.30794
47.1484 -5.0194
47.2484 -6.72878
47.3484 -8.37636
47.4484 -9.76349
47.5484 -10.7037
47.6484 -11.1551
47.7484 -11.2017
47.8484 -10.8913
47.9484 -10.3437
48.0484 -9.7401
48.1484 -9.1823
48.2484 -8.75283
48.3484 -8.61593
48.4484 -8.7819
48.5484 -9.07987
48.6484 -9.26552
48.7484 -9.13516
48.8484 -8.61361
48.9484 -7.72945
49.0484 -6.61016
49.1484 -5.22665
49.2484 -3.68534
49.3484 -2.00611
49.4484 -0.255717
49.5484 1.42588
49.6484 2.99349
49.7484 4.42055
49.8484 5.65191
49.9484 6.73825
50.0484 7.84027
50.1484 8.95474
50.2484 10.0131
50.3484 10.8781
50.4484 11.3404
50.5484 11.3992
50.6484 11.0704
50.7484 10.5086
50.8484 9.91723
50.9484 9.43895
51.0484 9.10498
51.1484 8.93445
51.2484 8.90156
51.3484 8.75629
51.4484 8.33883
51.5484 7.62509
51.6484 6.5899
51.7484 5.24383
51.8484 3.78326
51.9484 2.24584
52.0484 0.663091
52.1484 -0.965883
52.2484 -2.66994
52.3484 -4.53335
52.4484 -6.47498
52.5484 -8.42387
52.6484 -10.2157
52.7484 -11.6783
52.8484 -12.7312
52.9484 -13.3458
53.0484 -13.4706
53.1484 -13.1406
53.2484 -12.442
53.3484 -11.4372
53.4484 -10.27
53.5484 -9.0391
53.6484 -7.79816
53.7484 -6.58981
53.8484 -5.46864
53.9484 -4.40697
54.0484 -3.35751
54.1484 -2.29296
54.2484 -1.21294
54.3484 -0.130414
54.4484 0.89859
54.5484 1.90945
54.6484 2.86796
54.7484 3.69506
54.8484 4.40582
54.9484 5.08861
55.0484 5.82152
55.1484 6.58855
55.2484 7.34223
55.3484 7.97988
55.4484 8.46809
55.5484 8.86384
55.6484 9.05999
55.7484 8.99903
55.8484 8.65172
55.9484 8.1524
56.0484 7.64499
56.1484 7.1411
56.2484 6.60373
56.3484 5.89608
56.4484 5.03402
56.5484 4.1151
56.6484 3.33968
56.7484 2.7714
56.8484 2.25783
56.9484 1.76206
57.0484 1.29066
57.1484 0.823962
57.2484 0.287632
57.3484 -0.400857
57.4484 -1.21802
57.5484 -2.0741
57.6484 -2.88689
57.7484 -3.62578
57.8484 -4.24734
57.9484 -4.71973
58.0484 -5.0935
58.1484 -5.48144
58.2484 -5.96129
58.3484 -6.49951
58.4484 -7.02483
58.5484 -7.55767
58.6484 -8.01395
58.7484 -8.2979
58.8484 -8.34181
58.9484 -8.13049
59.0484 -7.79578
59.1484 -7.34311
59.2484 -6.66889
59.3484 -5.76273
59.4484 -4.69827
59.5484 -3.6093
59.6484 -2.55279
59.7484 -1.49146
59.8484 -0.338375
59.9484 0.860493
60.0484 2.07128
60.1484 3.17859
60.2484 4.17958
60.3484 5.15611
60.4484 6.11475
60.5484 7.01056
60.6484 7.79127
60.7484 8.36524
60.8484 8.55882
60.9484 8.30272
61.0484 7.61044
61.1484 6.56064
61.2484 5.3701
61.3484 4.43808
61.4484 4.02111
61.5484 4.19773
61.6484 4.91887
61.7484 6.0592
61.8484 7.42872
61.9484 8.54156
62.0484 8.85054
62.1484 7.95699
62.2484 5.69316
62.3484 2.22189
62.4484 -1.97831
62.5484 -6.13344
62.6484 -9.34893
62.7484 -11.1759
62.8484 -11.3489
62.9484 -9.74078
63.0484 -6.69419
63.1484 -2.94583
63.2484 0.541489
63.3484 3.10745
63.4484 4.44684
63.5484 4.46622
63.6484 3.35451
63.7484 1.39706
63.8484 -0.971786
63.9484 -3.39996
64.0484 -5.59861
64.1484 -7.32186
64.2484 -8.4379
64.3484 -9.03267
64.4484 -9.1947
64.5484 -8.96068
64.6484 -8.36527
64.7484 -7.40829
64.8484 -6.09165
64.9484 -4.66324
65.0484 -3.35402
65.1484 -2.19119
65.2484 -1.1147
65.3484 -0.118298
65.4484 0.82238
65.5484 1.75007
65.6484 2.62606
65.7484 3.52337
65.8484 4.46282
65.9484 5.30558
66.0484 5.9929
66.1484 6.45827
66.2484 6.64327
66.3484 6.57435
66.4484 6.36591
66.5484 6.10953
66.6484 5.84295
66.7484 5.66119
66.8484 5.53634
66.9484 5.53437
67.0484 5.70461
67.1484 6.01225
67.2484 6.3283
67.3484 6.4478
67.4484 6.12032
67.5484 5.27233
67.6484 4.00216
67.7484 2.45149
67.8484 0.697236
67.9484 -1.05129
68.0484 -2.53803
68.1484 -3.59508
68.2484 -4.21159
68.3484 -4.46624
68.4484 -4.37651
68.5484 -3.9895
68.6484 -3.44788
68.7484 -2.93676
68.8484 -2.65135
68.9484 -2.66457
69.0484 -2.97281
69.1484 -3.47236
69.2484 -4.0937
69.3484 -4.7645
69.4484 -5.30131
69.5484 -5.42217
69.6484 -5.0686
69.7484 -4.34629
69.8484 -3.51181
69.9484 -2.71764
70.0484 -2.04667
70.1484 -1.55148
70.2484 -1.31444
70.3484 -1.3106
70.4484 -1.42467
70.5484 -1.49657
70.6484 -1.46778
70.7484 -1.25463
70.8484 -0.7715
70.9484 -0.150961
71.0484 0.441844
71.1484 0.960231
71.2484 1.39066
71.3484 1.8143
71.4484 2.33362
71.5484 2.89508
71.6484 3.46079
71.7484 4.0027
71.8484 4.46876
71.9484 4.86375
72.0484 5.08069
72.1484 5.06013
72.2484 4.85884
72.3484 4.63357
72.4484 4.44963
72.5484 4.26424
72.6484 4.0513
72.7484 3.83172
72.8484 3.64116
72.9484 3.5347
73.0484 3.48842
73.1484 3.44241
73.2484 3.34325
73.3484 3.1937
73.4484 2.98425
73.5484 2.62082
73.6484 2.08633
73.7484 1.35344
73.8484 0.349611
73.9484 -0.815775
74.0484 -1.99928
74.1484 -3.09113
74.2484 -3.95983
74.3484 -4.60808
74.4484 -5.1351
74.5484 -5.57974
74.6484 -5.90816
74.7484 -6.15708
74.8484 -6.3016
74.9484 -6.31703
75.0484 -6.28434
75.1484 -6.15034
75.2484 -5.80041
75.3484 -5.23674
75.4484 -4.53349
75.5484 -3.70935
75.6484 -2.81897
75.7484 -1.9016
75.8484 -1.07709
75.9484 -0.333218
76.0484 0.259111
76.1484 0.709575
76.2484 1.10124
76.3484 1.64555
76.4484 2.31307
76.5484 3.0385
76.6484 3.71192
76.7484 4.2691
76.8484 4.69928
76.9484 5.0225
77.0484 5.24019
77.1484 5.22006
77.2484 5.00526
77.3484 4.68375
77.4484 4.29725
77.5484 3.92008
77.6484 3.55796
77.7484 3.08345
77.8484 2.69376
77.9484 2.54768
78.0484 2.50392
78.1484 2.38802
78.2484 2.13932
78.3484 1.6877
78.4484 1.1079
78.5484 0.508293
78.6484 -0.226195
78.7484 -0.880997
78.8484 -1.36688
78.9484 -1.59448
79.0484 -1.67274
79.1484 -1.52621
79.2484 -1.28854
79.3484 -1.14223
79.4484 -1.05482
79.5484 -1.04635
79.6484 -1.0961
79.7484 -1.28465
79.8484 -1.49124
79.9484 -1.57057
80.0484 -1.64363
80.1484 -1.62374
80.2484 -1.55908
80.3484 -1.60786
80.4484 -1.73578
80.5484 -1.79235
80.6484 -1.93994
80.7484 -1.98588
80.8484 -1.9352
80.9484 -1.93882
81.0484 -1.90952
81.1484 -1.8256
81.2484 -1.59811
81.3484 -1.32385
81.4484 -0.98912
81.5484 -0.504971
81.6484 0.0626363
81.7484 0.673296
81.8484 1.24999
81.9484 1.69929
82.0484 2.01212
82.1484 2.13628
82.2484 1.99867
82.3484 1.76556
82.4484 1.5585
82.5484 1.30812
82.6484 1.24723
82.7484 1.30697
82.8484 1.44861
82.9484 1.54584
83.0484 1.57368
83.1484 1.5689
83.2484 1.49781
83.3484 1.36576
83.4484 1.19506
83.5484 0.954041
83.6484 0.742447
83.7484 0.643975
83.8484 0.655184
83.9484 0.679166
84.0484 0.797937
84.1484 0.906624
84.2484 1.07654
84.3484 1.23449
84.4484 1.33339
84.5484 1.38111
84.6484 1.33646
84.7484 1.10539
84.8484 0.768382
84.9484 0.40294
85.0484 -0.0192792
85.1484 -0.463431
85.2484 -1.01781
85.3484 -1.50097
85.4484 -1.85088
85.5484 -2.05004
85.6484 -2.17956
85.7484 -2.25126
85.8484 -2.3863
85.9484 -2.43427
86.0484 -2.51121
86.1484 -2.45998
86.2484 -2.28612
86.3484 -1.90017
86.4484 -1.37349
86.5484 -0.754801
86.6484 -0.0851712
86.7484 0.478121
86.8484 1.03138
86.9484 1.35814
87.0484 1.52236
87.1484 1.60602
87.2484 1.52202
87.3484 1.33513
87.4484 1.106
87.5484 0.853169
87.6484 0.579319
87.7484 0.29561
87.8484 0.0496622
87.9484 -0.063065
88.0484 -0.147732
88.1484 -0.167091
88.2484 -0.227633
88.3484 -0.347892
88.4484 -0.465117
88.5484 -0.452803
88.6484 -0.351451
88.7484 -0.222187
88.8484 0.0970296
88.9484 0.502748
89.0484 0.977366
89.1484 1.37322
89.2484 1.60037
89.3484 1.63379
89.4484 1.5966
89.5484 1.55825
89.6484 1.5381
89.7484 1.37873
89.8484 1.16726
89.9484 1.00272
90.0484 0.930954
90.1484 0.891046
90.2484 0.863768
90.3484 0.685397
90.4484 0.432765
90.5484 0.0606947
90.6484 -0.305771
90.7484 -0.623049
90.8484 -0.864893
90.9484 -1.0041
91.0484 -1.17052
91.1484 -1.2129
91.2484 -1.23454
91.3484 -1.16384
91.4484 -1.01807
91.5484 -0.837551
91.6484 -0.598657
91.7484 -0.398175
91.8484 -0.318302
91.9484 -0.377999
92.0484 -0.393411
92.1484 -0.389094
92.2484 -0.41144
92.3484 -0.473242
92.4484 -0.405917
92.5484 -0.267586
92.6484 0.00705306
92.7484 0.275309
92.8484 0.542162
92.9484 0.705955
93.0484 0.759161
93.1484 0.824597
93.2484 0.79836
93.3484 0.745246
93.4484 0.694069
93.5484 0.646608
93.6484 0.499673
93.7484 0.249275
93.8484 -0.0161865
93.9484 -0.192207
94.0484 -0.203095
94.1484 -0.151076
94.2484 -0.0859853
94.3484 -0.0427803
94.4484 -0.0250932
94.5484 -0.0145781
94.6484 0.0508901
94.7484 0.204705
94.8484 0.359405
94.9484 0.474078
95.0484 0.510476
95.1484 0.531265
95.2484 0.521938
95.3484 0.482265
95.4484 0.466417
95.5484 0.42687
95.6484 0.350303
95.7484 0.157455
95.8484 -0.00223048
95.9484 -0.0704173
96.0484 -0.132706
96.1484 -0.170662
96.2484 -0.195005
96.3484 -0.139975
96.4484 -0.0710054
96.5484 -0.065101
96.6484 -0.0329566
96.7484 -0.0564104
96.8484 -0.0960207
96.9484 -0.17801
97.0484 -0.188466
97.1484 -0.219563
97.2484 -0.237399
97.3484 -0.191345
97.4484 0.0851568
97.5484 0.243328
97.6484 0.351512
97.7484 0.353238
97.8484 0.305049
97.9484 0.282109
98.0484 0.228569
98.1484 0.160034
98.2484 0.069604
98.3484 -0.0429265
98.4484 -0.184402
98.5484 -0.293822
98.6484 -0.378848
98.7484 -0.447388
98.8484 -0.467769
98.9484 -0.453652
99.0484 -0.487966
