-6.75244 -0.212354
-6.65244 -0.174937
-6.55244 -0.0952237
-6.45244 0.0705962
-6.35244 0.261135
-6.25244 0.455404
-6.15244 0.614106
-6.05244 0.748619
-5.95244 0.777352
-5.85244 0.791539
-5.75244 0.752398
-5.65244 0.660866
-5.55244 0.525349
-5.45244 0.386787
-5.35244 0.190709
-5.25244 0.0115589
-5.15244 -0.138949
-5.05244 -0.25849
-4.95244 -0.328532
-4.85244 -0.260757
-4.75244 -0.203189
-4.65244 -0.0275702
-4.55244 0.0931722
-4.45244 0.141698
-4.35244 0.065127
-4.25244 -0.0630399
-4.15244 -0.205726
-4.05244 -0.348529
-3.95244 -0.448016
-3.85244 -0.472029
-3.75244 -0.353586
-3.65244 -0.135665
-3.55244 0.244156
-3.45244 0.583401
-3.35244 0.847378
-3.25244 1.09111
-3.15244 1.25896
-3.05244 1.32565
-2.95244 1.25677
-2.85244 1.07325
-2.75244 0.897227
-2.65244 0.73416
-2.55244 0.593371
-2.45244 0.429913
-2.35244 0.254659
-2.25244 0.12227
-2.15244 0.0853209
-2.05244 0.054384
-1.95244 0.0060618
-1.85244 -0.131497
-1.75244 -0.302907
-1.65244 -0.498809
-1.55244 -0.575273
-1.45244 -0.572001
-1.35244 -0.590875
-1.25244 -0.657757
-1.15244 -0.717242
-1.05244 -0.582066
-0.952442 -0.230662
-0.852442 0.192479
-0.752442 0.505965
-0.652442 0.665996
-0.552442 0.753286
-0.452442 0.879443
-0.352442 1.05556
-0.252442 1.20073
-0.152442 1.33285
-0.052442 1.43761
0.047558 1.44488
0.147558 1.34765
0.247558 1.16162
0.347558 0.835547
0.447558 0.47116
0.547558 0.122075
0.647558 -0.304101
0.747558 -0.733596
0.847558 -0.958679
0.947558 -0.97788
1.04756 -0.907908
1.14756 -0.910567
1.24756 -0.927387
1.34756 -0.825174
1.44756 -0.587885
1.54756 -0.292325
1.64756 0.00615922
1.74756 0.268619
1.84756 0.527006
1.94756 0.796868
2.04756 0.994298
2.14756 1.11516
2.24756 1.19641
2.34756 1.21913
2.44756 1.15687
2.54756 1.00801
2.64756 0.847107
2.74756 0.654525
2.84756 0.454322
2.94756 0.280326
3.04756 0.164323
3.14756 0.0906574
3.24756 -0.0388083
3.34756 -0.233682
3.44756 -0.428275
3.54756 -0.587118
3.64756 -0.706868
3.74756 -0.733475
3.84756 -0.606168
3.94756 -0.324378
4.04756 -0.0250941
4.14756 0.258881
4.24756 0.519345
4.34756 0.726183
4.44756 0.819092
4.54756 0.843015
4.64756 0.857846
4.74756 0.895073
4.84756 0.93955
4.94756 0.953588
5.04756 0.910014
5.14756 0.825482
5.24756 0.683296
5.34756 0.555334
5.44756 0.443004
5.54756 0.339545
5.64756 0.160707
5.74756 -0.117529
5.84756 -0.378819
5.94756 -0.529075
6.04756 -0.602493
6.14756 -0.665406
6.24756 -0.703007
6.34756 -0.692475
6.44756 -0.605871
6.54756 -0.47745
6.64756 -0.250917
6.74756 0.0861807
6.84756 0.503922
6.94756 0.923056
7.04756 1.21021
7.14756 1.2636
7.24756 1.15864
7.34756 0.939493
7.44756 0.68131
7.54756 0.454344
7.64756 0.266437
7.74756 0.179317
7.84756 0.233549
7.94756 0.358893
8.04756 0.438242
8.14756 0.350976
8.24756 0.161865
8.34756 0.0162714
8.44756 -0.0321301
8.54756 -0.0433156
8.64756 -0.0966656
8.74756 -0.181982
8.84756 -0.21183
8.94756 -0.210152
9.04756 -0.21475
9.14756 -0.210445
9.24756 -0.137201
9.34756 0.0991524
9.44756 0.431153
9.54756 0.727619
9.64756 0.939555
9.74756 1.10239
9.84756 1.2722
9.94756 1.3631
10.0476 1.32005
10.1476 1.20365
10.2476 1.05923
10.3476 0.924895
10.4476 0.820123
10.5476 0.689739
10.6476 0.466089
10.7476 0.0736297
10.8476 -0.399883
10.9476 -0.844367
11.0476 -1.17971
11.1476 -1.41136
11.2476 -1.48906
11.3476 -1.45092
11.4476 -1.25792
11.5476 -1.01898
11.6476 -0.793815
11.7476 -0.597912
11.8476 -0.322529
11.9476 0.0213822
12.0476 0.355406
12.1476 0.700671
12.2476 1.07004
12.3476 1.49889
12.4476 1.90461
12.5476 2.18092
12.6476 2.31326
12.7476 2.26954
12.8476 2.05562
12.9476 1.80279
13.0476 1.51092
13.1476 1.16403
13.2476 0.812358
13.3476 0.522128
13.4476 0.303401
13.5476 0.142572
13.6476 -0.0626987
13.7476 -0.423467
13.8476 -1.04887
13.9476 -2.07274
14.0476 -3.54949
14.1476 -5.30306
14.2476 -6.87563
14.3476 -7.62307
14.4476 -6.88215
14.5476 -4.30828
14.6476 0.171772
14.7476 6.59969
14.8476 14.6953
14.9476 23.0296
15.0476 28.9033
15.1476 30.0562
15.2476 24.8566
15.3476 10.7183
15.4476 -13.6111
15.5476 -44.8687
15.6476 -74.3798
15.7476 -92.5043
15.8476 -94.5127
15.9476 -81.2408
16.0476 -55.3174
16.1476 -18.9878
16.2476 24.5701
16.3476 69.4405
16.4476 107.397
16.5476 131.41
16.6476 138.333
16.7476 122.25
16.8476 78.3759
16.9476 16.8965
17.0476 -43.7384
17.1476 -87.2353
17.2476 -108.069
17.3476 -111.942
17.4476 -104.615
17.5476 -90.2333
17.6476 -73.0735
17.7476 -56.0407
17.8476 -39.8217
17.9476 -23.8616
18.0476 -7.64202
18.1476 9.18275
18.2476 26.6198
18.3476 43.9986
18.4476 59.7349
18.5476 71.8379
18.6476 78.585
18.7476 79.2599
18.8476 74.7089
18.9476 66.4925
19.0476 55.8329
19.1476 43.1192
19.2476 28.2321
19.3476 10.9396
19.4476 -8.47769
19.5476 -28.3187
19.6476 -45.5667
19.7476 -57.9012
19.8476 -64.9464
19.9476 -67.4246
20.0476 -66.6526
20.1476 -63.9636
20.2476 -59.9819
20.3476 -54.4942
20.4476 -47.0324
20.5476 -37.2248
20.6476 -25.0486
20.7476 -11.0911
20.8476 3.26079
20.9476 16.3618
21.0476 27.3038
21.1476 35.788
21.2476 41.8261
21.3476 45.73
21.4476 48.1455
21.5476 49.5859
21.6476 49.9191
21.7476 48.6271
21.8476 45.2441
21.9476 39.7459
22.0476 32.6454
22.1476 24.6824
22.2476 16.5384
22.3476 8.51473
22.4476 0.348961
22.5476 -8.2976
22.6476 -17.3739
22.7476 -26.3229
22.8476 -34.1642
22.9476 -39.8089
23.0476 -42.7215
23.1476 -42.9536
23.2476 -41.2216
23.3476 -38.4848
23.4476 -35.3515
23.5476 -32.0691
23.6476 -28.4889
23.7476 -24.3559
23.8476 -19.4818
23.9476 -14.0329
24.0476 -8.33543
24.1476 -2.74726
24.2476 2.43615
24.3476 7.09433
24.4476 11.3242
24.5476 15.2847
24.6476 18.9759
24.7476 22.3192
24.8476 25.0754
24.9476 27.0176
25.0476 28.0603
25.1476 28.3216
25.2476 28.0778
25.3476 27.4394
25.4476 26.3675
25.5476 24.743
25.6476 22.4073
25.7476 19.2072
25.8476 15.1163
25.9476 10.3401
26.0476 5.35589
26.1476 0.637387
26.2476 -3.62236
26.3476 -7.5059
26.4476 -11.1388
26.5476 -14.6464
26.6476 -18.0991
26.7476 -21.3028
26.8476 -23.8572
26.9476 -25.466
27.0476 -26.0346
27.1476 -25.7699
27.2476 -24.9571
27.3476 -23.7565
27.4476 -22.4147
27.5476 -21.067
27.6476 -19.5104
27.7476 -17.5467
27.8476 -14.9462
27.9476 -11.5024
28.0476 -7.18294
28.1476 -2.244
28.2476 2.89239
28.3476 7.92474
28.4476 12.5824
28.5476 16.5216
28.6476 19.3483
28.7476 20.8455
28.8476 21.0504
28.9476 20.1296
29.0476 18.4647
29.1476 16.4939
29.2476 14.7129
29.3476 13.5063
29.4476 12.9384
29.5476 12.8354
29.6476 12.9142
29.7476 12.9062
29.8476 12.5755
29.9476 11.8506
30.0476 10.7718
30.1476 9.454
30.2476 7.95908
30.3476 6.28877
30.4476 4.39719
30.5476 2.16142
30.6476 -0.578446
30.7476 -3.83639
30.8476 -7.38277
30.9476 -10.8709
31.0476 -14.047
31.1476 -16.8516
31.2476 -19.3495
31.3476 -21.6002
31.4476 -23.3986
31.5476 -24.4224
31.6476 -24.5308
31.7476 -23.7672
31.8476 -22.2547
31.9476 -20.0554
32.0476 -17.1857
32.1476 -13.8472
32.2476 -10.3589
32.3476 -6.86737
32.4476 -3.46851
32.5476 -0.202951
32.6476 2.92849
32.7476 5.9037
32.8476 8.54128
32.9476 10.7581
33.0476 12.4977
33.1476 13.8444
33.2476 14.882
33.3476 15.7117
33.4476 16.4769
33.5476 17.2744
33.6476 18.0492
33.7476 18.6766
33.8476 18.9909
33.9476 18.7594
34.0476 17.8469
34.1476 16.2336
34.2476 13.9802
34.3476 11.2603
34.4476 8.3116
34.5476 5.37131
34.6476 2.58485
34.7476 -0.06103
34.8476 -2.54576
34.9476 -4.78355
35.0476 -6.74632
35.1476 -8.406
35.2476 -9.71849
35.3476 -10.6546
35.4476 -11.3572
35.5476 -11.7735
35.6476 -11.7785
35.7476 -11.3982
35.8476 -10.7555
35.9476 -9.96743
36.0476 -9.23305
36.1476 -8.63018
36.2476 -8.27862
36.3476 -8.26105
36.4476 -8.49577
36.5476 -8.85143
36.6476 -9.1333
36.7476 -9.06499
36.8476 -8.46748
36.9476 -7.311
37.0476 -5.77993
37.1476 -4.08535
37.2476 -2.37633
37.3476 -0.755062
37.4476 0.691848
37.5476 1.92618
37.6476 2.93226
37.7476 3.78713
37.8476 4.61593
37.9476 5.62026
38.0476 6.92192
38.1476 8.45189
38.2476 10.0615
38.3476 11.6929
38.4476 13.0721
38.5476 13.9614
38.6476 14.2379
38.7476 13.9242
38.8476 13.2021
38.9476 12.2924
39.0476 11.3674
39.1476 10.3892
39.2476 9.3769
39.3476 8.26409
39.4476 6.89199
39.5476 5.32312
39.6476 3.61499
39.7476 1.91157
39.8476 0.271939
39.9476 -1.2859
40.0476 -2.74372
40.1476 -4.14919
40.2476 -5.57998
40.3476 -6.98524
40.4476 -8.28716
40.5476 -9.48462
40.6476 -10.4609
40.7476 -11.1778
40.8476 -11.6606
40.9476 -11.8981
41.0476 -11.9654
41.1476 -11.8101
41.2476 -11.4279
41.3476 -10.8235
41.4476 -10.049
41.5476 -9.07002
41.6476 -7.87974
41.7476 -6.55284
41.8476 -5.20267
41.9476 -3.92036
42.0476 -2.80218
42.1476 -1.80406
42.2476 -0.810891
42.3476 0.223619
42.4476 1.39077
42.5476 2.62807
42.6476 3.85558
42.7476 5.01868
42.8476 6.0286
42.9476 6.94668
43.0476 7.82378
43.1476 8.64939
43.2476 9.35745
43.3476 9.94776
43.4476 10.3234
43.5476 10.4382
43.6476 10.2391
43.7476 9.75894
43.8476 9.00911
43.9476 8.11694
44.0476 7.24004
44.1476 6.38791
44.2476 5.51659
44.3476 4.60494
44.4476 3.75228
44.5476 2.99992
44.6476 2.37984
44.7476 1.87267
44.8476 1.36463
44.9476 0.805079
45.0476 0.107151
45.1476 -0.77023
45.2476 -1.80383
45.3476 -2.90142
45.4476 -3.97829
45.5476 -5.00469
45.6476 -5.84535
45.7476 -6.42739
45.8476 -6.76604
45.9476 -6.86074
46.0476 -6.77432
46.1476 -6.60522
46.2476 -6.42011
46.3476 -6.26376
46.4476 -6.11315
46.5476 -6.04502
46.6476 -6.05756
46.7476 -6.05831
46.8476 -6.02116
46.9476 -5.93797
47.0476 -5.75007
47.1476 -5.38142
47.2476 -4.82437
47.3476 -4.09548
47.4476 -3.20826
47.5476 -2.20145
47.6476 -1.18951
47.7476 -0.169702
47.8476 0.914446
47.9476 2.01651
48.0476 3.12579
48.1476 4.22124
48.2476 5.23525
48.3476 6.1168
48.4476 6.85787
48.5476 7.48044
48.6476 8.03927
48.7476 8.4866
48.8476 8.64298
48.9476 8.50403
49.0476 8.13269
49.1476 7.49447
49.2476 6.64728
49.3476 5.68501
49.4476 4.77939
49.5476 4.19032
49.6476 4.04561
49.7476 4.39861
49.8476 5.1964
49.9476 6.12831
50.0476 6.77044
50.1476 6.66346
50.2476 5.51307
50.3476 3.10605
50.4476 -0.427742
50.5476 -4.66903
50.6476 -8.72062
50.7476 -11.6765
50.8476 -13.0145
50.9476 -12.5515
51.0476 -10.4616
51.1476 -7.09401
51.2476 -3.23927
51.3476 0.192252
51.4476 2.51397
51.5476 3.37922
51.6476 2.90939
51.7476 1.3596
51.8476 -0.875546
51.9476 -3.29494
52.0476 -5.4797
52.1476 -7.18176
52.2476 -8.39512
52.3476 -9.0752
52.4476 -9.1933
52.5476 -8.85967
52.6476 -8.15519
52.7476 -7.09666
52.8476 -5.72316
52.9476 -4.09339
53.0476 -2.34533
53.1476 -0.629567
53.2476 0.975894
53.3476 2.4317
53.4476 3.77139
53.5476 4.99261
53.6476 6.17583
53.7476 7.38214
53.8476 8.46526
53.9476 9.25458
54.0476 9.6167
54.1476 9.54321
54.2476 9.11787
54.3476 8.52146
54.4476 7.85961
54.5476 7.18129
54.6476 6.53421
54.7476 5.90302
54.8476 5.26254
54.9476 4.52313
55.0476 3.68136
55.1476 2.7974
55.2476 2.01006
55.3476 1.36854
55.4476 0.825802
55.5476 0.2851
55.6476 -0.354922
55.7476 -1.15458
55.8476 -2.10576
55.9476 -3.09704
56.0476 -3.94363
56.1476 -4.57097
56.2476 -4.93365
56.3476 -5.00919
56.4476 -4.83807
56.5476 -4.45568
56.6476 -3.97438
56.7476 -3.58125
56.8476 -3.2864
56.9476 -3.12934
57.0476 -3.17208
57.1476 -3.41924
57.2476 -3.80996
57.3476 -4.21717
57.4476 -4.41353
57.5476 -4.31645
57.6476 -3.973
57.7476 -3.44766
57.8476 -2.81344
57.9476 -2.09554
58.0476 -1.3856
58.1476 -0.748759
58.2476 -0.172156
58.3476 0.353213
58.4476 0.855344
58.5476 1.4021
58.6476 1.9522
58.7476 2.47922
58.8476 2.90882
58.9476 3.18324
59.0476 3.34985
59.1476 3.43955
59.2476 3.46275
59.3476 3.4403
59.4476 3.3982
59.5476 3.32676
59.6476 3.20692
59.7476 3.04553
59.8476 2.93387
59.9476 3.00506
60.0476 3.19407
60.1476 3.34097
60.2476 3.39382
60.3476 3.40323
60.4476 3.41347
60.5476 3.39969
60.6476 3.37115
60.7476 3.30489
60.8476 3.23575
60.9476 3.12423
61.0476 2.97504
61.1476 2.70006
61.2476 2.25859
61.3476 1.66019
61.4476 0.935785
61.5476 0.190414
61.6476 -0.57666
61.7476 -1.39226
61.8476 -2.23877
61.9476 -3.007
62.0476 -3.67575
62.1476 -4.16302
62.2476 -4.49394
62.3476 -4.81036
62.4476 -5.12283
62.5476 -5.34507
62.6476 -5.48037
62.7476 -5.49097
62.8476 -5.38448
62.9476 -5.2461
63.0476 -5.12308
63.1476 -4.85522
63.2476 -4.32374
63.3476 -3.56425
63.4476 -2.57078
63.5476 -1.45238
63.6476 -0.379304
63.7476 0.571498
63.8476 1.38325
63.9476 2.03975
64.0476 2.54098
64.1476 2.77632
64.2476 2.84004
64.3476 2.85043
64.4476 2.91845
64.5476 3.07507
64.6476 3.27579
64.7476 3.52069
64.8476 3.85122
64.9476 4.10288
65.0476 4.30025
65.1476 4.43552
65.2476 4.43791
65.3476 4.28405
65.4476 4.01879
65.5476 3.72198
65.6476 3.45273
65.7476 3.15697
65.8476 2.75273
65.9476 2.24944
66.0476 1.73296
66.1476 1.28367
66.2476 0.955229
66.3476 0.66399
66.4476 0.4004
66.5476 0.203335
66.6476 0.0469799
66.7476 -0.080827
66.8476 -0.308089
66.9476 -0.578816
67.0476 -0.905476
67.1476 -1.33433
67.2476 -1.81532
67.3476 -2.24506
67.4476 -2.66494
67.5476 -3.04427
67.6476 -3.39892
67.7476 -3.69023
67.8476 -3.87222
67.9476 -3.90519
68.0476 -3.76407
68.1476 -3.51424
68.2476 -3.10551
68.3476 -2.60434
68.4476 -2.08851
68.5476 -1.47053
68.6476 -0.824008
68.7476 -0.352974
68.8476 0.0441663
68.9476 0.327694
69.0476 0.534901
69.1476 0.763962
69.2476 0.955357
69.3476 1.17071
69.4476 1.31251
69.5476 1.43962
69.6476 1.49894
69.7476 1.48679
69.8476 1.46887
69.9476 1.50057
70.0476 1.51747
70.1476 1.5187
70.2476 1.48689
70.3476 1.48166
70.4476 1.49942
70.5476 1.56365
70.6476 1.62957
70.7476 1.70259
70.8476 1.76649
70.9476 1.73365
71.0476 1.66591
71.1476 1.61365
71.2476 1.57598
71.3476 1.5155
71.4476 1.39148
71.5476 1.26735
71.6476 0.968039
71.7476 0.642669
71.8476 0.369218
71.9476 0.135966
72.0476 -0.0079027
72.1476 -0.0437536
72.2476 0.017886
72.3476 0.0725122
72.4476 0.201916
72.5476 0.271817
72.6476 0.300719
72.7476 0.252862
72.8476 0.132665
72.9476 -0.191679
73.0476 -0.623702
73.1476 -1.09105
73.2476 -1.42356
73.3476 -1.66925
73.4476 -1.85343
73.5476 -1.94496
73.6476 -1.98146
73.7476 -1.84836
73.8476 -1.65636
73.9476 -1.40013
74.0476 -1.12242
74.1476 -0.996806
74.2476 -0.936948
74.3476 -0.838511
74.4476 -0.743663
74.5476 -0.596082
74.6476 -0.371737
74.7476 -0.161076
74.8476 0.0693872
74.9476 0.382415
75.0476 0.76101
75.1476 1.14321
75.2476 1.32471
75.3476 1.31115
75.4476 1.20516
75.5476 1.1496
75.6476 1.02916
75.7476 0.992524
75.8476 0.940772
75.9476 0.875836
76.0476 0.826453
76.1476 0.789758
76.2476 0.888588
76.3476 0.998128
76.4476 1.08213
76.5476 1.0499
76.6476 0.915537
76.7476 0.690378
76.8476 0.485886
76.9476 0.235657
77.0476 0.0177354
77.1476 -0.0512413
77.2476 -0.0107501
77.3476 0.196927
77.4476 0.513153
77.5476 0.799869
77.6476 0.94997
77.7476 0.987854
77.8476 0.942654
77.9476 0.821232
78.0476 0.712338
78.1476 0.617722
78.2476 0.398926
78.3476 0.136529
78.4476 -0.10146
78.5476 -0.239533
78.6476 -0.359237
78.7476 -0.481168
78.8476 -0.626048
78.9476 -0.756997
79.0476 -0.822972
79.1476 -0.815857
79.2476 -0.802325
79.3476 -0.690196
79.4476 -0.612077
79.5476 -0.553782
79.6476 -0.617509
79.7476 -0.610518
79.8476 -0.618472
79.9476 -0.552845
80.0476 -0.407332
80.1476 -0.224155
80.2476 -0.0335325
80.3476 0.138117
80.4476 0.212781
80.5476 0.271726
80.6476 0.248024
80.7476 0.206163
80.8476 0.203437
80.9476 0.180407
81.0476 0.202474
81.1476 0.34166
81.2476 0.368235
81.3476 0.443689
81.4476 0.546784
81.5476 0.602886
81.6476 0.638988
81.7476 0.687808
81.8476 0.589205
81.9476 0.387133
82.0476 0.169028
82.1476 0.0413129
82.2476 -0.0573507
82.3476 -0.141117
82.4476 -0.161323
82.5476 -0.133159
82.6476 -0.0440992
82.7476 0.171302
82.8476 0.450244
82.9476 0.738508
83.0476 0.90305
83.1476 0.904432
83.2476 0.825555
83.3476 0.757294
83.4476 0.590301
83.5476 0.375052
83.6476 0.209139
83.7476 0.02355
83.8476 -0.0820516
83.9476 -0.189073
84.0476 -0.24085
84.1476 -0.151972
84.2476 -0.0780586
84.3476 -0.0361446
84.4476 -0.0357541
84.5476 -0.0625789
84.6476 -0.103571
84.7476 -0.116457
84.8476 -0.166303
84.9476 -0.26201
85.0476 -0.342488
85.1476 -0.394322
85.2476 -0.437425
85.3476 -0.397501
85.4476 -0.341776
85.5476 -0.269383
85.6476 -0.176801
85.7476 -0.1157
85.8476 -0.1188
85.9476 -0.0237333
86.0476 0.0391059
86.1476 0.108809
86.2476 0.150495
86.3476 0.134969
86.4476 0.0373534
86.5476 -0.0375468
86.6476 -0.061188
86.7476 -0.033424
86.8476 -0.0306465
86.9476 -0.0399277
87.0476 -0.0883461
87.1476 -0.077044
87.2476 -0.0232684
87.3476 0.151876
87.4476 0.301356
87.5476 0.41065
87.6476 0.503593
87.7476 0.505996
87.8476 0.452658
87.9476 0.358507
88.0476 0.29822
88.1476 0.259192
88.2476 0.247211
88.3476 0.195109
88.4476 0.131838
88.5476 0.147009
88.6476 0.236163
88.7476 0.285619
88.8476 0.274372
88.9476 0.257745
89.0476 0.117286
89.1476 -0.0034916
89.2476 -0.107525
89.3476 -0.164399
89.4476 -0.148779
89.5476 -0.134404
89.6476 -0.120589
89.7476 -0.0722074
89.8476 0.00901029
89.9476 0.109062
90.0476 0.170699
90.1476 0.204862
90.2476 0.19403
90.3476 0.147102
90.4476 0.13714
90.5476 0.0450853
90.6476 -0.0543643
90.7476 -0.138305
90.8476 -0.189159
90.9476 -0.215722
91.0476 -0.247178
91.1476 -0.305021
91.2476 -0.235169
91.3476 -0.166718
91.4476 -0.111528
91.5476 0.0113416
91.6476 0.144496
91.7476 0.20925
91.8476 0.22426
91.9476 0.197254
92.0476 0.0797237
92.1476 0.0589371
92.2476 0.0173915
92.3476 0.0451621
92.4476 0.0193176
92.5476 0.0210552
92.6476 -0.0297381
92.7476 0.000496218
92.8476 0.0453392
92.9476 0.0844753
93.0476 0.0673042
93.1476 0.0990496
93.2476 0.115646
93.3476 0.055628
93.4476 -0.00953166
93.5476 -0.0406898
93.6476 -0.03708
93.7476 -0.0391216
93.8476 0.0077132
93.9476 0.0665548
94.0476 0.139195
94.1476 0.207803
94.2476 0.243846
94.3476 0.22952
94.4476 0.154798
94.5476 0.126671
94.6476 0.0561223
94.7476 0.0492477
94.8476 0.056209
94.9476 0.023766
95.0476 0.00588371
95.1476 6.88578e-05
95.2476 0.016752
95.3476 0.00889581
95.4476 0.00971431
95.5476 0.00606287
