-6.37294 0.950143
-6.27294 1.08141
-6.17294 1.1114
-6.07294 0.996826
-5.97294 0.782021
-5.87294 0.50574
-5.77294 0.220073
-5.67294 -0.0155421
-5.57294 -0.19308
-5.47294 -0.370511
-5.37294 -0.520898
-5.27294 -0.506002
-5.17294 -0.438396
-5.07294 -0.371844
-4.97294 -0.341864
-4.87294 -0.330201
-4.77294 -0.238456
-4.67294 -0.169511
-4.57294 -0.020736
-4.47294 0.153319
-4.37294 0.280832
-4.27294 0.366067
-4.17294 0.483482
-4.07294 0.58538
-3.97294 0.624349
-3.87294 0.561168
-3.77294 0.441014
-3.67294 0.226849
-3.57294 0.0285226
-3.47294 -0.104152
-3.37294 -0.225108
-3.27294 -0.390877
-3.17294 -0.536219
-3.07294 -0.578355
-2.97294 -0.543262
-2.87294 -0.398585
-2.77294 -0.224454
-2.67294 -0.0299996
-2.57294 0.0959928
-2.47294 0.200894
-2.37294 0.279796
-2.27294 0.360092
-2.17294 0.38935
-2.07294 0.391137
-1.97294 0.424203
-1.87294 0.490832
-1.77294 0.594716
-1.67294 0.707072
-1.57294 0.786181
-1.47294 0.870454
-1.37294 0.899804
-1.27294 0.925068
-1.17294 0.878495
-1.07294 0.825261
-0.972936 0.703698
-0.872936 0.533654
-0.772936 0.364877
-0.672936 0.278751
-0.572936 0.295685
-0.472936 0.342874
-0.372936 0.404252
-0.272936 0.470158
-0.172936 0.472001
-0.0729356 0.360738
0.0270644 0.163434
0.127064 -0.0344576
0.227064 -0.219426
0.327064 -0.419137
0.427064 -0.569087
0.527064 -0.637342
0.627064 -0.649664
0.727064 -0.62066
0.827064 -0.57672
0.927064 -0.498896
1.02706 -0.37138
1.12706 -0.229441
1.22706 -0.0997921
1.32706 0.0548152
1.42706 0.232423
1.52706 0.412583
1.62706 0.635091
1.72706 0.808359
1.82706 0.953814
1.92706 0.934768
2.02706 0.877798
2.12706 0.804012
2.22706 0.673322
2.32706 0.56772
2.42706 0.410797
2.52706 0.255447
2.62706 0.0592482
2.72706 -0.0579195
2.82706 -0.0340371
2.92706 0.0605353
3.02706 0.191017
3.12706 0.275574
3.22706 0.327512
3.32706 0.328475
3.42706 0.317909
3.52706 0.315288
3.62706 0.256978
3.72706 0.151366
3.82706 0.0815527
3.92706 0.0316176
4.02706 0.0492443
4.12706 0.141579
4.22706 0.323574
4.32706 0.533203
4.42706 0.753082
4.52706 0.885021
4.62706 0.940146
4.72706 0.967305
4.82706 0.915793
4.92706 0.802503
5.02706 0.634103
5.12706 0.454967
5.22706 0.233657
5.32706 -0.0463213
5.42706 -0.252019
5.52706 -0.378087
5.62706 -0.374843
5.72706 -0.311319
5.82706 -0.208658
5.92706 -0.148067
6.02706 -0.141437
6.12706 -0.173542
6.22706 -0.220947
6.32706 -0.210938
6.42706 -0.159058
6.52706 -0.022069
6.62706 0.0999947
6.72706 0.182737
6.82706 0.337756
6.92706 0.492311
7.02706 0.710623
7.12706 0.915381
7.22706 0.959013
7.32706 0.907308
7.42706 0.776983
7.52706 0.632191
7.62706 0.490577
7.72706 0.408997
7.82706 0.294173
7.92706 0.24715
8.02706 0.330797
8.12706 0.433719
8.22706 0.526481
8.32706 0.555378
8.42706 0.529882
8.52706 0.507327
8.62706 0.496254
8.72706 0.465394
8.82706 0.4077
8.92706 0.299295
9.02706 0.2458
9.12706 0.185363
9.22706 0.0212042
9.32706 -0.166138
9.42706 -0.313485
9.52706 -0.419569
9.62706 -0.474974
9.72706 -0.459789
9.82706 -0.385252
9.92706 -0.236544
10.0271 -0.0602414
10.1271 0.137225
10.2271 0.327364
10.3271 0.482855
10.4271 0.613674
10.5271 0.709598
10.6271 0.775464
10.7271 0.770491
10.8271 0.705597
10.9271 0.662281
11.0271 0.666287
11.1271 0.748648
11.2271 0.79749
11.3271 0.755554
11.4271 0.639105
11.5271 0.527688
11.6271 0.46614
11.7271 0.449392
11.8271 0.424753
11.9271 0.297314
12.0271 0.102516
12.1271 -0.0978514
12.2271 -0.291426
12.3271 -0.454441
12.4271 -0.560358
12.5271 -0.557894
12.6271 -0.459444
12.7271 -0.246946
12.8271 0.0534217
12.9271 0.376887
13.0271 0.675251
13.1271 0.91124
13.2271 1.04996
13.3271 1.12143
13.4271 1.14337
13.5271 1.16963
13.6271 1.19103
13.7271 1.1707
13.8271 1.07219
13.9271 0.82944
14.0271 0.4996
14.1271 0.139994
14.2271 -0.204018
14.3271 -0.482562
14.4271 -0.70937
14.5271 -0.919747
14.6271 -1.06868
14.7271 -1.08367
14.8271 -0.976019
14.9271 -0.771289
15.0271 -0.526744
15.1271 -0.291476
15.2271 -0.052635
15.3271 0.241609
15.4271 0.560018
15.5271 0.856274
15.6271 1.08019
15.7271 1.19784
15.8271 1.26496
15.9271 1.3275
16.0271 1.35519
16.1271 1.34125
16.2271 1.27546
16.3271 1.19294
16.4271 1.04286
16.5271 0.809815
16.6271 0.510133
16.7271 0.21975
16.8271 -0.0446725
16.9271 -0.27709
17.0271 -0.411696
17.1271 -0.435343
17.2271 -0.352588
17.3271 -0.223508
17.4271 -0.096208
17.5271 0.0675428
17.6271 0.261537
17.7271 0.461166
17.8271 0.585787
17.9271 0.649371
18.0271 0.648759
18.1271 0.572149
18.2271 0.488995
18.3271 0.438202
18.4271 0.425503
18.5271 0.442495
18.6271 0.487511
18.7271 0.557822
18.8271 0.611422
18.9271 0.565747
19.0271 0.415446
19.1271 0.206017
19.2271 -0.0153448
19.3271 -0.268327
19.4271 -0.533437
19.5271 -0.738092
19.6271 -0.840228
19.7271 -0.822885
19.8271 -0.78028
19.9271 -0.779598
20.0271 -0.751589
20.1271 -0.62012
20.2271 -0.342265
20.3271 0.0176902
20.4271 0.340303
20.5271 0.609087
20.6271 0.859946
20.7271 1.10365
20.8271 1.31248
20.9271 1.46608
21.0271 1.51062
21.1271 1.45405
21.2271 1.3605
21.3271 1.27364
21.4271 1.17816
21.5271 1.08388
21.6271 1.01195
21.7271 0.953687
21.8271 0.876022
21.9271 0.771087
22.0271 0.669143
22.1271 0.572037
22.2271 0.460808
22.3271 0.294363
22.4271 0.083286
22.5271 -0.169876
22.6271 -0.435528
22.7271 -0.720532
22.8271 -1.02243
22.9271 -1.24143
23.0271 -1.31537
23.1271 -1.15983
23.2271 -0.826053
23.3271 -0.458143
23.4271 -0.0973486
23.5271 0.201091
23.6271 0.463033
23.7271 0.691209
23.8271 0.818906
23.9271 0.874893
24.0271 0.858409
24.1271 0.788452
24.2271 0.748194
24.3271 0.761804
24.4271 0.799111
24.5271 0.844686
24.6271 0.872007
24.7271 0.859806
24.8271 0.862959
24.9271 0.889732
25.0271 0.869868
25.1271 0.717738
25.2271 0.340712
25.3271 -0.361331
25.4271 -1.44058
25.5271 -2.81481
25.6271 -4.26985
25.7271 -5.4192
25.8271 -5.76779
25.9271 -4.8095
26.0271 -2.41904
26.1271 1.46513
26.2271 6.9943
26.3271 13.6403
26.4271 19.7431
26.5271 23.2259
26.6271 22.576
26.7271 16.5178
26.8271 3.44545
26.9271 -17.4649
27.0271 -42.7691
27.1271 -64.0661
27.2271 -73.8283
27.3271 -70.6998
27.4271 -56.5282
27.5271 -31.7277
27.6271 1.81988
27.7271 38.8653
27.8271 71.6646
27.9271 93.7828
28.0271 102.898
28.1271 96.855
28.2271 70.0575
28.3271 26.2273
28.4271 -20.7926
28.5271 -56.8817
28.6271 -76.9557
28.7271 -83.7798
28.8271 -81.4904
28.9271 -73.333
29.0271 -62.4889
29.1271 -50.9929
29.2271 -39.2901
29.3271 -27.0093
29.4271 -13.7916
29.5271 0.703042
29.6271 16.3621
29.7271 32.2063
29.8271 46.5706
29.9271 57.5448
30.0271 63.4823
30.1271 63.5656
30.2271 58.6488
30.3271 50.5932
30.4271 40.8706
30.5271 30.1594
30.6271 18.472
30.7271 5.51142
30.8271 -8.56966
30.9271 -22.7452
31.0271 -35.0561
31.1271 -43.8335
31.2271 -48.5671
31.3271 -49.7192
31.4271 -48.3737
31.5271 -45.706
31.6271 -42.346
31.7271 -38.2819
31.8271 -33.1636
31.9271 -26.6766
32.0271 -18.5622
32.1271 -9.00178
32.2271 1.05525
32.3271 10.2209
32.4271 17.7613
32.5271 23.7009
32.6271 28.1998
32.7271 31.4596
32.8271 33.6877
32.9271 35.0118
33.0271 35.3192
33.1271 34.3468
33.2271 31.9091
33.3271 28.0364
33.4271 23.0647
33.5271 17.548
33.6271 11.9693
33.7271 6.48365
33.8271 0.954806
33.9271 -4.7918
34.0271 -10.8215
34.1271 -16.8967
34.2271 -22.409
34.3271 -26.6673
34.4271 -29.2789
34.5271 -30.3164
34.6271 -30.0834
34.7271 -28.9587
34.8271 -27.3644
34.9271 -25.5251
35.0271 -23.384
35.1271 -20.7185
35.2271 -17.3678
35.3271 -13.2971
35.4271 -8.77564
35.5271 -4.19193
35.6271 0.162299
35.7271 4.171
35.8271 7.77319
35.9271 10.9871
36.0271 13.86
36.1271 16.3512
36.2271 18.3311
36.3271 19.7276
36.4271 20.5606
36.5271 20.9249
36.6271 20.954
36.7271 20.6928
36.8271 20.0905
36.9271 19.0609
37.0271 17.479
37.1271 15.2672
37.2271 12.4111
37.3271 9.01702
37.4271 5.34123
37.5271 1.60407
37.6271 -2.05582
37.7271 -5.52227
37.8271 -8.7923
37.9271 -11.9173
38.0271 -14.83
38.1271 -17.3206
38.2271 -19.1425
38.3271 -20.0985
38.4271 -20.1569
38.5271 -19.5304
38.6271 -18.508
38.7271 -17.3262
38.8271 -16.2024
38.9271 -15.1875
39.0271 -14.183
39.1271 -13.0036
39.2271 -11.4995
39.3271 -9.528
39.4271 -6.93728
39.5271 -3.67478
39.6271 0.0879547
39.7271 4.06273
39.8271 7.89942
39.9271 11.2359
40.0271 13.75
40.1271 15.2878
40.2271 15.8029
40.3271 15.4023
40.4271 14.2937
40.5271 12.8483
40.6271 11.468
40.7271 10.4305
40.8271 9.84472
40.9271 9.64331
41.0271 9.55734
41.1271 9.40089
41.2271 9.08525
41.3271 8.60472
41.4271 7.96584
41.5271 7.15393
41.6271 6.14457
41.7271 4.95202
41.8271 3.54499
41.9271 1.83399
42.0271 -0.240967
42.1271 -2.65645
42.2271 -5.31799
42.3271 -8.0886
42.4271 -10.7641
42.5271 -13.1046
42.6271 -14.9773
42.7271 -16.3768
42.8271 -17.3337
42.9271 -17.7873
43.0271 -17.6696
43.1271 -17.0029
43.2271 -15.8199
43.3271 -14.146
43.4271 -12.0667
43.5271 -9.70748
43.6271 -7.27828
43.7271 -4.8901
43.8271 -2.54414
43.9271 -0.230979
44.0271 2.01314
44.1271 4.00906
44.2271 5.69104
44.3271 7.08701
44.4271 8.20633
44.5271 9.06136
44.6271 9.7356
44.7271 10.2953
44.8271 10.802
44.9271 11.3788
45.0271 12.09
45.1271 12.8222
45.2271 13.405
45.3271 13.6206
45.4271 13.3088
45.5271 12.4088
45.6271 10.9646
45.7271 9.08955
45.8271 6.94928
45.9271 4.75637
46.0271 2.64605
46.1271 0.696378
46.2271 -1.08487
46.3271 -2.71493
46.4271 -4.18095
46.5271 -5.47252
46.6271 -6.61293
46.7271 -7.62038
46.8271 -8.42699
46.9271 -8.95418
47.0271 -9.17553
47.1271 -9.10265
47.2271 -8.83094
47.3271 -8.44869
47.4271 -7.94953
47.5271 -7.39401
47.6271 -6.87664
47.7271 -6.46925
47.8271 -6.21375
47.9271 -6.13796
48.0271 -6.1331
48.1271 -6.01847
48.2271 -5.71068
48.3271 -5.17327
48.4271 -4.35192
48.5271 -3.29832
48.6271 -2.04013
48.7271 -0.639465
48.8271 0.724806
48.9271 1.92403
49.0271 2.9475
49.1271 3.80081
49.2271 4.53404
49.3271 5.21481
49.4271 5.88258
49.5271 6.61082
49.6271 7.44446
49.7271 8.33627
49.8271 9.12278
49.9271 9.63385
50.0271 9.79133
50.1271 9.60565
50.2271 9.14941
50.3271 8.53722
50.4271 7.85733
50.5271 7.19252
50.6271 6.59079
50.7271 5.97617
50.8271 5.23965
50.9271 4.283
51.0271 3.11167
51.1271 1.81442
51.2271 0.480439
51.3271 -0.837017
51.4271 -2.13357
51.5271 -3.3702
51.6271 -4.51207
51.7271 -5.60541
51.8271 -6.70894
51.9271 -7.66257
52.0271 -8.39856
52.1271 -8.869
52.2271 -9.03083
52.3271 -8.97376
52.4271 -8.76661
52.5271 -8.429
52.6271 -8.01014
52.7271 -7.57164
52.8271 -7.11805
52.9271 -6.62237
53.0271 -6.02071
53.1271 -5.27201
53.2271 -4.37164
53.3271 -3.32483
53.4271 -2.19367
53.5271 -1.06643
53.6271 0.013407
53.7271 1.04608
53.8271 2.02053
53.9271 2.95738
54.0271 3.8427
54.1271 4.64676
54.2271 5.34057
54.3271 5.86884
54.4271 6.31632
54.5271 6.71878
54.6271 7.0788
54.7271 7.35088
54.8271 7.47859
54.9271 7.44551
55.0271 7.25199
55.1271 6.92408
55.2271 6.50495
55.3271 6.01358
55.4271 5.42777
55.5271 4.82966
55.6271 4.25148
55.7271 3.7025
55.8271 3.17873
55.9271 2.64701
56.0271 2.07917
56.1271 1.45928
56.2271 0.875089
56.3271 0.328005
56.4271 -0.27613
56.5271 -0.914129
56.6271 -1.62305
56.7271 -2.32975
56.8271 -2.99606
56.9271 -3.64277
57.0271 -4.21226
57.1271 -4.66795
57.2271 -5.01276
57.3271 -5.27795
57.4271 -5.4929
57.5271 -5.68497
57.6271 -5.78901
57.7271 -5.79046
57.8271 -5.72441
57.9271 -5.61444
58.0271 -5.52036
58.1271 -5.42186
58.2271 -5.21517
58.3271 -4.89757
58.4271 -4.47042
58.5271 -3.92952
58.6271 -3.2542
58.7271 -2.48409
58.8271 -1.66587
58.9271 -0.739634
59.0271 0.271897
59.1271 1.27968
59.2271 2.23021
59.3271 3.11245
59.4271 3.91792
59.5271 4.64778
59.6271 5.25662
59.7271 5.69061
59.8271 5.9775
59.9271 6.22448
60.0271 6.47036
60.1271 6.67036
60.2271 6.74599
60.3271 6.67477
60.4271 6.41389
60.5271 5.92987
60.6271 5.25951
60.7271 4.4406
60.8271 3.58543
60.9271 2.83227
61.0271 2.36184
61.1271 2.27812
61.2271 2.59193
61.3271 3.15126
61.4271 3.70584
61.5271 3.91341
61.6271 3.48315
61.7271 2.19636
61.8271 0.00967169
61.9271 -2.80656
62.0271 -5.83944
62.1271 -8.54356
62.2271 -10.3915
62.3271 -10.9565
62.4271 -10.038
62.5271 -7.87563
62.6271 -4.99159
62.7271 -2.08438
62.8271 0.227651
62.9271 1.56636
63.0271 1.92152
63.1271 1.45248
63.2271 0.40089
63.3271 -0.923338
63.4271 -2.27904
63.5271 -3.42339
63.6271 -4.27707
63.7271 -4.89794
63.8271 -5.2723
63.9271 -5.37765
64.0271 -5.19331
64.1271 -4.66883
64.2271 -3.78317
64.3271 -2.60918
64.4271 -1.24099
64.5271 0.177385
64.6271 1.48999
64.7271 2.67443
64.8271 3.71351
64.9271 4.61126
65.0271 5.31239
65.1271 5.8403
65.2271 6.29238
65.3271 6.6199
65.4271 6.75032
65.5271 6.67154
65.6271 6.4242
65.7271 6.09394
65.8271 5.7204
65.9271 5.2744
66.0271 4.78329
66.1271 4.22374
66.2271 3.57861
66.3271 2.86301
66.4271 2.13969
66.5271 1.50214
66.6271 0.994163
66.7271 0.580183
66.8271 0.218644
66.9271 -0.126679
67.0271 -0.561671
67.1271 -1.10629
67.2271 -1.71303
67.3271 -2.36549
67.4271 -2.98892
67.5271 -3.47555
67.6271 -3.76075
67.7271 -3.85923
67.8271 -3.77427
67.9271 -3.55866
68.0271 -3.26892
68.1271 -3.03765
68.2271 -2.87274
68.3271 -2.74935
68.4271 -2.67217
68.5271 -2.63685
68.6271 -2.6422
68.7271 -2.65649
68.8271 -2.60457
68.9271 -2.39425
69.0271 -2.02477
69.1271 -1.58545
69.2271 -1.12144
69.3271 -0.684808
69.4271 -0.277162
69.5271 0.0508009
69.6271 0.299178
69.7271 0.550143
69.8271 0.885996
69.9271 1.27394
70.0271 1.67968
70.1271 2.07091
70.2271 2.40564
70.3271 2.64113
70.4271 2.7825
70.5271 2.87928
70.6271 2.96434
70.7271 2.99319
70.8271 2.87976
70.9271 2.69365
71.0271 2.5079
71.1271 2.38184
71.2271 2.33175
71.3271 2.34094
71.4271 2.45148
71.5271 2.66961
71.6271 2.90055
71.7271 3.07394
71.8271 3.11921
71.9271 3.05386
72.0271 2.88059
72.1271 2.65947
72.2271 2.41762
72.3271 2.1493
72.4271 1.8052
72.5271 1.34337
72.6271 0.775898
72.7271 0.122551
72.8271 -0.582774
72.9271 -1.23901
73.0271 -1.81191
73.1271 -2.28002
73.2271 -2.60324
73.3271 -2.7632
73.4271 -2.84263
73.5271 -2.86772
73.6271 -2.88871
73.7271 -2.93331
73.8271 -2.98459
73.9271 -3.01686
74.0271 -3.05115
74.1271 -3.12063
74.2271 -3.18318
74.3271 -3.19358
74.4271 -3.07911
74.5271 -2.81908
74.6271 -2.41052
74.7271 -1.89256
74.8271 -1.32862
74.9271 -0.722916
75.0271 -0.127535
75.1271 0.423712
75.2271 0.899095
75.3271 1.28469
75.4271 1.62083
75.5271 1.9424
75.6271 2.1959
75.7271 2.40135
75.8271 2.54082
75.9271 2.59829
76.0271 2.5942
76.1271 2.57609
76.2271 2.60518
76.3271 2.69655
76.4271 2.77905
76.5271 2.88569
76.6271 3.01931
76.7271 3.17411
76.8271 3.30772
76.9271 3.36603
77.0271 3.29149
77.1271 3.07564
77.2271 2.80329
77.3271 2.47625
77.4271 2.11681
77.5271 1.75318
77.6271 1.35632
77.7271 0.923242
77.8271 0.401645
77.9271 -0.172031
78.0271 -0.749957
78.1271 -1.28393
78.2271 -1.75737
78.3271 -2.09235
78.4271 -2.23471
78.5271 -2.20128
78.6271 -2.0261
78.7271 -1.80872
78.8271 -1.59994
78.9271 -1.49804
79.0271 -1.51328
79.1271 -1.61983
79.2271 -1.80427
79.3271 -2.0139
79.4271 -2.186
79.5271 -2.21272
79.6271 -2.09168
79.7271 -1.80555
79.8271 -1.45222
79.9271 -1.04112
80.0271 -0.696335
80.1271 -0.412636
80.2271 -0.188181
80.3271 0.0365363
80.4271 0.273069
80.5271 0.538554
80.6271 0.849329
80.7271 1.15245
80.8271 1.3455
80.9271 1.43291
81.0271 1.40267
81.1271 1.27985
81.2271 1.06435
81.3271 0.849642
81.4271 0.723088
81.5271 0.740671
81.6271 0.838788
81.7271 0.90986
81.8271 1.08208
81.9271 1.2957
82.0271 1.49288
82.1271 1.67854
82.2271 1.75219
82.3271 1.74436
82.4271 1.69822
82.5271 1.62696
82.6271 1.58193
82.7271 1.46287
82.8271 1.35079
82.9271 1.19109
83.0271 0.970034
83.1271 0.771038
83.2271 0.646775
83.3271 0.589315
83.4271 0.592503
83.5271 0.591404
83.6271 0.581653
83.7271 0.461098
83.8271 0.246896
83.9271 0.0463198
84.0271 -0.105175
84.1271 -0.191047
84.2271 -0.256135
84.3271 -0.427331
84.4271 -0.631979
84.5271 -0.873913
84.6271 -1.04502
84.7271 -1.18642
84.8271 -1.35825
84.9271 -1.45702
85.0271 -1.59277
85.1271 -1.64931
85.2271 -1.54412
85.3271 -1.37994
85.4271 -1.21415
85.5271 -1.06356
85.6271 -0.902377
85.7271 -0.737985
85.8271 -0.538721
85.9271 -0.346889
86.0271 -0.0986224
86.1271 0.161071
86.2271 0.423881
86.3271 0.678903
86.4271 0.882751
86.5271 1.01272
86.6271 1.06672
86.7271 1.09687
86.8271 1.10156
86.9271 1.03843
87.0271 0.949694
87.1271 0.86809
87.2271 0.840111
87.3271 0.836166
87.4271 0.873792
87.5271 0.919241
87.6271 0.93508
87.7271 0.955948
87.8271 0.972716
87.9271 0.967907
88.0271 0.971605
88.1271 0.933
88.2271 0.878743
88.3271 0.818341
88.4271 0.72255
88.5271 0.614243
88.6271 0.532615
88.7271 0.386486
88.8271 0.268866
88.9271 0.165627
89.0271 0.172882
89.1271 0.159553
89.2271 0.163325
89.3271 0.189772
89.4271 0.20367
89.5271 0.176559
89.6271 0.109333
89.7271 0.00754153
89.8271 -0.101229
89.9271 -0.217623
90.0271 -0.311319
90.1271 -0.412119
90.2271 -0.470973
90.3271 -0.464972
90.4271 -0.425949
90.5271 -0.338415
90.6271 -0.275832
90.7271 -0.294718
90.8271 -0.281146
90.9271 -0.26602
91.0271 -0.26634
91.1271 -0.243632
91.2271 -0.304507
91.3271 -0.385775
91.4271 -0.439086
91.5271 -0.471934
91.6271 -0.498717
91.7271 -0.452188
91.8271 -0.397376
91.9271 -0.209405
92.0271 0.019487
92.1271 0.256686
92.2271 0.395874
92.3271 0.552217
92.4271 0.639495
92.5271 0.702093
92.6271 0.743777
92.7271 0.696633
92.8271 0.617998
92.9271 0.49129
93.0271 0.352126
93.1271 0.311477
93.2271 0.25053
93.3271 0.213517
93.4271 0.182014
93.5271 0.224313
93.6271 0.297466
93.7271 0.423212
93.8271 0.547181
93.9271 0.644531
94.0271 0.697754
94.1271 0.672701
94.2271 0.564669
94.3271 0.500235
94.4271 0.426881
94.5271 0.347764
94.6271 0.267248
94.7271 0.204798
94.8271 0.147071
94.9271 0.0672958
95.0271 0.0468964
95.1271 0.00711316
95.2271 -0.0506484
95.3271 -0.0540466
95.4271 -0.010484
95.5271 0.129213
95.6271 0.139303
95.7271 0.113466
95.8271 0.0519257
95.9271 -0.03947
