-5.41351 -0.279854
-5.31351 -0.383532
-5.21351 -0.44938
-5.11351 -0.349049
-5.01351 -0.196303
-4.91351 -0.0375012
-4.81351 0.0964853
-4.71351 0.219057
-4.61351 0.347597
-4.51351 0.411378
-4.41351 0.481731
-4.31351 0.493293
-4.21351 0.467191
-4.11351 0.525179
-4.01351 0.571349
-3.91351 0.689365
-3.81351 0.821108
-3.71351 0.885422
-3.61351 0.916393
-3.51351 0.878781
-3.41351 0.847267
-3.31351 0.82331
-3.21351 0.780002
-3.11351 0.76378
-3.01351 0.751733
-2.91351 0.684258
-2.81351 0.584014
-2.71351 0.431283
-2.61351 0.283095
-2.51351 0.175532
-2.41351 0.0582501
-2.31351 -0.105095
-2.21351 -0.242247
-2.11351 -0.364858
-2.01351 -0.409535
-1.91351 -0.395952
-1.81351 -0.347226
-1.71351 -0.260118
-1.61351 -0.165912
-1.51351 -0.0424682
-1.41351 0.0959323
-1.31351 0.230958
-1.21351 0.390398
-1.11351 0.475175
-1.01351 0.547241
-0.913512 0.532925
-0.813512 0.497543
-0.713512 0.394508
-0.613512 0.326522
-0.513512 0.350816
-0.413512 0.50088
-0.313512 0.669337
-0.213512 0.781758
-0.113512 0.863508
-0.013512 0.84698
0.086488 0.822402
0.186488 0.729789
0.286488 0.555381
0.386488 0.315024
0.486488 0.0640635
0.586488 -0.127111
0.686488 -0.218134
0.786488 -0.229848
0.886488 -0.0932554
0.986488 0.036813
1.08649 0.218405
1.18649 0.458972
1.28649 0.622488
1.38649 0.67054
1.48649 0.680628
1.58649 0.718087
1.68649 0.808904
1.78649 0.923188
1.88649 1.01364
1.98649 1.02159
2.08649 0.891856
2.18649 0.718342
2.28649 0.589834
2.38649 0.45959
2.48649 0.273816
2.58649 0.135277
2.68649 -0.0129713
2.78649 -0.121485
2.88649 -0.218578
2.98649 -0.256115
3.08649 -0.253113
3.18649 -0.269278
3.28649 -0.313291
3.38649 -0.319348
3.48649 -0.281551
3.58649 -0.169688
3.68649 -0.0224049
3.78649 0.127404
3.88649 0.24705
3.98649 0.327801
4.08649 0.454948
4.18649 0.639455
4.28649 0.736219
4.38649 0.746511
4.48649 0.656791
4.58649 0.592845
4.68649 0.581668
4.78649 0.634141
4.88649 0.6988
4.98649 0.730011
5.08649 0.747955
5.18649 0.732949
5.28649 0.826279
5.38649 0.904842
5.48649 0.959
5.58649 0.86664
5.68649 0.721803
5.78649 0.610942
5.88649 0.547967
5.98649 0.470085
6.08649 0.39352
6.18649 0.253152
6.28649 0.168493
6.38649 0.158507
6.48649 0.180079
6.58649 0.129405
6.68649 0.0191396
6.78649 -0.119445
6.88649 -0.194812
6.98649 -0.153194
7.08649 -0.0601532
7.18649 -0.016584
7.28649 0.0192083
7.38649 0.044393
7.48649 0.120189
7.58649 0.238541
7.68649 0.420749
7.78649 0.572743
7.88649 0.639326
7.98649 0.672071
8.08649 0.737827
8.18649 0.820572
8.28649 0.839575
8.38649 0.739489
8.48649 0.600946
8.58649 0.475884
8.68649 0.361265
8.78649 0.26666
8.88649 0.162951
8.98649 0.0873414
9.08649 0.00324493
9.18649 -0.092165
9.28649 -0.116224
9.38649 -0.137166
9.48649 -0.163649
9.58649 -0.162865
9.68649 -0.0922152
9.78649 0.0277516
9.88649 0.28086
9.98649 0.615929
10.0865 0.957747
10.1865 1.28715
10.2865 1.56452
10.3865 1.77666
10.4865 1.9454
10.5865 2.0465
10.6865 2.02551
10.7865 1.85614
10.8865 1.60409
10.9865 1.32338
11.0865 0.973272
11.1865 0.545054
11.2865 0.0682744
11.3865 -0.37692
11.4865 -0.786196
11.5865 -1.1446
11.6865 -1.47363
11.7865 -1.74264
11.8865 -1.85631
11.9865 -1.78645
12.0865 -1.5449
12.1865 -1.17065
12.2865 -0.753443
12.3865 -0.355308
12.4865 0.0416746
12.5865 0.447821
12.6865 0.848879
12.7865 1.22977
12.8865 1.54315
12.9865 1.74991
13.0865 1.87095
13.1865 1.96542
13.2865 2.04222
13.3865 2.0088
13.4865 1.79859
13.5865 1.42601
13.6865 1.01344
13.7865 0.602576
13.8865 0.215795
13.9865 -0.133679
14.0865 -0.456656
14.1865 -0.700589
14.2865 -0.849614
14.3865 -0.914479
14.4865 -0.884639
14.5865 -0.723563
14.6865 -0.428623
14.7865 -0.102005
14.8865 0.180829
14.9865 0.39266
15.0865 0.58107
15.1865 0.815759
15.2865 1.06293
15.3865 1.28621
15.4865 1.48549
15.5865 1.59984
15.6865 1.54541
15.7865 1.38351
15.8865 1.19195
15.9865 0.907768
16.0865 0.589982
16.1865 0.300533
16.2865 0.0655421
16.3865 -0.10957
16.4865 -0.274948
16.5865 -0.433369
16.6865 -0.561024
16.7865 -0.626292
16.8865 -0.657304
16.9865 -0.640584
17.0865 -0.560939
17.1865 -0.410073
17.2865 -0.188283
17.3865 0.0722806
17.4865 0.332095
17.5865 0.568423
17.6865 0.775099
17.7865 0.941626
17.8865 1.04676
17.9865 1.07286
18.0865 1.0298
18.1865 1.02019
18.2865 1.04052
18.3865 1.08242
18.4865 1.04002
18.5865 0.935784
18.6865 0.863589
18.7865 0.823849
18.8865 0.763812
18.9865 0.654227
19.0865 0.527224
19.1865 0.448553
19.2865 0.390414
19.3865 0.312847
19.4865 0.175792
19.5865 0.0128619
19.6865 -0.136085
19.7865 -0.280126
19.8865 -0.433583
19.9865 -0.597657
20.0865 -0.711389
20.1865 -0.720516
20.2865 -0.652062
20.3865 -0.547413
20.4865 -0.428297
20.5865 -0.277646
20.6865 -0.0586789
20.7865 0.224586
20.8865 0.540302
20.9865 0.800464
21.0865 1.02152
21.1865 1.20491
21.2865 1.40049
21.3865 1.56901
21.4865 1.74071
21.5865 1.88976
21.6865 2.0492
21.7865 2.19088
21.8865 2.27133
21.9865 2.21576
22.0865 1.89154
22.1865 1.19759
22.2865 -0.0263032
22.3865 -1.89294
22.4865 -4.27274
22.5865 -6.8039
22.6865 -8.76172
22.7865 -9.38947
22.8865 -8.13063
22.9865 -4.86198
23.0865 0.545607
23.1865 8.35011
23.2865 17.9356
23.3865 26.8885
23.4865 32.1921
23.5865 31.7501
23.6865 23.7953
23.7865 5.7707
23.8865 -23.0003
23.9865 -57.2884
24.0865 -86.3838
24.1865 -100.519
24.2865 -97.3041
24.3865 -80.1043
24.4865 -50.2908
24.5865 -11.4091
24.6865 31.1781
24.7865 71.9191
24.8865 104.439
24.9865 123.363
25.0865 126.168
25.1865 109.36
25.2865 72.8898
25.3865 26.5486
25.4865 -17.3122
25.5865 -52.6804
25.6865 -78.8337
25.7865 -95.9861
25.8865 -103.183
25.9865 -100.415
26.0865 -90.078
26.1865 -75.1561
26.2865 -57.4954
26.3865 -37.9375
26.4865 -17.458
26.5865 2.47191
26.6865 20.6144
26.7865 36.3451
26.8865 49.0447
26.9865 58.1574
27.0865 63.6895
27.1865 66.0856
27.2865 65.6147
27.3865 62.0362
27.4865 55.2727
27.5865 45.4756
27.6865 32.6521
27.7865 17.3925
27.8865 1.41091
27.9865 -13.1366
28.0865 -25.0305
28.1865 -33.9504
28.2865 -40.3853
28.3865 -44.9086
28.4865 -48.1592
28.5865 -50.339
28.6865 -51.1103
28.7865 -49.8703
28.8865 -46.1939
28.9865 -40.058
29.0865 -32.0231
29.1865 -23.1273
29.2865 -14.342
29.3865 -6.21678
29.4865 1.30065
29.5865 8.46967
29.6865 15.4733
29.7865 22.3111
29.8865 28.6597
29.9865 33.9956
30.0865 37.6602
30.1865 39.2022
30.2865 38.6033
30.3865 36.2821
30.4865 32.8431
30.5865 28.8318
30.6865 24.3711
30.7865 19.2977
30.8865 13.5515
30.9865 7.32154
31.0865 1.03147
31.1865 -4.91073
31.2865 -10.0191
31.3865 -14.1749
31.4865 -17.5995
31.5865 -20.627
31.6865 -23.3602
31.7865 -25.6733
31.8865 -27.239
31.9865 -27.845
32.0865 -27.4062
32.1865 -26.1291
32.2865 -24.3501
32.3865 -22.483
32.4865 -20.611
32.5865 -18.5686
32.6865 -16.0205
32.7865 -12.7028
32.8865 -8.60851
32.9865 -4.06405
33.0865 0.502132
33.1865 4.633
33.2865 8.26951
33.3865 11.4556
33.4865 14.3381
33.5865 16.9474
33.6865 19.1895
33.7865 20.9441
33.8865 21.9812
33.9865 22.1552
34.0865 21.5213
34.1865 20.2623
34.2865 18.7111
34.3865 17.0722
34.4865 15.3177
34.5865 13.3088
34.6865 10.8684
34.7865 7.97203
34.8865 4.78525
34.9865 1.55582
35.0865 -1.45915
35.1865 -4.07446
35.2865 -6.30356
35.3865 -8.32508
35.4865 -10.3909
35.5865 -12.5687
35.6865 -14.9214
35.7865 -17.3635
35.8865 -19.6217
35.9865 -21.4573
36.0865 -22.6558
36.1865 -23.1154
36.2865 -22.627
36.3865 -21.036
36.4865 -18.25
36.5865 -14.3893
36.6865 -9.74712
36.7865 -4.84925
36.8865 -0.345706
36.9865 3.13541
37.0865 5.29187
37.1865 6.21678
37.2865 6.28005
37.3865 5.91666
37.4865 5.58086
37.5865 5.58622
37.6865 5.93585
37.7865 6.54266
37.8865 7.32523
37.9865 8.24403
38.0865 9.33876
38.1865 10.5051
38.2865 11.6931
38.3865 12.872
38.4865 13.9509
38.5865 14.7756
38.6865 15.1493
38.7865 14.9113
38.8865 14.0203
38.9865 12.5486
39.0865 10.6141
39.1865 8.35493
39.2865 5.87364
39.3865 3.18956
39.4865 0.292947
39.5865 -2.73163
39.6865 -5.72908
39.7865 -8.56635
39.8865 -11.1625
39.9865 -13.5152
40.0865 -15.4618
40.1865 -16.8279
40.2865 -17.5282
40.3865 -17.5685
40.4865 -17.1041
40.5865 -16.1305
40.6865 -14.7077
40.7865 -13.0145
40.8865 -11.221
40.9865 -9.48955
41.0865 -7.92113
41.1865 -6.53336
41.2865 -5.30212
41.3865 -4.11657
41.4865 -2.84928
41.5865 -1.45273
41.6865 0.124767
41.7865 1.9587
41.8865 4.054
41.9865 6.29671
42.0865 8.52274
42.1865 10.5263
42.2865 12.1019
42.3865 13.0421
42.4865 13.2971
42.5865 12.9574
42.6865 12.2235
42.7865 11.2946
42.8865 10.3366
42.9865 9.37659
43.0865 8.38616
43.1865 7.35429
43.2865 6.23862
43.3865 5.01452
43.4865 3.82003
43.5865 2.80839
43.6865 1.97646
43.7865 1.24238
43.8865 0.537766
43.9865 -0.17949
44.0865 -0.853833
44.1865 -1.37777
44.2865 -1.72168
44.3865 -1.95128
44.4865 -2.22341
44.5865 -2.68221
44.6865 -3.42804
44.7865 -4.48775
44.8865 -5.67108
44.9865 -6.82286
45.0865 -7.87781
45.1865 -8.68697
45.2865 -9.14969
45.3865 -9.26721
45.4865 -9.09036
45.5865 -8.71071
45.6865 -8.2268
45.7865 -7.69506
45.8865 -7.09063
45.9865 -6.45366
46.0865 -5.74992
46.1865 -4.87162
46.2865 -3.85509
46.3865 -2.70281
46.4865 -1.38876
46.5865 0.0670617
46.6865 1.60383
46.7865 3.06755
46.8865 4.26454
46.9865 5.19838
47.0865 5.89525
47.1865 6.39625
47.2865 6.83052
47.3865 7.3213
47.4865 7.88328
47.5865 8.40524
47.6865 8.78933
47.7865 8.96877
47.8865 8.9187
47.9865 8.65489
48.0865 8.31268
48.1865 7.96432
48.2865 7.57249
48.3865 7.09875
48.4865 6.44978
48.5865 5.56387
48.6865 4.44692
48.7865 3.14595
48.8865 1.742
48.9865 0.302278
49.0865 -1.11506
49.1865 -2.3862
49.2865 -3.44683
49.3865 -4.37681
49.4865 -5.25536
49.5865 -6.06421
49.6865 -6.69256
49.7865 -7.11692
49.8865 -7.3221
49.9865 -7.4287
50.0865 -7.51266
50.1865 -7.47195
50.2865 -7.36135
50.3865 -7.20467
50.4865 -6.89013
50.5865 -6.39224
50.6865 -5.75889
50.7865 -4.96873
50.8865 -4.10674
50.9865 -3.2847
51.0865 -2.5034
51.1865 -1.74825
51.2865 -1.00069
51.3865 -0.256853
51.4865 0.48252
51.5865 1.18893
51.6865 1.89221
51.7865 2.57308
51.8865 3.22495
51.9865 3.79741
52.0865 4.24087
52.1865 4.55592
52.2865 4.76784
52.3865 4.95032
52.4865 5.11336
52.5865 5.23867
52.6865 5.3377
52.7865 5.42534
52.8865 5.46758
52.9865 5.45946
53.0865 5.43656
53.1865 5.39242
53.2865 5.28084
53.3865 5.02035
53.4865 4.64513
53.5865 4.24853
53.6865 3.87033
53.7865 3.5221
53.8865 3.11089
53.9865 2.61456
54.0865 2.09865
54.1865 1.55907
54.2865 0.944789
54.3865 0.278173
54.4865 -0.451496
54.5865 -1.27196
54.6865 -2.07192
54.7865 -2.762
54.8865 -3.38903
54.9865 -3.98719
55.0865 -4.56151
55.1865 -5.05196
55.2865 -5.43782
55.3865 -5.69824
55.4865 -5.85217
55.5865 -5.86317
55.6865 -5.73012
55.7865 -5.46048
55.8865 -5.11262
55.9865 -4.66836
56.0865 -4.13997
56.1865 -3.56936
56.2865 -3.03168
56.3865 -2.57632
56.4865 -2.20177
56.5865 -1.74521
56.6865 -1.16753
56.7865 -0.505588
56.8865 0.261374
56.9865 1.11149
57.0865 1.95931
57.1865 2.66031
57.2865 3.15428
57.3865 3.45665
57.4865 3.52172
57.5865 3.39733
57.6865 3.17051
57.7865 2.95936
57.8865 2.90731
57.9865 3.21497
58.0865 3.95094
58.1865 5.12133
58.2865 6.56395
58.3865 7.92222
58.4865 8.76473
58.5865 8.74775
58.6865 7.73468
58.7865 5.72141
58.8865 2.92316
58.9865 -0.268306
59.0865 -3.12725
59.1865 -4.99779
59.2865 -5.5398
59.3865 -4.75573
59.4865 -2.842
59.5865 -0.374721
59.6865 2.09476
59.7865 4.17185
59.8865 5.56348
59.9865 6.14563
60.0865 5.88425
60.1865 4.87933
60.2865 3.32492
60.3865 1.42903
60.4865 -0.58935
60.5865 -2.6156
60.6865 -4.58975
60.7865 -6.36877
60.8865 -7.85126
60.9865 -8.86031
61.0865 -9.25226
61.1865 -9.06658
61.2865 -8.3844
61.3865 -7.42903
61.4865 -6.36623
61.5865 -5.2454
61.6865 -4.17778
61.7865 -3.14093
61.8865 -2.11893
61.9865 -1.13193
62.0865 -0.149248
62.1865 0.807095
62.2865 1.61466
62.3865 2.19446
62.4865 2.54699
62.5865 2.7267
62.6865 2.78173
62.7865 2.79534
62.8865 2.8339
62.9865 2.94907
63.0865 3.1075
63.1865 3.25438
63.2865 3.4038
63.3865 3.64187
63.4865 3.97035
63.5865 4.31127
63.6865 4.62452
63.7865 4.83959
63.8865 4.8777
63.9865 4.70916
64.0865 4.29134
64.1865 3.68225
64.2865 2.98223
64.3865 2.31154
64.4865 1.72541
64.5865 1.28205
64.6865 1.03866
64.7865 0.989737
64.8865 1.10282
64.9865 1.26906
65.0865 1.4292
65.1865 1.51157
65.2865 1.44325
65.3865 1.0861
65.4865 0.425369
65.5865 -0.410543
65.6865 -1.3235
65.7865 -2.11383
65.8865 -2.70043
65.9865 -3.09403
66.0865 -3.29753
66.1865 -3.32456
66.2865 -3.21346
66.3865 -2.98229
66.4865 -2.68503
66.5865 -2.41109
66.6865 -2.22876
66.7865 -2.12144
66.8865 -2.09843
66.9865 -2.14258
67.0865 -2.19931
67.1865 -2.24531
67.2865 -2.31715
67.3865 -2.44786
67.4865 -2.56976
67.5865 -2.55424
67.6865 -2.36599
67.7865 -2.042
67.8865 -1.63461
67.9865 -1.21131
68.0865 -0.745975
68.1865 -0.213046
68.2865 0.415282
68.3865 1.10784
68.4865 1.79087
68.5865 2.46762
68.6865 3.07667
68.7865 3.58999
68.8865 3.99753
68.9865 4.31438
69.0865 4.54038
69.1865 4.71205
69.2865 4.89386
69.3865 5.03442
69.4865 5.05083
69.5865 4.95243
69.6865 4.72266
69.7865 4.42473
69.8865 4.11752
69.9865 3.79717
70.0865 3.41707
70.1865 2.97634
70.2865 2.487
70.3865 2.00515
70.4865 1.54411
70.5865 1.04038
70.6865 0.459711
70.7865 -0.162203
70.8865 -0.801604
70.9865 -1.39399
71.0865 -1.94779
71.1865 -2.44221
71.2865 -2.8284
71.3865 -3.10692
71.4865 -3.26642
71.5865 -3.29716
71.6865 -3.28848
71.7865 -3.27465
71.8865 -3.26128
71.9865 -3.24722
72.0865 -3.23752
72.1865 -3.18241
72.2865 -3.08107
72.3865 -2.90167
72.4865 -2.62335
72.5865 -2.32027
72.6865 -2.04786
72.7865 -1.78189
72.8865 -1.45618
72.9865 -1.08999
73.0865 -0.675856
73.1865 -0.231244
73.2865 0.241219
73.3865 0.738289
73.4865 1.22383
73.5865 1.69971
73.6865 2.13623
73.7865 2.50701
73.8865 2.8075
73.9865 2.99533
74.0865 3.08167
74.1865 3.06969
74.2865 3.0643
74.3865 3.10778
74.4865 3.12936
74.5865 3.09194
74.6865 2.94594
74.7865 2.73752
74.8865 2.4934
74.9865 2.2353
75.0865 2.03385
75.1865 1.87513
75.2865 1.76472
75.3865 1.74006
75.4865 1.7882
75.5865 1.82715
75.6865 1.89236
75.7865 1.85905
75.8865 1.57035
75.9865 1.03432
76.0865 0.360727
76.1865 -0.316713
76.2865 -0.914511
76.3865 -1.40023
76.4865 -1.73132
76.5865 -1.89735
76.6865 -1.87954
76.7865 -1.65114
76.8865 -1.37992
76.9865 -1.06859
77.0865 -0.755092
77.1865 -0.549752
77.2865 -0.417926
77.3865 -0.352581
77.4865 -0.345564
77.5865 -0.413403
77.6865 -0.507038
77.7865 -0.603578
77.8865 -0.815816
77.9865 -0.974751
78.0865 -1.20179
78.1865 -1.28441
78.2865 -1.27578
78.3865 -1.19372
78.4865 -1.07869
78.5865 -0.954184
78.6865 -0.760026
78.7865 -0.529942
78.8865 -0.293116
78.9865 -0.0139234
79.0865 0.306235
79.1865 0.598475
79.2865 0.808002
79.3865 0.936579
79.4865 1.05356
79.5865 1.15408
79.6865 1.19067
79.7865 1.20398
79.8865 1.18687
79.9865 1.24501
80.0865 1.34119
80.1865 1.47509
80.2865 1.56488
80.3865 1.59181
80.4865 1.60416
80.5865 1.53839
80.6865 1.5233
80.7865 1.55157
80.8865 1.67435
80.9865 1.74561
81.0865 1.80819
81.1865 1.80901
81.2865 1.74321
81.3865 1.57261
81.4865 1.32584
81.5865 1.00986
81.6865 0.692662
81.7865 0.347649
81.8865 0.0499425
81.9865 -0.357687
82.0865 -0.791004
82.1865 -1.13878
82.2865 -1.4316
82.3865 -1.54393
82.4865 -1.49249
82.5865 -1.40256
82.6865 -1.19531
82.7865 -0.86067
82.8865 -0.465361
82.9865 -0.0654201
83.0865 0.240451
83.1865 0.395559
83.2865 0.502712
83.3865 0.486733
83.4865 0.406097
83.5865 0.22594
83.6865 0.0520448
83.7865 -0.137764
83.8865 -0.296531
83.9865 -0.376184
84.0865 -0.388175
84.1865 -0.33416
84.2865 -0.250187
84.3865 -0.0751618
84.4865 0.0642365
84.5865 0.173328
84.6865 0.248007
84.7865 0.243821
84.8865 0.206143
84.9865 0.154876
85.0865 0.129263
85.1865 0.135813
85.2865 0.151728
85.3865 0.210006
85.4865 0.247443
85.5865 0.385363
85.6865 0.497474
85.7865 0.611582
85.8865 0.708108
85.9865 0.840121
86.0865 1.005
86.1865 1.09522
86.2865 1.08814
86.3865 1.02428
86.4865 0.876597
86.5865 0.720967
86.6865 0.582617
86.7865 0.433795
86.8865 0.347941
86.9865 0.370901
87.0865 0.397898
87.1865 0.438344
87.2865 0.465168
87.3865 0.436316
87.4865 0.397306
87.5865 0.380014
87.6865 0.389921
87.7865 0.448076
87.8865 0.4569
87.9865 0.417573
88.0865 0.330647
88.1865 0.19516
88.2865 0.0596097
88.3865 -0.0810203
88.4865 -0.231977
88.5865 -0.355677
88.6865 -0.433311
88.7865 -0.466944
88.8865 -0.38433
88.9865 -0.278643
89.0865 -0.197719
89.1865 -0.152862
89.2865 -0.13427
89.3865 -0.145101
89.4865 -0.238848
89.5865 -0.260931
89.6865 -0.280443
89.7865 -0.297244
89.8865 -0.316515
89.9865 -0.252526
90.0865 -0.0991027
90.1865 0.0417193
90.2865 0.180973
90.3865 0.333213
90.4865 0.444252
90.5865 0.485386
90.6865 0.487712
90.7865 0.436382
90.8865 0.328093
90.9865 0.207066
91.0865 0.0781793
91.1865 0.00809796
91.2865 -0.0333524
91.3865 -0.0510888
91.4865 -0.0224866
91.5865 0.0513631
91.6865 0.130518
91.7865 0.238301
91.8865 0.406005
91.9865 0.57276
92.0865 0.676064
92.1865 0.635975
92.2865 0.557373
92.3865 0.467592
92.4865 0.406561
92.5865 0.310375
92.6865 0.234974
92.7865 0.211331
92.8865 0.257856
92.9865 0.329923
93.0865 0.376169
93.1865 0.372801
93.2865 0.323774
93.3865 0.274929
93.4865 0.163122
93.5865 0.0417822
93.6865 -0.0224022
93.7865 -0.0210661
93.8865 0.0310726
93.9865 0.111453
94.0865 0.181221
94.1865 0.232557
94.2865 0.250024
94.3865 0.245793
94.4865 0.247089
94.5865 0.233419
94.6865 0.206212
94.7865 0.187559
94.8865 0.210436
94.9865 0.201659
95.0865 0.218213
95.1865 0.232461
95.2865 0.213572
95.3865 0.193626
95.4865 0.148479
95.5865 0.0415
95.6865 -0.0685927
95.7865 -0.202269
95.8865 -0.280128
95.9865 -0.295873
96.0865 -0.314549
96.1865 -0.283793
96.2865 -0.249811
96.3865 -0.203104
96.4865 -0.138481
96.5865 -0.0985663
96.6865 -0.0961189
96.7865 -0.0954546
96.8865 -0.0729785
