-4.66983 -0.171093
-4.56983 -0.150294
-4.46983 -0.142165
-4.36983 -0.126697
-4.26983 -0.0854574
-4.16983 -0.0381339
-4.06983 0.0243046
-3.96983 0.0583483
-3.86983 0.112263
-3.76983 0.128449
-3.66983 0.124392
-3.56983 0.156304
-3.46983 0.18805
-3.36983 0.197254
-3.26983 0.225916
-3.16983 0.247804
-3.06983 0.246517
-2.96983 0.191139
-2.86983 0.124969
-2.76983 0.032958
-2.66983 -0.0852437
-2.56983 -0.185642
-2.46983 -0.247265
-2.36983 -0.259955
-2.26983 -0.256595
-2.16983 -0.24783
-2.06983 -0.231989
-1.96983 -0.164548
-1.86983 -0.121203
-1.76983 -0.0522666
-1.66983 -0.0157608
-1.56983 -0.00433804
-1.46983 0.0144702
-1.36983 0.0538245
-1.26983 0.0627393
-1.16983 0.136897
-1.06983 0.214313
-0.969831 0.226998
-0.869831 0.198182
-0.769831 0.218458
-0.669831 0.24528
-0.569831 0.239072
-0.469831 0.257647
-0.369831 0.265292
-0.269831 0.272357
-0.169831 0.265569
-0.069831 0.198988
0.030169 0.154112
0.130169 0.10876
0.230169 0.0454436
0.330169 -0.0204265
0.430169 -0.09504
0.530169 -0.181066
0.630169 -0.260994
0.730169 -0.292001
0.830169 -0.320647
0.930169 -0.268679
1.03017 -0.188369
1.13017 -0.0844266
1.23017 0.0705151
1.33017 0.263325
1.43017 0.429116
1.53017 0.529166
1.63017 0.571428
1.73017 0.524943
1.83017 0.370983
1.93017 0.193158
2.03017 0.00131526
2.13017 -0.125161
2.23017 -0.266228
2.33017 -0.374095
2.43017 -0.442863
2.53017 -0.439766
2.63017 -0.386366
2.73017 -0.307065
2.83017 -0.189096
2.93017 -0.0483655
3.03017 0.0927975
3.13017 0.209882
3.23017 0.329674
3.33017 0.409099
3.43017 0.443592
3.53017 0.47361
3.63017 0.367484
3.73017 0.307422
3.83017 0.207146
3.93017 0.137879
4.03017 0.082543
4.13017 0.0707896
4.23017 0.0556148
4.33017 5.71638e-06
4.43017 -0.103185
4.53017 -0.152838
4.63017 -0.214497
4.73017 -0.242662
4.83017 -0.28069
4.93017 -0.215226
5.03017 -0.180264
5.13017 -0.0836152
5.23017 0.0144237
5.33017 0.180326
5.43017 0.326759
5.53017 0.528953
5.63017 0.700132
5.73017 0.773273
5.83017 0.733695
5.93017 0.565365
6.03017 0.334506
6.13017 0.136273
6.23017 -0.05445
6.33017 -0.231866
6.43017 -0.369815
6.53017 -0.459228
6.63017 -0.503176
6.73017 -0.537504
6.83017 -0.510008
6.93017 -0.428671
7.03017 -0.337653
7.13017 -0.239564
7.23017 -0.170113
7.33017 -0.0743609
7.43017 0.0811964
7.53017 0.274117
7.63017 0.480613
7.73017 0.688624
7.83017 0.782544
7.93017 0.836241
8.03017 0.867142
8.13017 0.730317
8.23017 0.520715
8.33017 0.231667
8.43017 -0.0858869
8.53017 -0.311294
8.63017 -0.441895
8.73017 -0.444768
8.83017 -0.331863
8.93017 -0.201719
9.03017 0.00262195
9.13017 0.243908
9.23017 0.420245
9.33017 0.46265
9.43017 0.367712
9.53017 0.235596
9.63017 0.143809
9.73017 0.0631597
9.83017 0.0509296
9.93017 0.0300566
10.0302 0.00131834
10.1302 0.0796911
10.2302 0.175613
10.3302 0.290863
10.4302 0.338018
10.5302 0.312413
10.6302 0.229065
10.7302 0.126031
10.8302 -0.019963
10.9302 -0.186397
11.0302 -0.238409
11.1302 -0.227292
11.2302 -0.128318
11.3302 0.068566
11.4302 0.273975
11.5302 0.439851
11.6302 0.522176
11.7302 0.485161
11.8302 0.376961
11.9302 0.193691
12.0302 -0.0241513
12.1302 -0.265763
12.2302 -0.411634
12.3302 -0.471471
12.4302 -0.505164
12.5302 -0.454565
12.6302 -0.338578
12.7302 -0.199938
12.8302 -0.0402907
12.9302 0.119535
13.0302 0.280763
13.1302 0.446837
13.2302 0.584206
13.3302 0.670471
13.4302 0.68786
13.5302 0.659545
13.6302 0.642549
13.7302 0.669429
13.8302 0.724225
13.9302 0.82304
14.0302 0.871435
14.1302 0.856996
14.2302 0.78961
14.3302 0.633975
14.4302 0.40469
14.5302 0.122061
14.6302 -0.186646
14.7302 -0.438065
14.8302 -0.6828
14.9302 -0.828496
15.0302 -0.883499
15.1302 -0.924528
15.2302 -0.92953
15.3302 -0.872989
15.4302 -0.718249
15.5302 -0.457503
15.6302 -0.132258
15.7302 0.255705
15.8302 0.672658
15.9302 0.99717
16.0302 1.22861
16.1302 1.31938
16.2302 1.38825
16.3302 1.34602
16.4302 1.23321
16.5302 1.06059
16.6302 0.777255
16.7302 0.428519
16.8302 0.073925
16.9302 -0.273884
17.0302 -0.554052
17.1302 -0.832057
17.2302 -1.07023
17.3302 -1.1868
17.4302 -1.17833
17.5302 -0.970292
17.6302 -0.612074
17.7302 -0.221393
17.8302 0.267567
17.9302 0.653836
18.0302 0.870814
18.1302 0.944094
18.2302 0.847691
18.3302 0.632488
18.4302 0.418017
18.5302 0.299775
18.6302 0.309429
18.7302 0.456629
18.8302 0.700803
18.9302 0.942054
19.0302 1.1549
19.1302 1.20143
19.2302 1.05188
19.3302 0.745374
19.4302 0.401034
19.5302 0.0855205
19.6302 -0.18344
19.7302 -0.383924
19.8302 -0.566787
19.9302 -0.58726
20.0302 -0.569218
20.1302 -0.452563
20.2302 -0.393301
20.3302 -0.499809
20.4302 -0.568532
20.5302 -0.586336
20.6302 -0.63512
20.7302 -0.54136
20.8302 -0.364486
20.9302 -0.0840104
21.0302 0.211118
21.1302 0.463014
21.2302 0.701911
21.3302 0.97757
21.4302 1.19771
21.5302 1.36035
21.6302 1.4405
21.7302 1.37254
21.8302 1.13401
21.9302 0.760154
22.0302 0.328206
22.1302 -0.121098
22.2302 -0.505927
22.3302 -0.821116
22.4302 -1.06321
22.5302 -1.15673
22.6302 -1.10223
22.7302 -0.873929
22.8302 -0.554676
22.9302 -0.260071
23.0302 0.0703534
23.1302 0.40859
23.2302 0.694294
23.3302 0.826221
23.4302 0.874962
23.5302 0.878661
23.6302 0.836623
23.7302 0.772854
23.8302 0.774821
23.9302 0.751205
24.0302 0.70365
24.1302 0.644346
24.2302 0.551041
24.3302 0.423004
24.4302 0.269642
24.5302 0.0887711
24.6302 -0.0819236
24.7302 -0.236091
24.8302 -0.332663
24.9302 -0.386025
25.0302 -0.362205
25.1302 -0.248789
25.2302 -0.0724887
25.3302 0.128034
25.4302 0.328966
25.5302 0.492501
25.6302 0.57074
25.7302 0.544773
25.8302 0.407077
25.9302 0.129136
26.0302 -0.213429
26.1302 -0.568333
26.2302 -0.8292
26.3302 -0.951827
26.4302 -0.889945
26.5302 -0.645375
26.6302 -0.22046
26.7302 0.323142
26.8302 0.891551
26.9302 1.33553
27.0302 1.59328
27.1302 1.60888
27.2302 1.41698
27.3302 1.08013
27.4302 0.6768
27.5302 0.231762
27.6302 -0.156521
27.7302 -0.384835
27.8302 -0.41679
27.9302 -0.325085
28.0302 -0.13348
28.1302 0.0654932
28.2302 0.156468
28.3302 0.10006
28.4302 -0.0470456
28.5302 -0.181153
28.6302 -0.239409
28.7302 -0.185917
28.8302 0.0417896
28.9302 0.422645
29.0302 0.833696
29.1302 1.14657
29.2302 1.33929
29.3302 1.39034
29.4302 1.31436
29.5302 1.05917
29.6302 0.678346
29.7302 0.244278
29.8302 -0.234091
29.9302 -0.756394
30.0302 -1.23103
30.1302 -1.60907
30.2302 -1.83206
30.3302 -1.83463
30.4302 -1.56829
30.5302 -1.08425
30.6302 -0.479511
30.7302 0.130959
30.8302 0.689873
30.9302 1.14547
31.0302 1.44294
31.1302 1.61524
31.2302 1.67377
31.3302 1.65672
31.4302 1.67699
31.5302 1.74941
31.6302 1.7628
31.7302 1.73912
31.8302 1.59834
31.9302 1.26458
32.0302 0.739594
32.1302 0.0922857
32.2302 -0.622766
32.3302 -1.32005
32.4302 -1.86301
32.5302 -2.20231
32.6302 -2.31466
32.7302 -2.18648
32.8302 -1.83336
32.9302 -1.29874
33.0302 -0.723271
33.1302 -0.232439
33.2302 0.139873
33.3302 0.418476
33.4302 0.700019
33.5302 0.944349
33.6302 1.10161
33.7302 1.20294
33.8302 1.27671
33.9302 1.37197
34.0302 1.42456
34.1302 1.39276
34.2302 1.28521
34.3302 1.15494
34.4302 1.03511
34.5302 0.980605
34.6302 0.977603
34.7302 0.951353
34.8302 0.866147
34.9302 0.706779
35.0302 0.479982
35.1302 0.219808
35.2302 -0.0608416
35.3302 -0.360181
35.4302 -0.691194
35.5302 -1.07138
35.6302 -1.47874
35.7302 -1.89477
35.8302 -2.19113
35.9302 -2.30807
36.0302 -2.18661
36.1302 -1.78767
36.2302 -1.15244
36.3302 -0.382298
36.4302 0.432425
36.5302 1.13488
36.6302 1.7031
36.7302 2.11101
36.8302 2.29397
36.9302 2.25628
37.0302 2.16225
37.1302 2.06798
37.2302 1.904
37.3302 1.65525
37.4302 1.34472
37.5302 1.00505
37.6302 0.679992
37.7302 0.399417
37.8302 0.138657
37.9302 -0.147039
38.0302 -0.516604
38.1302 -1.05327
38.2302 -1.86381
38.3302 -2.99559
38.4302 -4.34013
38.5302 -5.59612
38.6302 -6.28439
38.7302 -5.94109
38.8302 -4.21336
38.9302 -1.00991
39.0302 3.76923
39.1302 10.1543
39.2302 17.2287
39.3302 22.919
39.4302 25.1442
39.5302 22.5856
39.6302 13.815
39.7302 -2.5328
39.8302 -26.2146
39.9302 -51.3736
40.0302 -69.3011
40.1302 -74.4375
40.2302 -67.3002
40.3302 -49.4532
40.4302 -22.5441
40.5302 10.1852
40.6302 43.5122
40.7302 71.426
40.8302 89.007
40.9302 94.1015
41.0302 84.8743
41.1302 59.8489
41.2302 25.0869
41.3302 -9.30028
41.4302 -36.5589
41.5302 -54.961
41.6302 -65.4057
41.7302 -68.9787
41.8302 -67.0766
41.9302 -61.4926
42.0302 -53.5275
42.1302 -43.7663
42.2302 -32.3098
42.3302 -19.0951
42.4302 -4.57957
42.5302 9.93054
42.6302 22.8392
42.7302 33.0149
42.8302 39.9655
42.9302 43.5956
43.0302 44.5627
43.1302 43.9149
43.2302 42.2124
43.3302 39.3806
43.4302 34.9967
43.5302 28.6475
43.6302 19.9343
43.7302 8.87092
43.8302 -3.25837
43.9302 -14.0481
44.0302 -22.0812
44.1302 -27.6087
44.2302 -31.2927
44.3302 -33.802
44.4302 -35.7404
44.5302 -37.3121
44.6302 -38.028
44.7302 -37.1383
44.8302 -34.0879
44.9302 -28.8417
45.0302 -22.0405
45.1302 -14.6924
45.2302 -7.59825
45.3302 -1.07341
45.4302 4.88008
45.5302 10.4486
45.6302 15.7433
45.7302 20.7144
45.8302 25.079
45.9302 28.3703
46.0302 30.1576
46.1302 30.2878
46.2302 28.9445
46.3302 26.6658
46.4302 24.0416
46.5302 21.3541
46.6302 18.4981
46.7302 15.1313
46.8302 10.9564
46.9302 5.93272
47.0302 0.420755
47.1302 -4.99732
47.2302 -9.8106
47.3302 -13.7303
47.4302 -16.7223
47.5302 -18.9845
47.6302 -20.8282
47.7302 -22.3669
47.8302 -23.4079
47.9302 -23.7285
48.0302 -23.2066
48.1302 -21.8634
48.2302 -19.9272
48.3302 -17.6631
48.4302 -15.3104
48.5302 -12.9449
48.6302 -10.4331
48.7302 -7.56894
48.8302 -4.24132
48.9302 -0.566323
49.0302 3.20691
49.1302 6.78298
49.2302 9.96047
49.3302 12.6578
49.4302 14.902
49.5302 16.7607
49.6302 18.257
49.7302 19.294
49.8302 19.7252
49.9302 19.4428
50.0302 18.4673
50.1302 16.8993
50.2302 14.9795
50.3302 12.9439
50.4302 10.9027
50.5302 8.8413
50.6302 6.61173
50.7302 4.10183
50.8302 1.3349
50.9302 -1.46373
51.0302 -4.03049
51.1302 -6.15941
51.2302 -7.82583
51.3302 -9.13121
51.4302 -10.2308
51.5302 -11.3231
51.6302 -12.48
51.7302 -13.6963
51.8302 -14.9646
51.9302 -16.1316
52.0302 -16.8969
52.1302 -17.0352
52.2302 -16.4712
52.3302 -15.1827
52.4302 -13.1402
52.5302 -10.2978
52.6302 -6.78034
52.7302 -2.94782
52.8302 0.607754
52.9302 3.41593
53.0302 5.24236
53.1302 6.0503
53.2302 5.99611
53.3302 5.51361
53.4302 5.0561
53.5302 4.916
53.6302 5.22215
53.7302 5.95962
53.8302 6.96954
53.9302 8.09381
54.0302 9.13495
54.1302 10.1071
54.2302 11.0732
54.3302 12.004
54.4302 12.8042
54.5302 13.3501
54.6302 13.4616
54.7302 12.9879
54.8302 11.8759
54.9302 10.2554
55.0302 8.23663
55.1302 5.93166
55.2302 3.48098
55.3302 0.957238
55.4302 -1.55259
55.5302 -4.0642
55.6302 -6.55254
55.7302 -8.93752
55.8302 -11.1426
55.9302 -12.9981
56.0302 -14.3408
56.1302 -15.1754
56.2302 -15.4741
56.3302 -15.2658
56.4302 -14.6371
56.5302 -13.6021
56.6302 -12.2067
56.7302 -10.5332
56.8302 -8.76638
56.9302 -7.08497
57.0302 -5.61699
57.1302 -4.42633
57.2302 -3.47882
57.3302 -2.6082
57.4302 -1.65305
57.5302 -0.471594
57.6302 1.03697
57.7302 2.90974
57.8302 5.06443
57.9302 7.31966
58.0302 9.43191
58.1302 11.1321
58.2302 12.2373
58.3302 12.6755
58.4302 12.5323
58.5302 11.942
58.6302 11.016
58.7302 9.93104
58.8302 8.8715
58.9302 7.87502
59.0302 6.9309
59.1302 5.97468
59.2302 4.98225
59.3302 3.99091
59.4302 2.98337
59.5302 1.90366
59.6302 0.787789
59.7302 -0.282329
59.8302 -1.10055
59.9302 -1.65427
60.0302 -2.09145
60.1302 -2.47936
60.2302 -2.80925
60.3302 -3.10671
60.4302 -3.4383
60.5302 -3.8377
60.6302 -4.41428
60.7302 -5.21289
60.8302 -6.23087
60.9302 -7.34634
61.0302 -8.33217
61.1302 -8.93845
61.2302 -9.12481
61.3302 -8.90187
61.4302 -8.25904
61.5302 -7.29888
61.6302 -6.19156
61.7302 -5.12292
61.8302 -4.17336
61.9302 -3.32816
62.0302 -2.58324
62.1302 -1.89274
62.2302 -1.16748
62.3302 -0.26745
62.4302 0.844987
62.5302 2.08055
62.6302 3.27734
62.7302 4.28373
62.8302 5.0507
62.9302 5.60731
63.0302 6.00412
63.1302 6.30888
63.2302 6.52788
63.3302 6.73218
63.4302 6.95739
63.5302 7.15037
63.6302 7.20352
63.7302 7.04318
63.8302 6.64276
63.9302 5.98742
64.0302 5.15403
64.1302 4.39285
64.2302 3.79544
64.3302 3.31122
64.4302 2.89047
64.5302 2.43194
64.6302 1.89489
64.7302 1.27379
64.8302 0.560304
64.9302 -0.241768
65.0302 -1.1042
65.1302 -1.98666
65.2302 -2.83262
65.3302 -3.56776
65.4302 -4.20895
65.5302 -4.7861
65.6302 -5.24835
65.7302 -5.58407
65.8302 -5.75316
65.9302 -5.73074
66.0302 -5.57087
66.1302 -5.33015
66.2302 -5.02191
66.3302 -4.74183
66.4302 -4.46547
66.5302 -4.17704
66.6302 -3.83714
66.7302 -3.41472
66.8302 -2.95114
66.9302 -2.52378
67.0302 -2.15276
67.1302 -1.80315
67.2302 -1.39197
67.3302 -0.887188
67.4302 -0.32042
67.5302 0.319828
67.6302 1.01214
67.7302 1.71326
67.8302 2.39043
67.9302 3.03987
68.0302 3.62448
68.1302 4.09285
68.2302 4.42958
68.3302 4.67742
68.4302 4.89794
68.5302 5.08467
68.6302 5.10755
68.7302 4.99172
68.8302 4.83771
68.9302 4.70805
69.0302 4.57699
69.1302 4.40193
69.2302 4.17602
69.3302 3.91804
69.4302 3.60402
69.5302 3.2091
69.6302 2.70834
69.7302 2.16069
69.8302 1.63296
69.9302 1.13847
70.0302 0.714463
70.1302 0.338846
70.2302 0.035484
70.3302 -0.261321
70.4302 -0.576548
70.5302 -1.01096
70.6302 -1.60218
70.7302 -2.19742
70.8302 -2.73032
70.9302 -3.24044
71.0302 -3.70433
71.1302 -4.12606
71.2302 -4.46388
71.3302 -4.72832
71.4302 -4.91426
71.5302 -5.01535
71.6302 -5.02614
71.7302 -4.93778
71.8302 -4.71814
71.9302 -4.41888
72.0302 -4.07307
72.1302 -3.6861
72.2302 -3.17915
72.3302 -2.60063
72.4302 -2.01876
72.5302 -1.48511
72.6302 -0.952877
72.7302 -0.341209
72.8302 0.357561
72.9302 1.09759
73.0302 1.88012
73.1302 2.59425
73.2302 3.18231
73.3302 3.54756
73.4302 3.60557
73.5302 3.40493
73.6302 3.09775
73.7302 2.79152
73.8302 2.65459
73.9302 2.86567
74.0302 3.52808
74.1302 4.60272
74.2302 5.87587
74.3302 6.98159
74.4302 7.56686
74.5302 7.37864
74.6302 6.28035
74.7302 4.22291
74.8302 1.50929
74.9302 -1.34298
75.0302 -3.64804
75.1302 -4.93206
75.2302 -4.93879
75.3302 -3.70256
75.4302 -1.53083
75.5302 1.01657
75.6302 3.34869
75.7302 5.04268
75.8302 5.91832
75.9302 5.88763
76.0302 5.04467
76.1302 3.62097
76.2302 1.84084
76.3302 -0.0286016
76.4302 -1.86705
76.5302 -3.57913
76.6302 -5.12778
76.7302 -6.42102
76.8302 -7.33662
76.9302 -7.81328
77.0302 -7.86809
77.1302 -7.60635
77.2302 -7.10973
77.3302 -6.44243
77.4302 -5.69911
77.5302 -4.93629
77.6302 -4.20478
77.7302 -3.46191
77.8302 -2.6995
77.9302 -1.90434
78.0302 -1.07466
78.1302 -0.263896
78.2302 0.504394
78.3302 1.25429
78.4302 1.90278
78.5302 2.40537
78.6302 2.76823
78.7302 3.02775
78.8302 3.26278
78.9302 3.51581
79.0302 3.71665
79.1302 3.82556
79.2302 3.92778
79.3302 4.09525
79.4302 4.30182
79.5302 4.51739
79.6302 4.71991
79.7302 4.82924
79.8302 4.74864
79.9302 4.48481
80.0302 4.00951
80.1302 3.36521
80.2302 2.66151
80.3302 1.99527
80.4302 1.46537
80.5302 1.15089
80.6302 1.03934
80.7302 1.07639
80.8302 1.1815
80.9302 1.30472
81.0302 1.3774
81.1302 1.24329
81.2302 0.887827
81.3302 0.287048
81.4302 -0.552223
81.5302 -1.48664
81.6302 -2.38269
81.7302 -3.10113
81.8302 -3.62268
81.9302 -3.9071
82.0302 -3.96932
82.1302 -3.89774
82.2302 -3.77893
82.3302 -3.63539
82.4302 -3.4873
82.5302 -3.36563
82.6302 -3.24284
82.7302 -3.12331
82.8302 -3.05048
82.9302 -2.96086
83.0302 -2.82121
83.1302 -2.6094
83.2302 -2.34896
83.3302 -2.06991
83.4302 -1.78385
83.5302 -1.42553
83.6302 -1.00866
83.7302 -0.606796
83.8302 -0.265776
83.9302 0.0213987
84.0302 0.375809
84.1302 0.857848
84.2302 1.42021
84.3302 2.00482
84.4302 2.57908
84.5302 3.11259
84.6302 3.57801
84.7302 3.93391
84.8302 4.15656
84.9302 4.27374
85.0302 4.37067
85.1302 4.48861
85.2302 4.59955
85.3302 4.63536
85.4302 4.54416
85.5302 4.31731
85.6302 4.00479
85.7302 3.56586
85.8302 3.05446
85.9302 2.51296
86.0302 1.96005
86.1302 1.42817
86.2302 0.916996
86.3302 0.477133
86.4302 0.112009
86.5302 -0.151435
86.6302 -0.320669
86.7302 -0.456686
86.8302 -0.645392
86.9302 -0.959036
87.0302 -1.42882
87.1302 -2.05013
87.2302 -2.73645
87.3302 -3.34359
87.4302 -3.74114
87.5302 -3.88918
87.6302 -3.8386
87.7302 -3.65197
87.8302 -3.40371
87.9302 -3.09131
88.0302 -2.82203
88.1302 -2.67727
88.2302 -2.64224
88.3302 -2.63709
88.4302 -2.58408
88.5302 -2.44275
88.6302 -2.21216
88.7302 -1.94356
88.8302 -1.63766
88.9302 -1.23949
89.0302 -0.747942
89.1302 -0.222975
89.2302 0.278843
89.3302 0.796867
89.4302 1.38745
89.5302 1.99106
89.6302 2.50789
89.7302 2.86377
89.8302 3.09344
89.9302 3.2479
90.0302 3.29694
90.1302 3.22071
90.2302 3.07893
90.3302 2.90858
90.4302 2.70398
90.5302 2.45577
90.6302 2.29898
90.7302 2.19835
90.8302 2.06293
90.9302 1.94645
91.0302 1.89525
91.1302 1.94486
91.2302 2.00958
91.3302 2.04517
91.4302 2.01372
91.5302 1.91482
91.6302 1.79381
91.7302 1.58605
91.8302 1.15996
91.9302 0.550572
92.0302 -0.233051
92.1302 -0.945578
92.2302 -1.49683
92.3302 -1.83213
92.4302 -2.05776
92.5302 -2.11774
92.6302 -2.02685
92.7302 -1.75066
92.8302 -1.50368
92.9302 -1.32367
93.0302 -1.26565
93.1302 -1.26246
93.2302 -1.26421
93.3302 -1.213
93.4302 -1.15616
93.5302 -1.1068
93.6302 -1.16199
93.7302 -1.26594
93.8302 -1.32627
93.9302 -1.41605
94.0302 -1.43815
94.1302 -1.46089
94.2302 -1.40539
94.3302 -1.30284
94.4302 -1.1754
94.5302 -1.02075
94.6302 -0.809297
94.7302 -0.551606
94.8302 -0.235328
94.9302 0.0904436
95.0302 0.475596
95.1302 0.868126
95.2302 1.2118
95.3302 1.45982
95.4302 1.60329
95.5302 1.69729
95.6302 1.82006
95.7302 1.96294
95.8302 2.13292
95.9302 2.26224
96.0302 2.33667
96.1302 2.34407
96.2302 2.26447
96.3302 2.15418
96.4302 1.98397
96.5302 1.7604
96.6302 1.5173
96.7302 1.36063
96.8302 1.22738
96.9302 1.03649
97.0302 0.850378
97.1302 0.658425
97.2302 0.532166
97.3302 0.384958
97.4302 0.196894
97.5302 -0.0780524
97.6302 -0.355412
