-4.6342 0.38433
-4.5342 0.61934
-4.4342 0.810394
-4.3342 0.92644
-4.2342 1.0414
-4.1342 1.11121
-4.0342 1.14492
-3.9342 1.08055
-3.8342 0.970896
-3.7342 0.80192
-3.6342 0.601904
-3.5342 0.391723
-3.4342 0.130379
-3.3342 -0.130432
-3.2342 -0.357484
-3.1342 -0.488604
-3.0342 -0.522922
-2.9342 -0.49914
-2.8342 -0.443933
-2.7342 -0.296477
-2.6342 -0.0929008
-2.5342 0.119914
-2.4342 0.25086
-2.3342 0.34466
-2.2342 0.416472
-2.1342 0.427851
-2.0342 0.480839
-1.9342 0.504905
-1.8342 0.475724
-1.7342 0.425228
-1.6342 0.368234
-1.5342 0.287448
-1.4342 0.247869
-1.3342 0.223083
-1.2342 0.163166
-1.1342 0.12118
-1.0342 0.151886
-0.934202 0.218773
-0.834202 0.301818
-0.734202 0.327978
-0.634202 0.288367
-0.534202 0.202748
-0.434202 0.132398
-0.334202 0.0535687
-0.234202 0.0435287
-0.134202 0.0676114
-0.0342018 0.133961
0.0657982 0.161116
0.165798 0.264556
0.265798 0.324115
0.365798 0.399162
0.465798 0.456397
0.565798 0.547361
0.665798 0.627614
0.765798 0.652125
0.865798 0.654548
0.965798 0.620305
1.0658 0.517154
1.1658 0.382634
1.2658 0.223242
1.3658 0.0704766
1.4658 -0.004936
1.5658 0.00239855
1.6658 0.0510741
1.7658 0.102203
1.8658 0.14592
1.9658 0.18002
2.0658 0.247879
2.1658 0.315804
2.2658 0.326964
2.3658 0.240805
2.4658 0.047071
2.5658 -0.173214
2.6658 -0.301896
2.7658 -0.262029
2.8658 -0.128685
2.9658 -0.0229983
3.0658 0.06848
3.1658 0.144604
3.2658 0.270116
3.3658 0.418495
3.4658 0.476678
3.5658 0.446736
3.6658 0.385693
3.7658 0.357828
3.8658 0.350827
3.9658 0.371218
4.0658 0.398223
4.1658 0.444569
4.2658 0.488606
4.3658 0.526113
4.4658 0.497802
4.5658 0.397553
4.6658 0.314256
4.7658 0.269994
4.8658 0.234368
4.9658 0.20802
5.0658 0.202587
5.1658 0.207537
5.2658 0.23631
5.3658 0.263799
5.4658 0.260499
5.5658 0.250192
5.6658 0.288749
5.7658 0.372865
5.8658 0.420611
5.9658 0.417121
6.0658 0.4488
6.1658 0.513478
6.2658 0.539321
6.3658 0.480942
6.4658 0.407471
6.5658 0.330477
6.6658 0.187008
6.7658 -0.00959269
6.8658 -0.202457
6.9658 -0.331963
7.0658 -0.385112
7.1658 -0.409616
7.2658 -0.415337
7.3658 -0.384636
7.4658 -0.30136
7.5658 -0.129455
7.6658 0.101119
7.7658 0.324178
7.8658 0.484398
7.9658 0.56278
8.0658 0.605752
8.1658 0.598555
8.2658 0.573119
8.3658 0.581981
8.4658 0.607208
8.5658 0.621123
8.6658 0.635661
8.7658 0.645623
8.8658 0.624628
8.9658 0.589429
9.0658 0.525711
9.1658 0.429923
9.2658 0.314797
9.3658 0.211816
9.4658 0.101346
9.5658 -0.0175074
9.6658 -0.0876427
9.7658 -0.0634559
9.8658 0.0377561
9.9658 0.136945
10.0658 0.175147
10.1658 0.174034
10.2658 0.178442
10.3658 0.197654
10.4658 0.252792
10.5658 0.271669
10.6658 0.229046
10.7658 0.233845
10.8658 0.305208
10.9658 0.414584
11.0658 0.535056
11.1658 0.65161
11.2658 0.703778
11.3658 0.697705
11.4658 0.664468
11.5658 0.635055
11.6658 0.549989
11.7658 0.340028
11.8658 0.0981144
11.9658 -0.126739
12.0658 -0.358146
12.1658 -0.597453
12.2658 -0.837767
12.3658 -1.00379
12.4658 -1.07091
12.5658 -1.00048
12.6658 -0.789804
12.7658 -0.49965
12.8658 -0.152995
12.9658 0.188803
13.0658 0.557515
13.1658 0.923942
13.2658 1.24889
13.3658 1.45042
13.4658 1.51904
13.5658 1.52213
13.6658 1.48406
13.7658 1.43378
13.8658 1.372
13.9658 1.29984
14.0658 1.22773
14.1658 1.09459
14.2658 0.901659
14.3658 0.625225
14.4658 0.269496
14.5658 -0.116236
14.6658 -0.460991
14.7658 -0.748387
14.8658 -0.961501
14.9658 -1.09771
15.0658 -1.1929
15.1658 -1.1972
15.2658 -1.07624
15.3658 -0.857808
15.4658 -0.600594
15.5658 -0.298123
15.6658 0.020274
15.7658 0.354001
15.8658 0.687958
15.9658 0.960539
16.0658 1.09217
16.1658 1.11108
16.2658 1.04371
16.3658 0.88005
16.4658 0.700611
16.5658 0.549716
16.6658 0.412948
16.7658 0.31103
16.8658 0.264145
16.9658 0.33831
17.0658 0.476532
17.1658 0.651459
17.2658 0.87519
17.3658 1.05516
17.4658 1.01214
17.5658 0.597452
17.6658 -0.317879
17.7658 -1.79539
17.8658 -3.74039
17.9658 -5.78791
18.0658 -7.20313
18.1658 -7.18476
18.2658 -5.41566
18.3658 -1.86437
18.4658 3.83636
18.5658 11.6995
18.6658 20.3499
18.7658 27.1803
18.8658 29.7446
18.9658 26.7655
19.0658 16.0952
19.1658 -4.81806
19.2658 -33.936
19.3658 -63.1491
19.4658 -82.075
19.5658 -85.7652
19.6658 -76.2806
19.7658 -55.3394
19.8658 -23.6073
19.9658 15.0238
20.0658 53.1874
20.1658 83.1238
20.2658 100.419
20.3658 104.193
20.4658 91.9524
20.5658 62.4689
20.6658 23.566
20.7658 -12.7302
20.8658 -39.1878
20.9658 -56.4072
21.0658 -66.7334
21.1658 -71.4099
21.2658 -71.0935
21.3658 -67.0031
21.4658 -60.0422
21.5658 -50.5774
21.6658 -38.6782
21.7658 -24.3761
21.8658 -8.39357
21.9658 7.66294
22.0658 22.3006
22.1658 34.7805
22.2658 44.7343
22.3658 51.7092
22.4658 55.461
22.5658 56.1031
22.6658 53.8542
22.7658 48.8659
22.8658 41.3029
22.9658 31.3045
23.0658 19.331
23.1658 6.8035
23.2658 -4.69411
23.3658 -14.3528
23.4658 -22.2291
23.5658 -28.7976
23.6658 -34.6212
23.7658 -40.0776
23.8658 -45.0765
23.9658 -48.835
24.0658 -50.1484
24.1658 -48.1962
24.2658 -42.7418
24.3658 -34.2335
24.4658 -24.1241
24.5658 -14.1675
24.6658 -5.40789
24.7658 2.05236
24.8658 8.58779
24.9658 14.4897
25.0658 19.9336
25.1658 24.9496
25.2658 29.3681
25.3658 32.8119
25.4658 34.8997
25.5658 35.4436
25.6658 34.5796
25.7658 32.6149
25.8658 29.7835
25.9658 26.0859
26.0658 21.4994
26.1658 16.0131
26.2658 9.74713
26.3658 3.04305
26.4658 -3.6361
26.5658 -9.66568
26.6658 -14.6281
26.7658 -18.4737
26.8658 -21.3339
26.9658 -23.5052
27.0658 -25.2287
27.1658 -26.5777
27.2658 -27.4212
27.3658 -27.5658
27.4658 -26.8676
27.5658 -25.2455
27.6658 -22.8479
27.7658 -19.8664
27.8658 -16.4783
27.9658 -12.7715
28.0658 -8.77499
28.1658 -4.57183
28.2658 -0.47398
28.3658 3.27055
28.4658 6.54085
28.5658 9.35837
28.6658 11.8538
28.7658 14.1515
28.8658 16.2962
28.9658 18.2838
29.0658 20.0169
29.1658 21.2744
29.2658 21.8483
29.3658 21.6184
29.4658 20.6049
29.5658 18.9376
29.6658 16.8601
29.7658 14.5512
29.8658 12.0789
29.9658 9.40814
30.0658 6.50788
30.1658 3.39946
30.2658 0.178607
30.3658 -2.99521
30.4658 -5.98059
30.5658 -8.63077
30.6658 -10.8355
30.7658 -12.6227
30.8658 -14.1286
30.9658 -15.4333
31.0658 -16.5334
31.1658 -17.5567
31.2658 -18.4972
31.3658 -19.1954
31.4658 -19.4413
31.5658 -18.9666
31.6658 -17.651
31.7658 -15.4947
31.8658 -12.5034
31.9658 -8.84354
32.0658 -4.88923
32.1658 -1.0278
32.2658 2.38737
32.3658 5.05477
32.4658 6.83111
32.5658 7.71063
32.6658 7.9025
32.7658 7.72042
32.8658 7.4974
32.9658 7.5598
33.0658 7.98346
33.1658 8.64237
33.2658 9.37986
33.3658 10.1113
33.4658 10.8006
33.5658 11.3968
33.6658 11.907
33.7658 12.322
33.8658 12.5662
33.9658 12.6125
34.0658 12.429
34.1658 11.9233
34.2658 10.9703
34.3658 9.50836
34.4658 7.53955
34.5658 5.14301
34.6658 2.46579
34.7658 -0.366605
34.8658 -3.33193
34.9658 -6.34102
35.0658 -9.34449
35.1658 -12.1724
35.2658 -14.6451
35.3658 -16.607
35.4658 -17.8971
35.5658 -18.4031
35.6658 -18.1365
35.7658 -17.2712
35.8658 -15.9609
35.9658 -14.2843
36.0658 -12.3917
36.1658 -10.3919
36.2658 -8.34696
36.3658 -6.34738
36.4658 -4.43714
36.5658 -2.68046
36.6658 -1.10438
36.7658 0.313534
36.8658 1.64303
36.9658 3.02745
37.0658 4.58462
37.1658 6.3181
37.2658 8.14158
37.3658 9.90293
37.4658 11.3902
37.5658 12.4943
37.6658 13.1341
37.7658 13.2956
37.8658 12.9353
37.9658 12.0815
38.0658 10.933
38.1658 9.72184
38.2658 8.55237
38.3658 7.45941
38.4658 6.3934
38.5658 5.32937
38.6658 4.23515
38.7658 3.06842
38.8658 1.81512
38.9658 0.53505
39.0658 -0.691025
39.1658 -1.78808
39.2658 -2.72994
39.3658 -3.47257
39.4658 -4.00489
39.5658 -4.37859
39.6658 -4.68062
39.7658 -4.95586
39.8658 -5.25626
39.9658 -5.61318
40.0658 -6.0405
40.1658 -6.53764
40.2658 -7.09817
40.3658 -7.63514
40.4658 -8.08367
40.5658 -8.29633
40.6658 -8.13454
40.7658 -7.62166
40.8658 -6.82337
40.9658 -5.87188
41.0658 -4.90092
41.1658 -4.05765
41.2658 -3.31057
41.3658 -2.57383
41.4658 -1.78529
41.5658 -0.946798
41.6658 -0.0529418
41.7658 0.936087
41.8658 2.01386
41.9658 3.11629
42.0658 4.15388
42.1658 5.0032
42.2658 5.64459
42.3658 6.10371
42.4658 6.40898
42.5658 6.65344
42.6658 6.93215
42.7658 7.29066
42.8658 7.63629
42.9658 7.9532
43.0658 8.20883
43.1658 8.30144
43.2658 8.1216
43.3658 7.65062
43.4658 6.94631
43.5658 6.06089
43.6658 5.06044
43.7658 4.03369
43.8658 2.94699
43.9658 1.82306
44.0658 0.68929
44.1658 -0.450788
44.2658 -1.63666
44.3658 -2.79826
44.4658 -3.82591
44.5658 -4.67388
44.6658 -5.3454
44.7658 -5.93521
44.8658 -6.52183
44.9658 -7.10618
45.0658 -7.592
45.1658 -7.88774
45.2658 -7.90932
45.3658 -7.70943
45.4658 -7.32175
45.5658 -6.7995
45.6658 -6.20062
45.7658 -5.52077
45.8658 -4.75704
45.9658 -3.91528
46.0658 -3.09491
46.1658 -2.30769
46.2658 -1.55898
46.3658 -0.829703
46.4658 -0.169061
46.5658 0.490906
46.6658 1.15871
46.7658 1.84328
46.8658 2.57656
46.9658 3.28989
47.0658 3.94951
47.1658 4.5223
47.2658 4.97213
47.3658 5.28971
47.4658 5.50463
47.5658 5.64496
47.6658 5.7226
47.7658 5.73653
47.8658 5.67338
47.9658 5.49604
48.0658 5.23798
48.1658 4.90374
48.2658 4.5202
48.3658 4.12809
48.4658 3.73292
48.5658 3.29229
48.6658 2.86153
48.7658 2.47589
48.8658 2.08831
48.9658 1.69026
49.0658 1.31174
49.1658 0.947421
49.2658 0.593931
49.3658 0.299305
49.4658 0.0736761
49.5658 -0.218868
49.6658 -0.636443
49.7658 -1.15763
49.8658 -1.77249
49.9658 -2.44938
50.0658 -3.12051
50.1658 -3.72729
50.2658 -4.21207
50.3658 -4.60928
50.4658 -4.87447
50.5658 -5.07513
50.6658 -5.26365
50.7658 -5.40298
50.8658 -5.4609
50.9658 -5.40286
51.0658 -5.25455
51.1658 -5.0128
51.2658 -4.65692
51.3658 -4.1603
51.4658 -3.51036
51.5658 -2.7517
51.6658 -1.93994
51.7658 -1.10471
51.8658 -0.283343
51.9658 0.494838
52.0658 1.14824
52.1658 1.70561
52.2658 2.28111
52.3658 2.87548
52.4658 3.48836
52.5658 4.06725
52.6658 4.52698
52.7658 4.79424
52.8658 4.82894
52.9658 4.63574
53.0658 4.32859
53.1658 4.02119
53.2658 3.89332
53.3658 4.1405
53.4658 4.82066
53.5658 5.79051
53.6658 6.81505
53.7658 7.62181
53.8658 7.86026
53.9658 7.17813
54.0658 5.52686
54.1658 3.00743
54.2658 -0.0349615
54.3658 -3.05297
54.4658 -5.38268
54.5658 -6.57168
54.6658 -6.469
54.7658 -5.11191
54.8658 -2.88467
54.9658 -0.41915
55.0658 1.65823
55.1658 3.02117
55.2658 3.55092
55.3658 3.22086
55.4658 2.20995
55.5658 0.839477
55.6658 -0.646626
55.7658 -2.09234
55.8658 -3.47787
55.9658 -4.73432
56.0658 -5.79319
56.1658 -6.58524
56.2658 -7.08997
56.3658 -7.34736
56.4658 -7.31359
56.5658 -6.93319
56.6658 -6.23694
56.7658 -5.29114
56.8658 -4.2047
56.9658 -3.12406
57.0658 -2.06866
57.1658 -0.982262
57.2658 0.0822669
57.3658 1.01834
57.4658 1.81082
57.5658 2.42751
57.6658 2.8727
57.7658 3.18907
57.8658 3.42563
57.9658 3.68507
58.0658 4.0407
58.1658 4.45425
58.2658 4.87954
58.3658 5.24594
58.4658 5.47193
58.5658 5.50734
58.6658 5.34045
58.7658 5.02462
58.8658 4.68105
58.9658 4.34937
59.0658 4.03763
59.1658 3.72099
59.2658 3.30799
59.3658 2.72839
59.4658 1.98779
59.5658 1.1741
59.6658 0.440901
59.7658 -0.0837193
59.8658 -0.458882
59.9658 -0.726753
60.0658 -0.875672
60.1658 -0.883794
60.2658 -0.786928
60.3658 -0.630011
60.4658 -0.49289
60.5658 -0.498037
60.6658 -0.732493
60.7658 -1.15556
60.8658 -1.6196
60.9658 -2.05719
61.0658 -2.46767
61.1658 -2.79056
61.2658 -2.96585
61.3658 -3.02786
61.4658 -3.0365
61.5658 -3.04287
61.6658 -3.04519
61.7658 -2.99142
61.8658 -2.90531
61.9658 -2.7807
62.0658 -2.62951
62.1658 -2.38496
62.2658 -2.06818
62.3658 -1.74938
62.4658 -1.44323
62.5658 -1.1366
62.6658 -0.87389
62.7658 -0.59116
62.8658 -0.270365
62.9658 0.0618348
63.0658 0.33968
63.1658 0.580526
63.2658 0.824782
63.3658 1.11454
63.4658 1.37123
63.5658 1.59266
63.6658 1.82069
63.7658 2.09342
63.8658 2.42268
63.9658 2.79591
64.0658 3.19159
64.1658 3.59121
64.2658 4.01659
64.3658 4.49069
64.4658 4.94108
64.5658 5.25351
64.6658 5.32269
64.7658 5.14101
64.8658 4.71903
64.9658 4.10885
65.0658 3.41746
65.1658 2.74946
65.2658 2.1334
65.3658 1.56098
65.4658 0.999004
65.5658 0.450081
65.6658 -0.0689339
65.7658 -0.493872
65.8658 -0.824275
65.9658 -1.12545
66.0658 -1.5096
66.1658 -1.9953
66.2658 -2.49832
66.3658 -2.91861
66.4658 -3.27138
66.5658 -3.63946
66.6658 -3.99472
66.7658 -4.25932
66.8658 -4.3705
66.9658 -4.34837
67.0658 -4.1724
67.1658 -3.88305
67.2658 -3.47052
67.3658 -2.91185
67.4658 -2.35563
67.5658 -1.82322
67.6658 -1.2944
67.7658 -0.808727
67.8658 -0.441427
67.9658 -0.228012
68.0658 -0.10345
68.1658 -0.0208387
68.2658 0.0773688
68.3658 0.269883
68.4658 0.56733
68.5658 0.919487
68.6658 1.31929
68.7658 1.75493
68.8658 2.12338
68.9658 2.39458
69.0658 2.56903
69.1658 2.74638
69.2658 2.91528
69.3658 3.06622
69.4658 3.19269
69.5658 3.31836
69.6658 3.45617
69.7658 3.59599
69.8658 3.64856
69.9658 3.54881
70.0658 3.30711
70.1658 2.86994
70.2658 2.34599
70.3658 1.88121
70.4658 1.49849
70.5658 1.13559
70.6658 0.785161
70.7658 0.528141
70.8658 0.311635
70.9658 0.12241
71.0658 -0.0233903
71.1658 -0.183867
71.2658 -0.422603
71.3658 -0.79846
71.4658 -1.19466
71.5658 -1.57711
71.6658 -1.92412
71.7658 -2.14198
71.8658 -2.2996
71.9658 -2.38753
72.0658 -2.34887
72.1658 -2.23452
72.2658 -2.05338
72.3658 -1.90557
72.4658 -1.74793
72.5658 -1.54621
72.6658 -1.33682
72.7658 -1.04907
72.8658 -0.785485
72.9658 -0.524479
73.0658 -0.355549
73.1658 -0.242922
73.2658 -0.191833
73.3658 -0.208849
73.4658 -0.318112
73.5658 -0.436143
73.6658 -0.459991
73.7658 -0.362119
73.8658 -0.242387
73.9658 -0.102095
74.0658 0.0787247
74.1658 0.301515
74.2658 0.557788
74.3658 0.782565
74.4658 0.997156
74.5658 1.17493
74.6658 1.34453
74.7658 1.49846
74.8658 1.67265
74.9658 1.84622
75.0658 1.98514
75.1658 2.02801
75.2658 2.01551
75.3658 1.93539
75.4658 1.85803
75.5658 1.73954
75.6658 1.60223
75.7658 1.44372
75.8658 1.34476
75.9658 1.21745
76.0658 1.12408
76.1658 1.12327
76.2658 1.13568
76.3658 1.08499
76.4658 1.05985
76.5658 0.994463
76.6658 0.863448
76.7658 0.597621
76.8658 0.216187
76.9658 -0.254753
77.0658 -0.662845
77.1658 -1.01106
77.2658 -1.30407
77.3658 -1.48938
77.4658 -1.51885
77.5658 -1.50087
77.6658 -1.45372
77.7658 -1.35355
77.8658 -1.21042
77.9658 -1.0298
78.0658 -0.800696
78.1658 -0.630698
78.2658 -0.516803
78.3658 -0.432875
78.4658 -0.352494
78.5658 -0.198117
78.6658 -0.0834995
78.7658 -0.12401
78.8658 -0.246298
78.9658 -0.427648
79.0658 -0.559393
79.1658 -0.566133
79.2658 -0.466697
79.3658 -0.352628
79.4658 -0.2688
79.5658 -0.133437
79.6658 0.163125
79.7658 0.471189
79.8658 0.730211
79.9658 0.903462
80.0658 0.964338
80.1658 1.00997
80.2658 1.07073
80.3658 1.10394
80.4658 1.0602
80.5658 0.970763
80.6658 0.87847
80.7658 0.795312
80.8658 0.737812
80.9658 0.76087
81.0658 0.799395
81.1658 0.862682
81.2658 0.933974
81.3658 0.960164
81.4658 0.940151
81.5658 0.924309
81.6658 0.89679
81.7658 0.800538
81.8658 0.736269
81.9658 0.641956
82.0658 0.534208
82.1658 0.402994
82.2658 0.287142
82.3658 0.132419
82.4658 -0.0429111
82.5658 -0.194145
82.6658 -0.309936
82.7658 -0.39412
82.8658 -0.483644
82.9658 -0.53565
83.0658 -0.512555
83.1658 -0.561289
83.2658 -0.554458
83.3658 -0.526298
83.4658 -0.463868
83.5658 -0.40547
83.6658 -0.366767
83.7658 -0.346497
83.8658 -0.328691
83.9658 -0.28241
84.0658 -0.219756
84.1658 -0.135086
84.2658 -0.0830778
84.3658 -0.0396272
84.4658 0.00586144
84.5658 0.0561616
84.6658 0.0974171
84.7658 0.089665
84.8658 0.0429792
84.9658 0.00778231
85.0658 -0.0394441
85.1658 0.0128954
85.2658 0.0839862
85.3658 0.139576
85.4658 0.148487
85.5658 0.1521
85.6658 0.162778
85.7658 0.228454
85.8658 0.248171
85.9658 0.233019
86.0658 0.193485
86.1658 0.162981
86.2658 0.17069
86.3658 0.248113
86.4658 0.365307
86.5658 0.484352
86.6658 0.598809
86.7658 0.626981
86.8658 0.62659
86.9658 0.623833
87.0658 0.597338
87.1658 0.521736
87.2658 0.377528
87.3658 0.230525
87.4658 0.0949302
87.5658 0.01069
87.6658 -0.0199446
87.7658 -0.0650076
87.8658 -0.101807
87.9658 -0.102655
88.0658 -0.0492086
88.1658 0.0231764
88.2658 0.119941
88.3658 0.217535
88.4658 0.290875
88.5658 0.336322
88.6658 0.347033
88.7658 0.326969
88.8658 0.25334
88.9658 0.0854846
89.0658 -0.0886784
89.1658 -0.212095
89.2658 -0.304811
89.3658 -0.390717
89.4658 -0.441612
89.5658 -0.441624
89.6658 -0.338643
89.7658 -0.215803
89.8658 -0.12294
89.9658 -0.0623645
90.0658 0.0243829
90.1658 0.0958965
90.2658 0.107876
90.3658 0.0862069
90.4658 0.0541569
90.5658 0.0391631
90.6658 0.0326714
90.7658 0.0160602
90.8658 0.00485321
90.9658 0.00685107
91.0658 -0.00805977
91.1658 -0.0239414
91.2658 -0.0718708
91.3658 -0.0500143
91.4658 -0.103295
91.5658 -0.135099
91.6658 -0.155658
91.7658 -0.113818
91.8658 -0.0517838
91.9658 0.0733595
92.0658 0.221916
92.1658 0.347143
92.2658 0.480854
92.3658 0.542057
92.4658 0.56967
92.5658 0.538559
92.6658 0.42324
92.7658 0.328342
92.8658 0.217783
92.9658 0.136414
93.0658 0.105562
93.1658 0.0805785
93.2658 0.068074
93.3658 0.0461674
93.4658 0.0441814
93.5658 0.0781684
93.6658 0.135443
93.7658 0.18473
93.8658 0.267562
93.9658 0.33735
94.0658 0.341384
94.1658 0.273862
94.2658 0.14883
94.3658 0.0594263
94.4658 -0.0153865
94.5658 -0.0476541
94.6658 -0.0999833
94.7658 -0.173152
94.8658 -0.215583
94.9658 -0.206657
95.0658 -0.22109
95.1658 -0.220968
95.2658 -0.210563
95.3658 -0.177301
95.4658 -0.145683
95.5658 -0.0924049
95.6658 0.0022731
95.7658 0.111101
95.8658 0.140372
95.9658 0.116283
96.0658 0.115253
96.1658 0.137781
96.2658 0.140694
96.3658 0.120051
96.4658 0.0966022
96.5658 0.0858805
96.6658 0.0678576
96.7658 0.0693029
96.8658 0.0378183
96.9658 0.0276387
97.0658 -0.00128272
97.1658 -0.030226
97.2658 -0.0457053
97.3658 -0.0519578
97.4658 -0.01495
97.5658 -0.0050049
97.6658 0.0260608
