-6.91984 0.488374
-6.81984 0.430104
-6.71984 0.398108
-6.61984 0.339599
-6.51984 0.276206
-6.41984 0.254321
-6.31984 0.295163
-6.21984 0.414081
-6.11984 0.437841
-6.01984 0.402628
-5.91984 0.375964
-5.81984 0.344021
-5.71984 0.308208
-5.61984 0.264251
-5.51984 0.236292
-5.41984 0.219186
-5.31984 0.21429
-5.21984 0.186045
-5.11984 0.121468
-5.01984 0.0967755
-4.91984 0.0413905
-4.81984 -0.0220141
-4.71984 -0.0699155
-4.61984 -0.127937
-4.51984 -0.166876
-4.41984 -0.254013
-4.31984 -0.256132
-4.21984 -0.297285
-4.11984 -0.313361
-4.01984 -0.268853
-3.91984 -0.203514
-3.81984 -0.187868
-3.71984 -0.198963
-3.61984 -0.147768
-3.51984 -0.0108542
-3.41984 0.163031
-3.31984 0.389275
-3.21984 0.535186
-3.11984 0.630607
-3.01984 0.736913
-2.91984 0.832369
-2.81984 0.85573
-2.71984 0.843766
-2.61984 0.793691
-2.51984 0.659684
-2.41984 0.491335
-2.31984 0.38589
-2.21984 0.363236
-2.11984 0.278029
-2.01984 0.246053
-1.91984 0.160714
-1.81984 0.145489
-1.71984 0.211074
-1.61984 0.302462
-1.51984 0.301011
-1.41984 0.242285
-1.31984 0.167298
-1.21984 0.14437
-1.11984 0.162819
-1.01984 0.158664
-0.919837 0.171048
-0.819837 0.258275
-0.719837 0.372257
-0.619837 0.452366
-0.519837 0.431598
-0.419837 0.311822
-0.319837 0.299578
-0.219837 0.259985
-0.119837 0.174666
-0.0198371 -0.0296172
0.0801629 -0.250123
0.180163 -0.425833
0.280163 -0.572817
0.380163 -0.644874
0.480163 -0.603169
0.580163 -0.460406
0.680163 -0.337158
0.780163 -0.230224
0.880163 -0.119308
0.980163 0.0567622
1.08016 0.205258
1.18016 0.316015
1.28016 0.386794
1.38016 0.413816
1.48016 0.38025
1.58016 0.326276
1.68016 0.231505
1.78016 0.209968
1.88016 0.175825
1.98016 0.186009
2.08016 0.304096
2.18016 0.474549
2.28016 0.582703
2.38016 0.682647
2.48016 0.815176
2.58016 0.940893
2.68016 0.952874
2.78016 0.985108
2.88016 1.01672
2.98016 1.02275
3.08016 0.889269
3.18016 0.622054
3.28016 0.485056
3.38016 0.338312
3.48016 0.221801
3.58016 0.0464936
3.68016 -0.174208
3.78016 -0.369328
3.88016 -0.532376
3.98016 -0.658955
4.08016 -0.700004
4.18016 -0.605579
4.28016 -0.437369
4.38016 -0.209787
4.48016 0.0494512
4.58016 0.324764
4.68016 0.568611
4.78016 0.900702
4.88016 1.09603
4.98016 1.16518
5.08016 1.12797
5.18016 0.947996
5.28016 0.677323
5.38016 0.395088
5.48016 0.0956605
5.58016 -0.157109
5.68016 -0.304599
5.78016 -0.314277
5.88016 -0.240136
5.98016 -0.210127
6.08016 -0.122109
6.18016 0.0148098
6.28016 0.0368152
6.38016 0.0390752
6.48016 -0.0235002
6.58016 -0.0221865
6.68016 -0.0144971
6.78016 -0.0230156
6.88016 0.0134693
6.98016 0.104034
7.08016 0.262043
7.18016 0.457744
7.28016 0.594764
7.38016 0.769541
7.48016 0.859078
7.58016 0.926713
7.68016 1.01424
7.78016 1.16219
7.88016 1.30373
7.98016 1.35047
8.08016 1.23717
8.18016 1.04798
8.28016 0.806438
8.38016 0.610086
8.48016 0.429963
8.58016 0.252272
8.68016 0.0394575
8.78016 -0.108255
8.88016 -0.228831
8.98016 -0.379296
9.08016 -0.524837
9.18016 -0.654228
9.28016 -0.717561
9.38016 -0.706113
9.48016 -0.611957
9.58016 -0.442388
9.68016 -0.217976
9.78016 0.102575
9.88016 0.460724
9.98016 0.733463
10.0802 0.86023
10.1802 0.849554
10.2802 0.803283
10.3802 0.753475
10.4802 0.678569
10.5802 0.515988
10.6802 0.314649
10.7802 0.14468
10.8802 0.0138997
10.9802 -0.0350133
11.0802 -0.0541654
11.1802 -0.0895079
11.2802 -0.111
11.3802 -0.154793
11.4802 -0.184863
11.5802 -0.0739425
11.6802 0.247751
11.7802 0.618271
11.8802 0.886249
11.9802 0.997393
12.0802 0.970751
12.1802 0.886457
12.2802 0.766645
12.3802 0.600195
12.4802 0.428282
12.5802 0.299197
12.6802 0.229235
12.7802 0.250008
12.8802 0.338301
12.9802 0.459966
13.0802 0.577013
13.1802 0.637714
13.2802 0.647801
13.3802 0.67574
13.4802 0.708679
13.5802 0.710182
13.6802 0.6442
13.7802 0.398165
13.8802 0.0588568
13.9802 -0.238263
14.0802 -0.473738
14.1802 -0.661895
14.2802 -0.805225
14.3802 -0.854545
14.4802 -0.755233
14.5802 -0.540827
14.6802 -0.245757
14.7802 0.0447138
14.8802 0.253692
14.9802 0.391992
15.0802 0.542513
15.1802 0.696602
15.2802 0.748487
15.3802 0.738567
15.4802 0.713113
15.5802 0.688856
15.6802 0.654254
15.7802 0.607887
15.8802 0.53455
15.9802 0.461915
16.0802 0.430138
16.1802 0.465375
16.2802 0.540591
16.3802 0.602155
16.4802 0.601804
16.5802 0.515362
16.6802 0.378351
16.7802 0.29153
16.8802 0.274389
16.9802 0.264832
17.0802 0.288944
17.1802 0.329444
17.2802 0.380327
17.3802 0.425174
17.4802 0.515748
17.5802 0.638094
17.6802 0.670488
17.7802 0.529886
17.8802 0.282894
17.9802 0.0936709
18.0802 0.0108944
18.1802 -0.0508951
18.2802 -0.139708
18.3802 -0.231009
18.4802 -0.29406
18.5802 -0.278251
18.6802 -0.138262
18.7802 0.0496979
18.8802 0.223273
18.9802 0.355694
19.0802 0.388475
19.1802 0.30963
19.2802 0.183799
19.3802 0.0488152
19.4802 -0.0599432
19.5802 -0.166501
19.6802 -0.25831
19.7802 -0.237817
19.8802 -0.0662124
19.9802 0.175665
20.0802 0.468025
20.1802 0.786109
20.2802 1.05201
20.3802 1.14558
20.4802 1.11205
20.5802 1.0923
20.6802 1.10257
20.7802 1.06947
20.8802 1.0112
20.9802 0.910808
21.0802 0.760746
21.1802 0.641497
21.2802 0.647402
21.3802 0.593109
21.4802 0.350999
21.5802 -0.061219
21.6802 -0.482234
21.7802 -0.79957
21.8802 -0.966849
21.9802 -1.03583
22.0802 -1.04264
22.1802 -1.0285
22.2802 -0.953762
22.3802 -0.787349
22.4802 -0.466888
22.5802 -0.0383865
22.6802 0.387237
22.7802 0.724028
22.8802 0.94162
22.9802 1.0349
23.0802 1.10283
23.1802 1.18602
23.2802 1.21255
23.3802 1.14579
23.4802 1.02956
23.5802 0.932238
23.6802 0.884803
23.7802 0.827831
23.8802 0.676686
23.9802 0.506768
24.0802 0.38503
24.1802 0.371085
24.2802 0.497008
24.3802 0.64809
24.4802 0.590523
24.5802 0.243783
24.6802 -0.375672
24.7802 -1.34938
24.8802 -2.76405
24.9802 -4.42133
25.0802 -5.82744
25.1802 -6.40088
25.2802 -5.61897
25.3802 -3.21872
25.4802 0.804868
25.5802 6.60491
25.6802 13.9979
25.7802 21.5131
25.8802 26.8024
25.9802 27.6129
26.0802 22.4986
26.1802 9.44092
26.2802 -13.0506
26.3802 -42.5501
26.4802 -71.4684
26.5802 -89.8414
26.6802 -92.4663
26.7802 -80.43
26.8802 -55.8682
26.9802 -20.9168
27.0802 20.7251
27.1802 63.5642
27.2802 99.9785
27.3802 123.791
27.4802 132.16
27.5802 120.942
27.6802 83.8277
27.7802 26.7364
27.8802 -32.1542
27.9802 -76.9698
28.0802 -102.789
28.1802 -112.07
28.2802 -109.433
28.3802 -98.6805
28.4802 -83.5726
28.5802 -66.8677
28.6802 -49.6061
28.7802 -31.7401
28.8802 -13.0596
28.9802 6.532
29.0802 26.8543
29.1802 47.0137
29.2802 65.2029
29.3802 78.9257
29.4802 85.8026
29.5802 84.6963
29.6802 77.0177
29.7802 65.5131
29.8802 52.3612
29.9802 38.3125
30.0802 23.176
30.1802 6.59896
30.2802 -11.3601
30.3802 -29.6417
30.4802 -45.8709
30.5802 -57.3022
30.6802 -62.7644
30.7802 -62.9266
30.8802 -59.5575
30.9802 -54.6819
31.0802 -49.7982
31.1802 -45.0318
31.2802 -39.7261
31.3802 -33.2524
31.4802 -25.1222
31.5802 -15.1816
31.6802 -4.07639
31.7802 6.91836
31.8802 16.7758
31.9802 25.0445
32.0802 31.6551
32.1802 36.7388
32.2802 40.4601
32.3802 42.9486
32.4802 44.1358
32.5802 43.7668
32.6802 41.4591
32.7802 37.0091
32.8802 30.8777
32.9802 24.0213
33.0802 17.3497
33.1802 11.3196
33.2802 5.75061
33.3802 0.228873
33.4802 -5.6445
33.5802 -12.0989
33.6802 -18.8555
33.7802 -25.243
33.8802 -30.4297
33.9802 -33.7671
34.0802 -35.1333
34.1802 -34.8993
34.2802 -33.7437
34.3802 -32.2427
34.4802 -30.5153
34.5802 -28.2877
34.6802 -25.2122
34.7802 -21.2257
34.8802 -16.5183
34.9802 -11.4924
35.0802 -6.55384
35.1802 -1.89489
35.2802 2.5358
35.3802 6.82157
35.4802 10.9804
35.5802 15.0174
35.6802 18.9269
35.7802 22.5012
35.8802 25.3806
35.9802 27.3803
36.0802 28.3678
36.1802 28.3135
36.2802 27.3372
36.3802 25.6671
36.4802 23.4462
36.5802 20.7134
36.6802 17.4844
36.7802 13.8049
36.8802 9.86394
36.9802 5.85657
37.0802 1.84774
37.1802 -2.07808
37.2802 -5.83766
37.3802 -9.40061
37.4802 -12.789
37.5802 -15.9171
37.6802 -18.6278
37.7802 -20.7108
37.8802 -21.8664
37.9802 -21.9941
38.0802 -21.3722
38.1802 -20.5317
38.2802 -19.8005
38.3802 -19.2866
38.4802 -18.7996
38.5802 -17.967
38.6802 -16.4742
38.7802 -14.1696
38.8802 -11.0748
38.9802 -7.32454
39.0802 -3.14895
39.1802 1.19825
39.2802 5.37343
39.3802 8.92489
39.4802 11.547
39.5802 13.1257
39.6802 13.6969
39.7802 13.5336
39.8802 12.9652
39.9802 12.2055
40.0802 11.5074
40.1802 11.1303
40.2802 11.1174
40.3802 11.43
40.4802 11.9303
40.5802 12.5004
40.6802 12.9765
40.7802 13.2056
40.8802 13.1306
40.9802 12.8203
41.0802 12.2649
41.1802 11.3529
41.2802 10.0404
41.3802 8.21029
41.4802 5.73841
41.5802 2.57883
41.6802 -1.15804
41.7802 -5.18454
41.8802 -9.19347
41.9802 -12.9646
42.0802 -16.2684
42.1802 -18.8232
42.2802 -20.5358
42.3802 -21.5271
42.4802 -21.8682
42.5802 -21.4727
42.6802 -20.3685
42.7802 -18.6555
42.8802 -16.4501
42.9802 -13.9666
43.0802 -11.3831
43.1802 -8.82341
43.2802 -6.39944
43.3802 -4.06145
43.4802 -1.75511
43.5802 0.423282
43.6802 2.41447
43.7802 4.22412
43.8802 5.85963
43.9802 7.30456
44.0802 8.5492
44.1802 9.63768
44.2802 10.6342
44.3802 11.6471
44.4802 12.6756
44.5802 13.6989
44.6802 14.526
44.7802 14.9244
44.8802 14.7753
44.9802 14.0133
45.0802 12.6976
45.1802 11.0452
45.2802 9.23828
45.3802 7.47895
45.4802 5.86864
45.5802 4.43394
45.6802 3.04193
45.7802 1.63087
45.8802 0.195026
45.9802 -1.26662
46.0802 -2.70891
46.1802 -4.03349
46.2802 -5.13399
46.3802 -5.98536
46.4802 -6.55951
46.5802 -6.78797
46.6802 -6.66048
46.7802 -6.27173
46.8802 -5.85427
46.9802 -5.59285
47.0802 -5.62749
47.1802 -6.01192
47.2802 -6.69671
47.3802 -7.5783
47.4802 -8.47307
47.5802 -9.14495
47.6802 -9.45468
47.7802 -9.26283
47.8802 -8.53655
47.9802 -7.50927
48.0802 -6.38881
48.1802 -5.24947
48.2802 -4.15194
48.3802 -3.10016
48.4802 -2.07477
48.5802 -1.10849
48.6802 -0.156288
48.7802 0.826807
48.8802 1.96032
48.9802 3.32402
49.0802 4.91021
49.1802 6.55339
49.2802 8.00366
49.3802 9.12649
49.4802 9.93219
49.5802 10.4145
49.6802 10.5575
49.7802 10.4407
49.8802 10.2426
49.9802 9.98373
50.0802 9.67385
50.1802 9.26773
50.2802 8.67411
50.3802 7.8908
50.4802 6.98822
50.5802 6.06177
50.6802 5.11774
50.7802 4.18709
50.8802 3.28132
50.9802 2.3339
51.0802 1.3266
51.1802 0.131959
51.2802 -1.31837
51.3802 -2.94341
51.4802 -4.69334
51.5802 -6.34173
51.6802 -7.69279
51.7802 -8.67932
51.8802 -9.31027
51.9802 -9.67611
52.0802 -9.80048
52.1802 -9.71568
52.2802 -9.49662
52.3802 -9.11368
52.4802 -8.51278
52.5802 -7.72262
52.6802 -6.83567
52.7802 -5.98559
52.8802 -5.22204
52.9802 -4.51274
53.0802 -3.85416
53.1802 -3.13974
53.2802 -2.33151
53.3802 -1.47137
53.4802 -0.611969
53.5802 0.265856
53.6802 1.16773
53.7802 2.05138
53.8802 2.86859
53.9802 3.61332
54.0802 4.36499
54.1802 5.20761
54.2802 5.96774
54.3802 6.47779
54.4802 6.75563
54.5802 6.89716
54.6802 6.93375
54.7802 6.89162
54.8802 6.76889
54.9802 6.54249
55.0802 6.22872
55.1802 5.87907
55.2802 5.51438
55.3802 5.08763
55.4802 4.63045
55.5802 4.21415
55.6802 3.83022
55.7802 3.47443
55.8802 3.18725
55.9802 2.94894
56.0802 2.68508
56.1802 2.358
56.2802 1.96376
56.3802 1.44579
56.4802 0.808297
56.5802 0.0952981
56.6802 -0.678816
56.7802 -1.50532
56.8802 -2.42217
56.9802 -3.38313
57.0802 -4.26791
57.1802 -5.00242
57.2802 -5.56565
57.3802 -6.02762
57.4802 -6.45563
57.5802 -6.84793
57.6802 -7.14785
57.7802 -7.32635
57.8802 -7.34853
57.9802 -7.18215
58.0802 -6.92132
58.1802 -6.60439
58.2802 -6.12544
58.3802 -5.42686
58.4802 -4.62219
58.5802 -3.79117
58.6802 -2.92755
58.7802 -1.98725
58.8802 -0.971814
58.9802 0.105704
59.0802 1.16388
59.1802 2.16636
59.2802 3.10684
59.3802 3.92567
59.4802 4.57905
59.5802 5.1012
59.6802 5.47709
59.7802 5.66829
59.8802 5.68475
59.9802 5.55658
60.0802 5.34005
60.1802 5.09889
60.2802 4.97396
60.3802 5.0481
60.4802 5.40179
60.5802 6.07387
60.6802 7.05078
60.7802 8.10176
60.8802 8.86709
60.9802 8.97255
61.0802 8.12189
61.1802 6.14948
61.2802 3.1976
61.3802 -0.263353
61.4802 -3.62541
61.5802 -6.17181
61.6802 -7.54543
61.7802 -7.57576
61.8802 -6.20153
61.9802 -3.69601
62.0802 -0.706426
62.1802 1.99919
62.2802 3.83063
62.3802 4.49459
62.4802 3.97763
62.5802 2.49843
62.6802 0.338456
62.7802 -2.12901
62.8802 -4.49633
62.9802 -6.48723
63.0802 -8.0626
63.1802 -9.23194
63.2802 -9.96333
63.3802 -10.1967
63.4802 -9.91794
63.5802 -9.17029
63.6802 -8.00655
63.7802 -6.44447
63.8802 -4.68991
63.9802 -2.96881
64.0802 -1.42177
64.1802 -0.101041
64.2802 0.996796
64.3802 1.86857
64.4802 2.54332
64.5802 3.13663
64.6802 3.74766
64.7802 4.36057
64.8802 4.84303
64.9802 5.12284
65.0802 5.23912
65.1802 5.19346
65.2802 5.02677
65.3802 4.90737
65.4802 4.91153
65.5802 5.01187
65.6802 5.11285
65.7802 5.09306
65.8802 4.94277
65.9802 4.75126
66.0802 4.59279
66.1802 4.46139
66.2802 4.29089
66.3802 4.01238
66.4802 3.55278
66.5802 2.86029
66.6802 1.93742
66.7802 0.869006
66.8802 -0.181856
66.9802 -1.10114
67.0802 -1.75717
67.1802 -2.05756
67.2802 -2.01814
67.3802 -1.71492
67.4802 -1.29862
67.5802 -0.956461
67.6802 -0.83819
67.7802 -0.985717
67.8802 -1.40212
67.9802 -1.94642
68.0802 -2.50901
68.1802 -3.0047
68.2802 -3.32765
68.3802 -3.48015
68.4802 -3.52359
68.5802 -3.4889
68.6802 -3.37134
68.7802 -3.09994
68.8802 -2.74332
68.9802 -2.40737
69.0802 -2.11311
69.1802 -1.92194
69.2802 -1.81782
69.3802 -1.78925
69.4802 -1.80846
69.5802 -1.77843
69.6802 -1.68079
69.7802 -1.53573
69.8802 -1.26915
69.9802 -0.913257
70.0802 -0.47877
70.1802 0.0188162
70.2802 0.620581
70.3802 1.27599
70.4802 1.8464
70.5802 2.30467
70.6802 2.66177
70.7802 2.98343
70.8802 3.27647
70.9802 3.55711
71.0802 3.82155
71.1802 4.10631
71.2802 4.35786
71.3802 4.57255
71.4802 4.74942
71.5802 4.89044
71.6802 5.00871
71.7802 5.05833
71.8802 4.9797
71.9802 4.77426
72.0802 4.44415
72.1802 3.94298
72.2802 3.32408
72.3802 2.67624
72.4802 1.96371
72.5802 1.1966
72.6802 0.424839
72.7802 -0.342122
72.8802 -1.12753
72.9802 -1.92425
73.0802 -2.62286
73.1802 -3.18381
73.2802 -3.65651
73.3802 -4.04819
73.4802 -4.33085
73.5802 -4.53499
73.6802 -4.68855
73.7802 -4.72255
73.8802 -4.58237
73.9802 -4.27188
74.0802 -3.83722
74.1802 -3.31869
74.2802 -2.79007
74.3802 -2.29727
74.4802 -1.90143
74.5802 -1.56965
74.6802 -1.30824
74.7802 -1.09604
74.8802 -0.879388
74.9802 -0.621672
75.0802 -0.297475
75.1802 -0.0523528
75.2802 0.173354
75.3802 0.475817
75.4802 0.876741
75.5802 1.32369
75.6802 1.70793
75.7802 1.98372
75.8802 2.22912
75.9802 2.53626
76.0802 2.88015
76.1802 3.20457
76.2802 3.48033
76.3802 3.69568
76.4802 3.81721
76.5802 3.82054
76.6802 3.78751
76.7802 3.74072
76.8802 3.63917
76.9802 3.47941
77.0802 3.19443
77.1802 2.7877
77.2802 2.32617
77.3802 1.82886
77.4802 1.35046
77.5802 0.969697
77.6802 0.624726
77.7802 0.390355
77.8802 0.210701
77.9802 0.0694257
78.0802 -0.0878992
78.1802 -0.20616
78.2802 -0.323552
78.3802 -0.569484
78.4802 -0.923759
78.5802 -1.34014
78.6802 -1.81186
78.7802 -2.20104
78.8802 -2.47695
78.9802 -2.7176
79.0802 -2.84802
79.1802 -2.82716
79.2802 -2.69252
79.3802 -2.51724
79.4802 -2.20435
79.5802 -1.83121
79.6802 -1.38596
79.7802 -0.904439
79.8802 -0.511937
79.9802 -0.20213
80.0802 0.00769899
80.1802 0.185832
80.2802 0.362779
80.3802 0.434807
80.4802 0.454404
80.5802 0.36179
80.6802 0.176921
80.7802 0.0973987
80.8802 0.0406253
80.9802 0.0162284
81.0802 0.0060869
81.1802 0.0730811
81.2802 0.293275
81.3802 0.628367
81.4802 1.03914
81.5802 1.45741
81.6802 1.77819
81.7802 2.05232
81.8802 2.25115
81.9802 2.30922
82.0802 2.22111
82.1802 2.15185
82.2802 2.05155
82.3802 1.84718
82.4802 1.60688
82.5802 1.38594
82.6802 1.18111
82.7802 0.95272
82.8802 0.682641
82.9802 0.495114
83.0802 0.400791
83.1802 0.346073
83.2802 0.327883
83.3802 0.326825
83.4802 0.313203
83.5802 0.311875
83.6802 0.287551
83.7802 0.184766
83.8802 0.0477915
83.9802 -0.188006
84.0802 -0.482131
84.1802 -0.721703
84.2802 -0.875459
84.3802 -1.07066
84.4802 -1.23537
84.5802 -1.38927
84.6802 -1.44288
84.7802 -1.41037
84.8802 -1.26067
84.9802 -1.11742
85.0802 -0.904121
85.1802 -0.668831
85.2802 -0.305731
85.3802 0.0171032
85.4802 0.242559
85.5802 0.345872
85.6802 0.456644
85.7802 0.53621
85.8802 0.590018
85.9802 0.657875
86.0802 0.693972
86.1802 0.622452
86.2802 0.545576
86.3802 0.511924
86.4802 0.520084
86.5802 0.637807
86.6802 0.596726
86.7802 0.482652
86.8802 0.301006
86.9802 0.158861
87.0802 0.0764181
87.1802 0.0420577
87.2802 0.0425776
87.3802 0.0956377
87.4802 0.238465
87.5802 0.403891
87.6802 0.608095
87.7802 0.746016
87.8802 0.778096
87.9802 0.743752
88.0802 0.684561
88.1802 0.564473
88.2802 0.398683
88.3802 0.33894
88.4802 0.310967
88.5802 0.297381
88.6802 0.303893
88.7802 0.307091
88.8802 0.283049
88.9802 0.194677
89.0802 0.0833445
89.1802 0.00470257
89.2802 -0.0503069
89.3802 -0.0893266
89.4802 -0.0717204
89.5802 -0.0101063
89.6802 0.10099
89.7802 0.187309
89.8802 0.277729
89.9802 0.255381
90.0802 0.235314
90.1802 0.177196
90.2802 0.108519
90.3802 -0.0183571
90.4802 -0.0400473
90.5802 0.0124411
90.6802 0.115408
90.7802 0.218075
90.8802 0.243271
90.9802 0.23754
91.0802 0.173596
91.1802 0.0479017
91.2802 -0.0791249
91.3802 -0.156267
91.4802 -0.231745
91.5802 -0.29112
91.6802 -0.317796
91.7802 -0.277033
91.8802 -0.19901
91.9802 -0.0984519
92.0802 -0.0485856
92.1802 0.0410852
92.2802 0.176063
92.3802 0.293009
92.4802 0.376492
92.5802 0.435583
92.6802 0.454978
92.7802 0.406803
92.8802 0.346861
92.9802 0.24452
93.0802 0.160437
93.1802 0.141459
93.2802 0.0873831
93.3802 0.0415887
93.4802 0.0230583
93.5802 -0.0405263
93.6802 -0.111916
93.7802 -0.12724
93.8802 -0.122105
93.9802 -0.117145
94.0802 -0.0215009
94.1802 0.129311
94.2802 0.293074
94.3802 0.401431
94.4802 0.437457
94.5802 0.453512
94.6802 0.453879
94.7802 0.41157
94.8802 0.362962
94.9802 0.364836
95.0802 0.36183
95.1802 0.334514
95.2802 0.296932
95.3802 0.205051
