0.117668 0.151255
0.217668 0.171143
0.317668 0.177156
0.417668 0.196362
0.517668 0.222214
0.617668 0.295013
0.717668 0.31683
0.817668 0.342622
0.917668 0.346979
1.01767 0.338198
1.11767 0.332418
1.21767 0.329281
1.31767 0.280165
1.41767 0.191138
1.51767 0.105033
1.61767 0.110081
1.71767 0.186435
1.81767 0.27577
1.91767 0.295591
2.01767 0.300506
2.11767 0.299865
2.21767 0.337355
2.31767 0.337925
2.41767 0.301725
2.51767 0.262303
2.61767 0.140416
2.71767 -0.00857406
2.81767 -0.123389
2.91767 -0.218187
3.01767 -0.2571
3.11767 -0.261261
3.21767 -0.200668
3.31767 -0.100397
3.41767 0.0239332
3.51767 0.119732
3.61767 0.103666
3.71767 0.0651374
3.81767 0.0341168
3.91767 0.0744493
4.01767 0.102976
4.11767 0.131509
4.21767 0.158029
4.31767 0.208389
4.41767 0.257005
4.51767 0.271695
4.61767 0.225139
4.71767 0.269434
4.81767 0.307081
4.91767 0.289006
5.01767 0.328022
5.11767 0.342485
5.21767 0.328346
5.31767 0.2591
5.41767 0.147528
5.51767 0.0466715
5.61767 -0.0673704
5.71767 -0.07539
5.81767 -0.0529889
5.91767 0.0405297
6.01767 0.20995
6.11767 0.420961
6.21767 0.561828
6.31767 0.67867
6.41767 0.693159
6.51767 0.604372
6.61767 0.448674
6.71767 0.31446
6.81767 0.144132
6.91767 -0.0135673
7.01767 -0.171484
7.11767 -0.22198
7.21767 -0.192281
7.31767 -0.11204
7.41767 -0.0648966
7.51767 0.0157661
7.61767 0.105004
7.71767 0.199385
7.81767 0.268163
7.91767 0.292349
8.01767 0.245754
8.11767 0.153001
8.21767 0.0831932
8.31767 0.0500169
8.41767 -0.0156745
8.51767 -0.0550079
8.61767 -0.0886472
8.71767 -0.0815255
8.81767 -0.0380643
8.91767 0.00182112
9.01767 0.0269394
9.11767 0.0872113
9.21767 0.179485
9.31767 0.233655
9.41767 0.270988
9.51767 0.352975
9.61767 0.465486
9.71767 0.557473
9.81767 0.630667
9.91767 0.690354
10.0177 0.689503
10.1177 0.573305
10.2177 0.377332
10.3177 0.224871
10.4177 0.00107125
10.5177 -0.167086
10.6177 -0.297546
10.7177 -0.298818
10.8177 -0.217424
10.9177 -0.122106
11.0177 0.0267111
11.1177 0.188607
11.2177 0.28282
11.3177 0.32394
11.4177 0.337178
11.5177 0.339269
11.6177 0.344703
11.7177 0.397943
11.8177 0.452267
11.9177 0.428343
12.0177 0.343889
12.1177 0.278221
12.2177 0.199933
12.3177 0.215193
12.4177 0.219527
12.5177 0.248344
12.6177 0.284551
12.7177 0.307226
12.8177 0.283972
12.9177 0.276458
13.0177 0.196153
13.1177 0.0804873
13.2177 -0.042021
13.3177 -0.0826869
13.4177 -0.0999632
13.5177 -0.0706488
13.6177 0.0214337
13.7177 0.174587
13.8177 0.336154
13.9177 0.469316
14.0177 0.554732
14.1177 0.555047
14.2177 0.438605
14.3177 0.302667
14.4177 0.248351
14.5177 0.172287
14.6177 0.199859
14.7177 0.158482
14.8177 0.239561
14.9177 0.362454
15.0177 0.51983
15.1177 0.610538
15.2177 0.633371
15.3177 0.578985
15.4177 0.471424
15.5177 0.304443
15.6177 0.107039
15.7177 -0.138734
15.8177 -0.33869
15.9177 -0.435887
16.0177 -0.400049
16.1177 -0.280575
16.2177 -0.0356888
16.3177 0.276126
16.4177 0.585739
16.5177 0.875456
16.6177 1.04697
16.7177 1.14641
16.8177 1.09498
16.9177 0.922499
17.0177 0.765777
17.1177 0.4936
17.2177 0.195597
17.3177 -0.0677453
17.4177 -0.251952
17.5177 -0.424336
17.6177 -0.560891
17.7177 -0.649161
17.8177 -0.687662
17.9177 -0.614861
18.0177 -0.453912
18.1177 -0.303912
18.2177 -0.162313
18.3177 0.0223239
18.4177 0.272448
18.5177 0.557456
18.6177 0.811586
18.7177 0.975182
18.8177 1.04344
18.9177 1.07872
19.0177 1.1606
19.1177 1.21122
19.2177 1.19125
19.3177 1.18253
19.4177 1.16586
19.5177 1.08717
19.6177 0.958884
19.7177 0.825356
19.8177 0.623598
19.9177 0.36475
20.0177 0.0759545
20.1177 -0.265831
20.2177 -0.618903
20.3177 -0.857014
20.4177 -0.94369
20.5177 -0.872851
20.6177 -0.700805
20.7177 -0.472649
20.8177 -0.258362
20.9177 -0.140916
21.0177 -0.0694359
21.1177 -0.0279502
21.2177 -0.0410076
21.3177 -0.0882581
21.4177 -0.0645328
21.5177 0.0931807
21.6177 0.317817
21.7177 0.566427
21.8177 0.808477
21.9177 0.968989
22.0177 1.04562
22.1177 1.0484
22.2177 0.979262
22.3177 0.869136
22.4177 0.700819
22.5177 0.504102
22.6177 0.248792
22.7177 -0.0270942
22.8177 -0.234276
22.9177 -0.349402
23.0177 -0.401107
23.1177 -0.391462
23.2177 -0.30894
23.3177 -0.174915
23.4177 -0.0457971
23.5177 0.0514
23.6177 0.148393
23.7177 0.261271
23.8177 0.370177
23.9177 0.489513
24.0177 0.581222
24.1177 0.647411
24.2177 0.759608
24.3177 0.895379
24.4177 1.06639
24.5177 1.24128
24.6177 1.39312
24.7177 1.50959
24.8177 1.55633
24.9177 1.47339
25.0177 1.26229
25.1177 0.937317
25.2177 0.447446
25.3177 -0.106325
25.4177 -0.583085
25.5177 -0.938819
25.6177 -1.19586
25.7177 -1.36087
25.8177 -1.44465
25.9177 -1.47307
26.0177 -1.43695
26.1177 -1.36782
26.2177 -1.22357
26.3177 -0.96924
26.4177 -0.600856
26.5177 -0.163687
26.6177 0.202672
26.7177 0.454183
26.8177 0.585595
26.9177 0.694552
27.0177 0.791196
27.1177 0.835804
27.2177 0.848712
27.3177 0.865879
27.4177 0.88892
27.5177 0.99293
27.6177 1.23334
27.7177 1.52562
27.8177 1.82449
27.9177 2.08353
28.0177 2.22189
28.1177 2.2185
28.2177 1.93838
28.3177 1.21844
28.4177 -0.0336804
28.5177 -1.79838
28.6177 -3.84294
28.7177 -5.65056
28.8177 -6.52741
28.9177 -5.945
29.0177 -3.73028
29.1177 0.122977
29.2177 5.71369
29.3177 12.7773
29.4177 19.7882
29.5177 24.3492
29.6177 24.4483
29.7177 18.9493
29.8177 6.29595
29.9177 -14.84
30.0177 -41.7687
30.1177 -66.4938
30.2177 -80.5439
30.3177 -80.2888
30.4177 -66.8979
30.5177 -42.4319
30.6177 -9.4811
30.7177 28.3191
30.8177 65.7601
30.9177 96.7021
31.0177 115.178
31.1177 117.682
31.2177 100.425
31.3177 62.694
31.4177 12.8806
31.5177 -34.9849
31.6177 -70.6239
31.7177 -92.5728
31.8177 -102.898
31.9177 -102.304
32.0177 -93.1348
32.1177 -79.2446
32.2177 -62.9996
32.3177 -45.0732
32.4177 -25.6298
32.5177 -4.82309
32.6177 16.8639
32.7177 38.5239
32.8177 58.5982
32.9177 74.4672
33.0177 82.5997
33.1177 81.3226
33.2177 72.7886
33.3177 60.8668
33.4177 48.1641
33.5177 35.5199
33.6177 22.8665
33.7177 9.79392
33.8177 -4.16512
33.9177 -19.1264
34.0177 -34.1927
34.1177 -47.3595
34.2177 -56.513
34.3177 -60.6259
34.4177 -60.1509
34.5177 -56.5438
34.6177 -51.327
34.7177 -45.3032
34.8177 -38.5612
34.9177 -30.8701
35.0177 -22.128
35.1177 -12.3661
35.2177 -1.96324
35.3177 8.31008
35.4177 17.6584
35.5177 25.5442
35.6177 31.6897
35.7177 36.1137
35.8177 38.9514
35.9177 40.3303
36.0177 40.3319
36.1177 38.8595
36.2177 35.7865
36.3177 31.2318
36.4177 25.5073
36.5177 19.1036
36.6177 12.5222
36.7177 6.1941
36.8177 0.251329
36.9177 -5.39341
37.0177 -10.8249
37.1177 -15.9275
37.2177 -20.472
37.3177 -24.0508
37.4177 -26.3177
37.5177 -27.2636
37.6177 -27.197
37.7177 -26.4695
37.8177 -25.397
37.9177 -24.1004
38.0177 -22.5474
38.1177 -20.6693
38.2177 -18.3799
38.3177 -15.6361
38.4177 -12.4903
38.5177 -9.03057
38.6177 -5.40959
38.7177 -1.6953
38.8177 2.1748
38.9177 6.26513
39.0177 10.4446
39.1177 14.4368
39.2177 17.9361
39.3177 20.6978
39.4177 22.5551
39.5177 23.4664
39.6177 23.5607
39.7177 23.0383
39.8177 22.0608
39.9177 20.5849
40.0177 18.5613
40.1177 15.9788
40.2177 12.9006
40.3177 9.53238
40.4177 6.11867
40.5177 2.83859
40.6177 -0.202265
40.7177 -2.98728
40.8177 -5.62528
40.9177 -8.28387
41.0177 -10.9475
41.1177 -13.413
41.2177 -15.4328
41.3177 -16.8658
41.4177 -17.5898
41.5177 -17.713
41.6177 -17.5333
41.7177 -17.3242
41.8177 -17.1569
41.9177 -17.0601
42.0177 -16.8273
42.1177 -16.1645
42.2177 -14.8667
42.3177 -12.8576
42.4177 -10.1351
42.5177 -6.82578
42.6177 -3.06938
42.7177 0.954024
42.8177 5.02355
42.9177 8.81017
43.0177 11.9931
43.1177 14.3181
43.2177 15.6265
43.3177 15.8395
43.4177 15.0874
43.5177 13.7841
43.6177 12.4141
43.7177 11.3296
43.8177 10.6663
43.9177 10.3783
44.0177 10.2794
44.1177 10.2146
44.2177 10.0731
44.3177 9.79532
44.4177 9.35145
44.5177 8.69581
44.6177 7.86737
44.7177 6.87097
44.8177 5.58531
44.9177 3.82723
45.0177 1.50601
45.1177 -1.17426
45.2177 -4.03517
45.3177 -6.83523
45.4177 -9.34538
45.5177 -11.4565
45.6177 -13.2017
45.7177 -14.6382
45.8177 -15.8756
45.9177 -16.9795
46.0177 -17.7909
46.1177 -18.1053
46.2177 -17.8489
46.3177 -16.9274
46.4177 -15.3172
46.5177 -13.0844
46.6177 -10.3633
46.7177 -7.35441
46.8177 -4.2898
46.9177 -1.37944
47.0177 1.28482
47.1177 3.58852
47.2177 5.44458
47.3177 6.81596
47.4177 7.74131
47.5177 8.41381
47.6177 9.04078
47.7177 9.71117
47.8177 10.4517
47.9177 11.307
48.0177 12.2492
48.1177 13.1922
48.2177 13.9864
48.3177 14.3816
48.4177 14.2087
48.5177 13.4308
48.6177 12.09
48.7177 10.2563
48.8177 8.04847
48.9177 5.61447
49.0177 3.13173
49.1177 0.778383
49.2177 -1.29449
49.3177 -2.94311
49.4177 -4.15263
49.5177 -5.03106
49.6177 -5.7477
49.7177 -6.37549
49.8177 -6.90185
49.9177 -7.36311
50.0177 -7.7485
50.1177 -7.99401
50.2177 -8.06654
50.3177 -7.94428
50.4177 -7.62164
50.5177 -7.2181
50.6177 -6.75387
50.7177 -6.23886
50.8177 -5.76644
50.9177 -5.3666
51.0177 -5.08556
51.1177 -4.99506
51.2177 -5.03521
51.3177 -5.077
51.4177 -5.00537
51.5177 -4.72925
51.6177 -4.20283
51.7177 -3.41682
51.8177 -2.38002
51.9177 -1.16782
52.0177 0.105785
52.1177 1.37739
52.2177 2.5778
52.3177 3.67532
52.4177 4.75235
52.5177 5.9187
52.6177 7.18817
52.7177 8.42518
52.8177 9.42367
52.9177 10.0464
53.0177 10.2783
53.1177 10.1924
53.2177 9.84626
53.3177 9.29056
53.4177 8.57067
53.5177 7.75405
53.6177 6.98075
53.7177 6.26496
53.8177 5.48175
53.9177 4.62054
54.0177 3.71209
54.1177 2.80106
54.2177 1.85057
54.3177 0.890733
54.4177 -0.121209
54.5177 -1.19997
54.6177 -2.28381
54.7177 -3.35921
54.8177 -4.46759
54.9177 -5.62096
55.0177 -6.67965
55.1177 -7.52241
55.2177 -8.16831
55.3177 -8.62883
55.4177 -8.98706
55.5177 -9.25742
55.6177 -9.41293
55.7177 -9.46002
55.8177 -9.35405
55.9177 -8.99201
56.0177 -8.32655
56.1177 -7.33205
56.2177 -6.03051
56.3177 -4.53865
56.4177 -2.99137
56.5177 -1.52321
56.6177 -0.172228
56.7177 1.07163
56.8177 2.19051
56.9177 3.20087
57.0177 4.11397
57.1177 4.86428
57.2177 5.39997
57.3177 5.75068
57.4177 6.00394
57.5177 6.21496
57.6177 6.36335
57.7177 6.43501
57.8177 6.44791
57.9177 6.45609
58.0177 6.46433
58.1177 6.4536
58.2177 6.32681
58.3177 6.0287
58.4177 5.54219
58.5177 4.91692
58.6177 4.22191
58.7177 3.55437
58.8177 2.93143
58.9177 2.37857
59.0177 1.90459
59.1177 1.48925
59.2177 1.09446
59.3177 0.738565
59.4177 0.374877
59.5177 -0.0629034
59.6177 -0.56846
59.7177 -1.13908
59.8177 -1.76705
59.9177 -2.36398
60.0177 -2.8415
60.1177 -3.2423
60.2177 -3.57008
60.3177 -3.81225
60.4177 -4.00589
60.5177 -4.22795
60.6177 -4.45425
60.7177 -4.61545
60.8177 -4.72659
60.9177 -4.83008
61.0177 -4.93267
61.1177 -4.99079
61.2177 -4.97394
61.3177 -4.83808
61.4177 -4.57534
61.5177 -4.18917
61.6177 -3.67789
61.7177 -3.05766
61.8177 -2.34314
61.9177 -1.5987
62.0177 -0.946162
62.1177 -0.402362
62.2177 0.0976546
62.3177 0.635168
62.4177 1.24455
62.5177 1.92215
62.6177 2.63565
62.7177 3.38257
62.8177 4.12673
62.9177 4.85036
63.0177 5.52557
63.1177 6.05101
63.2177 6.3968
63.3177 6.5285
63.4177 6.43943
63.5177 6.12822
63.6177 5.58315
63.7177 4.84073
63.8177 4.07817
63.9177 3.49566
64.0177 3.20887
64.1177 3.2827
64.2177 3.74
64.3177 4.46157
64.4177 5.20447
64.5177 5.64534
64.6177 5.39801
64.7177 4.1511
64.8177 1.87958
64.9177 -1.23974
65.0177 -4.75846
65.1177 -8.00361
65.2177 -10.3222
65.3177 -11.3
65.4177 -10.767
65.5177 -8.8377
65.6177 -5.95587
65.7177 -2.79796
65.8177 -0.00125628
65.9177 2.02063
66.0177 3.01836
66.1177 2.97027
66.2177 2.09508
66.3177 0.725692
66.4177 -0.833229
66.5177 -2.37885
66.6177 -3.82407
66.7177 -5.12485
66.8177 -6.1941
66.9177 -6.94705
67.0177 -7.25106
67.1177 -6.97912
67.2177 -6.13407
67.3177 -4.72459
67.4177 -2.94725
67.5177 -1.00058
67.6177 0.889323
67.7177 2.53389
67.8177 3.81722
67.9177 4.77683
68.0177 5.46941
68.1177 5.9264
68.2177 6.21219
68.3177 6.42216
68.4177 6.55429
68.5177 6.54616
68.6177 6.36087
68.7177 5.98805
68.8177 5.48105
68.9177 4.92035
69.0177 4.30362
69.1177 3.63864
69.2177 2.97381
69.3177 2.25958
69.4177 1.55147
69.5177 0.999405
69.6177 0.627898
69.7177 0.389155
69.8177 0.219236
69.9177 0.135706
70.0177 0.0550654
70.1177 -0.105491
70.2177 -0.449907
70.3177 -1.00139
70.4177 -1.61615
70.5177 -2.16307
70.6177 -2.64655
70.7177 -3.00623
70.8177 -3.17052
70.9177 -3.09154
71.0177 -2.80207
71.1177 -2.37903
71.2177 -1.99636
71.3177 -1.7882
71.4177 -1.78803
71.5177 -1.95644
71.6177 -2.20097
71.7177 -2.40055
71.8177 -2.51116
71.9177 -2.50986
72.0177 -2.39685
72.1177 -2.14477
72.2177 -1.74837
72.3177 -1.2719
72.4177 -0.77357
72.5177 -0.334946
72.6177 0.0445041
72.7177 0.364856
72.8177 0.611286
72.9177 0.757369
73.0177 0.799525
73.1177 0.791654
73.2177 0.718998
73.3177 0.64884
73.4177 0.636225
73.5177 0.722985
73.6177 0.847741
73.7177 1.0379
73.8177 1.33486
73.9177 1.69179
74.0177 2.06076
74.1177 2.40404
74.2177 2.73098
74.3177 3.08018
74.4177 3.51885
74.5177 4.00274
74.6177 4.39483
74.7177 4.62358
74.8177 4.63572
74.9177 4.46874
75.0177 4.20704
75.1177 3.82078
75.2177 3.29845
75.3177 2.68
75.4177 2.07116
75.5177 1.48486
75.6177 0.910722
75.7177 0.36222
75.8177 -0.173298
75.9177 -0.703307
76.0177 -1.23384
76.1177 -1.80082
76.2177 -2.30651
76.3177 -2.66639
76.4177 -2.93861
76.5177 -3.11712
76.6177 -3.22503
76.7177 -3.29722
76.8177 -3.40469
76.9177 -3.54231
77.0177 -3.66257
77.1177 -3.74421
77.2177 -3.74422
77.3177 -3.6807
77.4177 -3.56078
77.5177 -3.34249
77.6177 -3.01543
77.7177 -2.55277
77.8177 -1.99985
77.9177 -1.35008
78.0177 -0.697591
78.1177 -0.145159
78.2177 0.305948
78.3177 0.72658
78.4177 1.10929
78.5177 1.42333
78.6177 1.67878
78.7177 1.91509
78.8177 2.18408
78.9177 2.50721
79.0177 2.87123
79.1177 3.26409
79.2177 3.615
79.3177 3.90115
79.4177 4.06849
79.5177 4.12055
79.6177 4.08639
79.7177 4.01618
79.8177 3.8886
79.9177 3.68422
80.0177 3.40912
80.1177 3.08058
80.2177 2.77252
80.3177 2.48113
80.4177 2.17991
80.5177 1.84807
80.6177 1.4124
80.7177 0.923348
80.8177 0.427354
80.9177 -0.0751735
81.0177 -0.645144
81.1177 -1.23324
81.2177 -1.6997
81.3177 -2.01603
81.4177 -2.20614
81.5177 -2.34267
81.6177 -2.38042
81.7177 -2.3151
81.8177 -2.17913
81.9177 -2.05516
82.0177 -2.05049
82.1177 -2.18097
82.2177 -2.40722
82.3177 -2.70664
82.4177 -2.93537
82.5177 -3.02891
82.6177 -3.00659
82.7177 -2.7945
82.8177 -2.36291
82.9177 -1.73821
83.0177 -0.98935
83.1177 -0.263416
83.2177 0.432081
83.3177 1.04872
83.4177 1.45886
83.5177 1.66547
83.6177 1.73715
83.7177 1.64618
83.8177 1.53615
83.9177 1.3323
84.0177 1.10572
84.1177 0.980135
84.2177 0.966375
84.3177 1.00854
84.4177 1.11899
84.5177 1.36336
84.6177 1.65888
84.7177 1.9527
84.8177 2.21318
84.9177 2.44165
85.0177 2.52157
85.1177 2.494
85.2177 2.42943
85.3177 2.29769
85.4177 2.11481
85.5177 1.83123
85.6177 1.46619
85.7177 1.05598
85.8177 0.693241
85.9177 0.407633
86.0177 0.111155
86.1177 -0.145728
86.2177 -0.296234
86.3177 -0.376398
86.4177 -0.453063
86.5177 -0.538955
86.6177 -0.652624
86.7177 -0.817825
86.8177 -0.902417
86.9177 -0.910815
87.0177 -0.824031
87.1177 -0.734798
87.2177 -0.66717
87.3177 -0.599716
87.4177 -0.589913
87.5177 -0.638295
87.6177 -0.690916
87.7177 -0.834093
87.8177 -1.10493
87.9177 -1.35702
88.0177 -1.56372
88.1177 -1.66953
88.2177 -1.60366
88.3177 -1.47197
88.4177 -1.34128
88.5177 -1.18743
88.6177 -0.978225
88.7177 -0.662361
88.8177 -0.266109
88.9177 0.142969
89.0177 0.51504
89.1177 0.864222
89.2177 1.1902
89.3177 1.49241
89.4177 1.62963
89.5177 1.62474
89.6177 1.47724
89.7177 1.24435
89.8177 1.03172
89.9177 0.870851
90.0177 0.792205
90.1177 0.734992
90.2177 0.768417
90.3177 0.850724
90.4177 0.865872
90.5177 0.912244
90.6177 0.877021
90.7177 0.825263
90.8177 0.783162
90.9177 0.741053
91.0177 0.714418
91.1177 0.659831
91.2177 0.595727
91.3177 0.54849
91.4177 0.506355
91.5177 0.468691
91.6177 0.385887
91.7177 0.27349
91.8177 0.158044
91.9177 0.0924679
92.0177 0.0073471
92.1177 -0.126553
92.2177 -0.301781
92.3177 -0.44924
92.4177 -0.567667
92.5177 -0.691194
92.6177 -0.830557
92.7177 -0.905506
92.8177 -0.92578
92.9177 -0.898495
93.0177 -0.817235
93.1177 -0.75477
93.2177 -0.728088
93.3177 -0.610361
93.4177 -0.392844
93.5177 -0.208217
93.6177 -0.0763413
93.7177 0.00813005
93.8177 0.0452133
93.9177 0.0613387
94.0177 0.0838949
94.1177 0.0624801
94.2177 0.0310418
94.3177 0.0346657
94.4177 0.0757806
94.5177 0.159641
94.6177 0.239719
94.7177 0.298717
94.8177 0.288694
94.9177 0.255226
95.0177 0.247708
95.1177 0.272056
95.2177 0.36005
95.3177 0.457305
95.4177 0.500518
95.5177 0.574202
95.6177 0.684719
95.7177 0.795623
95.8177 0.87431
95.9177 0.899013
96.0177 0.847425
96.1177 0.742427
96.2177 0.631506
96.3177 0.513247
96.4177 0.39774
96.5177 0.298791
96.6177 0.207933
96.7177 0.0862569
96.8177 -0.0357485
96.9177 -0.0786495
97.0177 -0.0927055
97.1177 -0.0749628
97.2177 -0.0900786
97.3177 -0.116943
97.4177 -0.140954
97.5177 -0.158051
97.6177 -0.187005
97.7177 -0.230742
97.8177 -0.307163
97.9177 -0.335601
98.0177 -0.364227
98.1177 -0.40832
98.2177 -0.433607
98.3177 -0.405113
98.4177 -0.318429
98.5177 -0.202497
98.6177 -0.124901
98.7177 -0.122752
98.8177 -0.117598
98.9177 -0.0939804
99.0177 -0.0900993
99.1177 -0.0715639
99.2177 -0.074534
99.3177 -0.0574836
99.4177 0.0311379
99.5177 0.125597
99.6177 0.22081
99.7177 0.330419
99.8177 0.40122
99.9177 0.45675
100.018 0.537851
100.118 0.582545
100.218 0.540835
100.318 0.418071
100.418 0.284762
100.518 0.188494
100.618 0.129949
100.718 0.0756423
100.818 0.0788697
100.918 0.0852896
101.018 0.141635
101.118 0.155579
101.218 0.192091
101.318 0.233494
101.418 0.252857
101.518 0.178435
101.618 0.0700461
101.718 0.00376942
101.818 -0.0249594
101.918 -0.0387744
102.018 -0.0500312
102.118 -0.0865825
102.218 -0.105932
102.318 -0.176739
102.418 -0.16322
