0.27027 -0.575045
0.37027 -0.499441
0.47027 -0.312072
0.57027 -0.0461038
0.67027 0.304129
0.77027 0.66485
0.87027 0.965776
0.97027 1.21029
1.07027 1.41956
1.17027 1.55323
1.27027 1.52818
1.37027 1.37114
1.47027 1.08597
1.57027 0.762651
1.67027 0.435858
1.77027 0.158908
1.87027 -0.0520961
1.97027 -0.228907
2.07027 -0.386069
2.17027 -0.498348
2.27027 -0.509916
2.37027 -0.452305
2.47027 -0.337978
2.57027 -0.166117
2.67027 -0.0565868
2.77027 0.00878316
2.87027 0.00621985
2.97027 -0.0517153
3.07027 -0.177115
3.17027 -0.268202
3.27027 -0.28935
3.37027 -0.160451
3.47027 0.0512507
3.57027 0.319793
3.67027 0.579909
3.77027 0.765656
3.87027 0.890979
3.97027 0.933247
4.07027 0.922
4.17027 0.899568
4.27027 0.865025
4.37027 0.796627
4.47027 0.714983
4.57027 0.608867
4.67027 0.471436
4.77027 0.320566
4.87027 0.18796
4.97027 0.0815416
5.07027 -0.038813
5.17027 -0.148638
5.27027 -0.272717
5.37027 -0.356945
5.47027 -0.417225
5.57027 -0.450014
5.67027 -0.405131
5.77027 -0.233701
5.87027 0.0572034
5.97027 0.426488
6.07027 0.777839
6.17027 1.00478
6.27027 1.074
6.37027 1.07129
6.47027 0.963063
6.57027 0.881381
6.67027 0.909004
6.77027 1.04803
6.87027 1.21229
6.97027 1.29864
7.07027 1.28676
7.17027 1.15284
7.27027 0.914218
7.37027 0.594451
7.47027 0.198455
7.57027 -0.18468
7.67027 -0.518728
7.77027 -0.72456
7.87027 -0.860944
7.97027 -0.911234
8.07027 -0.843659
8.17027 -0.72763
8.27027 -0.571049
8.37027 -0.342492
8.47027 -0.131714
8.57027 0.0241282
8.67027 0.00596524
8.77027 -0.0744478
8.87027 -0.10545
8.97027 -0.0270761
9.07027 0.189413
9.17027 0.432946
9.27027 0.722742
9.37027 0.983371
9.47027 1.22056
9.57027 1.36935
9.67027 1.35655
9.77027 1.20011
9.87027 0.971335
9.97027 0.773799
10.0703 0.621979
10.1703 0.528182
10.2703 0.47303
10.3703 0.451957
10.4703 0.335196
10.5703 0.142945
10.6703 -0.102149
10.7703 -0.332705
10.8703 -0.450393
10.9703 -0.441671
11.0703 -0.287226
11.1703 -0.0414687
11.2703 0.190775
11.3703 0.384503
11.4703 0.535655
11.5703 0.645568
11.6703 0.822023
11.7703 1.02551
11.8703 1.26366
11.9703 1.47083
12.0703 1.60622
12.1703 1.65836
12.2703 1.60089
12.3703 1.42308
12.4703 1.07796
12.5703 0.653741
12.6703 0.21421
12.7703 -0.196752
12.8703 -0.576572
12.9703 -0.915245
13.0703 -1.16745
13.1703 -1.29036
13.2703 -1.2758
13.3703 -1.13753
13.4703 -0.905542
13.5703 -0.664799
13.6703 -0.454103
13.7703 -0.249877
13.8703 -0.0350784
13.9703 0.162765
14.0703 0.318571
14.1703 0.481333
14.2703 0.649273
14.3703 0.752735
14.4703 0.828592
14.5703 0.935719
14.6703 1.11283
14.7703 1.27509
14.8703 1.38532
14.9703 1.44925
15.0703 1.38893
15.1703 1.22874
15.2703 0.988546
15.3703 0.711603
15.4703 0.376226
15.5703 -0.00492476
15.6703 -0.402085
15.7703 -0.809149
15.8703 -1.14608
15.9703 -1.34268
16.0703 -1.3359
16.1703 -1.11417
16.2703 -0.729211
16.3703 -0.20392
16.4703 0.387838
16.5703 0.955918
16.6703 1.42494
16.7703 1.76995
16.8703 2.03251
16.9703 2.24524
17.0703 2.39785
17.1703 2.47146
17.2703 2.46513
17.3703 2.37439
17.4703 2.15768
17.5703 1.83886
17.6703 1.40209
17.7703 0.831552
17.8703 0.133331
17.9703 -0.637204
18.0703 -1.43365
18.1703 -2.14791
18.2703 -2.66784
18.3703 -2.90381
18.4703 -2.8457
18.5703 -2.4779
18.6703 -1.85539
18.7703 -1.11397
18.8703 -0.398759
18.9703 0.212905
19.0703 0.651241
19.1703 0.892037
19.2703 0.984487
19.3703 1.01136
19.4703 1.0501
19.5703 1.12047
19.6703 1.19614
19.7703 1.25664
19.8703 1.33449
19.9703 1.42234
20.0703 1.48929
20.1703 1.52587
20.2703 1.53138
20.3703 1.52192
20.4703 1.50284
20.5703 1.47699
20.6703 1.36836
20.7703 0.995477
20.8703 0.243699
20.9703 -0.919263
21.0703 -2.51768
21.1703 -4.47572
21.2703 -6.43796
21.3703 -7.576
21.4703 -7.11656
21.5703 -4.779
21.6703 -0.589812
21.7703 5.7379
21.8703 14.2378
21.9703 23.2226
22.0703 29.6916
22.1703 31.0643
22.2703 26.0719
22.3703 12.2555
22.4703 -13.0929
22.5703 -47.2866
22.6703 -79.5988
22.7703 -97.986
22.8703 -97.831
22.9703 -82.1323
23.0703 -54.1007
23.1703 -16.9237
23.2703 24.9522
23.3703 66.4689
23.4703 101.522
23.5703 123.509
23.6703 127.98
23.7703 110.719
23.8703 72.4889
23.9703 23.5173
24.0703 -22.5715
24.1703 -57.5767
24.2703 -80.298
24.3703 -91.6689
24.4703 -92.6165
24.5703 -85.5674
24.6703 -74.1751
24.7703 -60.8152
24.8703 -46.2848
24.9703 -31.0532
25.0703 -15.7966
25.1703 -1.26542
25.2703 11.9427
25.3703 23.4209
25.4703 32.8987
25.5703 40.3926
25.6703 46.3059
25.7703 51.1577
25.8703 55.1133
25.9703 57.6001
26.0703 57.2977
26.1703 52.8963
26.2703 43.9874
26.3703 30.9325
26.4703 15.3852
26.5703 -0.336884
26.6703 -14.5182
26.7703 -26.7821
26.8703 -37.3694
26.9703 -46.2892
27.0703 -53.4032
27.1703 -58.4935
27.2703 -60.8636
27.3703 -59.6542
27.4703 -54.6038
27.5703 -46.262
27.6703 -35.7032
27.7703 -24.5329
27.8703 -14.0359
27.9703 -4.69658
28.0703 3.58518
28.1703 11.1573
28.2703 18.3128
28.3703 25.2518
28.4703 31.8229
28.5703 37.3456
28.6703 40.9211
28.7703 41.8979
28.8703 40.2449
28.9703 36.6651
29.0703 32.1365
29.1703 27.3738
29.2703 22.5158
29.3703 17.405
29.4703 11.8726
29.5703 5.77657
29.6703 -0.750924
29.7703 -7.20531
29.8703 -13.0187
29.9703 -17.8411
30.0703 -21.6422
30.1703 -24.6198
30.2703 -26.8731
30.3703 -28.317
30.4703 -28.7682
30.5703 -28.0272
30.6703 -26.0924
30.7703 -23.2757
30.8703 -20.0656
30.9703 -16.9319
31.0703 -14.2048
31.1703 -11.7889
31.2703 -9.39062
31.3703 -6.73431
31.4703 -3.60407
31.5703 -0.0475741
31.6703 3.62424
31.7703 7.0182
31.8703 9.89854
31.9703 12.2236
32.0703 14.1226
32.1703 15.7896
32.2703 17.2144
32.3703 18.2784
32.4703 18.8556
32.5703 18.7961
32.6703 18.0855
32.7703 16.8789
32.8703 15.4259
32.9703 13.9455
33.0703 12.559
33.1703 11.1802
33.2703 9.52466
33.3703 7.38327
33.4703 4.73586
33.5703 1.71436
33.6703 -1.37964
33.7703 -4.21638
33.8703 -6.59438
33.9703 -8.58646
34.0703 -10.3459
34.1703 -12.0502
34.2703 -13.8115
34.3703 -15.6128
34.4703 -17.3205
34.5703 -18.7574
34.6703 -19.794
34.7703 -20.3135
34.8703 -20.1638
34.9703 -19.154
35.0703 -17.1445
35.1703 -14.0455
35.2703 -9.99444
35.3703 -5.45767
35.4703 -1.08851
35.5703 2.56016
35.6703 5.13675
35.7703 6.60379
35.8703 7.11951
35.9703 7.04
36.0703 6.79546
36.1703 6.75176
36.2703 7.11521
36.3703 7.96442
36.4703 9.14304
36.5703 10.3974
36.6703 11.5916
36.7703 12.6579
36.8703 13.5215
36.9703 14.0699
37.0703 14.2474
37.1703 14.0076
37.2703 13.3413
37.3703 12.2803
37.4703 10.9158
37.5703 9.35441
37.6703 7.61748
37.7703 5.67374
37.8703 3.55945
37.9703 1.2881
38.0703 -1.17593
38.1703 -3.77595
38.2703 -6.45354
38.3703 -9.18824
38.4703 -11.9263
38.5703 -14.4288
38.6703 -16.4573
38.7703 -17.8731
38.8703 -18.4975
38.9703 -18.2407
39.0703 -17.1752
39.1703 -15.4908
39.2703 -13.4518
39.3703 -11.3257
39.4703 -9.2453
39.5703 -7.35125
39.6703 -5.77353
39.7703 -4.50212
39.8703 -3.44621
39.9703 -2.46588
40.0703 -1.38064
40.1703 -0.058399
40.2703 1.55654
40.3703 3.49731
40.4703 5.70089
40.5703 8.08912
40.6703 10.5062
40.7703 12.6112
40.8703 14.0996
40.9703 14.798
41.0703 14.7225
41.1703 13.9906
41.2703 12.8336
41.3703 11.4847
41.4703 10.0273
41.5703 8.52089
41.6703 7.08109
41.7703 5.77348
41.8703 4.65173
41.9703 3.63435
42.0703 2.73724
42.1703 1.92521
42.2703 1.06833
42.3703 0.101482
42.4703 -1.0075
42.5703 -2.19643
42.6703 -3.28122
42.7703 -4.12041
42.8703 -4.6402
42.9703 -4.90815
43.0703 -5.04757
43.1703 -5.15389
43.2703 -5.33898
43.3703 -5.65696
43.4703 -6.14828
43.5703 -6.81307
43.6703 -7.55405
43.7703 -8.21411
43.8703 -8.61434
43.9703 -8.64352
44.0703 -8.3613
44.1703 -7.82532
44.2703 -7.08657
44.3703 -6.18957
44.4703 -5.23507
44.5703 -4.35452
44.6703 -3.58125
44.7703 -2.806
44.8703 -1.8598
44.9703 -0.675927
45.0703 0.740107
45.1703 2.30855
45.2703 3.84959
45.3703 5.12968
45.4703 6.07021
45.5703 6.66946
45.6703 7.01226
45.7703 7.26626
45.8703 7.53155
45.9703 7.79851
46.0703 8.08066
46.1703 8.36012
46.2703 8.56146
46.3703 8.53978
46.4703 8.26737
46.5703 7.75517
46.6703 7.07294
46.7703 6.31386
46.8703 5.62722
46.9703 5.05113
47.0703 4.49655
47.1703 3.86269
47.2703 3.11289
47.3703 2.13396
47.4703 0.913517
47.5703 -0.480823
47.6703 -1.9242
47.7703 -3.32896
47.8703 -4.69891
47.9703 -5.99411
48.0703 -7.0707
48.1703 -7.8048
48.2703 -8.24399
48.3703 -8.47297
48.4703 -8.55028
48.5703 -8.42988
48.6703 -8.04762
48.7703 -7.47346
48.8703 -6.85048
48.9703 -6.20898
49.0703 -5.53146
49.1703 -4.86465
49.2703 -4.22424
49.3703 -3.58118
49.4703 -2.89101
49.5703 -2.10028
49.6703 -1.2504
49.7703 -0.371353
49.8703 0.472511
49.9703 1.24138
50.0703 1.95029
50.1703 2.64458
50.2703 3.28018
50.3703 3.80822
50.4703 4.29502
50.5703 4.74427
50.6703 5.18301
50.7703 5.56922
50.8703 5.86057
50.9703 6.11188
51.0703 6.28375
51.1703 6.29196
51.2703 6.16607
51.3703 5.97542
51.4703 5.62396
51.5703 5.04971
51.6703 4.34497
51.7703 3.64895
51.8703 3.00212
51.9703 2.40094
52.0703 1.86268
52.1703 1.47229
52.2703 1.26119
52.3703 1.18635
52.4703 1.15297
52.5703 1.1346
52.6703 1.04284
52.7703 0.894071
52.8703 0.695239
52.9703 0.403089
53.0703 -0.0376664
53.1703 -0.68377
53.2703 -1.46553
53.3703 -2.30963
53.4703 -3.14527
53.5703 -3.95515
53.6703 -4.67392
53.7703 -5.25704
53.8703 -5.62953
53.9703 -5.82893
54.0703 -5.91768
54.1703 -5.95036
54.2703 -5.86948
54.3703 -5.61988
54.4703 -5.19574
54.5703 -4.63864
54.6703 -3.97162
54.7703 -3.26173
54.8703 -2.5314
54.9703 -1.78666
55.0703 -1.05215
55.1703 -0.342164
55.2703 0.351443
55.3703 1.00853
55.4703 1.57299
55.5703 2.09072
55.6703 2.63759
55.7703 3.15505
55.8703 3.54166
55.9703 3.78901
56.0703 3.85558
56.1703 3.77291
56.2703 3.5747
56.3703 3.36024
56.4703 3.23257
56.5703 3.40244
56.6703 3.99122
56.7703 5.01327
56.8703 6.35817
56.9703 7.74183
57.0703 8.72139
57.1703 8.85237
57.2703 7.9038
57.3703 5.82087
57.4703 2.81199
57.5703 -0.572081
57.6703 -3.61162
57.7703 -5.67344
57.8703 -6.44561
57.9703 -5.85663
58.0703 -4.01434
58.1703 -1.36093
58.2703 1.37783
58.3703 3.51325
58.4703 4.73705
58.5703 4.97158
58.6703 4.27623
58.7703 2.85354
58.8703 0.989406
58.9703 -0.989935
59.0703 -2.8097
59.1703 -4.37141
59.2703 -5.67958
59.3703 -6.68629
59.4703 -7.35291
59.5703 -7.5939
59.6703 -7.41558
59.7703 -6.90013
59.8703 -6.16703
59.9703 -5.30389
60.0703 -4.45291
60.1703 -3.67653
60.2703 -2.98034
60.3703 -2.34956
60.4703 -1.72733
60.5703 -1.01386
60.6703 -0.190235
60.7703 0.736406
60.8703 1.68775
60.9703 2.51036
61.0703 3.11634
61.1703 3.55469
61.2703 3.92073
61.3703 4.28425
61.4703 4.61069
61.5703 4.80106
61.6703 4.79618
61.7703 4.57881
61.8703 4.23077
61.9703 3.8988
62.0703 3.66234
62.1703 3.55964
62.2703 3.5589
62.3703 3.60052
62.4703 3.60507
62.5703 3.55587
62.6703 3.38432
62.7703 3.08939
62.8703 2.65564
62.9703 2.06948
63.0703 1.35852
63.1703 0.710667
63.2703 0.281737
63.3703 0.0719557
63.4703 0.0514817
63.5703 0.163758
63.6703 0.311169
63.7703 0.346608
63.8703 0.192542
63.9703 -0.165007
64.0703 -0.733167
64.1703 -1.48889
64.2703 -2.2429
64.3703 -2.83657
64.4703 -3.14343
64.5703 -3.18398
64.6703 -3.0269
64.7703 -2.76274
64.8703 -2.46475
64.9703 -2.21562
65.0703 -2.0019
65.1703 -1.76759
65.2703 -1.58158
65.3703 -1.47587
65.4703 -1.47222
65.5703 -1.58612
65.6703 -1.787
65.7703 -2.01273
65.8703 -2.20423
65.9703 -2.28609
66.0703 -2.22548
66.1703 -2.02704
66.2703 -1.67014
66.3703 -1.16967
66.4703 -0.562813
66.5703 0.0504424
66.6703 0.629294
66.7703 1.16836
66.8703 1.64279
66.9703 2.02599
67.0703 2.36565
67.1703 2.72071
67.2703 2.98782
67.3703 3.1499
67.4703 3.29194
67.5703 3.50045
67.6703 3.78281
67.7703 4.10131
67.8703 4.42997
67.9703 4.71205
68.0703 4.89733
68.1703 4.91302
68.2703 4.74084
68.3703 4.38183
68.4703 3.91203
68.5703 3.39665
68.6703 2.8226
68.7703 2.18539
68.8703 1.54431
68.9703 0.97634
69.0703 0.512905
69.1703 0.0628653
69.2703 -0.430424
69.3703 -0.962229
69.4703 -1.5073
69.5703 -2.02383
69.6703 -2.49952
69.7703 -2.99875
69.8703 -3.546
69.9703 -3.98466
70.0703 -4.15364
70.1703 -4.03445
70.2703 -3.67762
70.3703 -3.23165
70.4703 -2.74206
70.5703 -2.23543
70.6703 -1.77349
70.7703 -1.47595
70.8703 -1.38252
70.9703 -1.42464
71.0703 -1.4829
71.1703 -1.50697
71.2703 -1.4247
71.3703 -1.23942
71.4703 -0.963652
71.5703 -0.652648
71.6703 -0.330718
71.7703 0.0287999
71.8703 0.419649
71.9703 0.833139
72.0703 1.22358
72.1703 1.56697
72.2703 1.82901
72.3703 2.01415
72.4703 2.22574
72.5703 2.43692
72.6703 2.64322
72.7703 2.8417
72.8703 3.00919
72.9703 3.16314
73.0703 3.26275
73.1703 3.31188
73.2703 3.32363
73.3703 3.2088
73.4703 3.00671
73.5703 2.64861
73.6703 2.17711
73.7703 1.63866
73.8703 1.15827
73.9703 0.894967
74.0703 0.76071
74.1703 0.724434
74.2703 0.732205
74.3703 0.748556
74.4703 0.718112
74.5703 0.598325
74.6703 0.4126
74.7703 0.125428
74.8703 -0.245474
74.9703 -0.648878
75.0703 -1.0256
75.1703 -1.26553
75.2703 -1.38567
75.3703 -1.4529
75.4703 -1.38638
75.5703 -1.26579
75.6703 -1.15149
75.7703 -1.01019
75.8703 -0.801478
75.9703 -0.616777
76.0703 -0.580719
76.1703 -0.691681
76.2703 -0.89053
76.3703 -1.04841
76.4703 -1.1646
76.5703 -1.30889
76.6703 -1.40607
76.7703 -1.32911
76.8703 -1.05076
76.9703 -0.700649
77.0703 -0.393349
77.1703 -0.178257
77.2703 -0.0254567
77.3703 0.131223
77.4703 0.226866
77.5703 0.263073
77.6703 0.254165
77.7703 0.259677
77.8703 0.346018
77.9703 0.487203
78.0703 0.652057
78.1703 0.830213
78.2703 1.03872
78.3703 1.26589
78.4703 1.48393
78.5703 1.68035
78.6703 1.82687
78.7703 1.92595
78.8703 1.93392
78.9703 1.90095
79.0703 1.86647
79.1703 1.88158
79.2703 1.86566
79.3703 1.8137
79.4703 1.72192
79.5703 1.58984
79.6703 1.4414
79.7703 1.27992
79.8703 1.12315
79.9703 0.990955
80.0703 0.790722
80.1703 0.549438
80.2703 0.351107
80.3703 0.163839
80.4703 -0.0790727
80.5703 -0.390111
80.6703 -0.671672
80.7703 -0.903284
80.8703 -1.0563
80.9703 -1.08648
81.0703 -1.02423
81.1703 -0.898307
81.2703 -0.770735
81.3703 -0.606673
81.4703 -0.477013
81.5703 -0.377124
81.6703 -0.319204
81.7703 -0.280485
81.8703 -0.316601
81.9703 -0.359455
82.0703 -0.455584
82.1703 -0.562826
82.2703 -0.646833
82.3703 -0.646446
82.4703 -0.560943
82.5703 -0.459128
82.6703 -0.320419
82.7703 -0.164961
82.8703 -0.0209205
82.9703 0.137157
83.0703 0.254884
83.1703 0.360355
83.2703 0.411766
83.3703 0.481488
83.4703 0.556331
83.5703 0.653212
83.6703 0.718242
83.7703 0.666085
83.8703 0.57861
83.9703 0.492608
84.0703 0.46224
84.1703 0.49908
84.2703 0.617997
84.3703 0.783775
84.4703 0.969809
84.5703 1.10557
84.6703 1.17067
84.7703 1.11468
84.8703 1.07267
84.9703 0.988703
85.0703 0.825284
85.1703 0.633622
85.2703 0.396549
85.3703 0.203516
85.4703 0.109109
85.5703 0.0325567
85.6703 0.0114972
85.7703 0.0495984
85.8703 0.115257
85.9703 0.254236
86.0703 0.3818
86.1703 0.424032
86.2703 0.375959
86.3703 0.231135
86.4703 0.0768202
86.5703 -0.0779971
86.6703 -0.187646
86.7703 -0.20178
86.8703 -0.158555
86.9703 -0.0289734
87.0703 0.0904458
87.1703 0.151888
87.2703 0.169053
87.3703 0.112896
87.4703 0.0335571
87.5703 -0.116024
87.6703 -0.197103
87.7703 -0.240632
87.8703 -0.218737
87.9703 -0.155513
88.0703 -0.118679
88.1703 -0.0856848
88.2703 -0.0406585
88.3703 -0.0196786
88.4703 -0.0837404
88.5703 -0.186124
88.6703 -0.261698
88.7703 -0.348759
88.8703 -0.419837
88.9703 -0.434319
89.0703 -0.389043
89.1703 -0.257192
89.2703 -0.0384027
89.3703 0.218757
89.4703 0.461077
89.5703 0.63765
89.6703 0.677197
89.7703 0.669948
89.8703 0.597706
89.9703 0.533251
90.0703 0.460074
90.1703 0.340295
90.2703 0.247179
90.3703 0.247921
90.4703 0.316431
90.5703 0.43998
90.6703 0.587903
90.7703 0.678544
90.8703 0.715769
90.9703 0.632657
91.0703 0.516921
91.1703 0.415559
91.2703 0.294724
91.3703 0.180028
91.4703 0.115271
91.5703 0.102597
91.6703 0.103755
91.7703 0.0788484
91.8703 0.0722998
91.9703 0.0886637
92.0703 0.131565
92.1703 0.161635
92.2703 0.129868
92.3703 0.116696
92.4703 0.098639
92.5703 0.0864434
92.6703 0.0967858
92.7703 0.0858313
92.8703 0.0545433
92.9703 0.00898719
93.0703 -0.017846
93.1703 -0.0727451
93.2703 -0.113078
93.3703 -0.148316
93.4703 -0.135239
93.5703 -0.142063
93.6703 -0.10856
93.7703 -0.0727804
93.8703 -0.0292799
93.9703 -0.0212659
94.0703 -0.0548766
94.1703 -0.063554
94.2703 -0.0410975
94.3703 0.0518213
94.4703 0.13473
94.5703 0.13794
94.6703 0.0883043
94.7703 0.0295594
94.8703 0.0336052
94.9703 -0.0197997
95.0703 -0.0539638
95.1703 -0.126035
95.2703 -0.147182
95.3703 -0.116731
95.4703 -0.0720996
95.5703 -0.0348052
95.6703 0.0169344
95.7703 0.0173531
95.8703 0.0428178
95.9703 0.117315
96.0703 0.191883
96.1703 0.278723
96.2703 0.35312
96.3703 0.404286
96.4703 0.460923
96.5703 0.466262
96.6703 0.439951
96.7703 0.354528
96.8703 0.298937
96.9703 0.284561
97.0703 0.305386
97.1703 0.317995
97.2703 0.327966
97.3703 0.311285
97.4703 0.32721
97.5703 0.333608
97.6703 0.323715
97.7703 0.245131
97.8703 0.153684
97.9703 0.0296427
98.0703 -0.08344
98.1703 -0.131347
98.2703 -0.196746
98.3703 -0.205531
98.4703 -0.209974
98.5703 -0.20205
98.6703 -0.15184
98.7703 -0.0787741
98.8703 -0.0153929
98.9703 0.0244753
99.0703 0.0382981
99.1703 0.00663061
99.2703 0.0117634
99.3703 -0.00401972
99.4703 -0.00107702
99.5703 0.0228746
99.6703 0.0712201
99.7703 0.092507
99.8703 0.118361
99.9703 0.139591
100.07 0.126125
100.17 0.094151
100.27 0.0963901
100.37 0.121417
100.47 0.102021
100.57 0.0591766
100.67 -0.0114672
100.77 -0.0795767
100.87 -0.118108
100.97 -0.144097
101.07 -0.152435
101.17 -0.124144
101.27 -0.108726
101.37 -0.0678103
101.47 -0.0289261
101.57 0.000647984
101.67 0.0386701
101.77 0.0658929
101.87 0.0789389
101.97 0.0438378
102.07 0.00725263
102.17 -0.0321502
102.27 -0.0121949
102.37 0.00147752
102.47 0.00957253
102.57 0.0266894
