-6.3033 9.63392
-6.2033 11.1533
-6.1033 11.3851
-6.0033 10.6234
-5.9033 9.44973
-5.8033 8.28964
-5.7033 7.40426
-5.6033 6.74191
-5.5033 6.03881
-5.4033 4.84218
-5.3033 3.00269
-5.2033 0.40321
-5.1033 -2.92583
-5.0033 -6.77194
-4.9033 -10.4423
-4.8033 -13.294
-4.7033 -14.9641
-4.6033 -15.001
-4.5033 -13.5058
-4.4033 -10.6973
-4.3033 -7.08098
-4.2033 -3.39927
-4.1033 -0.234323
-4.0033 2.1434
-3.9033 3.70805
-3.8033 4.5626
-3.7033 4.96605
-3.6033 5.24909
-3.5033 5.61489
-3.4033 6.18641
-3.3033 6.79797
-3.2033 7.12019
-3.1033 6.77329
-3.0033 5.60871
-2.9033 3.64532
-2.8033 1.13115
-2.7033 -1.35126
-2.6033 -3.32675
-2.5033 -4.56441
-2.4033 -4.9885
-2.3033 -4.62425
-2.2033 -3.62439
-2.1033 -2.19441
-2.0033 -0.483837
-1.9033 1.41626
-1.8033 3.3549
-1.7033 4.99433
-1.6033 6.0495
-1.5033 6.30584
-1.4033 5.5697
-1.3033 3.85858
-1.2033 1.54765
-1.1033 -0.954019
-1.0033 -3.16091
-0.903303 -4.70509
-0.803303 -5.44837
-0.703303 -5.30967
-0.603303 -4.32661
-0.503303 -2.61898
-0.403303 -0.489632
-0.303303 1.82527
-0.203303 4.1011
-0.103303 6.20073
-0.0033033 7.85243
0.0966967 8.54948
0.196697 7.94488
0.296697 5.85913
0.396697 2.39998
0.496697 -2.01956
0.596697 -6.57478
0.696697 -10.3971
0.796697 -12.9082
0.896697 -13.6889
0.996697 -12.8157
1.0967 -10.4819
1.1967 -7.16538
1.2967 -3.60099
1.3967 -0.279496
1.4967 2.68224
1.5967 5.19423
1.6967 7.16778
1.7967 8.57577
1.8967 9.26881
1.9967 9.20233
2.0967 8.39073
2.1967 6.96404
2.2967 4.95819
2.3967 2.6439
2.4967 0.332336
2.5967 -1.78023
2.6967 -3.50726
2.7967 -4.79034
2.8967 -5.65198
2.9967 -6.05808
3.0967 -5.89583
3.1967 -5.10999
3.2967 -3.66899
3.3967 -1.69187
3.4967 0.650265
3.5967 3.06432
3.6967 5.24559
3.7967 6.92064
3.8967 7.90036
3.9967 8.01066
4.0967 7.25805
4.1967 5.84014
4.2967 4.14233
4.3967 2.4659
4.4967 0.989898
4.5967 -0.28564
4.6967 -1.43991
4.7967 -2.57863
4.8967 -3.71869
4.9967 -4.73788
5.0967 -5.3868
5.1967 -5.39194
5.2967 -4.61729
5.3967 -3.11636
5.4967 -1.19479
5.5967 0.531557
5.6967 1.51377
5.7967 1.40678
5.8967 0.177703
5.9967 -1.7298
6.0967 -3.43295
6.1967 -4.08663
6.2967 -3.20165
6.3967 -0.556839
6.4967 3.25908
6.5967 6.81737
6.6967 8.7928
6.7967 8.51564
6.8967 5.51933
6.9967 -0.36298
7.0967 -7.52558
7.1967 -13.0928
7.2967 -15.4675
7.3967 -14.5089
7.4967 -10.2533
7.5967 -3.13022
7.6967 4.8713
7.7967 11.0827
7.8967 14.1811
7.9967 14.1828
8.0967 11.2575
8.1967 5.60461
8.2967 -1.26749
8.3967 -7.20415
8.4967 -10.8619
8.5967 -12.1055
8.6967 -11.1033
8.7967 -8.12505
8.8967 -3.88711
8.9967 0.601493
9.0967 4.69101
9.1967 8.12064
9.2967 10.7046
9.3967 12.361
9.4967 13.0008
9.5967 12.7277
9.6967 11.7173
9.7967 10.2022
9.8967 8.44113
9.9967 6.62043
10.0967 4.8007
10.1967 2.85439
10.2967 0.516895
10.3967 -2.42804
10.4967 -6.19164
10.5967 -10.8007
10.6967 -15.7857
10.7967 -20.264
10.8967 -22.9975
10.9967 -23.2041
11.0967 -20.7098
11.1967 -15.767
11.2967 -9.26072
11.3967 -2.40832
11.4967 3.73287
11.5967 8.60315
11.6967 11.8762
11.7967 13.3634
11.8967 13.1628
11.9967 11.6261
12.0967 9.3011
12.1967 6.67965
12.2967 4.08393
12.3967 1.668
12.4967 -0.434295
12.5967 -2.05345
12.6967 -3.09898
12.7967 -3.59506
12.8967 -3.63512
12.9967 -3.34553
13.0967 -2.92489
13.1967 -2.44985
13.2967 -1.93689
13.3967 -1.27198
13.4967 -0.197808
13.5967 1.51875
13.6967 3.74204
13.7967 6.0171
13.8967 7.77472
13.9967 8.40277
14.0967 7.47963
14.1967 4.73993
14.2967 0.393719
14.3967 -4.65921
14.4967 -8.84882
14.5967 -10.8147
14.6967 -10.2104
14.7967 -7.06048
14.8967 -1.64918
14.9967 4.67422
15.0967 10.1213
15.1967 13.5582
15.2967 14.7417
15.3967 13.4803
15.4967 9.90569
15.5967 5.04698
15.6967 0.492486
15.7967 -2.69049
15.8967 -4.2996
15.9967 -4.5687
16.0967 -4.03153
16.1967 -3.45438
16.2967 -3.49135
16.3967 -4.44686
16.4967 -6.37069
16.5967 -9.02132
16.6967 -11.9427
16.7967 -14.3843
16.8967 -15.6863
16.9967 -15.4715
17.0967 -13.6196
17.1967 -10.1464
17.2967 -5.28199
17.3967 0.621406
17.4967 7.27208
17.5967 14.4009
17.6967 21.0732
17.7967 25.7567
17.8967 26.9308
17.9967 23.3252
18.0967 13.7148
18.1967 -2.61034
18.2967 -24.0866
18.3967 -45.1276
18.4967 -58.5206
18.5967 -60.4837
18.6967 -51.9107
18.7967 -33.3885
18.8967 -5.86014
18.9967 27.2707
19.0967 59.5324
19.1967 83.5687
19.2967 95.1319
19.3967 93.6882
19.4967 75.5441
19.5967 40.446
19.6967 -2.40918
19.7967 -39.4019
19.8967 -62.7957
19.9967 -73.5407
20.0967 -74.9317
20.1967 -70.1308
20.2967 -62.3068
20.3967 -53.6786
20.4967 -44.8318
20.5967 -35.2592
20.6967 -24.487
20.7967 -12.269
20.8967 1.80206
20.9967 17.7247
21.0967 34.4217
21.1967 49.8954
21.2967 62.0252
21.3967 68.4662
21.4967 67.5022
21.5967 59.811
21.6967 47.8268
21.7967 33.8457
21.8967 19.0114
21.9967 4.05989
22.0967 -10.2919
22.1967 -23.1306
22.2967 -33.5922
22.3967 -41.0197
22.4967 -45.1925
22.5967 -46.534
22.6967 -45.8559
22.7967 -43.7527
22.8967 -40.2878
22.9967 -35.38
23.0967 -28.8603
23.1967 -20.3612
23.2967 -10.1777
23.3967 0.086674
23.4967 8.43924
23.5967 13.9624
23.6967 16.411
23.7967 15.4681
23.8967 11.8811
23.9967 8.04697
24.0967 6.35069
24.1967 7.51339
24.2967 11.1605
24.3967 16.8645
24.4967 23.6613
24.5967 29.9983
24.6967 34.4177
24.7967 36.2657
24.8967 35.3518
24.9967 31.7082
25.0967 25.9073
25.1967 18.8754
25.2967 11.3726
25.3967 3.86164
25.4967 -3.27253
25.5967 -9.69466
25.6967 -15.2735
25.7967 -20.1353
25.8967 -24.5649
25.9967 -28.8981
26.0967 -33.4332
26.1967 -38.0933
26.2967 -42.2961
26.3967 -45.0178
26.4967 -45.2346
26.5967 -42.4371
26.6967 -36.7712
26.7967 -28.7983
26.8967 -19.3774
26.9967 -9.43188
27.0967 0.217038
27.1967 9.02025
27.2967 16.5804
27.3967 22.5842
27.4967 26.7679
27.5967 29.1051
27.6967 29.9094
27.7967 29.7383
27.8967 29.0534
27.9967 28.0622
28.0967 26.7259
28.1967 24.8008
28.2967 21.9297
28.3967 17.917
28.4967 12.7181
28.5967 6.55529
28.6967 0.170906
28.7967 -5.45919
28.8967 -9.63903
28.9967 -12.0279
29.0967 -12.6073
29.1967 -11.6633
29.2967 -9.7564
29.3967 -7.53704
29.4967 -5.54522
29.5967 -4.12628
29.6967 -3.40529
29.7967 -3.58791
29.8967 -4.83386
29.9967 -7.07602
30.0967 -9.93553
30.1967 -12.8049
30.2967 -14.9577
30.3967 -15.9275
30.4967 -15.4862
30.5967 -13.7598
30.6967 -11.2064
30.7967 -8.37011
30.8967 -5.67063
30.9967 -3.44044
31.0967 -1.66103
31.1967 -0.0190772
31.2967 1.79337
31.3967 3.92573
31.4967 6.37774
31.5967 8.9805
31.6967 11.3495
31.7967 13.0856
31.8967 13.957
31.9967 13.8959
32.0967 12.9142
32.1967 11.2379
32.2967 9.2336
32.3967 7.32913
32.4967 5.82936
32.5967 4.85222
32.6967 4.44671
32.7967 4.53684
32.8967 5.00376
32.9967 5.58419
33.0967 5.86365
33.1967 5.53801
33.2967 4.47503
33.3967 2.76073
33.4967 0.782741
33.5967 -1.08278
33.6967 -2.52925
33.7967 -3.46732
33.8967 -3.97297
33.9967 -4.3279
34.0967 -4.95204
34.1967 -6.25471
34.2967 -8.44344
34.3967 -11.3338
34.4967 -14.4532
34.5967 -17.0344
34.6967 -18.405
34.7967 -18.4306
34.8967 -17.0972
34.9967 -14.5687
35.0967 -11.233
35.1967 -7.64943
35.2967 -4.39333
35.3967 -1.73362
35.4967 0.270566
35.5967 1.80371
35.6967 3.13235
35.7967 4.55782
35.8967 6.34876
35.9967 8.6194
36.0967 11.3333
36.1967 14.2531
36.2967 16.9513
36.3967 18.8085
36.4967 19.3902
36.5967 18.4934
36.6967 16.0432
36.7967 12.3032
36.8967 7.89728
36.9967 3.6314
37.0967 0.0684834
37.1967 -2.56329
37.2967 -4.0835
37.3967 -4.48552
37.4967 -3.98659
37.5967 -2.91452
37.6967 -1.64518
37.7967 -0.512177
37.8967 0.292388
37.9967 0.698187
38.0967 0.633892
38.1967 0.0764978
38.2967 -0.894193
38.3967 -2.07952
38.4967 -3.25163
38.5967 -4.23787
38.6967 -4.93932
38.7967 -5.43147
38.8967 -5.8863
38.9967 -6.52856
39.0967 -7.59997
39.1967 -9.17733
39.2967 -11.0014
39.3967 -12.5238
39.4967 -13.1791
39.5967 -12.5761
39.6967 -10.589
39.7967 -7.45706
39.8967 -3.65212
39.9967 0.244333
40.0967 3.78842
40.1967 6.6135
40.2967 8.52875
40.3967 9.43502
40.4967 9.34971
40.5967 8.39884
40.6967 6.80424
40.7967 4.88043
40.8967 3.01702
40.9967 1.49476
41.0967 0.551376
41.1967 0.391263
41.2967 1.10438
41.3967 2.5529
41.4967 4.41221
41.5967 6.21648
41.6967 7.69216
41.7967 8.73674
41.8967 9.33509
41.9967 9.50171
42.0967 9.34221
42.1967 8.98076
42.2967 8.44458
42.3967 7.65534
42.4967 6.43886
42.5967 4.6369
42.6967 2.18086
42.7967 -0.837616
42.8967 -4.10169
42.9967 -7.21229
43.0967 -9.78622
43.1967 -11.5171
43.2967 -12.2785
43.3967 -12.0801
43.4967 -11.094
43.5967 -9.59918
43.6967 -7.98075
43.7967 -6.54034
43.8967 -5.29999
43.9967 -4.17762
44.0967 -3.18245
44.1967 -2.28638
44.2967 -1.44903
44.3967 -0.742181
44.4967 -0.212962
44.5967 0.0918139
44.6967 0.172462
44.7967 0.0585738
44.8967 -0.149246
44.9967 -0.384848
45.0967 -0.622285
45.1967 -0.852948
45.2967 -1.06784
45.3967 -1.25122
45.4967 -1.4162
45.5967 -1.41829
45.6967 -1.09098
45.7967 -0.356041
45.8967 0.879755
45.9967 2.64775
46.0967 4.80343
46.1967 7.02911
46.2967 8.96686
46.3967 10.3483
46.4967 10.9746
46.5967 10.8418
46.6967 10.0018
46.7967 8.59638
46.8967 6.87887
46.9967 5.15624
47.0967 3.67356
47.1967 2.60909
47.2967 1.98072
47.3967 1.6346
47.4967 1.35835
47.5967 0.895662
47.6967 -0.022745
47.7967 -1.41363
47.8967 -3.07906
47.9967 -4.62982
48.0967 -5.79948
48.1967 -6.35343
48.2967 -6.22826
48.3967 -5.54134
48.4967 -4.45266
48.5967 -3.22019
48.6967 -1.98063
48.7967 -0.852848
48.8967 0.0762373
48.9967 0.764485
49.0967 1.18687
49.1967 1.26907
49.2967 0.886986
49.3967 -0.0643687
49.4967 -1.52271
49.5967 -3.28344
49.6967 -5.07808
49.7967 -6.57496
49.8967 -7.58564
49.9967 -8.02035
50.0967 -7.88704
50.1967 -7.25368
50.2967 -6.17253
50.3967 -4.68704
50.4967 -2.82532
50.5967 -0.686778
50.6967 1.52332
50.7967 3.65694
50.8967 5.60366
50.9967 7.13378
51.0967 8.10424
51.1967 8.45958
51.2967 8.28319
51.3967 7.75445
51.4967 7.01459
51.5967 6.13581
51.6967 5.08918
51.7967 3.82743
51.8967 2.40954
51.9967 1.01307
52.0967 -0.124929
52.1967 -0.770145
52.2967 -0.761614
52.3967 0.00319479
52.4967 1.47601
52.5967 3.47035
52.6967 5.55488
52.7967 7.1817
52.8967 7.8211
52.9967 7.13031
53.0967 4.93735
53.1967 1.34272
53.2967 -3.06911
53.3967 -7.28904
53.4967 -10.4366
53.5967 -11.9733
53.6967 -11.6948
53.7967 -9.59273
53.8967 -6.02215
53.9967 -1.82124
54.0967 1.90802
54.1967 4.38386
54.2967 5.37003
54.3967 4.85925
54.4967 3.17626
54.5967 0.878327
54.6967 -1.39023
54.7967 -3.17559
54.8967 -4.29496
54.9967 -4.70615
55.0967 -4.49636
55.1967 -3.78402
55.2967 -2.6992
55.3967 -1.39355
55.4967 -0.0407808
55.5967 1.13474
55.6967 1.88455
55.7967 2.03755
55.8967 1.60248
55.9967 0.665059
56.0967 -0.660281
56.1967 -2.04025
56.2967 -3.08269
56.3967 -3.54538
56.4967 -3.33951
56.5967 -2.47847
56.6967 -1.12609
56.7967 0.50248
56.8967 2.22496
56.9967 3.81794
57.0967 5.05584
57.1967 5.84728
57.2967 6.08446
57.3967 5.7258
57.4967 4.90864
57.5967 3.96609
57.6967 3.23523
57.7967 2.92522
57.8967 3.11047
57.9967 3.73002
58.0967 4.45562
58.1967 4.86778
58.2967 4.54138
58.3967 3.17936
58.4967 0.94403
58.5967 -1.70994
58.6967 -4.18032
58.7967 -5.87
58.8967 -6.31675
58.9967 -5.35285
59.0967 -3.19647
59.1967 -0.492988
59.2967 2.05977
59.3967 3.89085
59.4967 4.70103
59.5967 4.34563
59.6967 2.98392
59.7967 1.02949
59.8967 -1.05845
59.9967 -2.92355
60.0967 -4.30171
60.1967 -5.07564
60.2967 -5.22514
60.3967 -4.84813
60.4967 -4.15509
60.5967 -3.37022
60.6967 -2.63635
60.7967 -2.00015
60.8967 -1.48878
60.9967 -1.11039
61.0967 -0.904297
61.1967 -0.857606
61.2967 -0.88809
61.3967 -0.874878
61.4967 -0.664082
61.5967 -0.214933
61.6967 0.470482
61.7967 1.37201
61.8967 2.35517
61.9967 3.18345
62.0967 3.60473
62.1967 3.41061
62.2967 2.60756
62.3967 1.36466
62.4967 0.0380941
62.5967 -1.0992
62.6967 -1.81367
62.7967 -1.91272
62.8967 -1.34427
62.9967 -0.238591
63.0967 1.19485
63.1967 2.65108
63.2967 3.90473
63.3967 4.88167
63.4967 5.56429
63.5967 5.99388
63.6967 6.19543
63.7967 6.1467
63.8967 5.74817
63.9967 4.95288
64.0967 3.72334
64.1967 2.13917
64.2967 0.483292
64.3967 -1.01209
64.4967 -2.19682
64.5967 -2.90782
64.6967 -3.12283
64.7967 -2.87531
64.8967 -2.25574
64.9967 -1.40594
65.0967 -0.539012
65.1967 0.201861
65.2967 0.721558
65.3967 0.939621
65.4967 0.835119
65.5967 0.397357
65.6967 -0.426824
65.7967 -1.65078
65.8967 -3.20453
65.9967 -4.93946
66.0967 -6.54179
66.1967 -7.56959
66.2967 -7.79725
66.3967 -7.22034
66.4967 -6.02119
66.5967 -4.47102
66.6967 -3.00887
66.7967 -1.89861
66.8967 -1.21369
66.9967 -0.908184
67.0967 -0.74794
67.1967 -0.44934
67.2967 0.245522
67.3967 1.46076
67.4967 3.11094
67.5967 4.93573
67.6967 6.66795
67.7967 8.00279
67.8967 8.75962
67.9967 8.76357
68.0967 8.15085
68.1967 6.99585
68.2967 5.42604
68.3967 3.59678
68.4967 1.72212
68.5967 0.00383266
68.6967 -1.38544
68.7967 -2.30092
68.8967 -2.67626
68.9967 -2.45388
69.0967 -1.76635
69.1967 -0.757755
69.2967 0.406948
69.3967 1.46124
69.4967 2.15141
69.5967 2.49151
69.6967 2.43189
69.7967 2.03505
69.8967 1.55125
69.9967 1.05982
70.0967 0.624006
70.1967 0.323338
70.2967 0.238469
70.3967 0.240688
70.4967 0.244117
70.5967 0.111899
70.6967 -0.260029
70.7967 -0.913984
70.8967 -1.78478
70.9967 -2.78733
71.0967 -3.9298
71.1967 -4.98625
71.2967 -5.7162
71.3967 -5.9157
71.4967 -5.59493
71.5967 -4.64012
71.6967 -3.2888
71.7967 -1.72645
71.8967 -0.225858
71.9967 1.00323
72.0967 1.76325
72.1967 2.00244
72.2967 1.76749
72.3967 1.24906
72.4967 0.648022
72.5967 0.1054
72.6967 -0.323686
72.7967 -0.61167
72.8967 -0.850814
72.9967 -1.07763
73.0967 -1.32331
73.1967 -1.48787
73.2967 -1.36626
73.3967 -0.832565
73.4967 0.230381
73.5967 1.84489
73.6967 3.77431
73.7967 5.67513
73.8967 7.11433
73.9967 7.84729
74.0967 7.76626
74.1967 6.88666
74.2967 5.41771
74.3967 3.66834
74.4967 1.95251
74.5967 0.564007
74.6967 -0.319848
74.7967 -0.620754
74.8967 -0.549804
74.9967 -0.278515
75.0967 -0.00629355
75.1967 0.0724213
75.2967 -0.0903159
75.3967 -0.464507
75.4967 -0.969404
75.5967 -1.58642
75.6967 -2.03029
75.7967 -2.33696
75.8967 -2.44032
75.9967 -2.34808
76.0967 -2.23312
76.1967 -2.15436
76.2967 -2.29126
76.3967 -2.57698
76.4967 -2.97294
76.5967 -3.48453
76.6967 -3.88823
76.7967 -4.11433
76.8967 -4.03659
76.9967 -3.54139
77.0967 -2.62273
77.1967 -1.29215
77.2967 0.310912
77.3967 2.03006
77.4967 3.57161
77.5967 4.72329
77.6967 5.32405
77.7967 5.20769
77.8967 4.36258
77.9967 2.95639
78.0967 1.35042
78.1967 -0.216077
78.2967 -1.39137
78.3967 -2.09239
78.4967 -2.17101
78.5967 -1.62168
78.6967 -0.631171
78.7967 0.395251
78.8967 1.29459
78.9967 1.86831
79.0967 2.05985
79.1967 1.86306
79.2967 1.37017
79.3967 0.793036
79.4967 0.295659
79.5967 0.0430368
79.6967 0.0657011
79.7967 0.338667
79.8967 0.736924
79.9967 1.12141
80.0967 1.43846
80.1967 1.59423
80.2967 1.5724
80.3967 1.37138
80.4967 1.01759
80.5967 0.688238
80.6967 0.453061
80.7967 0.355401
80.8967 0.383874
80.9967 0.40077
81.0967 0.369788
81.1967 0.270636
81.2967 -0.0173558
81.3967 -0.544987
81.4967 -1.2533
81.5967 -2.07474
81.6967 -2.8398
81.7967 -3.29465
81.8967 -3.3876
81.9967 -3.17917
82.0967 -2.57389
82.1967 -1.81436
82.2967 -0.98542
82.3967 -0.290991
82.4967 0.12057
82.5967 0.176674
82.6967 -0.0556191
82.7967 -0.389657
82.8967 -0.675206
82.9967 -0.812915
83.0967 -0.641868
83.1967 -0.135018
83.2967 0.669445
83.3967 1.58377
83.4967 2.35328
83.5967 2.86585
83.6967 3.064
83.7967 2.93994
83.8967 2.48123
83.9967 1.7876
84.0967 1.03841
84.1967 0.462167
84.2967 0.112531
84.3967 -0.0123033
84.4967 0.0172326
84.5967 0.0755785
84.6967 0.0666729
84.7967 -0.0521337
84.8967 -0.317458
84.9967 -0.659723
85.0967 -0.999941
85.1967 -1.26227
85.2967 -1.3879
85.3967 -1.32913
85.4967 -1.03535
85.5967 -0.60057
85.6967 -0.0354488
85.7967 0.590017
85.8967 1.1101
85.9967 1.48817
86.0967 1.59496
86.1967 1.44113
86.2967 1.01948
86.3967 0.40937
86.4967 -0.151394
86.5967 -0.644819
86.6967 -0.925964
86.7967 -0.94164
86.8967 -0.746559
86.9967 -0.413314
87.0967 -0.0410669
87.1967 0.274755
87.2967 0.527286
87.3967 0.613076
87.4967 0.493636
87.5967 0.141456
87.6967 -0.36219
87.7967 -0.911226
87.8967 -1.40931
87.9967 -1.7667
88.0967 -1.88627
88.1967 -1.73422
88.2967 -1.28839
88.3967 -0.610652
88.4967 0.242325
88.5967 1.01196
88.6967 1.56206
88.7967 1.87612
88.8967 1.84712
88.9967 1.55107
89.0967 0.983061
89.1967 0.285304
89.2967 -0.384661
89.3967 -0.763307
89.4967 -0.897968
89.5967 -0.759641
89.6967 -0.515203
89.7967 -0.233205
89.8967 0.0326735
89.9967 0.165862
90.0967 0.222117
90.1967 0.164805
90.2967 0.0713868
90.3967 -0.0124103
90.4967 -0.0583742
90.5967 0.00759037
90.6967 0.120627
90.7967 0.239922
90.8967 0.410315
90.9967 0.498247
91.0967 0.416666
91.1967 0.245434
91.2967 0.0233271
91.3967 -0.144198
91.4967 -0.255002
91.5967 -0.328329
91.6967 -0.353338
91.7967 -0.333754
91.8967 -0.208417
91.9967 -0.0892512
92.0967 0.0403717
92.1967 0.101607
92.2967 0.0739301
92.3967 0.0308326
92.4967 -0.0144011
92.5967 -0.0172524
92.6967 0.0305748
92.7967 0.0598497
92.8967 0.106106
92.9967 0.133938
93.0967 0.133137
93.1967 0.151162
93.2967 0.131616
93.3967 0.0685211
93.4967 -0.0250688
93.5967 -0.137622
93.6967 -0.201032
93.7967 -0.231634
93.8967 -0.209679
93.9967 -0.21317
94.0967 -0.208808
94.1967 -0.190116
94.2967 -0.168251
94.3967 -0.122115
94.4967 -0.0774428
94.5967 -0.0378622
94.6967 -0.0874683
94.7967 -0.0919136
94.8967 -0.101522
94.9967 -0.148756
95.0967 -0.219087
95.1967 -0.299247
95.2967 -0.320511
95.3967 -0.316258
95.4967 -0.259913
95.5967 -0.17365
95.6967 -0.103028
95.7967 -0.010232
95.8967 0.0724109
95.9967 0.140857
