-4.14424 0.476443
-4.04424 0.578667
-3.94424 0.674107
-3.84424 0.793058
-3.74424 0.879166
-3.64424 0.917252
-3.54424 0.890133
-3.44424 0.73634
-3.34424 0.538296
-3.24424 0.233872
-3.14424 -0.0806489
-3.04424 -0.354241
-2.94424 -0.534718
-2.84424 -0.603614
-2.74424 -0.509544
-2.64424 -0.332671
-2.54424 -0.0945578
-2.44424 0.202553
-2.34424 0.392194
-2.24424 0.398285
-2.14424 0.209913
-2.04424 -0.0903404
-1.94424 -0.432583
-1.84424 -0.705199
-1.74424 -0.847739
-1.64424 -0.874366
-1.54424 -0.722266
-1.44424 -0.566309
-1.34424 -0.344615
-1.24424 -0.0500505
-1.14424 0.259042
-1.04424 0.610226
-0.94424 0.896984
-0.84424 1.08772
-0.74424 1.13607
-0.64424 1.1822
-0.54424 1.16086
-0.44424 1.17766
-0.34424 1.1553
-0.24424 1.15658
-0.14424 1.02416
-0.04424 0.812842
0.05576 0.517703
0.15576 0.134161
0.25576 -0.176791
0.35576 -0.438048
0.45576 -0.573597
0.55576 -0.77688
0.65576 -0.900188
0.75576 -0.889822
0.85576 -0.758677
0.95576 -0.616089
1.05576 -0.462872
1.15576 -0.238973
1.25576 0.134546
1.35576 0.397114
1.45576 0.700228
1.55576 0.918942
1.65576 1.13809
1.75576 1.19774
1.85576 1.32338
1.95576 1.36581
2.05576 1.35824
2.15576 1.2788
2.25576 1.03861
2.35576 0.670057
2.45576 0.268353
2.55576 -0.132361
2.65576 -0.570126
2.75576 -1.02889
2.85576 -1.28938
2.95576 -1.42054
3.05576 -1.47899
3.15576 -1.39363
3.25576 -1.20677
3.35576 -1.07557
3.45576 -0.941677
3.55576 -0.793446
3.65576 -0.575574
3.75576 -0.230695
3.85576 0.262719
3.95576 0.75961
4.05576 1.20903
4.15576 1.49111
4.25576 1.6112
4.35576 1.59112
4.45576 1.51433
4.55576 1.43143
4.65576 1.29857
4.75576 1.13884
4.85576 1.10271
4.95576 1.09341
5.05576 1.03953
5.15576 0.87743
5.25576 0.590038
5.35576 0.220373
5.45576 -0.0837407
5.55576 -0.35435
5.65576 -0.637615
5.75576 -0.814648
5.85576 -0.79176
5.95576 -0.662004
6.05576 -0.504031
6.15576 -0.526267
6.25576 -0.626834
6.35576 -0.72627
6.45576 -0.717699
6.55576 -0.606094
6.65576 -0.386599
6.75576 -0.196242
6.85576 -0.0399836
6.95576 0.0720369
7.05576 0.275777
7.15576 0.575506
7.25576 0.889991
7.35576 1.19523
7.45576 1.51921
7.55576 1.73918
7.65576 1.92434
7.75576 2.02705
7.85576 1.9748
7.95576 1.65584
8.05576 1.21127
8.15576 0.629993
8.25576 -0.159958
8.35576 -0.999696
8.45576 -1.63734
8.55576 -2.1227
8.65576 -2.35028
8.75576 -2.2841
8.85576 -2.06694
8.95576 -1.71795
9.05576 -1.26728
9.15576 -0.665769
9.25576 0.0828881
9.35576 0.918276
9.45576 1.66165
9.55576 2.19335
9.65576 2.46314
9.75576 2.45935
9.85576 2.34613
9.95576 2.18444
10.0558 1.86851
10.1558 1.39948
10.2558 0.951083
10.3558 0.565097
10.4558 0.180977
10.5558 -0.15699
10.6558 -0.463219
10.7558 -0.739096
10.8558 -0.951302
10.9558 -1.09572
11.0558 -1.11793
11.1558 -0.968251
11.2558 -0.662329
11.3558 -0.281811
11.4558 0.112563
11.5558 0.432257
11.6558 0.59374
11.7558 0.616288
11.8558 0.594383
11.9558 0.566993
12.0558 0.500321
12.1558 0.338418
12.2558 0.175979
12.3558 0.0976471
12.4558 0.188419
12.5558 0.419402
12.6558 0.698902
12.7558 0.911104
12.8558 1.06215
12.9558 1.07742
13.0558 0.947877
13.1558 0.723397
13.2558 0.383705
13.3558 -0.0737909
13.4558 -0.550221
13.5558 -0.91182
13.6558 -1.07566
13.7558 -1.0374
13.8558 -0.827947
13.9558 -0.454771
14.0558 0.0393711
14.1558 0.522657
14.2558 0.850023
14.3558 1.00415
14.4558 0.920728
14.5558 0.618184
14.6558 0.20238
14.7558 -0.0940708
14.8558 -0.0863817
14.9558 0.186549
15.0558 0.621875
15.1558 1.1795
15.2558 1.73971
15.3558 2.09523
15.4558 2.14215
15.5558 1.84349
15.6558 1.25929
15.7558 0.552242
15.8558 -0.147704
15.9558 -0.82573
16.0558 -1.54393
16.1558 -2.1759
16.2558 -2.53924
16.3558 -2.54047
16.4558 -2.29027
16.5558 -1.8305
16.6558 -1.25856
16.7558 -0.604123
16.8558 0.0666232
16.9558 0.745909
17.0558 1.36847
17.1558 1.8716
17.2558 2.22632
17.3558 2.47928
17.4558 2.67225
17.5558 2.83711
17.6558 2.89584
17.7558 2.74645
17.8558 2.41528
17.9558 1.93996
18.0558 1.31969
18.1558 0.491146
18.2558 -0.46786
18.3558 -1.41675
18.4558 -2.23152
18.5558 -2.73817
18.6558 -2.91196
18.7558 -2.82459
18.8558 -2.54598
18.9558 -2.04799
19.0558 -1.3667
19.1558 -0.598189
19.2558 0.11861
19.3558 0.688285
19.4558 1.11191
19.5558 1.45707
19.6558 1.73109
19.7558 1.89878
19.8558 1.92373
19.9558 1.89285
20.0558 1.88271
20.1558 1.85477
20.2558 1.78143
20.3558 1.5961
20.4558 1.22415
20.5558 0.656591
20.6558 0.0559691
20.7558 -0.504898
20.8558 -0.946958
20.9558 -1.1459
21.0558 -1.11454
21.1558 -0.894183
21.2558 -0.547078
21.3558 -0.246432
21.4558 -0.129404
21.5558 -0.219676
21.6558 -0.514737
21.7558 -0.914425
21.8558 -1.25622
21.9558 -1.48799
22.0558 -1.45739
22.1558 -1.10168
22.2558 -0.442019
22.3558 0.41902
22.4558 1.34249
22.5558 2.20554
22.6558 2.84624
22.7558 3.14379
22.8558 3.15265
22.9558 2.95145
23.0558 2.59152
23.1558 2.09616
23.2558 1.57928
23.3558 1.14236
23.4558 0.786819
23.5558 0.473112
23.6558 0.211344
23.7558 0.00817025
23.8558 -0.162447
23.9558 -0.359624
24.0558 -0.672658
24.1558 -1.17281
24.2558 -1.97882
24.3558 -3.12295
24.4558 -4.58451
24.5558 -6.17096
24.6558 -7.3676
24.7558 -7.50619
24.8558 -6.14896
24.9558 -3.12042
25.0558 1.65326
25.1558 8.23037
25.2558 16.254
25.3558 24.1237
25.4558 29.3299
25.5558 29.5639
25.6558 22.9935
25.7558 7.75118
25.8558 -17.288
25.9558 -48.453
26.0558 -76.5549
26.1558 -92.4906
26.2558 -92.3037
26.3558 -77.6236
26.4558 -50.4855
26.5558 -12.7086
26.6558 31.6797
26.7558 75.9341
26.8558 111.952
26.9558 133.378
27.0558 137.658
27.1558 119.435
27.2558 75.0036
27.3558 13.9703
27.4558 -44.7466
27.5558 -87.1965
27.6558 -110.56
27.7558 -117.723
27.8558 -112.447
27.9558 -98.888
28.0558 -81.452
28.1558 -62.7886
28.2558 -43.6531
28.3558 -24.0529
28.4558 -3.96965
28.5558 16.6196
28.6558 37.5293
28.7558 57.6831
28.8558 74.9063
28.9558 86.4488
29.0558 90.0574
29.1558 85.8172
29.2558 75.8876
29.3558 62.9222
29.4558 48.5106
29.5558 33.0052
29.6558 16.1468
29.7558 -2.45865
29.8558 -22.551
29.9558 -42.2835
30.0558 -58.4491
30.1558 -68.3802
30.2558 -71.6064
30.3558 -69.1521
30.4558 -63.0076
30.5558 -55.5324
30.6558 -48.0494
30.7558 -40.544
30.8558 -32.5849
30.9558 -23.7954
31.0558 -13.9792
31.1558 -3.34756
31.2558 7.2292
31.3558 16.925
31.4558 25.1695
31.5558 31.8159
31.6558 36.9553
31.7558 40.8249
31.8558 43.7196
31.9558 45.6212
32.0558 45.9993
32.1558 44.282
32.2558 40.2633
32.3558 34.1657
32.4558 26.7384
32.5558 18.9664
32.6558 11.5851
32.7558 4.80792
32.8558 -1.54217
32.9558 -7.79119
33.0558 -14.2003
33.1558 -20.7235
33.2558 -26.8489
33.3558 -31.8242
33.4558 -35.2256
33.5558 -37.0342
33.6558 -37.4712
33.7558 -36.8305
33.8558 -35.3742
33.9558 -33.1665
34.0558 -30.0872
34.1558 -26.1018
34.2558 -21.3107
34.3558 -15.7914
34.4558 -9.87171
34.5558 -4.05232
34.6558 1.37869
34.7558 6.28644
34.8558 10.7412
34.9558 14.8948
35.0558 18.8228
35.1558 22.3895
35.2558 25.2303
35.3558 27.0966
35.4558 28.0728
35.5558 28.2558
35.6558 27.7857
35.7558 26.7978
35.8558 25.3144
35.9558 23.2338
36.0558 20.459
36.1558 16.9806
36.2558 12.8686
36.3558 8.33796
36.4558 3.74146
36.5558 -0.663947
36.6558 -4.82867
36.7558 -8.79083
36.8558 -12.6588
36.9558 -16.4316
37.0558 -19.8733
37.1558 -22.6812
37.2558 -24.5264
37.3558 -25.2952
37.4558 -25.0487
37.5558 -24.059
37.6558 -22.6447
37.7558 -21.0744
37.8558 -19.4403
37.9558 -17.7219
38.0558 -15.8402
38.1558 -13.6322
38.2558 -11.009
38.3558 -7.83167
38.4558 -4.06551
38.5558 0.157195
38.6558 4.63612
38.7558 9.05172
38.8558 13.0432
38.9558 16.2293
39.0558 18.356
39.1558 19.2511
39.2558 18.8491
39.3558 17.4425
39.4558 15.5661
39.5558 13.6815
39.6558 12.1298
39.7558 11.0022
39.8558 10.3292
39.9558 10.0851
40.0558 10.0682
40.1558 10.0752
40.2558 9.89519
40.3558 9.51925
40.4558 8.98812
40.5558 8.2619
40.6558 7.25535
40.7558 5.83266
40.8558 3.99461
40.9558 1.74458
41.0558 -0.977749
41.1558 -4.14656
41.2558 -7.57224
41.3558 -10.9629
41.4558 -14.1443
41.5558 -17.0582
41.6558 -19.5144
41.7558 -21.4034
41.8558 -22.6259
41.9558 -23.1165
42.0558 -22.8169
42.1558 -21.6921
42.2558 -19.6985
42.3558 -16.9873
42.4558 -13.8335
42.5558 -10.4524
42.6558 -7.11247
42.7558 -4.02132
42.8558 -1.15601
42.9558 1.53735
43.0558 4.03669
43.1558 6.34155
43.2558 8.42798
43.3558 10.2522
43.4558 11.7587
43.5558 12.9677
43.6558 13.9007
43.7558 14.6561
43.8558 15.3496
43.9558 16.0435
44.0558 16.5858
44.1558 16.865
44.2558 16.8121
44.3558 16.2288
44.4558 14.9729
44.5558 13.0858
44.6558 10.7204
44.7558 8.09986
44.8558 5.45949
44.9558 2.94669
45.0558 0.645681
45.1558 -1.35163
45.2558 -2.9922
45.3558 -4.41304
45.4558 -5.7402
45.5558 -7.01041
45.6558 -8.20489
45.7558 -9.31218
45.8558 -10.189
45.9558 -10.7305
46.0558 -10.939
46.1558 -10.8771
46.2558 -10.611
46.3558 -10.0894
46.4558 -9.37199
46.5558 -8.61866
46.6558 -8.08258
46.7558 -7.83824
46.8558 -7.87549
46.9558 -8.03674
47.0558 -8.11711
47.1558 -7.83976
47.2558 -7.1288
47.3558 -6.05923
47.4558 -4.6984
47.5558 -3.08678
47.6558 -1.21283
47.7558 0.745793
47.8558 2.57263
47.9558 4.1332
48.0558 5.40169
48.1558 6.36825
48.2558 7.09667
48.3558 7.75444
48.4558 8.42938
48.5558 9.15106
48.6558 9.9159
48.7558 10.5889
48.8558 11.0535
48.9558 11.2585
49.0558 11.1525
49.1558 10.7361
49.2558 10.0675
49.3558 9.28989
49.4558 8.48663
49.5558 7.71152
49.6558 6.90674
49.7558 6.06323
49.8558 5.12242
49.9558 3.95286
50.0558 2.5199
50.1558 0.993554
50.2558 -0.524257
50.3558 -1.87997
50.4558 -3.06544
50.5558 -4.11533
50.6558 -5.13537
50.7558 -6.19872
50.8558 -7.38919
50.9558 -8.693
51.0558 -10.0299
51.1558 -11.1861
51.2558 -11.8965
51.3558 -12.1001
51.4558 -11.8431
51.5558 -11.2037
51.6558 -10.2998
51.7558 -9.17439
51.8558 -7.89095
51.9558 -6.58144
52.0558 -5.29127
52.1558 -4.10904
52.2558 -3.05074
52.3558 -2.08003
52.4558 -1.16698
52.5558 -0.328203
52.6558 0.493264
52.7558 1.29371
52.8558 2.12058
52.9558 3.0056
53.0558 3.98668
53.1558 5.02866
53.2558 5.99861
53.3558 6.80583
53.4558 7.44912
53.5558 7.98548
53.6558 8.47738
53.7558 8.90894
53.8558 9.2009
53.9558 9.27646
54.0558 9.13197
54.1558 8.74188
54.2558 8.1955
54.3558 7.53584
54.4558 6.72472
54.5558 5.76432
54.6558 4.73998
54.7558 3.7325
54.8558 2.70975
54.9558 1.72108
55.0558 0.776732
55.1558 -0.115578
55.2558 -0.845678
55.3558 -1.3062
55.4558 -1.55131
55.5558 -1.70163
55.6558 -1.89419
55.7558 -2.26608
55.8558 -2.76956
55.9558 -3.33883
56.0558 -3.93921
56.1558 -4.53018
56.2558 -5.07303
56.3558 -5.5567
56.4558 -5.87232
56.5558 -6.02103
56.6558 -6.12356
56.7558 -6.2816
56.8558 -6.44256
56.9558 -6.50269
57.0558 -6.49443
57.1558 -6.4274
57.2558 -6.23936
57.3558 -5.8929
57.4558 -5.33568
57.5558 -4.52964
57.6558 -3.54252
57.7558 -2.47029
57.8558 -1.43416
57.9558 -0.431302
58.0558 0.574651
58.1558 1.60012
58.2558 2.54093
58.3558 3.356
58.4558 4.04702
58.5558 4.6152
58.6558 5.13328
58.7558 5.704
58.8558 6.29298
58.9558 6.8775
59.0558 7.43749
59.1558 7.93654
59.2558 8.24644
59.3558 8.19602
59.4558 7.7021
59.5558 6.78541
59.6558 5.5991
59.7558 4.41467
59.8558 3.43939
59.9558 2.83468
60.0558 2.67649
60.1558 3.02755
60.2558 3.77513
60.3558 4.60431
60.4558 5.19944
60.5558 5.09742
60.6558 3.92179
60.7558 1.60705
60.8558 -1.65662
60.9558 -5.44228
61.0558 -9.01022
61.1558 -11.538
61.2558 -12.4735
61.3558 -11.6679
61.4558 -9.3165
61.5558 -5.94337
61.6558 -2.32417
61.7558 0.721764
61.8558 2.65562
61.9558 3.33822
62.0558 2.73206
62.1558 1.08611
62.2558 -1.13819
62.3558 -3.40413
62.4558 -5.30634
62.5558 -6.6894
62.6558 -7.55264
62.7558 -7.985
62.8558 -8.02877
62.9558 -7.59323
63.0558 -6.68263
63.1558 -5.42653
63.2558 -3.82207
63.3558 -1.96018
63.4558 -0.0658191
63.5558 1.65445
63.6558 3.0646
63.7558 4.16814
63.8558 5.16042
63.9558 6.08955
64.0558 6.88377
64.1558 7.54585
64.2558 8.01903
64.3558 8.21978
64.4558 8.18383
64.5558 7.93158
64.6558 7.37875
64.7558 6.54568
64.8558 5.59332
64.9558 4.7309
65.0558 4.01273
65.1558 3.35751
65.2558 2.71004
65.3558 2.13515
65.4558 1.70746
65.5558 1.37889
65.6558 1.07523
65.7558 0.764196
65.8558 0.401096
65.9558 -0.0564027
66.0558 -0.535941
66.1558 -0.970687
66.2558 -1.42144
66.3558 -1.87499
66.4558 -2.2859
66.5558 -2.6753
66.6558 -2.9323
66.7558 -3.04228
66.8558 -3.08182
66.9558 -3.18857
67.0558 -3.41121
67.1558 -3.6516
67.2558 -3.83945
67.3558 -4.0301
67.4558 -4.24714
67.5558 -4.42863
67.6558 -4.52809
67.7558 -4.44416
67.8558 -4.10476
67.9558 -3.49451
68.0558 -2.71416
68.1558 -1.86226
68.2558 -1.04217
68.3558 -0.313385
68.4558 0.263936
68.5558 0.668738
68.6558 0.955823
68.7558 1.13417
68.8558 1.29553
68.9558 1.52938
69.0558 1.79336
69.1558 2.04663
69.2558 2.21324
69.3558 2.33232
69.4558 2.44448
69.5558 2.61832
69.6558 2.76857
69.7558 2.84094
69.8558 2.82383
69.9558 2.7437
70.0558 2.68557
70.1558 2.68558
70.2558 2.68674
70.3558 2.75707
70.4558 2.90667
70.5558 3.12129
70.6558 3.34183
70.7558 3.46821
70.8558 3.48173
70.9558 3.38644
71.0558 3.20422
71.1558 2.94771
71.2558 2.64427
71.3558 2.35207
71.4558 2.03825
71.5558 1.68942
71.6558 1.30448
71.7558 0.868424
71.8558 0.361539
71.9558 -0.24729
72.0558 -0.93593
72.1558 -1.62542
72.2558 -2.23277
72.3558 -2.78684
72.4558 -3.36172
72.5558 -3.8586
72.6558 -4.17645
72.7558 -4.34238
72.8558 -4.4268
72.9558 -4.51417
73.0558 -4.57744
73.1558 -4.56132
73.2558 -4.44835
73.3558 -4.26868
73.4558 -4.03389
73.5558 -3.69146
73.6558 -3.19485
73.7558 -2.56802
73.8558 -1.81032
73.9558 -0.941605
74.0558 -0.0776253
74.1558 0.635736
74.2558 1.14094
74.3558 1.50329
74.4558 1.81642
74.5558 2.1059
74.6558 2.36147
74.7558 2.60331
74.8558 2.90584
74.9558 3.18712
75.0558 3.41862
75.1558 3.61661
75.2558 3.79755
75.3558 3.98564
75.4558 4.13721
75.5558 4.20451
75.6558 4.20252
75.7558 4.14991
75.8558 4.01225
75.9558 3.78549
76.0558 3.40269
76.1558 2.8864
76.2558 2.35076
76.3558 1.8093
76.4558 1.27448
76.5558 0.82487
76.6558 0.507838
76.7558 0.330978
76.8558 0.166784
76.9558 -0.0767122
77.0558 -0.415639
77.1558 -0.82576
77.2558 -1.17844
77.3558 -1.43342
77.4558 -1.64617
77.5558 -1.79412
77.6558 -1.86005
77.7558 -1.87422
77.8558 -1.96109
77.9558 -2.12949
78.0558 -2.40971
78.1558 -2.71401
78.2558 -2.98289
78.3558 -3.17777
78.4558 -3.26663
78.5558 -3.15521
78.6558 -2.95431
78.7558 -2.62313
78.8558 -2.18065
78.9558 -1.66863
79.0558 -1.20273
79.1558 -0.786067
79.2558 -0.346962
79.3558 0.0817679
79.4558 0.578941
79.5558 1.14934
79.6558 1.72366
79.7558 2.13916
79.8558 2.33412
79.9558 2.33059
80.0558 2.20445
80.1558 2.05833
80.2558 1.96771
80.3558 1.76418
80.4558 1.40281
80.5558 0.933413
80.6558 0.630954
80.7558 0.466707
80.8558 0.383931
80.9558 0.34593
81.0558 0.45658
81.1558 0.723372
81.2558 1.14612
81.3558 1.65864
81.4558 2.12783
81.5558 2.42784
81.6558 2.45802
81.7558 2.28514
81.8558 2.01823
81.9558 1.72261
82.0558 1.41894
82.1558 1.1017
82.2558 0.839277
82.3558 0.530048
82.4558 0.193984
82.5558 -0.198881
82.6558 -0.496198
82.7558 -0.763011
82.8558 -1.01844
82.9558 -1.16245
83.0558 -1.20271
83.1558 -1.09722
83.2558 -1.06031
83.3558 -1.02276
83.4558 -0.929485
83.5558 -0.986174
83.6558 -1.10163
83.7558 -1.2677
83.8558 -1.38559
83.9558 -1.59445
84.0558 -1.78826
84.1558 -1.80163
84.2558 -1.68808
84.3558 -1.42515
84.4558 -1.07475
84.5558 -0.618322
84.6558 -0.137586
84.7558 0.379577
84.8558 0.889202
84.9558 1.28051
85.0558 1.47038
85.1558 1.52936
85.2558 1.38373
85.3558 1.20832
85.4558 1.00166
85.5558 0.804875
85.6558 0.543489
85.7558 0.319815
85.8558 0.151574
85.9558 0.111541
86.0558 0.167956
86.1558 0.334732
86.2558 0.419758
86.3558 0.486306
86.4558 0.580263
86.5558 0.633206
86.6558 0.673169
86.7558 0.71577
86.8558 0.756951
86.9558 0.756208
87.0558 0.76083
87.1558 0.766356
87.2558 0.738057
87.3558 0.735337
87.4558 0.663086
87.5558 0.503452
87.6558 0.393572
87.7558 0.277114
87.8558 0.27803
87.9558 0.271437
88.0558 0.239432
88.1558 0.186642
88.2558 0.165874
88.3558 0.143572
88.4558 0.0778295
88.5558 -0.022139
88.6558 -0.0835059
88.7558 -0.185808
88.8558 -0.234209
88.9558 -0.215143
89.0558 -0.186881
89.1558 -0.199467
89.2558 -0.245526
89.3558 -0.305951
89.4558 -0.399092
89.5558 -0.497717
89.6558 -0.548375
89.7558 -0.579503
89.8558 -0.622503
89.9558 -0.553609
90.0558 -0.428252
90.1558 -0.264608
90.2558 -0.152066
90.3558 -0.0785307
90.4558 -0.0789363
90.5558 -0.069047
90.6558 -0.0517649
90.7558 -0.0787608
90.8558 -0.0126927
90.9558 0.145523
91.0558 0.311602
91.1558 0.479206
91.2558 0.64412
91.3558 0.807237
91.4558 0.86313
91.5558 0.827294
91.6558 0.732916
91.7558 0.64183
91.8558 0.49871
91.9558 0.40028
92.0558 0.282717
92.1558 0.238166
92.2558 0.164142
92.3558 0.0217552
92.4558 -0.0731321
92.5558 -0.0843033
92.6558 -0.132817
92.7558 -0.211809
92.8558 -0.233513
92.9558 -0.169304
93.0558 -0.0357718
93.1558 0.144822
93.2558 0.287907
93.3558 0.413039
93.4558 0.545383
93.5558 0.689006
93.6558 0.797803
93.7558 0.743918
93.8558 0.611726
93.9558 0.428475
94.0558 0.261093
94.1558 0.144673
94.2558 -0.0284825
94.3558 -0.103173
94.4558 -0.151922
94.5558 -0.190121
94.6558 -0.174205
94.7558 -0.158725
94.8558 -0.112174
94.9558 -0.0914862
95.0558 -0.0330647
95.1558 0.0188849
95.2558 0.0178658
95.3558 0.0383132
95.4558 0.104014
95.5558 0.129683
95.6558 0.157923
95.7558 0.10107
95.8558 -0.0483051
95.9558 -0.134081
96.0558 -0.225153
96.1558 -0.232827
96.2558 -0.201762
96.3558 -0.207687
96.4558 -0.253927
96.5558 -0.236416
96.6558 -0.236952
96.7558 -0.261533
96.8558 -0.27601
96.9558 -0.249479
97.0558 -0.193664
97.1558 -0.1328
97.2558 -0.105402
97.3558 0.00624058
97.4558 0.133638
97.5558 0.204746
97.6558 0.302199
97.7558 0.381931
97.8558 0.420555
97.9558 0.422595
98.0558 0.369467
98.1558 0.29322
