-7.90435 0.371151
-7.80435 0.352039
-7.70435 0.266139
-7.60435 0.181209
-7.50435 0.144596
-7.40435 0.102565
-7.30435 0.10924
-7.20435 0.170197
-7.10435 0.223348
-7.00435 0.295853
-6.90435 0.280482
-6.80435 0.240487
-6.70435 0.201968
-6.60435 0.160707
-6.50435 0.168401
-6.40435 0.182533
-6.30435 0.185452
-6.20435 0.194543
-6.10435 0.207217
-6.00435 0.247447
-5.90435 0.255578
-5.80435 0.246701
-5.70435 0.210921
-5.60435 0.148568
-5.50435 0.175244
-5.40435 0.151869
-5.30435 0.109303
-5.20435 0.0928155
-5.10435 0.139322
-5.00435 0.158143
-4.90435 0.188305
-4.80435 0.234559
-4.70435 0.261417
-4.60435 0.276416
-4.50435 0.2978
-4.40435 0.3061
-4.30435 0.230685
-4.20435 0.0781657
-4.10435 -0.0424582
-4.00435 -0.145949
-3.90435 -0.273383
-3.80435 -0.283589
-3.70435 -0.201772
-3.60435 -0.0586938
-3.50435 0.0615836
-3.40435 0.10917
-3.30435 0.19305
-3.20435 0.203106
-3.10435 0.128949
-3.00435 0.0571524
-2.90435 -0.120072
-2.80435 -0.203204
-2.70435 -0.23738
-2.60435 -0.247471
-2.50435 -0.179114
-2.40435 -0.0149573
-2.30435 0.234637
-2.20435 0.506099
-2.10435 0.699582
-2.00435 0.833629
-1.90435 0.886524
-1.80435 0.810707
-1.70435 0.67081
-1.60435 0.49636
-1.50435 0.287274
-1.40435 0.0731368
-1.30435 -0.117129
-1.20435 -0.255946
-1.10435 -0.289727
-1.00435 -0.222096
-0.904355 -0.0318517
-0.804355 0.135523
-0.704355 0.198954
-0.604355 0.216641
-0.504355 0.232034
-0.404355 0.222456
-0.304355 0.287045
-0.204355 0.364167
-0.104355 0.424592
-0.0043548 0.48314
0.0956452 0.531498
0.195645 0.498676
0.295645 0.539718
0.395645 0.534386
0.495645 0.591963
0.595645 0.646668
0.695645 0.646487
0.795645 0.487066
0.895645 0.26923
0.995645 -0.0416644
1.09565 -0.343005
1.19565 -0.503891
1.29565 -0.551251
1.39565 -0.541837
1.49565 -0.514527
1.59565 -0.366753
1.69565 -0.120058
1.79565 0.106623
1.89565 0.317781
1.99565 0.438524
2.09565 0.418242
2.19565 0.203997
2.29565 -0.0753345
2.39565 -0.267828
2.49565 -0.266876
2.59565 -0.196435
2.69565 -0.0384166
2.79565 0.144233
2.89565 0.344286
2.99565 0.581966
3.09565 0.781632
3.19565 0.949255
3.29565 1.00417
3.39565 0.919657
3.49565 0.721573
3.59565 0.497987
3.69565 0.324551
3.79565 0.178798
3.89565 0.0457066
3.99565 -0.119103
4.09565 -0.220575
4.19565 -0.24328
4.29565 -0.186284
4.39565 -0.0808348
4.49565 0.0219055
4.59565 0.130593
4.69565 0.194491
4.79565 0.230607
4.89565 0.300315
4.99565 0.215328
5.09565 0.0924761
5.19565 0.0142444
5.29565 -0.0563974
5.39565 -0.0727712
5.49565 -0.0436316
5.59565 0.0608473
5.69565 0.188503
5.79565 0.307367
5.89565 0.38682
5.99565 0.442437
6.09565 0.483663
6.19565 0.507333
6.29565 0.494025
6.39565 0.462402
6.49565 0.363103
6.59565 0.217835
6.69565 0.0700694
6.79565 -0.112175
6.89565 -0.330795
6.99565 -0.483666
7.09565 -0.510247
7.19565 -0.366304
7.29565 -0.131835
7.39565 0.120031
7.49565 0.338057
7.59565 0.51136
7.69565 0.617222
7.79565 0.643803
7.89565 0.576859
7.99565 0.468856
8.09565 0.32601
8.19565 0.200898
8.29565 0.0966394
8.39565 0.00741009
8.49565 -0.0639
8.59565 -0.124202
8.69565 -0.174933
8.79565 -0.149133
8.89565 -0.0530702
8.99565 0.0617748
9.09565 0.126619
9.19565 0.169671
9.29565 0.217332
9.39565 0.223336
9.49565 0.189529
9.59565 0.159696
9.69565 0.162197
9.79565 0.216456
9.89565 0.304
9.99565 0.418352
10.0956 0.537389
10.1956 0.641365
10.2956 0.708175
10.3956 0.723694
10.4956 0.679992
10.5956 0.55121
10.6956 0.356552
10.7956 0.162424
10.8956 -0.018121
10.9956 -0.174679
11.0956 -0.285764
11.1956 -0.343455
11.2956 -0.324626
11.3956 -0.251061
11.4956 -0.108802
11.5956 0.0414786
11.6956 0.175405
11.7956 0.278052
11.8956 0.356777
11.9956 0.388752
12.0956 0.330501
12.1956 0.2328
12.2956 0.141387
12.3956 0.0823388
12.4956 0.0548948
12.5956 0.0304558
12.6956 0.0190818
12.7956 0.117973
12.8956 0.348096
12.9956 0.569817
13.0956 0.69053
13.1956 0.63466
13.2956 0.503738
13.3956 0.405231
13.4956 0.324204
13.5956 0.235202
13.6956 0.108855
13.7956 0.00587968
13.8956 0.0127478
13.9956 0.0857374
14.0956 0.15319
14.1956 0.147289
14.2956 0.104953
14.3956 -0.011696
14.4956 -0.188379
14.5956 -0.321559
14.6956 -0.39749
14.7956 -0.495346
14.8956 -0.586514
14.9956 -0.55424
15.0956 -0.373486
15.1956 -0.0983075
15.2956 0.222623
15.3956 0.4782
15.4956 0.64797
15.5956 0.753352
15.6956 0.788148
15.7956 0.734837
15.8956 0.621976
15.9956 0.48888
16.0956 0.408279
16.1956 0.38515
16.2956 0.387398
16.3956 0.416233
16.4956 0.461007
16.5956 0.54747
16.6956 0.665111
16.7956 0.737894
16.8956 0.709794
16.9956 0.557298
17.0956 0.321575
17.1956 0.0195219
17.2956 -0.34195
17.3956 -0.66733
17.4956 -0.861598
17.5956 -0.926948
17.6956 -0.880648
17.7956 -0.770466
17.8956 -0.611325
17.9956 -0.341476
18.0956 -0.0478796
18.1956 0.227332
18.2956 0.484484
18.3956 0.701451
18.4956 0.891677
18.5956 1.02857
18.6956 1.07101
18.7956 1.01246
18.8956 0.896399
18.9956 0.786579
19.0956 0.701128
19.1956 0.591631
19.2956 0.427192
19.3956 0.268051
19.4956 0.156515
19.5956 0.105676
19.6956 0.0736148
19.7956 0.0726031
19.8956 0.0797183
19.9956 -0.0262428
20.0956 -0.28779
20.1956 -0.697193
20.2956 -1.24479
20.3956 -2.04099
20.4956 -3.07876
20.5956 -4.06992
20.6956 -4.62876
20.7956 -4.34359
20.8956 -2.91281
20.9956 -0.247879
21.0956 3.74881
21.1956 9.22292
21.2956 15.5123
21.3956 20.697
21.4956 22.7146
21.5956 20.2555
21.6956 12.2083
21.7956 -2.7842
21.8956 -23.8001
21.9956 -46.3992
22.0956 -63.794
22.1956 -70.5589
22.2956 -65.7598
22.3956 -50.1831
22.4956 -24.0307
22.5956 10.012
22.6956 45.7115
22.7956 75.6761
22.8956 94.3684
22.9956 99.9494
23.0956 90.8617
23.1956 63.7089
23.2956 22.5109
23.3956 -20.3231
23.4956 -52.8471
23.5956 -71.9147
23.6956 -80.1723
23.7956 -79.8658
23.8956 -73.2444
23.9956 -63.1117
24.0956 -51.4416
24.1956 -38.8634
24.2956 -25.2881
24.3956 -10.5629
24.4956 5.15941
24.5956 21.2182
24.6956 36.3167
24.7956 48.8503
24.8956 57.2521
24.9956 60.5701
25.0956 59.0327
25.1956 54.0687
25.2956 47.0668
25.3956 38.7331
25.4956 29.1935
25.5956 18.26
25.6956 5.55998
25.7956 -8.71849
25.8956 -23.2857
25.9956 -35.8427
26.0956 -44.6661
26.1956 -49.2571
26.2956 -50.1028
26.3956 -48.3241
26.4956 -45.2079
26.5956 -41.4651
26.6956 -37.1029
26.7956 -31.7955
26.8956 -25.2378
26.9956 -17.2107
27.0956 -7.91058
27.1956 1.71869
27.2956 10.5306
27.3956 17.9393
27.4956 23.8953
27.5956 28.5064
27.6956 32.0112
27.7956 34.6632
27.8956 36.5701
27.9956 37.5107
28.0956 37.0556
28.1956 34.832
28.2956 30.7444
28.3956 25.1182
28.4956 18.7111
28.5956 12.264
28.6956 6.18835
28.7956 0.400284
28.8956 -5.32788
28.9956 -11.0973
29.0956 -16.7867
29.1956 -21.9737
29.2956 -26.1328
29.3956 -28.9391
29.4956 -30.3777
29.5956 -30.6117
29.6956 -29.9109
29.7956 -28.539
29.8956 -26.6799
29.9956 -24.3493
30.0956 -21.4191
30.1956 -17.8349
30.2956 -13.7056
30.3956 -9.21533
30.4956 -4.65726
30.5956 -0.255359
30.6956 3.87207
30.7956 7.69432
30.8956 11.2128
30.9956 14.4702
31.0956 17.4012
31.1956 19.9014
31.2956 21.8683
31.3956 23.2364
31.4956 24.0291
31.5956 24.1832
31.6956 23.6881
31.7956 22.5728
31.8956 20.8362
31.9956 18.4643
32.0956 15.5033
32.1956 12.0403
32.2956 8.27471
32.3956 4.41531
32.4956 0.588714
32.5956 -3.09104
32.6956 -6.5529
32.7956 -9.7856
32.8956 -12.723
32.9956 -15.296
33.0956 -17.3666
33.1956 -18.8329
33.2956 -19.605
33.3956 -19.6893
33.4956 -19.2513
33.5956 -18.4601
33.6956 -17.4749
33.7956 -16.4063
33.8956 -15.287
33.9956 -14.0139
34.0956 -12.4886
34.1956 -10.6336
34.2956 -8.35131
34.3956 -5.61374
34.4956 -2.43658
34.5956 1.16171
34.6956 4.95538
34.7956 8.61382
34.8956 11.787
34.9956 14.1717
35.0956 15.5794
35.1956 15.9671
35.2956 15.4805
35.3956 14.3904
35.4956 13.0313
35.5956 11.7645
35.6956 10.7903
35.7956 10.1507
35.8956 9.79542
35.9956 9.55492
36.0956 9.21802
36.1956 8.75308
36.2956 8.20892
36.3956 7.58565
36.4956 6.88042
36.5956 6.02774
36.6956 4.95148
36.7956 3.60864
36.8956 1.92442
36.9956 -0.119336
37.0956 -2.54923
37.1956 -5.20671
37.2956 -7.85286
37.3956 -10.3502
37.4956 -12.6177
37.5956 -14.5623
37.6956 -16.1113
37.7956 -17.2215
37.8956 -17.8357
37.9956 -17.8006
38.0956 -17.0712
38.1956 -15.7218
38.2956 -13.8909
38.3956 -11.7146
38.4956 -9.37807
38.5956 -7.00537
38.6956 -4.67175
38.7956 -2.45206
38.8956 -0.306366
38.9956 1.813
39.0956 3.82428
39.1956 5.66372
39.2956 7.29096
39.3956 8.70018
39.4956 9.86164
39.5956 10.7826
39.6956 11.4756
39.7956 12.0627
39.8956 12.6136
39.9956 13.1125
40.0956 13.463
40.1956 13.6061
40.2956 13.4298
40.3956 12.7713
40.4956 11.5828
40.5956 9.96331
40.6956 7.98761
40.7956 5.83604
40.8956 3.71773
40.9956 1.80387
41.0956 0.139928
41.1956 -1.27406
41.2956 -2.54518
41.3956 -3.71984
41.4956 -4.78733
41.5956 -5.76646
41.6956 -6.71272
41.7956 -7.60699
41.8956 -8.31833
41.9956 -8.76239
42.0956 -8.99217
42.1956 -9.06102
42.2956 -8.92049
42.3956 -8.54053
42.4956 -7.97695
42.5956 -7.31589
42.6956 -6.69744
42.7956 -6.23506
42.8956 -5.92628
42.9956 -5.66988
43.0956 -5.33204
43.1956 -4.88969
43.2956 -4.33564
43.3956 -3.5897
43.4956 -2.63446
43.5956 -1.5572
43.6956 -0.476692
43.7956 0.532875
43.8956 1.4447
43.9956 2.25888
44.0956 3.03883
44.1956 3.81098
44.2956 4.58011
44.3956 5.38678
44.4956 6.31094
44.5956 7.32737
44.6956 8.31231
44.7956 9.13541
44.8956 9.71359
44.9956 9.9413
45.0956 9.77343
45.1956 9.28864
45.2956 8.60974
45.3956 7.88659
45.4956 7.16739
45.5956 6.45597
45.6956 5.77057
45.7956 5.02914
45.8956 4.10861
45.9956 3.00549
46.0956 1.79059
46.1956 0.573443
46.2956 -0.480945
46.3956 -1.37483
46.4956 -2.22501
46.5956 -3.11365
46.6956 -4.14067
46.7956 -5.32129
46.8956 -6.55767
46.9956 -7.76342
47.0956 -8.91001
47.1956 -9.89326
47.2956 -10.5759
47.3956 -10.8404
47.4956 -10.6608
47.5956 -10.1017
47.6956 -9.27706
47.7956 -8.2569
47.8956 -7.14937
47.9956 -6.01189
48.0956 -4.87741
48.1956 -3.74766
48.2956 -2.58899
48.3956 -1.47102
48.4956 -0.436517
48.5956 0.552846
48.6956 1.52407
48.7956 2.43552
48.8956 3.26768
48.9956 4.0431
49.0956 4.74458
49.1956 5.36603
49.2956 5.93089
49.3956 6.43873
49.4956 6.88264
49.5956 7.29327
49.6956 7.65901
49.7956 7.87531
49.8956 7.8664
49.9956 7.60841
50.0956 7.13249
50.1956 6.52052
50.2956 5.82883
50.3956 5.07168
50.4956 4.27848
50.5956 3.53947
50.6956 2.90625
50.7956 2.36303
50.8956 1.83365
50.9956 1.31951
51.0956 0.825485
51.1956 0.337623
51.2956 -0.117666
51.3956 -0.527148
51.4956 -0.905662
51.5956 -1.31598
51.6956 -1.77776
51.7956 -2.29173
51.8956 -2.83621
51.9956 -3.39495
52.0956 -3.92884
52.1956 -4.40199
52.2956 -4.79265
52.3956 -5.10037
52.4956 -5.37808
52.5956 -5.6843
52.6956 -6.00514
52.7956 -6.21457
52.8956 -6.22004
52.9956 -6.08947
53.0956 -5.90415
53.1956 -5.64913
53.2956 -5.2519
53.3956 -4.72052
53.4956 -4.11106
53.5956 -3.46712
53.6956 -2.73378
53.7956 -1.94023
53.8956 -1.0999
53.9956 -0.213888
54.0956 0.73201
54.1956 1.74529
54.2956 2.80822
54.3956 3.83531
54.4956 4.71653
54.5956 5.43701
54.6956 5.97764
54.7956 6.36127
54.8956 6.61866
54.9956 6.77828
55.0956 6.83281
55.1956 6.78437
55.2956 6.58298
55.3956 6.17955
55.4956 5.55869
55.5956 4.89523
55.6956 4.27495
55.7956 3.73321
55.8956 3.31102
55.9956 3.13044
56.0956 3.26285
56.1956 3.63076
56.2956 4.07018
56.3956 4.35909
56.4956 4.19358
56.5956 3.35789
56.6956 1.66551
56.7956 -0.736329
56.8956 -3.65447
56.9956 -6.67982
57.0956 -9.22236
57.1956 -10.686
57.2956 -10.799
57.3956 -9.60146
57.4956 -7.39661
57.5956 -4.71069
57.6956 -2.11439
57.7956 -0.0741162
57.8956 1.14965
57.9956 1.49799
58.0956 0.996656
58.1956 -0.168821
58.2956 -1.65503
58.3956 -3.07194
58.4956 -4.20558
58.5956 -5.01154
58.6956 -5.50455
58.7956 -5.67848
58.8956 -5.54702
58.9956 -5.10155
59.0956 -4.30863
59.1956 -3.2174
59.2956 -1.92845
59.3956 -0.578811
59.4956 0.750278
59.5956 1.9797
59.6956 3.08176
59.7956 4.03502
59.8956 4.82355
59.9956 5.47418
60.0956 6.00096
60.1956 6.40179
60.2956 6.68788
60.3956 6.82044
60.4956 6.72845
60.5956 6.43809
60.6956 6.04139
60.7956 5.59855
60.8956 5.11438
60.9956 4.60739
61.0956 4.07927
61.1956 3.45114
61.2956 2.74281
61.3956 2.02322
61.4956 1.422
61.5956 1.02255
61.6956 0.796719
61.7956 0.618722
61.8956 0.417447
61.9956 0.0978332
62.0956 -0.419837
62.1956 -1.18286
62.2956 -2.08757
62.3956 -3.01634
62.4956 -3.82875
62.5956 -4.43845
62.6956 -4.80969
62.7956 -4.85888
62.8956 -4.65673
62.9956 -4.29236
63.0956 -3.86096
63.1956 -3.50413
63.2956 -3.28169
63.3956 -3.15753
63.4956 -3.11191
63.5956 -3.09076
63.6956 -3.02807
63.7956 -2.94188
63.8956 -2.76628
63.9956 -2.43508
64.0956 -1.99329
64.1956 -1.46421
64.2956 -0.870224
64.3956 -0.332755
64.4956 0.0869111
64.5956 0.456309
64.6956 0.849446
64.7956 1.24677
64.8956 1.61435
64.9956 1.89858
65.0956 2.08577
65.1956 2.28731
65.2956 2.49161
65.3956 2.60906
65.4956 2.62356
65.5956 2.59004
65.6956 2.6446
65.7956 2.78415
65.8956 2.91901
65.9956 2.96317
66.0956 2.94929
66.1956 2.93518
66.2956 2.93835
66.3956 3.02629
66.4956 3.18365
66.5956 3.35572
66.6956 3.51084
66.7956 3.62926
66.8956 3.64173
66.9956 3.4814
67.0956 3.17914
67.1956 2.78934
67.2956 2.30141
67.3956 1.67314
67.4956 0.95509
67.5956 0.216173
67.6956 -0.577031
67.7956 -1.34249
67.8956 -2.04068
67.9956 -2.64762
68.0956 -3.12018
68.1956 -3.41999
68.2956 -3.62803
68.3956 -3.79728
68.4956 -3.92465
68.5956 -3.98412
68.6956 -4.00173
68.7956 -4.04604
68.8956 -4.14229
68.9956 -4.26384
69.0956 -4.34947
69.1956 -4.37729
69.2956 -4.31911
69.3956 -4.09962
69.4956 -3.68283
69.5956 -3.02431
69.6956 -2.15692
69.7956 -1.19201
69.8956 -0.253321
69.9956 0.58733
70.0956 1.34154
70.1956 2.01121
70.2956 2.52807
70.3956 2.81953
70.4956 2.91514
70.5956 2.93031
70.6956 2.96328
70.7956 2.99259
70.8956 3.01133
70.9956 3.03656
71.0956 3.13817
71.1956 3.32646
71.2956 3.56304
71.3956 3.75677
71.4956 3.94271
71.5956 4.01062
71.6956 3.93648
71.7956 3.78683
71.8956 3.58946
71.9956 3.31953
72.0956 3.04417
72.1956 2.72557
72.2956 2.35515
72.3956 1.89832
72.4956 1.38268
72.5956 0.761325
72.6956 0.0952013
72.7956 -0.608712
72.8956 -1.28973
72.9956 -1.92643
73.0956 -2.47768
73.1956 -2.80423
73.2956 -2.91541
73.3956 -2.84495
73.4956 -2.66838
73.5956 -2.44068
73.6956 -2.22249
73.7956 -2.06985
73.8956 -2.08511
73.9956 -2.24163
74.0956 -2.47047
74.1956 -2.6917
74.2956 -2.93799
74.3956 -3.09405
74.4956 -3.10693
74.5956 -2.97116
74.6956 -2.67507
74.7956 -2.30471
74.8956 -1.85773
74.9956 -1.31009
75.0956 -0.661287
75.1956 -0.0454391
75.2956 0.495444
75.3956 0.910651
75.4956 1.26991
75.5956 1.60951
75.6956 1.83512
75.7956 1.92976
75.8956 2.00563
75.9956 2.05089
76.0956 2.05922
76.1956 1.98857
76.2956 1.88195
76.3956 1.79955
76.4956 1.79837
76.5956 1.78541
76.6956 1.81613
76.7956 1.78923
76.8956 1.77878
76.9956 1.81073
77.0956 1.85916
77.1956 1.86251
77.2956 1.80401
77.3956 1.69617
77.4956 1.48863
77.5956 1.29764
77.6956 1.0813
77.7956 0.934027
77.8956 0.774458
77.9956 0.596995
78.0956 0.449064
78.1956 0.32545
78.2956 0.20636
78.3956 0.0347165
78.4956 -0.238834
78.5956 -0.552714
78.6956 -0.812748
78.7956 -0.991313
78.8956 -1.12515
78.9956 -1.2591
79.0956 -1.34922
79.1956 -1.4258
79.2956 -1.47531
79.3956 -1.55833
79.4956 -1.71377
79.5956 -1.76383
79.6956 -1.75253
79.7956 -1.64861
79.8956 -1.49817
79.9956 -1.36251
80.0956 -1.29024
80.1956 -1.17933
80.2956 -1.04944
80.3956 -0.926562
80.4956 -0.802421
80.5956 -0.733964
80.6956 -0.645538
80.7956 -0.470218
80.8956 -0.238798
80.9956 -0.00168957
81.0956 0.215529
81.1956 0.435929
81.2956 0.619168
81.3956 0.859206
81.4956 1.09127
81.5956 1.25556
81.6956 1.40124
81.7956 1.56806
81.8956 1.72547
81.9956 1.78754
82.0956 1.81991
82.1956 1.77369
82.2956 1.67813
82.3956 1.50618
82.4956 1.30037
82.5956 1.0673
82.6956 0.902258
82.7956 0.809221
82.8956 0.77809
82.9956 0.74264
83.0956 0.725826
83.1956 0.667929
83.2956 0.557135
83.3956 0.411272
83.4956 0.254677
83.5956 0.109912
83.6956 0.0624518
83.7956 0.0120216
83.8956 -0.0571132
83.9956 -0.187275
84.0956 -0.345489
84.1956 -0.507267
84.2956 -0.684698
84.3956 -0.86199
84.4956 -1.02828
84.5956 -1.14478
84.6956 -1.16038
84.7956 -1.08962
84.8956 -0.939002
84.9956 -0.782332
85.0956 -0.653649
85.1956 -0.544685
85.2956 -0.457739
85.3956 -0.430947
85.4956 -0.438128
85.5956 -0.529999
85.6956 -0.523612
85.7956 -0.469967
85.8956 -0.400758
85.9956 -0.310447
86.0956 -0.255869
86.1956 -0.175681
86.2956 -0.0426836
86.3956 0.105875
86.4956 0.244315
86.5956 0.308083
86.6956 0.302669
86.7956 0.305322
86.8956 0.312527
86.9956 0.337303
87.0956 0.381749
87.1956 0.41041
87.2956 0.43774
87.3956 0.469162
87.4956 0.530771
87.5956 0.580075
87.6956 0.66651
87.7956 0.716675
87.8956 0.701746
87.9956 0.67398
88.0956 0.664978
88.1956 0.670003
88.2956 0.682016
88.3956 0.606577
88.4956 0.511793
88.5956 0.440908
88.6956 0.376241
88.7956 0.351792
88.8956 0.27471
88.9956 0.15488
89.0956 0.0545961
89.1956 -0.058759
89.2956 -0.151945
89.3956 -0.238878
89.4956 -0.310219
89.5956 -0.314994
89.6956 -0.322975
89.7956 -0.300664
89.8956 -0.207392
89.9956 -0.142913
90.0956 -0.0700804
90.1956 -0.0605561
90.2956 -0.109762
90.3956 -0.16076
90.4956 -0.222495
90.5956 -0.279264
90.6956 -0.321506
90.7956 -0.370049
90.8956 -0.376113
90.9956 -0.346286
91.0956 -0.207105
91.1956 -0.121953
91.2956 -0.111636
91.3956 -0.198667
91.4956 -0.258158
91.5956 -0.296095
91.6956 -0.318367
91.7956 -0.326131
91.8956 -0.248487
91.9956 -0.168703
92.0956 -0.087553
92.1956 0.020773
92.2956 0.116209
92.3956 0.227842
92.4956 0.260546
92.5956 0.302111
92.6956 0.331688
92.7956 0.356674
92.8956 0.346345
92.9956 0.33031
93.0956 0.261899
93.1956 0.195493
93.2956 0.154785
93.3956 0.123109
93.4956 0.0749359
93.5956 0.0141054
93.6956 0.034049
93.7956 0.0952988
93.8956 0.169256
93.9956 0.209236
94.0956 0.224122
94.1956 0.227003
94.2956 0.198476
94.3956 0.176029
