-4.95412 0.0449677
-4.85412 0.00448136
-4.75412 0.0471751
-4.65412 0.0278653
-4.55412 0.0346532
-4.45412 0.0518695
-4.35412 0.0649723
-4.25412 0.073459
-4.15412 0.0911957
-4.05412 0.0709634
-3.95412 0.04469
-3.85412 0.0760821
-3.75412 0.0798845
-3.65412 0.053814
-3.55412 0.0295413
-3.45412 0.0282585
-3.35412 0.0889308
-3.25412 0.0883852
-3.15412 0.112941
-3.05412 0.121695
-2.95412 0.123599
-2.85412 0.0871021
-2.75412 0.0395381
-2.65412 0.00521174
-2.55412 -0.0184102
-2.45412 -0.0591598
-2.35412 -0.125838
-2.25412 -0.130992
-2.15412 -0.155413
-2.05412 -0.115211
-1.95412 -0.0773963
-1.85412 -0.0573536
-1.75412 0.038537
-1.65412 0.0430358
-1.55412 0.0134473
-1.45412 0.00423828
-1.35412 -0.0119966
-1.25412 -0.0460374
-1.15412 -0.110679
-1.05412 -0.109735
-0.954118 -0.0698576
-0.854118 -0.00339757
-0.754118 0.114326
-0.654118 0.204281
-0.554118 0.256116
-0.454118 0.269999
-0.354118 0.325228
-0.254118 0.370914
-0.154118 0.405688
-0.054118 0.426752
0.045882 0.419876
0.145882 0.366888
0.245882 0.287453
0.345882 0.133533
0.445882 0.0317138
0.545882 -0.111908
0.645882 -0.207291
0.745882 -0.30236
0.845882 -0.30861
0.945882 -0.258606
1.04588 -0.148383
1.14588 -0.0094315
1.24588 0.158538
1.34588 0.269457
1.44588 0.333708
1.54588 0.327831
1.64588 0.272023
1.74588 0.139426
1.84588 0.0495981
1.94588 -0.0435822
2.04588 -0.175648
2.14588 -0.245963
2.24588 -0.220049
2.34588 -0.172328
2.44588 -0.0258047
2.54588 0.0916513
2.64588 0.153619
2.74588 0.204095
2.84588 0.278262
2.94588 0.312719
3.04588 0.320637
3.14588 0.312323
3.24588 0.318855
3.34588 0.267773
3.44588 0.267174
3.54588 0.175852
3.64588 0.0820547
3.74588 0.0532869
3.84588 0.096033
3.94588 0.119736
4.04588 0.158266
4.14588 0.258682
4.24588 0.370569
4.34588 0.426192
4.44588 0.447957
4.54588 0.413216
4.64588 0.358136
4.74588 0.307832
4.84588 0.248344
4.94588 0.0917544
5.04588 0.0405149
5.14588 -0.0540254
5.24588 -0.121046
5.34588 -0.160168
5.44588 -0.182987
5.54588 -0.211655
5.64588 -0.213059
5.74588 -0.18415
5.84588 -0.142877
5.94588 -0.0785126
6.04588 -0.0650544
6.14588 -0.0622784
6.24588 0.0818719
6.34588 0.160417
6.44588 0.2314
6.54588 0.274318
6.64588 0.285559
6.74588 0.350805
6.84588 0.324483
6.94588 0.259374
7.04588 0.23411
7.14588 0.255087
7.24588 0.293396
7.34588 0.297482
7.44588 0.302649
7.54588 0.283522
7.64588 0.278639
7.74588 0.216201
7.84588 0.149797
7.94588 0.0423965
8.04588 -0.0613294
8.14588 -0.135139
8.24588 -0.208249
8.34588 -0.119775
8.44588 -0.0153687
8.54588 0.145067
8.64588 0.277713
8.74588 0.369232
8.84588 0.41277
8.94588 0.443076
9.04588 0.381305
9.14588 0.252054
9.24588 0.160796
9.34588 0.0599199
9.44588 -0.106077
9.54588 -0.193043
9.64588 -0.199085
9.74588 -0.130697
9.84588 -0.0711129
9.94588 0.0346133
10.0459 0.10804
10.1459 0.261813
10.2459 0.389655
10.3459 0.471143
10.4459 0.529248
10.5459 0.48244
10.6459 0.331962
10.7459 0.151478
10.8459 -0.0704803
10.9459 -0.156732
11.0459 -0.148731
11.1459 -0.0435988
11.2459 0.0417283
11.3459 0.0724892
11.4459 0.00121864
11.5459 0.0375023
11.6459 0.0504969
11.7459 0.0274361
11.8459 -0.043337
11.9459 -0.0960503
12.0459 -0.143616
12.1459 -0.0745105
12.2459 0.0437457
12.3459 0.160172
12.4459 0.276401
12.5459 0.430674
12.6459 0.578749
12.7459 0.660827
12.8459 0.684889
12.9459 0.650304
13.0459 0.568813
13.1459 0.454668
13.2459 0.29202
13.3459 0.179697
13.4459 0.132379
13.5459 0.109402
13.6459 0.103708
13.7459 0.0860486
13.8459 0.0719463
13.9459 0.0115185
14.0459 -0.028914
14.1459 -0.0548474
14.2459 -0.0798109
14.3459 -0.126583
14.4459 -0.143864
14.5459 -0.112281
14.6459 -0.0346415
14.7459 0.0795658
14.8459 0.237071
14.9459 0.38805
15.0459 0.505159
15.1459 0.644929
15.2459 0.726938
15.3459 0.730387
15.4459 0.564296
15.5459 0.334463
15.6459 0.0820733
15.7459 -0.120746
15.8459 -0.317949
15.9459 -0.452136
16.0459 -0.529861
16.1459 -0.4721
16.2459 -0.334681
16.3459 -0.201171
16.4459 -0.148632
16.5459 -0.121144
16.6459 -0.0849068
16.7459 -0.0256757
16.8459 0.0778274
16.9459 0.186433
17.0459 0.279073
17.1459 0.380079
17.2459 0.563467
17.3459 0.751272
17.4459 0.918517
17.5459 1.02396
17.6459 1.08629
17.7459 1.08081
17.8459 1.02321
17.9459 0.870868
18.0459 0.640686
18.1459 0.465025
18.2459 0.263795
18.3459 0.0423751
18.4459 -0.186013
18.5459 -0.266813
18.6459 -0.296115
18.7459 -0.239882
18.8459 -0.0789994
18.9459 0.0823722
19.0459 0.241729
19.1459 0.364119
19.2459 0.413676
19.3459 0.324093
19.4459 0.0329588
19.5459 -0.300002
19.6459 -0.622593
19.7459 -0.805598
19.8459 -0.798518
19.9459 -0.624682
20.0459 -0.355657
20.1459 -0.0385491
20.2459 0.236296
20.3459 0.625549
20.4459 0.988389
20.5459 1.24713
20.6459 1.38896
20.7459 1.3519
20.8459 1.14311
20.9459 0.785763
21.0459 0.441526
21.1459 0.0898831
21.2459 -0.133591
21.3459 -0.232725
21.4459 -0.190184
21.5459 -0.00722277
21.6459 0.197805
21.7459 0.448251
21.8459 0.570573
21.9459 0.625272
22.0459 0.61626
22.1459 0.469615
22.2459 0.251698
22.3459 -0.00946602
22.4459 -0.271675
22.5459 -0.425277
22.6459 -0.502759
22.7459 -0.526439
22.8459 -0.444669
22.9459 -0.251734
23.0459 0.0331204
23.1459 0.290749
23.2459 0.462888
23.3459 0.647962
23.4459 0.822747
23.5459 0.993508
23.6459 0.961949
23.7459 0.78149
23.8459 0.54048
23.9459 0.310969
24.0459 0.258622
24.1459 0.296563
24.2459 0.335499
24.3459 0.265082
24.4459 0.16471
24.5459 0.124094
24.6459 0.0616585
24.7459 0.0312473
24.8459 -0.036043
24.9459 -0.126891
25.0459 -0.215435
25.1459 -0.244358
25.2459 -0.21059
25.3459 -0.124083
25.4459 0.0368291
25.5459 0.239744
25.6459 0.406945
25.7459 0.569056
25.8459 0.700128
25.9459 0.770986
26.0459 0.741728
26.1459 0.694846
26.2459 0.626292
26.3459 0.524973
26.4459 0.342689
26.5459 0.141818
26.6459 0.0277343
26.7459 0.0204969
26.8459 0.0855736
26.9459 0.192924
27.0459 0.322066
27.1459 0.4552
27.2459 0.575438
27.3459 0.625759
27.4459 0.607445
27.5459 0.540399
27.6459 0.444285
27.7459 0.309056
27.8459 0.193453
27.9459 0.19163
28.0459 0.234568
28.1459 0.273829
28.2459 0.298905
28.3459 0.282138
28.4459 0.165277
28.5459 0.072033
28.6459 0.0691716
28.7459 0.137596
28.8459 0.205213
28.9459 0.20087
29.0459 0.0921078
29.1459 -0.085463
29.2459 -0.250603
29.3459 -0.429355
29.4459 -0.580624
29.5459 -0.687626
29.6459 -0.672017
29.7459 -0.482669
29.8459 -0.135262
29.9459 0.27676
30.0459 0.635023
30.1459 0.906869
30.2459 1.12077
30.3459 1.23681
30.4459 1.2819
30.5459 1.23441
30.6459 1.06664
30.7459 0.764748
30.8459 0.400142
30.9459 0.159183
31.0459 0.113616
31.1459 0.134278
31.2459 0.133213
31.3459 0.14026
31.4459 0.212427
31.5459 0.331256
31.6459 0.360866
31.7459 0.277236
31.8459 0.114784
31.9459 -0.00943327
32.0459 -0.104868
32.1459 -0.19078
32.2459 -0.220947
32.3459 -0.215487
32.4459 -0.185909
32.5459 -0.0871674
32.6459 0.0828957
32.7459 0.300771
32.8459 0.461183
32.9459 0.571778
33.0459 0.657915
33.1459 0.711861
33.2459 0.734809
33.3459 0.702125
33.4459 0.56886
33.5459 0.393467
33.6459 0.271489
33.7459 0.209078
33.8459 0.159327
33.9459 0.184903
34.0459 0.250019
34.1459 0.300224
34.2459 0.321857
34.3459 0.321017
34.4459 0.251965
34.5459 0.0894296
34.6459 -0.132818
34.7459 -0.400496
34.8459 -0.615538
34.9459 -0.700683
35.0459 -0.678279
35.1459 -0.616807
35.2459 -0.508987
35.3459 -0.351908
35.4459 -0.112088
35.5459 0.185949
35.6459 0.500581
35.7459 0.783056
35.8459 0.962771
35.9459 1.08882
36.0459 1.16579
36.1459 1.21271
36.2459 1.24179
36.3459 1.25502
36.4459 1.29037
36.5459 1.36682
36.6459 1.37696
36.7459 1.21537
36.8459 0.861184
36.9459 0.432062
37.0459 -0.0150268
37.1459 -0.452889
37.2459 -0.853104
37.3459 -1.18158
37.4459 -1.38719
37.5459 -1.47798
37.6459 -1.42655
37.7459 -1.2403
37.8459 -0.969832
37.9459 -0.658599
38.0459 -0.339032
38.1459 -0.0196205
38.2459 0.337288
38.3459 0.739752
38.4459 1.16511
38.5459 1.54659
38.6459 1.8016
38.7459 1.91196
38.8459 1.90176
38.9459 1.78746
39.0459 1.5895
39.1459 1.37262
39.2459 1.06451
39.3459 0.750446
39.4459 0.542177
39.5459 0.449722
39.6459 0.421824
39.7459 0.329922
39.8459 0.041036
39.9459 -0.473365
40.0459 -1.20113
40.1459 -2.25294
40.2459 -3.5809
40.3459 -4.97202
40.4459 -6.0829
40.5459 -6.44668
40.6459 -5.55042
40.7459 -3.08863
40.8459 0.955537
40.9459 6.59569
41.0459 13.5861
41.1459 20.6159
41.2459 25.5493
41.3459 26.325
41.4459 21.1848
41.5459 7.9015
41.6459 -14.3554
41.7459 -42.832
41.8459 -69.3101
41.9459 -84.8098
42.0459 -85.3645
42.1459 -72.2566
42.2459 -47.3166
42.3459 -11.5945
42.4459 31.2811
42.5459 73.9528
42.6459 107.261
42.7459 125.211
42.8459 126.698
42.9459 105.546
43.0459 57.4414
43.1459 -5.6473
43.2459 -62.2392
43.3459 -96.7975
43.4459 -109.604
43.5459 -107.44
43.6459 -95.4185
43.7459 -78.0047
43.8459 -59.5841
43.9459 -42.4691
44.0459 -26.6808
44.1459 -11.4545
44.2459 3.74315
44.3459 19.1872
44.4459 34.6441
44.5459 49.0861
44.6459 60.7834
44.7459 67.9448
44.8459 69.6397
44.9459 66.4955
45.0459 60.0389
45.1459 51.5396
45.2459 41.5886
45.3459 30.1529
45.4459 16.8896
45.5459 1.23122
45.6459 -16.5276
45.7459 -34.1983
45.8459 -48.8621
45.9459 -58.6755
46.0459 -63.4636
46.1459 -63.9928
46.2459 -61.451
46.3459 -57.0376
46.4459 -51.3462
46.5459 -44.3239
46.6459 -35.7511
46.7459 -25.5233
46.8459 -13.7654
46.9459 -1.26508
47.0459 10.7099
47.1459 21.1066
47.2459 29.4401
47.3459 35.6206
47.4459 39.9088
47.5459 42.7526
47.6459 44.5172
47.7459 45.2127
47.8459 44.5874
47.9459 42.2922
48.0459 38.1351
48.1459 32.2826
48.2459 25.3101
48.3459 17.9529
48.4459 10.6077
48.5459 3.17891
48.6459 -4.64032
48.7459 -12.9607
48.8459 -21.552
48.9459 -29.5325
49.0459 -35.86
49.1459 -39.8297
49.2459 -41.2695
49.3459 -40.5194
49.4459 -38.2835
49.5459 -35.2366
49.6459 -31.8846
49.7459 -28.241
49.8459 -24.0978
49.9459 -19.2929
50.0459 -13.9105
50.1459 -8.3001
50.2459 -2.84216
50.3459 2.15312
50.4459 6.61803
50.5459 10.6408
50.6459 14.4186
50.7459 18.0387
50.8459 21.3589
50.9459 24.1178
51.0459 26.04
51.1459 26.9969
51.2459 27.0289
51.3459 26.2846
51.4459 25.0671
51.5459 23.5959
51.6459 21.8372
51.7459 19.5133
51.8459 16.4178
51.9459 12.5904
52.0459 8.24769
52.1459 3.7684
52.2459 -0.471282
52.3459 -4.28104
52.4459 -7.6385
52.5459 -10.7177
52.6459 -13.7033
52.7459 -16.585
52.8459 -19.1566
52.9459 -21.173
53.0459 -22.3062
53.1459 -22.4707
53.2459 -21.8829
53.3459 -20.8434
53.4459 -19.6558
53.5459 -18.5034
53.6459 -17.3623
53.7459 -16.0482
53.8459 -14.3751
53.9459 -12.2663
54.0459 -9.66691
54.1459 -6.58818
54.2459 -3.13466
54.3459 0.738545
54.4459 5.0067
54.5459 9.40056
54.6459 13.5547
54.7459 16.9297
54.8459 19.1209
54.9459 19.9176
55.0459 19.3856
55.1459 17.6931
55.2459 15.2918
55.3459 12.8684
55.4459 10.9766
55.5459 9.82373
55.6459 9.32529
55.7459 9.21598
55.8459 9.25694
55.9459 9.27436
56.0459 9.11926
56.1459 8.82011
56.2459 8.4393
56.3459 7.85751
56.4459 6.87329
56.5459 5.40503
56.6459 3.39741
56.7459 0.842934
56.8459 -2.18685
56.9459 -5.51388
57.0459 -8.84855
57.1459 -11.9363
57.2459 -14.6442
57.3459 -16.8299
57.4459 -18.4967
57.5459 -19.7105
57.6459 -20.4455
57.7459 -20.6452
57.8459 -20.3407
57.9459 -19.4655
58.0459 -17.9493
58.1459 -15.8356
58.2459 -13.268
58.3459 -10.3451
58.4459 -7.15962
58.5459 -3.88117
58.6459 -0.596946
58.7459 2.56802
58.8459 5.44055
58.9459 7.89849
59.0459 9.79919
59.1459 11.1969
59.2459 12.1594
59.3459 12.7522
59.4459 13.1238
59.5459 13.4775
59.6459 13.9546
59.7459 14.6183
59.8459 15.4006
59.9459 16.1111
60.0459 16.4893
60.1459 16.3761
60.2459 15.573
60.3459 13.9713
60.4459 11.5723
60.5459 8.56415
60.6459 5.25409
60.7459 2.00337
60.8459 -0.924532
60.9459 -3.42342
61.0459 -5.48284
61.1459 -7.16111
61.2459 -8.44018
61.3459 -9.32219
61.4459 -9.78001
61.5459 -9.87421
61.6459 -9.704
61.7459 -9.37635
61.8459 -8.99554
61.9459 -8.62049
62.0459 -8.22273
62.1459 -7.88734
62.2459 -7.74302
62.3459 -7.78302
62.4459 -7.88571
62.5459 -7.99391
62.6459 -8.05032
62.7459 -7.87925
62.8459 -7.37892
62.9459 -6.55927
63.0459 -5.41131
63.1459 -4.069
63.2459 -2.66568
63.3459 -1.26924
63.4459 0.0589171
63.5459 1.25154
63.6459 2.23662
63.7459 3.02239
63.8459 3.74022
63.9459 4.43081
64.0459 5.11648
64.1459 5.90744
64.2459 6.85835
64.3459 7.9511
64.4459 9.16526
64.5459 10.32
64.6459 11.2009
64.7459 11.7035
64.8459 11.7683
64.9459 11.3705
65.0459 10.6171
65.1459 9.70709
65.2459 8.78194
65.3459 7.88066
65.4459 6.97137
65.5459 6.01347
65.6459 4.94527
65.7459 3.72342
65.8459 2.33446
65.9459 0.849882
66.0459 -0.643129
66.1459 -2.11448
66.2459 -3.58505
66.3459 -5.03902
66.4459 -6.47027
66.5459 -7.82263
66.6459 -8.96107
66.7459 -9.78122
66.8459 -10.3341
66.9459 -10.5903
67.0459 -10.5178
67.1459 -10.1175
67.2459 -9.56268
67.3459 -9.04918
67.4459 -8.59371
67.5459 -8.09347
67.6459 -7.48576
67.7459 -6.7687
67.8459 -5.98333
67.9459 -5.13473
68.0459 -4.16656
68.1459 -3.08255
68.2459 -1.92388
68.3459 -0.668969
68.4459 0.651053
68.5459 1.9335
68.6459 3.17401
68.7459 4.30748
68.8459 5.35332
68.9459 6.34556
69.0459 7.22635
69.1459 7.8778
69.2459 8.31292
69.3459 8.59437
69.4459 8.74203
69.5459 8.70601
69.6459 8.44034
69.7459 8.00415
69.8459 7.48622
69.9459 6.96985
70.0459 6.44674
70.1459 5.90231
70.2459 5.37928
70.3459 4.83848
70.4459 4.22233
70.5459 3.55415
70.6459 2.84648
70.7459 2.09224
70.8459 1.35352
70.9459 0.605056
71.0459 -0.17007
71.1459 -0.963047
71.2459 -1.7353
71.3459 -2.39335
71.4459 -2.80789
71.5459 -3.0728
71.6459 -3.28919
71.7459 -3.59893
71.8459 -3.97317
71.9459 -4.47811
72.0459 -5.06747
72.1459 -5.62995
72.2459 -6.14651
72.3459 -6.6065
72.4459 -6.90072
72.5459 -6.98788
72.6459 -6.88009
72.7459 -6.60458
72.8459 -6.25735
72.9459 -5.82565
73.0459 -5.27445
73.1459 -4.63557
73.2459 -3.96952
73.3459 -3.24372
73.4459 -2.49249
73.5459 -1.74543
73.6459 -0.978456
73.7459 -0.161132
73.8459 0.657755
73.9459 1.54754
74.0459 2.47303
74.1459 3.42079
74.2459 4.3495
74.3459 5.16757
74.4459 5.82751
74.5459 6.35107
74.6459 6.78143
74.7459 7.14734
74.8459 7.43402
74.9459 7.52321
75.0459 7.4218
75.1459 7.17218
75.2459 6.71877
75.3459 6.07987
75.4459 5.23175
75.5459 4.22471
75.6459 3.27467
75.7459 2.66885
75.8459 2.51953
75.9459 2.72795
76.0459 3.18513
76.1459 3.76326
76.2459 4.24332
76.3459 4.31971
76.4459 3.58571
76.5459 1.71368
76.6459 -1.31265
76.7459 -4.98796
76.8459 -8.49893
76.9459 -11.0346
77.0459 -11.997
77.1459 -11.2645
77.2459 -9.03574
77.3459 -5.78912
77.4459 -2.24244
77.5459 0.845515
77.6459 2.9058
77.7459 3.66929
77.8459 3.1327
77.9459 1.50054
78.0459 -0.772825
78.1459 -3.14769
78.2459 -5.19681
78.3459 -6.74619
78.4459 -7.73679
78.5459 -8.15116
78.6459 -8.04249
78.7459 -7.46785
78.8459 -6.44842
78.9459 -5.03689
79.0459 -3.36753
79.1459 -1.61651
79.2459 0.0412958
79.3459 1.53517
79.4459 2.87992
79.5459 3.9777
79.6459 4.81656
79.7459 5.49819
79.8459 6.08309
79.9459 6.64108
80.0459 7.17462
80.1459 7.62434
80.2459 7.82763
80.3459 7.76962
80.4459 7.49114
80.5459 7.02964
80.6459 6.4711
80.7459 5.81254
80.8459 4.99376
80.9459 4.12749
81.0459 3.29874
81.1459 2.61615
81.2459 2.14946
81.3459 1.85777
81.4459 1.66438
81.5459 1.51344
81.6459 1.32879
81.7459 1.04367
81.8459 0.508439
81.9459 -0.369396
82.0459 -1.51546
82.1459 -2.81478
82.2459 -4.13171
82.3459 -5.2462
82.4459 -5.82975
82.5459 -5.88056
82.6459 -5.47983
82.7459 -4.73992
82.8459 -3.84239
82.9459 -3.01327
83.0459 -2.33436
83.1459 -1.91053
83.2459 -1.88245
83.3459 -2.25491
83.4459 -2.85564
83.5459 -3.45569
83.6459 -3.8455
83.7459 -3.88152
83.8459 -3.59904
83.9459 -3.08891
84.0459 -2.44191
84.1459 -1.7267
84.2459 -0.959592
84.3459 -0.226971
84.4459 0.352672
84.5459 0.735506
84.6459 1.01427
84.7459 1.28505
84.8459 1.54212
84.9459 1.75553
85.0459 1.89957
85.1459 2.10631
85.2459 2.47868
85.3459 2.98417
85.4459 3.55104
85.5459 4.04028
85.6459 4.36108
85.7459 4.5162
85.8459 4.55389
85.9459 4.51539
86.0459 4.45579
86.1459 4.36231
86.2459 4.20512
86.3459 4.02392
86.4459 3.8431
86.5459 3.61093
86.6459 3.21721
86.7459 2.65256
86.8459 2.08552
86.9459 1.61186
87.0459 1.21193
87.1459 0.902193
87.2459 0.690745
87.3459 0.435584
87.4459 0.0712439
87.5459 -0.373172
87.6459 -0.856671
87.7459 -1.3485
87.8459 -1.79832
87.9459 -2.27798
88.0459 -2.74895
88.1459 -3.1902
88.2459 -3.54078
88.3459 -3.78008
88.4459 -3.98957
88.5459 -4.17683
88.6459 -4.25415
88.7459 -4.26837
88.8459 -4.25352
88.9459 -4.19529
89.0459 -4.07194
89.1459 -3.82517
89.2459 -3.38354
89.3459 -2.79384
89.4459 -2.1899
89.5459 -1.64129
89.6459 -1.08204
89.7459 -0.508477
89.8459 0.0616733
89.9459 0.633412
90.0459 1.17196
90.1459 1.59549
90.2459 1.91227
90.3459 2.11833
90.4459 2.26441
90.5459 2.403
90.6459 2.58598
90.7459 2.84062
90.8459 3.12043
90.9459 3.38439
91.0459 3.5836
91.1459 3.78336
91.2459 3.97017
91.3459 4.12975
91.4459 4.11249
91.5459 3.96746
91.6459 3.78171
91.7459 3.58535
91.8459 3.35509
91.9459 3.073
92.0459 2.6909
92.1459 2.21023
92.2459 1.70484
92.3459 1.29181
92.4459 0.949836
92.5459 0.53871
92.6459 0.0926905
92.7459 -0.325795
92.8459 -0.738485
92.9459 -1.13888
93.0459 -1.48852
93.1459 -1.75355
93.2459 -1.93949
93.3459 -2.08286
93.4459 -2.21357
93.5459 -2.25912
93.6459 -2.23809
93.7459 -2.28738
93.8459 -2.49841
93.9459 -2.7634
94.0459 -3.04375
94.1459 -3.2287
94.2459 -3.29291
94.3459 -3.10075
94.4459 -2.83366
94.5459 -2.42961
94.6459 -1.94533
94.7459 -1.39302
94.8459 -0.843403
94.9459 -0.306039
95.0459 0.120575
95.1459 0.432074
95.2459 0.655869
95.3459 0.844153
95.4459 1.08465
95.5459 1.2045
95.6459 1.21541
95.7459 1.24389
95.8459 1.33942
95.9459 1.45348
96.0459 1.59861
96.1459 1.73819
96.2459 1.96135
96.3459 2.14785
96.4459 2.27158
96.5459 2.40818
96.6459 2.42955
96.7459 2.44383
96.8459 2.46326
96.9459 2.4122
97.0459 2.20837
97.1459 1.932
97.2459 1.67565
97.3459 1.39467
