-4.80714 0.22751
-4.70714 0.200231
-4.60714 0.163289
-4.50714 0.119802
-4.40714 0.0753216
-4.30714 0.0354747
-4.20714 -0.00117143
-4.10714 -0.0288617
-4.00714 -0.0651012
-3.90714 -0.0696123
-3.80714 -0.101765
-3.70714 -0.103352
-3.60714 -0.0978431
-3.50714 -0.022882
-3.40714 0.0713792
-3.30714 0.162411
-3.20714 0.21904
-3.10714 0.284476
-3.00714 0.287408
-2.90714 0.269796
-2.80714 0.234557
-2.70714 0.208434
-2.60714 0.16354
-2.50714 0.102285
-2.40714 0.00223983
-2.30714 -0.0855019
-2.20714 -0.155011
-2.10714 -0.194226
-2.00714 -0.235813
-1.90714 -0.257201
-1.80714 -0.24985
-1.70714 -0.196321
-1.60714 -0.0780548
-1.50714 0.00768674
-1.40714 0.113742
-1.30714 0.197311
-1.20714 0.293957
-1.10714 0.378697
-1.00714 0.460018
-0.907138 0.47651
-0.807138 0.425222
-0.707138 0.353007
-0.607138 0.274545
-0.507138 0.221015
-0.407138 0.143307
-0.307138 0.0829138
-0.207138 0.0283693
-0.107138 -0.0133682
-0.0071375 0.00308288
0.0928625 0.0435068
0.192862 0.0995479
0.292862 0.143529
0.392862 0.253876
0.492862 0.312049
0.592862 0.344039
0.692862 0.347924
0.792862 0.278096
0.892862 0.180491
0.992862 0.0317711
1.09286 -0.0913854
1.19286 -0.16664
1.29286 -0.27103
1.39286 -0.293447
1.49286 -0.274315
1.59286 -0.220323
1.69286 -0.160651
1.79286 -0.15884
1.89286 -0.1708
1.99286 -0.140015
2.09286 -0.115548
2.19286 -0.056759
2.29286 0.000451411
2.39286 0.0806849
2.49286 0.19532
2.59286 0.301426
2.69286 0.425322
2.79286 0.500352
2.89286 0.476904
2.99286 0.410603
3.09286 0.326023
3.19286 0.326827
3.29286 0.357999
3.39286 0.35458
3.49286 0.348583
3.59286 0.301794
3.69286 0.219783
3.79286 0.115557
3.89286 -0.0022963
3.99286 -0.0961142
4.09286 -0.217351
4.19286 -0.231588
4.29286 -0.228455
4.39286 -0.164811
4.49286 -0.0537576
4.59286 0.0990551
4.69286 0.237501
4.79286 0.354726
4.89286 0.388983
4.99286 0.358546
5.09286 0.245244
5.19286 0.194519
5.29286 0.124918
5.39286 0.126775
5.49286 0.149437
5.59286 0.13143
5.69286 0.115459
5.79286 0.0756271
5.89286 0.0822341
5.99286 0.0311398
6.09286 -0.0365764
6.19286 -0.0957544
6.29286 -0.123624
6.39286 -0.176878
6.49286 -0.143471
6.59286 -0.0796165
6.69286 0.0110447
6.79286 0.0981949
6.89286 0.161943
6.99286 0.23676
7.09286 0.256273
7.19286 0.275538
7.29286 0.253181
7.39286 0.191385
7.49286 0.211551
7.59286 0.251245
7.69286 0.303353
7.79286 0.347315
7.89286 0.407105
7.99286 0.45458
8.09286 0.494402
8.19286 0.507265
8.29286 0.523231
8.39286 0.438457
8.49286 0.330284
8.59286 0.16744
8.69286 0.00798817
8.79286 -0.113229
8.89286 -0.210033
8.99286 -0.31204
9.09286 -0.378157
9.19286 -0.386933
9.29286 -0.387769
9.39286 -0.361383
9.49286 -0.247953
9.59286 -0.0600989
9.69286 0.116145
9.79286 0.383845
9.89286 0.614443
9.99286 0.781557
10.0929 0.835972
10.1929 0.903996
10.2929 0.899194
10.3929 0.793303
10.4929 0.609122
10.5929 0.417394
10.6929 0.24671
10.7929 0.0820976
10.8929 -0.0737301
10.9929 -0.234102
11.0929 -0.345911
11.1929 -0.41902
11.2929 -0.504536
11.3929 -0.534026
11.4929 -0.511558
11.5929 -0.464086
11.6929 -0.358577
11.7929 -0.21181
11.8929 -0.0859226
11.9929 0.0392545
12.0929 0.150661
12.1929 0.262896
12.2929 0.403638
12.3929 0.50957
12.4929 0.62463
12.5929 0.748654
12.6929 0.799449
12.7929 0.820267
12.8929 0.787596
12.9929 0.724396
13.0929 0.722382
13.1929 0.721784
13.2929 0.746032
13.3929 0.729336
13.4929 0.664496
13.5929 0.594958
13.6929 0.508004
13.7929 0.39264
13.8929 0.162381
13.9929 -0.0229147
14.0929 -0.226812
14.1929 -0.370841
14.2929 -0.435555
14.3929 -0.386086
14.4929 -0.322563
14.5929 -0.267119
14.6929 -0.141266
14.7929 -0.00476532
14.8929 0.0492537
14.9929 0.0493958
15.0929 0.0331668
15.1929 -0.0392365
15.2929 -0.0976961
15.3929 -0.143858
15.4929 -0.142099
15.5929 -0.101462
15.6929 -0.0394081
15.7929 0.0444703
15.8929 0.119875
15.9929 0.20161
16.0929 0.254179
16.1929 0.353851
16.2929 0.421797
16.3929 0.45307
16.4929 0.493422
16.5929 0.541205
16.6929 0.582394
16.7929 0.634061
16.8929 0.664508
16.9929 0.733931
17.0929 0.781121
17.1929 0.799436
17.2929 0.772094
17.3929 0.706388
17.4929 0.546885
17.5929 0.327205
17.6929 0.121874
17.7929 -0.0179758
17.8929 -0.120314
17.9929 -0.151702
18.0929 -0.13574
18.1929 -0.0924051
18.2929 -0.00513711
18.3929 0.10386
18.4929 0.26899
18.5929 0.392506
18.6929 0.490474
18.7929 0.529866
18.8929 0.512184
18.9929 0.456796
19.0929 0.372229
19.1929 0.17603
19.2929 0.0270583
19.3929 -0.083261
19.4929 -0.15998
19.5929 -0.234818
19.6929 -0.306096
19.7929 -0.389993
19.8929 -0.468966
19.9929 -0.491726
20.0929 -0.485049
20.1929 -0.517991
20.2929 -0.509843
20.3929 -0.448105
20.4929 -0.273903
20.5929 -0.031073
20.6929 0.184818
20.7929 0.332844
20.8929 0.467758
20.9929 0.593331
21.0929 0.736898
21.1929 0.864674
21.2929 0.959331
21.3929 1.00166
21.4929 0.986017
21.5929 0.968246
21.6929 0.959898
21.7929 0.973189
21.8929 0.980239
21.9929 0.936852
22.0929 0.84344
22.1929 0.750975
22.2929 0.62845
22.3929 0.473948
22.4929 0.287337
22.5929 0.0839112
22.6929 -0.0665833
22.7929 -0.15484
22.8929 -0.194846
22.9929 -0.211373
23.0929 -0.248261
23.1929 -0.294731
23.2929 -0.337056
23.3929 -0.321213
23.4929 -0.269265
23.5929 -0.170218
23.6929 0.0428394
23.7929 0.287667
23.8929 0.473085
23.9929 0.596694
24.0929 0.648811
24.1929 0.608521
24.2929 0.525433
24.3929 0.408873
24.4929 0.212442
24.5929 -0.0482263
24.6929 -0.347535
24.7929 -0.59873
24.8929 -0.732684
24.9929 -0.776602
25.0929 -0.717657
25.1929 -0.569438
25.2929 -0.370574
25.3929 -0.127476
25.4929 0.157667
25.5929 0.405417
25.6929 0.564607
25.7929 0.635363
25.8929 0.696936
25.9929 0.797023
26.0929 0.907567
26.1929 0.964021
26.2929 0.969361
26.3929 0.97898
26.4929 0.996123
26.5929 0.99564
26.6929 0.952618
26.7929 0.877081
26.8929 0.823451
26.9929 0.770697
27.0929 0.707679
27.1929 0.555199
27.2929 0.310167
27.3929 0.0642926
27.4929 -0.115563
27.5929 -0.278943
27.6929 -0.471502
27.7929 -0.680236
27.8929 -0.798699
27.9929 -0.818594
28.0929 -0.776525
28.1929 -0.68132
28.2929 -0.519745
28.3929 -0.290133
28.4929 -0.00823293
28.5929 0.264242
28.6929 0.482632
28.7929 0.653159
28.8929 0.761722
28.9929 0.805643
29.0929 0.815612
29.1929 0.804308
29.2929 0.798161
29.3929 0.734902
29.4929 0.596948
29.5929 0.420375
29.6929 0.229632
29.7929 0.0450063
29.8929 -0.11424
29.9929 -0.261916
30.0929 -0.368848
30.1929 -0.424352
30.2929 -0.425222
30.3929 -0.35725
30.4929 -0.243143
30.5929 -0.0991357
30.6929 0.034308
30.7929 0.139165
30.8929 0.20363
30.9929 0.230056
31.0929 0.250474
31.1929 0.312734
31.2929 0.406991
31.3929 0.526106
31.4929 0.691787
31.5929 0.875635
31.6929 1.08404
31.7929 1.23363
31.8929 1.30808
31.9929 1.26646
32.0929 1.12417
32.1929 0.910812
32.2929 0.667981
32.3929 0.408145
32.4929 0.142255
32.5929 -0.109752
32.6929 -0.329362
32.7929 -0.52227
32.8929 -0.616786
32.9929 -0.691754
33.0929 -0.752166
33.1929 -0.78891
33.2929 -0.805752
33.3929 -0.76913
33.4929 -0.616485
33.5929 -0.366524
33.6929 -0.11883
33.7929 0.0797456
33.8929 0.263388
33.9929 0.450777
34.0929 0.614988
34.1929 0.71047
34.2929 0.719886
34.3929 0.715578
34.4929 0.73718
34.5929 0.748596
34.6929 0.789088
34.7929 0.811051
34.8929 0.81417
34.9929 0.840969
35.0929 0.877515
35.1929 0.921488
35.2929 0.937174
35.3929 0.863154
35.4929 0.671019
35.5929 0.300948
35.6929 -0.324745
35.7929 -1.21462
35.8929 -2.33827
35.9929 -3.53044
36.0929 -4.44246
36.1929 -4.62031
36.2929 -3.7845
36.3929 -1.77582
36.4929 1.50632
36.5929 6.13946
36.6929 11.5855
36.7929 16.5413
36.8929 19.3846
36.9929 18.7728
37.0929 13.6927
37.1929 2.9419
37.2929 -13.9786
37.3929 -34.3498
37.4929 -51.9997
37.5929 -61.1922
37.6929 -60.1323
37.7929 -49.6213
37.8929 -30.102
37.9929 -3.04006
38.0929 27.5099
38.1929 55.975
38.2929 76.5409
38.3929 86.1295
38.4929 83.5371
38.5929 65.8174
38.6929 33.4296
38.7929 -4.95319
38.8929 -38.966
38.9929 -62.0278
39.0929 -73.7272
39.1929 -75.9611
39.2929 -70.8472
39.3929 -61.1789
39.4929 -49.5442
39.5929 -37.2014
39.6929 -24.4149
39.7929 -11.1875
39.8929 2.45129
39.9929 16.2422
40.0929 29.5764
40.1929 41.3116
40.2929 49.8449
40.3929 53.8494
40.4929 53.1601
40.5929 48.8946
40.6929 42.459
40.7929 34.7568
40.8929 26.0834
40.9929 16.4335
41.0929 5.62175
41.1929 -6.45662
41.2929 -19.0483
41.3929 -30.414
41.4929 -38.6683
41.5929 -42.9207
41.6929 -43.3438
41.7929 -40.9691
41.8929 -37.2896
41.9929 -33.3823
42.0929 -29.5882
42.1929 -25.6592
42.2929 -21.1276
42.3929 -15.6496
42.4929 -9.13457
42.5929 -1.93352
42.6929 5.3148
42.7929 11.9065
42.8929 17.5417
42.9929 22.1879
43.0929 25.8956
43.1929 28.6952
43.2929 30.5535
43.3929 31.3174
43.4929 30.6995
43.5929 28.5299
43.6929 24.8445
43.7929 20.0363
43.8929 14.7964
43.9929 9.72999
44.0929 5.04242
44.1929 0.69441
44.2929 -3.47701
44.3929 -7.6754
44.4929 -11.9525
44.5929 -16.1351
44.6929 -19.826
44.7929 -22.5491
44.8929 -24.0443
44.9929 -24.3325
45.0929 -23.7175
45.1929 -22.5758
45.2929 -21.1558
45.3929 -19.5259
45.4929 -17.5618
45.5929 -15.0971
45.6929 -12.1311
45.7929 -8.79805
45.8929 -5.28688
45.9929 -1.79109
46.0929 1.53268
46.1929 4.60087
46.2929 7.4604
46.3929 10.1558
46.4929 12.6967
46.5929 15.0454
46.6929 17.0446
46.7929 18.5233
46.8929 19.3324
46.9929 19.3921
47.0929 18.7447
47.1929 17.5619
47.2929 16.0592
47.3929 14.3103
47.4929 12.3235
47.5929 10.1053
47.6929 7.62184
47.7929 4.89187
47.8929 2.05886
47.9929 -0.697228
48.0929 -3.31777
48.1929 -5.82927
48.2929 -8.24089
48.3929 -10.5366
48.4929 -12.6181
48.5929 -14.363
48.6929 -15.6158
48.7929 -16.3153
48.8929 -16.4504
48.9929 -16.0521
49.0929 -15.2525
49.1929 -14.2692
49.2929 -13.2869
49.3929 -12.4032
49.4929 -11.453
49.5929 -10.2101
49.6929 -8.49043
49.7929 -6.1881
49.8929 -3.37383
49.9929 -0.199338
50.0929 3.13093
50.1929 6.38817
50.2929 9.29697
50.3929 11.5359
50.4929 12.8994
50.5929 13.3598
50.6929 13.0018
50.7929 12.0496
50.8929 10.8041
50.9929 9.54054
51.0929 8.48048
51.1929 7.74851
51.2929 7.38417
51.3929 7.33063
51.4929 7.484
51.5929 7.63378
51.6929 7.63167
51.7929 7.43327
51.8929 6.99859
51.9929 6.31866
52.0929 5.36012
52.1929 4.06133
52.2929 2.43263
52.3929 0.491176
52.4929 -1.66525
52.5929 -3.93143
52.6929 -6.1676
52.7929 -8.24262
52.8929 -10.1046
52.9929 -11.7111
53.0929 -13.0153
53.1929 -14.0025
53.2929 -14.7238
53.3929 -15.136
53.4929 -15.0957
53.5929 -14.5252
53.6929 -13.3936
53.7929 -11.7147
53.8929 -9.58954
53.9929 -7.19331
54.0929 -4.67884
54.1929 -2.19058
54.2929 0.120168
54.3929 2.15238
54.4929 3.89145
54.5929 5.35238
54.6929 6.57631
54.7929 7.53195
54.8929 8.20238
54.9929 8.64216
55.0929 8.96468
55.1929 9.30143
55.2929 9.71578
55.3929 10.187
55.4929 10.6605
55.5929 11.024
55.6929 11.1459
55.7929 10.8809
55.8929 10.1824
55.9929 9.09147
56.0929 7.62484
56.1929 5.89211
56.2929 4.04257
56.3929 2.15378
56.4929 0.297217
56.5929 -1.48352
56.6929 -3.0572
56.7929 -4.28301
56.8929 -5.10616
56.9929 -5.65245
57.0929 -5.98368
57.1929 -6.1901
57.2929 -6.30616
57.3929 -6.42032
57.4929 -6.55756
57.5929 -6.69264
57.6929 -6.75734
57.7929 -6.66743
57.8929 -6.39127
57.9929 -5.98428
58.0929 -5.52405
58.1929 -5.08297
58.2929 -4.68955
58.3929 -4.32479
58.4929 -3.98511
58.5929 -3.66939
58.6929 -3.36541
58.7929 -3.01855
58.8929 -2.59495
58.9929 -2.09683
59.0929 -1.50165
59.1929 -0.774773
59.2929 0.0653696
59.3929 0.945314
59.4929 1.83031
59.5929 2.71356
59.6929 3.62062
59.7929 4.54561
59.8929 5.49803
59.9929 6.42784
60.0929 7.2682
60.1929 7.92776
60.2929 8.34089
60.3929 8.46524
60.4929 8.28132
60.5929 7.82389
60.6929 7.15475
60.7929 6.41613
60.8929 5.75408
60.9929 5.20821
61.0929 4.73905
61.1929 4.24062
61.2929 3.63087
61.3929 2.86414
61.4929 1.95605
61.5929 1.00208
61.6929 -0.00409533
61.7929 -1.0216
61.8929 -2.02965
61.9929 -3.02415
62.0929 -3.98818
62.1929 -4.93451
62.2929 -5.81941
62.3929 -6.60479
62.4929 -7.22928
62.5929 -7.61874
62.6929 -7.77008
62.7929 -7.7228
62.8929 -7.58182
62.9929 -7.42475
63.0929 -7.13248
63.1929 -6.66605
63.2929 -6.04308
63.3929 -5.27506
63.4929 -4.39472
63.5929 -3.3864
63.6929 -2.26912
63.7929 -1.14022
63.8929 -0.0955611
63.9929 0.733834
64.0929 1.38827
64.1929 1.97092
64.2929 2.57273
64.3929 3.20705
64.4929 3.84443
64.5929 4.4547
64.6929 4.94994
64.7929 5.34103
64.8929 5.65106
64.9929 5.84678
65.0929 5.88206
65.1929 5.77954
65.2929 5.61438
65.3929 5.42067
65.4929 5.20918
65.5929 4.92261
65.6929 4.55199
65.7929 4.09503
65.8929 3.59861
65.9929 3.04551
66.0929 2.4584
66.1929 1.87103
66.2929 1.30116
66.3929 0.750045
66.4929 0.245513
66.5929 -0.226405
66.6929 -0.664852
66.7929 -1.02745
66.8929 -1.29516
66.9929 -1.5045
67.0929 -1.70502
67.1929 -1.88645
67.2929 -2.05795
67.3929 -2.24145
67.4929 -2.41043
67.5929 -2.53663
67.6929 -2.62222
67.7929 -2.74625
67.8929 -2.9244
67.9929 -3.12135
68.0929 -3.35795
68.1929 -3.53673
68.2929 -3.64295
68.3929 -3.7069
68.4929 -3.73404
68.5929 -3.68519
68.6929 -3.53251
68.7929 -3.29891
68.8929 -2.99276
68.9929 -2.64951
69.0929 -2.25349
69.1929 -1.81484
69.2929 -1.26106
69.3929 -0.592751
69.4929 0.107993
69.5929 0.756496
69.6929 1.31971
69.7929 1.81594
69.8929 2.24805
69.9929 2.65007
70.0929 3.01149
70.1929 3.35271
70.2929 3.71767
70.3929 4.08236
70.4929 4.43501
70.5929 4.7314
70.6929 4.93556
70.7929 4.98057
70.8929 4.86277
70.9929 4.60807
71.0929 4.20364
71.1929 3.71818
71.2929 3.25894
71.3929 2.91534
71.4929 2.78957
71.5929 2.96817
71.6929 3.36144
71.7929 3.7775
71.8929 3.94183
71.9929 3.56835
72.0929 2.51176
72.1929 0.733947
72.2929 -1.63517
72.3929 -4.23951
72.4929 -6.59353
72.5929 -8.25002
72.6929 -8.85275
72.7929 -8.28202
72.8929 -6.67742
72.9929 -4.38593
73.0929 -1.92545
73.1929 0.199977
73.2929 1.59129
73.3929 2.10571
73.4929 1.87605
73.5929 1.07303
73.6929 -0.114352
73.7929 -1.50017
73.8929 -2.89035
73.9929 -4.05802
74.0929 -4.89194
74.1929 -5.35808
74.2929 -5.428
74.3929 -5.15101
74.4929 -4.48644
74.5929 -3.49218
74.6929 -2.23576
74.7929 -0.830964
74.8929 0.55743
74.9929 1.82576
75.0929 2.86505
75.1929 3.70224
75.2929 4.3886
75.3929 4.91278
75.4929 5.26912
75.5929 5.50601
75.6929 5.65052
75.7929 5.66774
75.8929 5.49824
75.9929 5.14093
76.0929 4.60211
76.1929 4.01544
76.2929 3.43064
76.3929 2.89584
76.4929 2.42067
76.5929 1.96683
76.6929 1.50798
76.7929 1.07682
76.8929 0.704933
76.9929 0.411658
77.0929 0.181667
77.1929 0.00513236
77.2929 -0.164007
77.3929 -0.350119
77.4929 -0.587898
77.5929 -0.988212
77.6929 -1.49193
77.7929 -2.01423
77.8929 -2.43567
77.9929 -2.68324
78.0929 -2.74645
78.1929 -2.65824
78.2929 -2.43677
78.3929 -2.13032
78.4929 -1.77701
78.5929 -1.50764
78.6929 -1.40087
78.7929 -1.52255
78.8929 -1.81578
78.9929 -2.11702
79.0929 -2.27058
79.1929 -2.2221
79.2929 -2.00882
79.3929 -1.67592
79.4929 -1.28106
79.5929 -0.850078
79.6929 -0.457422
79.7929 -0.176829
79.8929 -0.00272772
79.9929 0.0682596
80.0929 0.0655359
80.1929 0.05081
80.2929 0.11144
80.3929 0.256049
80.4929 0.506748
80.5929 0.823314
80.6929 1.149
80.7929 1.45375
80.8929 1.74273
80.9929 2.03276
81.0929 2.31611
81.1929 2.52446
81.2929 2.63698
81.3929 2.67601
81.4929 2.731
81.5929 2.78017
81.6929 2.78656
81.7929 2.7783
81.8929 2.78222
81.9929 2.79386
82.0929 2.72826
82.1929 2.59979
82.2929 2.45086
82.3929 2.29444
82.4929 2.11149
82.5929 1.86576
82.6929 1.53641
82.7929 1.19875
82.8929 0.883716
82.9929 0.568501
83.0929 0.172351
83.1929 -0.289436
83.2929 -0.810779
83.3929 -1.33274
83.4929 -1.78515
83.5929 -2.14915
83.6929 -2.44647
83.7929 -2.7004
83.8929 -2.90079
83.9929 -3.06612
84.0929 -3.16415
84.1929 -3.15543
84.2929 -3.08503
84.3929 -2.99655
84.4929 -2.88752
84.5929 -2.7817
84.6929 -2.66324
84.7929 -2.50687
84.8929 -2.27582
84.9929 -1.92777
85.0929 -1.47088
85.1929 -0.948419
85.2929 -0.448136
85.3929 0.01393
85.4929 0.445971
85.5929 0.891819
85.6929 1.25132
85.7929 1.50052
85.8929 1.68055
85.9929 1.82929
86.0929 1.95764
86.1929 2.10787
86.2929 2.22933
86.3929 2.29999
86.4929 2.36239
86.5929 2.36417
86.6929 2.35107
86.7929 2.39123
86.8929 2.51154
86.9929 2.65207
87.0929 2.7217
87.1929 2.71716
87.2929 2.71602
87.3929 2.65768
87.4929 2.53475
87.5929 2.4014
87.6929 2.20615
87.7929 1.95981
87.8929 1.66644
87.9929 1.28394
88.0929 0.827146
88.1929 0.376717
88.2929 -0.0294691
88.3929 -0.413801
88.4929 -0.795229
88.5929 -1.12383
88.6929 -1.43323
88.7929 -1.66454
88.8929 -1.7779
88.9929 -1.85564
89.0929 -1.92964
89.1929 -2.02286
89.2929 -2.1586
89.3929 -2.28199
89.4929 -2.39854
89.5929 -2.52856
89.6929 -2.58488
89.7929 -2.59606
89.8929 -2.45817
89.9929 -2.24097
90.0929 -1.87809
90.1929 -1.48254
90.2929 -1.0548
90.3929 -0.663857
90.4929 -0.291146
90.5929 -0.0202174
90.6929 0.178144
90.7929 0.414794
90.8929 0.67208
90.9929 0.903302
91.0929 1.09033
91.1929 1.25869
91.2929 1.38604
91.3929 1.48427
91.4929 1.5601
91.5929 1.62659
91.6929 1.64288
91.7929 1.60124
91.8929 1.4908
91.9929 1.36594
92.0929 1.28007
92.1929 1.28828
92.2929 1.29596
92.3929 1.30519
92.4929 1.2738
92.5929 1.26367
92.6929 1.28828
92.7929 1.31598
92.8929 1.31991
92.9929 1.31621
93.0929 1.29226
93.1929 1.24177
93.2929 1.15688
93.3929 1.00741
93.4929 0.813563
93.5929 0.626376
93.6929 0.388959
93.7929 0.118719
93.8929 -0.207461
93.9929 -0.517429
94.0929 -0.747559
94.1929 -0.880771
94.2929 -0.946634
94.3929 -0.993514
94.4929 -1.01991
94.5929 -1.05579
94.6929 -1.01348
94.7929 -0.939397
94.8929 -0.86586
94.9929 -0.804188
95.0929 -0.815499
95.1929 -0.865341
95.2929 -0.957331
95.3929 -1.01329
95.4929 -1.07101
95.5929 -1.15644
95.6929 -1.22063
95.7929 -1.26847
95.8929 -1.15328
95.9929 -0.944198
96.0929 -0.630564
96.1929 -0.268308
96.2929 0.130268
96.3929 0.511312
96.4929 0.827107
96.5929 1.08514
96.6929 1.27485
96.7929 1.32734
96.8929 1.26865
96.9929 1.15541
97.0929 1.03108
97.1929 0.905906
97.2929 0.791516
97.3929 0.683123
97.4929 0.627052
