-4.67706 0.307054
-4.57706 0.452697
-4.47706 0.505141
-4.37706 0.556265
-4.27706 0.548085
-4.17706 0.515547
-4.07706 0.518461
-3.97706 0.494461
-3.87706 0.468764
-3.77706 0.414938
-3.67706 0.305952
-3.57706 0.252148
-3.47706 0.201393
-3.37706 0.164288
-3.27706 0.116073
-3.17706 0.00119944
-3.07706 -0.068603
-2.97706 -0.163223
-2.87706 -0.215607
-2.77706 -0.230891
-2.67706 -0.216788
-2.57706 -0.155053
-2.47706 -0.0474492
-2.37706 0.0853115
-2.27706 0.13281
-2.17706 0.143199
-2.07706 0.0979509
-1.97706 0.059975
-1.87706 -0.0180188
-1.77706 -0.0582638
-1.67706 -0.0587487
-1.57706 -0.00181684
-1.47706 0.0904895
-1.37706 0.181888
-1.27706 0.302179
-1.17706 0.415047
-1.07706 0.465719
-0.977064 0.500797
-0.877064 0.58278
-0.777064 0.623429
-0.677064 0.626045
-0.577064 0.564061
-0.477064 0.466646
-0.377064 0.311573
-0.277064 0.153313
-0.177064 -0.0210141
-0.077064 -0.159033
0.022936 -0.253065
0.122936 -0.26291
0.222936 -0.210214
0.322936 -0.101204
0.422936 -0.00235999
0.522936 0.119994
0.622936 0.214912
0.722936 0.304402
0.822936 0.400912
0.922936 0.45029
1.02294 0.503952
1.12294 0.522711
1.22294 0.521378
1.32294 0.473825
1.42294 0.460825
1.52294 0.38884
1.62294 0.274422
1.72294 0.153133
1.82294 0.0911337
1.92294 0.0151459
2.02294 -0.0604664
2.12294 -0.0985871
2.22294 -0.114315
2.32294 -0.159197
2.42294 -0.190293
2.52294 -0.167053
2.62294 -0.113965
2.72294 -0.049236
2.82294 -0.00108558
2.92294 0.0157905
3.02294 -0.0250478
3.12294 -0.0156094
3.22294 -0.029491
3.32294 -0.0133666
3.42294 0.0522873
3.52294 0.151859
3.62294 0.324976
3.72294 0.540465
3.82294 0.719954
3.92294 0.8454
4.02294 0.962585
4.12294 1.04631
4.22294 1.07065
4.32294 0.995031
4.42294 0.83577
4.52294 0.668006
4.62294 0.438542
4.72294 0.217018
4.82294 0.0185315
4.92294 -0.182765
5.02294 -0.360151
5.12294 -0.46505
5.22294 -0.488103
5.32294 -0.479498
5.42294 -0.448922
5.52294 -0.3506
5.62294 -0.234802
5.72294 -0.0803424
5.82294 0.106076
5.92294 0.259062
6.02294 0.390793
6.12294 0.528908
6.22294 0.6706
6.32294 0.756462
6.42294 0.76598
6.52294 0.753664
6.62294 0.725506
6.72294 0.663885
6.82294 0.555187
6.92294 0.377741
7.02294 0.215574
7.12294 0.0303601
7.22294 -0.0785308
7.32294 -0.0908432
7.42294 -0.0663868
7.52294 0.00787798
7.62294 0.0897611
7.72294 0.160762
7.82294 0.255496
7.92294 0.310323
8.02294 0.332914
8.12294 0.284221
8.22294 0.26838
8.32294 0.226318
8.42294 0.170891
8.52294 0.118569
8.62294 0.0239515
8.72294 -0.0686801
8.82294 -0.0852752
8.92294 0.0471527
9.02294 0.277431
9.12294 0.546878
9.22294 0.782452
9.32294 0.989296
9.42294 1.12611
9.52294 1.19278
9.62294 1.21064
9.72294 1.0504
9.82294 0.816768
9.92294 0.538051
10.0229 0.270818
10.1229 0.0477842
10.2229 -0.138196
10.3229 -0.238975
10.4229 -0.30419
10.5229 -0.370962
10.6229 -0.38625
10.7229 -0.322051
10.8229 -0.368171
10.9229 -0.397439
11.0229 -0.443561
11.1229 -0.47393
11.2229 -0.425426
11.3229 -0.347681
11.4229 -0.218991
11.5229 -0.0145997
11.6229 0.233248
11.7229 0.472672
11.8229 0.675369
11.9229 0.80729
12.0229 0.872434
12.1229 0.896343
12.2229 0.891718
12.3229 0.862242
12.4229 0.738704
12.5229 0.671857
12.6229 0.591435
12.7229 0.548382
12.8229 0.558498
12.9229 0.648464
13.0229 0.706814
13.1229 0.697795
13.2229 0.703619
13.3229 0.686529
13.4229 0.628026
13.5229 0.512555
13.6229 0.393063
13.7229 0.285393
13.8229 0.181848
13.9229 0.030968
14.0229 -0.0487101
14.1229 -0.0994537
14.2229 -0.0842921
14.3229 0.0360667
14.4229 0.215289
14.5229 0.397425
14.6229 0.467528
14.7229 0.462851
14.8229 0.47697
14.9229 0.518142
15.0229 0.497432
15.1229 0.430438
15.2229 0.352459
15.3229 0.237861
15.4229 0.114669
15.5229 0.0385126
15.6229 0.0494313
15.7229 0.109076
15.8229 0.137601
15.9229 0.157515
16.0229 0.176305
16.1229 0.155206
16.2229 0.123412
16.3229 0.107595
16.4229 0.0617996
16.5229 0.0134138
16.6229 -0.0209839
16.7229 0.00972324
16.8229 0.102379
16.9229 0.250331
17.0229 0.413939
17.1229 0.575032
17.2229 0.752531
17.3229 0.935001
17.4229 1.08281
17.5229 1.14506
17.6229 1.1528
17.7229 1.08779
17.8229 0.962238
17.9229 0.803941
18.0229 0.644874
18.1229 0.510049
18.2229 0.392803
18.3229 0.259252
18.4229 0.160572
18.5229 0.0774636
18.6229 -0.0349041
18.7229 -0.191617
18.8229 -0.340666
18.9229 -0.425696
19.0229 -0.411106
19.1229 -0.264634
19.2229 -0.0455949
19.3229 0.197075
19.4229 0.395724
19.5229 0.548083
19.6229 0.670127
19.7229 0.747941
19.8229 0.773954
19.9229 0.767534
20.0229 0.710647
20.1229 0.617094
20.2229 0.491675
20.3229 0.406559
20.4229 0.433097
20.5229 0.471692
20.6229 0.436873
20.7229 0.314202
20.8229 0.15613
20.9229 -0.00983001
21.0229 -0.160267
21.1229 -0.285428
21.2229 -0.351049
21.3229 -0.34226
21.4229 -0.234032
21.5229 -0.0962065
21.6229 0.0558941
21.7229 0.239568
21.8229 0.419786
21.9229 0.501812
22.0229 0.463332
22.1229 0.392529
22.2229 0.348861
22.3229 0.317803
22.4229 0.324404
22.5229 0.388403
22.6229 0.475853
22.7229 0.581218
22.8229 0.713449
22.9229 0.826731
23.0229 0.949952
23.1229 1.02734
23.2229 0.985201
23.3229 0.854997
23.4229 0.725245
23.5229 0.571343
23.6229 0.369266
23.7229 0.200265
23.8229 0.0539595
23.9229 -0.103764
24.0229 -0.197886
24.1229 -0.212386
24.2229 -0.190445
24.3229 -0.143734
24.4229 -0.0272783
24.5229 0.134365
24.6229 0.293357
24.7229 0.376837
24.8229 0.425196
24.9229 0.507922
25.0229 0.604277
25.1229 0.639834
25.2229 0.600347
25.3229 0.555173
25.4229 0.491269
25.5229 0.387713
25.6229 0.279746
25.7229 0.210156
25.8229 0.199895
25.9229 0.270436
26.0229 0.369001
26.1229 0.418753
26.2229 0.360535
26.3229 0.265781
26.4229 0.153813
26.5229 0.0151896
26.6229 -0.153005
26.7229 -0.286906
26.8229 -0.338173
26.9229 -0.296233
27.0229 -0.166992
27.1229 0.0689923
27.2229 0.37101
27.3229 0.659382
27.4229 0.918877
27.5229 1.1527
27.6229 1.34806
27.7229 1.47522
27.8229 1.49339
27.9229 1.40796
28.0229 1.26358
28.1229 1.07778
28.2229 0.87818
28.3229 0.656573
28.4229 0.429147
28.5229 0.201885
28.6229 0.0178882
28.7229 -0.145843
28.8229 -0.274663
28.9229 -0.365355
29.0229 -0.396153
29.1229 -0.35731
29.2229 -0.328914
29.3229 -0.38012
29.4229 -0.479615
29.5229 -0.521355
29.6229 -0.460691
29.7229 -0.279341
29.8229 -0.00956129
29.9229 0.269584
30.0229 0.536386
30.1229 0.792824
30.2229 0.988366
30.3229 1.05734
30.4229 1.00789
30.5229 0.851488
30.6229 0.660276
30.7229 0.486847
30.8229 0.416096
30.9229 0.486409
31.0229 0.648618
31.1229 0.828462
31.2229 1.00668
31.3229 1.13924
31.4229 1.20292
31.5229 1.11128
31.6229 0.759478
31.7229 0.0463044
31.8229 -1.08244
31.9229 -2.52516
32.0229 -4.13168
32.1229 -5.60385
32.2229 -6.38936
32.3229 -5.86802
32.4229 -3.79381
32.5229 -0.0800841
32.6229 5.36894
32.7229 12.368
32.8229 19.754
32.9229 25.3902
33.0229 27.2197
33.1229 23.459
33.2229 11.6926
33.3229 -9.45574
33.4229 -37.599
33.5229 -65.401
33.6229 -83.1873
33.7229 -86.2595
33.8229 -76.1565
33.9229 -54.7487
34.0229 -23.9603
34.1229 12.3804
34.2229 48.9987
34.3229 80.6465
34.4229 101.853
34.5229 109.094
34.6229 100.119
34.7229 73.0044
34.8229 33.3878
34.9229 -7.87541
35.0229 -41.8336
35.1229 -65.8413
35.2229 -80.3612
35.3229 -86.1257
35.4229 -83.9578
35.5229 -76.1537
35.6229 -65.149
35.7229 -52.1594
35.8229 -37.7348
35.9229 -22.1697
36.0229 -5.98269
36.1229 10.0527
36.2229 25.1284
36.3229 38.5905
36.4229 49.7401
36.5229 57.8311
36.6229 62.3305
36.7229 63.0171
36.8229 59.9892
36.9229 53.4521
37.0229 43.8919
37.1229 31.7945
37.2229 17.6708
37.3229 2.49449
37.4229 -12.0885
37.5229 -24.2688
37.6229 -33.3126
37.7229 -39.2996
37.8229 -42.7103
37.9229 -44.4207
38.0229 -45.3404
38.1229 -45.6927
38.2229 -45.029
38.3229 -42.6246
38.4229 -37.9465
38.5229 -30.871
38.6229 -22.0636
38.7229 -12.712
38.8229 -3.84748
38.9229 4.06266
39.0229 11.0478
39.1229 17.2686
39.2229 22.7745
39.3229 27.5308
39.4229 31.3916
39.5229 33.967
39.6229 34.9565
39.7229 34.3775
39.8229 32.4376
39.9229 29.4992
40.0229 25.9444
40.1229 21.9777
40.2229 17.646
40.3229 12.8357
40.4229 7.34677
40.5229 1.18228
40.6229 -5.31711
40.7229 -11.5742
40.8229 -17.0293
40.9229 -21.2809
41.0229 -24.2837
41.1229 -26.2417
41.2229 -27.392
41.3229 -27.7476
41.4229 -27.2994
41.5229 -26.0461
41.6229 -24.0987
41.7229 -21.6378
41.8229 -18.9036
41.9229 -16.0636
42.0229 -13.1664
42.1229 -10.1432
42.2229 -6.85864
42.3229 -3.22243
42.4229 0.667606
42.5229 4.60706
42.6229 8.32049
42.7229 11.5366
42.8229 14.0889
42.9229 15.9716
43.0229 17.3605
43.1229 18.3877
43.2229 19.1108
43.3229 19.5113
43.4229 19.448
43.5229 18.8489
43.6229 17.6898
43.7229 16.0434
43.8229 14.0397
43.9229 11.8591
44.0229 9.52887
44.1229 7.00602
44.2229 4.19749
44.3229 1.10676
44.4229 -2.12839
44.5229 -5.21394
44.6229 -7.86524
44.7229 -9.93124
44.8229 -11.4101
44.9229 -12.4909
45.0229 -13.4204
45.1229 -14.4251
45.2229 -15.56
45.3229 -16.7488
45.4229 -17.8168
45.5229 -18.5516
45.6229 -18.7292
45.7229 -18.163
45.8229 -16.7171
45.9229 -14.313
46.0229 -11.0613
46.1229 -7.19386
46.2229 -3.07959
46.3229 0.870352
46.4229 4.24647
46.5229 6.81934
46.6229 8.39419
46.7229 9.00261
46.8229 8.87374
46.9229 8.40249
47.0229 7.9345
47.1229 7.73782
47.2229 7.88669
47.3229 8.33731
47.4229 8.95522
47.5229 9.59609
47.6229 10.1991
47.7229 10.7322
47.8229 11.1945
47.9229 11.5659
48.0229 11.7556
48.1229 11.6233
48.2229 11.169
48.3229 10.3329
48.4229 9.08517
48.5229 7.4785
48.6229 5.5269
48.7229 3.22292
48.8229 0.630904
48.9229 -2.14135
49.0229 -5.01664
49.1229 -7.87642
49.2229 -10.6555
49.3229 -13.2462
49.4229 -15.4365
49.5229 -17.0289
49.6229 -17.9545
49.7229 -18.1287
49.8229 -17.5115
49.9229 -16.2244
50.0229 -14.4318
50.1229 -12.3481
50.2229 -10.1794
50.3229 -8.08237
50.4229 -6.16748
50.5229 -4.43998
50.6229 -2.85123
50.7229 -1.40298
50.8229 -0.109138
50.9229 1.12352
51.0229 2.3332
51.1229 3.57545
51.2229 4.96887
51.3229 6.51586
51.4229 8.20017
51.5229 9.87704
51.6229 11.3767
51.7229 12.5451
51.8229 13.2669
51.9229 13.4651
52.0229 13.1405
52.1229 12.3507
52.2229 11.1874
52.3229 9.74854
52.4229 8.13665
52.5229 6.44938
52.6229 4.75717
52.7229 3.17508
52.8229 1.76075
52.9229 0.56315
53.0229 -0.359152
53.1229 -1.07303
53.2229 -1.68919
53.3229 -2.29603
53.4229 -2.979
53.5229 -3.70394
53.6229 -4.38006
53.7229 -4.93223
53.8229 -5.33315
53.9229 -5.58059
54.0229 -5.75867
54.1229 -5.89808
54.2229 -6.05914
54.3229 -6.27113
54.4229 -6.5571
54.5229 -6.81939
54.6229 -6.99506
54.7229 -7.06749
54.8229 -6.99986
54.9229 -6.8078
55.0229 -6.43451
55.1229 -5.83449
55.2229 -5.0073
55.3229 -4.06808
55.4229 -3.20222
55.5229 -2.44118
55.6229 -1.6616
55.7229 -0.782088
55.8229 0.230008
55.9229 1.3588
56.0229 2.58978
56.1229 3.89939
56.2229 5.14393
56.3229 6.17272
56.4229 6.91393
56.5229 7.31853
56.6229 7.44273
56.7229 7.51059
56.8229 7.61733
56.9229 7.75558
57.0229 7.91414
57.1229 8.03545
57.2229 8.02074
57.3229 7.78688
57.4229 7.29059
57.5229 6.55848
57.6229 5.6797
57.7229 4.7776
57.8229 3.9183
57.9229 3.09976
58.0229 2.26243
58.1229 1.38903
58.2229 0.418316
58.3229 -0.661753
58.4229 -1.81089
58.5229 -2.99479
58.6229 -4.13708
58.7229 -5.19596
58.8229 -6.1686
58.9229 -7.0183
59.0229 -7.76111
59.1229 -8.29919
59.2229 -8.60678
59.3229 -8.65799
59.4229 -8.46099
59.5229 -8.08236
59.6229 -7.55964
59.7229 -6.91858
59.8229 -6.16576
59.9229 -5.32238
60.0229 -4.40319
60.1229 -3.42532
60.2229 -2.37836
60.3229 -1.2843
60.4229 -0.181995
60.5229 0.891523
60.6229 1.86396
60.7229 2.72248
60.8229 3.41077
60.9229 3.90181
61.0229 4.24575
61.1229 4.4942
61.2229 4.66085
61.3229 4.73671
61.4229 4.77019
61.5229 4.80618
61.6229 4.88948
61.7229 4.98375
61.8229 5.04583
61.9229 5.0287
62.0229 4.95749
62.1229 4.87973
62.2229 4.76466
62.3229 4.51245
62.4229 4.13785
62.5229 3.69321
62.6229 3.2451
62.7229 2.81622
62.8229 2.41463
62.9229 1.99493
63.0229 1.58905
63.1229 1.22689
63.2229 0.886085
63.3229 0.592745
63.4229 0.310576
63.5229 -0.0145788
63.6229 -0.391693
63.7229 -0.827439
63.8229 -1.27551
63.9229 -1.66713
64.0229 -2.04636
64.1229 -2.47729
64.2229 -2.9593
64.3229 -3.45747
64.4229 -3.94699
64.5229 -4.45298
64.6229 -4.86636
64.7229 -5.15459
64.8229 -5.33225
64.9229 -5.39262
65.0229 -5.30227
65.1229 -5.06248
65.2229 -4.67761
65.3229 -4.18868
65.4229 -3.59935
65.5229 -2.94151
65.6229 -2.23744
65.7229 -1.5342
65.8229 -0.846129
65.9229 -0.211609
66.0229 0.38678
66.1229 0.981003
66.2229 1.58202
66.3229 2.18214
66.4229 2.79487
66.5229 3.45577
66.6229 4.08377
66.7229 4.55882
66.8229 4.81597
66.9229 4.79242
67.0229 4.50708
67.1229 4.02977
67.2229 3.45701
67.3229 3.00401
67.4229 2.894
67.5229 3.2588
67.6229 4.07177
67.7229 5.18742
67.8229 6.36394
67.9229 7.28733
68.0229 7.60006
68.1229 7.0539
68.2229 5.47829
68.3229 2.90679
68.4229 -0.265452
68.5229 -3.38775
68.6229 -5.84032
68.7229 -7.23033
68.8229 -7.37612
68.9229 -6.31968
69.0229 -4.26546
69.1229 -1.75518
69.2229 0.601562
69.3229 2.32412
69.4229 3.29041
69.5229 3.49572
69.6229 2.98718
69.7229 1.91005
69.8229 0.457545
69.9229 -1.14326
70.0229 -2.73357
70.1229 -4.2414
70.2229 -5.55872
70.3229 -6.6007
70.4229 -7.27606
70.5229 -7.49026
70.6229 -7.2665
70.7229 -6.6577
70.8229 -5.76879
70.9229 -4.67895
71.0229 -3.46685
71.1229 -2.16632
71.2229 -0.883206
71.3229 0.290137
71.4229 1.35582
71.5229 2.36376
71.6229 3.22317
71.7229 3.86537
71.8229 4.25601
71.9229 4.37049
72.0229 4.29017
72.1229 4.15925
72.2229 4.04971
72.3229 3.92458
72.4229 3.76709
72.5229 3.63856
72.6229 3.54626
72.7229 3.4712
72.8229 3.41195
72.9229 3.3669
73.0229 3.34188
73.1229 3.3432
73.2229 3.38586
73.3229 3.34228
73.4229 3.14987
73.5229 2.78423
73.6229 2.24814
73.7229 1.54929
73.8229 0.718494
73.9229 -0.101677
74.0229 -0.768121
74.1229 -1.25787
74.2229 -1.45246
74.3229 -1.40827
74.4229 -1.1905
74.5229 -0.908524
74.6229 -0.660478
74.7229 -0.570725
74.8229 -0.66547
74.9229 -0.940477
75.0229 -1.31582
75.1229 -1.71281
75.2229 -2.0648
75.3229 -2.32583
75.4229 -2.4379
75.5229 -2.43121
75.6229 -2.35155
75.7229 -2.26431
75.8229 -2.19292
75.9229 -2.16516
76.0229 -2.19403
76.1229 -2.15511
76.2229 -2.02035
76.3229 -1.82665
76.4229 -1.57392
76.5229 -1.29616
76.6229 -1.04846
76.7229 -0.821666
76.8229 -0.587279
76.9229 -0.285563
77.0229 0.0668759
77.1229 0.388295
77.2229 0.677448
77.3229 0.922698
77.4229 1.17277
77.5229 1.38227
77.6229 1.54145
77.7229 1.72626
77.8229 2.01466
77.9229 2.37192
78.0229 2.79297
78.1229 3.21091
78.2229 3.53485
78.3229 3.77137
78.4229 3.91366
78.5229 3.92551
78.6229 3.82879
78.7229 3.6688
78.8229 3.49457
78.9229 3.30481
79.0229 3.1017
79.1229 2.86267
79.2229 2.58659
79.3229 2.29755
79.4229 1.90985
79.5229 1.43848
79.6229 0.926489
79.7229 0.371695
79.8229 -0.182635
79.9229 -0.69798
80.0229 -1.16346
80.1229 -1.53581
80.2229 -1.83328
80.3229 -2.07325
80.4229 -2.30665
80.5229 -2.53333
80.6229 -2.71914
80.7229 -2.87939
80.8229 -3.02815
80.9229 -3.13032
81.0229 -3.12492
81.1229 -3.0098
81.2229 -2.7885
81.3229 -2.49038
81.4229 -2.16061
81.5229 -1.82953
81.6229 -1.46018
81.7229 -1.07185
81.8229 -0.715658
81.9229 -0.40453
82.0229 -0.158096
82.1229 0.072215
82.2229 0.270128
82.3229 0.470099
82.4229 0.648483
82.5229 0.76655
82.6229 0.8683
82.7229 1.04818
82.8229 1.30977
82.9229 1.59625
83.0229 1.86112
83.1229 2.02764
83.2229 2.13376
83.3229 2.19905
83.4229 2.2747
83.5229 2.39001
83.6229 2.51787
83.7229 2.61611
83.8229 2.67771
83.9229 2.73768
84.0229 2.70087
84.1229 2.53623
84.2229 2.29468
84.3229 2.01629
84.4229 1.64099
84.5229 1.25647
84.6229 0.926929
84.7229 0.733504
84.8229 0.665911
84.9229 0.644264
85.0229 0.642176
85.1229 0.636551
85.2229 0.630548
85.3229 0.480192
85.4229 0.23881
85.5229 -0.111668
85.6229 -0.624337
85.7229 -1.20839
85.8229 -1.75253
85.9229 -2.13744
86.0229 -2.34473
86.1229 -2.38325
86.2229 -2.23246
86.3229 -2.06
86.4229 -1.80237
86.5229 -1.47442
86.6229 -1.12234
86.7229 -0.719663
86.8229 -0.372634
86.9229 -0.0837505
87.0229 0.0754528
87.1229 0.160485
87.2229 0.137877
87.3229 -0.0106888
87.4229 -0.188537
87.5229 -0.347005
87.6229 -0.474499
87.7229 -0.537545
87.8229 -0.457383
87.9229 -0.270296
88.0229 -0.057187
88.1229 0.162469
88.2229 0.461781
88.3229 0.78328
88.4229 1.05765
88.5229 1.25806
88.6229 1.3163
88.7229 1.28481
88.8229 1.1771
88.9229 1.17152
89.0229 1.17237
89.1229 1.21103
89.2229 1.28089
89.3229 1.30047
89.4229 1.26515
89.5229 1.2956
89.6229 1.25497
89.7229 1.16809
89.8229 1.05694
89.9229 0.995174
90.0229 0.865689
90.1229 0.849463
90.2229 0.922038
90.3229 0.990429
90.4229 0.996874
90.5229 0.952825
90.6229 0.812485
90.7229 0.648783
90.8229 0.498213
90.9229 0.269179
91.0229 0.0814596
91.1229 -0.157078
91.2229 -0.39513
91.3229 -0.538294
91.4229 -0.63303
91.5229 -0.728427
91.6229 -0.814893
91.7229 -0.902303
91.8229 -0.909143
91.9229 -0.818306
92.0229 -0.725507
92.1229 -0.631373
92.2229 -0.571813
92.3229 -0.527991
92.4229 -0.493897
92.5229 -0.421617
92.6229 -0.360971
92.7229 -0.28233
92.8229 -0.198425
92.9229 -0.0921296
93.0229 0.00378677
93.1229 0.0966406
93.2229 0.172088
93.3229 0.284944
93.4229 0.357318
93.5229 0.404052
93.6229 0.395834
93.7229 0.434586
93.8229 0.467711
93.9229 0.465448
94.0229 0.454328
94.1229 0.404372
94.2229 0.387502
94.3229 0.430798
94.4229 0.431178
94.5229 0.396751
94.6229 0.355822
94.7229 0.419855
94.8229 0.502528
94.9229 0.571808
95.0229 0.608208
95.1229 0.627217
95.2229 0.674906
95.3229 0.712421
95.4229 0.745855
95.5229 0.789
95.6229 0.705113
95.7229 0.618692
95.8229 0.493173
95.9229 0.404613
96.0229 0.300532
96.1229 0.173981
96.2229 0.0650219
96.3229 0.00636579
96.4229 0.0693936
96.5229 0.109288
96.6229 0.139893
96.7229 0.137402
96.8229 0.132953
96.9229 0.14187
97.0229 0.181844
97.1229 0.22936
97.2229 0.261702
97.3229 0.277918
97.4229 0.268377
97.5229 0.235761
97.6229 0.216307
