-5.33385 -0.126272
-5.23385 -0.106813
-5.13385 -0.0365679
-5.03385 0.0545807
-4.93385 0.2381
-4.83385 0.434697
-4.73385 0.621718
-4.63385 0.797865
-4.53385 0.888885
-4.43385 0.867379
-4.33385 0.763462
-4.23385 0.586169
-4.13385 0.327772
-4.03385 0.049731
-3.93385 -0.196676
-3.83385 -0.387676
-3.73385 -0.596604
-3.63385 -0.725849
-3.53385 -0.854133
-3.43385 -0.948754
-3.33385 -0.925756
-3.23385 -0.767079
-3.13385 -0.574876
-3.03385 -0.317849
-2.93385 -0.0122657
-2.83385 0.310277
-2.73385 0.606979
-2.63385 0.837406
-2.53385 1.04846
-2.43385 1.21292
-2.33385 1.32106
-2.23385 1.34129
-2.13385 1.36387
-2.03385 1.27891
-1.93385 1.12319
-1.83385 0.929435
-1.73385 0.632408
-1.63385 0.343172
-1.53385 0.0879545
-1.43385 -0.0799457
-1.33385 -0.229939
-1.23385 -0.326629
-1.13385 -0.391051
-1.03385 -0.408503
-0.933849 -0.354825
-0.833849 -0.243582
-0.733849 -0.0677308
-0.633849 0.124082
-0.533849 0.213446
-0.433849 0.274769
-0.333849 0.342582
-0.233849 0.402136
-0.133849 0.43272
-0.033849 0.392696
0.066151 0.424935
0.166151 0.430757
0.266151 0.453079
0.366151 0.49051
0.466151 0.544586
0.566151 0.594367
0.666151 0.644658
0.766151 0.623582
0.866151 0.600535
0.966151 0.451065
1.06615 0.255685
1.16615 -0.0047508
1.26615 -0.267152
1.36615 -0.557805
1.46615 -0.817157
1.56615 -1.04179
1.66615 -1.09353
1.76615 -1.03479
1.86615 -0.904235
1.96615 -0.657193
2.06615 -0.354941
2.16615 -0.0318036
2.26615 0.339187
2.36615 0.805081
2.46615 1.28004
2.56615 1.5887
2.66615 1.75143
2.76615 1.79604
2.86615 1.69252
2.96615 1.48582
3.06615 1.19355
3.16615 0.922308
3.26615 0.681395
3.36615 0.54099
3.46615 0.483886
3.56615 0.464325
3.66615 0.454131
3.76615 0.391111
3.86615 0.280325
3.96615 0.0807464
4.06615 -0.250531
4.16615 -0.687347
4.26615 -1.12327
4.36615 -1.49398
4.46615 -1.67367
4.56615 -1.61086
4.66615 -1.39106
4.76615 -1.04436
4.86615 -0.6097
4.96615 -0.153651
5.06615 0.259698
5.16615 0.706904
5.26615 1.11277
5.36615 1.38899
5.46615 1.53251
5.56615 1.59381
5.66615 1.51898
5.76615 1.34202
5.86615 1.10867
5.96615 0.869223
6.06615 0.650734
6.16615 0.462149
6.26615 0.242627
6.36615 0.0911445
6.46615 0.0356411
6.56615 0.0130962
6.66615 -0.0569198
6.76615 -0.13467
6.86615 -0.163863
6.96615 -0.151297
7.06615 -0.165241
7.16615 -0.223889
7.26615 -0.304333
7.36615 -0.403049
7.46615 -0.351034
7.56615 -0.158855
7.66615 0.0723718
7.76615 0.370759
7.86615 0.782502
7.96615 1.24645
8.06615 1.63871
8.16615 1.86061
8.26615 1.90219
8.36615 1.81026
8.46615 1.56882
8.56615 1.22262
8.66615 0.776517
8.76615 0.282876
8.86615 -0.181138
8.96615 -0.584354
9.06615 -0.922187
9.16615 -1.23518
9.26615 -1.51217
9.36615 -1.68767
9.46615 -1.72205
9.56615 -1.60503
9.66615 -1.31444
9.76615 -0.913669
9.86615 -0.532675
9.96615 -0.190057
10.0662 0.150473
10.1662 0.468099
10.2662 0.746933
10.3662 1.01843
10.4662 1.28542
10.5662 1.54085
10.6662 1.70286
10.7662 1.74889
10.8662 1.69879
10.9662 1.56558
11.0662 1.37724
11.1662 1.13121
11.2662 0.802929
11.3662 0.402264
11.4662 -0.0484055
11.5662 -0.462526
11.6662 -0.72138
11.7662 -0.797328
11.8662 -0.722304
11.9662 -0.533054
12.0662 -0.270754
12.1662 0.0534926
12.2662 0.400501
12.3662 0.65466
12.4662 0.764521
12.5662 0.781311
12.6662 0.790331
12.7662 0.806723
12.8662 0.819583
12.9662 0.833846
13.0662 0.861033
13.1662 0.872612
13.2662 0.865331
13.3662 0.815936
13.4662 0.717177
13.5662 0.545773
13.6662 0.306928
13.7662 0.0769403
13.8662 -0.164955
13.9662 -0.3822
14.0662 -0.56747
14.1662 -0.730957
14.2662 -0.912171
14.3662 -1.08162
14.4662 -1.17843
14.5662 -1.17575
14.6662 -1.12428
14.7662 -1.04719
14.8662 -0.927121
14.9662 -0.74836
15.0662 -0.512653
15.1662 -0.221527
15.2662 0.127534
15.3662 0.521113
15.4662 0.92368
15.5662 1.32826
15.6662 1.70655
15.7662 2.01437
15.8662 2.20872
15.9662 2.2999
16.0662 2.25991
16.1662 2.05913
16.2662 1.7482
16.3662 1.34676
16.4662 0.894742
16.5662 0.445204
16.6662 0.016674
16.7662 -0.379072
16.8662 -0.719767
16.9662 -0.960989
17.0662 -1.09146
17.1662 -1.12868
17.2662 -1.06954
17.3662 -0.871003
17.4662 -0.610426
17.5662 -0.358541
17.6662 -0.0782901
17.7662 0.240261
17.8662 0.526002
17.9662 0.712998
18.0662 0.786335
18.1662 0.804262
18.2662 0.805295
18.3662 0.754047
18.4662 0.64482
18.5662 0.499163
18.6662 0.369256
18.7662 0.361362
18.8662 0.520784
18.9662 0.771358
19.0662 1.02184
19.1662 1.18877
19.2662 1.18521
19.3662 0.910917
19.4662 0.178806
19.5662 -1.14668
19.6662 -2.99337
19.7662 -5.12015
19.8662 -6.91896
19.9662 -7.68415
20.0662 -6.83275
20.1662 -4.27569
20.2662 0.0764858
20.3662 6.3053
20.4662 13.8829
20.5662 21.1315
20.6662 25.7747
20.7662 25.9226
20.8662 20.2932
20.9662 6.94772
21.0662 -15.0046
21.1662 -41.8811
21.2662 -65.2375
21.3662 -76.9414
21.4662 -74.9067
21.5662 -61.3544
21.6662 -37.679
21.7662 -6.23547
21.8662 28.212
21.9662 60.1728
22.0662 84.3216
22.1662 96.6154
22.2662 94.6541
22.3662 76.3605
22.4662 44.4797
22.5662 7.82126
22.6662 -24.6757
22.7662 -48.5596
22.8662 -63.607
22.9662 -70.8812
23.0662 -71.1658
23.1662 -65.9641
23.2662 -57.3696
23.3662 -46.802
23.4662 -34.8156
23.5662 -21.7039
23.6662 -8.10648
23.7662 4.92867
23.8662 16.386
23.9662 25.5651
24.0662 32.0644
24.1662 35.9704
24.2662 37.973
24.3662 38.8577
24.4662 38.9533
24.5662 38.1214
24.6662 35.8884
24.7662 31.7637
24.8662 25.4967
24.9662 17.1575
25.0662 7.56299
25.1662 -1.95503
25.2662 -10.4059
25.3662 -17.7097
25.4662 -24.2174
25.5662 -30.2462
25.6662 -35.8603
25.7662 -40.6415
25.8662 -43.6494
25.9662 -43.8112
26.0662 -40.6897
26.1662 -34.6687
26.2662 -26.7409
26.3662 -18.1832
26.4662 -9.99201
26.5662 -2.62956
26.6662 3.79876
26.7662 9.37477
26.8662 14.1386
26.9662 18.0323
27.0662 21.0668
27.1662 23.2593
27.2662 24.6017
27.3662 25.1686
27.4662 25.1065
27.5662 24.5923
27.6662 23.7465
27.7662 22.5299
27.8662 20.7506
27.9662 18.1319
28.0662 14.4548
28.1662 9.81022
28.2662 4.63474
28.3662 -0.466405
28.4662 -5.1789
28.5662 -9.30001
28.6662 -12.6917
28.7662 -15.4387
28.8662 -17.6128
28.9662 -19.2408
29.0662 -20.3086
29.1662 -20.857
29.2662 -20.951
29.3662 -20.7075
29.4662 -20.2363
29.5662 -19.5144
29.6662 -18.4424
29.7662 -16.8348
29.8662 -14.5295
29.9662 -11.5092
30.0662 -7.93467
30.1662 -4.13377
30.2662 -0.42919
30.3662 2.96886
30.4662 5.91936
30.5662 8.4743
30.6662 10.758
30.7662 12.8583
30.8662 14.7362
30.9662 16.207
31.0662 17.1058
31.1662 17.3415
31.2662 16.9692
31.3662 16.2322
31.4662 15.266
31.5662 14.1038
31.6662 12.8197
31.7662 11.4155
31.8662 9.79513
31.9662 7.86502
32.0662 5.68051
32.1662 3.39576
32.2662 1.14838
32.3662 -0.984828
32.4662 -2.96345
32.5662 -4.76791
32.6662 -6.51892
32.7662 -8.31815
32.8662 -10.1299
32.9662 -12.0057
33.0662 -13.9878
33.1662 -15.884
33.2662 -17.415
33.3662 -18.33
33.4662 -18.348
33.5662 -17.3517
33.6662 -15.387
33.7662 -12.5672
33.8662 -9.08507
33.9662 -5.40888
34.0662 -2.04771
34.1662 0.60344
34.2662 2.34433
34.3662 3.17757
34.4662 3.33015
34.5662 3.14544
34.6662 2.95295
34.7662 2.98069
34.8662 3.38062
34.9662 4.12271
35.0662 5.14815
35.1662 6.36545
35.2662 7.63669
35.3662 8.85289
35.4662 9.98045
35.5662 10.9965
35.6662 11.8541
35.7662 12.5011
35.8662 12.8566
35.9662 12.8937
36.0662 12.5757
36.1662 11.8488
36.2662 10.6889
36.3662 9.09131
36.4662 7.12995
36.5662 4.90712
36.6662 2.5039
36.7662 -0.0170081
36.8662 -2.6344
36.9662 -5.33289
37.0662 -7.93203
37.1662 -10.2119
37.2662 -11.9957
37.3662 -13.165
37.4662 -13.6596
37.5662 -13.6192
37.6662 -13.214
37.7662 -12.589
37.8662 -11.7712
37.9662 -10.8568
38.0662 -9.94424
38.1662 -9.11238
38.2662 -8.32971
38.3662 -7.54254
38.4662 -6.68196
38.5662 -5.76243
38.6662 -4.76671
38.7662 -3.58185
38.8662 -2.02915
38.9662 -0.0826416
39.0662 2.07808
39.1662 4.2472
39.2662 6.31159
39.3662 8.14763
39.4662 9.60099
39.5662 10.5264
39.6662 10.8885
39.7662 10.7142
39.8662 10.1465
39.9662 9.41947
40.0662 8.67251
40.1662 7.97054
40.2662 7.31618
40.3662 6.7235
40.4662 6.11597
40.5662 5.4632
40.6662 4.76437
40.7662 4.04074
40.8662 3.3385
40.9662 2.65409
41.0662 1.99402
41.1662 1.39797
41.2662 0.822938
41.3662 0.257512
41.4662 -0.310297
41.5662 -0.857098
41.6662 -1.39754
41.7662 -2.03523
41.8662 -2.83706
41.9662 -3.7881
42.0662 -4.79627
42.1662 -5.7944
42.2662 -6.65767
42.3662 -7.29937
42.4662 -7.74075
42.5662 -7.96573
42.6662 -7.97428
42.7662 -7.73032
42.8662 -7.34086
42.9662 -6.92735
43.0662 -6.51738
43.1662 -6.04294
43.2662 -5.52184
43.3662 -4.91146
43.4662 -4.12613
43.5662 -3.15758
43.6662 -2.04387
43.7662 -0.842197
43.8662 0.389747
43.9662 1.54442
44.0662 2.60599
44.1662 3.50917
44.2662 4.19752
44.3662 4.71952
44.4662 5.14957
44.5662 5.56186
44.6662 6.03146
44.7662 6.51426
44.8662 6.94147
44.9662 7.28226
45.0662 7.53024
45.1662 7.64176
45.2662 7.61299
45.3662 7.43678
45.4662 7.08849
45.5662 6.61186
45.6662 6.00234
45.7662 5.30498
45.8662 4.48854
45.9662 3.50386
46.0662 2.37484
46.1662 1.22567
46.2662 0.158569
46.3662 -0.775845
46.4662 -1.60733
46.5662 -2.38569
46.6662 -3.11712
46.7662 -3.83479
46.8662 -4.57238
46.9662 -5.26956
47.0662 -5.84521
47.1662 -6.22636
47.2662 -6.39819
47.3662 -6.4135
47.4662 -6.28939
47.5662 -5.96305
47.6662 -5.46038
47.7662 -4.88838
47.8662 -4.32202
47.9662 -3.75794
48.0662 -3.19162
48.1662 -2.64946
48.2662 -2.19436
48.3662 -1.83245
48.4662 -1.52389
48.5662 -1.20187
48.6662 -0.810284
48.7662 -0.347953
48.8662 0.130345
48.9662 0.600641
49.0662 1.02938
49.1662 1.43232
49.2662 1.84717
49.3662 2.23648
49.4662 2.59919
49.5662 2.96118
49.6662 3.3538
49.7662 3.72233
49.8662 4.02131
49.9662 4.2666
50.0662 4.4636
50.1662 4.60418
50.2662 4.71964
50.3662 4.75918
50.4662 4.69184
50.5662 4.5007
50.6662 4.19489
50.7662 3.87257
50.8662 3.59827
50.9662 3.3709
51.0662 3.19804
51.1662 3.08228
51.2662 2.9841
51.3662 2.87196
51.4662 2.64093
51.5662 2.22887
51.6662 1.6703
51.7662 0.944941
51.8662 0.102607
51.9662 -0.830295
52.0662 -1.77497
52.1662 -2.65696
52.2662 -3.45824
52.3662 -4.17141
52.4662 -4.79302
52.5662 -5.24678
52.6662 -5.50311
52.7662 -5.561
52.8662 -5.43842
52.9662 -5.24815
53.0662 -5.04569
53.1662 -4.73516
53.2662 -4.30649
53.3662 -3.85445
53.4662 -3.40491
53.5662 -2.93259
53.6662 -2.40903
53.7662 -1.88927
53.8662 -1.5007
53.9662 -1.18752
54.0662 -0.796051
54.1662 -0.268443
54.2662 0.341082
54.3662 0.961584
54.4662 1.52891
54.5662 1.981
54.6662 2.27863
54.7662 2.3871
54.8662 2.31118
54.9662 2.17113
55.0662 2.14819
55.1662 2.43088
55.2662 3.06479
55.3662 4.05248
55.4662 5.25
55.5662 6.42083
55.6662 7.25625
55.7662 7.44413
55.8662 6.77165
55.9662 5.21647
56.0662 3.00125
56.1662 0.51427
56.2662 -1.7443
56.3662 -3.32086
56.4662 -3.83513
56.5662 -3.23139
56.6662 -1.68562
56.7662 0.496584
56.8662 2.72959
56.9662 4.46528
57.0662 5.46819
57.1662 5.70516
57.2662 5.25622
57.3662 4.22401
57.4662 2.80333
57.5662 1.21429
57.6662 -0.37029
57.7662 -1.9036
57.8662 -3.33343
57.9662 -4.57368
58.0662 -5.53398
58.1662 -6.09762
58.2662 -6.27621
58.3662 -6.17247
58.4662 -5.88111
58.5662 -5.45306
58.6662 -4.9375
58.7662 -4.41273
58.8662 -3.94546
58.9662 -3.45953
59.0662 -2.91752
59.1662 -2.30714
59.2662 -1.65193
59.3662 -1.0363
59.4662 -0.498905
59.5662 -0.0763263
59.6662 0.278768
59.7662 0.617897
59.8662 0.938356
59.9662 1.25088
60.0662 1.60685
60.1662 1.96284
60.2662 2.25941
60.3662 2.48172
60.4662 2.63062
60.5662 2.73339
60.6662 2.83369
60.7662 3.01695
60.8662 3.24399
60.9662 3.43291
61.0662 3.52888
61.1662 3.50711
61.2662 3.40163
61.3662 3.23882
61.4662 2.95883
61.5662 2.55319
61.6662 2.15424
61.7662 1.85416
61.8662 1.71806
61.9662 1.74764
62.0662 1.87285
62.1662 1.94298
62.2662 1.9751
62.3662 1.97799
62.4662 1.84555
62.5662 1.56498
62.6662 1.12944
62.7662 0.559147
62.8662 -0.0126217
62.9662 -0.49652
63.0662 -0.895053
63.1662 -1.22523
63.2662 -1.49636
63.3662 -1.68293
63.4662 -1.75185
63.5662 -1.78245
63.6662 -1.84615
63.7662 -1.87631
63.8662 -1.87003
63.9662 -1.93847
64.0662 -2.08751
64.1662 -2.27289
64.2662 -2.48714
64.3662 -2.72071
64.4662 -2.9267
64.5662 -3.05482
64.6662 -3.09183
64.7662 -3.09028
64.8662 -3.03042
64.9662 -2.87843
65.0662 -2.64162
65.1662 -2.34508
65.2662 -1.94184
65.3662 -1.36162
65.4662 -0.633589
65.5662 0.142467
65.6662 0.82692
65.7662 1.39907
65.8662 1.8686
65.9662 2.24757
66.0662 2.52854
66.1662 2.77951
66.2662 3.0541
66.3662 3.30779
66.4662 3.4967
66.5662 3.6269
66.6662 3.72554
66.7662 3.78252
66.8662 3.8206
66.9662 3.85083
67.0662 3.87513
67.1662 3.82817
67.2662 3.69482
67.3662 3.48655
67.4662 3.26238
67.5662 3.02661
67.6662 2.71714
67.7662 2.27005
67.8662 1.81307
67.9662 1.3496
68.0662 0.852618
68.1662 0.347514
68.2662 -0.219154
68.3662 -0.877314
68.4662 -1.56169
68.5662 -2.14449
68.6662 -2.55902
68.7662 -2.82665
68.8662 -2.95852
68.9662 -2.97117
69.0662 -2.88284
69.1662 -2.68939
69.2662 -2.45593
69.3662 -2.31538
69.4662 -2.23605
69.5662 -2.12609
69.6662 -2.01056
69.7662 -1.87847
69.8662 -1.77207
69.9662 -1.70884
70.0662 -1.61784
70.1662 -1.46657
70.2662 -1.32622
70.3662 -1.18494
70.4662 -1.03268
70.5662 -0.861706
70.6662 -0.658862
70.7662 -0.374592
70.8662 -0.00509204
70.9662 0.406356
71.0662 0.838478
71.1662 1.24765
71.2662 1.56887
71.3662 1.80927
71.4662 2.02668
71.5662 2.2044
71.6662 2.33472
71.7662 2.42553
71.8662 2.4716
71.9662 2.47774
72.0662 2.5005
72.1662 2.45136
72.2662 2.38464
72.3662 2.26074
72.4662 2.11442
72.5662 2.0226
72.6662 2.03659
72.7662 2.07343
72.8662 2.06837
72.9662 1.97053
73.0662 1.75891
73.1662 1.47434
73.2662 1.15408
73.3662 0.741788
73.4662 0.249363
73.5662 -0.279632
73.6662 -0.724734
73.7662 -1.11024
73.8662 -1.37595
73.9662 -1.42212
74.0662 -1.39845
74.1662 -1.29389
74.2662 -1.15251
74.3662 -0.935468
74.4662 -0.64955
74.5662 -0.366122
74.6662 -0.150289
74.7662 -0.0476801
74.8662 0.0563855
74.9662 0.00597607
75.0662 -0.178076
75.1662 -0.480356
75.2662 -0.782261
75.3662 -1.05586
75.4662 -1.25877
75.5662 -1.37974
75.6662 -1.36501
75.7662 -1.2563
75.8662 -1.02969
75.9662 -0.72418
76.0662 -0.367515
76.1662 -0.0311086
76.2662 0.24119
76.3662 0.396791
76.4662 0.48739
76.5662 0.456043
76.6662 0.321649
76.7662 0.176556
76.8662 0.0972491
76.9662 0.110995
77.0662 0.156637
77.1662 0.25853
77.2662 0.42562
77.3662 0.668971
77.4662 0.917363
77.5662 1.085
77.6662 1.19099
77.7662 1.24033
77.8662 1.25659
77.9662 1.28244
78.0662 1.2911
78.1662 1.32815
78.2662 1.35179
78.3662 1.35403
78.4662 1.33457
78.5662 1.32227
78.6662 1.33916
78.7662 1.25449
78.8662 1.03263
78.9662 0.792283
79.0662 0.499679
79.1662 0.16531
79.2662 -0.122262
79.3662 -0.37839
79.4662 -0.611761
79.5662 -0.752151
79.6662 -0.760779
79.7662 -0.752927
79.8662 -0.61397
79.9662 -0.448933
80.0662 -0.289893
80.1662 -0.120553
80.2662 0.0011984
80.3662 0.113043
80.4662 0.176389
80.5662 0.21194
80.6662 0.213053
80.7662 0.167777
80.8662 0.110258
80.9662 0.0413661
81.0662 -0.0477186
81.1662 -0.125161
81.2662 -0.148389
81.3662 -0.204238
81.4662 -0.312546
81.5662 -0.401902
81.6662 -0.392626
81.7662 -0.381007
81.8662 -0.291463
81.9662 -0.232749
82.0662 -0.139995
82.1662 -0.0676711
82.2662 -0.00363309
82.3662 0.041112
82.4662 0.114643
82.5662 0.22227
82.6662 0.286019
82.7662 0.338868
82.8662 0.367848
82.9662 0.333781
83.0662 0.264018
83.1662 0.19788
83.2662 0.212754
83.3662 0.256244
83.4662 0.277757
83.5662 0.303045
83.6662 0.347781
83.7662 0.339708
83.8662 0.345493
83.9662 0.415909
84.0662 0.472936
84.1662 0.540084
84.2662 0.586614
84.3662 0.632933
84.4662 0.664444
84.5662 0.612697
84.6662 0.515775
84.7662 0.425786
84.8662 0.338585
84.9662 0.294873
85.0662 0.344601
85.1662 0.430244
85.2662 0.56219
85.3662 0.671453
85.4662 0.697464
85.5662 0.633437
85.6662 0.544683
85.7662 0.389879
85.8662 0.166895
85.9662 -0.0806521
86.0662 -0.330668
86.1662 -0.552082
86.2662 -0.673875
86.3662 -0.645961
86.4662 -0.542938
86.5662 -0.40209
86.6662 -0.233477
86.7662 -0.0646697
86.8662 0.00390041
86.9662 -0.0409322
87.0662 -0.079501
87.1662 -0.148009
87.2662 -0.20731
87.3662 -0.201081
87.4662 -0.17732
87.5662 -0.143295
87.6662 -0.135022
87.7662 -0.122424
87.8662 -0.0367004
87.9662 0.000100697
88.0662 0.0289907
88.1662 -0.0151812
88.2662 -0.0694363
88.3662 -0.0967293
88.4662 -0.11456
88.5662 -0.109581
88.6662 -0.046378
88.7662 0.0372132
88.8662 0.130226
88.9662 0.212874
89.0662 0.304733
89.1662 0.409856
89.2662 0.445989
89.3662 0.41449
89.4662 0.409066
89.5662 0.329654
89.6662 0.283981
89.7662 0.229799
89.8662 0.173359
89.9662 0.122254
90.0662 0.128616
90.1662 0.195666
90.2662 0.244222
90.3662 0.311206
90.4662 0.370046
90.5662 0.368761
90.6662 0.357621
90.7662 0.376068
90.8662 0.431441
90.9662 0.457281
91.0662 0.418619
91.1662 0.338714
91.2662 0.252592
91.3662 0.196794
91.4662 0.147005
91.5662 0.11813
91.6662 0.0465117
91.7662 -0.0500065
91.8662 -0.129399
91.9662 -0.159115
92.0662 -0.160477
92.1662 -0.186202
92.2662 -0.209483
92.3662 -0.224601
92.4662 -0.212554
92.5662 -0.257489
92.6662 -0.298225
92.7662 -0.343007
92.8662 -0.354438
92.9662 -0.304207
93.0662 -0.214731
93.1662 -0.134221
93.2662 -0.0481477
93.3662 0.0262665
93.4662 0.0613485
93.5662 0.126847
93.6662 0.220229
93.7662 0.282903
93.8662 0.327254
93.9662 0.293227
94.0662 0.195877
94.1662 0.0695562
94.2662 -0.0385917
94.3662 -0.0451925
94.4662 -0.0369518
94.5662 -0.018061
94.6662 -0.0132526
94.7662 -0.00361327
94.8662 -0.0423442
94.9662 -0.0736033
95.0662 -0.0709738
95.1662 -0.0539485
95.2662 0.0202815
95.3662 0.103264
95.4662 0.159157
95.5662 0.225338
95.6662 0.279312
95.7662 0.304009
95.8662 0.281915
95.9662 0.232611
96.0662 0.1891
96.1662 0.154844
96.2662 0.110008
96.3662 0.00906732
96.4662 -0.0472132
96.5662 -0.0674998
96.6662 -0.0992211
96.7662 -0.0832868
96.8662 -0.0803292
96.9662 -0.0582211
