-5.2443 0.45223
-5.1443 0.510277
-5.0443 0.476271
-4.9443 0.335745
-4.8443 0.139576
-4.7443 -0.0744351
-4.6443 -0.254379
-4.5443 -0.353589
-4.4443 -0.321243
-4.3443 -0.226927
-4.2443 -0.0524777
-4.1443 0.163678
-4.0443 0.411566
-3.9443 0.61828
-3.8443 0.835188
-3.7443 0.92624
-3.6443 0.964152
-3.5443 0.881313
-3.4443 0.809386
-3.3443 0.658134
-3.2443 0.501251
-3.1443 0.37365
-3.0443 0.347699
-2.9443 0.334049
-2.8443 0.299706
-2.7443 0.268992
-2.6443 0.211148
-2.5443 0.141773
-2.4443 0.079953
-2.3443 0.0461309
-2.2443 -0.0595982
-2.1443 -0.158296
-2.0443 -0.189587
-1.9443 -0.194357
-1.8443 -0.239762
-1.7443 -0.341847
-1.6443 -0.403992
-1.5443 -0.395719
-1.4443 -0.325201
-1.3443 -0.16248
-1.2443 0.0731292
-1.1443 0.248463
-1.0443 0.43673
-0.944302 0.683491
-0.844302 0.848533
-0.744302 0.911772
-0.644302 0.850676
-0.544302 0.712698
-0.444302 0.5928
-0.344302 0.463921
-0.244302 0.394257
-0.144302 0.362832
-0.044302 0.298592
0.055698 0.212634
0.155698 0.170894
0.255698 0.0901643
0.355698 0.0447274
0.455698 0.017088
0.555698 0.0206939
0.655698 0.0298803
0.755698 0.0668601
0.855698 0.177429
0.955698 0.368226
1.0557 0.545387
1.1557 0.67518
1.2557 0.703363
1.3557 0.69489
1.4557 0.550009
1.5557 0.327647
1.6557 0.109245
1.7557 -0.104905
1.8557 -0.254517
1.9557 -0.326642
2.0557 -0.392401
2.1557 -0.396539
2.2557 -0.234067
2.3557 0.0188028
2.4557 0.35532
2.5557 0.540111
2.6557 0.570142
2.7557 0.603401
2.8557 0.648592
2.9557 0.675779
3.0557 0.705906
3.1557 0.723336
3.2557 0.750405
3.3557 0.677467
3.4557 0.671309
3.5557 0.572405
3.6557 0.333614
3.7557 0.112146
3.8557 -0.0011086
3.9557 -0.0443408
4.0557 0.0710832
4.1557 0.23175
4.2557 0.311017
4.3557 0.393035
4.4557 0.501209
4.5557 0.641003
4.6557 0.694449
4.7557 0.697893
4.8557 0.708996
4.9557 0.697707
5.0557 0.679295
5.1557 0.559539
5.2557 0.378763
5.3557 0.22442
5.4557 0.0754181
5.5557 -0.0364485
5.6557 -0.111974
5.7557 -0.145262
5.8557 -0.126808
5.9557 -0.0863712
6.0557 0.033816
6.1557 0.12636
6.2557 0.142022
6.3557 0.0826999
6.4557 0.0945971
6.5557 0.113209
6.6557 0.171849
6.7557 0.17184
6.8557 0.102761
6.9557 0.131614
7.0557 0.206037
7.1557 0.379952
7.2557 0.522526
7.3557 0.589526
7.4557 0.617525
7.5557 0.617124
7.6557 0.619317
7.7557 0.587249
7.8557 0.457344
7.9557 0.359894
8.0557 0.317859
8.1557 0.324461
8.2557 0.336729
8.3557 0.34317
8.4557 0.361166
8.5557 0.444801
8.6557 0.550277
8.7557 0.69774
8.8557 0.857695
8.9557 0.956805
9.0557 0.99132
9.1557 0.949922
9.2557 0.911128
9.3557 0.873479
9.4557 0.847735
9.5557 0.835753
9.6557 0.81946
9.7557 0.807345
9.8557 0.793199
9.9557 0.725905
10.0557 0.642592
10.1557 0.559764
10.2557 0.442805
10.3557 0.241046
10.4557 -0.0118471
10.5557 -0.301879
10.6557 -0.639212
10.7557 -0.904672
10.8557 -1.03855
10.9557 -1.11689
11.0557 -1.16372
11.1557 -1.11908
11.2557 -1.02057
11.3557 -0.884364
11.4557 -0.679362
11.5557 -0.453184
11.6557 -0.178561
11.7557 0.167884
11.8557 0.553926
11.9557 0.94573
12.0557 1.28111
12.1557 1.56843
12.2557 1.80116
12.3557 1.99528
12.4557 2.15111
12.5557 2.20461
12.6557 2.11396
12.7557 1.85673
12.8557 1.46915
12.9557 1.00716
13.0557 0.457536
13.1557 -0.0903961
13.2557 -0.554434
13.3557 -0.932008
13.4557 -1.20506
13.5557 -1.29202
13.6557 -1.17758
13.7557 -0.902391
13.8557 -0.528715
13.9557 -0.0481875
14.0557 0.506646
14.1557 1.0711
14.2557 1.52034
14.3557 1.8218
14.4557 2.02614
14.5557 2.05932
14.6557 1.87125
14.7557 1.57134
14.8557 1.19722
14.9557 0.778197
15.0557 0.417921
15.1557 0.145112
15.2557 -0.0970989
15.3557 -0.304296
15.4557 -0.44055
15.5557 -0.536712
15.6557 -0.63666
15.7557 -0.748161
15.8557 -0.84572
15.9557 -0.88271
16.0557 -0.871553
16.1557 -0.767891
16.2557 -0.566854
16.3557 -0.292522
16.4557 0.0132075
16.5557 0.2494
16.6557 0.391574
16.7557 0.49852
16.8557 0.627399
16.9557 0.772787
17.0557 0.903288
17.1557 1.01828
17.2557 1.10911
17.3557 1.15199
17.4557 1.16835
17.5557 1.1981
17.6557 1.19896
17.7557 1.16584
17.8557 1.09094
17.9557 1.00529
18.0557 0.979098
18.1557 0.957618
18.2557 0.856411
18.3557 0.622895
18.4557 0.261435
18.5557 -0.0519875
18.6557 -0.281182
18.7557 -0.456428
18.8557 -0.622296
18.9557 -0.760766
19.0557 -0.816803
19.1557 -0.71576
19.2557 -0.465023
19.3557 -0.129728
19.4557 0.222013
19.5557 0.579429
19.6557 0.926318
19.7557 1.24423
19.8557 1.50899
19.9557 1.60048
20.0557 1.44583
20.1557 1.13118
20.2557 0.793608
20.3557 0.560567
20.4557 0.404506
20.5557 0.223325
20.6557 0.0906975
20.7557 0.161439
20.8557 0.406051
20.9557 0.72601
21.0557 1.04221
21.1557 1.24705
21.2557 1.18945
21.3557 0.724154
21.4557 -0.319646
21.5557 -1.9667
21.6557 -4.17817
21.7557 -6.46396
21.8557 -7.9667
21.9557 -7.91716
22.0557 -5.98779
22.1557 -2.14336
22.2557 3.64921
22.3557 11.4547
22.4557 20.4235
22.5557 28.2253
22.6557 31.9448
22.7557 29.5421
22.8557 18.8649
22.9557 -1.77322
23.0557 -32.0546
23.1557 -65.5899
23.2557 -90.9688
23.3557 -100.216
23.4557 -92.864
23.5557 -71.3039
23.6557 -39.0309
23.7557 0.068026
23.8557 41.5705
23.9557 80.8134
24.0557 111.981
24.1557 129.328
24.2557 128.284
24.3557 105.445
24.4557 63.3494
24.5557 12.1226
24.6557 -36.5012
24.7557 -74.9939
24.8557 -100.864
24.9557 -113.396
25.0557 -112.602
25.1557 -101.141
25.2557 -83.5813
25.3557 -63.3505
25.4557 -41.8142
25.5557 -19.8884
25.6557 1.31043
25.7557 20.8211
25.8557 37.6127
25.9557 50.1098
26.0557 56.9819
26.1557 58.664
26.2557 57.0444
26.3557 54.0038
26.4557 50.6059
26.5557 46.9031
26.6557 42.3342
26.7557 36.1486
26.8557 27.7849
26.9557 16.9179
27.0557 3.8431
27.1557 -10.2181
27.2557 -23.6001
27.3557 -35.2579
27.4557 -44.7818
27.5557 -51.8662
27.6557 -56.0256
27.7557 -56.9826
27.8557 -54.8324
27.9557 -49.8608
28.0557 -42.646
28.1557 -33.9115
28.2557 -24.4486
28.3557 -15.1772
28.4557 -6.7723
28.5557 0.596262
28.6557 7.14678
28.7557 13.1471
28.8557 18.824
28.9557 24.2549
29.0557 29.2168
29.1557 33.2841
29.2557 36.0069
29.3557 37.1043
29.4557 36.6341
29.5557 34.8434
29.6557 32.0304
29.7557 28.3451
29.8557 23.8159
29.9557 18.4802
30.0557 12.4124
30.1557 5.84095
30.2557 -0.748926
30.3557 -6.87387
30.4557 -12.1312
30.5557 -16.495
30.6557 -20.1641
30.7557 -23.2999
30.8557 -25.9778
30.9557 -28.0189
31.0557 -29.1311
31.1557 -29.0928
31.2557 -27.9999
31.3557 -26.089
31.4557 -23.7088
31.5557 -21.1711
31.6557 -18.5621
31.7557 -15.7757
31.8557 -12.676
31.9557 -9.08753
32.0557 -5.0163
32.1557 -0.678529
32.2557 3.51124
32.3557 7.33962
32.4557 10.7435
32.5557 13.776
32.6557 16.4505
32.7557 18.8396
32.8557 20.8796
32.9557 22.3016
33.0557 22.913
33.1557 22.5765
33.2557 21.3586
33.3557 19.55
33.4557 17.4792
33.5557 15.356
33.6557 13.1635
33.7557 10.7785
33.8557 8.11386
33.9557 5.09108
34.0557 1.79698
34.1557 -1.47339
34.2557 -4.43291
34.3557 -6.95864
34.4557 -9.02594
34.5557 -10.7208
34.6557 -12.2492
34.7557 -13.8539
34.8557 -15.5473
34.9557 -17.1369
35.0557 -18.5015
35.1557 -19.552
35.2557 -20.1548
35.3557 -20.1505
35.4557 -19.3123
35.5557 -17.527
35.6557 -14.766
35.7557 -11.1922
35.8557 -7.02518
35.9557 -2.74049
36.0557 1.06296
36.1557 4.00829
36.2557 5.9336
36.3557 6.80386
36.4557 6.84682
36.5557 6.4162
36.6557 5.94215
36.7557 5.69237
36.8557 5.83018
36.9557 6.40025
37.0557 7.31009
37.1557 8.50089
37.2557 9.89468
37.3557 11.3937
37.4557 12.8886
37.5557 14.2506
37.6557 15.327
37.7557 15.9228
37.8557 15.9114
37.9557 15.2246
38.0557 13.8124
38.1557 11.7738
38.2557 9.32935
38.3557 6.52463
38.4557 3.38779
38.5557 0.143567
38.6557 -3.03731
38.7557 -6.02574
38.8557 -8.82512
38.9557 -11.3914
39.0557 -13.6804
39.1557 -15.595
39.2557 -16.9553
39.3557 -17.6518
39.4557 -17.7636
39.5557 -17.4123
39.6557 -16.6242
39.7557 -15.424
39.8557 -13.9286
39.9557 -12.2134
40.0557 -10.3726
40.1557 -8.53104
40.2557 -6.79947
40.3557 -5.23523
40.4557 -3.78907
40.5557 -2.42569
40.6557 -1.03997
40.7557 0.528446
40.8557 2.38121
40.9557 4.50424
41.0557 6.75932
41.1557 8.98787
41.2557 10.9903
41.3557 12.6573
41.4557 13.8328
41.5557 14.3952
41.6557 14.3129
41.7557 13.629
41.8557 12.5773
41.9557 11.3193
42.0557 9.97672
42.1557 8.64594
42.2557 7.44069
42.3557 6.3367
42.4557 5.30312
42.5557 4.29646
42.6557 3.24533
42.7557 2.19764
42.8557 1.17266
42.9557 0.177092
43.0557 -0.768714
43.1557 -1.62955
43.2557 -2.26023
43.3557 -2.68526
43.4557 -3.10867
43.5557 -3.66251
43.6557 -4.37294
43.7557 -5.23216
43.8557 -6.25776
43.9557 -7.33319
44.0557 -8.40819
44.1557 -9.36635
44.2557 -10.0822
44.3557 -10.4743
44.4557 -10.4595
44.5557 -10.0647
44.6557 -9.27842
44.7557 -8.10918
44.8557 -6.70481
44.9557 -5.34155
45.0557 -4.21104
45.1557 -3.31109
45.2557 -2.54296
45.3557 -1.73911
45.4557 -0.816599
45.5557 0.245376
45.6557 1.45718
45.7557 2.71599
45.8557 3.89532
45.9557 4.92278
46.0557 5.75141
46.1557 6.35946
46.2557 6.76857
46.3557 7.07976
46.4557 7.37137
46.5557 7.63848
46.6557 7.91619
46.7557 8.2151
46.8557 8.44553
46.9557 8.496
47.0557 8.32752
47.1557 7.9514
47.2557 7.3936
47.3557 6.70675
47.4557 5.99504
47.5557 5.30335
47.6557 4.59585
47.7557 3.82794
47.8557 2.98703
47.9557 1.98822
48.0557 0.773566
48.1557 -0.54765
48.2557 -1.8761
48.3557 -3.13829
48.4557 -4.31209
48.5557 -5.38201
48.6557 -6.35895
48.7557 -7.22259
48.8557 -7.95685
48.9557 -8.43657
49.0557 -8.62688
49.1557 -8.47059
49.2557 -7.98464
49.3557 -7.28853
49.4557 -6.50093
49.5557 -5.7247
49.6557 -5.03188
49.7557 -4.41168
49.8557 -3.78897
49.9557 -3.22651
50.0557 -2.6631
50.1557 -2.05481
50.2557 -1.46061
50.3557 -0.865605
50.4557 -0.259234
50.5557 0.36237
50.6557 1.01994
50.7557 1.70824
50.8557 2.45236
50.9557 3.26196
51.0557 4.01085
51.1557 4.58695
51.2557 4.95592
51.3557 5.14435
51.4557 5.22592
51.5557 5.21027
51.6557 5.07938
51.7557 4.89793
51.8557 4.69827
51.9557 4.52252
52.0557 4.42971
52.1557 4.4296
52.2557 4.45476
52.3557 4.48924
52.4557 4.5052
52.5557 4.41653
52.6557 4.21734
52.7557 3.99392
52.8557 3.76849
52.9557 3.5032
53.0557 3.11952
53.1557 2.67966
53.2557 2.22225
53.3557 1.73746
53.4557 1.17583
53.5557 0.486846
53.6557 -0.313064
53.7557 -1.20305
53.8557 -2.17985
53.9557 -3.17647
54.0557 -4.12939
54.1557 -4.97091
54.2557 -5.63917
54.3557 -6.1655
54.4557 -6.51434
54.5557 -6.68361
54.6557 -6.65848
54.7557 -6.40618
54.8557 -5.97522
54.9557 -5.47462
55.0557 -4.94927
55.1557 -4.4127
55.2557 -3.85663
55.3557 -3.24806
55.4557 -2.55777
55.5557 -1.84577
55.6557 -1.19255
55.7557 -0.577903
55.8557 -0.00306689
55.9557 0.605403
56.0557 1.27144
56.1557 1.92181
56.2557 2.542
56.3557 3.12733
56.4557 3.59884
56.5557 3.8415
56.6557 3.8389
56.7557 3.66747
56.8557 3.42872
56.9557 3.23778
57.0557 3.22565
57.1557 3.51741
57.2557 4.24033
57.3557 5.40958
57.4557 6.76916
57.5557 7.97132
57.6557 8.6716
57.7557 8.54596
57.8557 7.34058
57.9557 5.10266
58.0557 2.18141
58.1557 -0.926418
58.2557 -3.60802
58.3557 -5.32066
58.4557 -5.68328
58.5557 -4.69695
58.6557 -2.63073
58.7557 0.0425657
58.8557 2.71369
58.9557 4.79401
59.0557 5.90965
59.1557 6.01644
59.2557 5.19433
59.3557 3.62984
59.4557 1.578
59.5557 -0.759199
59.6557 -3.17982
59.7557 -5.44214
59.8557 -7.33587
59.9557 -8.67835
60.0557 -9.37883
60.1557 -9.40773
60.2557 -8.81875
60.3557 -7.70255
60.4557 -6.31752
60.5557 -4.96622
60.6557 -3.82001
60.7557 -2.94746
60.8557 -2.34038
60.9557 -1.87699
61.0557 -1.40778
61.1557 -0.859432
61.2557 -0.224837
61.3557 0.508158
61.4557 1.32635
61.5557 2.1644
61.6557 2.88443
61.7557 3.42443
61.8557 3.79084
61.9557 3.89728
62.0557 3.7871
62.1557 3.55095
62.2557 3.22523
62.3557 2.87879
62.4557 2.62672
62.5557 2.59364
62.6557 2.82548
62.7557 3.23269
62.8557 3.74595
62.9557 4.27866
63.0557 4.7914
63.1557 5.12208
63.2557 5.19883
63.3557 4.97077
63.4557 4.43871
63.5557 3.70095
63.6557 2.93225
63.7557 2.21746
63.8557 1.53633
63.9557 0.935524
64.0557 0.533832
64.1557 0.325818
64.2557 0.268298
64.3557 0.230029
64.4557 0.109566
64.5557 -0.175759
64.6557 -0.699515
64.7557 -1.45857
64.8557 -2.28609
64.9557 -3.03045
65.0557 -3.60046
65.1557 -3.91968
65.2557 -3.96249
65.3557 -3.79127
65.4557 -3.5114
65.5557 -3.18711
65.6557 -2.7966
65.7557 -2.41035
65.8557 -2.0496
65.9557 -1.74087
66.0557 -1.51193
66.1557 -1.41149
66.2557 -1.41262
66.3557 -1.5133
66.4557 -1.66787
66.5557 -1.83628
66.6557 -2.05256
66.7557 -2.26595
66.8557 -2.31335
66.9557 -2.13721
67.0557 -1.79577
67.1557 -1.3684
67.2557 -0.810692
67.3557 -0.0953678
67.4557 0.730788
67.5557 1.55155
67.6557 2.31629
67.7557 3.01884
67.8557 3.63618
67.9557 4.16892
68.0557 4.64285
68.1557 5.06651
68.2557 5.42425
68.3557 5.65982
68.4557 5.7687
68.5557 5.74946
68.6557 5.57582
68.7557 5.32502
68.8557 5.02034
68.9557 4.65033
69.0557 4.24146
69.1557 3.72942
69.2557 3.11351
69.3557 2.45078
69.4557 1.77027
69.5557 1.12972
69.6557 0.468065
69.7557 -0.200366
69.8557 -0.868781
69.9557 -1.52078
70.0557 -2.14861
70.1557 -2.76985
70.2557 -3.34062
70.3557 -3.78803
70.4557 -4.05501
70.5557 -4.13596
70.6557 -4.0806
70.7557 -3.93054
70.8557 -3.7542
70.9557 -3.5251
71.0557 -3.20934
71.1557 -2.87432
71.2557 -2.56187
71.3557 -2.23167
71.4557 -1.86435
71.5557 -1.52846
71.6557 -1.30296
71.7557 -1.15455
71.8557 -1.00303
71.9557 -0.787817
72.0557 -0.53192
72.1557 -0.251626
72.2557 0.0715669
72.3557 0.414515
72.4557 0.743989
72.5557 1.10065
72.6557 1.525
72.7557 1.94339
72.8557 2.26538
72.9557 2.5106
73.0557 2.74546
73.1557 2.97638
73.2557 3.13991
73.3557 3.18038
73.4557 3.148
73.5557 3.12117
73.6557 3.04048
73.7557 2.94573
73.8557 2.82889
73.9557 2.56238
74.0557 2.28161
74.1557 2.06197
74.2557 1.84443
74.3557 1.63519
74.4557 1.47912
74.5557 1.32708
74.6557 1.26145
74.7557 1.32555
74.8557 1.40261
74.9557 1.34512
75.0557 1.13002
75.1557 0.780643
75.2557 0.337462
75.3557 -0.239503
75.4557 -0.847037
75.5557 -1.35529
75.6557 -1.73667
75.7557 -1.97639
75.8557 -2.06448
75.9557 -1.92676
76.0557 -1.65043
76.1557 -1.31654
76.2557 -0.976477
76.3557 -0.744025
76.4557 -0.645156
76.5557 -0.606645
76.6557 -0.548997
76.7557 -0.59149
76.8557 -0.574552
76.9557 -0.542817
77.0557 -0.543703
77.1557 -0.630175
77.2557 -0.712515
77.3557 -0.828811
77.4557 -0.932249
77.5557 -0.944326
77.6557 -0.867174
77.7557 -0.657078
77.8557 -0.411804
77.9557 -0.0721709
78.0557 0.341791
78.1557 0.719584
78.2557 0.999711
78.3557 1.18477
78.4557 1.27895
78.5557 1.25872
78.6557 1.11597
78.7557 1.03354
78.8557 0.989689
78.9557 1.00268
79.0557 1.06397
79.1557 1.11978
79.2557 1.14832
79.3557 1.17437
79.4557 1.26887
79.5557 1.38679
79.6557 1.49423
79.7557 1.52708
79.8557 1.46616
79.9557 1.36077
80.0557 1.33911
80.1557 1.37491
80.2557 1.33385
80.3557 1.21414
80.4557 1.07964
80.5557 0.877219
80.6557 0.710211
80.7557 0.560402
80.8557 0.409212
80.9557 0.234042
81.0557 0.0928353
81.1557 -0.0175679
81.2557 -0.108014
81.3557 -0.20372
81.4557 -0.349555
81.5557 -0.495577
81.6557 -0.647432
81.7557 -0.805958
81.8557 -0.879575
81.9557 -0.954045
82.0557 -1.04736
82.1557 -1.08183
82.2557 -1.0315
82.3557 -0.877421
82.4557 -0.673515
82.5557 -0.45575
82.6557 -0.242684
82.7557 -0.0577984
82.8557 0.136484
82.9557 0.283173
83.0557 0.364866
83.1557 0.353368
83.2557 0.258342
83.3557 0.130144
83.4557 0.0387186
83.5557 0.0827783
83.6557 0.121207
83.7557 0.143755
83.8557 0.233673
83.9557 0.408207
84.0557 0.550383
84.1557 0.641204
84.2557 0.621891
84.3557 0.486312
84.4557 0.37923
84.5557 0.374404
84.6557 0.367874
84.7557 0.345513
84.8557 0.332453
84.9557 0.314267
85.0557 0.447009
85.1557 0.620544
85.2557 0.757725
85.3557 0.833066
85.4557 0.833604
85.5557 0.836265
85.6557 0.896686
85.7557 0.890614
85.8557 0.778548
85.9557 0.604404
86.0557 0.464768
86.1557 0.336523
86.2557 0.208495
86.3557 0.0731783
86.4557 -0.0781379
86.5557 -0.131435
86.6557 -0.0785066
86.7557 0.0622622
86.8557 0.260533
86.9557 0.376784
87.0557 0.463371
87.1557 0.581883
87.2557 0.693284
87.3557 0.751473
87.4557 0.714911
87.5557 0.522224
87.6557 0.293644
87.7557 0.0837714
87.8557 -0.104647
87.9557 -0.326748
88.0557 -0.560294
88.1557 -0.695326
88.2557 -0.73707
88.3557 -0.699929
88.4557 -0.585303
88.5557 -0.468386
88.6557 -0.355615
88.7557 -0.263085
88.8557 -0.168409
88.9557 -0.0385379
89.0557 0.0689182
89.1557 0.154734
89.2557 0.175628
89.3557 0.179071
89.4557 0.187286
89.5557 0.22595
89.6557 0.246886
89.7557 0.191683
89.8557 0.165526
89.9557 0.0826358
90.0557 0.0306362
90.1557 -0.010072
90.2557 -0.0260561
90.3557 0.0346241
90.4557 0.0955081
90.5557 0.169381
90.6557 0.224271
90.7557 0.336824
90.8557 0.459032
90.9557 0.561026
91.0557 0.60335
91.1557 0.606925
91.2557 0.5543
91.3557 0.485184
91.4557 0.413292
91.5557 0.331322
91.6557 0.265951
91.7557 0.166896
91.8557 0.100575
91.9557 0.0980677
92.0557 0.135278
92.1557 0.265848
92.2557 0.380742
92.3557 0.471656
92.4557 0.51837
92.5557 0.56283
92.6557 0.55741
92.7557 0.523361
92.8557 0.412312
92.9557 0.29526
93.0557 0.142295
93.1557 -0.0581025
93.2557 -0.196208
93.3557 -0.299156
93.4557 -0.319519
93.5557 -0.25313
93.6557 -0.185693
93.7557 -0.11679
93.8557 -0.0152372
93.9557 0.0935299
94.0557 0.162786
94.1557 0.179266
94.2557 0.12845
94.3557 0.0898017
94.4557 0.063606
94.5557 0.000829114
94.6557 -0.0795688
94.7557 -0.146634
94.8557 -0.196957
94.9557 -0.199715
95.0557 -0.189534
95.1557 -0.133654
95.2557 -0.147811
95.3557 -0.0984049
95.4557 -0.105574
95.5557 -0.0915718
95.6557 -0.110312
95.7557 -0.0818968
95.8557 0.042939
95.9557 0.125744
96.0557 0.135942
96.1557 0.184527
96.2557 0.171739
96.3557 0.178713
96.4557 0.159979
96.5557 0.22529
96.6557 0.253812
96.7557 0.242438
96.8557 0.27736
96.9557 0.284218
97.0557 0.278585
