-4.77261 0.275868
-4.67261 0.158408
-4.57261 0.0508931
-4.47261 0.0272694
-4.37261 0.0687515
-4.27261 0.125589
-4.17261 0.213539
-4.07261 0.226444
-3.97261 0.211457
-3.87261 0.186304
-3.77261 0.0888875
-3.67261 -0.0470596
-3.57261 -0.147524
-3.47261 -0.181526
-3.37261 -0.12019
-3.27261 -0.030605
-3.17261 0.0162736
-3.07261 0.0446442
-2.97261 0.0282771
-2.87261 0.0344561
-2.77261 0.0778248
-2.67261 0.123424
-2.57261 0.130122
-2.47261 0.167506
-2.37261 0.204714
-2.27261 0.225513
-2.17261 0.252576
-2.07261 0.303746
-1.97261 0.294204
-1.87261 0.232823
-1.77261 0.0931402
-1.67261 0.0263066
-1.57261 0.0635074
-1.47261 0.11182
-1.37261 0.0774437
-1.27261 0.00882329
-1.17261 -0.00724701
-1.07261 0.0168871
-0.972612 0.0846219
-0.872612 0.0768154
-0.772612 0.0752104
-0.672612 0.0765
-0.572612 0.0839872
-0.472612 0.124113
-0.372612 0.178519
-0.272612 0.302617
-0.172612 0.441841
-0.0726124 0.522565
0.0273876 0.566628
0.127388 0.532185
0.227388 0.477148
0.327388 0.42099
0.427388 0.3653
0.527388 0.299149
0.627388 0.264351
0.727388 0.261387
0.827388 0.32498
0.927388 0.432008
1.02739 0.515508
1.12739 0.567469
1.22739 0.540611
1.32739 0.477706
1.42739 0.363871
1.52739 0.21487
1.62739 0.0378848
1.72739 -0.138175
1.82739 -0.296407
1.92739 -0.450754
2.02739 -0.570817
2.12739 -0.699512
2.22739 -0.795573
2.32739 -0.81459
2.42739 -0.775825
2.52739 -0.640541
2.62739 -0.406712
2.72739 -0.091171
2.82739 0.238992
2.92739 0.51988
3.02739 0.723454
3.12739 0.859349
3.22739 0.986805
3.32739 1.04236
3.42739 0.968443
3.52739 0.76859
3.62739 0.522276
3.72739 0.266877
3.82739 0.0522696
3.92739 -0.126511
4.02739 -0.288775
4.12739 -0.410119
4.22739 -0.426093
4.32739 -0.343324
4.42739 -0.152278
4.52739 0.089758
4.62739 0.321168
4.72739 0.461054
4.82739 0.471921
4.92739 0.451709
5.02739 0.411639
5.12739 0.388954
5.22739 0.370691
5.32739 0.361284
5.42739 0.356868
5.52739 0.317775
5.62739 0.27591
5.72739 0.240154
5.82739 0.206533
5.92739 0.172959
6.02739 0.16638
6.12739 0.162713
6.22739 0.117778
6.32739 0.0513667
6.42739 -0.0216888
6.52739 -0.0713044
6.62739 -0.0826354
6.72739 -0.0800756
6.82739 -0.0955435
6.92739 -0.104327
7.02739 -0.142827
7.12739 -0.203706
7.22739 -0.203278
7.32739 -0.150764
7.42739 -0.0796089
7.52739 0.0212748
7.62739 0.167705
7.72739 0.35868
7.82739 0.54682
7.92739 0.644349
8.02739 0.660539
8.12739 0.599351
8.22739 0.529096
8.32739 0.448335
8.42739 0.34181
8.52739 0.25243
8.62739 0.217668
8.72739 0.248942
8.82739 0.304038
8.92739 0.304603
9.02739 0.191029
9.12739 -0.0186838
9.22739 -0.245068
9.32739 -0.392815
9.42739 -0.424663
9.52739 -0.364504
9.62739 -0.268003
9.72739 -0.143062
9.82739 -0.0163178
9.92739 0.12807
10.0274 0.304575
10.1274 0.452976
10.2274 0.540008
10.3274 0.588039
10.4274 0.634299
10.5274 0.648952
10.6274 0.623479
10.7274 0.563491
10.8274 0.478585
10.9274 0.404792
11.0274 0.327269
11.1274 0.243011
11.2274 0.113979
11.3274 -0.0823827
11.4274 -0.288257
11.5274 -0.450264
11.6274 -0.576403
11.7274 -0.710936
11.8274 -0.789651
11.9274 -0.733079
12.0274 -0.546288
12.1274 -0.272311
12.2274 0.0789867
12.3274 0.448323
12.4274 0.748649
12.5274 0.938112
12.6274 1.01771
12.7274 1.00388
12.8274 0.924116
12.9274 0.834297
13.0274 0.77182
13.1274 0.661585
13.2274 0.477404
13.3274 0.308804
13.4274 0.200028
13.5274 0.182251
13.6274 0.190164
13.7274 0.164439
13.8274 0.100525
13.9274 -0.00442156
14.0274 -0.100497
14.1274 -0.157748
14.2274 -0.193518
14.3274 -0.251741
14.4274 -0.316638
14.5274 -0.331875
14.6274 -0.310635
14.7274 -0.315639
14.8274 -0.347817
14.9274 -0.334214
15.0274 -0.268733
15.1274 -0.147387
15.2274 -0.012882
15.3274 0.095761
15.4274 0.179153
15.5274 0.265882
15.6274 0.343751
15.7274 0.409168
15.8274 0.422597
15.9274 0.38029
16.0274 0.317362
16.1274 0.287499
16.2274 0.289584
16.3274 0.310552
16.4274 0.389762
16.5274 0.555856
16.6274 0.761491
16.7274 0.971497
16.8274 1.11617
16.9274 1.04608
17.0274 0.641
17.1274 -0.13032
17.2274 -1.27008
17.3274 -2.69278
17.4274 -4.1661
17.5274 -5.26841
17.6274 -5.46263
17.7274 -4.41116
17.8274 -2.04461
17.9274 1.81245
18.0274 7.29863
18.1274 13.75
18.2274 19.4691
18.3274 22.4621
18.4274 21.4032
18.5274 15.6185
18.6274 3.45718
18.7274 -15.9737
18.8274 -39.6399
18.9274 -59.4264
19.0274 -68.0678
19.1274 -64.9164
19.2274 -52.193
19.3274 -30.095
19.4274 -0.49378
19.5274 32.2228
19.6274 62.0691
19.7274 82.9688
19.8274 91.6343
19.9274 87.367
20.0274 67.1661
20.1274 34.2327
20.2274 -1.47865
20.3274 -31.1769
20.4274 -51.8568
20.5274 -64.064
20.6274 -68.7856
20.7274 -66.9036
20.8274 -60.3444
20.9274 -51.1432
21.0274 -40.4505
21.1274 -28.5804
21.2274 -15.6306
21.3274 -1.83217
21.4274 12.0629
21.5274 24.8654
21.6274 35.2408
21.7274 42.0884
21.8274 44.8413
21.9274 44.0127
22.0274 41.03
22.1274 37.0065
22.2274 32.3195
22.3274 26.8163
22.4274 20.2702
22.5274 12.353
22.6274 2.92513
22.7274 -7.23464
22.8274 -16.3269
22.9274 -22.9347
23.0274 -26.9061
23.1274 -28.8132
23.2274 -29.5371
23.3274 -29.962
23.4274 -30.5594
23.5274 -31.0336
23.6274 -30.5877
23.7274 -28.473
23.8274 -24.2664
23.9274 -18.0976
24.0274 -10.8304
24.1274 -3.68673
24.2274 2.59773
24.3274 7.9431
24.4274 12.4563
24.5274 16.3084
24.6274 19.6567
24.7274 22.513
24.8274 24.6175
24.9274 25.6158
25.0274 25.2893
25.1274 23.716
25.2274 21.3022
25.3274 18.646
25.4274 16.0711
25.5274 13.5486
25.6274 10.847
25.7274 7.71251
25.8274 3.9526
25.9274 -0.409991
26.0274 -5.00853
26.1274 -9.28803
26.2274 -12.833
26.3274 -15.4743
26.4274 -17.33
26.5274 -18.5605
26.6274 -19.3723
26.7274 -19.8754
26.8274 -20.0121
26.9274 -19.6345
27.0274 -18.5813
27.1274 -16.8819
27.2274 -14.7765
27.3274 -12.4997
27.4274 -10.1935
27.5274 -7.82315
27.6274 -5.24436
27.7274 -2.32414
27.8274 0.969907
27.9274 4.50303
28.0274 7.90324
28.1274 10.8532
28.2274 13.1679
28.3274 14.8135
28.4274 15.8808
28.5274 16.5183
28.6274 16.7416
28.7274 16.5863
28.8274 16.0214
28.9274 14.9813
29.0274 13.4896
29.1274 11.6906
29.2274 9.76576
29.3274 7.83759
29.4274 6.00636
29.5274 4.26365
29.6274 2.47322
29.7274 0.512033
29.8274 -1.60248
29.9274 -3.76782
30.0274 -5.85299
30.1274 -7.66167
30.2274 -9.09469
30.3274 -10.2257
30.4274 -11.1627
30.5274 -11.9657
30.6274 -12.7084
30.7274 -13.4726
30.8274 -14.1707
30.9274 -14.5936
31.0274 -14.5065
31.1274 -13.804
31.2274 -12.451
31.3274 -10.4497
31.4274 -7.89801
31.5274 -4.9449
31.6274 -1.81262
31.7274 1.13701
31.8274 3.56319
31.9274 5.25484
32.0274 6.15052
32.1274 6.31208
32.2274 6.02818
32.3274 5.67006
32.4274 5.51458
32.5274 5.75898
32.6274 6.44687
32.7274 7.43896
32.8274 8.56707
32.9274 9.628
33.0274 10.4852
33.1274 11.067
33.2274 11.3857
33.3274 11.4827
33.4274 11.3497
33.5274 10.9627
33.6274 10.2335
33.7274 9.08514
33.8274 7.46593
33.9274 5.41285
34.0274 3.05661
34.1274 0.559933
34.2274 -1.95689
34.3274 -4.42196
34.4274 -6.76189
34.5274 -8.90507
34.6274 -10.763
34.7274 -12.3477
34.8274 -13.5349
34.9274 -14.2233
35.0274 -14.3735
35.1274 -14.0211
35.2274 -13.2779
35.3274 -12.2056
35.4274 -10.8598
35.5274 -9.3375
35.6274 -7.70641
35.7274 -6.02635
35.8274 -4.43002
35.9274 -2.96167
36.0274 -1.65581
36.1274 -0.531838
36.2274 0.463203
36.3274 1.44627
36.4274 2.55883
36.5274 3.86013
36.6274 5.28291
36.7274 6.75801
36.8274 8.23324
36.9274 9.6069
37.0274 10.6892
37.1274 11.354
37.2274 11.511
37.3274 11.13
37.4274 10.2709
37.5274 9.08581
37.6274 7.78477
37.7274 6.52168
37.8274 5.38173
37.9274 4.39738
38.0274 3.47311
38.1274 2.51801
38.2274 1.51064
38.3274 0.475909
38.4274 -0.522881
38.5274 -1.3897
38.6274 -2.08816
38.7274 -2.62142
38.8274 -2.99165
38.9274 -3.24914
39.0274 -3.43068
39.1274 -3.56659
39.2274 -3.68862
39.3274 -3.88
39.4274 -4.14645
39.5274 -4.47889
39.6274 -4.87576
39.7274 -5.31743
39.8274 -5.78971
39.9274 -6.24047
40.0274 -6.51938
40.1274 -6.54055
40.2274 -6.26721
40.3274 -5.7317
40.4274 -5.04328
40.5274 -4.31404
40.6274 -3.57466
40.7274 -2.89284
40.8274 -2.27776
40.9274 -1.69168
41.0274 -1.044
41.1274 -0.284337
41.2274 0.623304
41.3274 1.6733
41.4274 2.73727
41.5274 3.71939
41.6274 4.58948
41.7274 5.27269
41.8274 5.77926
41.9274 6.13388
42.0274 6.30259
42.1274 6.23688
42.2274 6.06478
42.3274 5.91128
42.4274 5.80766
42.5274 5.7497
42.6274 5.6729
42.7274 5.50664
42.8274 5.22139
42.9274 4.83364
43.0274 4.36777
43.1274 3.84169
43.2274 3.295
43.3274 2.71344
43.4274 2.01913
43.5274 1.14682
43.6274 0.0751216
43.7274 -1.10912
43.8274 -2.27759
43.9274 -3.32186
44.0274 -4.17312
44.1274 -4.84324
44.2274 -5.34217
44.3274 -5.6676
44.4274 -5.82815
44.5274 -5.89514
44.6274 -5.91126
44.7274 -5.92027
44.8274 -5.86768
44.9274 -5.64888
45.0274 -5.29542
45.1274 -4.86134
45.2274 -4.37747
45.3274 -3.83061
45.4274 -3.24304
45.5274 -2.57652
45.6274 -1.84169
45.7274 -1.097
45.8274 -0.384576
45.9274 0.202655
46.0274 0.665049
46.1274 1.06163
46.2274 1.41806
46.3274 1.79945
46.4274 2.23528
46.5274 2.68986
46.6274 3.12328
46.7274 3.52706
46.8274 3.89373
46.9274 4.18838
47.0274 4.44466
47.1274 4.62111
47.2274 4.68685
47.3274 4.62795
47.4274 4.46329
47.5274 4.25183
47.6274 4.03112
47.7274 3.80596
47.8274 3.56078
47.9274 3.28259
48.0274 2.98595
48.1274 2.67416
48.2274 2.3643
48.3274 2.0427
48.4274 1.67532
48.5274 1.25654
48.6274 0.808418
48.7274 0.40499
48.8274 0.0418143
48.9274 -0.300358
49.0274 -0.64435
49.1274 -1.02149
49.2274 -1.45939
49.3274 -1.90633
49.4274 -2.34282
49.5274 -2.80239
49.6274 -3.29738
49.7274 -3.76222
49.8274 -4.14433
49.9274 -4.39977
50.0274 -4.55836
50.1274 -4.66075
50.2274 -4.70857
50.3274 -4.65693
50.4274 -4.47611
50.5274 -4.1429
50.6274 -3.71205
50.7274 -3.20407
50.8274 -2.64346
50.9274 -2.02392
51.0274 -1.35697
51.1274 -0.701094
51.2274 -0.134406
51.3274 0.32526
51.4274 0.702948
51.5274 1.04398
51.6274 1.3464
51.7274 1.6178
51.8274 1.95096
51.9274 2.34859
52.0274 2.72321
52.1274 3.06832
52.2274 3.33909
52.3274 3.48795
52.4274 3.4769
52.5274 3.31295
52.6274 3.0885
52.7274 2.92459
52.8274 3.02503
52.9274 3.44526
53.0274 4.13557
53.1274 4.95342
53.2274 5.68102
53.3274 6.02869
53.4274 5.74672
53.5274 4.74611
53.6274 3.02372
53.7274 0.746459
53.8274 -1.72239
53.9274 -3.88727
54.0274 -5.32341
54.1274 -5.71475
54.2274 -5.02138
54.3274 -3.40517
54.4274 -1.24883
54.5274 0.84622
54.6274 2.39303
54.7274 3.17032
54.8274 3.19193
54.9274 2.57484
55.0274 1.48955
55.1274 0.137123
55.2274 -1.28426
55.3274 -2.6187
55.4274 -3.76273
55.5274 -4.66836
55.6274 -5.31305
55.7274 -5.70443
55.8274 -5.863
55.9274 -5.72942
56.0274 -5.26376
56.1274 -4.5517
56.2274 -3.73008
56.3274 -2.88848
56.4274 -2.10008
56.5274 -1.42861
56.6274 -0.850478
56.7274 -0.246485
56.8274 0.441383
56.9274 1.18874
57.0274 1.88964
57.1274 2.44753
57.2274 2.83338
57.3274 3.03595
57.4274 3.08942
57.5274 3.0353
57.6274 2.97502
57.7274 2.97569
57.8274 3.06112
57.9274 3.17102
58.0274 3.25316
58.1274 3.26658
58.2274 3.25888
58.3274 3.2087
58.4274 3.0715
58.5274 2.86907
58.6274 2.61846
58.7274 2.3241
58.8274 1.96161
58.9274 1.55606
59.0274 1.11861
59.1274 0.706346
59.2274 0.34468
59.3274 0.0791036
59.4274 -0.0433222
59.5274 -0.0949926
59.6274 -0.108536
59.7274 -0.106972
59.8274 -0.128156
59.9274 -0.289864
60.0274 -0.56818
60.1274 -0.873539
60.2274 -1.1671
60.3274 -1.42673
60.4274 -1.69352
60.5274 -1.98306
60.6274 -2.22857
60.7274 -2.34408
60.8274 -2.32458
60.9274 -2.18164
61.0274 -1.96292
61.1274 -1.76045
61.2274 -1.61675
61.3274 -1.52416
61.4274 -1.40689
61.5274 -1.26493
61.6274 -1.14216
61.7274 -1.02596
61.8274 -0.930273
61.9274 -0.85894
62.0274 -0.814098
62.1274 -0.809352
62.2274 -0.847292
62.3274 -0.904098
62.4274 -0.933076
62.5274 -0.905027
62.6274 -0.772646
62.7274 -0.534878
62.8274 -0.232078
62.9274 0.149425
63.0274 0.618144
63.1274 1.13317
63.2274 1.64579
63.3274 2.13584
63.4274 2.55126
63.5274 2.83076
63.6274 2.99429
63.7274 3.06483
63.8274 3.14151
63.9274 3.19295
64.0274 3.22275
64.1274 3.21542
64.2274 3.167
64.3274 3.0403
64.4274 2.80524
64.5274 2.54081
64.6274 2.19699
64.7274 1.81323
64.8274 1.46117
64.9274 1.15923
65.0274 0.877604
65.1274 0.601217
65.2274 0.315554
65.3274 -0.00239177
65.4274 -0.306976
65.5274 -0.552893
65.6274 -0.7605
65.7274 -0.978101
65.8274 -1.25078
65.9274 -1.55923
66.0274 -1.87486
66.1274 -2.15748
66.2274 -2.3956
66.3274 -2.58841
66.4274 -2.72221
66.5274 -2.7457
66.6274 -2.65556
66.7274 -2.49381
66.8274 -2.3457
66.9274 -2.23073
67.0274 -2.09497
67.1274 -1.92599
67.2274 -1.7686
67.3274 -1.59147
67.4274 -1.35159
67.5274 -1.0544
67.6274 -0.708265
67.7274 -0.332393
67.8274 -0.0143466
67.9274 0.235072
68.0274 0.445786
68.1274 0.652216
68.2274 0.890645
68.3274 1.10845
68.4274 1.31794
68.5274 1.49333
68.6274 1.6757
68.7274 1.88837
68.8274 2.12868
68.9274 2.36193
69.0274 2.54019
69.1274 2.65087
69.2274 2.71266
69.3274 2.72508
69.4274 2.67862
69.5274 2.56449
69.6274 2.40002
69.7274 2.18103
69.8274 1.92313
69.9274 1.5987
70.0274 1.2614
70.1274 0.970982
70.2274 0.768407
70.3274 0.598265
70.4274 0.442442
70.5274 0.323471
70.6274 0.234425
70.7274 0.0869325
70.8274 -0.153892
70.9274 -0.47666
71.0274 -0.786074
71.1274 -1.1619
71.2274 -1.49044
71.3274 -1.71465
71.4274 -1.87981
71.5274 -1.915
71.6274 -1.86911
71.7274 -1.75622
71.8274 -1.58953
71.9274 -1.41481
72.0274 -1.23463
72.1274 -1.07933
72.2274 -0.953704
72.3274 -0.823129
72.4274 -0.732856
72.5274 -0.647406
72.6274 -0.606086
72.7274 -0.535708
72.8274 -0.55338
72.9274 -0.595872
73.0274 -0.602017
73.1274 -0.572315
73.2274 -0.513911
73.3274 -0.422219
73.4274 -0.268095
73.5274 -0.121088
73.6274 0.0338081
73.7274 0.198833
73.8274 0.435927
73.9274 0.71309
74.0274 0.928327
74.1274 1.08363
74.2274 1.19211
74.3274 1.31022
74.4274 1.41167
74.5274 1.44162
74.6274 1.38795
74.7274 1.30797
74.8274 1.28003
74.9274 1.24754
75.0274 1.21355
75.1274 1.16421
75.2274 1.03004
75.3274 0.870476
75.4274 0.733418
75.5274 0.694631
75.6274 0.696797
75.7274 0.697365
75.8274 0.698181
75.9274 0.677712
76.0274 0.609994
76.1274 0.483998
76.2274 0.329419
76.3274 0.131906
76.4274 -0.0961889
76.5274 -0.300592
76.6274 -0.503341
76.7274 -0.659473
76.8274 -0.770449
76.9274 -0.853811
77.0274 -0.899217
77.1274 -0.887804
77.2274 -0.831797
77.3274 -0.680762
77.4274 -0.542144
77.5274 -0.419583
77.6274 -0.377211
77.7274 -0.356576
77.8274 -0.354711
77.9274 -0.316631
78.0274 -0.309876
78.1274 -0.310051
78.2274 -0.351522
78.3274 -0.41859
78.4274 -0.417115
78.5274 -0.376475
78.6274 -0.391496
78.7274 -0.424839
78.8274 -0.38491
78.9274 -0.282468
79.0274 -0.124583
79.1274 0.05233
79.2274 0.252464
79.3274 0.446927
79.4274 0.545111
79.5274 0.542396
79.6274 0.513248
79.7274 0.445361
79.8274 0.364958
79.9274 0.276529
80.0274 0.216378
80.1274 0.224817
80.2274 0.308203
80.3274 0.456425
80.4274 0.642404
80.5274 0.815379
80.6274 0.892853
80.7274 0.947543
80.8274 0.959228
80.9274 0.933266
81.0274 0.846791
81.1274 0.745634
81.2274 0.57401
81.3274 0.387015
81.4274 0.1649
81.5274 0.00648958
81.6274 -0.12051
81.7274 -0.165187
81.8274 -0.105458
81.9274 -0.012443
82.0274 0.0828671
82.1274 0.189526
82.2274 0.277389
82.3274 0.271515
82.4274 0.193646
82.5274 0.116345
82.6274 0.0100739
82.7274 -0.0868375
82.8274 -0.180692
82.9274 -0.243646
83.0274 -0.284785
83.1274 -0.308922
83.2274 -0.255758
83.3274 -0.197814
83.4274 -0.174317
83.5274 -0.217893
83.6274 -0.260029
83.7274 -0.30439
83.8274 -0.320862
83.9274 -0.361596
84.0274 -0.357283
84.1274 -0.359352
84.2274 -0.355559
84.3274 -0.377782
84.4274 -0.419842
84.5274 -0.438552
84.6274 -0.315938
84.7274 -0.165646
84.8274 -0.0167815
84.9274 0.107501
85.0274 0.182046
85.1274 0.237444
85.2274 0.254802
85.3274 0.280767
85.4274 0.260172
85.5274 0.234642
85.6274 0.281268
85.7274 0.288826
85.8274 0.304288
85.9274 0.292088
86.0274 0.264417
86.1274 0.266174
86.2274 0.284554
86.3274 0.288738
86.4274 0.308181
86.5274 0.31098
86.6274 0.325554
86.7274 0.313358
86.8274 0.322396
86.9274 0.325035
87.0274 0.333261
87.1274 0.322085
87.2274 0.34441
87.3274 0.354408
87.4274 0.31757
87.5274 0.259848
87.6274 0.195962
87.7274 0.118844
87.8274 0.0769198
87.9274 0.0539757
88.0274 0.038291
88.1274 0.0140364
88.2274 0.0198922
88.3274 0.0141902
88.4274 0.0119888
88.5274 0.0437222
88.6274 0.0113973
88.7274 -0.0588726
88.8274 -0.150141
88.9274 -0.252523
89.0274 -0.338295
89.1274 -0.357887
89.2274 -0.341917
89.3274 -0.329804
89.4274 -0.287316
89.5274 -0.245729
89.6274 -0.248911
89.7274 -0.177922
89.8274 -0.0596788
89.9274 0.0297367
90.0274 0.0782597
90.1274 0.0839121
90.2274 0.0359969
90.3274 0.00225397
90.4274 -0.00947668
90.5274 -0.0245261
90.6274 -0.0434906
90.7274 -0.031229
90.8274 -0.0603965
90.9274 -0.0805861
91.0274 -0.0431232
91.1274 0.0130598
91.2274 0.0621032
91.3274 0.0916454
91.4274 0.107666
91.5274 0.148808
91.6274 0.223342
91.7274 0.305824
91.8274 0.402399
91.9274 0.441865
92.0274 0.379453
92.1274 0.309562
92.2274 0.250675
92.3274 0.193532
92.4274 0.123164
92.5274 0.0462386
92.6274 -0.0236531
92.7274 -0.0656404
92.8274 -0.0706433
92.9274 -0.0350937
93.0274 -0.0227321
93.1274 -0.000904001
93.2274 0.00407283
93.3274 0.0441354
93.4274 0.0889287
93.5274 0.0902393
93.6274 0.0490613
93.7274 -0.000110035
93.8274 0.00669912
93.9274 0.0452934
94.0274 0.10554
94.1274 0.114082
94.2274 0.132279
94.3274 0.130644
94.4274 0.101455
94.5274 0.0843781
94.6274 0.0408393
94.7274 -0.0378541
94.8274 -0.081588
94.9274 -0.0963765
95.0274 -0.110882
95.1274 -0.00574116
95.2274 0.0302457
95.3274 0.057883
95.4274 0.0664193
95.5274 0.105269
95.6274 0.144168
95.7274 0.131873
95.8274 0.0886197
95.9274 0.0517813
96.0274 0.0154833
96.1274 -0.0298901
96.2274 -0.0698993
96.3274 -0.0998725
96.4274 -0.111698
96.5274 -0.121705
96.6274 -0.131366
96.7274 -0.112647
96.8274 -0.0174208
96.9274 0.0331444
97.0274 0.0745851
97.1274 0.100814
97.2274 0.115436
97.3274 0.136949
97.4274 0.138389
97.5274 0.173733
