-4.77511 0.433581
-4.67511 0.397657
-4.57511 0.29622
-4.47511 0.0816575
-4.37511 -0.102008
-4.27511 -0.300783
-4.17511 -0.480898
-4.07511 -0.606877
-3.97511 -0.659181
-3.87511 -0.652769
-3.77511 -0.481747
-3.67511 -0.240574
-3.57511 0.00348936
-3.47511 0.217759
-3.37511 0.350374
-3.27511 0.415159
-3.17511 0.453661
-3.07511 0.386576
-2.97511 0.335225
-2.87511 0.329251
-2.77511 0.326498
-2.67511 0.291412
-2.57511 0.276953
-2.47511 0.367791
-2.37511 0.493294
-2.27511 0.554785
-2.17511 0.551674
-2.07511 0.576645
-1.97511 0.645724
-1.87511 0.692984
-1.77511 0.743281
-1.67511 0.784408
-1.57511 0.858238
-1.47511 0.885529
-1.37511 0.772358
-1.27511 0.557423
-1.17511 0.322889
-1.07511 0.130793
-0.975107 -0.0260777
-0.875107 -0.0485658
-0.775107 0.0152043
-0.675107 0.132212
-0.575107 0.254768
-0.475107 0.365275
-0.375107 0.428683
-0.275107 0.406752
-0.175107 0.344352
-0.0751073 0.279283
0.0248927 0.239201
0.124893 0.227975
0.224893 0.191009
0.324893 0.0860564
0.424893 -0.0494757
0.524893 -0.151566
0.624893 -0.237659
0.724893 -0.254172
0.824893 -0.230503
0.924893 -0.196922
1.02489 -0.122138
1.12489 0.0327383
1.22489 0.152112
1.32489 0.242668
1.42489 0.316118
1.52489 0.327798
1.62489 0.259092
1.72489 0.112804
1.82489 -0.0462968
1.92489 -0.0817902
2.02489 0.018273
2.12489 0.169471
2.22489 0.302603
2.32489 0.446353
2.42489 0.59485
2.52489 0.788706
2.62489 1.00535
2.72489 1.19608
2.82489 1.3382
2.92489 1.40834
3.02489 1.37346
3.12489 1.24485
3.22489 1.12095
3.32489 0.925979
3.42489 0.68756
3.52489 0.46973
3.62489 0.219689
3.72489 -0.0844898
3.82489 -0.376329
3.92489 -0.599737
4.02489 -0.709842
4.12489 -0.703487
4.22489 -0.640424
4.32489 -0.542781
4.42489 -0.398998
4.52489 -0.23089
4.62489 -0.0372244
4.72489 0.0959012
4.82489 0.158197
4.92489 0.225629
5.02489 0.316348
5.12489 0.44855
5.22489 0.599465
5.32489 0.717574
5.42489 0.862547
5.52489 0.990014
5.62489 1.04987
5.72489 1.00444
5.82489 0.879808
5.92489 0.721498
6.02489 0.453996
6.12489 0.151233
6.22489 -0.116346
6.32489 -0.379635
6.42489 -0.674031
6.52489 -0.964828
6.62489 -1.11562
6.72489 -1.03537
6.82489 -0.776188
6.92489 -0.468427
7.02489 -0.120781
7.12489 0.230971
7.22489 0.502648
7.32489 0.700829
7.42489 0.879494
7.52489 1.11847
7.62489 1.38858
7.72489 1.54624
7.82489 1.57467
7.92489 1.47444
8.02489 1.31079
8.12489 1.13867
8.22489 0.965456
8.32489 0.76619
8.42489 0.558125
8.52489 0.357989
8.62489 0.185974
8.72489 0.0665808
8.82489 -0.0718649
8.92489 -0.264727
9.02489 -0.489741
9.12489 -0.670633
9.22489 -0.786383
9.32489 -0.881946
9.42489 -0.929959
9.52489 -0.881532
9.62489 -0.67586
9.72489 -0.38877
9.82489 -0.134873
9.92489 0.0486753
10.0249 0.232275
10.1249 0.438198
10.2249 0.634345
10.3249 0.738091
10.4249 0.71741
10.5249 0.670415
10.6249 0.641055
10.7249 0.711696
10.8249 0.796915
10.9249 0.792625
11.0249 0.712819
11.1249 0.597214
11.2249 0.482983
11.3249 0.390492
11.4249 0.279312
11.5249 0.19235
11.6249 0.156969
11.7249 0.150709
11.8249 0.18975
11.9249 0.221656
12.0249 0.139992
12.1249 -0.104875
12.2249 -0.615565
12.3249 -1.42415
12.4249 -2.47946
12.5249 -3.51082
12.6249 -4.1085
12.7249 -3.83165
12.8249 -2.43487
12.9249 0.173582
13.0249 4.16071
13.1249 9.58997
13.2249 15.8869
13.3249 21.2666
13.4249 23.5037
13.5249 21.012
13.6249 12.6941
13.7249 -3.05452
13.8249 -26.8407
13.9249 -53.9449
14.0249 -75.2006
14.1249 -83.2882
14.2249 -77.1263
14.3249 -58.9812
14.4249 -29.9274
14.5249 7.96935
14.6249 50.2285
14.7249 88.9099
14.8249 115.628
14.9249 125.98
15.0249 118.552
15.1249 86.1584
15.2249 32.2518
15.3249 -26.7493
15.4249 -72.956
15.5249 -99.6237
15.6249 -108.582
15.7249 -103.955
15.8249 -89.8548
15.9249 -71.5805
16.0249 -53.4428
16.1249 -37.0367
16.2249 -21.6058
16.3249 -6.43474
16.4249 8.92729
16.5249 24.992
16.6249 41.9676
16.7249 58.6759
16.8249 72.2205
16.9249 79.4182
17.0249 78.6028
17.1249 70.6073
17.2249 58.1897
17.3249 44.0196
17.4249 29.5348
17.5249 14.7886
17.6249 -0.529784
17.7249 -16.6799
17.8249 -33.1597
17.9249 -47.8596
18.0249 -58.0534
18.1249 -62.2646
18.2249 -60.969
18.3249 -55.9495
18.4249 -49.3988
18.5249 -42.8733
18.6249 -36.6362
18.7249 -30.2167
18.8249 -23.0689
18.9249 -14.8515
19.0249 -5.38502
19.1249 4.93913
19.2249 15.1426
19.3249 24.0881
19.4249 31.0809
19.5249 35.7912
19.6249 38.3063
19.7249 39.1118
19.8249 38.8781
19.9249 37.9626
20.0249 36.2286
20.1249 33.313
20.2249 28.9893
20.3249 23.4666
20.4249 17.1725
20.5249 10.6262
20.6249 4.1983
20.7249 -2.04758
20.8249 -8.28291
20.9249 -14.7271
21.0249 -21.3444
21.1249 -27.4679
21.2249 -32.2324
21.3249 -34.9505
21.4249 -35.443
21.5249 -34.0003
21.6249 -31.3067
21.7249 -28.1228
21.8249 -24.9465
21.9249 -21.9822
22.0249 -19.0002
22.1249 -15.6778
22.2249 -11.8138
22.3249 -7.3527
22.4249 -2.45188
22.5249 2.48782
22.6249 7.12616
22.7249 11.2767
22.8249 14.9
22.9249 18.0599
23.0249 20.7778
23.1249 22.947
23.2249 24.3471
23.3249 24.8574
23.4249 24.4908
23.5249 23.4112
23.6249 21.8329
23.7249 19.9795
23.8249 17.9638
23.9249 15.6706
24.0249 12.9239
24.1249 9.62682
24.2249 5.77545
24.3249 1.58085
24.4249 -2.63186
24.5249 -6.54943
24.6249 -9.97008
24.7249 -12.856
24.8249 -15.2963
24.9249 -17.4094
25.0249 -19.2149
25.1249 -20.5685
25.2249 -21.2505
25.3249 -21.0766
25.4249 -20.0918
25.5249 -18.5966
25.6249 -17.0403
25.7249 -15.7054
25.8249 -14.5686
25.9249 -13.4487
26.0249 -12.0823
26.1249 -10.1775
26.2249 -7.51325
26.3249 -4.13562
26.4249 -0.225555
26.5249 3.92312
26.6249 7.98299
26.7249 11.6998
26.8249 14.8149
26.9249 17.1163
27.0249 18.4151
27.1249 18.5971
27.2249 17.7185
27.3249 16.1139
27.4249 14.1419
27.5249 12.1459
27.6249 10.5353
27.7249 9.52163
27.8249 9.08318
27.9249 8.98588
28.0249 8.91943
28.1249 8.57937
28.2249 7.86044
28.3249 6.78054
28.4249 5.47876
28.5249 3.99922
28.6249 2.33177
28.7249 0.459467
28.8249 -1.66172
28.9249 -4.15269
29.0249 -6.89904
29.1249 -9.65812
29.2249 -12.1977
29.3249 -14.3741
29.4249 -16.0771
29.5249 -17.2988
29.6249 -18.088
29.7249 -18.502
29.8249 -18.5359
29.9249 -18.1758
30.0249 -17.3064
30.1249 -15.7936
30.2249 -13.5682
30.3249 -10.8633
30.4249 -7.90574
30.5249 -4.86058
30.6249 -1.83705
30.7249 1.10361
30.8249 3.90706
30.9249 6.52045
31.0249 8.84765
31.1249 10.8041
31.2249 12.3127
31.3249 13.3922
31.4249 14.0288
31.5249 14.2528
31.6249 14.1944
31.7249 13.9857
31.8249 13.714
31.9249 13.4783
32.0249 13.2803
32.1249 12.9911
32.2249 12.406
32.3249 11.3227
32.4249 9.65241
32.5249 7.4891
32.6249 4.98524
32.7249 2.2798
32.8249 -0.425305
32.9249 -2.86519
33.0249 -4.85082
33.1249 -6.35775
33.2249 -7.40099
33.3249 -8.16238
33.4249 -8.73402
33.5249 -9.24537
33.6249 -9.73188
33.7249 -10.1573
33.8249 -10.425
33.9249 -10.4029
34.0249 -10.071
34.1249 -9.41967
34.2249 -8.49092
34.3249 -7.45982
34.4249 -6.47336
34.5249 -5.53342
34.6249 -4.71034
34.7249 -4.06361
34.8249 -3.59888
34.9249 -3.21376
35.0249 -2.77752
35.1249 -2.15689
35.2249 -1.33294
35.3249 -0.399531
35.4249 0.610919
35.5249 1.67779
35.6249 2.74833
35.7249 3.76996
35.8249 4.62708
35.9249 5.21519
36.0249 5.56504
36.1249 5.83275
36.2249 6.13818
36.3249 6.52823
36.4249 6.98103
36.5249 7.49128
36.6249 8.01347
36.7249 8.44909
36.8249 8.75786
36.9249 8.83437
37.0249 8.55367
37.1249 7.9162
37.2249 6.96495
37.3249 5.9155
37.4249 4.91093
37.5249 4.01061
37.6249 3.21664
37.7249 2.46519
37.8249 1.62528
37.9249 0.656529
38.0249 -0.45488
38.1249 -1.64273
38.2249 -2.80651
38.3249 -3.81958
38.4249 -4.66587
38.5249 -5.41901
38.6249 -6.15561
38.7249 -6.91493
38.8249 -7.71581
38.9249 -8.50257
39.0249 -9.15641
39.1249 -9.58755
39.2249 -9.7425
39.3249 -9.62776
39.4249 -9.27373
39.5249 -8.63584
39.6249 -7.78177
39.7249 -6.80739
39.8249 -5.75195
39.9249 -4.57468
40.0249 -3.2573
40.1249 -1.89418
40.2249 -0.61701
40.3249 0.556953
40.4249 1.64059
40.5249 2.67486
40.6249 3.65882
40.7249 4.61096
40.8249 5.49525
40.9249 6.28155
41.0249 6.96413
41.1249 7.5075
41.2249 7.86676
41.3249 8.05519
41.4249 8.11071
41.5249 8.0878
41.6249 7.99116
41.7249 7.83222
41.8249 7.5355
41.9249 7.03054
42.0249 6.41892
42.1249 5.7988
42.2249 5.11845
42.3249 4.32296
42.4249 3.41503
42.5249 2.44847
42.6249 1.52301
42.7249 0.659899
42.8249 -0.179231
42.9249 -1.02436
43.0249 -1.86034
43.1249 -2.59786
43.2249 -3.13601
43.3249 -3.45883
43.4249 -3.71018
43.5249 -4.00342
43.6249 -4.39246
43.7249 -4.86057
43.8249 -5.3544
43.9249 -5.82087
44.0249 -6.16192
44.1249 -6.31316
44.2249 -6.29488
44.3249 -6.10737
44.4249 -5.84018
44.5249 -5.53696
44.6249 -5.18512
44.7249 -4.74928
44.8249 -4.19038
44.9249 -3.54942
45.0249 -2.86774
45.1249 -2.22531
45.2249 -1.64983
45.3249 -1.04615
45.4249 -0.44165
45.5249 0.171257
45.6249 0.77411
45.7249 1.38469
45.8249 2.02831
45.9249 2.66664
46.0249 3.29437
46.1249 3.93878
46.2249 4.6545
46.3249 5.40198
46.4249 6.0057
46.5249 6.36119
46.6249 6.46641
46.7249 6.3614
46.8249 6.16892
46.9249 5.98184
47.0249 5.77775
47.1249 5.42685
47.2249 4.97279
47.3249 4.49604
47.4249 3.95424
47.5249 3.25402
47.6249 2.40546
47.7249 1.55825
47.8249 0.865231
47.9249 0.494956
48.0249 0.553557
48.1249 1.05797
48.2249 1.79198
48.3249 2.38409
48.4249 2.49191
48.5249 1.86822
48.6249 0.425348
48.7249 -1.88897
48.8249 -4.88463
48.9249 -8.06927
49.0249 -10.7047
49.1249 -12.1333
49.2249 -12.1134
49.3249 -10.5899
49.4249 -7.74957
49.5249 -4.2286
49.6249 -0.79859
49.7249 1.96039
49.8249 3.64502
49.9249 4.02542
50.0249 3.21809
50.1249 1.56718
50.2249 -0.484034
50.3249 -2.38246
50.4249 -3.76169
50.5249 -4.54667
50.6249 -4.88018
50.7249 -4.8373
50.8249 -4.48676
50.9249 -3.8438
51.0249 -2.9236
51.1249 -1.76113
51.2249 -0.402622
51.3249 1.05673
51.4249 2.52062
51.5249 3.86714
51.6249 4.98883
51.7249 5.80252
51.8249 6.31312
51.9249 6.6447
52.0249 6.8546
52.1249 6.96012
52.2249 6.98439
52.3249 6.85201
52.4249 6.49776
52.5249 5.95713
52.6249 5.3594
52.7249 4.77765
52.8249 4.19173
52.9249 3.62714
53.0249 3.05232
53.1249 2.41017
53.2249 1.7261
53.3249 1.05717
53.4249 0.42359
53.5249 -0.168556
53.6249 -0.708982
53.7249 -1.21418
53.8249 -1.68603
53.9249 -2.1527
54.0249 -2.68527
54.1249 -3.31952
54.2249 -4.05848
54.3249 -4.87735
54.4249 -5.69254
54.5249 -6.39153
54.6249 -6.79743
54.7249 -6.74899
54.8249 -6.25297
54.9249 -5.46398
55.0249 -4.54658
55.1249 -3.57158
55.2249 -2.64218
55.3249 -1.86545
55.4249 -1.28793
55.5249 -0.912583
55.6249 -0.736269
55.7249 -0.606327
55.8249 -0.400964
55.9249 -0.106991
56.0249 0.343694
56.1249 0.960584
56.2249 1.64578
56.3249 2.27051
56.4249 2.76064
56.5249 3.05476
56.6249 3.1841
56.7249 3.21095
56.8249 3.169
56.9249 3.13682
57.0249 3.12641
57.1249 3.02788
57.2249 2.89486
57.3249 2.75473
57.4249 2.62212
57.5249 2.53596
57.6249 2.5471
57.7249 2.57753
57.8249 2.55226
57.9249 2.47679
58.0249 2.37963
58.1249 2.26049
58.2249 2.06669
58.3249 1.78303
58.4249 1.55056
58.5249 1.43883
58.6249 1.41183
58.7249 1.4254
58.8249 1.4076
58.9249 1.31575
59.0249 1.15615
59.1249 0.969151
59.2249 0.728717
59.3249 0.406053
59.4249 0.0554402
59.5249 -0.386942
59.6249 -0.935488
59.7249 -1.50837
59.8249 -2.09096
59.9249 -2.66822
60.0249 -3.22131
60.1249 -3.67837
60.2249 -4.04676
60.3249 -4.28628
60.4249 -4.35281
60.5249 -4.29271
60.6249 -4.17871
60.7249 -4.07327
60.8249 -3.90041
60.9249 -3.60916
61.0249 -3.21693
61.1249 -2.77438
61.2249 -2.26516
61.3249 -1.74422
61.4249 -1.18579
61.5249 -0.552899
61.6249 0.174864
61.7249 0.972643
61.8249 1.78362
61.9249 2.48221
62.0249 2.98099
62.1249 3.33182
62.2249 3.62341
62.3249 3.84347
62.4249 3.99865
62.5249 4.05473
62.6249 4.02391
62.7249 3.96072
62.8249 3.91052
62.9249 3.89169
63.0249 3.85655
63.1249 3.79487
63.2249 3.68088
63.3249 3.51128
63.4249 3.30333
63.5249 3.00423
63.6249 2.60725
63.7249 2.19197
63.8249 1.83141
63.9249 1.46186
64.0249 1.07587
64.1249 0.690509
64.2249 0.309839
64.3249 -0.0725574
64.4249 -0.369692
64.5249 -0.593288
64.6249 -0.901215
64.7249 -1.33257
64.8249 -1.82958
64.9249 -2.35219
65.0249 -2.84474
65.1249 -3.32357
65.2249 -3.66394
65.3249 -3.84548
65.4249 -3.83417
65.5249 -3.62889
65.6249 -3.242
65.7249 -2.74299
65.8249 -2.26668
65.9249 -1.95105
66.0249 -1.78238
66.1249 -1.7534
66.2249 -1.78523
66.3249 -1.76967
66.4249 -1.63656
66.5249 -1.34433
66.6249 -0.960171
66.7249 -0.536652
66.8249 -0.0709009
66.9249 0.376721
67.0249 0.890338
67.1249 1.39264
67.2249 1.95019
67.3249 2.36168
67.4249 2.62558
67.5249 2.7419
67.6249 2.78022
67.7249 2.83471
67.8249 2.85832
67.9249 2.80777
68.0249 2.66641
68.1249 2.49391
68.2249 2.38952
68.3249 2.33129
68.4249 2.27491
68.5249 2.17048
68.6249 2.01183
68.7249 1.77459
68.8249 1.55333
68.9249 1.32092
69.0249 1.10287
69.1249 0.855619
69.2249 0.599563
69.3249 0.385933
69.4249 0.221537
69.5249 0.163308
69.6249 0.0608838
69.7249 -0.119536
69.8249 -0.323795
69.9249 -0.505349
70.0249 -0.70172
70.1249 -0.899081
70.2249 -1.1534
70.3249 -1.34952
70.4249 -1.58326
70.5249 -1.74577
70.6249 -1.78623
70.7249 -1.71388
70.8249 -1.53595
70.9249 -1.24507
71.0249 -0.907461
71.1249 -0.65456
71.2249 -0.477764
71.3249 -0.375957
71.4249 -0.349456
71.5249 -0.446777
71.6249 -0.641163
71.7249 -0.799727
71.8249 -0.926181
71.9249 -0.999934
72.0249 -0.948304
72.1249 -0.774969
72.2249 -0.555
72.3249 -0.231808
72.4249 0.0928868
72.5249 0.406071
72.6249 0.621334
72.7249 0.850361
72.8249 1.03516
72.9249 1.19871
73.0249 1.28524
73.1249 1.34393
73.2249 1.39978
73.3249 1.43919
73.4249 1.46805
73.5249 1.44148
73.6249 1.41832
73.7249 1.43725
73.8249 1.48912
73.9249 1.48271
74.0249 1.48986
74.1249 1.40198
74.2249 1.235
74.3249 1.04211
74.4249 0.84612
74.5249 0.599262
74.6249 0.410366
74.7249 0.254311
74.8249 0.225852
74.9249 0.256971
75.0249 0.32124
75.1249 0.273032
75.2249 0.215803
75.3249 0.036574
75.4249 -0.09956
75.5249 -0.225102
75.6249 -0.371977
75.7249 -0.418435
75.8249 -0.445962
75.9249 -0.421353
76.0249 -0.4103
76.1249 -0.315257
76.2249 -0.268305
76.3249 -0.264689
76.4249 -0.298702
76.5249 -0.39737
76.6249 -0.534686
76.7249 -0.729234
76.8249 -0.909236
76.9249 -1.09289
77.0249 -1.22346
77.1249 -1.22068
77.2249 -1.06409
77.3249 -0.780433
77.4249 -0.493508
77.5249 -0.226823
77.6249 -0.0860239
77.7249 0.103753
77.8249 0.367965
77.9249 0.520346
78.0249 0.688578
78.1249 0.806661
78.2249 0.867698
78.3249 0.853015
78.4249 0.797684
78.5249 0.767483
78.6249 0.828691
78.7249 0.892064
78.8249 0.937186
78.9249 0.831051
79.0249 0.692625
79.1249 0.590187
79.2249 0.475848
79.3249 0.358554
79.4249 0.279348
79.5249 0.252006
79.6249 0.214395
79.7249 0.249697
79.8249 0.342582
79.9249 0.461624
80.0249 0.580641
80.1249 0.711101
80.2249 0.762606
80.3249 0.723576
80.4249 0.637152
80.5249 0.490118
80.6249 0.304491
80.7249 0.073266
80.8249 -0.0214705
80.9249 -0.0383683
81.0249 0.00537041
81.1249 -0.00434396
81.2249 -0.0678194
81.3249 -0.0667713
81.4249 -0.0424985
81.5249 -0.068357
81.6249 -0.118647
81.7249 -0.185851
81.8249 -0.239309
81.9249 -0.281565
82.0249 -0.321084
82.1249 -0.341534
82.2249 -0.339532
82.3249 -0.297324
82.4249 -0.226805
82.5249 -0.150472
82.6249 -0.111533
82.7249 -0.0996461
82.8249 -0.124901
82.9249 -0.159357
83.0249 -0.17099
83.1249 -0.18109
83.2249 -0.182257
83.3249 -0.162249
83.4249 -0.107825
83.5249 -0.0402899
83.6249 0.0511959
83.7249 0.111301
83.8249 0.137573
83.9249 0.171286
84.0249 0.1658
84.1249 0.180645
84.2249 0.169311
84.3249 0.154236
84.4249 0.154564
84.5249 0.183414
84.6249 0.214207
84.7249 0.234734
84.8249 0.301657
84.9249 0.376457
85.0249 0.415599
85.1249 0.513974
85.2249 0.56473
85.3249 0.574532
85.4249 0.557994
85.5249 0.605527
85.6249 0.598264
85.7249 0.578435
85.8249 0.542283
85.9249 0.452574
86.0249 0.339186
86.1249 0.26848
86.2249 0.233821
86.3249 0.211494
86.4249 0.157302
86.5249 0.0790734
86.6249 0.00412764
86.7249 -0.0454191
86.8249 -0.0817736
86.9249 -0.140859
87.0249 -0.237161
87.1249 -0.298041
87.2249 -0.410536
87.3249 -0.456991
87.4249 -0.413336
87.5249 -0.350496
87.6249 -0.279683
87.7249 -0.210903
87.8249 -0.131532
87.9249 -0.0501582
88.0249 0.0196014
88.1249 0.0769365
88.2249 0.117808
88.3249 0.122778
88.4249 0.148605
88.5249 0.138311
88.6249 0.133135
88.7249 0.133533
88.8249 0.188224
88.9249 0.221647
89.0249 0.250691
89.1249 0.210373
89.2249 0.142716
89.3249 0.0671525
89.4249 0.0256708
89.5249 -0.00620099
89.6249 -0.0326554
89.7249 -0.0363775
89.8249 -0.0100253
89.9249 0.0519966
90.0249 0.12777
90.1249 0.23831
90.2249 0.249064
90.3249 0.212444
90.4249 0.195228
90.5249 0.174082
90.6249 0.189897
90.7249 0.213861
90.8249 0.178254
90.9249 0.163169
91.0249 0.129953
91.1249 0.0777813
91.2249 0.0264376
91.3249 -0.00588821
91.4249 -0.0559055
91.5249 -0.0465999
91.6249 -0.010348
91.7249 -0.00942102
91.8249 0.0164266
91.9249 0.0528749
92.0249 0.080045
92.1249 0.0567535
92.2249 0.06506
92.3249 0.0504301
92.4249 0.0468291
92.5249 0.0392166
92.6249 0.0502744
92.7249 0.0483511
92.8249 0.0609519
92.9249 0.0467567
93.0249 0.0246039
93.1249 -0.0185794
93.2249 -0.00557826
93.3249 0.00247227
93.4249 0.0308715
93.5249 0.00763213
93.6249 -0.0210547
93.7249 -0.0120407
93.8249 -0.036471
93.9249 -0.0377958
94.0249 -0.0402875
94.1249 -0.0606046
94.2249 -0.0698946
94.3249 -0.0645958
94.4249 -0.0665085
94.5249 -0.0629331
94.6249 0.00950874
94.7249 0.0477453
94.8249 0.0792853
94.9249 0.0874097
95.0249 0.101058
95.1249 0.0852127
95.2249 0.105329
95.3249 0.12717
95.4249 0.0838873
95.5249 0.0953285
95.6249 0.0886464
95.7249 0.0981077
95.8249 0.0896824
95.9249 0.0476167
96.0249 0.00573135
96.1249 0.00857922
96.2249 0.00982318
96.3249 0.0217571
96.4249 0.0341682
96.5249 0.0375269
96.6249 0.0244445
96.7249 0.0197647
96.8249 0.0155612
96.9249 0.0130686
97.0249 0.019322
97.1249 0.0180779
97.2249 0.0309784
97.3249 0.0309784
97.4249 0.0309784
97.5249 0.0309784
