-0.769684 -0.993291
-0.669684 -0.61855
-0.569684 -0.198317
-0.469684 0.182028
-0.369684 0.450427
-0.269684 0.611615
-0.169684 0.625244
-0.0696842 0.54458
0.0303158 0.438132
0.130316 0.307203
0.230316 0.182205
0.330316 0.123218
0.430316 0.00113353
0.530316 -0.051431
0.630316 -0.0446213
0.730316 0.041729
0.830316 0.159316
0.930316 0.347157
1.03032 0.618477
1.13032 0.870473
1.23032 1.16958
1.33032 1.43544
1.43032 1.53143
1.53032 1.50729
1.63032 1.2739
1.73032 0.984396
1.83032 0.566753
1.93032 0.0496698
2.03032 -0.447596
2.13032 -0.888351
2.23032 -1.2623
2.33032 -1.54053
2.43032 -1.825
2.53032 -2.02391
2.63032 -2.10199
2.73032 -2.01852
2.83032 -1.81997
2.93032 -1.56717
3.03032 -1.25986
3.13032 -0.914596
3.23032 -0.611777
3.33032 -0.210637
3.43032 0.384385
3.53032 0.97509
3.63032 1.49331
3.73032 1.96417
3.83032 2.24716
3.93032 2.36014
4.03032 2.29302
4.13032 2.13274
4.23032 1.88468
4.33032 1.63003
4.43032 1.32939
4.53032 1.07678
4.63032 0.946693
4.73032 0.835988
4.83032 0.658633
4.93032 0.322083
5.03032 -0.132343
5.13032 -0.723513
5.23032 -1.30609
5.33032 -1.84449
5.43032 -2.26959
5.53032 -2.54027
5.63032 -2.65416
5.73032 -2.52735
5.83032 -2.10943
5.93032 -1.52874
6.03032 -0.812891
6.13032 0.113536
6.23032 1.10911
6.33032 2.02912
6.43032 2.84605
6.53032 3.44248
6.63032 3.7839
6.73032 3.73705
6.83032 3.27697
6.93032 2.44487
7.03032 1.50625
7.13032 0.391191
7.23032 -0.711768
7.33032 -1.68706
7.43032 -2.59544
7.53032 -3.36873
7.63032 -3.75221
7.73032 -3.78058
7.83032 -3.42461
7.93032 -2.73965
8.03032 -1.83256
8.13032 -0.846817
8.23032 -0.0326556
8.33032 0.596362
8.43032 1.00408
8.53032 1.24079
8.63032 1.35796
8.73032 1.35547
8.83032 1.38571
8.93032 1.53409
9.03032 1.8076
9.13032 2.19473
9.23032 2.59318
9.33032 2.88925
9.43032 3.0048
9.53032 2.88817
9.63032 2.5536
9.73032 1.90616
9.83032 0.986014
9.93032 0.0252104
10.0303 -0.959996
10.1303 -1.84506
10.2303 -2.56588
10.3303 -2.96091
10.4303 -3.02158
10.5303 -2.83655
10.6303 -2.35827
10.7303 -1.64174
10.8303 -0.834657
10.9303 -0.0473996
11.0303 0.713554
11.1303 1.32572
11.2303 1.85077
11.3303 2.24243
11.4303 2.45414
11.5303 2.40147
11.6303 2.10995
11.7303 1.60669
11.8303 1.04641
11.9303 0.550288
12.0303 0.138673
12.1303 -0.175315
12.2303 -0.393208
12.3303 -0.534453
12.4303 -0.532337
12.5303 -0.392118
12.6303 -0.18291
12.7303 -0.13539
12.8303 -0.158335
12.9303 -0.33807
13.0303 -0.62421
13.1303 -0.946822
13.2303 -1.31534
13.3303 -1.74783
13.4303 -2.06476
13.5303 -2.27665
13.6303 -2.33737
13.7303 -2.02681
13.8303 -1.50251
13.9303 -0.595787
14.0303 0.494438
14.1303 1.48423
14.2303 2.32704
14.3303 2.98439
14.4303 3.4619
14.5303 3.71046
14.6303 3.55399
14.7303 3.01165
14.8303 2.18675
14.9303 1.37604
15.0303 0.79193
15.1303 0.341625
15.2303 0.154208
15.3303 0.278617
15.4303 0.577841
15.5303 0.901321
15.6303 1.22731
15.7303 1.52282
15.8303 1.61683
15.9303 1.63068
16.0303 1.4761
16.1303 1.19322
16.2303 0.691294
16.3303 0.0481892
16.4303 -0.775118
16.5303 -1.74059
16.6303 -2.77056
16.7303 -3.6355
16.8303 -4.13418
16.9303 -4.26553
17.0303 -3.94178
17.1303 -3.28602
17.2303 -2.28747
17.3303 -1.1394
17.4303 0.111837
17.5303 1.21584
17.6303 2.11835
17.7303 2.67215
17.8303 2.90835
17.9303 2.93763
18.0303 2.75423
18.1303 2.37444
18.2303 1.94501
18.3303 1.50267
18.4303 1.12732
18.5303 0.762224
18.6303 0.387165
18.7303 0.026233
18.8303 -0.197393
18.9303 -0.489632
19.0303 -0.811846
19.1303 -1.09011
19.2303 -1.28766
19.3303 -1.48665
19.4303 -1.59079
19.5303 -1.38639
19.6303 -0.935221
19.7303 -0.265956
19.8303 0.60054
19.9303 1.55587
20.0303 2.41194
20.1303 3.19282
20.2303 3.82217
20.3303 4.1708
20.4303 4.19435
20.5303 3.82053
20.6303 3.19354
20.7303 2.42993
20.8303 1.63893
20.9303 0.91588
21.0303 0.325966
21.1303 -0.0731662
21.2303 -0.357381
21.3303 -0.627668
21.4303 -0.959283
21.5303 -1.28208
21.6303 -1.45334
21.7303 -1.47575
21.8303 -1.31835
21.9303 -1.08964
22.0303 -0.834548
22.1303 -0.691582
22.2303 -0.68273
22.3303 -0.776233
22.4303 -0.985289
22.5303 -1.20275
22.6303 -1.43402
22.7303 -1.516
22.8303 -1.34907
22.9303 -1.01944
23.0303 -0.661257
23.1303 -0.316977
23.2303 -0.0210476
23.3303 0.210388
23.4303 0.304626
23.5303 0.238998
23.6303 0.152966
23.7303 0.171065
23.8303 0.374941
23.9303 0.788625
24.0303 1.42838
24.1303 2.23018
24.2303 2.9984
24.3303 3.55664
24.4303 3.71183
24.5303 3.44775
24.6303 2.76895
24.7303 1.65128
24.8303 0.338453
24.9303 -0.824495
25.0303 -1.57521
25.1303 -1.81325
25.2303 -1.57403
25.3303 -0.831554
25.4303 0.343417
25.5303 1.63701
25.6303 2.8149
25.7303 3.63986
25.8303 3.91883
25.9303 3.65458
26.0303 3.00244
26.1303 2.0645
26.2303 0.973365
26.3303 -0.122228
26.4303 -1.13946
26.5303 -1.86787
26.6303 -2.18798
26.7303 -2.14745
26.8303 -1.8084
26.9303 -1.33005
27.0303 -0.982063
27.1303 -0.905358
27.2303 -1.01344
27.3303 -1.09898
27.4303 -1.13243
27.5303 -1.18318
27.6303 -1.30503
27.7303 -1.36048
27.8303 -1.19572
27.9303 -0.85127
28.0303 -0.541683
28.1303 -0.269458
28.2303 -0.0204713
28.3303 0.196131
28.4303 0.384065
28.5303 0.54014
28.6303 0.645379
28.7303 0.625728
28.8303 0.503333
28.9303 0.46046
29.0303 0.59235
29.1303 0.831498
29.2303 1.14715
29.3303 1.49824
29.4303 1.89406
29.5303 2.21599
29.6303 2.24263
29.7303 1.91377
29.8303 1.42209
29.9303 0.911949
30.0303 0.518126
30.1303 0.314867
30.2303 0.374495
30.3303 0.706556
30.4303 1.30883
30.5303 2.02875
30.6303 2.68827
30.7303 3.20974
30.8303 3.56526
30.9303 3.65263
31.0303 3.40552
31.1303 2.8077
31.2303 1.93329
31.3303 0.867466
31.4303 -0.298451
31.5303 -1.3766
31.6303 -2.23567
31.7303 -2.87206
31.8303 -3.34268
31.9303 -3.6621
32.0303 -3.88848
32.1303 -4.01007
32.2303 -3.97147
32.3303 -3.77316
32.4303 -3.40252
32.5303 -2.83736
32.6303 -2.09379
32.7303 -1.09656
32.8303 0.162212
32.9303 1.36367
33.0303 2.32177
33.1303 2.93655
33.2303 3.21098
33.3303 3.18396
33.4303 2.97234
33.5303 2.5546
33.6303 1.91693
33.7303 1.25595
33.8303 0.787509
33.9303 0.456656
34.0303 0.199502
34.1303 0.0272454
34.2303 0.0267976
34.3303 0.241634
34.4303 0.413141
34.5303 0.352513
34.6303 -0.0777189
34.7303 -1.02183
34.8303 -2.45372
34.9303 -4.0667
35.0303 -5.28251
35.1303 -5.44028
35.2303 -3.89572
35.3303 -0.369685
35.4303 5.20904
35.5303 13.0109
35.6303 22.4982
35.7303 31.57
35.8303 37.0451
35.9303 36.1041
36.0303 26.8993
36.1303 6.784
36.2303 -26.2107
36.3303 -66.035
36.4303 -100.057
36.5303 -117.85
36.6303 -115.531
36.7303 -95.0521
36.8303 -60.8512
36.9303 -17.73
37.0303 30.7929
37.1303 80.7009
37.2303 124.757
37.3303 155.048
37.4303 165.007
37.5303 149.52
37.6303 104.734
37.7303 35.8543
37.8303 -38.0704
37.9303 -96.5409
38.0303 -129.885
38.1303 -141.409
38.2303 -136.051
38.3303 -118.976
38.4303 -96.4182
38.5303 -72.8387
38.6303 -49.8354
38.7303 -27.7662
38.8303 -6.37796
38.9303 14.5219
39.0303 34.9269
39.1303 54.511
39.2303 72.1082
39.3303 85.467
39.4303 92.221
39.5303 91.4411
39.6303 84.2035
39.7303 72.8898
39.8303 59.7151
39.9303 45.7052
40.0303 30.9364
40.1303 15.0306
40.2303 -2.53987
40.3303 -21.9145
40.4303 -41.5114
40.5303 -58.3817
40.6303 -69.9527
40.7303 -75.6372
40.8303 -76.1787
40.9303 -73.094
41.0303 -67.8763
41.1303 -61.2549
41.2303 -53.0214
41.3303 -42.8042
41.4303 -30.4147
41.5303 -16.0856
41.6303 -0.663587
41.7303 14.3296
41.8303 27.4484
41.9303 37.631
42.0303 44.3307
42.1303 47.7648
42.2303 48.8477
42.3303 48.8038
42.4303 48.3745
42.5303 47.4746
42.6303 45.4716
42.7303 41.7311
42.8303 36.049
42.9303 28.854
43.0303 20.8935
43.1303 12.8051
43.2303 4.69153
43.3303 -3.79415
43.4303 -13.107
43.5303 -23.2693
43.6303 -33.3571
43.7303 -41.9591
43.8303 -47.756
43.9303 -49.9721
44.0303 -48.617
44.1303 -44.6954
44.2303 -39.9201
44.3303 -35.4146
44.4303 -31.3985
44.5303 -27.3919
44.6303 -22.7209
44.7303 -17.0806
44.8303 -10.5236
44.9303 -3.50465
45.0303 3.21258
45.1303 9.07223
45.2303 13.9524
45.3303 18.0382
45.4303 21.7451
45.5303 25.4603
45.6303 29.2275
45.7303 32.5759
45.8303 34.8061
45.9303 35.4292
46.0303 34.5035
46.1303 32.4898
46.2303 29.8972
46.3303 27.1075
46.4303 24.1688
46.5303 20.7666
46.6303 16.4694
46.7303 11.1033
46.8303 4.8209
46.9303 -1.77426
47.0303 -7.82885
47.1303 -12.8609
47.2303 -16.9431
47.3303 -20.3449
47.4303 -23.4063
47.5303 -26.3037
47.6303 -28.7638
47.7303 -30.318
47.8303 -30.6853
47.9303 -29.8295
48.0303 -28.0767
48.1303 -25.9668
48.2303 -24.1327
48.3303 -22.8538
48.4303 -21.8421
48.5303 -20.3947
48.6303 -17.9734
48.7303 -14.3061
48.8303 -9.45761
48.9303 -3.63946
49.0303 2.67727
49.1303 9.02357
49.2303 14.8062
49.3303 19.6056
49.4303 23.2433
49.5303 25.4467
49.6303 26.1599
49.7303 25.5489
49.8303 23.9287
49.9303 21.7544
50.0303 19.5799
50.1303 17.9453
50.2303 17.0787
50.3303 16.9412
50.4303 17.2103
50.5303 17.5001
50.6303 17.3921
50.7303 16.6442
50.8303 15.271
50.9303 13.4188
51.0303 11.1836
51.1303 8.48135
51.2303 5.22599
51.3303 1.2655
51.4303 -3.46918
51.5303 -8.98129
51.6303 -14.8223
51.7303 -20.3005
51.8303 -24.9725
51.9303 -28.5163
52.0303 -30.8221
52.1303 -31.9285
52.2303 -32.0059
52.3303 -31.3505
52.4303 -30.0623
52.5303 -28.0553
52.6303 -25.189
52.7303 -21.5311
52.8303 -17.3783
52.9303 -12.9753
53.0303 -8.62922
53.1303 -4.63654
53.2303 -1.08979
53.3303 2.10842
53.4303 5.02076
53.5303 7.65765
53.6303 10.0225
53.7303 12.1095
53.8303 13.8862
53.9303 15.2679
54.0303 16.359
54.1303 17.3418
54.2303 18.4375
54.3303 19.721
54.4303 21.0841
54.5303 22.2655
54.6303 22.9957
54.7303 23.0706
54.8303 22.2466
54.9303 20.4682
55.0303 17.9509
55.1303 14.9778
55.2303 11.8133
55.3303 8.65668
55.4303 5.6408
55.5303 2.75498
55.6303 0.0462437
55.7303 -2.51277
55.8303 -4.98569
55.9303 -7.35542
56.0303 -9.55424
56.1303 -11.4728
56.2303 -13.1127
56.3303 -14.5522
56.4303 -15.6292
56.5303 -16.1259
56.6303 -15.9775
56.7303 -15.4185
56.8303 -14.6271
56.9303 -13.8243
57.0303 -13.1923
57.1303 -12.909
57.2303 -12.9635
57.3303 -13.2469
57.4303 -13.4416
57.5303 -13.1701
57.6303 -12.2016
57.7303 -10.5866
57.8303 -8.40411
57.9303 -5.88041
58.0303 -3.33451
58.1303 -0.984325
58.2303 1.07725
58.3303 2.86256
58.4303 4.47901
58.5303 5.9717
58.6303 7.4371
58.7303 8.88894
58.8303 10.248
58.9303 11.5016
59.0303 12.6837
59.1303 13.7843
59.2303 14.6575
59.3303 15.1616
59.4303 15.2726
59.5303 14.9404
59.6303 14.3479
59.7303 13.5867
59.8303 12.7742
59.9303 12.0075
60.0303 11.3532
60.1303 10.8078
60.2303 10.1645
60.3303 9.22774
60.4303 7.91212
60.5303 6.238
60.6303 4.29567
60.7303 2.30358
60.8303 0.372888
60.9303 -1.39456
61.0303 -3.15818
61.1303 -5.04597
61.2303 -7.06338
61.3303 -9.14099
61.4303 -11.0605
61.5303 -12.7034
61.6303 -14.0451
61.7303 -15.0784
61.8303 -15.8316
61.9303 -16.3041
62.0303 -16.4767
62.1303 -16.447
62.2303 -16.1718
62.3303 -15.4466
62.4303 -14.0718
62.5303 -12.2185
62.6303 -10.1608
62.7303 -8.11362
62.8303 -6.21403
62.9303 -4.47939
63.0303 -2.90571
63.1303 -1.32345
63.2303 0.394551
63.3303 2.19541
63.4303 4.02248
63.5303 5.82447
63.6303 7.46217
63.7303 8.9044
63.8303 10.1583
63.9303 11.1783
64.0303 11.9167
64.1303 12.4676
64.2303 12.8655
64.3303 12.9846
64.4303 12.7198
64.5303 12.0174
64.6303 10.9812
64.7303 9.81605
64.8303 8.73767
64.9303 7.78904
65.0303 7.00123
65.1303 6.29267
65.2303 5.60156
65.3303 4.9633
65.4303 4.37156
65.5303 3.76974
65.6303 3.12187
65.7303 2.42651
65.8303 1.65586
65.9303 0.865426
66.0303 0.0636223
66.1303 -0.754687
66.2303 -1.70037
66.3303 -2.67566
66.4303 -3.58299
66.5303 -4.35476
66.6303 -5.02073
66.7303 -5.60464
66.8303 -6.23362
66.9303 -6.88122
67.0303 -7.55041
67.1303 -8.11158
67.2303 -8.62212
67.3303 -9.16861
67.4303 -9.62958
67.5303 -9.97005
67.6303 -10.1325
67.7303 -10.0644
67.8303 -9.8181
67.9303 -9.35591
68.0303 -8.53333
68.1303 -7.45615
68.2303 -6.23571
68.3303 -4.90288
68.4303 -3.48448
68.5303 -1.99954
68.6303 -0.516045
68.7303 0.956015
68.8303 2.29885
68.9303 3.51897
69.0303 4.70331
69.1303 5.76109
69.2303 6.64143
69.3303 7.41406
69.4303 8.19782
69.5303 8.97079
69.6303 9.69469
69.7303 10.217
69.8303 10.4415
69.9303 10.3296
70.0303 9.90606
70.1303 9.24743
70.2303 8.39473
70.3303 7.61198
70.4303 7.30767
70.5303 7.60475
70.6303 8.36011
70.7303 9.20526
70.8303 9.67716
70.9303 9.3219
71.0303 7.72994
71.1303 4.73521
71.2303 0.499615
71.3303 -4.41356
71.4303 -9.13671
71.5303 -12.6167
71.6303 -14.0202
71.7303 -13.0841
71.8303 -10.0557
71.9303 -5.6812
72.0303 -0.910608
72.1303 3.21414
72.2303 5.85609
72.3303 6.49339
72.4303 5.02376
72.5303 1.83004
72.6303 -2.20347
72.7303 -6.26487
72.8303 -9.86912
72.9303 -12.7212
73.0303 -14.6551
73.1303 -15.6761
73.2303 -15.787
73.3303 -14.9956
73.4303 -13.5579
73.5303 -11.5794
73.6303 -9.1093
73.7303 -6.36821
73.8303 -3.56984
73.9303 -0.910455
74.0303 1.37309
74.1303 3.28216
74.2303 4.76215
74.3303 5.93632
74.4303 7.00137
74.5303 8.06293
74.6303 8.91889
74.7303 9.43597
74.8303 9.53947
74.9303 9.28236
75.0303 8.73966
75.1303 8.07621
75.2303 7.49816
75.3303 7.22369
75.4303 7.25766
75.5303 7.4663
75.6303 7.67747
75.7303 7.70635
75.8303 7.45951
75.9303 7.02505
76.0303 6.43345
76.1303 5.57905
76.2303 4.45645
76.3303 3.20889
76.4303 1.93042
76.5303 0.733277
76.6303 -0.233336
76.7303 -0.894496
76.8303 -1.24052
76.9303 -1.36201
77.0303 -1.43991
77.1303 -1.69826
77.2303 -2.27816
77.3303 -3.27585
77.4303 -4.57634
77.5303 -5.97322
77.6303 -7.28729
77.7303 -8.29515
77.8303 -8.85963
77.9303 -8.90864
78.0303 -8.49525
78.1303 -7.72611
78.2303 -6.8481
78.3303 -6.06505
78.4303 -5.2966
78.5303 -4.44278
78.6303 -3.59532
78.7303 -2.86728
78.8303 -2.24513
78.9303 -1.72171
79.0303 -1.24202
79.1303 -0.772017
79.2303 -0.277552
79.3303 0.199339
79.4303 0.699809
79.5303 1.19662
79.6303 1.69983
79.7303 2.1211
79.8303 2.4553
79.9303 2.73517
80.0303 3.02023
80.1303 3.34206
80.2303 3.73343
80.3303 4.16572
80.4303 4.49215
80.5303 4.71499
80.6303 4.92707
80.7303 5.16624
80.8303 5.47185
80.9303 5.80589
81.0303 6.02398
81.1303 6.0769
81.2303 6.01658
81.3303 5.79536
81.4303 5.44423
81.5303 5.02391
81.6303 4.66703
81.7303 4.38251
81.8303 4.02682
81.9303 3.49848
82.0303 2.8594
82.1303 2.1367
82.2303 1.24774
82.3303 0.169205
82.4303 -0.917185
82.5303 -1.90252
82.6303 -2.69859
82.7303 -3.29134
82.8303 -3.70646
82.9303 -4.0624
83.0303 -4.2955
83.1303 -4.38087
83.2303 -4.36238
83.3303 -4.44163
83.4303 -4.65424
83.5303 -4.94214
83.6303 -5.26827
83.7303 -5.56323
83.8303 -5.729
83.9303 -5.66163
84.0303 -5.26319
84.1303 -4.55376
84.2303 -3.63845
84.3303 -2.74308
84.4303 -1.98155
84.5303 -1.36493
84.6303 -0.930386
84.7303 -0.668172
84.8303 -0.499733
84.9303 -0.353982
85.0303 -0.169399
85.1303 0.137146
85.2303 0.588726
85.3303 1.08587
85.4303 1.64989
85.5303 2.35483
85.6303 3.18992
85.7303 4.12852
85.8303 5.04013
85.9303 5.79658
86.0303 6.36703
86.1303 6.71161
86.2303 6.76297
86.3303 6.50566
86.4303 6.0785
86.5303 5.65102
86.6303 5.20891
86.7303 4.76314
86.8303 4.33032
86.9303 3.94507
87.0303 3.49135
87.1303 3.05874
87.2303 2.49129
87.3303 1.87401
87.4303 1.19078
87.5303 0.516977
87.6303 -0.0293875
87.7303 -0.395939
87.8303 -0.694494
87.9303 -1.00204
88.0303 -1.31051
88.1303 -1.63827
88.2303 -2.10311
88.3303 -2.8291
88.4303 -3.78412
88.5303 -4.73201
88.6303 -5.40485
88.7303 -5.79847
88.8303 -5.96654
88.9303 -5.79
89.0303 -5.2397
89.1303 -4.15059
89.2303 -2.87116
89.3303 -1.60197
89.4303 -0.560676
89.5303 0.23503
89.6303 0.719813
89.7303 0.88809
89.8303 0.887766
89.9303 0.796736
90.0303 0.69918
90.1303 0.663768
90.2303 0.643824
90.3303 0.637654
90.4303 0.64909
90.5303 0.734348
90.6303 0.742045
90.7303 0.736322
90.8303 0.707855
90.9303 0.682068
91.0303 0.628522
91.1303 0.447554
91.2303 0.281693
91.3303 0.289004
91.4303 0.41157
91.5303 0.824089
91.6303 1.37201
91.7303 2.01449
91.8303 2.71984
91.9303 3.28706
92.0303 3.64528
92.1303 3.73833
92.2303 3.60368
92.3303 3.21796
92.4303 2.84602
92.5303 2.542
92.6303 2.23304
92.7303 1.88722
92.8303 1.63827
92.9303 1.49599
93.0303 1.33521
93.1303 1.04081
93.2303 0.887416
93.3303 0.778139
93.4303 0.56429
93.5303 0.25866
93.6303 -0.106306
93.7303 -0.479352
93.8303 -0.969176
93.9303 -1.46519
94.0303 -1.96392
94.1303 -2.43256
94.2303 -2.75195
94.3303 -2.89955
94.4303 -2.92967
94.5303 -2.88857
94.6303 -2.85282
94.7303 -2.78363
94.8303 -2.59277
94.9303 -2.26808
95.0303 -1.83807
95.1303 -1.42154
95.2303 -1.03788
95.3303 -0.772948
95.4303 -0.405884
95.5303 -0.139583
95.6303 0.134467
95.7303 0.430125
95.8303 0.77934
95.9303 1.03219
96.0303 1.15938
96.1303 1.27645
96.2303 1.40005
96.3303 1.4237
96.4303 1.44867
96.5303 1.46448
96.6303 1.40444
96.7303 1.38947
96.8303 1.45879
96.9303 1.45262
97.0303 1.29021
97.1303 1.06151
97.2303 0.855093
97.3303 0.666929
97.4303 0.554821
97.5303 0.512086
97.6303 0.634124
97.7303 0.813641
97.8303 1.07762
97.9303 1.39476
98.0303 1.74752
98.1303 1.96277
98.2303 1.91385
98.3303 1.63271
98.4303 1.27943
98.5303 0.75913
98.6303 0.280826
98.7303 -0.183903
98.8303 -0.617731
98.9303 -0.963723
99.0303 -1.15263
99.1303 -1.30955
99.2303 -1.35281
99.3303 -1.30417
99.4303 -1.21993
99.5303 -1.10974
99.6303 -1.01886
99.7303 -0.926568
99.8303 -0.765126
99.9303 -0.589788
100.03 -0.558927
100.13 -0.559208
100.23 -0.594535
100.33 -0.632236
100.43 -0.537615
100.53 -0.429199
100.63 -0.280805
100.73 -0.0949103
100.83 0.0600342
100.93 0.194908
101.03 0.29637
101.13 0.340791
101.23 0.361036
101.33 0.352481
101.43 0.27743
101.53 0.268687
