-1.12405 -0.00164153
-1.02405 0.0188855
-0.924049 0.0203013
-0.824049 0.0459002
-0.724049 0.0545856
-0.624049 0.0600429
-0.524049 0.117616
-0.424049 0.125357
-0.324049 0.126475
-0.224049 0.123359
-0.124049 0.0755299
-0.024049 -0.0885036
0.075951 -0.198421
0.175951 -0.226105
0.275951 -0.250817
0.375951 -0.299957
0.475951 -0.231773
0.575951 -0.153537
0.675951 -0.0926571
0.775951 0.0127948
0.875951 0.0801928
0.975951 0.09413
1.07595 0.0838372
1.17595 0.0786931
1.27595 0.0316019
1.37595 0.0201056
1.47595 0.0491377
1.57595 0.113542
1.67595 0.167453
1.77595 0.25902
1.87595 0.273827
1.97595 0.373691
2.07595 0.377134
2.17595 0.369185
2.27595 0.335734
2.37595 0.242563
2.47595 0.10183
2.57595 -0.0455654
2.67595 -0.262561
2.77595 -0.41538
2.87595 -0.435359
2.97595 -0.326165
3.07595 -0.17012
3.17595 0.0511813
3.27595 0.316909
3.37595 0.502403
3.47595 0.621551
3.57595 0.654058
3.67595 0.590751
3.77595 0.433623
3.87595 0.216256
3.97595 0.106129
4.07595 0.0428608
4.17595 -0.0411485
4.27595 -0.0896114
4.37595 -0.15696
4.47595 -0.285199
4.57595 -0.334846
4.67595 -0.288934
4.77595 -0.143814
4.87595 0.0032729
4.97595 0.151441
5.07595 0.231541
5.17595 0.291277
5.27595 0.305004
5.37595 0.249572
5.47595 0.183306
5.57595 0.157397
5.67595 0.0939731
5.77595 0.0801698
5.87595 0.0838156
5.97595 0.0743602
6.07595 0.0445592
6.17595 0.0222147
6.27595 0.0122671
6.37595 0.0468544
6.47595 0.0163011
6.57595 0.0254198
6.67595 0.072895
6.77595 0.22871
6.87595 0.34865
6.97595 0.412789
7.07595 0.396169
7.17595 0.419181
7.27595 0.333579
7.37595 0.364643
7.47595 0.342591
7.57595 0.388149
7.67595 0.390492
7.77595 0.42876
7.87595 0.420551
7.97595 0.413822
8.07595 0.326039
8.17595 0.162455
8.27595 0.119769
8.37595 0.17188
8.47595 0.215741
8.57595 0.169213
8.67595 0.144703
8.77595 0.144526
8.87595 0.143281
8.97595 0.0941221
9.07595 -0.0263186
9.17595 -0.100026
9.27595 -0.180929
9.37595 -0.208025
9.47595 -0.239527
9.57595 -0.240259
9.67595 -0.177703
9.77595 -0.0205514
9.87595 0.12504
9.97595 0.311169
10.076 0.483038
10.176 0.65759
10.276 0.828295
10.376 0.914507
10.476 0.859447
10.576 0.701344
10.676 0.425623
10.776 0.0672928
10.876 -0.192392
10.976 -0.347513
11.076 -0.407166
11.176 -0.366422
11.276 -0.223268
11.376 0.0145678
11.476 0.284027
11.576 0.520625
11.676 0.672284
11.776 0.653698
11.876 0.573047
11.976 0.414279
12.076 0.31879
12.176 0.281469
12.276 0.317831
12.376 0.381889
12.476 0.435818
12.576 0.494997
12.676 0.498321
12.776 0.496762
12.876 0.433682
12.976 0.340717
13.076 0.28229
13.176 0.342004
13.276 0.374706
13.376 0.37729
13.476 0.322305
13.576 0.110277
13.676 -0.0612823
13.776 -0.253729
13.876 -0.435078
13.976 -0.621704
14.076 -0.695702
14.176 -0.772988
14.276 -0.778188
14.376 -0.662159
14.476 -0.46461
14.576 -0.174543
14.676 0.037306
14.776 0.195893
14.876 0.410501
14.976 0.593429
15.076 0.875934
15.176 1.18146
15.276 1.36193
15.376 1.38831
15.476 1.34856
15.576 1.34146
15.676 1.27376
15.776 1.05497
15.876 0.638197
15.976 0.179925
16.076 -0.237096
16.176 -0.549304
16.276 -0.739932
16.376 -0.807367
16.476 -0.752249
16.576 -0.545049
16.676 -0.317076
16.776 -0.0806547
16.876 0.123858
16.976 0.173568
17.076 0.279669
17.176 0.322113
17.276 0.355904
17.376 0.396871
17.476 0.335777
17.576 0.162938
17.676 0.00229912
17.776 -0.0463678
17.876 0.0114242
17.976 0.103421
18.076 0.18474
18.176 0.337566
18.276 0.505337
18.376 0.670734
18.476 0.782603
18.576 0.800494
18.676 0.763028
18.776 0.780448
18.876 0.730066
18.976 0.648379
19.076 0.42858
19.176 0.139581
19.276 -0.0437694
19.376 -0.240965
19.476 -0.369299
19.576 -0.348208
19.676 -0.180274
19.776 0.0183492
19.876 0.223046
19.976 0.540227
20.076 0.789158
20.176 0.906714
20.276 0.924738
20.376 0.959746
20.476 0.887252
20.576 0.590017
20.676 0.22948
20.776 -0.0735297
20.876 -0.199244
20.976 -0.307858
21.076 -0.376098
21.176 -0.426534
21.276 -0.32596
21.376 -0.166071
21.476 0.034215
21.576 0.179131
21.676 0.427332
21.776 0.562672
21.876 0.69555
21.976 0.818219
22.076 0.928242
22.176 0.94471
22.276 0.893282
22.376 0.815834
22.476 0.642522
22.576 0.472183
22.676 0.269741
22.776 0.051924
22.876 -0.128071
22.976 -0.255015
23.076 -0.351367
23.176 -0.357442
23.276 -0.352512
23.376 -0.290403
23.476 -0.183682
23.576 -0.0726296
23.676 0.0946448
23.776 0.269738
23.876 0.389937
23.976 0.530424
24.076 0.605591
24.176 0.745711
24.276 0.856782
24.376 0.918266
24.476 0.865027
24.576 0.750285
24.676 0.598876
24.776 0.406417
24.876 0.281926
24.976 0.182077
25.076 0.0669531
25.176 -0.0920487
25.276 -0.139143
25.376 -0.0769226
25.476 0.124985
25.576 0.295632
25.676 0.455754
25.776 0.672343
25.876 0.877545
25.976 1.00005
26.076 0.986004
26.176 0.886096
26.276 0.790844
26.376 0.670256
26.476 0.553299
26.576 0.403823
26.676 0.244871
26.776 0.143688
26.876 0.16862
26.976 0.263254
27.076 0.31462
27.176 0.291158
27.276 0.225264
27.376 0.107927
27.476 -0.134345
27.576 -0.460568
27.676 -0.737914
27.776 -0.938131
27.876 -1.00003
27.976 -0.905713
28.076 -0.698132
28.176 -0.382986
28.276 0.0182694
28.376 0.47827
28.476 0.877581
28.576 1.19839
28.676 1.47977
28.776 1.65706
28.876 1.74642
28.976 1.80053
29.076 1.70645
29.176 1.50179
29.276 1.22887
29.376 0.909738
29.476 0.597279
29.576 0.277884
29.676 0.00588453
29.776 -0.193491
29.876 -0.312702
29.976 -0.347659
30.076 -0.274675
30.176 -0.136277
30.276 0.00813571
30.376 0.125263
30.476 0.250914
30.576 0.372959
30.676 0.376112
30.776 0.240118
30.876 0.0862244
30.976 0.0348855
31.076 0.0686087
31.176 0.180353
31.276 0.325073
31.376 0.516813
31.476 0.695087
31.576 0.856557
31.676 1.05451
31.776 1.17671
31.876 1.18304
31.976 1.05004
32.076 0.841426
32.176 0.546393
32.276 0.169175
32.376 -0.264325
32.476 -0.77594
32.576 -1.24109
32.676 -1.50235
32.776 -1.504
32.876 -1.283
32.976 -0.839506
33.076 -0.288727
33.176 0.315821
33.276 0.852093
33.376 1.21003
33.476 1.4515
33.576 1.62884
33.676 1.74374
33.776 1.73731
33.876 1.61898
33.976 1.46634
34.076 1.34403
34.176 1.26445
34.276 1.22567
34.376 1.1994
34.476 1.17343
34.576 1.16275
34.676 1.15027
34.776 1.12656
34.876 0.987284
34.976 0.70898
35.076 0.297645
35.176 -0.172811
35.276 -0.532867
35.376 -0.829075
35.476 -1.07971
35.576 -1.28542
35.676 -1.39008
35.776 -1.39758
35.876 -1.33947
35.976 -1.21704
36.076 -1.01632
36.176 -0.718302
36.276 -0.347183
36.376 0.028773
36.476 0.402254
36.576 0.752383
36.676 0.988718
36.776 1.1684
36.876 1.30391
36.976 1.35697
37.076 1.32804
37.176 1.21916
37.276 1.04807
37.376 0.875635
37.476 0.811649
37.576 0.817267
37.676 0.893779
37.776 1.02486
37.876 1.23744
37.976 1.46356
38.076 1.44184
38.176 0.91698
38.276 -0.126141
38.376 -1.6733
38.476 -3.63206
38.576 -5.70099
38.676 -7.39722
38.776 -7.90849
38.876 -6.45356
38.976 -2.78837
39.076 3.03328
39.176 11.0453
39.276 20.6436
39.376 30.0822
39.476 36.238
39.576 36.2077
39.676 27.885
39.776 7.99838
39.876 -24.5931
39.976 -64.0856
40.076 -98.7935
40.176 -117.484
40.276 -115.391
40.376 -94.4424
40.476 -59.7517
40.576 -16.4723
40.676 31.4697
40.776 80.4991
40.876 124.615
40.976 156.021
41.076 167.686
41.176 152.698
41.276 106.034
41.376 35.7615
41.476 -38.9318
41.576 -98.8666
41.676 -135.821
41.776 -150.56
41.876 -146.222
41.976 -127.686
42.076 -102.23
42.176 -75.1032
42.276 -48.4359
42.376 -22.6577
42.476 2.33832
42.576 26.6397
42.676 49.828
42.776 70.4322
42.876 85.7732
42.976 93.183
43.076 91.8719
43.176 83.4357
43.276 71.3129
43.376 58.7252
43.476 46.9508
43.576 35.5974
43.676 23.5289
43.776 9.21061
43.876 -8.96517
43.976 -30.7273
44.076 -52.7399
44.176 -70.1565
44.276 -80.0511
44.376 -82.4218
44.476 -78.3942
44.576 -70.0633
44.676 -59.8974
44.776 -49.2725
44.876 -38.3573
44.976 -26.9157
45.076 -14.9398
45.176 -2.76746
45.276 8.94663
45.376 19.395
45.476 27.9078
45.576 34.2589
45.676 38.7616
45.776 42.0903
45.876 44.959
45.976 47.6032
46.076 49.4825
46.176 49.4002
46.276 46.3351
46.376 39.8466
46.476 30.5012
46.576 20.1468
46.676 10.4393
46.776 2.01131
46.876 -5.33603
46.976 -12.1719
47.076 -18.841
47.176 -25.2943
47.276 -30.9703
47.376 -34.9555
47.476 -36.8264
47.576 -36.9613
47.676 -36.0011
47.776 -34.6166
47.876 -33.2816
47.976 -32.016
48.076 -30.1869
48.176 -27.155
48.276 -22.5866
48.376 -16.6025
48.476 -9.89338
48.576 -3.3069
48.676 2.62001
48.776 7.8815
48.876 12.7375
48.976 17.3988
49.076 21.8909
49.176 26.0368
49.276 29.4766
49.376 31.8167
49.476 32.7235
49.576 32.2833
49.676 30.9251
49.776 29.0168
49.876 26.8489
49.976 24.4514
50.076 21.626
50.176 17.9317
50.276 13.2879
50.376 8.06725
50.476 2.79602
50.576 -2.08172
50.676 -6.43368
50.776 -10.5502
50.876 -14.7193
50.976 -19.0004
51.076 -23.1927
51.176 -26.6994
51.276 -28.9679
51.376 -29.6235
51.476 -28.6748
51.576 -26.6871
51.676 -24.4796
51.776 -22.6654
51.876 -21.4598
51.976 -20.5498
52.076 -19.4019
52.176 -17.5862
52.276 -14.8887
52.376 -11.2894
52.476 -6.84549
52.576 -1.71998
52.676 3.79253
52.776 9.4056
52.876 14.8101
52.976 19.5449
53.076 23.093
53.176 25.0718
53.276 25.2271
53.376 23.6535
53.476 21.0188
53.576 18.2443
53.676 16.088
53.776 14.814
53.876 14.3782
53.976 14.3805
54.076 14.4336
54.176 14.2961
54.276 13.9124
54.376 13.3668
54.476 12.7147
54.576 11.8498
54.676 10.5307
54.776 8.47028
54.876 5.52729
54.976 1.5779
55.076 -3.30967
55.176 -8.77931
55.276 -14.0994
55.376 -18.6582
55.476 -22.21
55.576 -24.7204
55.676 -26.4457
55.776 -27.6253
55.876 -28.2804
55.976 -28.3063
56.076 -27.506
56.176 -25.8212
56.276 -23.4502
56.376 -20.6005
56.476 -17.3208
56.576 -13.705
56.676 -9.9732
56.776 -6.29621
56.876 -2.67712
56.976 0.842941
57.076 4.25654
57.176 7.47298
57.276 10.3723
57.376 12.8118
57.476 14.7881
57.576 16.2978
57.676 17.489
57.776 18.5968
57.876 19.6899
57.976 20.8003
58.076 21.8219
58.176 22.5839
58.276 22.8747
58.376 22.4895
58.476 21.1931
58.576 18.9692
58.676 15.9548
58.776 12.503
58.876 8.93055
58.976 5.40496
59.076 2.14981
59.176 -0.735803
59.276 -3.27261
59.376 -5.48939
59.476 -7.39047
59.576 -8.95825
59.676 -10.1811
59.776 -11.0615
59.876 -11.7162
59.976 -12.2233
60.076 -12.6356
60.176 -12.9552
60.276 -13.2157
60.376 -13.441
60.476 -13.5521
60.576 -13.537
60.676 -13.4052
60.776 -13.2314
60.876 -13.0089
60.976 -12.6503
61.076 -12.0612
61.176 -11.1309
61.276 -9.78128
61.376 -8.25946
61.476 -6.66561
61.576 -4.91891
61.676 -2.96808
61.776 -0.875423
61.876 1.09878
61.976 2.83249
62.076 4.34706
62.176 5.74543
62.276 7.10231
62.376 8.50636
62.476 9.98244
62.576 11.4818
62.676 12.9733
62.776 14.3907
62.876 15.5023
62.976 16.0327
63.076 15.974
63.176 15.3974
63.276 14.555
63.376 13.6706
63.476 12.8695
63.576 12.1866
63.676 11.5389
63.776 10.7073
63.876 9.49731
63.976 7.81688
64.076 5.77047
64.176 3.50671
64.276 1.21275
64.376 -0.926759
64.476 -2.80615
64.576 -4.44091
64.676 -5.99455
64.776 -7.62408
64.876 -9.29476
64.976 -10.8201
65.076 -12.1939
65.176 -13.3916
65.276 -14.3327
65.376 -14.9746
65.476 -15.3804
65.576 -15.5134
65.676 -15.3323
65.776 -14.7276
65.876 -13.6243
65.976 -12.1795
66.076 -10.6363
66.176 -9.06456
66.276 -7.39129
66.376 -5.64707
66.476 -3.99878
66.576 -2.4637
66.676 -0.947733
66.776 0.64226
66.876 2.24931
66.976 3.81457
67.076 5.25259
67.176 6.53658
67.276 7.64176
67.376 8.65146
67.476 9.56176
67.576 10.3303
67.676 10.8694
67.776 11.1576
67.876 11.2519
67.976 11.2015
68.076 10.9881
68.176 10.5553
68.276 9.98193
68.376 9.42789
68.476 8.91108
68.576 8.40203
68.676 7.85286
68.776 7.21209
68.876 6.50018
68.976 5.68257
69.076 4.72705
69.176 3.63457
69.276 2.46344
69.376 1.30768
69.476 0.155532
69.576 -1.02942
69.676 -2.25214
69.776 -3.37828
69.876 -4.35531
69.976 -5.08239
70.076 -5.5919
70.176 -6.02249
70.276 -6.47151
70.376 -7.00107
70.476 -7.58186
70.576 -8.13177
70.676 -8.60532
70.776 -8.95003
70.876 -9.10951
70.976 -9.17008
71.076 -9.20725
71.176 -9.12998
71.276 -8.85611
71.376 -8.42492
71.476 -7.84774
71.576 -7.07644
71.676 -6.07731
71.776 -4.86997
71.876 -3.49734
71.976 -2.03796
72.076 -0.52866
72.176 0.936597
72.276 2.29544
72.376 3.50588
72.476 4.55534
72.576 5.46286
72.676 6.24419
72.776 6.92491
72.876 7.44487
72.976 7.84784
73.076 8.21787
73.176 8.51215
73.276 8.65384
73.376 8.68309
73.476 8.52886
73.576 8.13775
73.676 7.52438
73.776 6.75644
73.876 6.11179
73.976 5.87696
74.076 6.20482
74.176 7.02929
74.276 8.07606
74.376 8.98753
74.476 9.39043
74.576 8.88882
74.676 7.12639
74.776 3.95553
74.876 -0.610034
74.976 -5.95125
75.076 -11.0697
75.176 -14.7939
75.276 -16.331
75.376 -15.5309
75.476 -12.5379
75.576 -8.06968
75.676 -3.19484
75.776 0.987025
75.876 3.77975
75.976 4.85018
76.076 4.22338
76.176 2.17809
76.276 -0.861303
76.376 -4.22775
76.476 -7.29728
76.576 -9.75052
76.676 -11.477
76.776 -12.4511
76.876 -12.6228
76.976 -11.9342
77.076 -10.4587
77.176 -8.38816
77.276 -5.90619
77.376 -3.1526
77.476 -0.525631
77.576 1.67045
77.676 3.35139
77.776 4.5909
77.876 5.477
77.976 6.13304
78.076 6.79839
78.176 7.54882
78.276 8.34975
78.376 9.07336
78.476 9.55448
78.576 9.68853
78.676 9.44003
78.776 8.76967
78.876 7.77117
78.976 6.62418
79.076 5.57866
79.176 4.78268
79.276 4.24048
79.376 3.84951
79.476 3.57623
79.576 3.41034
79.676 3.23004
79.776 2.84173
79.876 2.26262
79.976 1.5028
80.076 0.611542
80.176 -0.269761
80.276 -0.963593
80.376 -1.40514
80.476 -1.62457
80.576 -1.6819
80.676 -1.74054
80.776 -1.85167
80.876 -2.14012
80.976 -2.67085
81.076 -3.44928
81.176 -4.3764
81.276 -5.29777
81.376 -6.11058
81.476 -6.7547
81.576 -7.13622
81.676 -7.09186
81.776 -6.64013
81.876 -5.90105
81.976 -4.9977
82.076 -3.9636
82.176 -2.83649
82.276 -1.7639
82.376 -0.907132
82.476 -0.227871
82.576 0.257022
82.676 0.521286
82.776 0.670015
82.876 0.753875
82.976 0.715525
83.076 0.53039
83.176 0.356633
83.276 0.332018
83.376 0.517807
83.476 0.908773
83.576 1.41105
83.676 1.93097
83.776 2.52286
83.876 3.06907
83.976 3.46848
84.076 3.77516
84.176 4.08276
84.276 4.41638
84.376 4.77713
84.476 5.16833
84.576 5.50137
84.676 5.72131
84.776 5.7605
84.876 5.60118
84.976 5.23346
85.076 4.80147
85.176 4.34418
85.276 3.88262
85.376 3.45399
85.476 3.00201
85.576 2.48209
85.676 1.89009
85.776 1.2482
85.876 0.597764
85.976 -0.0120177
86.076 -0.568176
86.176 -1.1453
86.276 -1.77708
86.376 -2.42499
86.476 -3.00682
86.576 -3.46204
86.676 -3.77873
86.776 -4.00069
86.876 -4.16551
86.976 -4.37154
87.076 -4.61569
87.176 -4.91371
87.276 -5.19982
87.376 -5.35335
87.476 -5.28875
87.576 -5.00904
87.676 -4.58308
87.776 -3.96333
87.876 -3.14758
87.976 -2.23147
88.076 -1.31069
88.176 -0.569926
88.276 0.0112221
88.376 0.478814
88.476 0.857062
88.576 1.08622
88.676 1.22769
88.776 1.34109
88.876 1.42066
88.976 1.52176
89.076 1.66264
89.176 1.90536
89.276 2.26653
89.376 2.79413
89.476 3.43698
89.576 4.05835
89.676 4.57795
89.776 5.04466
89.876 5.39845
89.976 5.62039
90.076 5.59564
90.176 5.40632
90.276 5.10713
90.376 4.7013
90.476 4.13
90.576 3.48351
90.676 2.91505
90.776 2.37587
90.876 1.81298
90.976 1.28672
91.076 0.753456
91.176 0.180452
91.276 -0.240138
91.376 -0.543098
91.476 -0.756683
91.576 -0.978973
91.676 -1.20942
91.776 -1.46341
91.876 -1.73162
91.976 -2.07174
92.076 -2.55975
92.176 -3.15141
92.276 -3.64647
92.376 -3.92788
92.476 -3.95293
92.576 -3.77303
92.676 -3.47429
92.776 -3.06143
92.876 -2.42751
92.976 -1.80296
93.076 -1.35974
93.176 -1.05224
93.276 -0.795714
93.376 -0.520924
93.476 -0.321057
93.576 -0.137685
93.676 -0.0165107
93.776 0.016132
93.876 0.0486609
93.976 0.0747419
94.076 0.0719962
94.176 0.0705457
94.276 0.220582
94.376 0.542972
94.476 0.828277
94.576 1.20172
94.676 1.57102
94.776 1.90101
94.876 2.1868
94.976 2.44304
95.076 2.61606
95.176 2.65024
95.276 2.61981
95.376 2.5515
95.476 2.54428
95.576 2.51629
95.676 2.42761
95.776 2.2863
95.876 2.051
95.976 1.74313
96.076 1.51565
96.176 1.28189
96.276 1.08463
96.376 0.990248
96.476 0.799349
96.576 0.665355
96.676 0.570267
96.776 0.533153
96.876 0.525632
96.976 0.463248
97.076 0.403798
97.176 0.241032
97.276 0.00550253
97.376 -0.238499
97.476 -0.574002
97.576 -0.868141
97.676 -1.03378
97.776 -1.16404
97.876 -1.35986
97.976 -1.48733
98.076 -1.50743
98.176 -1.46921
98.276 -1.28424
98.376 -1.17451
98.476 -1.10059
98.576 -0.970276
98.676 -0.858908
98.776 -0.8382
98.876 -0.878673
98.976 -1.03067
99.076 -1.15177
99.176 -1.16041
99.276 -1.08855
99.376 -0.985362
99.476 -0.813655
99.576 -0.499458
99.676 -0.175896
99.776 0.123665
99.876 0.272656
99.976 0.516463
100.076 0.829711
100.176 1.18941
100.276 1.5403
100.376 1.72793
100.476 1.82007
100.576 1.73838
100.676 1.6202
100.776 1.41628
100.876 1.25993
100.976 1.21281
101.076 1.21706
101.176 1.29862
