-4.57049 0.326733
-4.47049 0.354217
-4.37049 0.306045
-4.27049 0.229841
-4.17049 0.169333
-4.07049 0.0676384
-3.97049 0.00224999
-3.87049 -0.127383
-3.77049 -0.268096
-3.67049 -0.411776
-3.57049 -0.45231
-3.47049 -0.524769
-3.37049 -0.614349
-3.27049 -0.695462
-3.17049 -0.674661
-3.07049 -0.533737
-2.97049 -0.25068
-2.87049 0.0430106
-2.77049 0.2368
-2.67049 0.358032
-2.57049 0.292721
-2.47049 0.24444
-2.37049 0.219517
-2.27049 0.00745203
-2.17049 -0.11654
-2.07049 -0.290763
-1.97049 -0.277868
-1.87049 -0.329086
-1.77049 -0.281517
-1.67049 -0.00396906
-1.57049 0.256179
-1.47049 0.46432
-1.37049 0.486483
-1.27049 0.406123
-1.17049 0.216769
-1.07049 0.0906759
-0.970487 0.00210841
-0.870487 0.0817937
-0.770487 0.170639
-0.670487 0.314087
-0.570487 0.593105
-0.470487 0.969846
-0.370487 1.4374
-0.270487 1.7086
-0.170487 1.75253
-0.0704874 1.6296
0.0295126 1.42583
0.129513 1.15438
0.229513 0.865112
0.329513 0.517572
0.429513 0.133298
0.529513 -0.246114
0.629513 -0.591535
0.729513 -0.923798
0.829513 -1.22093
0.929513 -1.49788
1.02951 -1.72567
1.12951 -1.8409
1.22951 -1.84169
1.32951 -1.50655
1.42951 -1.10447
1.52951 -0.550434
1.62951 0.0391224
1.72951 0.580958
1.82951 1.12523
1.92951 1.52942
2.02951 1.82264
2.12951 1.71714
2.22951 1.43522
2.32951 0.867225
2.42951 0.273105
2.52951 -0.251543
2.62951 -0.737731
2.72951 -1.16299
2.82951 -1.36988
2.92951 -1.29081
3.02951 -0.860535
3.12951 -0.299333
3.22951 0.390202
3.32951 1.16894
3.42951 1.79729
3.52951 2.26906
3.62951 2.44392
3.72951 2.3641
3.82951 2.02976
3.92951 1.4611
4.02951 0.756039
4.12951 0.178828
4.22951 -0.193803
4.32951 -0.576949
4.42951 -0.99751
4.52951 -1.26727
4.62951 -1.53169
4.72951 -1.78771
4.82951 -1.88549
4.92951 -1.74154
5.02951 -1.4442
5.12951 -0.931176
5.22951 -0.411003
5.32951 -0.0470297
5.42951 0.249278
5.52951 0.424472
5.62951 0.571385
5.72951 0.661537
5.82951 0.629806
5.92951 0.4929
6.02951 0.381609
6.12951 0.43701
6.22951 0.590424
6.32951 0.887049
6.42951 1.14079
6.52951 1.46122
6.62951 1.67309
6.72951 1.85866
6.82951 1.92664
6.92951 1.88487
7.02951 1.67351
7.12951 1.38759
7.22951 0.909819
7.32951 0.221563
7.42951 -0.67096
7.52951 -1.5575
7.62951 -2.27335
7.72951 -2.69993
7.82951 -2.94744
7.92951 -2.85183
8.02951 -2.35908
8.12951 -1.64632
8.22951 -0.808056
8.32951 0.179974
8.42951 1.09186
8.52951 1.92845
8.62951 2.68664
8.72951 3.35135
8.82951 3.7799
8.92951 3.79201
9.02951 3.35726
9.12951 2.6053
9.22951 1.74562
9.32951 0.813878
9.42951 -0.0285535
9.52951 -0.79302
9.62951 -1.35669
9.72951 -1.66454
9.82951 -1.79749
9.92951 -1.86925
10.0295 -1.87396
10.1295 -1.87635
10.2295 -1.88355
10.3295 -1.80273
10.4295 -1.75834
10.5295 -1.77452
10.6295 -1.63289
10.7295 -1.25431
10.8295 -0.739781
10.9295 -0.123218
11.0295 0.526843
11.1295 1.2484
11.2295 1.92783
11.3295 2.53172
11.4295 2.90705
11.5295 3.02654
11.6295 2.98087
11.7295 2.81855
11.8295 2.52706
11.9295 2.08541
12.0295 1.4894
12.1295 0.883796
12.2295 0.309143
12.3295 -0.121426
12.4295 -0.373191
12.5295 -0.510092
12.6295 -0.615023
12.7295 -0.676754
12.8295 -0.5981
12.9295 -0.424381
13.0295 -0.219148
13.1295 -0.0504642
13.2295 -0.0276094
13.3295 -0.0308819
13.4295 -0.033262
13.5295 0.0278006
13.6295 0.0915691
13.7295 0.0701351
13.8295 -0.106235
13.9295 -0.308105
14.0295 -0.352475
14.1295 -0.285145
14.2295 -0.0679868
14.3295 0.197136
14.4295 0.423175
14.5295 0.603981
14.6295 0.588142
14.7295 0.388402
14.8295 0.055741
14.9295 -0.37539
15.0295 -0.831289
15.1295 -1.15438
15.2295 -1.28813
15.3295 -1.22004
15.4295 -1.03385
15.5295 -0.842504
15.6295 -0.701826
15.7295 -0.527071
15.8295 -0.275414
15.9295 -0.020261
16.0295 0.284761
16.1295 0.660284
16.2295 1.08369
16.3295 1.5178
16.4295 1.98431
16.5295 2.31536
16.6295 2.41448
16.7295 2.28153
16.8295 2.04551
16.9295 1.69433
17.0295 1.21514
17.1295 0.734908
17.2295 0.293592
17.3295 -0.177682
17.4295 -0.535029
17.5295 -0.773871
17.6295 -0.879464
17.7295 -0.884184
17.8295 -0.767128
17.9295 -0.546161
18.0295 -0.244633
18.1295 0.100049
18.2295 0.488423
18.3295 0.928959
18.4295 1.32673
18.5295 1.51491
18.6295 1.41714
18.7295 1.15831
18.8295 0.844179
18.9295 0.496792
19.0295 0.190457
19.1295 -0.11669
19.2295 -0.412785
19.3295 -0.560039
19.4295 -0.62416
19.5295 -0.628427
19.6295 -0.608146
19.7295 -0.610194
19.8295 -0.602435
19.9295 -0.601139
20.0295 -0.654839
20.1295 -0.668831
20.2295 -0.652807
20.3295 -0.75552
20.4295 -0.92151
20.5295 -0.976173
20.6295 -0.902361
20.7295 -0.745004
20.8295 -0.545553
20.9295 -0.33661
21.0295 -0.147023
21.1295 0.014597
21.2295 0.209414
21.3295 0.515608
21.4295 0.841409
21.5295 1.18559
21.6295 1.69355
21.7295 2.24507
21.8295 2.76545
21.9295 3.152
22.0295 3.30053
22.1295 3.16696
22.2295 2.79979
22.3295 2.20791
22.4295 1.36457
22.5295 0.344026
22.6295 -0.617465
22.7295 -1.39505
22.8295 -1.90147
22.9295 -2.09844
23.0295 -2.10864
23.1295 -2.00856
23.2295 -1.74806
23.3295 -1.29276
23.4295 -0.728557
23.5295 -0.186064
23.6295 0.365612
23.7295 0.962766
23.8295 1.37851
23.9295 1.54033
24.0295 1.48525
24.1295 1.30013
24.2295 1.05599
24.3295 0.690946
24.4295 0.228868
24.5295 -0.240044
24.6295 -0.527345
24.7295 -0.489231
24.8295 -0.217335
24.9295 0.129268
25.0295 0.446244
25.1295 0.786631
25.2295 1.07468
25.3295 1.27466
25.4295 1.28013
25.5295 0.918259
25.6295 0.0349802
25.7295 -1.49552
25.8295 -3.7114
25.9295 -6.29112
26.0295 -8.52571
26.1295 -9.55854
26.2295 -8.69287
26.3295 -5.47632
26.4295 0.263256
26.5295 8.65987
26.6295 19.0855
26.7295 29.4708
26.8295 36.5406
26.9295 37.5427
27.0295 30.3023
27.1295 11.5179
27.2295 -19.9633
27.3295 -58.6122
27.4295 -92.4643
27.5295 -111.055
27.6295 -110.313
27.7295 -92.2943
27.8295 -59.7303
27.9295 -15.4497
28.0295 35.9619
28.1295 87.4243
28.2295 130.071
28.3295 156.311
28.4295 162.303
28.5295 142.734
28.6295 93.4094
28.7295 24.3558
28.8295 -44.3303
28.9295 -95.9879
29.0295 -124.728
29.1295 -134.218
29.2295 -129.684
29.3295 -115.579
29.4295 -96.9062
29.5295 -76.6373
29.6295 -55.5498
29.7295 -33.5228
29.8295 -10.4002
29.9295 13.9885
30.0295 39.3426
30.1295 63.959
30.2295 85.0313
30.3295 99.4108
30.4295 104.633
30.5295 100.459
30.6295 89.422
30.7295 74.6019
30.8295 58.1232
30.9295 40.6171
31.0295 21.9332
31.1295 1.41077
31.2295 -20.8432
31.3295 -42.7239
31.4295 -60.5721
31.5295 -71.5666
31.6295 -75.7284
31.7295 -74.4759
31.8295 -70.102
31.9295 -64.7165
32.0295 -59.2993
32.1295 -53.4942
32.2295 -46.3033
32.3295 -36.8491
32.4295 -24.7399
32.5295 -10.2458
32.6295 5.08074
32.7295 19.3475
32.8295 31.3633
32.9295 40.8969
33.0295 48.0526
33.1295 53.0672
33.2295 56.5427
33.3295 58.7202
33.4295 59.1679
33.5295 57.1182
33.6295 52.0252
33.7295 44.0492
33.8295 34.2068
33.9295 23.821
34.0295 14.0102
34.1295 5.18896
34.2295 -3.05076
34.3295 -11.2862
34.4295 -19.7618
34.5295 -28.1497
34.6295 -35.5375
34.7295 -40.9568
34.8295 -44.0276
34.9295 -44.8133
35.0295 -43.8529
35.1295 -42.0367
35.2295 -40.0155
35.3295 -37.8842
35.4295 -35.1942
35.5295 -31.4602
35.6295 -26.3654
35.7295 -20.1778
35.8295 -13.5032
35.9295 -6.8902
36.0295 -0.590921
36.1295 5.44213
36.2295 11.2902
36.3295 17.0978
36.4295 23.0136
36.5295 28.7966
36.6295 33.7784
36.7295 37.4132
36.8295 39.3749
36.9295 39.7844
37.0295 38.9927
37.1295 37.3963
37.2295 35.165
37.3295 32.1614
37.4295 28.1444
37.5295 22.9813
37.6295 16.7015
37.7295 9.87677
37.8295 3.13978
37.9295 -3.15485
38.0295 -8.70213
38.1295 -13.4858
38.2295 -17.8759
38.3295 -22.1123
38.4295 -26.0717
38.5295 -29.4139
38.6295 -31.6496
38.7295 -32.5061
38.8295 -32.0032
38.9295 -30.5044
39.0295 -28.6645
39.1295 -26.9825
39.2295 -25.577
39.3295 -24.1831
39.4295 -22.3277
39.5295 -19.6082
39.6295 -15.867
39.7295 -11.299
39.8295 -6.06341
39.9295 -0.188586
40.0295 5.99733
40.1295 12.1066
40.2295 17.723
40.3295 22.3189
40.4295 25.4444
40.5295 26.8536
40.6295 26.5719
40.7295 24.7699
40.8295 22.0148
40.9295 19.0918
41.0295 16.6792
41.1295 15.0608
41.2295 14.2468
41.3295 14.0864
41.4295 14.2179
41.5295 14.2292
41.6295 13.8994
41.7295 13.2162
41.8295 12.2531
41.9295 11.0889
42.0295 9.64917
42.1295 7.83806
42.2295 5.37512
42.3295 2.13184
42.4295 -1.87716
42.5295 -6.51298
42.6295 -11.3813
42.7295 -16.0188
42.8295 -20.2169
42.9295 -23.7945
43.0295 -26.7042
43.1295 -28.9348
43.2295 -30.3447
43.3295 -30.8188
43.4295 -30.294
43.5295 -28.6824
43.6295 -26.0148
43.7295 -22.5176
43.8295 -18.4334
43.9295 -13.9853
44.0295 -9.46384
44.1295 -5.05767
44.2295 -0.892305
44.3295 3.03032
44.4295 6.67675
44.5295 9.96425
44.6295 12.7421
44.7295 14.7917
44.8295 16.0755
44.9295 16.9255
45.0295 17.6533
45.1295 18.3494
45.2295 19.1141
45.3295 19.9889
45.4295 20.7943
45.5295 21.3832
45.6295 21.545
45.7295 21.0327
45.8295 19.873
45.9295 18.0683
46.0295 15.5901
46.1295 12.5602
46.2295 9.18157
46.3295 5.64971
46.4295 2.21188
46.5295 -0.85536
46.6295 -3.40218
46.7295 -5.38639
46.8295 -6.97889
46.9295 -8.34376
47.0295 -9.52917
47.1295 -10.5794
47.2295 -11.6305
47.3295 -12.5343
47.4295 -13.1723
47.5295 -13.477
47.6295 -13.4088
47.7295 -13.1075
47.8295 -12.8332
47.9295 -12.7177
48.0295 -12.7839
48.1295 -12.9329
48.2295 -13.0476
48.3295 -12.9534
48.4295 -12.5308
48.5295 -11.7333
48.6295 -10.6188
48.7295 -9.30855
48.8295 -7.74623
48.9295 -5.77212
49.0295 -3.55232
49.1295 -1.28918
49.2295 0.95216
49.3295 2.98132
49.4295 4.64266
49.5295 6.16635
49.6295 7.74448
49.7295 9.32186
49.8295 10.8069
49.9295 12.2477
50.0295 13.6621
50.1295 14.9292
50.2295 15.7798
50.3295 16.027
50.4295 15.5758
50.5295 14.6795
50.6295 13.6697
50.7295 12.7607
50.8295 11.9481
50.9295 11.1568
51.0295 10.4281
51.1295 9.79385
51.2295 8.97547
51.3295 7.84969
51.4295 6.47202
51.5295 4.82674
51.6295 3.03895
51.7295 1.24252
51.8295 -0.582076
51.9295 -2.44183
52.0295 -4.27955
52.1295 -6.12328
52.2295 -8.03105
52.3295 -10.1235
52.4295 -12.274
52.5295 -14.2013
52.6295 -15.6063
52.7295 -16.4331
52.8295 -16.8671
52.9295 -17.0856
53.0295 -17.0728
53.1295 -16.6739
53.2295 -15.7674
53.3295 -14.4153
53.4295 -12.6715
53.5295 -10.6584
53.6295 -8.56222
53.7295 -6.45134
53.8295 -4.40835
53.9295 -2.5249
54.0295 -0.831397
54.1295 0.707018
54.2295 2.20291
54.3295 3.78091
54.4295 5.36252
54.5295 6.80476
54.6295 8.07407
54.7295 9.13243
54.8295 9.94878
54.9295 10.7145
55.0295 11.5563
55.1295 12.3826
55.2295 13.0131
55.3295 13.2903
55.4295 13.2197
55.5295 12.8015
55.6295 12.0193
55.7295 10.9728
55.8295 9.8728
55.9295 8.68703
56.0295 7.48621
56.1295 6.28245
56.2295 5.22761
56.3295 4.32321
56.4295 3.48247
56.5295 2.67142
56.6295 1.87958
56.7295 1.02624
56.8295 0.112787
56.9295 -0.813549
57.0295 -1.70566
57.1295 -2.52011
57.2295 -3.34301
57.3295 -4.14545
57.4295 -4.92844
57.5295 -5.77485
57.6295 -6.73115
57.7295 -7.68929
57.8295 -8.62757
57.9295 -9.59853
58.0295 -10.572
58.1295 -11.3165
58.2295 -11.5716
58.3295 -11.3562
58.4295 -10.8492
58.5295 -10.2691
58.6295 -9.64602
58.7295 -8.8433
58.8295 -7.93686
58.9295 -6.94579
59.0295 -5.90511
59.1295 -4.79793
59.2295 -3.60394
59.3295 -2.29468
59.4295 -0.853684
59.5295 0.619498
59.6295 2.00521
59.7295 3.24362
59.8295 4.40819
59.9295 5.48224
60.0295 6.37692
60.1295 7.16912
60.2295 7.95234
60.3295 8.75468
60.4295 9.50414
60.5295 10.015
60.6295 10.3015
60.7295 10.3134
60.8295 9.99984
60.9295 9.3134
61.0295 8.28569
61.1295 6.99417
61.2295 5.71498
61.3295 4.93038
61.4295 4.97871
61.5295 5.82451
61.6295 7.17458
61.7295 8.6696
61.8295 9.80653
61.9295 9.89818
62.0295 8.37474
62.1295 4.94738
62.2295 -0.118641
62.3295 -5.85656
62.4295 -11.1176
62.5295 -14.7764
62.6295 -16.027
62.7295 -14.8924
62.8295 -11.731
62.9295 -7.12862
63.0295 -2.29271
63.1295 1.67799
63.2295 3.95034
63.3295 4.34771
63.4295 3.04242
63.5295 0.302005
63.6295 -3.15735
63.7295 -6.52338
63.8295 -9.23831
63.9295 -11.1685
64.0295 -12.3624
64.1295 -12.8727
64.2295 -12.8325
64.3295 -12.3502
64.4295 -11.3404
64.5295 -9.65008
64.6295 -7.47217
64.7295 -5.12605
64.8295 -2.84597
64.9295 -0.692511
65.0295 1.28841
65.1295 3.10477
65.2295 4.79268
65.3295 6.36257
65.4295 7.84379
65.5295 9.19402
65.6295 10.349
65.7295 11.134
65.8295 11.3696
65.9295 11.0998
66.0295 10.4082
66.1295 9.49103
66.2295 8.50163
66.3295 7.5769
66.4295 6.80267
66.5295 6.26773
66.6295 5.87459
66.7295 5.54802
66.8295 5.23339
66.9295 4.84466
67.0295 4.23716
67.1295 3.42887
67.2295 2.55646
67.3295 1.72516
67.4295 0.927652
67.5295 0.0905602
67.6295 -0.836625
67.7295 -1.69491
67.8295 -2.33737
67.9295 -2.74654
68.0295 -3.02053
68.1295 -3.32796
68.2295 -3.81824
68.3295 -4.47164
68.4295 -5.27622
68.5295 -6.12189
68.6295 -6.74267
68.7295 -7.06925
68.8295 -7.12276
68.9295 -6.92535
69.0295 -6.45787
69.1295 -5.86537
69.2295 -5.31032
69.3295 -4.84247
69.4295 -4.41227
69.5295 -4.00879
69.6295 -3.69391
69.7295 -3.42026
69.8295 -3.08745
69.9295 -2.51816
70.0295 -1.60609
70.1295 -0.593415
70.2295 0.291954
70.3295 0.911723
70.4295 1.21979
70.5295 1.25573
70.6295 1.24532
70.7295 1.35063
70.8295 1.57172
70.9295 1.97446
71.0295 2.58365
71.1295 3.36988
71.2295 4.16591
71.3295 4.84717
71.4295 5.28306
71.5295 5.47807
71.6295 5.58084
71.7295 5.68148
71.8295 5.7509
71.9295 5.74306
72.0295 5.67211
72.1295 5.50929
72.2295 5.27768
72.3295 5.03394
72.4295 4.79533
72.5295 4.50269
72.6295 4.14096
72.7295 3.82227
72.8295 3.49196
72.9295 3.19292
73.0295 2.8177
73.1295 2.16483
73.2295 1.41881
73.3295 0.719766
73.4295 0.0289726
73.5295 -0.725944
73.6295 -1.49928
73.7295 -2.38403
73.8295 -3.28628
73.9295 -4.17804
74.0295 -5.06624
74.1295 -5.78373
74.2295 -6.3902
74.3295 -7.01648
74.4295 -7.47049
74.5295 -7.67749
74.6295 -7.70102
74.7295 -7.57044
74.8295 -7.27826
74.9295 -6.78618
75.0295 -5.99061
75.1295 -4.95807
75.2295 -3.89085
75.3295 -2.92439
75.4295 -1.97443
75.5295 -0.936011
75.6295 0.137084
75.7295 1.14167
75.8295 1.94786
75.9295 2.5582
76.0295 2.89916
76.1295 2.92595
76.2295 2.79229
76.3295 2.65814
76.4295 2.54805
76.5295 2.48425
76.6295 2.62829
76.7295 2.93956
76.8295 3.3876
76.9295 3.98385
77.0295 4.56049
77.1295 4.96915
77.2295 5.26405
77.3295 5.42831
77.4295 5.49977
77.5295 5.49093
77.6295 5.42216
77.7295 5.31989
77.8295 5.1518
77.9295 4.88039
78.0295 4.48604
78.1295 3.9122
78.2295 3.13661
78.3295 2.08494
78.4295 0.923695
78.5295 -0.20368
78.6295 -1.31497
78.7295 -2.23985
78.8295 -2.84569
78.9295 -3.14153
79.0295 -3.28551
79.1295 -3.36854
79.2295 -3.41808
79.3295 -3.54673
79.4295 -3.81534
79.5295 -4.13465
79.6295 -4.27638
79.7295 -4.31147
79.8295 -3.98393
79.9295 -3.58505
80.0295 -3.22786
80.1295 -2.9662
80.2295 -2.66797
80.3295 -2.42367
80.4295 -2.09853
80.5295 -1.62505
80.6295 -1.11322
80.7295 -0.53827
80.8295 -0.00490798
80.9295 0.437263
81.0295 0.73656
81.1295 1.01587
81.2295 1.14519
81.3295 1.10874
81.4295 0.966779
81.5295 0.8582
81.6295 0.908065
81.7295 1.0159
81.8295 1.01002
81.9295 0.76734
82.0295 0.44364
82.1295 0.238064
82.2295 0.177297
82.3295 0.239862
82.4295 0.465898
82.5295 0.933488
82.6295 1.56261
82.7295 2.30608
82.8295 3.1371
82.9295 3.69543
83.0295 3.74091
83.1295 3.52936
83.2295 3.16069
83.3295 2.71732
83.4295 2.22076
83.5295 1.77103
83.6295 1.44498
83.7295 1.14475
83.8295 0.861568
83.9295 0.528219
84.0295 0.255016
84.1295 -0.0158968
84.2295 -0.38866
84.3295 -0.744043
84.4295 -0.92183
84.5295 -0.777989
84.6295 -0.596767
84.7295 -0.463593
84.8295 -0.476437
84.9295 -0.568692
85.0295 -0.563593
85.1295 -0.612245
85.2295 -0.740541
85.3295 -0.863436
85.4295 -1.03718
85.5295 -1.18123
85.6295 -1.18288
85.7295 -1.21768
85.8295 -1.31759
85.9295 -1.47445
86.0295 -1.51196
86.1295 -1.44874
86.2295 -1.39939
86.3295 -1.35914
86.4295 -1.35775
86.5295 -1.25339
86.6295 -1.0707
86.7295 -0.830053
86.8295 -0.678832
86.9295 -0.481372
87.0295 -0.26071
87.1295 0.00721209
87.2295 0.354926
87.3295 0.648839
87.4295 0.966659
87.5295 1.23861
87.6295 1.35096
87.7295 1.25092
87.8295 1.09674
87.9295 0.927202
88.0295 0.71549
88.1295 0.537035
88.2295 0.421363
88.3295 0.350503
88.4295 0.410179
88.5295 0.476451
88.6295 0.636642
88.7295 0.887089
88.8295 1.00078
88.9295 1.22206
89.0295 1.44401
89.1295 1.59218
89.2295 1.60437
89.3295 1.38208
89.4295 1.07551
89.5295 0.887127
89.6295 0.820143
89.7295 0.753635
89.8295 0.552107
89.9295 0.275832
90.0295 0.0558876
90.1295 -0.115595
90.2295 -0.200816
90.3295 -0.238779
90.4295 -0.290506
90.5295 -0.329777
90.6295 -0.353611
90.7295 -0.343373
90.8295 -0.230254
90.9295 0.0186799
91.0295 0.160015
91.1295 0.120172
91.2295 -0.0798418
91.3295 -0.251186
91.4295 -0.399053
91.5295 -0.555415
91.6295 -0.6305
91.7295 -0.728925
91.8295 -0.760884
91.9295 -0.756851
92.0295 -0.7329
92.1295 -0.887892
92.2295 -1.00098
92.3295 -1.20229
92.4295 -1.31118
92.5295 -1.2239
92.6295 -1.12145
92.7295 -0.92909
92.8295 -0.852131
92.9295 -0.653004
93.0295 -0.290648
93.1295 0.109148
93.2295 0.496098
93.3295 0.798429
93.4295 0.923307
93.5295 0.973663
93.6295 0.995956
93.7295 0.852702
93.8295 0.646528
93.9295 0.496777
94.0295 0.422154
94.1295 0.425172
94.2295 0.543418
94.3295 0.650946
94.4295 0.679713
94.5295 0.767549
94.6295 0.841842
94.7295 0.871828
94.8295 0.867465
94.9295 0.855314
95.0295 0.715511
95.1295 0.555391
95.2295 0.38722
95.3295 0.306635
95.4295 0.296426
95.5295 0.222917
95.6295 0.168205
95.7295 0.244568
95.8295 0.265839
95.9295 0.312829
96.0295 0.324421
96.1295 0.229633
96.2295 0.247256
96.3295 0.218272
96.4295 0.146601
96.5295 -0.0211978
96.6295 -0.216405
96.7295 -0.283199
96.8295 -0.368513
96.9295 -0.48402
97.0295 -0.562064
97.1295 -0.584776
97.2295 -0.559071
97.3295 -0.482255
97.4295 -0.35302
97.5295 -0.306508
97.6295 -0.297856
97.7295 -0.363416
