-6.12133 -0.158458
-6.02133 -0.330262
-5.92133 -0.403352
-5.82133 -0.463241
-5.72133 -0.487121
-5.62133 -0.414042
-5.52133 -0.328199
-5.42133 -0.172405
-5.32133 -0.0368819
-5.22133 0.0426491
-5.12133 0.145944
-5.02133 0.255068
-4.92133 0.42406
-4.82133 0.505085
-4.72133 0.605847
-4.62133 0.655215
-4.52133 0.622916
-4.42133 0.452879
-4.32133 0.292289
-4.22133 0.199939
-4.12133 0.0273248
-4.02133 -0.091337
-3.92133 -0.19589
-3.82133 -0.243695
-3.72133 -0.187705
-3.62133 -0.0570774
-3.52133 0.0697293
-3.42133 0.239199
-3.32133 0.335269
-3.22133 0.454567
-3.12133 0.553442
-3.02133 0.708404
-2.92133 0.763791
-2.82133 0.726457
-2.72133 0.653558
-2.62133 0.487411
-2.52133 0.312398
-2.42133 0.154476
-2.32133 0.0200071
-2.22133 -0.0988096
-2.12133 -0.200662
-2.02133 -0.303046
-1.92133 -0.47434
-1.82133 -0.593602
-1.72133 -0.521019
-1.62133 -0.505974
-1.52133 -0.425
-1.42133 -0.361223
-1.32133 -0.244189
-1.22133 -0.033968
-1.12133 0.226501
-1.02133 0.542103
-0.921334 0.826773
-0.821334 0.96839
-0.721334 1.06403
-0.621334 1.05542
-0.521334 0.991857
-0.421334 0.711818
-0.321334 0.321484
-0.221334 -0.0248405
-0.121334 -0.212481
-0.0213343 -0.58361
0.0786657 -0.749493
0.178666 -0.753976
0.278666 -0.595475
0.378666 -0.373404
0.478666 -0.13799
0.578666 0.116968
0.678666 0.374132
0.778666 0.548656
0.878666 0.69291
0.978666 0.747309
1.07867 0.695686
1.17867 0.60165
1.27867 0.584341
1.37867 0.522993
1.47867 0.428039
1.57867 0.26518
1.67867 0.0897435
1.77867 0.0446102
1.87867 0.12589
1.97867 0.353926
2.07867 0.484055
2.17867 0.553511
2.27867 0.400758
2.37867 0.323138
2.47867 0.318981
2.57867 0.422971
2.67867 0.400704
2.77867 0.401965
2.87867 0.382405
2.97867 0.365676
3.07867 0.331254
3.17867 0.236381
3.27867 0.0847311
3.37867 -0.0415999
3.47867 -0.104427
3.57867 -0.105728
3.67867 -0.0617722
3.77867 -0.153074
3.87867 -0.215512
3.97867 -0.30516
4.07867 -0.367192
4.17867 -0.336866
4.27867 -0.344385
4.37867 -0.151036
4.47867 0.0100881
4.57867 0.188038
4.67867 0.250151
4.77867 0.205609
4.87867 0.173445
4.97867 0.16898
5.07867 0.27895
5.17867 0.412545
5.27867 0.564388
5.37867 0.719191
5.47867 0.757769
5.57867 0.740449
5.67867 0.703234
5.77867 0.545601
5.87867 0.285071
5.97867 0.04084
6.07867 -0.0359476
6.17867 -0.116762
6.27867 -0.157922
6.37867 -0.083122
6.47867 0.145991
6.57867 0.474762
6.67867 0.77288
6.77867 0.94555
6.87867 1.01498
6.97867 0.932829
7.07867 0.856986
7.17867 0.597517
7.27867 0.131677
7.37867 -0.432149
7.47867 -0.783963
7.57867 -0.91779
7.67867 -0.775549
7.77867 -0.499787
7.87867 -0.212193
7.97867 0.0257853
8.07867 0.220908
8.17867 0.410853
8.27867 0.631683
8.37867 0.768789
8.47867 0.819549
8.57867 0.773124
8.67867 0.701673
8.77867 0.599123
8.87867 0.448047
8.97867 0.265654
9.07867 0.169486
9.17867 0.0617526
9.27867 -0.0274732
9.37867 -0.0532517
9.47867 -0.0332095
9.57867 0.0128005
9.67867 0.0654936
9.77867 -0.00473857
9.87867 -0.0474181
9.97867 -0.0785524
10.0787 -0.129191
10.1787 -0.170937
10.2787 -0.115682
10.3787 0.00254945
10.4787 0.18493
10.5787 0.299834
10.6787 0.28755
10.7787 0.172872
10.8787 0.0924863
10.9787 -0.0390375
11.0787 -0.188615
11.1787 -0.301936
11.2787 -0.351272
11.3787 -0.368156
11.4787 -0.333714
11.5787 -0.220372
11.6787 0.00603247
11.7787 0.306445
11.8787 0.699638
11.9787 1.13275
12.0787 1.53399
12.1787 2.00464
12.2787 2.2286
12.3787 2.1346
12.4787 1.85152
12.5787 1.35951
12.6787 0.808144
12.7787 0.352127
12.8787 -0.0324705
12.9787 -0.281855
13.0787 -0.432954
13.1787 -0.568577
13.2787 -0.720171
13.3787 -0.8126
13.4787 -0.767752
13.5787 -0.604547
13.6787 -0.473888
13.7787 -0.413006
13.8787 -0.439851
13.9787 -0.405489
14.0787 -0.242635
14.1787 -0.0581632
14.2787 0.110203
14.3787 0.28711
14.4787 0.47106
14.5787 0.72314
14.6787 0.970222
14.7787 1.16393
14.8787 1.27112
14.9787 1.27728
15.0787 1.21869
15.1787 1.01875
15.2787 0.696495
15.3787 0.296855
15.4787 -0.130865
15.5787 -0.499957
15.6787 -0.683182
15.7787 -0.71098
15.8787 -0.690501
15.9787 -0.712191
16.0787 -0.698351
16.1787 -0.581797
16.2787 -0.316422
16.3787 0.0269556
16.4787 0.323954
16.5787 0.618225
16.6787 0.905594
16.7787 0.998393
16.8787 0.976452
16.9787 0.920126
17.0787 0.837258
17.1787 0.644169
17.2787 0.331703
17.3787 -0.0487779
17.4787 -0.369256
17.5787 -0.479312
17.6787 -0.425438
17.7787 -0.266921
17.8787 -0.036375
17.9787 0.176279
18.0787 0.318836
18.1787 0.400269
18.2787 0.402158
18.3787 0.39159
18.4787 0.420959
18.5787 0.493839
18.6787 0.533724
18.7787 0.574346
18.8787 0.724079
18.9787 0.788662
19.0787 0.696685
19.1787 0.563422
19.2787 0.493835
19.3787 0.497876
19.4787 0.516418
19.5787 0.538312
19.6787 0.549009
19.7787 0.46922
19.8787 0.327819
19.9787 0.173821
20.0787 -0.0147677
20.1787 -0.296471
20.2787 -0.549807
20.3787 -0.770633
20.4787 -0.989008
20.5787 -1.13763
20.6787 -1.17358
20.7787 -1.07182
20.8787 -0.86589
20.9787 -0.535009
21.0787 -0.15541
21.1787 0.140862
21.2787 0.349168
21.3787 0.528636
21.4787 0.674271
21.5787 0.817416
21.6787 0.927657
21.7787 1.0752
21.8787 1.25189
21.9787 1.49864
22.0787 1.70335
22.1787 1.73513
22.2787 1.44769
22.3787 0.953294
22.4787 0.384298
22.5787 -0.153226
22.6787 -0.572512
22.7787 -0.762104
22.8787 -0.754793
22.9787 -0.656171
23.0787 -0.578934
23.1787 -0.606237
23.2787 -0.60393
23.3787 -0.518654
23.4787 -0.35617
23.5787 -0.185204
23.6787 -0.0584267
23.7787 0.0763163
23.8787 0.306757
23.9787 0.677639
24.0787 1.03465
24.1787 1.28119
24.2787 1.35522
24.3787 1.39325
24.4787 1.39139
24.5787 1.25344
24.6787 0.955888
24.7787 0.628418
24.8787 0.35247
24.9787 0.17344
25.0787 0.0643618
25.1787 0.0124113
25.2787 0.0222933
25.3787 0.0445709
25.4787 0.0511048
25.5787 0.0165451
25.6787 -0.0481522
25.7787 -0.0749856
25.8787 -0.0862431
25.9787 -0.119618
26.0787 -0.251294
26.1787 -0.61328
26.2787 -1.11201
26.3787 -1.47593
26.4787 -1.59395
26.5787 -1.43342
26.6787 -1.13857
26.7787 -0.822527
26.8787 -0.434486
26.9787 0.121758
27.0787 0.804448
27.1787 1.44999
27.2787 1.97503
27.3787 2.35297
27.4787 2.5896
27.5787 2.58832
27.6787 2.36177
27.7787 1.81743
27.8787 1.19953
27.9787 0.760622
28.0787 0.466782
28.1787 0.198599
28.2787 -0.0480793
28.3787 -0.137927
28.4787 -0.0107961
28.5787 0.297621
28.6787 0.433702
28.7787 0.0960317
28.8787 -0.825684
28.9787 -2.34763
29.0787 -4.50262
29.1787 -6.87231
29.2787 -8.77681
29.3787 -9.36998
29.4787 -7.88643
29.5787 -4.05647
29.6787 2.05864
29.7787 10.782
29.8787 22.1242
29.9787 33.7757
30.0787 41.8953
30.1787 42.9877
30.2787 34.3389
30.3787 13.3208
30.4787 -20.6998
30.5787 -62.5535
30.6787 -100.59
30.7787 -122.613
30.8787 -123.785
30.9787 -106.202
31.0787 -73.0664
31.1787 -28.2361
31.2787 23.8075
31.3787 77.2387
31.4787 124.39
31.5787 157.346
31.6787 170.861
31.7787 159.301
31.8787 116.974
31.9787 50.8378
32.0787 -20.6066
32.1787 -79.4932
32.2787 -117.63
32.3787 -135.727
32.4787 -137.517
32.5787 -127.008
32.6787 -109.289
32.7787 -88.3765
32.8787 -66.0983
32.9787 -42.8343
33.0787 -18.6474
33.1787 6.31944
33.2787 31.5374
33.3787 55.6703
33.4787 76.4115
33.5787 90.992
33.6787 97.4788
33.7787 95.9813
33.8787 88.791
33.9787 78.5149
34.0787 66.6667
34.1787 53.5321
34.2787 38.9147
34.3787 22.3735
34.4787 3.29731
34.5787 -17.8786
34.6787 -38.4967
34.7787 -55.2897
34.8787 -66.7951
34.9787 -73.468
35.0787 -76.4096
35.1787 -76.7328
35.2787 -75.0246
35.3787 -71.0172
35.4787 -64.1349
35.5787 -54.0017
35.6787 -40.5259
35.7787 -24.1813
35.8787 -6.53322
35.9787 10.0051
36.0787 23.975
36.1787 35.1325
36.2787 43.5528
36.3787 49.5571
36.4787 53.5862
36.5787 56.1537
36.6787 57.4302
36.7787 57.0799
36.8787 54.6268
36.9787 49.8044
37.0787 43.1327
37.1787 35.4233
37.2787 27.5177
37.3787 19.8617
37.4787 12.2848
37.5787 4.18578
37.6787 -4.98104
37.7787 -15.1709
37.8787 -25.4071
37.9787 -34.2944
38.0787 -40.8808
38.1787 -44.8703
38.2787 -46.5149
38.3787 -46.5115
38.4787 -45.6167
38.5787 -44.1007
38.6787 -41.973
38.7787 -38.9411
38.8787 -34.6144
38.9787 -28.9433
39.0787 -22.2535
39.1787 -15.1908
39.2787 -8.34603
39.3787 -2.01784
39.4787 3.7784
39.5787 9.33101
39.6787 14.794
39.7787 20.2582
39.8787 25.5638
39.9787 30.3262
40.0787 34.2439
40.1787 37.1562
40.2787 39.0123
40.3787 39.7707
40.4787 39.4509
40.5787 38.1218
40.6787 35.7616
40.7787 32.2588
40.8787 27.4909
40.9787 21.643
41.0787 15.2307
41.1787 8.64078
41.2787 2.09785
41.3787 -4.05588
41.4787 -9.67403
41.5787 -14.8828
41.6787 -19.7671
41.7787 -23.9941
41.8787 -27.251
41.9787 -29.3541
42.0787 -30.4071
42.1787 -30.6803
42.2787 -30.4604
42.3787 -30.1141
42.4787 -29.8626
42.5787 -29.6256
42.6787 -29.1458
42.7787 -28.0187
42.8787 -25.7633
42.9787 -22.0865
43.0787 -16.9278
43.1787 -10.5778
43.2787 -3.47513
43.3787 3.75374
43.4787 10.4205
43.5787 15.9999
43.6787 20.0778
43.7787 22.335
43.8787 22.7284
43.9787 21.7109
44.0787 19.9335
44.1787 18.1001
44.2787 16.7892
44.3787 16.2297
44.4787 16.3587
44.5787 16.9552
44.6787 17.7856
44.7787 18.6151
44.8787 19.2321
44.9787 19.521
45.0787 19.4295
45.1787 18.9384
45.2787 18.0065
45.3787 16.5239
45.4787 14.3202
45.5787 11.2145
45.6787 7.16451
45.7787 2.21394
45.8787 -3.36441
45.9787 -9.03104
46.0787 -14.3645
46.1787 -19.1518
46.2787 -23.2784
46.3787 -26.7006
46.4787 -29.3499
46.5787 -31.1431
46.6787 -31.8365
46.7787 -31.3812
46.8787 -29.8932
46.9787 -27.5855
47.0787 -24.6989
47.1787 -21.3927
47.2787 -17.8355
47.3787 -14.1892
47.4787 -10.5055
47.5787 -6.84057
47.6787 -3.29649
47.7787 0.123797
47.8787 3.33716
47.9787 6.24383
48.0787 8.78099
48.1787 10.926
48.2787 12.7004
48.3787 14.2242
48.4787 15.756
48.5787 17.4894
48.6787 19.3713
48.7787 21.2701
48.8787 22.8965
48.9787 23.9015
49.0787 23.9402
49.1787 22.9427
49.2787 21.0645
49.3787 18.5011
49.4787 15.6579
49.5787 12.8593
49.6787 10.2472
49.7787 7.9189
49.8787 5.82896
49.9787 3.84051
50.0787 1.79922
50.1787 -0.346528
50.2787 -2.53391
50.3787 -4.74479
50.4787 -7.00834
50.5787 -9.10489
50.6787 -10.7454
50.7787 -11.8009
50.8787 -12.4369
50.9787 -12.8305
51.0787 -13.0017
51.1787 -13.1175
51.2787 -13.3345
51.3787 -13.7185
51.4787 -14.2065
51.5787 -14.7781
51.6787 -15.3632
51.7787 -15.7239
51.8787 -15.5333
51.9787 -14.7133
52.0787 -13.3027
52.1787 -11.4116
52.2787 -9.28139
52.3787 -7.12584
52.4787 -5.02652
52.5787 -3.16896
52.6787 -1.56492
52.7787 -0.0406815
52.8787 1.58444
52.9787 3.31033
53.0787 5.13649
53.1787 7.09693
53.2787 9.09458
53.3787 10.9629
53.4787 12.5875
53.5787 13.9062
53.6787 14.7594
53.7787 15.1005
53.8787 15.1116
53.9787 14.9517
54.0787 14.7871
54.1787 14.6868
54.2787 14.555
54.3787 14.2652
54.4787 13.7407
54.5787 12.9546
54.6787 11.9003
54.7787 10.5979
54.8787 9.20566
54.9787 7.8307
55.0787 6.39744
55.1787 4.84651
55.2787 3.12908
55.3787 1.07847
55.4787 -1.3848
55.5787 -4.17313
55.6787 -7.06578
55.7787 -9.7483
55.8787 -12.0569
55.9787 -13.9368
56.0787 -15.3958
56.1787 -16.4824
56.2787 -17.2319
56.3787 -17.6207
56.4787 -17.513
56.5787 -16.8302
56.6787 -15.6609
56.7787 -14.2571
56.8787 -12.8017
56.9787 -11.3461
57.0787 -9.89084
57.1787 -8.42706
57.2787 -6.92271
57.3787 -5.35362
57.4787 -3.68279
57.5787 -1.95913
57.6787 -0.231198
57.7787 1.44975
57.8787 2.99842
57.9787 4.31802
58.0787 5.36995
58.1787 6.16366
58.2787 6.86171
58.3787 7.65202
58.4787 8.51149
58.5787 9.26222
58.6787 9.75898
58.7787 10.0019
58.8787 10.1252
58.9787 10.2781
59.0787 10.4791
59.1787 10.7949
59.2787 11.1408
59.3787 11.3562
59.4787 11.2759
59.5787 10.8426
59.6787 10.0599
59.7787 9.07504
59.8787 8.05478
59.9787 7.05886
60.0787 5.95498
60.1787 4.70605
60.2787 3.44765
60.3787 2.22134
60.4787 1.04061
60.5787 -0.0135731
60.6787 -1.00513
60.7787 -2.06062
60.8787 -3.1746
60.9787 -4.30026
61.0787 -5.46971
61.1787 -6.66572
61.2787 -7.83265
61.3787 -8.8857
61.4787 -9.94421
61.5787 -10.8464
61.6787 -11.5158
61.7787 -11.9322
61.8787 -12.0863
61.9787 -11.983
62.0787 -11.645
62.1787 -11.0775
62.2787 -10.2248
62.3787 -9.09778
62.4787 -7.83265
62.5787 -6.5243
62.6787 -5.20706
62.7787 -3.91412
62.8787 -2.68747
62.9787 -1.59064
63.0787 -0.510458
63.1787 0.490285
63.2787 1.37375
63.3787 2.10519
63.4787 2.80517
63.5787 3.64503
63.6787 4.63715
63.7787 5.70371
63.8787 6.67956
63.9787 7.55812
64.0787 8.27682
64.1787 8.7017
64.2787 8.86235
64.3787 8.80742
64.4787 8.67831
64.5787 8.7349
64.6787 9.12557
64.7787 9.92085
64.8787 11.247
64.9787 12.8793
65.0787 14.2665
65.1787 14.6602
65.2787 13.3688
65.3787 10.1536
65.4787 5.37841
65.5787 -0.17747
65.6787 -5.56155
65.7787 -9.72449
65.8787 -11.9477
65.9787 -11.8552
66.0787 -9.52619
66.1787 -5.64621
66.2787 -1.2419
66.3787 2.62264
66.4787 5.1849
66.5787 6.01975
66.6787 5.21054
66.7787 3.04264
66.8787 -0.0947666
66.9787 -3.70568
67.0787 -7.23906
67.1787 -10.2866
67.2787 -12.704
67.3787 -14.533
67.4787 -15.7206
67.5787 -16.1033
67.6787 -15.6036
67.7787 -14.291
67.8787 -12.3969
67.9787 -10.1667
68.0787 -7.77382
68.1787 -5.44896
68.2787 -3.34439
68.3787 -1.54301
68.4787 -0.0366026
68.5787 1.30425
68.6787 2.61598
68.7787 3.93249
68.8787 5.17516
68.9787 6.25506
69.0787 7.02059
69.1787 7.48343
69.2787 7.85593
69.3787 8.15342
69.4787 8.45041
69.5787 8.74925
69.6787 8.98675
69.7787 9.14051
69.8787 9.2303
69.9787 9.15181
70.0787 8.80621
70.1787 8.25262
70.2787 7.56106
70.3787 6.70372
70.4787 5.81588
70.5787 4.94958
70.6787 4.07582
70.7787 3.2135
70.8787 2.41995
70.9787 1.74301
71.0787 1.18961
71.1787 0.843486
71.2787 0.637925
71.3787 0.475109
71.4787 0.15405
71.5787 -0.543242
71.6787 -1.69699
71.7787 -3.14527
71.8787 -4.5873
71.9787 -5.72093
72.0787 -6.4137
72.1787 -6.73749
72.2787 -6.79819
72.3787 -6.69774
72.4787 -6.39549
72.5787 -5.97987
72.6787 -5.6181
72.7787 -5.33645
72.8787 -5.16595
72.9787 -5.05574
73.0787 -4.885
73.1787 -4.62509
73.2787 -4.31351
73.3787 -4.10119
73.4787 -3.83835
73.5787 -3.4947
73.6787 -3.07112
73.7787 -2.59619
73.8787 -2.16626
73.9787 -1.83986
74.0787 -1.47574
74.1787 -0.984689
74.2787 -0.308883
74.3787 0.473585
74.4787 1.2875
74.5787 2.03474
74.6787 2.7498
74.7787 3.49758
74.8787 4.33001
74.9787 5.17978
75.0787 5.99742
75.1787 6.63429
75.2787 7.10398
75.3787 7.46724
75.4787 7.69492
75.5787 7.70564
75.6787 7.51401
75.7787 7.13073
75.8787 6.67025
75.9787 6.24849
76.0787 5.82093
76.1787 5.31169
76.2787 4.74816
76.3787 4.17663
76.4787 3.62963
76.5787 3.11024
76.6787 2.60401
76.7787 2.09775
76.8787 1.41348
76.9787 0.546829
77.0787 -0.336967
77.1787 -1.19844
77.2787 -2.10509
77.3787 -3.15631
77.4787 -4.24938
77.5787 -5.1399
77.6787 -5.79771
77.7787 -6.38038
77.8787 -6.85414
77.9787 -7.20937
78.0787 -7.37612
78.1787 -7.20704
78.2787 -6.81365
78.3787 -6.39446
78.4787 -5.94113
78.5787 -5.37565
78.6787 -4.6691
78.7787 -3.88536
78.8787 -3.26229
78.9787 -2.82053
79.0787 -2.62813
79.1787 -2.55234
79.2787 -2.36691
79.3787 -2.08468
79.4787 -1.66075
79.5787 -1.20477
79.6787 -0.656629
79.7787 0.205098
79.8787 1.38702
79.9787 2.72895
80.0787 4.12306
80.1787 5.38719
80.2787 6.34717
80.3787 6.85855
80.4787 7.11667
80.5787 7.20375
80.6787 7.10365
80.7787 6.79757
80.8787 6.29707
80.9787 5.65112
81.0787 4.99286
81.1787 4.35476
81.2787 3.93833
81.3787 3.53144
81.4787 3.18801
81.5787 2.9888
81.6787 2.81548
81.7787 2.58783
81.8787 2.22217
81.9787 1.71301
82.0787 1.16297
82.1787 0.576896
82.2787 -0.151441
82.3787 -0.928881
82.4787 -1.63847
82.5787 -2.29013
82.6787 -2.84238
82.7787 -3.32174
82.8787 -3.78632
82.9787 -4.24206
83.0787 -4.54605
83.1787 -4.59602
83.2787 -4.38974
83.3787 -4.06161
83.4787 -3.62673
83.5787 -3.11041
83.6787 -2.51691
83.7787 -1.99534
83.8787 -1.61232
83.9787 -1.39425
84.0787 -1.38891
84.1787 -1.36695
84.2787 -1.33805
84.3787 -1.2542
84.4787 -1.16671
84.5787 -1.09069
84.6787 -0.997166
84.7787 -0.785343
84.8787 -0.481228
84.9787 -0.0181989
85.0787 0.447737
85.1787 0.893252
85.2787 1.36199
85.3787 1.7487
85.4787 1.98371
85.5787 2.0512
85.6787 2.01559
85.7787 1.86562
85.8787 1.64295
85.9787 1.54764
86.0787 1.56535
86.1787 1.73368
86.2787 1.95916
86.3787 2.08525
86.4787 2.23418
86.5787 2.34545
86.6787 2.54819
86.7787 2.64175
86.8787 2.64736
86.9787 2.51944
87.0787 2.4441
87.1787 2.14892
87.2787 1.77283
87.3787 1.32845
87.4787 0.950115
87.5787 0.782187
87.6787 0.53233
87.7787 0.292084
87.8787 0.176971
87.9787 0.0314415
88.0787 -0.169253
88.1787 -0.395483
88.2787 -0.653163
88.3787 -0.897531
88.4787 -1.28547
88.5787 -1.71288
88.6787 -2.06618
88.7787 -2.1807
88.8787 -2.26921
88.9787 -2.28478
89.0787 -2.15752
89.1787 -1.94524
89.2787 -1.74498
89.3787 -1.68627
89.4787 -1.64402
89.5787 -1.44446
89.6787 -1.16438
89.7787 -0.770768
89.8787 -0.447228
89.9787 -0.106583
90.0787 0.064981
90.1787 0.345041
90.2787 0.402148
90.3787 0.475666
90.4787 0.578175
90.5787 0.74395
90.6787 0.845368
90.7787 0.904867
90.8787 0.889714
90.9787 0.857382
91.0787 0.853125
91.1787 0.774685
91.2787 0.774139
91.3787 0.83405
91.4787 1.05307
91.5787 1.19148
91.6787 1.16488
91.7787 0.985861
91.8787 0.832759
91.9787 0.703221
92.0787 0.522753
92.1787 0.352118
92.2787 0.158119
92.3787 0.244712
92.4787 0.300968
92.5787 0.367525
92.6787 0.351067
92.7787 0.351768
92.8787 0.348484
92.9787 0.358249
93.0787 0.405685
93.1787 0.347536
93.2787 0.354931
93.3787 0.267774
93.4787 0.181763
93.5787 0.189055
93.6787 0.134366
93.7787 -0.0364121
93.8787 -0.191653
93.9787 -0.329804
94.0787 -0.425204
94.1787 -0.309201
94.2787 -0.0924251
94.3787 0.115248
94.4787 0.197001
94.5787 0.252488
94.6787 0.278067
94.7787 0.277521
94.8787 0.12529
94.9787 0.00403243
95.0787 -0.0936896
95.1787 -0.162035
95.2787 -0.27886
95.3787 -0.354769
95.4787 -0.435237
95.5787 -0.507503
95.6787 -0.585024
95.7787 -0.621157
95.8787 -0.634302
95.9787 -0.689842
96.0787 -0.739989
96.1787 -0.677883
