-6.21037 0.429368
-6.11037 0.520956
-6.01037 0.58963
-5.91037 0.621733
-5.81037 0.544742
-5.71037 0.37884
-5.61037 0.1352
-5.51037 -0.0366625
-5.41037 -0.0498667
-5.31037 -0.0085878
-5.21037 0.0267736
-5.11037 0.116834
-5.01037 0.133452
-4.91037 0.0788851
-4.81037 0.0934729
-4.71037 0.141884
-4.61037 0.148154
-4.51037 0.144468
-4.41037 0.130788
-4.31037 0.0648822
-4.21037 0.0803361
-4.11037 0.0320469
-4.01037 0.0465545
-3.91037 0.133334
-3.81037 0.212353
-3.71037 0.198914
-3.61037 0.168844
-3.51037 0.0951734
-3.41037 0.00788883
-3.31037 -0.0342066
-3.21037 -0.0399218
-3.11037 -0.0498055
-3.01037 -0.0316355
-2.91037 -0.00413573
-2.81037 0.000914624
-2.71037 0.0852458
-2.61037 0.147792
-2.51037 0.208738
-2.41037 0.258929
-2.31037 0.40544
-2.21037 0.542996
-2.11037 0.73935
-2.01037 0.782472
-1.91037 0.698181
-1.81037 0.530331
-1.71037 0.36467
-1.61037 0.225001
-1.51037 0.0585176
-1.41037 0.0699078
-1.31037 -0.0125483
-1.21037 -0.0716654
-1.11037 -0.231316
-1.01037 -0.370031
-0.910372 -0.39243
-0.810372 -0.420099
-0.710372 -0.427531
-0.610372 -0.385536
-0.510372 -0.310371
-0.410372 -0.155538
-0.310372 0.197721
-0.210372 0.494115
-0.110372 0.657994
-0.010372 0.801894
0.089628 0.837932
0.189628 0.775839
0.289628 0.663374
0.389628 0.603383
0.489628 0.522204
0.589628 0.445106
0.689628 0.367953
0.789628 0.335533
0.889628 0.265886
0.989628 0.360035
1.08963 0.377661
1.18963 0.313951
1.28963 0.164758
1.38963 -0.0933711
1.48963 -0.270061
1.58963 -0.398645
1.68963 -0.506763
1.78963 -0.605717
1.88963 -0.640427
1.98963 -0.759648
2.08963 -0.761292
2.18963 -0.617078
2.28963 -0.29656
2.38963 0.137196
2.48963 0.607369
2.58963 1.11804
2.68963 1.55163
2.78963 1.84709
2.88963 1.94262
2.98963 1.86161
3.08963 1.58303
3.18963 1.17077
3.28963 0.911138
3.38963 0.69696
3.48963 0.509492
3.58963 0.405792
3.68963 0.341846
3.78963 0.238603
3.88963 0.0307441
3.98963 -0.228168
4.08963 -0.532094
4.18963 -0.755514
4.28963 -0.790541
4.38963 -0.801871
4.48963 -0.786457
4.58963 -0.765526
4.68963 -0.713057
4.78963 -0.733457
4.88963 -0.672722
4.98963 -0.49608
5.08963 -0.383699
5.18963 -0.0675126
5.28963 0.240655
5.38963 0.430654
5.48963 0.613101
5.58963 0.812951
5.68963 0.954068
5.78963 0.9399
5.88963 0.838553
5.98963 0.780132
6.08963 0.697681
6.18963 0.368334
6.28963 0.0917477
6.38963 0.00913041
6.48963 0.171611
6.58963 0.446658
6.68963 0.872307
6.78963 1.03978
6.88963 1.07459
6.98963 1.13339
7.08963 1.10295
7.18963 0.937612
7.28963 0.499008
7.38963 -0.10186
7.48963 -0.667445
7.58963 -1.07426
7.68963 -1.27552
7.78963 -1.27477
7.88963 -1.0234
7.98963 -0.678398
8.08963 -0.216272
8.18963 0.321888
8.28963 0.674409
8.38963 0.934278
8.48963 1.09283
8.58963 1.04053
8.68963 0.897642
8.78963 0.67105
8.88963 0.34753
8.98963 -0.0101727
9.08963 -0.240813
9.18963 -0.179062
9.28963 0.0685711
9.38963 0.357493
9.48963 0.549954
9.58963 0.680698
9.68963 0.703418
9.78963 0.601405
9.88963 0.297307
9.98963 -0.152367
10.0896 -0.501294
10.1896 -0.623346
10.2896 -0.638883
10.3896 -0.525296
10.4896 -0.315381
10.5896 -0.0513958
10.6896 0.210957
10.7896 0.494083
10.8896 0.755115
10.9896 0.934132
11.0896 0.976332
11.1896 0.918941
11.2896 0.849038
11.3896 0.68887
11.4896 0.425222
11.5896 0.165617
11.6896 -0.0617245
11.7896 -0.254416
11.8896 -0.392908
11.9896 -0.425317
12.0896 -0.422385
12.1896 -0.430139
12.2896 -0.411502
12.3896 -0.365408
12.4896 -0.388867
12.5896 -0.551
12.6896 -0.691715
12.7896 -0.754048
12.8896 -0.637994
12.9896 -0.320215
13.0896 0.124141
13.1896 0.653852
13.2896 1.18675
13.3896 1.59921
13.4896 1.80261
13.5896 1.87408
13.6896 1.83374
13.7896 1.69076
13.8896 1.41982
13.9896 1.08759
14.0896 0.812643
14.1896 0.63451
14.2896 0.503117
14.3896 0.302406
14.4896 0.0639234
14.5896 -0.169034
14.6896 -0.357883
14.7896 -0.53558
14.8896 -0.751982
14.9896 -0.978978
15.0896 -1.11929
15.1896 -1.15581
15.2896 -1.11266
15.3896 -1.03639
15.4896 -0.929216
15.5896 -0.756087
15.6896 -0.444778
15.7896 -0.109696
15.8896 0.213654
15.9896 0.424174
16.0896 0.446043
16.1896 0.349116
16.2896 0.222545
16.3896 0.0949736
16.4896 0.035632
16.5896 0.00513631
16.6896 0.0624779
16.7896 0.182994
16.8896 0.39659
16.9896 0.620828
17.0896 0.849143
17.1896 1.05249
17.2896 1.17685
17.3896 1.21398
17.4896 1.15883
17.5896 1.08148
17.6896 1.05458
17.7896 0.976704
17.8896 0.768211
17.9896 0.505209
18.0896 0.253653
18.1896 0.154696
18.2896 0.206315
18.3896 0.258573
18.4896 0.253772
18.5896 0.212338
18.6896 0.182562
18.7896 0.20025
18.8896 0.23115
18.9896 0.178041
19.0896 0.0699023
19.1896 0.0456977
19.2896 0.0814192
19.3896 -0.0181045
19.4896 -0.267639
19.5896 -0.541458
19.6896 -0.772459
19.7896 -0.92298
19.8896 -1.04371
19.9896 -1.11866
20.0896 -1.13542
20.1896 -1.07353
20.2896 -0.849811
20.3896 -0.417104
20.4896 0.0870837
20.5896 0.575955
20.6896 1.09678
20.7896 1.5994
20.8896 2.00166
20.9896 2.31987
21.0896 2.46276
21.1896 2.34871
21.2896 2.02014
21.3896 1.50706
21.4896 0.861276
21.5896 0.304497
21.6896 0.0188883
21.7896 -0.0927278
21.8896 -0.306746
21.9896 -0.613615
22.0896 -0.818436
22.1896 -0.835894
22.2896 -0.70228
22.3896 -0.607775
22.4896 -0.563645
22.5896 -0.548711
22.6896 -0.544019
22.7896 -0.534977
22.8896 -0.500899
22.9896 -0.570638
23.0896 -0.743721
23.1896 -0.965775
23.2896 -1.09161
23.3896 -0.912134
23.4896 -0.497921
23.5896 -0.0427908
23.6896 0.457165
23.7896 0.996246
23.8896 1.52948
23.9896 2.0123
24.0896 2.35426
24.1896 2.4923
24.2896 2.39712
24.3896 2.07986
24.4896 1.69738
24.5896 1.29725
24.6896 0.926697
24.7896 0.547071
24.8896 0.24753
24.9896 0.0415034
25.0896 -0.0382462
25.1896 -0.218579
25.2896 -0.800928
25.3896 -1.89726
25.4896 -3.49345
25.5896 -5.55295
25.6896 -7.79531
25.7896 -9.45426
25.8896 -9.52784
25.9896 -7.27475
26.0896 -2.37074
26.1896 5.22651
26.2896 15.4917
26.3896 27.2502
26.4896 37.3654
26.5896 42.3657
26.6896 39.729
26.7896 26.6464
26.8896 -0.3969
26.9896 -39.7132
27.0896 -81.7393
27.1896 -113.561
27.2896 -126.522
27.3896 -118.416
27.4896 -92.8835
27.5896 -54.0483
27.6896 -5.35238
27.7896 48.6246
27.8896 101.538
27.9896 145.069
28.0896 172.363
28.1896 177.758
28.2896 154.524
28.3896 100.74
28.4896 26.6481
28.5896 -48.1265
28.6896 -106.331
28.7896 -142.498
28.8896 -158.615
28.9896 -156.099
29.0896 -139.093
29.1896 -114.246
29.2896 -86.2715
29.3896 -57.2037
29.4896 -27.4975
29.5896 2.47585
29.6896 31.9988
29.7896 59.8088
29.8896 83.2613
29.9896 98.7503
30.0896 103.814
30.1896 99.5937
30.2896 89.8555
30.3896 78.2572
30.4896 66.5947
30.5896 55.0146
30.6896 42.7853
30.7896 28.7884
30.8896 11.8826
30.9896 -7.98739
31.0896 -29.2274
31.1896 -48.8485
31.2896 -64.2769
31.3896 -74.6867
31.4896 -80.2177
31.5896 -81.3625
31.6896 -78.8211
31.7896 -73.1264
31.8896 -64.6879
31.9896 -53.7098
32.0896 -40.3674
32.1896 -25.1184
32.2896 -9.0836
32.3896 6.03981
32.4896 19.1362
32.5896 29.7277
32.6896 37.8045
32.7896 43.7229
32.8896 48.157
32.9896 51.7067
33.0896 54.298
33.1896 55.4109
33.2896 54.4128
33.3896 50.9929
33.4896 45.5097
33.5896 38.7476
33.6896 31.552
33.7896 24.372
33.8896 16.9842
33.9896 8.90819
34.0896 -0.148991
34.1896 -10.0592
34.2896 -20.2984
34.3896 -29.5328
34.4896 -36.7403
34.5896 -41.3189
34.6896 -43.7454
34.7896 -44.8044
34.8896 -45.1008
34.9896 -44.7986
35.0896 -43.5146
35.1896 -40.7358
35.2896 -36.3917
35.3896 -30.7366
35.4896 -24.2656
35.5896 -17.6675
35.6896 -11.5437
35.7896 -5.96483
35.8896 -0.669016
35.9896 4.68565
36.0896 10.3156
36.1896 16.1977
36.2896 22.1455
36.3896 27.7982
36.4896 32.7846
36.5896 36.7343
36.6896 39.442
36.7896 40.9268
36.8896 41.1224
36.9896 39.9666
37.0896 37.4617
37.1896 33.6178
37.2896 28.55
37.3896 22.6049
37.4896 16.2606
37.5896 9.97835
37.6896 4.16027
37.7896 -1.12135
37.8896 -5.95587
37.9896 -10.6445
38.0896 -15.3277
38.1896 -19.8098
38.2896 -23.6219
38.3896 -26.4352
38.4896 -28.2158
38.5896 -29.1388
38.6896 -29.374
38.7896 -29.3438
38.8896 -29.3831
38.9896 -29.4039
39.0896 -29.1064
39.1896 -28.139
39.2896 -25.9457
39.3896 -22.352
39.4896 -17.6878
39.5896 -12.2856
39.6896 -6.38274
39.7896 -0.174096
39.8896 6.07032
39.9896 11.829
40.0896 16.4744
40.1896 19.503
40.2896 20.863
40.3896 20.6376
40.4896 19.1578
40.5896 17.119
40.6896 15.2787
40.7896 14.1843
40.8896 14.0879
40.9896 14.7242
41.0896 15.7849
41.1896 17.0297
41.2896 18.3257
41.3896 19.4856
41.4896 20.339
41.5896 20.7941
41.6896 20.6581
41.7896 19.6742
41.8896 17.6734
41.9896 14.5279
42.0896 10.3441
42.1896 5.30385
42.2896 -0.302326
42.3896 -5.90218
42.4896 -11.1587
42.5896 -15.8393
42.6896 -19.8871
42.7896 -23.3405
42.8896 -26.2435
42.9896 -28.521
43.0896 -30.0472
43.1896 -30.6341
43.2896 -30.2315
43.3896 -28.9347
43.4896 -26.7817
43.5896 -23.9065
43.6896 -20.5887
43.7896 -17.0307
43.8896 -13.3281
43.9896 -9.5137
44.0896 -5.56454
44.1896 -1.60336
44.2896 2.05514
44.3896 5.1892
44.4896 7.68189
44.5896 9.67928
44.6896 11.3777
44.7896 12.9271
44.8896 14.4003
44.9896 15.9276
45.0896 17.5277
45.1896 19.1908
45.2896 20.6913
45.3896 21.7829
45.4896 22.1526
45.5896 21.7519
45.6896 20.6328
45.7896 18.9425
45.8896 16.8052
45.9896 14.3304
46.0896 11.7335
46.1896 9.19429
46.2896 6.76359
46.3896 4.40696
46.4896 2.13446
46.5896 -0.0498404
46.6896 -1.9633
46.7896 -3.61887
46.8896 -5.04956
46.9896 -6.31287
47.0896 -7.40806
47.1896 -8.30873
47.2896 -8.9535
47.3896 -9.40491
47.4896 -9.86862
47.5896 -10.4806
47.6896 -11.3269
47.7896 -12.3407
47.8896 -13.3678
47.9896 -14.2875
48.0896 -15.0757
48.1896 -15.6244
48.2896 -15.7278
48.3896 -15.2701
48.4896 -14.2973
48.5896 -12.8902
48.6896 -11.0615
48.7896 -9.01558
48.8896 -7.01165
48.9896 -5.1015
49.0896 -3.34206
49.1896 -1.74219
49.2896 -0.157472
49.3896 1.51128
49.4896 3.29942
49.5896 5.17793
49.6896 7.12812
49.7896 9.07576
49.8896 10.8135
49.9896 12.1538
50.0896 12.9709
50.1896 13.3739
50.2896 13.5402
50.3896 13.6122
50.4896 13.7231
50.5896 14.0177
50.6896 14.5099
50.7896 14.9462
50.8896 14.9961
50.9896 14.5879
51.0896 13.7004
51.1896 12.3577
51.2896 10.7035
51.3896 8.96733
51.4896 7.29152
51.5896 5.60032
51.6896 3.81264
51.7896 1.86553
51.8896 -0.308759
51.9896 -2.72752
52.0896 -5.23524
52.1896 -7.61389
52.2896 -9.83114
52.3896 -11.8176
52.4896 -13.5297
52.5896 -14.8705
52.6896 -15.7722
52.7896 -16.2485
52.8896 -16.2777
52.9896 -15.8509
53.0896 -15.0401
53.1896 -13.8346
53.2896 -12.3769
53.3896 -10.9231
53.4896 -9.69747
53.5896 -8.72007
53.6896 -7.76253
53.7896 -6.58375
53.8896 -5.25837
53.9896 -3.88935
54.0896 -2.54474
54.1896 -1.1553
54.2896 0.245739
54.3896 1.53481
54.4896 2.78871
54.5896 4.13554
54.6896 5.56673
54.7896 6.92716
54.8896 8.10677
54.9896 9.01204
55.0896 9.7234
55.1896 10.2765
55.2896 10.6102
55.3896 10.7022
55.4896 10.7474
55.5896 10.8279
55.6896 10.7993
55.7896 10.6499
55.8896 10.3706
55.9896 9.87788
56.0896 9.1565
56.1896 8.29627
56.2896 7.40012
56.3896 6.49038
56.4896 5.52492
56.5896 4.56135
56.6896 3.70635
56.7896 2.99132
56.8896 2.32134
56.9896 1.60578
57.0896 0.87637
57.1896 0.0403541
57.2896 -0.950026
57.3896 -2.05668
57.4896 -3.3086
57.5896 -4.66902
57.6896 -5.98857
57.7896 -7.23537
57.8896 -8.33539
57.9896 -9.23314
58.0896 -9.96713
58.1896 -10.4418
58.2896 -10.6346
58.3896 -10.6104
58.4896 -10.5015
58.5896 -10.3362
58.6896 -10.0968
58.7896 -9.73241
58.8896 -9.24768
58.9896 -8.65202
59.0896 -8.00997
59.1896 -7.23527
59.2896 -6.1442
59.3896 -4.83331
59.4896 -3.38315
59.5896 -1.80909
59.6896 -0.246707
59.7896 1.26529
59.8896 2.69433
59.9896 3.97057
60.0896 5.15581
60.1896 6.21567
60.2896 7.08389
60.3896 7.62757
60.4896 7.87818
60.5896 7.87702
60.6896 7.64271
60.7896 7.27522
60.8896 7.00358
60.9896 7.13146
61.0896 7.74032
61.1896 8.90225
61.2896 10.5318
61.3896 12.3019
61.4896 13.7658
61.5896 14.5196
61.6896 14.0811
61.7896 12.1449
61.8896 8.50452
61.9896 3.50889
62.0896 -1.84135
62.1896 -6.47945
62.2896 -9.54016
62.3896 -10.6743
62.4896 -9.70527
62.5896 -6.8524
62.6896 -2.79031
62.7896 1.46672
62.8896 4.91976
62.9896 6.89941
63.0896 7.03365
63.1896 5.39808
63.2896 2.44658
63.3896 -1.21616
63.4896 -5.06675
63.5896 -8.74246
63.6896 -11.9433
63.7896 -14.5036
63.8896 -16.3269
63.9896 -17.2898
64.0896 -17.3577
64.1896 -16.4305
64.2896 -14.5045
64.3896 -11.8436
64.4896 -8.92273
64.5896 -6.14336
64.6896 -3.68844
64.7896 -1.65007
64.8896 -0.0360004
64.9896 1.2801
65.0896 2.3488
65.1896 3.21152
65.2896 3.9627
65.3896 4.66987
65.4896 5.37589
65.5896 5.95939
65.6896 6.39282
65.7896 6.81048
65.8896 7.30019
65.9896 7.76955
66.0896 8.12429
66.1896 8.35549
66.2896 8.44229
66.3896 8.37668
66.4896 8.22774
66.5896 8.01856
66.6896 7.679
66.7896 7.1469
66.8896 6.51442
66.9896 5.72582
67.0896 4.80215
67.1896 3.924
67.2896 3.29141
67.3896 2.9586
67.4896 2.89015
67.5896 2.9401
67.6896 2.9596
67.7896 2.80837
67.8896 2.2414
67.9896 1.0806
68.0896 -0.577057
68.1896 -2.40619
68.2896 -4.06843
68.3896 -5.35893
68.4896 -6.17893
68.5896 -6.57938
68.6896 -6.66015
68.7896 -6.59883
68.8896 -6.52398
68.9896 -6.44186
69.0896 -6.31639
69.1896 -6.22341
69.2896 -6.14289
69.3896 -6.05887
69.4896 -5.99544
69.5896 -5.78518
69.6896 -5.38189
69.7896 -4.83005
69.8896 -4.15032
69.9896 -3.4646
70.0896 -2.8806
70.1896 -2.38225
70.2896 -1.94746
70.3896 -1.5921
70.4896 -1.33862
70.5896 -1.11383
70.6896 -0.794011
70.7896 -0.35352
70.8896 0.148973
70.9896 0.76663
71.0896 1.44665
71.1896 2.09559
71.2896 2.70859
71.3896 3.38137
71.4896 4.2032
71.5896 5.05252
71.6896 5.83282
71.7896 6.54929
71.8896 7.1758
71.9896 7.63047
72.0896 7.98115
72.1896 8.19919
72.2896 8.16648
72.3896 7.94617
72.4896 7.63303
72.5896 7.27051
72.6896 6.74153
72.7896 5.99748
72.8896 5.01647
72.9896 3.88865
73.0896 2.77477
73.1896 1.81903
73.2896 0.993429
73.3896 0.226746
73.4896 -0.614236
73.5896 -1.50975
73.6896 -2.35607
73.7896 -3.05827
73.8896 -3.66969
73.9896 -4.34528
74.0896 -5.01393
74.1896 -5.58778
74.2896 -5.9957
74.3896 -6.29009
74.4896 -6.45947
74.5896 -6.45199
74.6896 -6.20343
74.7896 -5.82313
74.8896 -5.50923
74.9896 -5.25194
75.0896 -5.11458
75.1896 -4.99311
75.2896 -4.786
75.3896 -4.48988
75.4896 -4.09872
75.5896 -3.6238
75.6896 -3.06072
75.7896 -2.4627
75.8896 -1.88963
75.9896 -1.19878
76.0896 -0.437575
76.1896 0.314269
76.2896 1.0739
76.3896 1.84993
76.4896 2.58117
76.5896 3.22615
76.6896 3.88001
76.7896 4.59752
76.8896 5.12716
76.9896 5.49971
77.0896 5.85269
77.1896 6.04287
77.2896 6.10923
77.3896 6.02285
77.4896 5.91029
77.5896 5.7229
77.6896 5.49767
77.7896 5.266
77.8896 4.94614
77.9896 4.56527
78.0896 4.17061
78.1896 3.6733
78.2896 3.13872
78.3896 2.53641
78.4896 2.0652
78.5896 1.53611
78.6896 1.10973
78.7896 0.691607
78.8896 0.19344
78.9896 -0.627854
79.0896 -1.55371
79.1896 -2.52482
79.2896 -3.33904
79.3896 -4.00616
79.4896 -4.57351
79.5896 -4.95143
79.6896 -5.12119
79.7896 -5.03802
79.8896 -4.8116
79.9896 -4.40425
80.0896 -3.93164
80.1896 -3.44003
80.2896 -3.03456
80.3896 -2.69936
80.4896 -2.23502
80.5896 -1.68983
80.6896 -1.1996
80.7896 -0.862243
80.8896 -0.61066
80.9896 -0.558742
81.0896 -0.591023
81.1896 -0.624374
81.2896 -0.609368
81.3896 -0.471204
81.4896 -0.296384
81.5896 -0.048352
81.6896 0.299224
81.7896 0.602178
81.8896 0.704874
81.9896 0.978744
82.0896 1.30822
82.1896 1.60086
82.2896 1.87601
82.3896 2.11916
82.4896 2.31562
82.5896 2.3884
82.6896 2.43539
82.7896 2.50843
82.8896 2.61142
82.9896 2.7072
83.0896 2.66704
83.1896 2.55661
83.2896 2.54224
83.3896 2.33104
83.4896 2.06482
83.5896 1.64828
83.6896 1.33156
83.7896 1.14773
83.8896 1.05441
83.9896 0.94778
84.0896 0.941991
84.1896 0.86336
84.2896 0.826977
84.3896 0.700094
84.4896 0.4838
84.5896 0.23513
84.6896 -0.0875564
84.7896 -0.468759
84.8896 -0.947016
84.9896 -1.50042
85.0896 -1.88314
85.1896 -2.08118
85.2896 -2.12435
85.3896 -2.15495
85.4896 -2.13517
85.5896 -2.16857
85.6896 -2.14599
85.7896 -1.94704
85.8896 -1.76603
85.9896 -1.59272
86.0896 -1.41107
86.1896 -1.2561
86.2896 -1.148
86.3896 -1.11366
86.4896 -1.03799
86.5896 -0.861244
86.6896 -0.565459
86.7896 -0.262029
86.8896 -0.0271134
86.9896 0.0629325
87.0896 0.232447
87.1896 0.51268
87.2896 0.716065
87.3896 0.827605
87.4896 0.954496
87.5896 1.07996
87.6896 1.14955
87.7896 1.1794
87.8896 1.20521
87.9896 1.26172
88.0896 1.18489
88.1896 1.12922
88.2896 1.03986
88.3896 0.972593
88.4896 0.842897
88.5896 0.747019
88.6896 0.63642
88.7896 0.573069
88.8896 0.615305
88.9896 0.674572
89.0896 0.680697
89.1896 0.701154
89.2896 0.636521
89.3896 0.638171
89.4896 0.51777
89.5896 0.375152
89.6896 0.249802
89.7896 0.154921
89.8896 0.116301
89.9896 0.192961
90.0896 0.265917
90.1896 0.308308
90.2896 0.239556
90.3896 0.17827
90.4896 0.0533684
90.5896 -0.00530795
90.6896 -0.116701
90.7896 -0.273501
90.8896 -0.440855
90.9896 -0.44913
91.0896 -0.334793
91.1896 -0.38902
91.2896 -0.462582
91.3896 -0.534266
91.4896 -0.654574
91.5896 -0.788792
91.6896 -0.995399
91.7896 -1.12286
91.8896 -1.09211
91.9896 -1.02676
92.0896 -0.727918
92.1896 -0.469861
92.2896 -0.133542
92.3896 0.266671
92.4896 0.517862
92.5896 0.689884
92.6896 0.733369
92.7896 0.670766
92.8896 0.523812
92.9896 0.329633
93.0896 0.231954
93.1896 0.136406
93.2896 0.0824695
93.3896 0.00503169
93.4896 -0.0905017
93.5896 -0.118608
93.6896 -0.0988706
93.7896 -0.0669575
93.8896 -0.0684156
93.9896 0.000145994
94.0896 0.126244
94.1896 0.307452
94.2896 0.358278
94.3896 0.379297
94.4896 0.351816
94.5896 0.295409
94.6896 0.217592
94.7896 0.183287
94.8896 0.122362
94.9896 0.1821
95.0896 0.21397
95.1896 0.294959
95.2896 0.373935
95.3896 0.439785
95.4896 0.410448
95.5896 0.32503
95.6896 0.40529
95.7896 0.484421
95.8896 0.505025
95.9896 0.52125
96.0896 0.497616
