-7.80915 0.0447229
-7.70915 0.061266
-7.60915 0.223344
-7.50915 0.47218
-7.40915 0.694523
-7.30915 0.91765
-7.20915 1.09287
-7.10915 1.23842
-7.00915 1.20007
-6.90915 1.01365
-6.80915 0.804003
-6.70915 0.562781
-6.60915 0.44126
-6.50915 0.250701
-6.40915 -0.013575
-6.30915 -0.225235
-6.20915 -0.348371
-6.10915 -0.437677
-6.00915 -0.445466
-5.90915 -0.464989
-5.80915 -0.423318
-5.70915 -0.467135
-5.60915 -0.511699
-5.50915 -0.482801
-5.40915 -0.386285
-5.30915 -0.18558
-5.20915 0.0549919
-5.10915 0.298829
-5.00915 0.472019
-4.90915 0.545309
-4.80915 0.691321
-4.70915 0.898321
-4.60915 1.03351
-4.50915 1.09585
-4.40915 0.972327
-4.30915 0.79515
-4.20915 0.536524
-4.10915 0.176093
-4.00915 -0.250898
-3.90915 -0.642112
-3.80915 -0.988789
-3.70915 -1.14637
-3.60915 -1.29656
-3.50915 -1.29776
-3.40915 -1.14511
-3.30915 -0.883973
-3.20915 -0.533192
-3.10915 -0.2055
-3.00915 0.0625634
-2.90915 0.276897
-2.80915 0.603679
-2.70915 0.98016
-2.60915 1.43084
-2.50915 1.81606
-2.40915 2.03685
-2.30915 2.11462
-2.20915 1.99532
-2.10915 1.86378
-2.00915 1.72105
-1.90915 1.51081
-1.80915 1.16308
-1.70915 0.683894
-1.60915 0.211896
-1.50915 -0.0353202
-1.40915 -0.185998
-1.30915 -0.473644
-1.20915 -0.804456
-1.10915 -1.1729
-1.00915 -1.36156
-0.909149 -1.35558
-0.809149 -1.31522
-0.709149 -1.29204
-0.609149 -1.3331
-0.509149 -1.35275
-0.409149 -1.245
-0.309149 -0.948124
-0.209149 -0.460152
-0.109149 0.100416
-0.0091487 0.669685
0.0908513 1.12555
0.190851 1.55113
0.290851 1.82507
0.390851 1.98657
0.490851 2.03246
0.590851 1.90701
0.690851 1.62433
0.790851 1.29708
0.890851 0.958996
0.990851 0.679123
1.09085 0.338832
1.19085 0.133241
1.29085 0.0319887
1.39085 -0.162503
1.49085 -0.223905
1.59085 -0.166242
1.69085 -0.0415785
1.79085 -0.0471554
1.89085 -0.126471
1.99085 -0.258306
2.09085 -0.416086
2.19085 -0.655942
2.29085 -0.797249
2.39085 -0.964847
2.49085 -0.960675
2.59085 -0.778004
2.69085 -0.427268
2.79085 -0.00848369
2.89085 0.382362
2.99085 0.695108
3.09085 1.00938
3.19085 1.09863
3.29085 1.16419
3.39085 1.1871
3.49085 1.09738
3.59085 0.957256
3.69085 0.722247
3.79085 0.477698
3.89085 0.27185
3.99085 0.141855
4.09085 0.0535516
4.19085 -0.0902272
4.29085 -0.214569
4.39085 -0.194047
4.49085 -0.00711908
4.59085 0.275181
4.69085 0.582168
4.79085 0.80583
4.89085 0.869986
4.99085 0.825648
5.09085 0.582689
5.19085 0.260058
5.29085 -0.171327
5.39085 -0.484954
5.49085 -0.529849
5.59085 -0.227268
5.69085 0.215422
5.79085 0.58769
5.89085 0.827396
5.99085 0.837878
6.09085 0.755952
6.19085 0.678102
6.29085 0.725862
6.39085 0.745061
6.49085 0.524819
6.59085 0.148962
6.69085 -0.0877287
6.79085 -0.0755025
6.89085 0.0610625
6.99085 0.13199
7.09085 0.118676
7.19085 0.0623646
7.29085 -0.0332559
7.39085 -0.120114
7.49085 -0.240455
7.59085 -0.460965
7.69085 -0.767783
7.79085 -1.0063
7.89085 -1.04802
7.99085 -0.947111
8.09085 -0.691239
8.19085 -0.30206
8.29085 0.104669
8.39085 0.514212
8.49085 0.92238
8.59085 1.30072
8.69085 1.59096
8.79085 1.77267
8.89085 1.88315
8.99085 1.90871
9.09085 1.81819
9.19085 1.62062
9.29085 1.28718
9.39085 0.853784
9.49085 0.399051
9.59085 0.0288871
9.69085 -0.137842
9.79085 -0.258817
9.89085 -0.336298
9.99085 -0.33722
10.0909 -0.263066
10.1909 -0.109971
10.2909 0.125278
10.3909 0.37487
10.4909 0.546894
10.5909 0.559225
10.6909 0.477831
10.7909 0.376601
10.8909 0.291037
10.9909 0.253061
11.0909 0.267192
11.1909 0.333178
11.2909 0.476235
11.3909 0.531595
11.4909 0.480066
11.5909 0.313248
11.6909 0.0616316
11.7909 -0.225449
11.8909 -0.462353
11.9909 -0.70474
12.0909 -0.969241
12.1909 -1.15314
12.2909 -1.18197
12.3909 -1.05686
12.4909 -0.784506
12.5909 -0.402591
12.6909 -0.056849
12.7909 0.212325
12.8909 0.397993
12.9909 0.410733
13.0909 0.277121
13.1909 0.062281
13.2909 -0.0903978
13.3909 -0.123541
13.4909 -0.075434
13.5909 0.138364
13.6909 0.578566
13.7909 1.08758
13.8909 1.5583
13.9909 1.99863
14.0909 2.28597
14.1909 2.40298
14.2909 2.35073
14.3909 2.14025
14.4909 1.84074
14.5909 1.40242
14.6909 0.925514
14.7909 0.458263
14.8909 -0.0152074
14.9909 -0.358116
15.0909 -0.554521
15.1909 -0.640655
15.2909 -0.640815
15.3909 -0.471038
15.4909 -0.217059
15.5909 0.00699747
15.6909 0.192856
15.7909 0.345675
15.8909 0.309212
15.9909 0.10099
16.0909 -0.139527
16.1909 -0.240302
16.2909 -0.196199
16.3909 -0.0723576
16.4909 0.0638275
16.5909 0.155732
16.6909 0.136872
16.7909 0.0611052
16.8909 -0.0740849
16.9909 -0.262421
17.0909 -0.456918
17.1909 -0.718037
17.2909 -0.893756
17.3909 -0.949526
17.4909 -0.945632
17.5909 -0.912029
17.6909 -0.851352
17.7909 -0.767562
17.8909 -0.715714
17.9909 -0.621773
18.0909 -0.413472
18.1909 -0.205745
18.2909 0.0447692
18.3909 0.394582
18.4909 0.766394
18.5909 1.0873
18.6909 1.46353
18.7909 1.85595
18.8909 2.22847
18.9909 2.58342
19.0909 2.83401
19.1909 2.96223
19.2909 3.02126
19.3909 3.03615
19.4909 3.00829
19.5909 2.91694
19.6909 2.61692
19.7909 1.97533
19.8909 1.15072
19.9909 0.345025
20.0909 -0.328652
20.1909 -0.878575
20.2909 -1.33394
20.3909 -1.76782
20.4909 -2.12826
20.5909 -2.43359
20.6909 -2.58696
20.7909 -2.44848
20.8909 -2.04455
20.9909 -1.58479
21.0909 -1.18938
21.1909 -0.897058
21.2909 -0.610204
21.3909 -0.294138
21.4909 -0.032232
21.5909 0.103604
21.6909 0.138196
21.7909 0.230461
21.8909 0.380836
21.9909 0.535434
22.0909 0.663023
22.1909 0.821022
22.2909 1.08078
22.3909 1.39449
22.4909 1.73405
22.5909 2.10484
22.6909 2.30102
22.7909 2.12323
22.8909 1.43609
22.9909 0.0569011
23.0909 -2.11886
23.1909 -4.99592
23.2909 -8.16006
23.3909 -10.807
23.4909 -11.7953
23.5909 -10.1508
23.6909 -5.69472
23.7909 1.72813
23.8909 12.4423
23.9909 25.7089
24.0909 38.6472
24.1909 47.1451
24.2909 48.0927
24.3909 39.1505
24.4909 17.0105
24.5909 -20.6906
24.6909 -67.4312
24.7909 -108.36
24.8909 -129.936
24.9909 -129.365
25.0909 -110.814
25.1909 -77.4795
25.2909 -32.6421
25.3909 18.1904
25.4909 69.3837
25.5909 114.819
25.6909 148.101
25.7909 163.066
25.8909 155.251
25.9909 124.31
26.0909 75.7916
26.1909 19.7782
26.2909 -32.9837
26.3909 -75.9553
26.4909 -107.93
26.5909 -128.85
26.6909 -136.498
26.7909 -130.785
26.8909 -115.352
26.9909 -94.317
27.0909 -70.2585
27.1909 -44.3775
27.2909 -17.9559
27.3909 7.64776
27.4909 31.479
27.5909 52.8044
27.6909 70.6507
27.7909 83.9146
27.8909 91.9239
27.9909 94.7414
28.0909 92.6018
28.1909 85.8285
28.2909 74.7742
28.3909 59.9985
28.4909 42.2859
28.5909 22.8573
28.6909 3.48477
28.7909 -14.2141
28.8909 -29.3281
28.9909 -41.8862
29.0909 -52.2295
29.1909 -60.7149
29.2909 -67.5726
29.3909 -72.4953
29.4909 -74.4825
29.5909 -72.749
29.6909 -66.9451
29.7909 -57.4517
29.8909 -45.139
29.9909 -31.4097
30.0909 -17.6164
30.1909 -4.61418
30.2909 7.24509
30.3909 18.0022
30.4909 27.8175
30.5909 36.6384
30.6909 44.3013
30.7909 50.3813
30.8909 54.3088
30.9909 55.5801
31.0909 54.1758
31.1909 50.5691
31.2909 45.5299
31.3909 39.671
31.4909 33.2068
31.5909 26.08
31.6909 18.23
31.7909 9.83768
31.8909 1.23898
31.9909 -6.98393
32.0909 -14.4042
32.1909 -20.6522
32.2909 -25.6738
32.3909 -29.6995
32.4909 -32.9738
32.5909 -35.6326
32.6909 -37.5315
32.7909 -38.4052
32.8909 -38.1248
32.9909 -36.7726
33.0909 -34.4301
33.1909 -31.4978
33.2909 -28.2738
33.3909 -24.8421
33.4909 -21.0142
33.5909 -16.4374
33.6909 -10.9348
33.7909 -4.63393
33.8909 2.10199
33.9909 8.82415
34.0909 15.1782
34.1909 20.8427
34.2909 25.7226
34.3909 29.8541
34.4909 33.1117
34.5909 35.3746
34.6909 36.5106
34.7909 36.3486
34.8909 34.6716
34.9909 31.7233
35.0909 28.0038
35.1909 23.8744
35.2909 19.5985
35.3909 15.2599
35.4909 10.7891
35.5909 6.13118
35.6909 1.44134
35.7909 -3.16756
35.8909 -7.48241
35.9909 -11.2127
36.0909 -14.2556
36.1909 -16.8476
36.2909 -19.1449
36.3909 -21.3578
36.4909 -23.6744
36.5909 -25.9706
36.6909 -28.0572
36.7909 -29.6532
36.8909 -30.4771
36.9909 -30.0619
37.0909 -28.1494
37.1909 -24.8258
37.2909 -20.3193
37.3909 -14.8323
37.4909 -8.74088
37.5909 -2.69892
37.6909 2.54689
37.7909 6.36826
37.8909 8.44017
37.9909 8.94457
38.0909 8.51537
38.1909 7.80197
38.2909 7.31515
38.3909 7.5118
38.4909 8.59341
38.5909 10.4532
38.6909 12.8285
38.7909 15.3536
38.8909 17.6576
38.9909 19.554
39.0909 21.0939
39.1909 22.3993
39.2909 23.4252
39.3909 23.9585
39.4909 23.833
39.5909 22.8813
39.6909 20.959
39.7909 17.9703
39.8909 14.095
39.9909 9.69707
40.0909 4.99751
40.1909 0.166888
40.2909 -4.66939
40.3909 -9.38226
40.4909 -13.8532
40.5909 -17.993
40.6909 -21.615
40.7909 -24.5125
40.8909 -26.5384
40.9909 -27.6208
41.0909 -27.7618
41.1909 -27.0323
41.2909 -25.547
41.3909 -23.4658
41.4909 -20.9316
41.5909 -18.1156
41.6909 -15.1553
41.7909 -12.3327
41.8909 -9.83985
41.9909 -7.80451
42.0909 -6.15876
42.1909 -4.60301
42.2909 -2.80133
42.3909 -0.516464
42.4909 2.25259
42.5909 5.41146
42.6909 8.83502
42.7909 12.3452
42.8909 15.5994
42.9909 18.3016
43.0909 20.221
43.1909 21.2605
43.2909 21.5353
43.3909 21.1721
43.4909 20.3633
43.5909 19.2243
43.6909 17.7942
43.7909 16.0753
43.8909 14.1658
43.9909 12.1571
44.0909 10.1123
44.1909 8.06246
44.2909 6.09558
44.3909 4.29462
44.4909 2.65156
44.5909 1.16328
44.6909 -0.299214
44.7909 -1.77327
44.8909 -3.06932
44.9909 -4.15439
45.0909 -5.10624
45.1909 -6.0539
45.2909 -7.11108
45.3909 -8.25519
45.4909 -9.4994
45.5909 -10.827
45.6909 -12.2752
45.7909 -13.7005
45.8909 -14.8759
45.9909 -15.6508
46.0909 -15.9273
46.1909 -15.717
46.2909 -15.0584
46.3909 -14.1855
46.4909 -13.1116
46.5909 -12.0284
46.6909 -11.0199
46.7909 -10.0019
46.8909 -8.85981
46.9909 -7.48649
47.0909 -5.72441
47.1909 -3.56569
47.2909 -1.21542
47.3909 1.21127
47.4909 3.59274
47.5909 5.75009
47.6909 7.57352
47.7909 9.12435
47.8909 10.5112
47.9909 11.7089
48.0909 12.703
48.1909 13.5961
48.2909 14.4075
48.3909 15.0932
48.4909 15.6272
48.5909 15.8482
48.6909 15.6964
48.7909 15.3184
48.8909 14.8214
48.9909 14.1812
49.0909 13.3687
49.1909 12.3015
49.2909 10.8358
49.3909 8.93668
49.4909 6.76595
49.5909 4.42598
49.6909 1.95943
49.7909 -0.541612
49.8909 -2.9539
49.9909 -5.08854
50.0909 -6.86131
50.1909 -8.37106
50.2909 -9.80519
50.3909 -11.1152
50.4909 -12.1256
50.5909 -12.7705
50.6909 -13.1493
50.7909 -13.331
50.8909 -13.4043
50.9909 -13.3683
51.0909 -13.1874
51.1909 -12.779
51.2909 -12.1663
51.3909 -11.4597
51.4909 -10.6963
51.5909 -9.75762
51.6909 -8.60077
51.7909 -7.1618
51.8909 -5.61845
51.9909 -4.12957
52.0909 -2.7254
52.1909 -1.37139
52.2909 -0.0359021
52.3909 1.32851
52.4909 2.73736
52.5909 4.13843
52.6909 5.31285
52.7909 6.19076
52.8909 6.84824
52.9909 7.41712
53.0909 8.00347
53.1909 8.51522
53.2909 8.92462
53.3909 9.37694
53.4909 9.79683
53.5909 10.1121
53.6909 10.2883
53.7909 10.3213
53.8909 10.2049
53.9909 10.0324
54.0909 9.88249
54.1909 9.70726
54.2909 9.30257
54.3909 8.55145
54.4909 7.58364
54.5909 6.49866
54.6909 5.39164
54.7909 4.32697
54.8909 3.25208
54.9909 2.14066
55.0909 1.01511
55.1909 -0.111901
55.2909 -1.37134
55.3909 -2.74214
55.4909 -4.08998
55.5909 -5.43566
55.6909 -6.66221
55.7909 -7.74978
55.8909 -8.73002
55.9909 -9.58254
56.0909 -10.3777
56.1909 -10.9748
56.2909 -11.2905
56.3909 -11.3097
56.4909 -11.0357
56.5909 -10.6019
56.6909 -9.96655
56.7909 -9.11072
56.8909 -8.17619
56.9909 -7.2237
57.0909 -6.18703
57.1909 -5.0686
57.2909 -4.04406
57.3909 -3.26687
57.4909 -2.65745
57.5909 -1.89672
57.6909 -0.896817
57.7909 0.318654
57.8909 1.62153
57.9909 2.82511
58.0909 3.85474
58.1909 4.55209
58.2909 4.83028
58.3909 4.84927
58.4909 4.82002
58.5909 4.95087
58.6909 5.53853
58.7909 6.78376
58.8909 8.66383
58.9909 11.1162
59.0909 13.7109
59.1909 15.6928
59.2909 16.5023
59.3909 15.6661
59.4909 13.0336
59.5909 8.77253
59.6909 3.50501
59.7909 -1.61653
59.8909 -5.48049
59.9909 -7.3301
60.0909 -6.9013
60.1909 -4.4857
60.2909 -0.691556
60.3909 3.38165
60.4909 6.77
60.5909 9.0255
60.6909 9.91077
60.7909 9.22557
60.8909 7.20133
60.9909 4.38575
61.0909 1.18696
61.1909 -2.24216
61.2909 -5.70756
61.3909 -8.95702
61.4909 -11.7559
61.5909 -13.9324
61.6909 -15.3475
61.7909 -15.8302
61.8909 -15.3981
61.9909 -14.294
62.0909 -12.7343
62.1909 -10.9851
62.2909 -9.31328
62.3909 -7.72482
62.4909 -6.35679
62.5909 -5.11885
62.6909 -3.91357
62.7909 -2.66509
62.8909 -1.46705
62.9909 -0.464786
63.0909 0.297295
63.1909 0.897568
63.2909 1.48739
63.3909 2.21525
63.4909 2.97586
63.5909 3.65679
63.6909 4.36262
63.7909 5.17692
63.8909 6.14344
63.9909 7.11762
64.0909 7.91515
64.1909 8.58766
64.2909 9.08573
64.3909 9.26651
64.4909 9.10697
64.5909 8.64131
64.6909 7.83443
64.7909 6.81346
64.8909 5.76244
64.9909 4.9458
65.0909 4.44881
65.1909 4.37921
65.2909 4.57281
65.3909 4.77018
65.4909 4.77236
65.5909 4.43507
65.6909 3.62427
65.7909 2.50437
65.8909 1.21038
65.9909 -0.108918
66.0909 -1.3023
66.1909 -2.21487
66.2909 -2.77223
66.3909 -3.19202
66.4909 -3.52332
66.5909 -3.78464
66.6909 -3.98356
66.7909 -4.1375
66.8909 -4.41515
66.9909 -4.80231
67.0909 -5.29385
67.1909 -5.76753
67.2909 -6.22941
67.3909 -6.51457
67.4909 -6.52503
67.5909 -6.3076
67.6909 -6.02467
67.7909 -5.71077
67.8909 -5.29356
67.9909 -4.79205
68.0909 -4.24161
68.1909 -3.68118
68.2909 -3.17862
68.3909 -2.78967
68.4909 -2.45171
68.5909 -2.01645
68.6909 -1.52868
68.7909 -1.01834
68.8909 -0.488716
68.9909 0.0919428
69.0909 0.732692
69.1909 1.48122
69.2909 2.26687
69.3909 3.02044
69.4909 3.77749
69.5909 4.58304
69.6909 5.43987
69.7909 6.218
69.8909 6.84156
69.9909 7.32598
70.0909 7.67573
70.1909 7.8252
70.2909 7.74085
70.3909 7.46921
70.4909 7.10791
70.5909 6.76957
70.6909 6.43365
70.7909 5.95823
70.8909 5.38811
70.9909 4.81442
71.0909 4.25285
71.1909 3.63959
71.2909 2.92262
71.3909 2.04237
71.4909 1.08882
71.5909 0.119504
71.6909 -0.82663
71.7909 -1.79566
71.8909 -2.73069
71.9909 -3.59508
72.0909 -4.34956
72.1909 -4.84466
72.2909 -5.11202
72.3909 -5.18772
72.4909 -5.18861
72.5909 -5.14916
72.6909 -5.19747
72.7909 -5.26993
72.8909 -5.27018
72.9909 -5.19226
73.0909 -5.09981
73.1909 -5.04064
73.2909 -4.96925
73.3909 -4.84136
73.4909 -4.58432
73.5909 -4.15569
73.6909 -3.73133
73.7909 -3.30986
73.8909 -2.75898
73.9909 -2.03825
74.0909 -1.16707
74.1909 -0.19112
74.2909 0.735826
74.3909 1.48585
74.4909 2.00544
74.5909 2.3573
74.6909 2.74938
74.7909 3.15489
74.8909 3.61936
74.9909 4.06743
75.0909 4.54391
75.1909 4.97058
75.2909 5.25399
75.3909 5.3594
75.4909 5.31664
75.5909 5.12479
75.6909 4.76113
75.7909 4.40917
75.8909 4.03776
75.9909 3.62834
76.0909 3.31612
76.1909 3.16996
76.2909 3.21987
76.3909 3.26797
76.4909 3.17313
76.5909 2.80241
76.6909 2.33617
76.7909 1.69541
76.8909 0.855627
76.9909 -0.135104
77.0909 -1.1182
77.1909 -1.82043
77.2909 -2.20428
77.3909 -2.31035
77.4909 -2.33954
77.5909 -2.39042
77.6909 -2.55268
77.7909 -2.66275
77.8909 -2.69648
77.9909 -2.60718
78.0909 -2.48704
78.1909 -2.35928
78.2909 -2.13577
78.3909 -1.85663
78.4909 -1.6866
78.5909 -1.60116
78.6909 -1.72012
78.7909 -1.87577
78.8909 -1.96396
78.9909 -2.03309
79.0909 -1.99104
79.1909 -1.89752
79.2909 -1.83334
79.3909 -1.65883
79.4909 -1.37221
79.5909 -1.0113
79.6909 -0.614484
79.7909 -0.208973
79.8909 0.208237
79.9909 0.514
80.0909 0.663221
80.1909 0.690859
80.2909 0.701419
80.3909 0.717928
80.4909 0.71969
80.5909 0.881786
80.6909 1.3177
80.7909 1.78743
80.8909 2.19722
80.9909 2.51909
81.0909 2.78852
81.1909 2.90502
81.2909 2.92196
81.3909 2.92091
81.4909 2.92775
81.5909 2.80824
81.6909 2.59187
81.7909 2.30143
81.8909 1.93508
81.9909 1.68591
82.0909 1.55862
82.1909 1.40853
82.2909 1.22817
82.3909 1.08219
82.4909 0.823888
82.5909 0.42931
82.6909 0.169271
82.7909 -0.0604304
82.8909 -0.239788
82.9909 -0.462699
83.0909 -0.698567
83.1909 -0.952844
83.2909 -1.05498
83.3909 -1.03748
83.4909 -1.04459
83.5909 -0.938483
83.6909 -0.857703
83.7909 -0.797829
83.8909 -0.906417
83.9909 -1.1793
84.0909 -1.44253
84.1909 -1.72101
84.2909 -1.83643
84.3909 -1.77814
84.4909 -1.51865
84.5909 -1.27574
84.6909 -1.01936
84.7909 -0.773381
84.8909 -0.507365
84.9909 -0.357526
85.0909 -0.194545
85.1909 -0.0298405
85.2909 0.166729
85.3909 0.239803
85.4909 0.260797
85.5909 0.242214
85.6909 0.26539
85.7909 0.309947
85.8909 0.341167
85.9909 0.436973
86.0909 0.481694
86.1909 0.479734
86.2909 0.338193
86.3909 0.358157
86.4909 0.429121
86.5909 0.556296
86.6909 0.641932
86.7909 0.812224
86.8909 1.1336
86.9909 1.45934
87.0909 1.71692
87.1909 1.88221
87.2909 1.92916
87.3909 1.84027
87.4909 1.55025
87.5909 1.1523
87.6909 0.72652
87.7909 0.328036
87.8909 0.0202141
87.9909 -0.116877
88.0909 -0.158275
88.1909 -0.209306
88.2909 -0.164653
88.3909 -0.15991
88.4909 -0.101658
88.5909 0.00621613
88.6909 0.135952
88.7909 0.225905
88.8909 0.181965
88.9909 0.130992
89.0909 0.0649709
89.1909 0.0447651
89.2909 0.0433957
89.3909 0.0563431
89.4909 -0.0505393
89.5909 -0.155386
89.6909 -0.308789
89.7909 -0.416725
89.8909 -0.527516
89.9909 -0.544053
90.0909 -0.46229
90.1909 -0.332851
90.2909 -0.230815
90.3909 -0.172779
90.4909 -0.234444
90.5909 -0.237555
90.6909 -0.27737
90.7909 -0.333566
90.8909 -0.309386
90.9909 -0.303612
91.0909 -0.295374
91.1909 -0.307757
91.2909 -0.339405
91.3909 -0.368271
91.4909 -0.278263
91.5909 -0.161796
91.6909 -0.0160044
91.7909 0.0517033
91.8909 0.162414
91.9909 0.420045
92.0909 0.620416
92.1909 0.777761
92.2909 0.90328
92.3909 0.96441
92.4909 0.82485
92.5909 0.64595
92.6909 0.4676
92.7909 0.287246
92.8909 0.0567614
92.9909 -0.225709
93.0909 -0.481257
93.1909 -0.55445
93.2909 -0.55231
93.3909 -0.332185
93.4909 -0.157844
93.5909 0.0248424
93.6909 0.27842
93.7909 0.43613
93.8909 0.52436
93.9909 0.565916
94.0909 0.618587
94.1909 0.608602
94.2909 0.517878
94.3909 0.479703
94.4909 0.371371
