-7.29954 0.419762
-7.19954 0.288992
-7.09954 0.213509
-6.99954 0.179694
-6.89954 0.134442
-6.79954 0.0642417
-6.69954 -0.0116165
-6.59954 -0.0800612
-6.49954 -0.135081
-6.39954 -0.151301
-6.29954 -0.168029
-6.19954 -0.206926
-6.09954 -0.173946
-5.99954 -0.151202
-5.89954 -0.083345
-5.79954 -0.0683409
-5.69954 -0.0321482
-5.59954 0.0302243
-5.49954 0.0547047
-5.39954 0.117628
-5.29954 0.219968
-5.19954 0.307286
-5.09954 0.430608
-4.99954 0.561442
-4.89954 0.625207
-4.79954 0.601876
-4.69954 0.657475
-4.59954 0.578249
-4.49954 0.440851
-4.39954 0.258956
-4.29954 0.0339574
-4.19954 -0.182634
-4.09954 -0.345967
-3.99954 -0.441536
-3.89954 -0.452551
-3.79954 -0.445743
-3.69954 -0.377031
-3.59954 -0.227896
-3.49954 0.0312079
-3.39954 0.340973
-3.29954 0.592779
-3.19954 0.754636
-3.09954 0.77081
-2.99954 0.807346
-2.89954 0.807497
-2.79954 0.813635
-2.69954 0.686127
-2.59954 0.579531
-2.49954 0.42293
-2.39954 0.375988
-2.29954 0.350732
-2.19954 0.340274
-2.09954 0.341822
-1.99954 0.252561
-1.89954 0.229893
-1.79954 0.10359
-1.69954 -0.0827011
-1.59954 -0.306986
-1.49954 -0.43619
-1.39954 -0.479257
-1.29954 -0.4255
-1.19954 -0.281723
-1.09954 -0.161034
-0.999539 -0.0675912
-0.899539 -0.0272829
-0.799539 0.0455692
-0.699539 0.112495
-0.599539 0.311939
-0.499539 0.541713
-0.399539 0.788659
-0.299539 0.891407
-0.199539 0.921559
-0.099539 0.848595
0.000461 0.723399
0.100461 0.468242
0.200461 0.229436
0.300461 -0.0514359
0.400461 -0.283285
0.500461 -0.484166
0.600461 -0.542166
0.700461 -0.465043
0.800461 -0.386548
0.900461 -0.417859
1.00046 -0.478036
1.10046 -0.503838
1.20046 -0.45127
1.30046 -0.252568
1.40046 -0.0102284
1.50046 0.296402
1.60046 0.641698
1.70046 0.787229
1.80046 0.844496
1.90046 0.934846
2.00046 0.913425
2.10046 0.966884
2.20046 0.986349
2.30046 1.00539
2.40046 0.981889
2.50046 0.937794
2.60046 0.846622
2.70046 0.6524
2.80046 0.471838
2.90046 0.408734
3.00046 0.403478
3.10046 0.386431
3.20046 0.373362
3.30046 0.306212
3.40046 0.166512
3.50046 0.0269258
3.60046 -0.146284
3.70046 -0.395391
3.80046 -0.578621
3.90046 -0.654161
4.00046 -0.731081
4.10046 -0.756988
4.20046 -0.624626
4.30046 -0.456904
4.40046 -0.237713
4.50046 -0.0263318
4.60046 0.148067
4.70046 0.302853
4.80046 0.494973
4.90046 0.739999
5.00046 1.00414
5.10046 1.17896
5.20046 1.16109
5.30046 1.24711
5.40046 1.16953
5.50046 1.02992
5.60046 0.626543
5.70046 0.145987
5.80046 -0.308061
5.90046 -0.661598
6.00046 -0.812075
6.10046 -0.828848
6.20046 -0.812242
6.30046 -0.605682
6.40046 -0.335395
6.50046 -0.100998
6.60046 0.298992
6.70046 0.644892
6.80046 0.780828
6.90046 0.736692
7.00046 0.717564
7.10046 0.761622
7.20046 0.803303
7.30046 0.937109
7.40046 1.12047
7.50046 1.19218
7.60046 1.32195
7.70046 1.52581
7.80046 1.63863
7.90046 1.55384
8.00046 1.30621
8.10046 0.916626
8.20046 0.487293
8.30046 -0.0148919
8.40046 -0.440854
8.50046 -0.688432
8.60046 -0.858632
8.70046 -1.03884
8.80046 -1.24512
8.90046 -1.26084
9.00046 -1.21309
9.10046 -1.10273
9.20046 -0.966116
9.30046 -0.83105
9.40046 -0.661017
9.50046 -0.426294
9.60046 -0.185996
9.70046 0.0824448
9.80046 0.388784
9.90046 0.641817
10.0005 0.790061
10.1005 1.00485
10.2005 1.16338
10.3005 1.35544
10.4005 1.47302
10.5005 1.50478
10.6005 1.51909
10.7005 1.50284
10.8005 1.52753
10.9005 1.61719
11.0005 1.66737
11.1005 1.60684
11.2005 1.3773
11.3005 0.977192
11.4005 0.506587
11.5005 0.0578741
11.6005 -0.346519
11.7005 -0.738232
11.8005 -1.08775
11.9005 -1.20403
12.0005 -1.18158
12.1005 -1.1207
12.2005 -0.931938
12.3005 -0.667092
12.4005 -0.474319
12.5005 -0.258149
12.6005 0.0813122
12.7005 0.580106
12.8005 1.05859
12.9005 1.31411
13.0005 1.2763
13.1005 0.989452
13.2005 0.696144
13.3005 0.59551
13.4005 0.36001
13.5005 0.203585
13.6005 0.126539
13.7005 0.149911
13.8005 0.353591
13.9005 0.721842
14.0005 1.06112
14.1005 1.20267
14.2005 1.27956
14.3005 1.35792
14.4005 1.29761
14.5005 1.06198
14.6005 0.721264
14.7005 0.398184
14.8005 0.139544
14.9005 -0.13017
15.0005 -0.460877
15.1005 -0.7403
15.2005 -0.765525
15.3005 -0.503714
15.4005 -0.165742
15.5005 0.144099
15.6005 0.42028
15.7005 0.604663
15.8005 0.8143
15.9005 1.04
16.0005 1.08182
16.1005 0.919879
16.2005 0.680928
16.3005 0.547554
16.4005 0.545098
16.5005 0.546032
16.6005 0.380022
16.7005 0.125021
16.8005 -0.0862133
16.9005 -0.214388
17.0005 -0.256777
17.1005 -0.233053
17.2005 -0.271861
17.3005 -0.337582
17.4005 -0.301278
17.5005 -0.205346
17.6005 -0.0813931
17.7005 0.0853251
17.8005 0.26567
17.9005 0.391341
18.0005 0.520791
18.1005 0.609318
18.2005 0.640998
18.3005 0.615914
18.4005 0.590961
18.5005 0.608074
18.6005 0.715275
18.7005 0.854566
18.8005 0.982494
18.9005 1.1222
19.0005 1.15329
19.1005 1.16011
19.2005 1.17804
19.3005 1.13109
19.4005 0.984595
19.5005 0.767968
19.6005 0.572844
19.7005 0.396047
19.8005 0.273386
19.9005 0.183689
20.0005 0.103063
20.1005 0.0134953
20.2005 -0.0554805
20.3005 -0.045974
20.4005 0.0664492
20.5005 0.276034
20.6005 0.393444
20.7005 0.464695
20.8005 0.487024
20.9005 0.4953
21.0005 0.426573
21.1005 0.309697
21.2005 0.177962
21.3005 0.00433567
21.4005 -0.167982
21.5005 -0.324398
21.6005 -0.495772
21.7005 -0.736701
21.8005 -0.95839
21.9005 -0.999391
22.0005 -0.830771
22.1005 -0.56218
22.2005 -0.268442
22.3005 0.0567207
22.4005 0.447732
22.5005 0.779046
22.6005 1.01897
22.7005 1.15925
22.8005 1.24672
22.9005 1.3619
23.0005 1.44477
23.1005 1.43451
23.2005 1.32781
23.3005 1.23343
23.4005 1.17639
23.5005 1.20354
23.6005 1.23291
23.7005 1.22426
23.8005 1.16666
23.9005 1.13213
24.0005 1.20092
24.1005 1.3172
24.2005 1.41679
24.3005 1.34644
24.4005 1.07645
24.5005 0.649663
24.6005 0.237443
24.7005 -0.0395896
24.8005 -0.213248
24.9005 -0.416246
25.0005 -0.593021
25.1005 -0.787298
25.2005 -1.03129
25.3005 -1.24715
25.4005 -1.38573
25.5005 -1.40506
25.6005 -1.39228
25.7005 -1.24981
25.8005 -0.892562
25.9005 -0.340011
26.0005 0.306874
26.1005 0.863197
26.2005 1.27568
26.3005 1.55232
26.4005 1.71756
26.5005 1.78763
26.6005 1.77594
26.7005 1.63067
26.8005 1.3421
26.9005 0.84703
27.0005 0.369451
27.1005 0.0732493
27.2005 -0.220577
27.3005 -0.609842
27.4005 -0.963099
27.5005 -1.14567
27.6005 -1.11592
27.7005 -0.83448
27.8005 -0.417892
27.9005 -0.037127
28.0005 0.28646
28.1005 0.589581
28.2005 0.864871
28.3005 1.11162
28.4005 1.32871
28.5005 1.48894
28.6005 1.65269
28.7005 1.90626
28.8005 2.20894
28.9005 2.50269
29.0005 2.73383
29.1005 2.84497
29.2005 2.74636
29.3005 2.51002
29.4005 2.18312
29.5005 1.76692
29.6005 1.15344
29.7005 0.313861
29.8005 -0.608948
29.9005 -1.51541
30.0005 -2.18751
30.1005 -2.47719
30.2005 -2.55
30.3005 -2.58663
30.4005 -2.68793
30.5005 -2.74628
30.6005 -2.62274
30.7005 -2.28954
30.8005 -1.85011
30.9005 -1.32137
31.0005 -0.675512
31.1005 0.096967
31.2005 0.94772
31.3005 1.76364
31.4005 2.3417
31.5005 2.63077
31.6005 2.74051
31.7005 2.67795
31.8005 2.54592
31.9005 2.22597
32.0005 1.74956
32.1005 1.28225
32.2005 0.90289
32.3005 0.669511
32.4005 0.580961
32.5005 0.601763
32.6005 0.637089
32.7005 0.606686
32.8005 0.405362
32.9005 -0.152834
33.0005 -1.18053
33.1005 -2.76104
33.2005 -4.79342
33.3005 -6.72585
33.4005 -7.8316
33.5005 -7.38597
33.6005 -4.81768
33.7005 -0.100199
33.8005 6.87775
33.9005 16.1414
34.0005 26.3944
34.1005 34.7373
34.2005 38.1593
34.3005 34.3669
34.4005 20.4096
34.5005 -6.27782
34.6005 -43.4037
34.7005 -82.0101
34.8005 -109.612
34.9005 -118.441
35.0005 -108.064
35.1005 -82.6691
35.2005 -45.2032
35.3005 0.925771
35.4005 50.6134
35.5005 97.1522
35.6005 133.431
35.7005 153.682
35.8005 154.481
35.9005 128.208
36.0005 74.8817
36.1005 8.76518
36.2005 -51.9434
36.3005 -94.5939
36.4005 -117.735
36.5005 -125.067
36.6005 -120.35
36.7005 -107.719
36.8005 -91.3949
36.9005 -73.7284
37.0005 -55.2851
37.1005 -35.9436
37.2005 -15.5497
37.3005 6.09943
37.4005 29.0112
37.5005 52.366
37.6005 74.1043
37.7005 91.3056
37.8005 101.175
37.9005 102.112
38.0005 94.7912
38.1005 81.9993
38.2005 66.3876
38.3005 48.9437
38.4005 29.9255
38.5005 9.06574
38.6005 -13.4806
38.7005 -36.1454
38.8005 -55.9137
38.9005 -70.0038
39.0005 -77.5085
39.1005 -78.9709
39.2005 -76.0106
39.3005 -70.6589
39.4005 -64.2089
39.5005 -56.7761
39.6005 -47.9231
39.7005 -37.2321
39.8005 -24.5913
39.9005 -10.5192
40.0005 3.65784
40.1005 16.4499
40.2005 27.0628
40.3005 35.378
40.4005 41.6918
40.5005 46.4923
40.6005 50.2012
40.7005 52.9085
40.8005 54.2285
40.9005 53.4288
41.0005 49.8641
41.1005 43.5215
41.2005 35.3093
41.3005 26.4587
41.4005 17.809
41.5005 9.55239
41.6005 1.35021
41.7005 -7.13365
41.8005 -16.1599
41.9005 -25.3558
42.0005 -33.5827
42.1005 -39.7019
42.2005 -43.2888
42.3005 -44.3939
42.4005 -43.6542
42.5005 -41.8384
42.6005 -39.5618
42.7005 -36.8781
42.8005 -33.4705
42.9005 -29.1522
43.0005 -23.8701
43.1005 -17.6993
43.2005 -11.1584
43.3005 -4.81586
43.4005 0.973349
43.5005 6.14649
43.6005 10.7835
43.7005 15.1139
43.8005 19.3694
43.9005 23.494
44.0005 27.282
44.1005 30.4009
44.2005 32.5731
44.3005 33.8356
44.4005 34.2367
44.5005 33.8479
44.6005 32.667
44.7005 30.6875
44.8005 27.7863
44.9005 23.7783
45.0005 18.6563
45.1005 12.787
45.2005 6.68801
45.3005 0.821003
45.4005 -4.51626
45.5005 -9.47001
45.6005 -14.2587
45.7005 -18.9476
45.8005 -23.2213
45.9005 -26.775
46.0005 -29.3545
46.1005 -30.7376
46.2005 -31.0275
46.3005 -30.5805
46.4005 -29.7068
46.5005 -28.7559
46.6005 -27.9845
46.7005 -27.2057
46.8005 -25.9405
46.9005 -23.7515
47.0005 -20.2801
47.1005 -15.3715
47.2005 -9.37447
47.3005 -2.88191
47.4005 3.66567
47.5005 9.96447
47.6005 15.515
47.7005 19.8405
47.8005 22.6837
47.9005 23.9609
48.0005 23.8517
48.1005 22.6709
48.2005 20.9629
48.3005 19.2868
48.4005 18.0004
48.5005 17.4581
48.6005 17.5864
48.7005 18.0784
48.8005 18.4986
48.9005 18.3803
49.0005 17.563
49.1005 16.2701
49.2005 14.7661
49.3005 13.2506
49.4005 11.6889
49.5005 9.83895
49.6005 7.32194
49.7005 3.99118
49.8005 -0.0638077
49.9005 -4.73014
50.0005 -9.74747
50.1005 -14.7993
50.2005 -19.5642
50.3005 -23.7358
50.4005 -27.1997
50.5005 -29.8779
50.6005 -31.7023
50.7005 -32.6087
50.8005 -32.4823
50.9005 -31.2698
51.0005 -29.0159
51.1005 -25.9346
51.2005 -22.3033
51.3005 -18.307
51.4005 -14.1686
51.5005 -10.0504
51.6005 -6.04994
51.7005 -2.15645
51.8005 1.57981
51.9005 5.05263
52.0005 8.12265
52.1005 10.7672
52.2005 13.0442
52.3005 15.0592
52.4005 16.8786
52.5005 18.5981
52.6005 20.3723
52.7005 22.161
52.8005 23.7468
52.9005 24.8465
53.0005 25.2007
53.1005 24.7575
53.2005 23.49
53.3005 21.4223
53.4005 18.7524
53.5005 15.6889
53.6005 12.3454
53.7005 9.01456
53.8005 5.92311
53.9005 3.1995
54.0005 0.701714
54.1005 -1.72972
54.2005 -4.1278
54.3005 -6.4059
54.4005 -8.47232
54.5005 -10.3855
54.6005 -12.1966
54.7005 -13.7063
54.8005 -14.6661
54.9005 -15.0315
55.0005 -14.8812
55.1005 -14.35
55.2005 -13.7379
55.3005 -13.2525
55.4005 -13.0326
55.5005 -13.0997
55.6005 -13.3715
55.7005 -13.6579
55.8005 -13.8645
55.9005 -13.8135
56.0005 -13.264
56.1005 -12.1552
56.2005 -10.5868
56.3005 -8.70421
56.4005 -6.6449
56.5005 -4.55729
56.6005 -2.47863
56.7005 -0.519526
56.8005 1.26646
56.9005 2.98105
57.0005 4.65783
57.1005 6.43106
57.2005 8.41713
57.3005 10.6665
57.4005 12.9565
57.5005 14.9281
57.6005 16.3561
57.7005 17.1898
57.8005 17.4964
57.9005 17.3018
58.0005 16.7166
58.1005 15.964
58.2005 15.1388
58.3005 14.285
58.4005 13.4239
58.5005 12.5427
58.6005 11.4656
58.7005 10.075
58.8005 8.42613
58.9005 6.63232
59.0005 4.78998
59.1005 3.0162
59.2005 1.22776
59.3005 -0.605928
59.4005 -2.55933
59.5005 -4.7196
59.6005 -6.96117
59.7005 -9.12804
59.8005 -11.1
59.9005 -12.8825
60.0005 -14.3811
60.1005 -15.5417
60.2005 -16.4137
60.3005 -16.9741
60.4005 -17.2082
60.5005 -17.0056
60.6005 -16.3321
60.7005 -15.3016
60.8005 -14.0137
60.9005 -12.6118
61.0005 -11.0835
61.1005 -9.49099
61.2005 -7.85523
61.3005 -6.1961
61.4005 -4.5492
61.5005 -2.81617
61.6005 -1.00254
61.7005 0.78165
61.8005 2.51915
61.9005 4.21365
62.0005 5.83648
62.1005 7.17777
62.2005 8.25191
62.3005 9.21175
62.4005 10.1256
62.5005 10.9578
62.6005 11.6788
62.7005 12.1909
62.8005 12.5407
62.9005 12.6996
63.0005 12.6241
63.1005 12.3132
63.2005 11.7877
63.3005 11.0416
63.4005 10.0882
63.5005 9.04258
63.6005 7.95404
63.7005 6.82775
63.8005 5.73053
63.9005 4.75601
64.0005 3.94215
64.1005 3.16256
64.2005 2.31743
64.3005 1.40253
64.4005 0.351215
64.5005 -0.763892
64.6005 -1.7976
64.7005 -2.73409
64.8005 -3.55456
64.9005 -4.28872
65.0005 -5.04678
65.1005 -5.89937
65.2005 -6.82991
65.3005 -7.72226
65.4005 -8.57781
65.5005 -9.4183
65.6005 -10.1794
65.7005 -10.8025
65.8005 -11.2692
65.9005 -11.6076
66.0005 -11.7111
66.1005 -11.4735
66.2005 -10.8526
66.3005 -9.82957
66.4005 -8.51417
66.5005 -7.04788
66.6005 -5.51695
66.7005 -4.00747
66.8005 -2.60707
66.9005 -1.34649
67.0005 -0.221792
67.1005 0.823578
67.2005 1.91234
67.3005 3.03978
67.4005 4.19646
67.5005 5.39812
67.6005 6.56333
67.7005 7.62037
67.8005 8.51045
67.9005 9.17439
68.0005 9.60877
68.1005 9.78934
68.2005 9.6498
68.3005 9.1514
68.4005 8.43449
68.5005 7.7756
68.6005 7.37413
68.7005 7.43486
68.8005 8.06704
68.9005 9.27827
69.0005 10.7366
69.1005 11.9615
69.2005 12.46
69.3005 11.7233
69.4005 9.29952
69.5005 5.23414
69.6005 0.0635003
69.7005 -5.34832
69.8005 -9.89076
69.9005 -12.6948
70.0005 -13.3027
70.1005 -11.7363
70.2005 -8.4196
70.3005 -4.07061
70.4005 0.205782
70.5005 3.37551
70.6005 4.82559
70.7005 4.41032
70.8005 2.42146
70.9005 -0.615462
71.0005 -4.09714
71.1005 -7.42302
71.2005 -10.1728
71.3005 -12.2545
71.4005 -13.704
71.5005 -14.4752
71.6005 -14.6321
71.7005 -14.1919
71.8005 -13.2312
71.9005 -11.7416
72.0005 -9.6701
72.1005 -7.27927
72.2005 -4.77149
72.3005 -2.38315
72.4005 -0.267232
72.5005 1.64924
72.6005 3.44898
72.7005 5.10668
72.8005 6.68723
72.9005 8.12479
73.0005 9.22324
73.1005 9.9527
73.2005 10.294
73.3005 10.3316
73.4005 10.1479
73.5005 9.82197
73.6005 9.42374
73.7005 9.10256
73.8005 8.86559
73.9005 8.59978
74.0005 8.29668
74.1005 7.88247
74.2005 7.31647
74.3005 6.60202
74.4005 5.70177
74.5005 4.66228
74.6005 3.48294
74.7005 2.19535
74.8005 0.910089
74.9005 -0.202228
75.0005 -0.970094
75.1005 -1.35992
75.2005 -1.43418
75.3005 -1.33675
75.4005 -1.24503
75.5005 -1.38482
75.6005 -1.91414
75.7005 -2.82225
75.8005 -3.92722
75.9005 -5.03237
76.0005 -5.91678
76.1005 -6.37907
76.2005 -6.41716
76.3005 -6.19882
76.4005 -5.86927
76.5005 -5.57653
76.6005 -5.41837
76.7005 -5.452
76.8005 -5.5963
76.9005 -5.73687
77.0005 -5.73286
77.1005 -5.46534
77.2005 -4.9279
77.3005 -4.14669
77.4005 -3.29568
77.5005 -2.38042
77.6005 -1.44984
77.7005 -0.58787
77.8005 0.135831
77.9005 0.735439
78.0005 1.23871
78.1005 1.58344
78.2005 1.93226
78.3005 2.367
78.4005 2.84663
78.5005 3.32945
78.6005 3.76241
78.7005 4.09344
78.8005 4.50887
78.9005 5.07509
79.0005 5.77828
79.1005 6.43
79.2005 6.79913
79.3005 6.89377
79.4005 6.87976
79.5005 6.82589
79.6005 6.64438
79.7005 6.36343
79.8005 5.98504
79.9005 5.52851
80.0005 5.04269
80.1005 4.53479
80.2005 3.96817
80.3005 3.3763
80.4005 2.76257
80.5005 2.11989
80.6005 1.41963
80.7005 0.70373
80.8005 0.0915624
80.9005 -0.523723
81.0005 -1.22239
81.1005 -1.96339
81.2005 -2.78673
81.3005 -3.64471
81.4005 -4.49731
81.5005 -5.16299
81.6005 -5.6286
81.7005 -6.03357
81.8005 -6.35199
81.9005 -6.64226
82.0005 -6.75866
82.1005 -6.57009
82.2005 -6.18546
82.3005 -5.71207
82.4005 -5.15778
82.5005 -4.58922
82.6005 -3.96333
82.7005 -3.19928
82.8005 -2.43731
82.9005 -1.76602
83.0005 -1.27453
83.1005 -0.895514
83.2005 -0.527344
83.3005 -0.0920907
83.4005 0.401675
83.5005 0.893223
83.6005 1.45942
83.7005 2.08843
83.8005 2.73569
83.9005 3.31872
84.0005 3.80531
84.1005 4.31695
84.2005 4.86902
84.3005 5.27236
84.4005 5.48616
84.5005 5.45962
84.6005 5.36048
84.7005 5.34726
84.8005 5.4039
84.9005 5.44368
85.0005 5.42957
85.1005 5.32144
85.2005 5.15532
85.3005 4.90592
85.4005 4.57757
85.5005 4.08066
85.6005 3.32132
85.7005 2.41579
85.8005 1.44638
85.9005 0.601682
86.0005 0.0101168
86.1005 -0.359834
86.2005 -0.465863
86.3005 -0.709961
86.4005 -1.05481
86.5005 -1.44759
86.6005 -1.92309
86.7005 -2.50929
86.8005 -3.2839
86.9005 -4.11173
87.0005 -4.96596
87.1005 -5.57673
87.2005 -5.80829
87.3005 -5.6087
87.4005 -5.16452
87.5005 -4.53744
87.6005 -3.71824
87.7005 -2.75692
87.8005 -1.90768
87.9005 -1.10959
88.0005 -0.445161
88.1005 -0.0667316
88.2005 0.212084
88.3005 0.477214
88.4005 0.65369
88.5005 0.719735
88.6005 0.680543
88.7005 0.585721
88.8005 0.392702
88.9005 0.233842
89.0005 0.280483
89.1005 0.418392
89.2005 0.595475
89.3005 0.822949
89.4005 1.00124
89.5005 1.08304
89.6005 1.23896
89.7005 1.4928
89.8005 1.84853
89.9005 2.32066
90.0005 2.7199
90.1005 3.01132
90.2005 3.12297
90.3005 3.23977
90.4005 3.30451
90.5005 3.26211
90.6005 3.06503
90.7005 2.80184
90.8005 2.43463
90.9005 2.13489
91.0005 1.80823
91.1005 1.59486
91.2005 1.42408
91.3005 1.19068
91.4005 1.00104
91.5005 0.678225
91.6005 0.400628
91.7005 0.191788
91.8005 0.0468051
91.9005 -0.0676253
92.0005 -0.235156
92.1005 -0.421035
92.2005 -0.717302
92.3005 -1.04747
92.4005 -1.40777
92.5005 -1.59411
92.6005 -1.64171
92.7005 -1.6807
92.8005 -1.74163
92.9005 -1.84274
93.0005 -1.85343
93.1005 -1.79462
93.2005 -1.7759
93.3005 -1.70844
93.4005 -1.62062
93.5005 -1.56264
93.6005 -1.43648
93.7005 -1.19824
93.8005 -0.857786
93.9005 -0.488565
94.0005 -0.0421994
94.1005 0.364127
94.2005 0.713994
94.3005 0.982873
94.4005 1.12278
94.5005 1.10083
94.6005 1.03853
94.7005 1.05228
94.8005 1.14408
94.9005 1.22713
95.0005 1.25289
