-6.20153 -0.0234875
-6.10153 -0.00254499
-6.00153 0.039845
-5.90153 0.0819658
-5.80153 0.1557
-5.70153 0.205271
-5.60153 0.173876
-5.50153 0.157871
-5.40153 0.110007
-5.30153 0.0674782
-5.20153 -0.047843
-5.10153 -0.121794
-5.00153 -0.122536
-4.90153 -0.204702
-4.80153 -0.20364
-4.70153 -0.226898
-4.60153 -0.21008
-4.50153 -0.278481
-4.40153 -0.281786
-4.30153 -0.23887
-4.20153 -0.188756
-4.10153 -0.0821787
-4.00153 -0.0406762
-3.90153 0.0763301
-3.80153 0.270562
-3.70153 0.423836
-3.60153 0.567445
-3.50153 0.607645
-3.40153 0.521982
-3.30153 0.448616
-3.20153 0.387509
-3.10153 0.21881
-3.00153 0.151978
-2.90153 0.0424571
-2.80153 0.0130422
-2.70153 -0.0504834
-2.60153 -0.0114661
-2.50153 0.000130689
-2.40153 0.0343855
-2.30153 0.10839
-2.20153 0.172073
-2.10153 0.228146
-2.00153 0.166098
-1.90153 0.114454
-1.80153 0.0589278
-1.70153 0.0615273
-1.60153 0.0177592
-1.50153 -0.110741
-1.40153 -0.215448
-1.30153 -0.295412
-1.20153 -0.382976
-1.10153 -0.351832
-1.00153 -0.31816
-0.901532 -0.230703
-0.801532 -0.0824572
-0.701532 -0.0226743
-0.601532 0.0978281
-0.501532 0.302059
-0.401532 0.552234
-0.301532 0.651179
-0.201532 0.694118
-0.101532 0.68422
-0.0015322 0.603904
0.0984678 0.525266
0.198468 0.380053
0.298468 0.123754
0.398468 -0.0994325
0.498468 -0.300728
0.598468 -0.468823
0.698468 -0.691941
0.798468 -0.758558
0.898468 -0.677587
0.998468 -0.598869
1.09847 -0.375438
1.19847 -0.103391
1.29847 0.158685
1.39847 0.355465
1.49847 0.51087
1.59847 0.619895
1.69847 0.688438
1.79847 0.671323
1.89847 0.597295
1.99847 0.446133
2.09847 0.202127
2.19847 0.0439778
2.29847 -0.0810562
2.39847 -0.164135
2.49847 -0.212955
2.59847 -0.161155
2.69847 -0.0853339
2.79847 0.00432363
2.89847 0.131443
2.99847 0.290096
3.09847 0.431686
3.19847 0.534122
3.29847 0.652696
3.39847 0.689566
3.49847 0.700841
3.59847 0.601419
3.69847 0.43826
3.79847 0.116291
3.89847 -0.0271527
3.99847 -0.129112
4.09847 -0.267955
4.19847 -0.376026
4.29847 -0.353444
4.39847 -0.247422
4.49847 -0.165406
4.59847 -0.0828212
4.69847 0.0202177
4.79847 0.209664
4.89847 0.373133
4.99847 0.432314
5.09847 0.52879
5.19847 0.48481
5.29847 0.496448
5.39847 0.351059
5.49847 0.222602
5.59847 0.0445325
5.69847 -0.185589
5.79847 -0.399423
5.89847 -0.588964
5.99847 -0.750107
6.09847 -0.855222
6.19847 -0.788986
6.29847 -0.684539
6.39847 -0.549589
6.49847 -0.44396
6.59847 -0.205972
6.69847 -0.0798941
6.79847 0.334564
6.89847 0.807698
6.99847 1.20076
7.09847 1.5186
7.19847 1.85952
7.29847 1.99124
7.39847 1.9845
7.49847 1.71431
7.59847 1.29346
7.69847 0.799075
7.79847 0.35261
7.89847 -0.0870256
7.99847 -0.388909
8.09847 -0.46309
8.19847 -0.562646
8.29847 -0.621808
8.39847 -0.516394
8.49847 -0.3262
8.59847 -0.216277
8.69847 -0.106681
8.79847 0.0446576
8.89847 0.263205
8.99847 0.37932
9.09847 0.469613
9.19847 0.46338
9.29847 0.311656
9.39847 0.128388
9.49847 -0.056016
9.59847 -0.286562
9.69847 -0.430325
9.79847 -0.651291
9.89847 -0.863703
9.99847 -0.950552
10.0985 -0.990746
10.1985 -0.942602
10.2985 -0.722087
10.3985 -0.351989
10.4985 -0.006392
10.5985 0.383452
10.6985 0.72377
10.7985 1.03001
10.8985 1.22819
10.9985 1.26266
11.0985 1.2153
11.1985 1.10212
11.2985 0.852146
11.3985 0.542313
11.4985 0.236776
11.5985 0.0125695
11.6985 -0.14459
11.7985 -0.174685
11.8985 -0.208346
11.9985 -0.269529
12.0985 -0.247989
12.1985 -0.0388508
12.2985 0.0753692
12.3985 0.17106
12.4985 0.251001
12.5985 0.357592
12.6985 0.500063
12.7985 0.686287
12.8985 0.858432
12.9985 0.960249
13.0985 1.01494
13.1985 1.14413
13.2985 1.00561
13.3985 0.79522
13.4985 0.453419
13.5985 0.192713
13.6985 -0.026896
13.7985 -0.0815548
13.8985 0.000663687
13.9985 -0.0213984
14.0985 -0.132044
14.1985 -0.154224
14.2985 -0.118705
14.3985 -0.0696277
14.4985 -0.166478
14.5985 -0.295261
14.6985 -0.414558
14.7985 -0.631443
14.8985 -0.778206
14.9985 -0.755876
15.0985 -0.642929
15.1985 -0.496306
15.2985 -0.345875
15.3985 -0.113852
15.4985 0.202044
15.5985 0.38346
15.6985 0.563516
15.7985 0.587046
15.8985 0.396606
15.9985 0.158191
16.0985 -0.0472319
16.1985 -0.0214562
16.2985 0.152249
16.3985 0.541382
16.4985 1.08255
16.5985 1.748
16.6985 2.31484
16.7985 2.64319
16.8985 2.69032
16.9985 2.36744
17.0985 1.83197
17.1985 1.05224
17.2985 0.2631
17.3985 -0.411883
17.4985 -0.866925
17.5985 -1.12413
17.6985 -1.07282
17.7985 -0.886294
17.8985 -0.635121
17.9985 -0.498637
18.0985 -0.394075
18.1985 -0.299957
18.2985 -0.131077
18.3985 -0.038163
18.4985 -0.0405171
18.5985 -0.150712
18.6985 -0.357406
18.7985 -0.522888
18.8985 -0.608686
18.9985 -0.605235
19.0985 -0.546955
19.1985 -0.356141
19.2985 -0.0122529
19.3985 0.38586
19.4985 0.764848
19.5985 1.20004
19.6985 1.57829
19.7985 1.78857
19.8985 1.88887
19.9985 1.87481
20.0985 1.72041
20.1985 1.49505
20.2985 1.14752
20.3985 0.774613
20.4985 0.28128
20.5985 -0.383337
20.6985 -1.12453
20.7985 -1.54944
20.8985 -1.89328
20.9985 -2.04668
21.0985 -2.01723
21.1985 -1.69267
21.2985 -0.998297
21.3985 0.0264628
21.4985 1.1742
21.5985 2.30455
21.6985 3.07779
21.7985 3.65254
21.8985 3.8638
21.9985 3.72339
22.0985 3.10765
22.1985 2.1552
22.2985 1.0866
22.3985 0.0743214
22.4985 -0.835171
22.5985 -1.38565
22.6985 -1.61546
22.7985 -1.58281
22.8985 -1.28488
22.9985 -1.0214
23.0985 -0.686805
23.1985 -0.537987
23.2985 -0.415008
23.3985 -0.500832
23.4985 -0.753724
23.5985 -0.854521
23.6985 -0.832557
23.7985 -0.676167
23.8985 -0.46907
23.9985 -0.248748
24.0985 -0.0652896
24.1985 0.204654
24.2985 0.532709
24.3985 0.804712
24.4985 0.936305
24.5985 0.955733
24.6985 0.899759
24.7985 0.862083
24.8985 0.874893
24.9985 0.90357
25.0985 0.875698
25.1985 0.843401
25.2985 0.808287
25.3985 0.722913
25.4985 0.751973
25.5985 0.860881
25.6985 0.872273
25.7985 0.878584
25.8985 0.976641
25.9985 1.09643
26.0985 1.12852
26.1985 1.07481
26.2985 0.864131
26.3985 0.538896
26.4985 0.21306
26.5985 -0.0597856
26.6985 -0.266081
26.7985 -0.345306
26.8985 -0.288614
26.9985 -0.114408
27.0985 0.0902358
27.1985 0.26404
27.2985 0.344381
27.3985 0.350445
27.4985 0.257088
27.5985 0.0166899
27.6985 -0.210327
27.7985 -0.413567
27.8985 -0.610015
27.9985 -0.77136
28.0985 -0.891416
28.1985 -1.00326
28.2985 -1.05118
28.3985 -1.04654
28.4985 -0.926
28.5985 -0.65728
28.6985 -0.315553
28.7985 0.00435348
28.8985 0.343965
28.9985 0.647895
29.0985 0.749109
29.1985 0.706852
29.2985 0.740191
29.3985 0.971932
29.4985 1.2904
29.5985 1.57151
29.6985 1.71408
29.7985 1.71366
29.8985 1.58045
29.9985 1.29695
30.0985 1.00181
30.1985 0.856879
30.2985 0.766987
30.3985 0.700121
30.4985 0.624965
30.5985 0.462664
30.6985 0.286779
30.7985 0.123337
30.8985 0.024618
30.9985 0.00887636
31.0985 0.0268755
31.1985 0.0842689
31.2985 0.320773
31.3985 0.717775
31.4985 1.07969
31.5985 1.23696
31.6985 1.21537
31.7985 0.963026
31.8985 0.456675
31.9985 -0.177213
32.0985 -0.74552
32.1985 -1.13687
32.2985 -1.328
32.3985 -1.19277
32.4985 -0.917138
32.5985 -0.637977
32.6985 -0.371327
32.7985 -0.160056
32.8985 0.0410002
32.9985 0.138853
33.0985 0.18403
33.1985 0.217357
33.2985 0.14099
33.3985 -0.0225761
33.4985 -0.268228
33.5985 -0.477776
33.6985 -0.520351
33.7985 -0.436259
33.8985 -0.268214
33.9985 -0.0498636
34.0985 0.201944
34.1985 0.454059
34.2985 0.703381
34.3985 0.946139
34.4985 1.21122
34.5985 1.49333
34.6985 1.81498
34.7985 2.13152
34.8985 2.34806
34.9985 2.46974
35.0985 2.48161
35.1985 2.44362
35.2985 2.30459
35.3985 2.04165
35.4985 1.58395
35.5985 1.0045
35.6985 0.410653
35.7985 -0.190776
35.8985 -0.761757
35.9985 -1.32783
36.0985 -1.95113
36.1985 -2.54674
36.2985 -2.9511
36.3985 -2.93068
36.4985 -2.55786
36.5985 -1.95208
36.6985 -1.13257
36.7985 -0.211814
36.8985 0.668887
36.9985 1.44645
37.0985 1.94547
37.1985 2.10734
37.2985 2.00507
37.3985 1.75209
37.4985 1.39622
37.5985 1.00137
37.6985 0.655374
37.7985 0.417071
37.8985 0.280428
37.9985 0.278496
38.0985 0.499105
38.1985 0.965018
38.2985 1.45859
38.3985 1.78793
38.4985 1.81282
38.5985 1.37109
38.6985 0.294615
38.7985 -1.51035
38.8985 -3.94405
38.9985 -6.7253
39.0985 -9.17426
39.1985 -10.3113
39.2985 -9.3732
39.3985 -5.93519
39.4985 0.112009
39.5985 8.76228
39.6985 19.5094
39.7985 30.0563
39.8985 37.0439
39.9985 37.7114
40.0985 30.0756
40.1985 11.2861
40.2985 -19.6558
40.3985 -57.3471
40.4985 -90.6626
40.5985 -109.473
40.6985 -109.63
40.7985 -92.6315
40.8985 -61.4043
40.9985 -19.6768
41.0985 27.9577
41.1985 75.5821
41.2985 116.733
41.3985 144.916
41.4985 154.64
41.5985 140.449
41.6985 98.0723
41.7985 35.7171
41.8985 -30.356
41.9985 -83.5512
42.0985 -117.672
42.1985 -133.184
42.2985 -132.965
42.3985 -121.021
42.4985 -102.307
42.5985 -80.7033
42.6985 -58.0134
42.7985 -34.6459
42.8985 -10.7892
42.9985 13.3426
43.0985 37.2246
43.1985 59.6359
43.2985 78.2208
43.3985 90.3241
43.4985 94.2781
43.5985 91.0238
43.6985 82.8287
43.7985 71.9343
43.8985 59.6133
43.9985 46.0277
44.0985 30.8087
44.1985 13.3814
44.2985 -6.52157
44.3985 -27.7484
44.4985 -47.6411
44.5985 -63.2201
44.6985 -73.191
44.7985 -78.2171
44.8985 -79.1436
44.9985 -76.8024
45.0985 -71.8173
45.1985 -64.2637
45.2985 -54.1178
45.3985 -41.4627
45.4985 -26.4858
45.5985 -10.055
45.6985 6.47004
45.7985 21.682
45.8985 34.573
45.9985 44.6461
46.0985 51.7013
46.1985 56.0814
46.2985 58.3343
46.3985 58.8249
46.4985 57.4551
46.5985 53.9893
46.6985 48.3674
46.7985 40.9257
46.8985 32.2764
46.9985 23.258
47.0985 14.5616
47.1985 6.48377
47.2985 -1.41561
47.3985 -9.52566
47.4985 -18.0802
47.5985 -26.7346
47.6985 -34.7214
47.7985 -41.0158
47.8985 -44.9838
47.9985 -46.6126
48.0985 -46.2488
48.1985 -44.4332
48.2985 -41.5434
48.3985 -37.8133
48.4985 -33.3937
48.5985 -28.3868
48.6985 -22.9017
48.7985 -16.9758
48.8985 -10.8306
48.9985 -4.74753
49.0985 1.13533
49.1985 6.83396
49.2985 12.323
49.3985 17.5893
49.4985 22.5798
49.5985 27.2159
49.6985 31.2925
49.7985 34.3927
49.8985 36.3403
49.9985 37.2295
50.0985 37.2625
50.1985 36.5151
50.2985 34.7569
50.3985 31.7599
50.4985 27.4505
50.5985 22.0475
50.6985 15.9149
50.7985 9.5325
50.8985 3.16318
50.9985 -2.99736
51.0985 -8.65834
51.1985 -13.8137
51.2985 -18.4428
51.3985 -22.4307
51.4985 -25.5541
51.5985 -27.6595
51.6985 -28.8052
51.7985 -29.0726
51.8985 -28.5883
51.9985 -27.808
52.0985 -27.0088
52.1985 -26.3712
52.2985 -25.7874
52.3985 -24.9565
52.4985 -23.5176
52.5985 -21.2979
52.6985 -18.1751
52.7985 -14.0049
52.8985 -8.79228
52.9985 -2.67113
53.0985 3.96977
53.1985 10.5369
53.2985 16.5215
53.3985 21.3884
53.4985 24.732
53.5985 26.2855
53.6985 26.0817
53.7985 24.5114
53.8985 22.2769
53.9985 20.1081
54.0985 18.4062
54.1985 17.2152
54.2985 16.4912
54.3985 16.1423
54.4985 16.0736
54.5985 16.0934
54.6985 16.0066
54.7985 15.6569
54.8985 14.9187
54.9985 13.7407
55.0985 11.9491
55.1985 9.49819
55.2985 6.27396
55.3985 2.32131
55.4985 -2.33279
55.5985 -7.62466
55.6985 -13.0853
55.7985 -18.2796
55.8985 -22.9746
55.9985 -26.8121
56.0985 -29.6919
56.1985 -31.6559
56.2985 -32.61
56.3985 -32.4957
56.4985 -31.3655
56.5985 -29.2971
56.6985 -26.5266
56.7985 -23.217
56.8985 -19.4319
56.9985 -15.2268
57.0985 -10.934
57.1985 -6.78357
57.2985 -2.78325
57.3985 1.11752
57.4985 4.99856
57.5985 8.73114
57.6985 12.1281
57.7985 14.991
57.8985 17.2523
57.9985 18.9833
58.0985 20.2074
58.1985 21.0504
58.2985 21.8368
58.3985 22.6596
58.4985 23.5107
58.5985 24.2011
58.6985 24.3867
58.7985 23.6859
58.8985 22.0016
58.9985 19.4905
59.0985 16.3807
59.1985 12.8582
59.2985 9.28819
59.3985 5.73596
59.4985 2.32522
59.5985 -0.841934
59.6985 -3.77456
59.7985 -6.38224
59.8985 -8.55519
59.9985 -10.2951
60.0985 -11.693
60.1985 -12.8129
60.2985 -13.5373
60.3985 -13.8325
60.4985 -13.8495
60.5985 -13.6832
60.6985 -13.4284
60.7985 -13.2332
60.8985 -13.121
60.9985 -13.0888
61.0985 -13.3259
61.1985 -13.941
61.2985 -14.7017
61.3985 -15.1799
61.4985 -15.0802
61.5985 -14.2804
61.6985 -12.83
61.7985 -10.8887
61.8985 -8.53976
61.9985 -6.01061
62.0985 -3.45821
62.1985 -1.02037
62.2985 1.26162
62.3985 3.25653
62.4985 4.94261
62.5985 6.41005
62.6985 7.82602
62.7985 9.37059
62.8985 11.1189
62.9985 12.9818
63.0985 14.8984
63.1985 16.6869
63.2985 18.1106
63.3985 18.8896
63.4985 18.9828
63.5985 18.5028
63.6985 17.6316
63.7985 16.5385
63.8985 15.376
63.9985 14.007
64.0985 12.3741
64.1985 10.5839
64.2985 8.70419
64.3985 6.80303
64.4985 4.95217
64.5985 3.23625
64.6985 1.57398
64.7985 -0.0230659
64.8985 -1.6241
64.9985 -3.4292
65.0985 -5.49339
65.1985 -7.87207
65.2985 -10.5261
65.3985 -13.0309
65.4985 -15.1531
65.5985 -16.7689
65.6985 -17.8616
65.7985 -18.4456
65.8985 -18.5585
65.9985 -18.2583
66.0985 -17.6162
66.1985 -16.7417
66.2985 -15.6995
66.3985 -14.467
66.4985 -13.0451
66.5985 -11.4782
66.6985 -9.70519
66.7985 -7.6696
66.8985 -5.47599
66.9985 -3.29089
67.0985 -1.20779
67.1985 0.889641
67.2985 3.00629
67.3985 5.0643
67.4985 6.99972
67.5985 8.73091
67.6985 10.1401
67.7985 11.319
67.8985 12.2604
67.9985 12.9666
68.0985 13.5497
68.1985 14.062
68.2985 14.3119
68.3985 14.2263
68.4985 13.9029
68.5985 13.3104
68.6985 12.5713
68.7985 11.8058
68.8985 10.9867
68.9985 10.0525
69.0985 8.97458
69.1985 7.74207
69.2985 6.35954
69.3985 4.90769
69.4985 3.4961
69.5985 2.20121
69.6985 0.976507
69.7985 -0.220825
69.8985 -1.40661
69.9985 -2.56125
70.0985 -3.66639
70.1985 -4.68706
70.2985 -5.61824
70.3985 -6.36008
70.4985 -6.90541
70.5985 -7.3757
70.6985 -7.78224
70.7985 -8.20539
70.8985 -8.69032
70.9985 -9.25788
71.0985 -9.97618
71.1985 -10.7078
71.2985 -11.2286
71.3985 -11.4903
71.4985 -11.5388
71.5985 -11.3925
71.6985 -10.9462
71.7985 -10.1549
71.8985 -9.09459
71.9985 -7.88717
72.0985 -6.67064
72.1985 -5.39727
72.2985 -4.00532
72.3985 -2.4063
72.4985 -0.630099
72.5985 1.08296
72.6985 2.68613
72.7985 4.22415
72.8985 5.68257
72.9985 7.09931
73.0985 8.38558
73.1985 9.42379
73.2985 10.2883
73.3985 11.0315
73.4985 11.6797
73.5985 12.1792
73.6985 12.4484
73.7985 12.3451
73.8985 11.7916
73.9985 10.8163
74.0985 9.47877
74.1985 7.88018
74.2985 6.27642
74.3985 5.02728
74.4985 4.37901
74.5985 4.44909
74.6985 5.30946
74.7985 6.56126
74.8985 7.5951
74.9985 7.84547
75.0985 6.90989
75.1985 4.45616
75.2985 0.449008
75.3985 -4.66887
75.4985 -9.74192
75.5985 -13.6972
75.6985 -15.7773
75.7985 -15.6073
75.8985 -13.2717
75.9985 -9.37415
76.0985 -4.92697
76.1985 -1.0191
76.2985 1.57363
76.3985 2.52476
76.4985 1.7672
76.5985 -0.392817
76.6985 -3.34109
76.7985 -6.48694
76.8985 -9.31431
76.9985 -11.5421
77.0985 -13.1052
77.1985 -13.8605
77.2985 -13.8503
77.3985 -13.1232
77.4985 -11.5972
77.5985 -9.40414
77.6985 -6.81415
77.7985 -4.02877
77.8985 -1.17021
77.9985 1.55945
78.0985 4.06337
78.1985 6.17461
78.2985 7.78815
78.3985 9.06018
78.4985 10.1804
78.5985 11.1391
78.6985 11.8609
78.7985 12.1676
78.8985 11.962
78.9985 11.3692
79.0985 10.6096
79.1985 9.76886
79.2985 8.93036
79.3985 8.13006
79.4985 7.36522
79.5985 6.76101
79.6985 6.33598
79.7985 5.99016
79.8985 5.45772
79.9985 4.78329
80.0985 4.04888
80.1985 3.22986
80.2985 2.27522
80.3985 1.15009
80.4985 -0.115675
80.5985 -1.37208
80.6985 -2.44691
80.7985 -3.31652
80.8985 -3.95211
80.9985 -4.37284
81.0985 -4.69908
81.1985 -5.01847
81.2985 -5.42329
81.3985 -5.94709
81.4985 -6.66128
81.5985 -7.46033
81.6985 -8.13462
81.7985 -8.48999
81.8985 -8.3692
81.9985 -7.81684
82.0985 -7.09864
82.1985 -6.18989
82.2985 -5.17441
82.3985 -4.24538
82.4985 -3.50955
82.5985 -2.85103
82.6985 -2.30763
82.7985 -1.88105
82.8985 -1.44983
82.9985 -0.922333
83.0985 -0.293465
83.1985 0.398166
83.2985 1.15701
83.3985 1.81895
83.4985 2.29425
83.5985 2.61716
83.6985 2.86283
83.7985 3.04239
83.8985 3.15793
83.9985 3.23027
84.0985 3.32442
84.1985 3.52702
84.2985 3.83131
84.3985 4.18142
84.4985 4.56169
84.5985 4.98695
84.6985 5.40393
84.7985 5.74582
84.8985 5.9522
84.9985 6.02792
85.0985 6.02708
85.1985 5.97118
85.2985 5.81172
85.3985 5.59706
85.4985 5.27552
85.5985 4.8782
85.6985 4.38546
85.7985 3.77306
85.8985 3.04308
85.9985 2.25894
86.0985 1.42568
86.1985 0.48621
86.2985 -0.500487
86.3985 -1.35583
86.4985 -2.08157
86.5985 -2.6599
86.6985 -3.12818
86.7985 -3.56702
86.8985 -3.95551
86.9985 -4.30869
87.0985 -4.71714
87.1985 -5.17341
87.2985 -5.72664
87.3985 -6.35875
87.4985 -6.93705
87.5985 -7.27614
87.6985 -7.43278
87.7985 -7.35044
87.8985 -6.96568
87.9985 -6.17509
88.0985 -5.10821
88.1985 -3.91875
88.2985 -2.83888
88.3985 -1.82149
88.4985 -0.737328
88.5985 0.192853
88.6985 0.890946
88.7985 1.29284
88.8985 1.39795
88.9985 1.46122
89.0985 1.59583
89.1985 1.79974
89.2985 2.12213
89.3985 2.60357
89.4985 3.24026
89.5985 3.94161
89.6985 4.61324
89.7985 5.12191
89.8985 5.54965
89.9985 5.92628
90.0985 6.18225
90.1985 6.24192
90.2985 6.21064
90.3985 6.08056
90.4985 5.87585
90.5985 5.53345
90.6985 5.00422
90.7985 4.36717
90.8985 3.69908
90.9985 3.1114
91.0985 2.58735
91.1985 1.99653
91.2985 1.37335
91.3985 0.792052
91.4985 0.335021
91.5985 -0.0265059
91.6985 -0.362215
91.7985 -0.677917
91.8985 -1.10059
91.9985 -1.57719
92.0985 -2.09284
92.1985 -2.55571
92.2985 -3.12404
92.3985 -3.83005
92.4985 -4.55062
92.5985 -5.13937
92.6985 -5.41267
92.7985 -5.45947
92.8985 -5.2969
92.9985 -4.93683
93.0985 -4.3048
93.1985 -3.56457
93.2985 -2.88726
93.3985 -2.30704
93.4985 -1.81537
93.5985 -1.19654
93.6985 -0.53571
93.7985 0.000487523
93.8985 0.432111
93.9985 0.884675
94.0985 1.1893
94.1985 1.26094
94.2985 1.20601
94.3985 1.12223
94.4985 0.991966
94.5985 0.854251
94.6985 0.906642
94.7985 0.977145
94.8985 1.14429
94.9985 1.38339
95.0985 1.6164
95.1985 1.74466
95.2985 1.77622
95.3985 1.79757
95.4985 1.95074
95.5985 2.185
95.6985 2.4813
95.7985 2.65179
95.8985 2.8926
95.9985 3.11553
96.0985 3.20066
