-3.61741 0.106531
-3.51741 0.0989992
-3.41741 0.154557
-3.31741 0.135155
-3.21741 0.157881
-3.11741 0.220565
-3.01741 0.314211
-2.91741 0.382966
-2.81741 0.348976
-2.71741 0.283066
-2.61741 0.224576
-2.51741 0.237915
-2.41741 0.268124
-2.31741 0.392893
-2.21741 0.478408
-2.11741 0.540433
-2.01741 0.531187
-1.91741 0.500501
-1.81741 0.438457
-1.71741 0.396292
-1.61741 0.212059
-1.51741 0.0959192
-1.41741 0.00182682
-1.31741 -0.1044
-1.21741 -0.153704
-1.11741 -0.278825
-1.01741 -0.305709
-0.917406 -0.296509
-0.817406 -0.306456
-0.717406 -0.27213
-0.617406 -0.259186
-0.517406 -0.189413
-0.417406 -0.0394891
-0.317406 0.0876187
-0.217406 0.156855
-0.117406 0.203808
-0.017406 0.147634
0.082594 0.0531761
0.182594 -0.100787
0.282594 -0.247076
0.382594 -0.421528
0.482594 -0.565612
0.582594 -0.666654
0.682594 -0.655188
0.782594 -0.575751
0.882594 -0.392223
0.982594 -0.121487
1.08259 0.152504
1.18259 0.456791
1.28259 0.728609
1.38259 1.04624
1.48259 1.24786
1.58259 1.3681
1.68259 1.49165
1.78259 1.58954
1.88259 1.60466
1.98259 1.50077
2.08259 1.32808
2.18259 1.10433
2.28259 0.783745
2.38259 0.521353
2.48259 0.190534
2.58259 -0.0327777
2.68259 -0.230168
2.78259 -0.343477
2.88259 -0.370222
2.98259 -0.374339
3.08259 -0.303958
3.18259 -0.330582
3.28259 -0.435205
3.38259 -0.578046
3.48259 -0.64302
3.58259 -0.607639
3.68259 -0.59821
3.78259 -0.704659
3.88259 -0.712935
3.98259 -0.664726
4.08259 -0.641514
4.18259 -0.386438
4.28259 -0.125864
4.38259 0.0127415
4.48259 0.0603231
4.58259 0.124327
4.68259 0.224352
4.78259 0.388527
4.88259 0.533771
4.98259 0.657369
5.08259 0.827975
5.18259 1.01803
5.28259 1.26731
5.38259 1.4381
5.48259 1.53732
5.58259 1.51814
5.68259 1.3878
5.78259 1.16084
5.88259 0.804557
5.98259 0.380131
6.08259 -0.00306926
6.18259 -0.31187
6.28259 -0.585893
6.38259 -0.795153
6.48259 -1.04909
6.58259 -1.19712
6.68259 -1.20431
6.78259 -1.17797
6.88259 -0.92339
6.98259 -0.590847
7.08259 -0.209505
7.18259 0.250278
7.28259 0.727243
7.38259 1.25349
7.48259 1.52657
7.58259 1.72054
7.68259 1.72745
7.78259 1.51468
7.88259 1.2198
7.98259 0.830784
8.08259 0.422823
8.18259 0.0449744
8.28259 -0.26302
8.38259 -0.466339
8.48259 -0.463078
8.58259 -0.428271
8.68259 -0.358864
8.78259 -0.228619
8.88259 -0.0644112
8.98259 0.0439876
9.08259 0.090591
9.18259 0.00621456
9.28259 0.00189326
9.38259 0.0733676
9.48259 0.206595
9.58259 0.282674
9.68259 0.302181
9.78259 0.13379
9.88259 -0.260725
9.98259 -0.593616
10.0826 -0.758865
10.1826 -0.716762
10.2826 -0.592869
10.3826 -0.251575
10.4826 0.269962
10.5826 0.932306
10.6826 1.52374
10.7826 2.07293
10.8826 2.45727
10.9826 2.65993
11.0826 2.63075
11.1826 2.31621
11.2826 1.73674
11.3826 0.973118
11.4826 0.30168
11.5826 -0.249134
11.6826 -0.60009
11.7826 -0.806394
11.8826 -0.835127
11.9826 -0.864518
12.0826 -0.800086
12.1826 -0.836198
12.2826 -0.741441
12.3826 -0.819931
12.4826 -0.851095
12.5826 -0.698408
12.6826 -0.42712
12.7826 -0.153773
12.8826 0.0675897
12.9826 0.243472
13.0826 0.485751
13.1826 0.723572
13.2826 0.893443
13.3826 0.965692
13.4826 0.988843
13.5826 0.985377
13.6826 0.974491
13.7826 1.01546
13.8826 0.995523
13.9826 0.919178
14.0826 0.775739
14.1826 0.644953
14.2826 0.521675
14.3826 0.220992
14.4826 -0.154626
14.5826 -0.400047
14.6826 -0.513428
14.7826 -0.534152
14.8826 -0.591227
14.9826 -0.673634
15.0826 -0.793959
15.1826 -0.815223
15.2826 -0.657901
15.3826 -0.327437
15.4826 0.134479
15.5826 0.628495
15.6826 1.12828
15.7826 1.79038
15.8826 2.42521
15.9826 2.82223
16.0826 2.97422
16.1826 2.81962
16.2826 2.48106
16.3826 1.98498
16.4826 1.40383
16.5826 0.694373
16.6826 -0.0265017
16.7826 -0.685329
16.8826 -1.24025
16.9826 -1.62046
17.0826 -1.74689
17.1826 -1.68255
17.2826 -1.46052
17.3826 -1.20118
17.4826 -0.926093
17.5826 -0.644955
17.6826 -0.382961
17.7826 -0.20193
17.8826 -0.0826882
17.9826 -0.00727655
18.0826 0.067809
18.1826 0.132004
18.2826 0.212899
18.3826 0.273407
18.4826 0.382738
18.5826 0.486708
18.6826 0.491127
18.7826 0.493152
18.8826 0.605992
18.9826 0.671029
19.0826 0.629079
19.1826 0.634519
19.2826 0.739057
19.3826 0.981041
19.4826 1.22395
19.5826 1.30261
19.6826 1.2311
19.7826 1.09667
19.8826 0.869858
19.9826 0.708666
20.0826 0.543494
20.1826 0.32956
20.2826 0.103689
20.3826 -0.0969787
20.4826 -0.110272
20.5826 0.114071
20.6826 0.454633
20.7826 0.830157
20.8826 1.22441
20.9826 1.61675
21.0826 1.85174
21.1826 1.83486
21.2826 1.56287
21.3826 1.07896
21.4826 0.490078
21.5826 -0.0783746
21.6826 -0.461129
21.7826 -0.685495
21.8826 -0.851625
21.9826 -0.926637
22.0826 -0.88738
22.1826 -0.751922
22.2826 -0.665082
22.3826 -0.712811
22.4826 -0.866525
22.5826 -1.07955
22.6826 -1.32727
22.7826 -1.39493
22.8826 -1.26085
22.9826 -0.963329
23.0826 -0.539395
23.1826 -0.112991
23.2826 0.311355
23.3826 0.751241
23.4826 1.22695
23.5826 1.60284
23.6826 1.78077
23.7826 1.8736
23.8826 1.91591
23.9826 1.90403
24.0826 1.85399
24.1826 1.75775
24.2826 1.61883
24.3826 1.42609
24.4826 1.25728
24.5826 1.12024
24.6826 0.985747
24.7826 0.827786
24.8826 0.621313
24.9826 0.458453
25.0826 0.390866
25.1826 0.375337
25.2826 0.344855
25.3826 0.314775
25.4826 0.321807
25.5826 0.415405
25.6826 0.531875
25.7826 0.521292
25.8826 0.316373
25.9826 0.0623069
26.0826 -0.16544
26.1826 -0.418934
26.2826 -0.623409
26.3826 -0.745952
26.4826 -0.868545
26.5826 -0.98267
26.6826 -0.963914
26.7826 -0.867779
26.8826 -0.721148
26.9826 -0.557417
27.0826 -0.37291
27.1826 -0.209096
27.2826 -0.106122
27.3826 -0.0263699
27.4826 0.148233
27.5826 0.388399
27.6826 0.567822
27.7826 0.668059
27.8826 0.821262
27.9826 1.00966
28.0826 1.16458
28.1826 1.28775
28.2826 1.45306
28.3826 1.53962
28.4826 1.42649
28.5826 1.05843
28.6826 0.570718
28.7826 0.174467
28.8826 -0.0307511
28.9826 0.0266724
29.0826 0.380527
29.1826 0.902299
29.2826 1.38165
29.3826 1.72229
29.4826 1.96378
29.5826 2.03637
29.6826 1.86033
29.7826 1.45537
29.8826 0.856463
29.9826 0.182976
30.0826 -0.451619
30.1826 -1.04768
30.2826 -1.55036
30.3826 -1.91004
30.4826 -2.05231
30.5826 -1.93809
30.6826 -1.62732
30.7826 -1.12692
30.8826 -0.502256
30.9826 0.218921
31.0826 0.920398
31.1826 1.43453
31.2826 1.6632
31.3826 1.62816
31.4826 1.3819
31.5826 1.01391
31.6826 0.581557
31.7826 0.142404
31.8826 -0.171747
31.9826 -0.170428
32.0826 0.0601817
32.1826 0.396676
32.2826 0.793791
32.3826 1.29959
32.4826 1.82724
32.5826 2.23784
32.6826 2.36113
32.7826 2.04733
32.8826 1.13701
32.9826 -0.423711
33.0826 -2.58159
33.1826 -5.14242
33.2826 -7.6496
33.3826 -9.28386
33.4826 -9.02
33.5826 -6.32009
33.6826 -1.2944
33.7826 6.00549
33.8826 15.3965
33.9826 25.4486
34.0826 33.4096
34.1826 36.279
34.2826 32.0319
34.3826 18.1123
34.4826 -8.69411
34.5826 -45.5419
34.6826 -81.9165
34.7826 -106.281
34.8826 -112.345
34.9826 -100.023
35.0826 -72.89
35.1826 -35.3367
35.2826 8.87578
35.3826 56.0386
35.4826 101.028
35.5826 136.91
35.6826 156.786
35.7826 154.54
35.8826 124.513
35.9826 68.8225
36.0826 -0.872302
36.1826 -66.4448
36.2826 -114.639
36.3826 -142.572
36.4826 -150.729
36.5826 -141.272
36.6826 -120.198
36.7826 -93.8212
36.8826 -66.0084
36.9826 -38.0776
37.0826 -10.3673
37.1826 16.8691
37.2826 43.1322
37.3826 66.9734
37.4826 85.3004
37.5826 95.0059
37.6826 95.0872
37.7826 87.4613
37.8826 75.7768
37.9826 63.2534
38.0826 51.4105
38.1826 40.1498
38.2826 28.5492
38.3826 15.5338
38.4826 0.0529153
38.5826 -18.2874
38.6826 -38.0883
38.7826 -56.1084
38.8826 -69.7948
38.9826 -77.8421
39.0826 -80.3676
39.1826 -77.8618
39.2826 -71.4234
39.3826 -62.2532
39.4826 -51.1339
39.5826 -38.4845
39.6826 -24.6164
39.7826 -10.1285
39.8826 3.93728
39.9826 16.5974
40.0826 27.3076
40.1826 35.7451
40.2826 41.9494
40.3826 46.3152
40.4826 49.291
40.5826 51.0845
40.6826 51.5242
40.7826 50.3357
40.8826 47.1021
40.9826 41.8349
41.0826 35.2905
41.1826 28.1879
41.2826 20.98
41.3826 13.6642
41.4826 5.93353
41.5826 -2.58539
41.6826 -11.976
41.7826 -21.6905
41.8826 -30.5479
41.9826 -37.2905
42.0826 -41.3921
42.1826 -43.1268
42.2826 -43.1661
42.3826 -42.2062
42.4826 -40.614
42.5826 -38.3604
42.6826 -35.1811
42.7826 -30.7919
42.8826 -25.2235
42.9826 -18.9767
43.0826 -12.756
43.1826 -7.13036
43.2826 -2.21631
43.3826 2.29708
43.4826 6.76893
43.5826 11.4243
43.6826 16.2701
43.7826 21.0749
43.8826 25.5836
43.9826 29.5315
44.0826 32.6306
44.1826 34.7465
44.2826 35.8943
44.3826 36.1289
44.4826 35.2992
44.5826 33.2295
44.6826 29.7563
44.7826 24.8744
44.8826 18.8812
44.9826 12.4297
45.0826 6.11878
45.1826 0.384565
45.2826 -4.77066
45.3826 -9.46158
45.4826 -13.76
45.5826 -17.6727
45.6826 -21.2359
45.7826 -24.2242
45.8826 -26.3119
45.9826 -27.277
46.0826 -27.2789
46.1826 -26.7589
46.2826 -26.1921
46.3826 -25.7827
46.4826 -25.4378
46.5826 -24.8371
46.6826 -23.6205
46.7826 -21.5431
46.8826 -18.5615
46.9826 -14.7134
47.0826 -10.1147
47.1826 -4.86454
47.2826 0.796761
47.3826 6.59712
47.4826 12.2274
47.5826 17.1808
47.6826 20.9638
47.7826 23.2568
47.8826 23.8009
47.9826 22.7157
48.0826 20.4769
48.1826 18.0197
48.2826 15.9969
48.3826 14.6142
48.4826 13.8922
48.5826 13.7408
48.6826 14.0126
48.7826 14.4248
48.8826 14.7343
48.9826 14.8925
49.0826 14.8903
49.1826 14.5085
49.2826 13.5637
49.3826 11.8272
49.4826 9.1689
49.5826 5.48608
49.6826 0.941521
49.7826 -4.19355
49.8826 -9.54919
49.9826 -14.6938
50.0826 -19.2577
50.1826 -23.0776
50.2826 -26.0023
50.3826 -27.8721
50.4826 -28.6234
50.5826 -28.45
50.6826 -27.6086
50.7826 -26.2444
50.8826 -24.4257
50.9826 -22.1652
51.0826 -19.3994
51.1826 -16.1543
51.2826 -12.6061
51.3826 -8.86078
51.4826 -5.03508
51.5826 -1.23606
51.6826 2.41343
51.7826 5.79317
51.8826 8.76038
51.9826 11.2007
52.0826 13.1889
52.1826 14.8624
52.2826 16.2105
52.3826 17.267
52.4826 18.1481
52.5826 18.9631
52.6826 19.7584
52.7826 20.4468
52.8826 20.8044
52.9826 20.6687
53.0826 19.8224
53.1826 18.1153
53.2826 15.5985
53.3826 12.5279
53.4826 9.26268
53.5826 6.12679
53.6826 3.24646
53.7826 0.677433
53.8826 -1.54198
53.9826 -3.3894
54.0826 -4.89053
54.1826 -6.16516
54.2826 -7.19054
54.3826 -7.9816
54.4826 -8.68276
54.5826 -9.296
54.6826 -9.7617
54.7826 -10.159
54.8826 -10.4445
54.9826 -10.7084
55.0826 -10.9946
55.1826 -11.2198
55.2826 -11.4487
55.3826 -11.7664
55.4826 -12.1049
55.5826 -12.3313
55.6826 -12.308
55.7826 -11.9563
55.8826 -11.2915
55.9826 -10.4263
56.0826 -9.33255
56.1826 -7.86671
56.2826 -6.00142
56.3826 -3.92642
56.4826 -1.84806
56.5826 0.0205003
56.6826 1.67532
56.7826 3.23579
56.8826 4.79415
56.9826 6.32331
57.0826 7.83454
57.1826 9.38292
57.2826 11.0171
57.3826 12.6026
57.4826 13.8934
57.5826 14.6636
57.6826 14.8928
57.7826 14.7158
57.8826 14.3615
57.9826 13.9598
58.0826 13.5476
58.1826 13.1472
58.2826 12.6673
58.3826 11.9987
58.4826 11.0004
58.5826 9.59627
58.6826 7.83727
58.7826 5.90878
58.8826 3.8807
58.9826 1.896
59.0826 0.0241892
59.1826 -1.80773
59.2826 -3.61748
59.3826 -5.37913
59.4826 -7.06576
59.5826 -8.70217
59.6826 -10.3027
59.7826 -11.8123
59.8826 -13.2312
59.9826 -14.4074
60.0826 -15.1459
60.1826 -15.4687
60.2826 -15.4061
60.3826 -14.9348
60.4826 -14.1272
60.5826 -13.1579
60.6826 -12.0603
60.7826 -10.7877
60.8826 -9.34815
60.9826 -7.79566
61.0826 -6.28033
61.1826 -4.80657
61.2826 -3.29065
61.3826 -1.77921
61.4826 -0.204326
61.5826 1.46177
61.6826 3.18153
61.7826 4.9083
61.8826 6.58861
61.9826 8.10205
62.0826 9.40972
62.1826 10.373
62.2826 10.9459
62.3826 11.1981
62.4826 11.2078
62.5826 11.0335
62.6826 10.7431
62.7826 10.3992
62.8826 9.98593
62.9826 9.51079
63.0826 8.98114
63.1826 8.50066
63.2826 8.11829
63.3826 7.72106
63.4826 7.21158
63.5826 6.53113
63.6826 5.76679
63.7826 4.96645
63.8826 4.08252
63.9826 3.04899
64.0826 1.92995
64.1826 0.853442
64.2826 -0.160608
64.3826 -1.17196
64.4826 -2.15253
64.5826 -3.06533
64.6826 -3.98036
64.7826 -4.98693
64.8826 -6.01603
64.9826 -6.99622
65.0826 -7.93749
65.1826 -8.80913
65.2826 -9.61066
65.3826 -10.2107
65.4826 -10.5778
65.5826 -10.7992
65.6826 -10.9622
65.7826 -10.9269
65.8826 -10.5061
65.9826 -9.66708
66.0826 -8.48593
66.1826 -7.14719
66.2826 -5.75313
66.3826 -4.4361
66.4826 -3.23726
66.5826 -2.19779
66.6826 -1.23322
66.7826 -0.281103
66.8826 0.716126
66.9826 1.82044
67.0826 2.95886
67.1826 4.03948
67.2826 5.06496
67.3826 6.0523
67.4826 6.96602
67.5826 7.78759
67.6826 8.58416
67.7826 9.29714
67.8826 9.80052
67.9826 10.0304
68.0826 9.9041
68.1826 9.37454
68.2826 8.45627
68.3826 7.2968
68.4826 6.14891
68.5826 5.35843
68.6826 5.07198
68.7826 5.34349
68.8826 6.14453
68.9826 7.26949
69.0826 8.36438
69.1826 8.89593
69.2826 8.24514
69.3826 6.15739
69.4826 2.70819
69.5826 -1.87877
69.6826 -6.83453
69.7826 -11.0249
69.8826 -13.5497
69.9826 -14.0307
70.0826 -12.4779
70.1826 -9.23747
70.2826 -5.10467
70.3826 -1.0447
70.4826 2.11875
70.5826 3.88817
70.6826 3.92753
70.7826 2.32948
70.8826 -0.428243
70.9826 -3.63919
71.0826 -6.81787
71.1826 -9.67927
71.2826 -12.0362
71.3826 -13.6291
71.4826 -14.1881
71.5826 -13.7537
71.6826 -12.3056
71.7826 -10.0629
71.8826 -7.36143
71.9826 -4.43064
72.0826 -1.46433
72.1826 1.19325
72.2826 3.22227
72.3826 4.53884
72.4826 5.32333
72.5826 5.82995
72.6826 6.23285
72.7826 6.6385
72.8826 7.15251
72.9826 7.7091
73.0826 8.18936
73.1826 8.50149
73.2826 8.63716
73.3826 8.57425
73.4826 8.30578
73.5826 7.91981
73.6826 7.50626
73.7826 7.06895
73.8826 6.53172
73.9826 5.92749
74.0826 5.31385
74.1826 4.66187
74.2826 3.97037
74.3826 3.25302
74.4826 2.51744
74.5826 1.79022
74.6826 1.01928
74.7826 0.228602
74.8826 -0.46041
74.9826 -1.03854
75.0826 -1.41713
75.1826 -1.62833
75.2826 -1.86727
75.3826 -2.23608
75.4826 -2.77564
75.5826 -3.44111
75.6826 -4.13489
75.7826 -4.82245
75.8826 -5.37498
75.9826 -5.63756
76.0826 -5.60288
76.1826 -5.43777
76.2826 -5.25589
76.3826 -5.10853
76.4826 -4.96693
76.5826 -4.81394
76.6826 -4.68004
76.7826 -4.49515
76.8826 -4.2672
76.9826 -4.02927
77.0826 -3.64767
77.1826 -3.07559
77.2826 -2.23281
77.3826 -1.32469
77.4826 -0.539426
77.5826 0.162711
77.6826 0.831389
77.7826 1.33939
77.8826 1.65488
77.9826 1.93374
78.0826 2.19235
78.1826 2.43902
78.2826 2.75011
78.3826 3.0939
78.4826 3.41058
78.5826 3.61297
78.6826 3.77477
78.7826 4.0247
78.8826 4.39763
78.9826 4.87947
79.0826 5.37139
79.1826 5.72597
79.2826 5.91422
79.3826 6.00904
79.4826 6.01763
79.5826 5.8736
79.6826 5.5692
79.7826 5.19411
79.8826 4.77701
79.9826 4.29871
80.0826 3.86436
80.1826 3.46579
80.2826 2.92127
80.3826 2.1791
80.4826 1.30505
80.5826 0.476099
80.6826 -0.275098
80.7826 -1.00906
80.8826 -1.74272
80.9826 -2.51258
81.0826 -3.26088
81.1826 -3.80806
81.2826 -4.254
81.3826 -4.72082
81.4826 -5.17012
81.5826 -5.5823
81.6826 -5.93037
81.7826 -6.25181
81.8826 -6.64217
81.9826 -6.89837
82.0826 -6.90847
82.1826 -6.61798
82.2826 -5.94376
82.3826 -4.94177
82.4826 -3.83012
82.5826 -2.79103
82.6826 -1.85712
82.7826 -0.98282
82.8826 -0.1854
82.9826 0.592456
83.0826 1.34756
83.1826 1.91033
83.2826 2.26846
83.3826 2.45244
83.4826 2.52329
83.5826 2.61375
83.6826 2.75351
83.7826 3.00114
83.8826 3.37318
83.9826 3.78138
84.0826 4.19353
84.1826 4.57672
84.2826 4.93107
84.3826 5.32345
84.4826 5.66305
84.5826 5.76385
84.6826 5.593
84.7826 5.27568
84.8826 4.87422
84.9826 4.41391
85.0826 3.96832
85.1826 3.44584
85.2826 2.86599
85.3826 2.32284
85.4826 1.70385
85.5826 1.02589
85.6826 0.345154
85.7826 -0.279546
85.8826 -0.864899
85.9826 -1.36288
86.0826 -1.83375
86.1826 -2.30441
86.2826 -2.637
86.3826 -2.85009
86.4826 -3.06676
86.5826 -3.23785
86.6826 -3.41382
86.7826 -3.44636
86.8826 -3.25975
86.9826 -3.16059
87.0826 -3.09151
87.1826 -3.0731
87.2826 -2.96988
87.3826 -2.76402
87.4826 -2.54461
87.5826 -2.3024
87.6826 -1.99335
87.7826 -1.63798
87.8826 -1.1563
87.9826 -0.579603
88.0826 -0.0143045
88.1826 0.42461
88.2826 0.804454
88.3826 1.15681
88.4826 1.36382
88.5826 1.50281
88.6826 1.61534
88.7826 1.61781
88.8826 1.58875
88.9826 1.55074
89.0826 1.53118
89.1826 1.48099
89.2826 1.31662
89.3826 1.25757
89.4826 1.17817
89.5826 1.21624
89.6826 1.3853
89.7826 1.63528
89.8826 1.90769
89.9826 2.07866
90.0826 2.15575
90.1826 2.19404
90.2826 2.17315
90.3826 2.00407
90.4826 1.66718
90.5826 1.29321
90.6826 1.03263
90.7826 0.860611
90.8826 0.657521
90.9826 0.498036
91.0826 0.417986
91.1826 0.329907
91.2826 0.299048
91.3826 0.319869
91.4826 0.291257
91.5826 0.401941
91.6826 0.579786
91.7826 0.591668
91.8826 0.379834
91.9826 0.137111
92.0826 -0.0441158
92.1826 -0.276714
92.2826 -0.553476
92.3826 -0.920116
92.4826 -1.28627
92.5826 -1.60726
92.6826 -1.7428
92.7826 -1.6317
92.8826 -1.55105
92.9826 -1.47183
93.0826 -1.26078
93.1826 -1.07939
93.2826 -0.860854
93.3826 -0.651136
93.4826 -0.471491
93.5826 -0.382546
93.6826 -0.336975
93.7826 -0.301723
93.8826 -0.191761
93.9826 -0.084843
94.0826 -0.0345216
94.1826 0.00949173
94.2826 0.210251
94.3826 0.441374
94.4826 0.643463
94.5826 0.826744
94.6826 0.900185
94.7826 0.931371
94.8826 0.925475
94.9826 0.839548
95.0826 0.76664
95.1826 0.686467
95.2826 0.643298
95.3826 0.766724
95.4826 1.04315
95.5826 1.21781
95.6826 1.40117
95.7826 1.4983
95.8826 1.45612
95.9826 1.37204
96.0826 1.19975
96.1826 1.04076
96.2826 0.880901
96.3826 0.576525
96.4826 0.291755
96.5826 0.0883392
96.6826 -0.0593074
96.7826 -0.238462
96.8826 -0.436458
96.9826 -0.525857
97.0826 -0.552857
97.1826 -0.448589
97.2826 -0.322717
97.3826 -0.182785
97.4826 -0.0824172
97.5826 0.0301668
97.6826 0.109809
97.7826 0.203815
97.8826 0.297673
97.9826 0.293297
98.0826 0.277494
98.1826 0.22712
98.2826 0.10913
98.3826 -0.062528
98.4826 -0.15252
98.5826 -0.256393
98.6826 -0.288708
