-7.36644 0.191929
-7.26644 0.153468
-7.16644 0.0965858
-7.06644 0.0729926
-6.96644 0.0354066
-6.86644 -0.139688
-6.76644 -0.239648
-6.66644 -0.271218
-6.56644 -0.253474
-6.46644 -0.300039
-6.36644 -0.406613
-6.26644 -0.422096
-6.16644 -0.334473
-6.06644 -0.282596
-5.96644 -0.193463
-5.86644 -0.123718
-5.76644 -0.182649
-5.66644 -0.265828
-5.56644 -0.151579
-5.46644 0.0981478
-5.36644 0.327221
-5.26644 0.408099
-5.16644 0.51087
-5.06644 0.594339
-4.96644 0.635406
-4.86644 0.707121
-4.76644 0.840708
-4.66644 0.921243
-4.56644 0.86664
-4.46644 0.717011
-4.36644 0.605324
-4.26644 0.455044
-4.16644 0.382472
-4.06644 0.348332
-3.96644 0.351486
-3.86644 0.390831
-3.76644 0.483394
-3.66644 0.475074
-3.56644 0.426869
-3.46644 0.436485
-3.36644 0.446654
-3.26644 0.566287
-3.16644 0.403869
-3.06644 0.259657
-2.96644 0.13084
-2.86644 0.138988
-2.76644 0.174866
-2.66644 0.174852
-2.56644 0.151164
-2.46644 -0.011187
-2.36644 -0.234055
-2.26644 -0.494842
-2.16644 -0.72876
-2.06644 -0.797532
-1.96644 -0.796732
-1.86644 -0.831229
-1.76644 -0.767253
-1.66644 -0.523559
-1.56644 -0.292779
-1.46644 -0.0400966
-1.36644 0.205594
-1.26644 0.366565
-1.16644 0.435374
-1.06644 0.439027
-0.96644 0.378346
-0.86644 0.259471
-0.76644 0.316543
-0.66644 0.470019
-0.56644 0.598923
-0.46644 0.499865
-0.36644 0.516643
-0.26644 0.450924
-0.16644 0.565158
-0.06644 0.570229
0.03356 0.54134
0.13356 0.352232
0.23356 0.120469
0.33356 -0.0920261
0.43356 -0.316859
0.53356 -0.517118
0.63356 -0.620793
0.73356 -0.603187
0.83356 -0.469779
0.93356 -0.362355
1.03356 -0.111648
1.13356 0.240196
1.23356 0.623679
1.33356 1.0162
1.43356 1.41732
1.53356 1.6253
1.63356 1.81157
1.73356 1.78619
1.83356 1.63264
1.93356 1.383
2.03356 0.948111
2.13356 0.431675
2.23356 0.00592636
2.33356 -0.437583
2.43356 -0.664085
2.53356 -0.777081
2.63356 -0.793176
2.73356 -0.782593
2.83356 -0.580047
2.93356 -0.353542
3.03356 -0.356415
3.13356 -0.536893
3.23356 -0.633148
3.33356 -0.499838
3.43356 -0.238807
3.53356 -0.0701344
3.63356 -0.0780899
3.73356 -0.181044
3.83356 -0.240194
3.93356 -0.203472
4.03356 -0.203309
4.13356 -0.278715
4.23356 -0.352324
4.33356 -0.363475
4.43356 -0.0991576
4.53356 0.260967
4.63356 0.633765
4.73356 0.949872
4.83356 1.2072
4.93356 1.56087
5.03356 1.95306
5.13356 2.22566
5.23356 2.23627
5.33356 1.95452
5.43356 1.50488
5.53356 0.944411
5.63356 0.490166
5.73356 0.138563
5.83356 -0.218595
5.93356 -0.393859
6.03356 -0.46701
6.13356 -0.409375
6.23356 -0.242455
6.33356 -0.10429
6.43356 -0.0625516
6.53356 -0.142186
6.63356 -0.128424
6.73356 -0.150608
6.83356 -0.13398
6.93356 -0.177315
7.03356 -0.103122
7.13356 0.0740844
7.23356 0.227745
7.33356 0.480101
7.43356 0.736285
7.53356 0.894295
7.63356 0.853484
7.73356 0.662592
7.83356 0.445966
7.93356 0.261137
8.03356 0.0710055
8.13356 -0.0594135
8.23356 -0.0501122
8.33356 -0.0690907
8.43356 -0.0499148
8.53356 -0.0447584
8.63356 -0.0421817
8.73356 -0.0733512
8.83356 -0.0368477
8.93356 0.0182588
9.03356 0.115535
9.13356 0.209897
9.23356 0.268867
9.33356 0.366166
9.43356 0.309046
9.53356 0.266093
9.63356 0.176219
9.73356 0.226295
9.83356 0.317808
9.93356 0.396149
10.0336 0.534777
10.1336 0.686338
10.2336 0.885087
10.3336 1.05342
10.4336 1.15779
10.5336 1.16146
10.6336 1.32834
10.7336 1.58792
10.8336 1.70707
10.9336 1.43875
11.0336 0.86954
11.1336 0.192909
11.2336 -0.369471
11.3336 -0.790734
11.4336 -1.08619
11.5336 -1.03835
11.6336 -0.776538
11.7336 -0.446291
11.8336 -0.143379
11.9336 0.109929
12.0336 0.333772
12.1336 0.554306
12.2336 0.650313
12.3336 0.673047
12.4336 0.689886
12.5336 0.692368
12.6336 0.663655
12.7336 0.597758
12.8336 0.62542
12.9336 0.720104
13.0336 0.708299
13.1336 0.488173
13.2336 0.166077
13.3336 -0.0575976
13.4336 -0.12112
13.5336 -0.110844
13.6336 -0.0773277
13.7336 -0.0623048
13.8336 0.0177066
13.9336 0.21005
14.0336 0.324972
14.1336 0.23927
14.2336 -0.0206164
14.3336 -0.260775
14.4336 -0.309095
14.5336 -0.251273
14.6336 -0.219277
14.7336 -0.116676
14.8336 -0.00287283
14.9336 0.110442
15.0336 0.342358
15.1336 0.696703
15.2336 0.984985
15.3336 1.07497
15.4336 1.04524
15.5336 1.0778
15.6336 1.1052
15.7336 1.02821
15.8336 0.823091
15.9336 0.546669
16.0336 0.341616
16.1336 0.243661
16.2336 0.298454
16.3336 0.488244
16.4336 0.654367
16.5336 0.721789
16.6336 0.716896
16.7336 0.703547
16.8336 0.610564
16.9336 0.474637
17.0336 0.253948
17.1336 -0.103529
17.2336 -0.618321
17.3336 -1.11648
17.4336 -1.45414
17.5336 -1.50098
17.6336 -1.35913
17.7336 -1.08917
17.8336 -0.804259
17.9336 -0.444351
18.0336 -0.0561122
18.1336 0.313373
18.2336 0.698621
18.3336 1.07447
18.4336 1.38526
18.5336 1.56325
18.6336 1.6471
18.7336 1.65742
18.8336 1.53322
18.9336 1.37437
19.0336 1.30374
19.1336 1.2435
19.2336 1.118
19.3336 0.951064
19.4336 0.767519
19.5336 0.537107
19.6336 0.30065
19.7336 0.063949
19.8336 -0.263485
19.9336 -0.5653
20.0336 -0.715491
20.1336 -0.805699
20.2336 -0.938932
20.3336 -0.952199
20.4336 -0.756161
20.5336 -0.384351
20.6336 0.0695968
20.7336 0.527239
20.8336 0.968675
20.9336 1.3092
21.0336 1.52583
21.1336 1.6901
21.2336 1.7984
21.3336 1.77442
21.4336 1.55908
21.5336 1.18681
21.6336 0.672914
21.7336 0.100029
21.8336 -0.41887
21.9336 -0.865857
22.0336 -1.36146
22.1336 -1.88536
22.2336 -2.35223
22.3336 -2.51328
22.4336 -2.31462
22.5336 -1.73358
22.6336 -0.905547
22.7336 0.00261321
22.8336 0.867144
22.9336 1.61681
23.0336 2.17554
23.1336 2.50332
23.2336 2.59706
23.3336 2.51681
23.4336 2.31662
23.5336 2.06177
23.6336 1.71443
23.7336 1.42631
23.8336 1.18307
23.9336 1.11674
24.0336 1.15609
24.1336 1.08886
24.2336 0.795735
24.3336 0.346711
24.4336 -0.189039
24.5336 -0.723416
24.6336 -1.19855
24.7336 -1.59375
24.8336 -1.83647
24.9336 -1.87869
25.0336 -1.73577
25.1336 -1.37686
25.2336 -0.866949
25.3336 -0.326259
25.4336 0.149593
25.5336 0.594407
25.6336 0.9368
25.7336 1.13541
25.8336 1.25777
25.9336 1.37934
26.0336 1.50511
26.1336 1.48706
26.2336 1.35352
26.3336 1.0995
26.4336 0.793662
26.5336 0.524539
26.6336 0.271128
26.7336 0.0835152
26.8336 -0.038397
26.9336 -0.0755254
27.0336 0.0513395
27.1336 0.30385
27.2336 0.383264
27.3336 0.166997
27.4336 -0.428822
27.5336 -1.4453
27.6336 -3.00415
27.7336 -5.10073
27.8336 -7.30074
27.9336 -8.70941
28.0336 -8.38519
28.1336 -5.67374
28.2336 -0.369361
28.3336 7.70262
28.4336 18.4047
28.5336 29.8071
28.6336 38.4633
28.7336 41.1817
28.8336 35.6783
28.9336 19.1413
29.0336 -10.7732
29.1336 -50.597
29.2336 -89.7765
29.3336 -115.896
29.4336 -122.071
29.5336 -109.406
29.6336 -81.1089
29.7336 -39.2788
29.8336 11.7167
29.9336 65.4665
30.0336 113.742
30.1336 148.956
30.2336 166.309
30.3336 161.951
30.4336 128.954
30.5336 68.433
30.6336 -4.53717
30.7336 -69.0186
30.8336 -112.086
30.9336 -134.183
31.0336 -140.297
31.1336 -133.544
31.2336 -117.977
31.3336 -98.0085
31.4336 -76.244
31.5336 -53.3691
31.6336 -29.2468
31.7336 -3.81969
31.8336 22.6488
31.9336 49.2413
32.0336 74.0096
32.1336 94.0069
32.2336 106.317
32.3336 109.45
32.4336 104.086
32.5336 92.6005
32.6336 77.6438
32.7336 60.6024
32.8336 41.7917
32.9336 20.8049
33.0336 -2.60883
33.1336 -27.3193
33.2336 -50.1961
33.3336 -67.8751
33.4336 -78.5551
33.5336 -82.4926
33.6336 -81.3043
33.7336 -77.1598
33.8336 -71.7194
33.9336 -65.4365
34.0336 -57.7498
34.1336 -47.9212
34.2336 -35.5868
34.3336 -20.9962
34.4336 -5.09951
34.5336 10.4702
34.6336 24.2576
34.7336 35.6006
34.8336 44.5683
34.9336 51.4565
35.0336 56.5719
35.1336 60.1047
35.2336 61.8787
35.3336 61.2782
35.4336 57.779
35.5336 51.3132
35.6336 42.4771
35.7336 32.3646
35.8336 22.2235
35.9336 12.9238
36.0336 4.61913
36.1336 -3.281
36.2336 -11.5697
36.3336 -20.2329
36.4336 -28.5735
36.5336 -35.6091
36.6336 -40.5224
36.7336 -43.2165
36.8336 -44.2395
36.9336 -44.3028
37.0336 -43.8704
37.1336 -43.0576
37.2336 -41.5364
37.3336 -38.849
37.4336 -34.7318
37.5336 -29.2043
37.6336 -22.5562
37.7336 -15.4467
37.8336 -8.42279
37.9336 -1.77428
38.0336 4.57966
38.1336 10.9053
38.2336 17.3568
38.3336 23.8576
38.4336 30.0199
38.5336 35.2909
38.6336 39.2504
38.7336 41.7953
38.8336 43.0555
38.9336 43.1136
39.0336 41.9805
39.1336 39.611
39.2336 36.0043
39.3336 31.2441
39.4336 25.5161
39.5336 19.0325
39.6336 12.113
39.7336 5.13876
39.8336 -1.5088
39.9336 -7.59933
40.0336 -13.1486
40.1336 -18.389
40.2336 -23.3658
40.3336 -27.7235
40.4336 -31.106
40.5336 -33.2733
40.6336 -34.0734
40.7336 -33.6618
40.8336 -32.4814
40.9336 -31.1377
41.0336 -30.1078
41.1336 -29.2816
41.2336 -28.2881
41.3336 -26.7692
41.4336 -24.2785
41.5336 -20.5721
41.6336 -15.6225
41.7336 -9.52121
41.8336 -2.55865
41.9336 4.8111
42.0336 11.8828
42.1336 17.9484
42.2336 22.4925
42.3336 25.2452
42.4336 26.0541
42.5336 25.053
42.6336 22.8118
42.7336 20.2596
42.8336 18.2753
42.9336 17.3018
43.0336 17.3683
43.1336 18.1681
43.2336 19.3272
43.3336 20.4777
43.4336 21.3286
43.5336 21.587
43.6336 21.1929
43.7336 20.1033
43.8336 18.2627
43.9336 15.7803
44.0336 12.6766
44.1336 8.78163
44.2336 4.03223
44.3336 -1.4363
44.4336 -7.25266
44.5336 -12.9967
44.6336 -18.2477
44.7336 -22.7214
44.8336 -26.4399
44.9336 -29.4972
45.0336 -31.8721
45.1336 -33.505
45.2336 -34.2888
45.3336 -34.142
45.4336 -32.9488
45.5336 -30.5668
45.6336 -27.2312
45.7336 -23.3669
45.8336 -19.2306
45.9336 -14.9381
46.0336 -10.6025
46.1336 -6.21247
46.2336 -1.73588
46.3336 2.67249
46.4336 6.61792
46.5336 9.99793
46.6336 12.7518
46.7336 14.8848
46.8336 16.5623
46.9336 18.0004
47.0336 19.4122
47.1336 20.8882
47.2336 22.4401
47.3336 23.881
47.4336 24.9347
47.5336 25.4096
47.6336 25.1049
47.7336 23.8948
47.8336 21.8634
47.9336 19.1469
48.0336 15.8875
48.1336 12.4795
48.2336 9.15317
48.3336 6.00893
48.4336 3.28561
48.5336 0.988541
48.6336 -0.962392
48.7336 -2.76475
48.8336 -4.58286
48.9336 -6.36351
49.0336 -7.99559
49.1336 -9.43506
49.2336 -10.6825
49.3336 -11.7381
49.4336 -12.622
49.5336 -13.3069
49.6336 -13.8972
49.7336 -14.4652
49.8336 -15.0763
49.9336 -15.7069
50.0336 -16.2548
50.1336 -16.5675
50.2336 -16.5367
50.3336 -16.1767
50.4336 -15.4449
50.5336 -14.3431
50.6336 -12.8472
50.7336 -11.1482
50.8336 -9.42552
50.9336 -7.66494
51.0336 -5.84338
51.1336 -4.0184
51.2336 -2.30191
51.3336 -0.710643
51.4336 0.909062
51.5336 2.69342
51.6336 4.77773
51.7336 7.07749
51.8336 9.56868
51.9336 12.09
52.0336 14.3516
52.1336 16.1512
52.2336 17.3539
52.3336 17.8153
52.4336 17.7546
52.5336 17.5465
52.6336 17.3658
52.7336 17.1742
52.8336 16.9255
52.9336 16.5464
53.0336 15.8598
53.1336 14.7887
53.2336 13.4114
53.3336 11.763
53.4336 9.9075
53.5336 7.88774
53.6336 5.76636
53.7336 3.63586
53.8336 1.45998
53.9336 -0.898168
54.0336 -3.50517
54.1336 -6.21625
54.2336 -8.91927
54.3336 -11.4294
54.4336 -13.6236
54.5336 -15.371
54.6336 -16.5872
54.7336 -17.3986
54.8336 -18.0059
54.9336 -18.4558
55.0336 -18.6009
55.1336 -18.37
55.2336 -17.7306
55.3336 -16.6897
55.4336 -15.2971
55.5336 -13.7896
55.6336 -12.2141
55.7336 -10.4284
55.8336 -8.48377
55.9336 -6.43119
56.0336 -4.30408
56.1336 -2.19062
56.2336 0.0101449
56.3336 2.27357
56.4336 4.31375
56.5336 5.90863
56.6336 7.13966
56.7336 8.21143
56.8336 9.30791
56.9336 10.4324
57.0336 11.4895
57.1336 12.3752
57.2336 13.082
57.3336 13.5104
57.4336 13.7103
57.5336 13.7026
57.6336 13.5511
57.7336 13.2654
57.8336 12.7546
57.9336 11.9563
58.0336 10.9657
58.1336 9.94516
58.2336 8.95381
58.3336 7.94695
58.4336 6.84717
58.5336 5.65724
58.6336 4.48819
58.7336 3.39975
58.8336 2.27586
58.9336 1.00167
59.0336 -0.364729
59.1336 -1.66325
59.2336 -2.80282
59.3336 -3.82023
59.4336 -4.85419
59.5336 -5.99154
59.6336 -7.18793
59.7336 -8.25839
59.8336 -9.18476
59.9336 -10.1455
60.0336 -11.173
60.1336 -12.0789
60.2336 -12.7466
60.3336 -13.1595
60.4336 -13.3893
60.5336 -13.3639
60.6336 -12.9494
60.7336 -12.1112
60.8336 -10.8614
60.9336 -9.37529
61.0336 -7.85848
61.1336 -6.39732
61.2336 -4.89957
61.3336 -3.33409
61.4336 -1.7687
61.5336 -0.224446
61.6336 1.13646
61.7336 2.30621
61.8336 3.44431
61.9336 4.69566
62.0336 5.99124
62.1336 7.16935
62.2336 8.16353
62.3336 9.07773
62.4336 9.94358
62.5336 10.6816
62.6336 11.0929
62.7336 11.0272
62.8336 10.5258
62.9336 9.8117
63.0336 9.10952
63.1336 8.68064
63.2336 8.74316
63.3336 9.4079
63.4336 10.5611
63.5336 11.922
63.6336 13.0448
63.7336 13.3458
63.8336 12.2017
63.9336 9.2167
64.0336 4.48566
64.1336 -1.55294
64.2336 -7.8136
64.3336 -12.8581
64.4336 -15.6292
64.5336 -15.8345
64.6336 -13.6074
64.7336 -9.52322
64.8336 -4.51251
64.9336 0.221215
65.0336 3.59581
65.1336 5.10188
65.2336 4.59315
65.3336 2.30648
65.4336 -1.08927
65.5336 -4.664
65.6336 -7.82268
65.7336 -10.3858
65.8336 -12.1956
65.9336 -13.2849
66.0336 -13.8515
66.1336 -14.0131
66.2336 -13.658
66.3336 -12.6542
66.4336 -10.9459
66.5336 -8.72997
66.6336 -6.37518
66.7336 -4.11203
66.8336 -2.00755
66.9336 0.00502692
67.0336 1.89573
67.1336 3.70231
67.2336 5.44272
67.3336 7.01282
67.4336 8.40292
67.5336 9.44908
67.6336 10.0261
67.7336 10.0751
67.8336 9.64294
67.9336 8.94773
68.0336 8.29408
68.1336 7.94851
68.2336 7.97576
68.3336 8.1953
68.4336 8.32115
68.5336 8.32194
68.6336 8.17351
68.7336 7.89174
68.8336 7.21029
68.9336 5.97677
69.0336 4.2979
69.1336 2.47538
69.2336 0.719617
69.3336 -0.704402
69.4336 -1.66472
69.5336 -2.14391
69.6336 -2.07615
69.7336 -1.56016
69.8336 -0.882118
69.9336 -0.363093
70.0336 -0.28511
70.1336 -0.796894
70.2336 -1.74346
70.3336 -2.89772
70.4336 -4.01878
70.5336 -4.90994
70.6336 -5.49122
70.7336 -5.74326
70.8336 -5.69939
70.9336 -5.44194
71.0336 -5.0732
71.1336 -4.82739
71.2336 -4.74362
71.3336 -4.76447
71.4336 -4.81819
71.5336 -4.76667
71.6336 -4.60762
71.7336 -4.32451
71.8336 -4.00525
71.9336 -3.6324
72.0336 -3.09637
72.1336 -2.42368
72.2336 -1.75469
72.3336 -1.09655
72.4336 -0.487237
72.5336 -0.022789
72.6336 0.357677
72.7336 0.72245
72.8336 1.05877
72.9336 1.46815
73.0336 1.97104
73.1336 2.55441
73.2336 3.09782
73.3336 3.53854
73.4336 3.8341
73.5336 4.04001
73.6336 4.25118
73.7336 4.51078
73.8336 4.8242
73.9336 5.13427
74.0336 5.52667
74.1336 5.95438
74.2336 6.38742
74.3336 6.82458
74.4336 7.20355
74.5336 7.39478
74.6336 7.19001
74.7336 6.68554
74.8336 6.08384
74.9336 5.45276
75.0336 4.60699
75.1336 3.48231
75.2336 2.25354
75.3336 1.09952
75.4336 0.0741997
75.5336 -0.83603
75.6336 -1.71774
75.7336 -2.54889
75.8336 -3.28872
75.9336 -3.9768
76.0336 -4.53192
76.1336 -5.03124
76.2336 -5.58295
76.3336 -6.16813
76.4336 -6.71845
76.5336 -7.13036
76.6336 -7.32838
76.7336 -7.38464
76.8336 -7.21543
76.9336 -6.72188
77.0336 -5.94561
77.1336 -4.95854
77.2336 -3.9429
77.3336 -3.11041
77.4336 -2.4905
77.5336 -1.98554
77.6336 -1.55449
77.7336 -1.16133
77.8336 -0.845568
77.9336 -0.709588
78.0336 -0.719115
78.1336 -0.650145
78.2336 -0.33638
78.3336 0.226835
78.4336 1.05371
78.5336 1.99731
78.6336 3.09441
78.7336 4.19304
78.8336 5.30285
78.9336 6.30453
79.0336 7.06367
79.1336 7.46235
79.2336 7.54934
79.3336 7.46683
79.4336 7.42421
79.5336 7.27946
79.6336 7.08635
79.7336 6.6655
79.8336 5.98428
79.9336 5.0464
80.0336 4.00672
80.1336 2.98526
80.2336 2.04846
80.3336 1.00488
80.4336 0.0778052
80.5336 -0.56647
80.6336 -1.02958
80.7336 -1.35938
80.8336 -1.66236
80.9336 -2.00742
81.0336 -2.40823
81.1336 -2.83402
81.2336 -3.37105
81.3336 -4.0388
81.4336 -4.70879
81.5336 -5.22733
81.6336 -5.42789
81.7336 -5.40328
81.8336 -5.0761
81.9336 -4.49771
82.0336 -3.61517
82.1336 -2.8124
82.2336 -2.17738
82.3336 -1.5951
82.4336 -1.22438
82.5336 -0.846471
82.6336 -0.33547
82.7336 0.179863
82.8336 0.618362
82.9336 0.84187
83.0336 0.96
83.1336 0.976296
83.2336 0.83323
83.3336 0.597749
83.4336 0.30551
83.5336 0.0592762
83.6336 -0.080216
83.7336 -0.192468
83.8336 -0.286652
83.9336 -0.16296
84.0336 0.0658556
84.1336 0.474582
84.2336 1.02847
84.3336 1.60492
84.4336 2.10675
84.5336 2.50347
84.6336 2.65621
84.7336 2.78382
84.8336 2.89661
84.9336 3.04301
85.0336 3.08955
85.1336 2.95575
85.2336 2.7665
85.3336 2.55108
85.4336 2.28854
85.5336 2.08665
85.6336 1.86716
85.7336 1.43945
85.8336 1.07946
85.9336 0.859211
86.0336 0.804028
86.1336 0.656507
86.2336 0.402818
86.3336 0.0510607
86.4336 -0.21068
86.5336 -0.540559
86.6336 -0.940948
86.7336 -1.37528
86.8336 -1.87293
86.9336 -2.20747
87.0336 -2.29427
87.1336 -2.08764
87.2336 -1.75752
87.3336 -1.30496
87.4336 -0.777428
87.5336 -0.393839
87.6336 -0.161283
87.7336 -0.160791
87.8336 -0.276883
87.9336 -0.369618
88.0336 -0.43614
88.1336 -0.629001
88.2336 -0.793478
88.3336 -1.05901
88.4336 -1.22043
88.5336 -1.24058
88.6336 -1.09628
88.7336 -0.840871
88.8336 -0.514079
88.9336 -0.282631
89.0336 -0.0787524
89.1336 0.195623
89.2336 0.467797
89.3336 0.806182
89.4336 0.980845
89.5336 0.993615
89.6336 0.871165
89.7336 0.762634
89.8336 0.794822
89.9336 0.866507
90.0336 0.946846
90.1336 0.913467
90.2336 0.807298
90.3336 0.735061
90.4336 0.657931
90.5336 0.592949
90.6336 0.588551
90.7336 0.569005
90.8336 0.57436
90.9336 0.582637
91.0336 0.61126
91.1336 0.651188
91.2336 0.746291
91.3336 0.851794
91.4336 0.836909
91.5336 0.771117
91.6336 0.89045
91.7336 0.806791
91.8336 0.656571
91.9336 0.574665
92.0336 0.47665
92.1336 0.399669
92.2336 0.208244
92.3336 0.0199049
92.4336 -0.122396
92.5336 -0.112352
92.6336 -0.0622082
92.7336 -0.0458554
92.8336 -0.0583392
92.9336 0.0473032
93.0336 0.00497612
93.1336 -0.0608362
93.2336 -0.248148
93.3336 -0.364681
93.4336 -0.507896
93.5336 -0.515621
93.6336 -0.513526
93.7336 -0.50635
93.8336 -0.469662
93.9336 -0.477618
94.0336 -0.39827
94.1336 -0.294395
94.2336 -0.124881
94.3336 0.0136196
94.4336 0.131927
94.5336 0.0835442
94.6336 0.0164967
94.7336 -0.0956585
94.8336 -0.228789
94.9336 -0.523262
