-7.92834 -0.196865
-7.82834 -0.265251
-7.72834 -0.300222
-7.62834 -0.266265
-7.52834 -0.256138
-7.42834 -0.090628
-7.32834 0.0783995
-7.22834 0.191174
-7.12834 0.215076
-7.02834 0.16659
-6.92834 0.302065
-6.82834 0.335067
-6.72834 0.33125
-6.62834 0.262636
-6.52834 0.191895
-6.42834 0.163209
-6.32834 0.0824659
-6.22834 0.127016
-6.12834 0.0978924
-6.02834 0.0747425
-5.92834 0.0172384
-5.82834 -0.023407
-5.72834 -0.0587258
-5.62834 -0.058622
-5.52834 0.00287529
-5.42834 0.0218955
-5.32834 0.0777097
-5.22834 0.128938
-5.12834 0.272959
-5.02834 0.372815
-4.92834 0.334851
-4.82834 0.273585
-4.72834 0.233755
-4.62834 0.14596
-4.52834 0.123596
-4.42834 0.0696886
-4.32834 -0.028495
-4.22834 -0.0871778
-4.12834 -0.190597
-4.02834 -0.0644493
-3.92834 0.0626885
-3.82834 0.187947
-3.72834 0.320418
-3.62834 0.449219
-3.52834 0.612129
-3.42834 0.715595
-3.32834 0.778682
-3.22834 0.778437
-3.12834 0.720805
-3.02834 0.77458
-2.92834 0.685849
-2.82834 0.539284
-2.72834 0.24794
-2.62834 0.00347956
-2.52834 -0.181291
-2.42834 -0.257403
-2.32834 -0.298855
-2.22834 -0.322916
-2.12834 -0.310227
-2.02834 -0.27162
-1.92834 -0.219502
-1.82834 -0.0720675
-1.72834 0.0119043
-1.62834 0.116016
-1.52834 0.210881
-1.42834 0.253302
-1.32834 0.194221
-1.22834 0.152823
-1.12834 0.11751
-1.02834 0.126654
-0.928337 0.259058
-0.828337 0.367837
-0.728337 0.526795
-0.628337 0.616829
-0.528337 0.649483
-0.428337 0.731618
-0.328337 0.731997
-0.228337 0.565646
-0.128337 0.334594
-0.0283374 0.0441225
0.0716626 -0.173972
0.171663 -0.213031
0.271663 -0.0547783
0.371663 0.0883112
0.471663 0.0882877
0.571663 0.0377153
0.671663 0.0553356
0.771663 0.150427
0.871663 0.259023
0.971663 0.34591
1.07166 0.438013
1.17166 0.608574
1.27166 0.849357
1.37166 0.964245
1.47166 0.905112
1.57166 0.765226
1.67166 0.51952
1.77166 0.156862
1.87166 -0.0550573
1.97166 -0.0869393
2.07166 -0.115091
2.17166 -0.152849
2.27166 -0.106184
2.37166 -0.0502211
2.47166 0.0207578
2.57166 0.153264
2.67166 0.251249
2.77166 0.192667
2.87166 0.137814
2.97166 0.21885
3.07166 0.403768
3.17166 0.524254
3.27166 0.664055
3.37166 0.716766
3.47166 0.67355
3.57166 0.483985
3.67166 0.336191
3.77166 0.00651542
3.87166 -0.267258
3.97166 -0.4703
4.07166 -0.56276
4.17166 -0.490495
4.27166 -0.254984
4.37166 0.147779
4.47166 0.577861
4.57166 1.08243
4.67166 1.5958
4.77166 1.91103
4.87166 1.93991
4.97166 1.58935
5.07166 1.17053
5.17166 0.688306
5.27166 0.289353
5.37166 0.0383177
5.47166 0.00465339
5.57166 -0.0112574
5.67166 -0.0504038
5.77166 -0.149432
5.87166 -0.184494
5.97166 -0.178457
6.07166 -0.200273
6.17166 -0.221541
6.27166 -0.113834
6.37166 0.146494
6.47166 0.385003
6.57166 0.607568
6.67166 0.780118
6.77166 0.827796
6.87166 0.847687
6.97166 0.637629
7.07166 0.26765
7.17166 -0.103438
7.27166 -0.358074
7.37166 -0.412329
7.47166 -0.411504
7.57166 -0.329488
7.67166 -0.218729
7.77166 -0.16473
7.87166 -0.0207208
7.97166 0.177389
8.07166 0.289402
8.17166 0.267465
8.27166 0.299308
8.37166 0.377477
8.47166 0.403463
8.57166 0.449226
8.67166 0.498872
8.77166 0.499795
8.87166 0.477097
8.97166 0.5064
9.07166 0.488368
9.17166 0.463884
9.27166 0.469848
9.37166 0.347768
9.47166 0.197044
9.57166 0.152235
9.67166 0.17705
9.77166 0.28714
9.87166 0.466308
9.97166 0.740448
10.0717 0.966054
10.1717 1.07973
10.2717 1.18498
10.3717 1.20115
10.4717 1.13762
10.5717 1.07915
10.6717 0.970655
10.7717 0.773213
10.8717 0.549018
10.9717 0.369655
11.0717 0.275839
11.1717 0.176628
11.2717 0.0156904
11.3717 -0.185009
11.4717 -0.399446
11.5717 -0.67084
11.6717 -0.967425
11.7717 -1.13207
11.8717 -1.10297
11.9717 -0.964441
12.0717 -0.699726
12.1717 -0.333187
12.2717 0.0427621
12.3717 0.362757
12.4717 0.639402
12.5717 0.86076
12.6717 1.01639
12.7717 1.10772
12.8717 1.12966
12.9717 1.10548
13.0717 1.03938
13.1717 0.956548
13.2717 0.755064
13.3717 0.431056
13.4717 0.106317
13.5717 -0.147058
13.6717 -0.296027
13.7717 -0.359957
13.8717 -0.381505
13.9717 -0.341235
14.0717 -0.225563
14.1717 -0.0795967
14.2717 0.0692578
14.3717 0.313384
14.4717 0.690732
14.5717 1.04328
14.6717 1.35437
14.7717 1.54703
14.8717 1.65438
14.9717 1.66132
15.0717 1.59545
15.1717 1.418
15.2717 1.19054
15.3717 0.91243
15.4717 0.626501
15.5717 0.367034
15.6717 0.223424
15.7717 0.249688
15.8717 0.25437
15.9717 0.0925058
16.0717 -0.161771
16.1717 -0.383638
16.2717 -0.509876
16.3717 -0.522823
16.4717 -0.515827
16.5717 -0.594553
16.6717 -0.778066
16.7717 -0.895648
16.8717 -0.886145
16.9717 -0.708245
17.0717 -0.405224
17.1717 -0.0498945
17.2717 0.226177
17.3717 0.372841
17.4717 0.449479
17.5717 0.60933
17.6717 0.818019
17.7717 0.982883
17.8717 1.04679
17.9717 0.95832
18.0717 0.871336
18.1717 0.896723
18.2717 0.957278
18.3717 1.01304
18.4717 0.930094
18.5717 0.58081
18.6717 0.0548655
18.7717 -0.357237
18.8717 -0.53603
18.9717 -0.554701
19.0717 -0.487095
19.1717 -0.302521
19.2717 -0.148276
19.3717 0.0192389
19.4717 0.295685
19.5717 0.613647
19.6717 0.843165
19.7717 0.988681
19.8717 1.08368
19.9717 1.22192
20.0717 1.40181
20.1717 1.44239
20.2717 1.28703
20.3717 0.976792
20.4717 0.635151
20.5717 0.455996
20.6717 0.4241
20.7717 0.389972
20.8717 0.344297
20.9717 0.304891
21.0717 0.177083
21.1717 -0.035402
21.2717 -0.322771
21.3717 -0.617599
21.4717 -0.838078
21.5717 -0.965733
21.6717 -0.988871
21.7717 -0.846647
21.8717 -0.592757
21.9717 -0.318836
22.0717 -0.0625007
22.1717 0.180197
22.2717 0.394396
22.3717 0.570191
22.4717 0.694089
22.5717 0.801729
22.6717 0.989258
22.7717 1.28221
22.8717 1.60016
22.9717 1.74421
23.0717 1.71998
23.1717 1.57363
23.2717 1.32407
23.3717 1.01564
23.4717 0.640985
23.5717 0.228659
23.6717 -0.180968
23.7717 -0.506043
23.8717 -0.635995
23.9717 -0.583576
24.0717 -0.482886
24.1717 -0.380713
24.2717 -0.340435
24.3717 -0.35263
24.4717 -0.367794
24.5717 -0.354845
24.6717 -0.329212
24.7717 -0.289367
24.8717 -0.230295
24.9717 -0.106394
25.0717 0.0547517
25.1717 0.273073
25.2717 0.529235
25.3717 0.742848
25.4717 0.946958
25.5717 1.08382
25.6717 1.14787
25.7717 1.18822
25.8717 1.1567
25.9717 1.08067
26.0717 1.04325
26.1717 1.04519
26.2717 1.07494
26.3717 1.09112
26.4717 1.11558
26.5717 1.17747
26.6717 1.17
26.7717 0.975291
26.8717 0.465993
26.9717 -0.585184
27.0717 -2.35051
27.1717 -4.55086
27.2717 -6.61658
27.3717 -8.0064
27.4717 -8.08794
27.5717 -6.29624
27.6717 -2.34698
27.7717 4.04916
27.8717 12.8442
27.9717 22.6608
28.0717 30.8647
28.1717 34.695
28.2717 32.0576
28.3717 21.1063
28.4717 -0.89959
28.5717 -34.1025
28.6717 -71.1969
28.7717 -99.4097
28.8717 -109.678
28.9717 -101.59
29.0717 -78.9185
29.1717 -44.1407
29.2717 -0.381574
29.3717 48.082
29.4717 93.5492
29.5717 127.893
29.6717 146.104
29.7717 145.574
29.8717 118.476
29.9717 64.6757
30.0717 -0.35264
30.1717 -57.2912
30.2717 -95.5155
30.3717 -113.905
30.4717 -117.103
30.5717 -109.742
30.6717 -96.0388
30.7717 -79.9372
30.8717 -63.569
30.9717 -47.0363
31.0717 -29.7636
31.1717 -11.3429
31.2717 8.52801
31.3717 29.888
31.4717 51.7
31.5717 71.3792
31.6717 86.0817
31.7717 93.9592
31.8717 94.2257
31.9717 87.5906
32.0717 76.0892
32.1717 61.4841
32.2717 44.8181
32.3717 26.2319
32.4717 5.32102
32.5717 -17.7542
32.6717 -40.8663
32.7717 -60.1405
32.8717 -72.5897
32.9717 -77.7844
33.0717 -76.9632
33.1717 -72.3424
33.2717 -66.1126
33.3717 -59.363
33.4717 -51.9946
33.5717 -43.4598
33.6717 -33.1362
33.7717 -20.6495
33.8717 -6.51544
33.9717 7.8575
34.0717 20.7241
34.1717 31.1282
34.2717 38.9088
34.3717 44.3044
34.4717 47.8796
34.5717 50.2962
34.6717 51.9607
34.7717 52.5369
34.8717 51.3356
34.9717 47.6904
35.0717 41.2845
35.1717 32.8304
35.2717 23.725
35.3717 15.1131
35.4717 7.15833
35.5717 -0.439644
35.6717 -8.3292
35.7717 -16.9781
35.8717 -26.0939
35.9717 -34.5233
36.0717 -40.9232
36.1717 -44.5815
36.2717 -45.507
36.3717 -44.5577
36.4717 -42.7888
36.5717 -40.8183
36.6717 -38.6361
36.7717 -35.6557
36.8717 -31.3431
36.9717 -25.387
37.0717 -18.1384
37.1717 -10.337
37.2717 -2.91048
37.3717 3.52287
37.4717 8.9239
37.5717 13.7064
37.6717 18.3508
37.7717 23.1251
37.8717 27.9195
37.9717 32.2978
38.0717 35.5606
38.1717 37.1762
38.2717 37.1277
38.3717 35.7792
38.4717 33.7098
38.5717 31.2846
38.6717 28.4605
38.7717 24.9372
38.8717 20.4795
38.9717 15.0515
39.0717 8.87898
39.1717 2.50256
39.2717 -3.51849
39.3717 -8.88512
39.4717 -13.5113
39.5717 -17.6451
39.6717 -21.3802
39.7717 -24.7913
39.8717 -27.8378
39.9717 -30.1564
40.0717 -31.206
40.1717 -30.7829
40.2717 -29.2464
40.3717 -27.289
40.4717 -25.4614
40.5717 -23.9284
40.6717 -22.4823
40.7717 -20.6744
40.8717 -18.105
40.9717 -14.5579
41.0717 -10.0586
41.1717 -4.84952
41.2717 0.7021
41.3717 6.14071
41.4717 11.2386
41.5717 15.7678
41.6717 19.4776
41.7717 22.0304
41.8717 23.2186
41.9717 22.9715
42.0717 21.488
42.1717 19.3408
42.2717 17.1341
42.3717 15.4766
42.4717 14.7783
42.5717 15.0617
42.6717 15.9682
42.7717 16.9224
42.8717 17.4057
42.9717 17.1867
43.0717 16.2081
43.1717 14.6387
43.2717 12.646
43.3717 10.2652
43.4717 7.42204
43.5717 3.98618
43.6717 -0.0700362
43.7717 -4.66213
43.8717 -9.44777
43.9717 -14.0843
44.0717 -18.2066
44.1717 -21.5456
44.2717 -24.1729
44.3717 -26.291
44.4717 -27.931
44.5717 -28.9912
44.6717 -29.3047
44.7717 -28.7733
44.8717 -27.3226
44.9717 -24.7797
45.0717 -21.3327
45.1717 -17.4696
45.2717 -13.5779
45.3717 -9.83924
45.4717 -6.20377
45.5717 -2.58453
45.6717 1.0653
45.7717 4.68312
45.8717 8.08095
45.9717 11.0377
46.0717 13.382
46.1717 15.0922
46.2717 16.3348
46.3717 17.3267
46.4717 18.2812
46.5717 19.3138
46.6717 20.3698
46.7717 21.3501
46.8717 22.0287
46.9717 22.1156
47.0717 21.4031
47.1717 19.8882
47.2717 17.6405
47.3717 14.863
47.4717 11.8421
47.5717 8.77197
47.6717 5.81462
47.7717 3.12438
47.8717 0.905853
47.9717 -0.93399
48.0717 -2.73194
48.1717 -4.63989
48.2717 -6.60116
48.3717 -8.5508
48.4717 -10.5042
48.5717 -12.42
48.6717 -14.0705
48.7717 -15.2211
48.8717 -15.7359
48.9717 -15.6259
49.0717 -15.0169
49.1717 -14.2526
49.2717 -13.6481
49.3717 -13.0844
49.4717 -12.5099
49.5717 -12.046
49.6717 -11.5259
49.7717 -10.8155
49.8717 -9.85215
49.9717 -8.66002
50.0717 -7.35453
50.1717 -5.96077
50.2717 -4.46845
50.3717 -2.90854
50.4717 -1.43239
50.5717 -0.204629
50.6717 0.878414
50.7717 2.01366
50.8717 3.18523
50.9717 4.47526
51.0717 6.10005
51.1717 8.10664
51.2717 10.3948
51.3717 12.8143
51.4717 14.968
51.5717 16.5133
51.6717 17.29
51.7717 17.3094
51.8717 16.7129
51.9717 15.7056
52.0717 14.5819
52.1717 13.5118
52.2717 12.5636
52.3717 11.6556
52.4717 10.6959
52.5717 9.56251
52.6717 8.15715
52.7717 6.47961
52.8717 4.64201
52.9717 2.74897
53.0717 0.858483
53.1717 -1.16827
53.2717 -3.28613
53.3717 -5.41376
53.4717 -7.55473
53.5717 -9.58025
53.6717 -11.3954
53.7717 -12.9419
53.8717 -14.162
53.9717 -15.1144
54.0717 -15.7131
54.1717 -15.9884
54.2717 -15.962
54.3717 -15.6853
54.4717 -15.2018
54.5717 -14.4519
54.6717 -13.3352
54.7717 -11.877
54.8717 -10.2299
54.9717 -8.46178
55.0717 -6.7173
55.1717 -4.92423
55.2717 -3.10665
55.3717 -1.26306
55.4717 0.479536
55.5717 2.0937
55.6717 3.65866
55.7717 5.13113
55.8717 6.34056
55.9717 7.28529
56.0717 8.13086
56.1717 8.96464
56.2717 9.78036
56.3717 10.6229
56.4717 11.5215
56.5717 12.3509
56.6717 12.9616
56.7717 13.212
56.8717 13.0254
56.9717 12.4284
57.0717 11.5555
57.1717 10.578
57.2717 9.51141
57.3717 8.38696
57.4717 7.26421
57.5717 6.09774
57.6717 4.90028
57.7717 3.77087
57.8717 2.7429
57.9717 1.76097
58.0717 0.797396
58.1717 -0.227356
58.2717 -1.35941
58.3717 -2.57134
58.4717 -3.78273
58.5717 -4.82335
58.6717 -5.58287
58.7717 -6.05961
58.8717 -6.35128
58.9717 -6.6028
59.0717 -6.90697
59.1717 -7.33312
59.2717 -7.92265
59.3717 -8.5867
59.4717 -9.26988
59.5717 -9.83638
59.6717 -10.2904
59.7717 -10.5814
59.8717 -10.6931
59.9717 -10.5772
60.0717 -10.2436
60.1717 -9.57345
60.2717 -8.52196
60.3717 -7.2158
60.4717 -5.61134
60.5717 -3.75267
60.6717 -1.84527
60.7717 -0.00818295
60.8717 1.7262
60.9717 3.29778
61.0717 4.63556
61.1717 5.7515
61.2717 6.65624
61.3717 7.36195
61.4717 7.91268
61.5717 8.4263
61.6717 9.0316
61.7717 9.69264
61.8717 10.3242
61.9717 10.7535
62.0717 10.9557
62.1717 10.7169
62.2717 9.84605
62.3717 8.55689
62.4717 7.15122
62.5717 5.85547
62.6717 4.99776
62.7717 4.84012
62.8717 5.42492
62.9717 6.47543
63.0717 7.56605
63.1717 8.10508
63.2717 7.64393
63.3717 5.93247
63.4717 2.78077
63.5717 -1.72793
63.6717 -6.76288
63.7717 -11.1781
63.8717 -13.996
63.9717 -14.7862
64.0717 -13.5731
64.1717 -10.6796
64.2717 -6.79917
64.3717 -2.9098
64.4717 0.167386
64.5717 1.93765
64.6717 2.06956
64.7717 0.730566
64.8717 -1.51203
64.9717 -4.08444
65.0717 -6.48076
65.1717 -8.38264
65.2717 -9.70153
65.3717 -10.4203
65.4717 -10.6443
65.5717 -10.4351
65.6717 -9.87994
65.7717 -8.8694
65.8717 -7.29982
65.9717 -5.31211
66.0717 -3.10814
66.1717 -0.901221
66.2717 1.10042
66.3717 2.79821
66.4717 4.17495
66.5717 5.32369
66.6717 6.32377
66.7717 7.19984
66.8717 7.92949
66.9717 8.51498
67.0717 8.91436
67.1717 9.02138
67.2717 8.84346
67.3717 8.55124
67.4717 8.30849
67.5717 8.2018
67.6717 8.23148
67.7717 8.29138
67.8717 8.18531
67.9717 7.78777
68.0717 7.06684
68.1717 6.03297
68.2717 4.81044
68.3717 3.55242
68.4717 2.40709
68.5717 1.32136
68.6717 0.236447
68.7717 -0.786544
68.8717 -1.60557
68.9717 -2.21606
69.0717 -2.69187
69.1717 -3.07533
69.2717 -3.43284
69.3717 -3.82574
69.4717 -4.34727
69.5717 -5.01502
69.6717 -5.67474
69.7717 -6.0996
69.8717 -6.23428
69.9717 -6.02755
70.0717 -5.48016
70.1717 -4.85476
70.2717 -4.279
70.3717 -3.78048
70.4717 -3.47872
70.5717 -3.44117
70.6717 -3.63212
70.7717 -3.83178
70.8717 -3.88167
70.9717 -3.82145
71.0717 -3.55844
71.1717 -3.00591
71.2717 -2.21131
71.3717 -1.239
71.4717 -0.280853
71.5717 0.451728
71.6717 1.01189
71.7717 1.53791
71.8717 1.94613
71.9717 2.08613
72.0717 2.035
72.1717 1.90843
72.2717 1.80982
72.3717 1.83417
72.4717 2.10452
72.5717 2.61766
72.6717 3.2235
72.7717 3.84055
72.8717 4.44997
72.9717 5.0667
73.0717 5.61288
73.1717 5.97763
73.2717 6.16826
73.3717 6.23713
73.4717 6.17246
73.5717 5.99075
73.6717 5.63889
73.7717 5.03964
73.8717 4.36933
73.9717 3.80254
74.0717 3.3874
74.1717 3.06898
74.2717 2.69589
74.3717 2.20418
74.4717 1.72084
74.5717 1.26738
74.6717 0.721276
74.7717 -0.0102273
74.8717 -0.856909
74.9717 -1.83208
75.0717 -2.9179
75.1717 -3.98802
75.2717 -4.90949
75.3717 -5.63549
75.4717 -6.19956
75.5717 -6.54731
75.6717 -6.76592
75.7717 -6.82694
75.8717 -6.66516
75.9717 -6.33749
76.0717 -5.92017
76.1717 -5.43282
76.2717 -4.88607
76.3717 -4.30108
76.4717 -3.58827
76.5717 -2.81263
76.6717 -2.05911
76.7717 -1.30279
76.8717 -0.504588
76.9717 0.229873
77.0717 0.831381
77.1717 1.22024
77.2717 1.45717
77.3717 1.56726
77.4717 1.65489
77.5717 1.8041
77.6717 1.99891
77.7717 2.3006
77.8717 2.71983
77.9717 3.25527
78.0717 3.85676
78.1717 4.42296
78.2717 4.93884
78.3717 5.39903
78.4717 5.7551
78.5717 6.01659
78.6717 6.17341
78.7717 6.12764
78.8717 5.91661
78.9717 5.51149
79.0717 4.93461
79.1717 4.30926
79.2717 3.66737
79.3717 2.90848
79.4717 2.04585
79.5717 1.16708
79.6717 0.278534
79.7717 -0.492485
79.8717 -1.17675
79.9717 -1.69789
80.0717 -1.93391
80.1717 -2.00012
80.2717 -1.95441
80.3717 -2.03485
80.4717 -2.1689
80.5717 -2.55407
80.6717 -2.9883
80.7717 -3.3767
80.8717 -3.67076
80.9717 -3.94288
81.0717 -4.00726
81.1717 -3.9945
81.2717 -3.7908
81.3717 -3.39182
81.4717 -2.80446
81.5717 -2.19453
81.6717 -1.6595
81.7717 -1.07249
81.8717 -0.522563
81.9717 -0.152304
82.0717 0.0564059
82.1717 0.179823
82.2717 0.409837
82.3717 0.66718
82.4717 0.871352
82.5717 0.919652
82.6717 0.92322
82.7717 0.741783
82.8717 0.398233
82.9717 0.125078
83.0717 0.154073
83.1717 0.356303
83.2717 0.578426
83.3717 0.8028
83.4717 0.986548
83.5717 1.148
83.6717 1.35287
83.7717 1.71186
83.8717 2.0612
83.9717 2.36622
84.0717 2.46256
84.1717 2.50056
84.2717 2.46467
84.3717 2.35049
84.4717 2.25883
84.5717 2.19131
84.6717 2.02478
84.7717 1.80661
84.8717 1.61665
84.9717 1.5615
85.0717 1.45347
85.1717 1.30765
85.2717 1.10644
85.3717 0.841506
85.4717 0.688541
85.5717 0.450229
85.6717 0.155179
85.7717 -0.121644
85.8717 -0.352767
85.9717 -0.625802
86.0717 -0.779409
86.1717 -0.861866
86.2717 -0.886481
86.3717 -0.915215
86.4717 -0.980259
86.5717 -1.14645
86.6717 -1.35687
86.7717 -1.50511
86.8717 -1.66707
86.9717 -1.74047
87.0717 -1.65655
87.1717 -1.54091
87.2717 -1.49046
87.3717 -1.45635
87.4717 -1.34944
87.5717 -1.19463
87.6717 -0.885912
87.7717 -0.645514
87.8717 -0.387627
87.9717 -0.222732
88.0717 0.0248771
88.1717 0.272131
88.2717 0.467984
88.3717 0.561525
88.4717 0.622654
88.5717 0.59097
88.6717 0.585297
88.7717 0.585111
88.8717 0.666599
88.9717 0.749478
89.0717 0.868132
89.1717 1.12618
89.2717 1.32792
89.3717 1.47058
89.4717 1.59708
89.5717 1.73243
89.6717 1.67797
89.7717 1.41791
89.8717 1.05462
89.9717 0.679059
90.0717 0.388935
90.1717 0.220194
90.2717 0.167478
90.3717 0.20905
90.4717 0.286356
90.5717 0.553133
90.6717 0.752149
90.7717 0.915113
90.8717 0.932188
90.9717 0.891446
91.0717 0.907433
91.1717 0.798455
91.2717 0.570236
91.3717 0.245148
91.4717 -0.0557141
91.5717 -0.361245
91.6717 -0.584113
91.7717 -0.644727
91.8717 -0.565987
91.9717 -0.456426
92.0717 -0.359524
92.1717 -0.194115
92.2717 -0.093401
92.3717 -0.0227805
92.4717 -0.0401619
92.5717 -0.0979003
92.6717 -0.163666
92.7717 -0.23606
92.8717 -0.241526
92.9717 -0.22103
93.0717 -0.144724
93.1717 -0.0834025
93.2717 -0.0159677
93.3717 -0.0556085
93.4717 -0.13184
93.5717 -0.146227
93.6717 -0.107828
93.7717 -0.0710715
93.8717 0.00429624
93.9717 -0.0134277
94.0717 -0.00423575
94.1717 -0.1277
94.2717 -0.234931
94.3717 -0.40975
