-4.35618 -0.76173
-4.25618 -0.859344
-4.15618 -0.920587
-4.05618 -0.862428
-3.95618 -0.721483
-3.85618 -0.539162
-3.75618 -0.439232
-3.65618 -0.237565
-3.55618 -0.0888641
-3.45618 0.0226069
-3.35618 0.140243
-3.25618 0.284906
-3.15618 0.547889
-3.05618 0.720494
-2.95618 0.809578
-2.85618 0.808639
-2.75618 0.82447
-2.65618 0.720931
-2.55618 0.583771
-2.45618 0.40036
-2.35618 0.0481426
-2.25618 -0.321979
-2.15618 -0.665378
-2.05618 -0.922275
-1.95618 -0.905875
-1.85618 -0.611224
-1.75618 -0.199272
-1.65618 0.198506
-1.55618 0.559597
-1.45618 0.867746
-1.35618 1.19883
-1.25618 1.59995
-1.15618 1.99439
-1.05618 2.17928
-0.956179 2.28635
-0.856179 2.24086
-0.756179 2.10695
-0.656179 1.8344
-0.556179 1.3866
-0.456179 0.815107
-0.356179 0.0641964
-0.256179 -0.6489
-0.156179 -1.16053
-0.0561788 -1.48172
0.0438212 -1.69924
0.143821 -1.74237
0.243821 -1.67909
0.343821 -1.38535
0.443821 -1.0546
0.543821 -0.773575
0.643821 -0.578485
0.743821 -0.614356
0.843821 -0.743589
0.943821 -0.797788
1.04382 -0.836001
1.14382 -0.879961
1.24382 -0.859302
1.34382 -0.595523
1.44382 -0.124069
1.54382 0.490863
1.64382 1.14351
1.74382 1.6708
1.84382 1.98168
1.94382 2.11781
2.04382 2.14094
2.14382 1.96142
2.24382 1.63191
2.34382 1.29241
2.44382 0.876487
2.54382 0.429212
2.64382 -0.00792095
2.74382 -0.28465
2.84382 -0.431514
2.94382 -0.534505
3.04382 -0.559481
3.14382 -0.412409
3.24382 -0.105228
3.34382 0.363459
3.44382 0.662621
3.54382 0.723424
3.64382 0.647198
3.74382 0.629441
3.84382 0.641765
3.94382 0.476482
4.04382 0.0706228
4.14382 -0.236529
4.24382 -0.502675
4.34382 -0.645945
4.44382 -0.532725
4.54382 -0.388614
4.64382 -0.210495
4.74382 -0.0063142
4.84382 0.145997
4.94382 0.314491
5.04382 0.401837
5.14382 0.376559
5.24382 0.365167
5.34382 0.333928
5.44382 0.167344
5.54382 -0.0440099
5.64382 -0.205517
5.74382 -0.368012
5.84382 -0.380459
5.94382 -0.245206
6.04382 -0.0416762
6.14382 0.161067
6.24382 0.378868
6.34382 0.569554
6.44382 0.741562
6.54382 0.906342
6.64382 0.93645
6.74382 0.765629
6.84382 0.416073
6.94382 -0.0373684
7.04382 -0.338598
7.14382 -0.567325
7.24382 -0.631852
7.34382 -0.580697
7.44382 -0.293745
7.54382 0.176867
7.64382 0.63438
7.74382 1.10882
7.84382 1.54889
7.94382 1.75597
8.04382 1.66278
8.14382 1.34116
8.24382 0.876943
8.34382 0.344869
8.44382 -0.208841
8.54382 -0.639856
8.64382 -0.899529
8.74382 -1.10766
8.84382 -1.16064
8.94382 -0.982137
9.04382 -0.758867
9.14382 -0.555702
9.24382 -0.19134
9.34382 0.17312
9.44382 0.378121
9.54382 0.506113
9.64382 0.671981
9.74382 0.907118
9.84382 1.11152
9.94382 1.30098
10.0438 1.43907
10.1438 1.50945
10.2438 1.47112
10.3438 1.2891
10.4438 0.973062
10.5438 0.579048
10.6438 0.194428
10.7438 -0.167531
10.8438 -0.522715
10.9438 -0.716395
11.0438 -0.736809
11.1438 -0.59016
11.2438 -0.312504
11.3438 0.0225947
11.4438 0.213711
11.5438 0.170508
11.6438 -0.0115523
11.7438 -0.181778
11.8438 -0.338997
11.9438 -0.463974
12.0438 -0.439711
12.1438 -0.251645
12.2438 0.126616
12.3438 0.573645
12.4438 0.94483
12.5438 1.17281
12.6438 1.28713
12.7438 1.37024
12.8438 1.45609
12.9438 1.38924
13.0438 1.14207
13.1438 0.785235
13.2438 0.425086
13.3438 0.193003
13.4438 0.0567646
13.5438 -0.0794079
13.6438 -0.391621
13.7438 -0.742647
13.8438 -0.927889
13.9438 -0.995929
14.0438 -1.1236
14.1438 -1.2731
14.2438 -1.34754
14.3438 -1.22115
14.4438 -0.930972
14.5438 -0.569225
14.6438 -0.144991
14.7438 0.35494
14.8438 0.895099
14.9438 1.37025
15.0438 1.59659
15.1438 1.57661
15.2438 1.4365
15.3438 1.2562
15.4438 1.09308
15.5438 0.910654
15.6438 0.769398
15.7438 0.763447
15.8438 0.813001
15.9438 0.792425
16.0438 0.68054
16.1438 0.529836
16.2438 0.296767
16.3438 0.0498419
16.4438 -0.0860926
16.5438 -0.124494
16.6438 -0.163333
16.7438 -0.144733
16.8438 -0.0256453
16.9438 0.079387
17.0438 0.137843
17.1438 0.170611
17.2438 0.107084
17.3438 -0.0521893
17.4438 -0.27278
17.5438 -0.393251
17.6438 -0.379596
17.7438 -0.268617
17.8438 -0.100392
17.9438 0.0730378
18.0438 0.306133
18.1438 0.566671
18.2438 0.803719
18.3438 0.896061
18.4438 0.890666
18.5438 0.800123
18.6438 0.604998
18.7438 0.419519
18.8438 0.197277
18.9438 -0.00696659
19.0438 -0.101543
19.1438 -0.0914501
19.2438 0.0257613
19.3438 0.112156
19.4438 0.0601102
19.5438 -0.0492655
19.6438 -0.228046
19.7438 -0.51991
19.8438 -0.877503
19.9438 -1.25622
20.0438 -1.44664
20.1438 -1.37085
20.2438 -1.10025
20.3438 -0.598323
20.4438 0.0608012
20.5438 0.767153
20.6438 1.50346
20.7438 2.11403
20.8438 2.56493
20.9438 2.79751
21.0438 2.79014
21.1438 2.57482
21.2438 2.27226
21.3438 1.91031
21.4438 1.45008
21.5438 0.938431
21.6438 0.365744
21.7438 -0.220207
21.8438 -0.688434
21.9438 -0.950674
22.0438 -1.07194
22.1438 -1.1571
22.2438 -1.18701
22.3438 -1.19432
22.4438 -1.22769
22.5438 -1.23023
22.6438 -1.20349
22.7438 -1.14462
22.8438 -1.01141
22.9438 -0.878803
23.0438 -0.783217
23.1438 -0.631621
23.2438 -0.50091
23.3438 -0.466954
23.4438 -0.386301
23.5438 -0.135393
23.6438 0.351664
23.7438 0.974622
23.8438 1.57421
23.9438 2.07154
24.0438 2.42929
24.1438 2.56415
24.2438 2.53876
24.3438 2.51919
24.4438 2.37525
24.5438 1.95857
24.6438 1.26825
24.7438 0.315854
24.8438 -1.01124
24.9438 -2.64801
25.0438 -4.64752
25.1438 -6.77736
25.2438 -8.50869
25.3438 -9.10563
25.4438 -7.85135
25.5438 -4.40035
25.6438 1.3544
25.7438 9.48196
25.8438 19.5107
25.9438 29.3895
26.0438 35.9884
26.1438 36.665
26.2438 29.5764
26.3438 12.087
26.4438 -17.2904
26.5438 -54.1053
26.6438 -87.8483
26.7438 -107.406
26.8438 -108.424
26.9438 -92.8625
27.0438 -63.6579
27.1438 -23.4078
27.2438 23.9971
27.3438 72.7414
27.4438 114.72
27.5438 142.434
27.6438 151.986
27.7438 139.071
27.8438 99.1188
27.9438 38.0161
28.0438 -27.3874
28.1438 -80.3453
28.2438 -113.686
28.3438 -128.208
28.4438 -127.672
28.5438 -115.823
28.6438 -97.8327
28.7438 -77.5221
28.8438 -56.5234
28.9438 -35.0322
29.0438 -13.0303
29.1438 9.4706
29.2438 32.3645
29.3438 54.8162
29.4438 75.0024
29.5438 90.1822
29.6438 97.8511
29.7438 97.1963
29.8438 89.6565
29.9438 77.8927
30.0438 64.0352
30.1438 48.9541
30.2438 32.5504
30.3438 14.4039
30.4438 -5.83675
30.5438 -27.4755
30.6438 -47.9693
30.7438 -64.4187
30.8438 -75.0475
30.9438 -79.7883
31.0438 -79.9902
31.1438 -77.0582
31.2438 -71.7483
31.3438 -64.2997
31.4438 -54.6779
31.5438 -42.7052
31.6438 -28.4053
31.7438 -12.249
31.8438 4.61646
31.9438 20.4053
32.0438 33.8629
32.1438 44.3488
32.2438 51.7056
32.3438 56.2282
32.4438 58.4682
32.5438 59.0411
32.6438 58.013
32.7438 55.0497
32.8438 49.7742
32.9438 42.1112
33.0438 32.7925
33.1438 23.1885
33.2438 14.2564
33.3438 6.19004
33.4438 -1.40747
33.5438 -9.11286
33.6438 -17.3754
33.7438 -26.0873
33.8438 -34.385
33.9438 -40.8681
34.0438 -44.7339
34.1438 -45.897
34.2438 -44.8999
34.3438 -42.7002
34.4438 -39.9757
34.5438 -37.0007
34.6438 -33.5466
34.7438 -29.1778
34.8438 -23.6835
34.9438 -17.184
35.0438 -10.0825
35.1438 -3.05938
35.2438 3.3526
35.3438 8.99737
35.4438 13.9333
35.5438 18.4396
35.6438 22.8007
35.7438 27.0228
35.8438 30.7941
35.9438 33.7037
36.0438 35.3893
36.1438 35.8256
36.2438 35.3016
36.3438 34.1049
36.4438 32.2941
36.5438 29.6757
36.6438 26.0372
36.7438 21.2854
36.8438 15.4988
36.9438 9.13437
37.0438 2.69118
37.1438 -3.30524
37.2438 -8.62847
37.3438 -13.3217
37.4438 -17.5588
37.5438 -21.5424
37.6438 -25.2398
37.7438 -28.2778
37.8438 -30.2627
37.9438 -30.9433
38.0438 -30.3876
38.1438 -28.903
38.2438 -27.0664
38.3438 -25.4095
38.4438 -24.1256
38.5438 -23.156
38.6438 -21.9788
38.7438 -20.0486
38.8438 -16.9839
38.9438 -12.6992
39.0438 -7.38028
39.1438 -1.33045
39.2438 5.14281
39.3438 11.6615
39.4438 17.8488
39.5438 23.1179
39.6438 26.9351
39.7438 28.9618
39.8438 29.0919
39.9438 27.4233
40.0438 24.4061
40.1438 21.0112
40.2438 18.0447
40.3438 15.8823
40.4438 14.5792
40.5438 13.9708
40.6438 13.6514
40.7438 13.3053
40.8438 12.7731
40.9438 12.0282
41.0438 11.1381
41.1438 10.1669
41.2438 9.0135
41.3438 7.37171
41.4438 4.85672
41.5438 1.38432
41.6438 -2.7885
41.7438 -7.36166
41.8438 -12.1456
41.9438 -16.7543
42.0438 -20.8369
42.1438 -24.2282
42.2438 -26.8258
42.3438 -28.5022
42.4438 -29.3469
42.5438 -29.5005
42.6438 -28.9307
42.7438 -27.6055
42.8438 -25.4818
42.9438 -22.6542
43.0438 -19.3108
43.1438 -15.6803
43.2438 -11.8556
43.3438 -7.89804
43.4438 -3.80952
43.5438 0.31891
43.6438 4.30357
43.7438 7.99275
43.8438 11.3512
43.9438 14.2363
44.0438 16.5755
44.1438 18.4952
44.2438 19.9936
44.3438 21.178
44.4438 22.1805
44.5438 23.0713
44.6438 23.8038
44.7438 24.2779
44.8438 24.3482
44.9438 23.7585
45.0438 22.4401
45.1438 20.3251
45.2438 17.365
45.3438 13.748
45.4438 9.90891
45.5438 6.20412
45.6438 2.73324
45.7438 -0.510374
45.8438 -3.48275
45.9438 -6.22388
46.0438 -8.78177
46.1438 -11.0732
46.2438 -13.0211
46.3438 -14.5388
46.4438 -15.5776
46.5438 -16.206
46.6438 -16.3189
46.7438 -15.9788
46.8438 -15.3739
46.9438 -14.6471
47.0438 -13.9441
47.1438 -13.291
47.2438 -12.7086
47.3438 -12.343
47.4438 -12.2252
47.5438 -12.1743
47.6438 -11.9833
47.7438 -11.5296
47.8438 -10.7358
47.9438 -9.45915
48.0438 -7.60522
48.1438 -5.3966
48.2438 -3.07452
48.3438 -0.741331
48.4438 1.49998
48.5438 3.5132
48.6438 5.30398
48.7438 6.98837
48.8438 8.58598
48.9438 10.0672
49.0438 11.5319
49.1438 13.0742
49.2438 14.6134
49.3438 16.0459
49.4438 17.2431
49.5438 17.979
49.6438 18.0574
49.7438 17.3719
49.8438 16.1849
49.9438 14.7901
50.0438 13.3449
50.1438 11.9536
50.2438 10.5776
50.3438 9.25557
50.4438 7.92061
50.5438 6.44718
50.6438 4.86465
50.7438 3.30606
50.8438 1.70359
50.9438 0.0613227
51.0438 -1.74037
51.1438 -3.78696
51.2438 -6.09191
51.3438 -8.57821
51.4438 -11.0545
51.5438 -13.3078
51.6438 -15.0916
51.7438 -16.3117
51.8438 -17.0638
51.9438 -17.3393
52.0438 -17.1089
52.1438 -16.4717
52.2438 -15.6356
52.3438 -14.6933
52.4438 -13.6559
52.5438 -12.4804
52.6438 -11.1161
52.7438 -9.60756
52.8438 -8.00824
52.9438 -6.44936
53.0438 -4.99131
53.1438 -3.53044
53.2438 -1.95927
53.3438 -0.226304
53.4438 1.57695
53.5438 3.40435
53.6438 5.24578
53.7438 7.08349
53.8438 8.82992
53.9438 10.3568
54.0438 11.5751
54.1438 12.5065
54.2438 13.1859
54.3438 13.6569
54.4438 13.8811
54.5438 13.7726
54.6438 13.3456
54.7438 12.6446
54.8438 11.788
54.9438 10.8759
55.0438 9.99874
55.1438 9.18053
55.2438 8.31547
55.3438 7.32536
55.4438 6.32169
55.5438 5.31919
55.6438 4.29366
55.7438 3.18419
55.8438 2.00913
55.9438 0.753507
56.0438 -0.652006
56.1438 -2.02078
56.2438 -3.2562
56.3438 -4.49627
56.4438 -5.67837
56.5438 -6.65537
56.6438 -7.34702
56.7438 -7.74656
56.8438 -8.03055
56.9438 -8.32101
57.0438 -8.63451
57.1438 -9.10635
57.2438 -9.62509
57.3438 -10.0918
57.4438 -10.4667
57.5438 -10.7055
57.6438 -10.7554
57.7438 -10.6623
57.8438 -10.4608
57.9438 -10.047
58.0438 -9.34574
58.1438 -8.38831
58.2438 -7.21411
58.3438 -5.78284
58.4438 -4.15559
58.5438 -2.40934
58.6438 -0.652473
58.7438 1.05721
58.8438 2.70421
58.9438 4.18215
59.0438 5.51425
59.1438 6.72751
59.2438 7.77562
59.3438 8.68493
59.4438 9.4856
59.5438 10.2392
59.6438 10.9367
59.7438 11.5112
59.8438 11.7554
59.9438 11.6577
60.0438 11.2023
60.1438 10.3468
60.2438 9.14867
60.3438 7.84104
60.4438 6.62776
60.5438 5.7152
60.6438 5.44998
60.7438 5.96594
60.8438 7.11434
60.9438 8.33967
61.0438 9.07526
61.1438 8.78031
61.2438 7.14629
61.3438 4.03073
61.4438 -0.559971
61.5438 -6.14132
61.6438 -11.7116
61.7438 -15.968
61.8438 -18.0216
61.9438 -17.6191
62.0438 -14.8788
62.1438 -10.4679
62.2438 -5.48236
62.3438 -1.07484
62.4438 2.08717
62.5438 3.66
62.6438 3.43638
62.7438 1.63224
62.8438 -1.31711
62.9438 -4.68979
63.0438 -7.8094
63.1438 -10.2866
63.2438 -11.8965
63.3438 -12.7247
63.4438 -12.9846
63.5438 -12.6464
63.6438 -11.7203
63.7438 -10.1672
63.8438 -8.07161
63.9438 -5.53943
64.0438 -2.81401
64.1438 -0.152599
64.2438 2.24151
64.3438 4.24303
64.4438 5.91981
64.5438 7.40255
64.6438 8.70983
64.7438 9.92752
64.8438 10.9983
64.9438 11.8319
65.0438 12.3579
65.1438 12.4864
65.2438 12.2769
65.3438 11.7633
65.4438 11.085
65.5438 10.2608
65.6438 9.42405
65.7438 8.64946
65.8438 7.83633
65.9438 6.89548
66.0438 5.82774
66.1438 4.74327
66.2438 3.71776
66.3438 2.58025
66.4438 1.24242
66.5438 -0.182201
66.6438 -1.66443
66.7438 -3.03679
66.8438 -4.07205
66.9438 -4.72712
67.0438 -5.1299
67.1438 -5.28724
67.2438 -5.2824
67.3438 -5.18536
67.4438 -5.25268
67.5438 -5.68056
67.6438 -6.3612
67.7438 -7.03239
67.8438 -7.49184
67.9438 -7.66044
68.0438 -7.52182
68.1438 -7.00327
68.2438 -6.27119
68.3438 -5.50057
68.4438 -4.86359
68.5438 -4.30695
68.6438 -3.85019
68.7438 -3.56326
68.8438 -3.27266
68.9438 -2.91909
69.0438 -2.47965
69.1438 -1.96275
69.2438 -1.3462
69.3438 -0.553688
69.4438 0.432194
69.5438 1.42866
69.6438 2.33531
69.7438 3.06375
69.8438 3.57406
69.9438 3.78991
70.0438 3.85414
70.1438 3.98562
70.2438 4.18656
70.3438 4.46922
70.4438 4.81127
70.5438 5.21009
70.6438 5.64675
70.7438 6.04528
70.8438 6.37147
70.9438 6.61129
71.0438 6.66654
71.1438 6.56567
71.2438 6.40189
71.3438 6.01973
71.4438 5.48891
71.5438 4.88784
71.6438 4.2613
71.7438 3.62435
71.8438 3.04791
71.9438 2.58661
72.0438 2.20579
72.1438 1.71031
72.2438 1.03183
72.3438 0.230562
72.4438 -0.59129
72.5438 -1.44757
72.6438 -2.25567
72.7438 -3.03583
72.8438 -3.75322
72.9438 -4.2923
73.0438 -4.64354
73.1438 -4.90347
73.2438 -5.23645
73.3438 -5.67922
73.4438 -6.03495
73.5438 -6.29705
73.6438 -6.5972
73.7438 -6.894
73.8438 -7.10396
73.9438 -7.11522
74.0438 -6.82857
74.1438 -6.27923
74.2438 -5.49588
74.3438 -4.52943
74.4438 -3.41892
74.5438 -2.27875
74.6438 -1.11675
74.7438 0.00988817
74.8438 0.987128
74.9438 1.74632
75.0438 2.28966
75.1438 2.68838
75.2438 3.03616
75.3438 3.40707
75.4438 3.73139
75.5438 4.0488
75.6438 4.3077
75.7438 4.4968
75.8438 4.60817
75.9438 4.81212
76.0438 5.03256
76.1438 5.37138
76.2438 5.69344
76.3438 5.90776
76.4438 5.96475
76.5438 5.91693
76.6438 5.77324
76.7438 5.54764
76.8438 5.27625
76.9438 4.8052
77.0438 4.13852
77.1438 3.23921
77.2438 2.2571
77.3438 1.37807
77.4438 0.458481
77.5438 -0.383521
77.6438 -1.12948
77.7438 -1.78233
77.8438 -2.22508
77.9438 -2.46245
78.0438 -2.59937
78.1438 -2.63508
78.2438 -2.62032
78.3438 -2.6598
78.4438 -2.88324
78.5438 -3.17693
78.6438 -3.65657
78.7438 -4.15895
78.8438 -4.54037
78.9438 -4.88015
79.0438 -5.07489
79.1438 -5.00496
79.2438 -4.68825
79.3438 -4.1459
79.4438 -3.53009
79.5438 -2.8902
79.6438 -2.32196
79.7438 -1.7237
79.8438 -1.30624
79.9438 -0.825008
80.0438 -0.355202
80.1438 0.210167
80.2438 0.840926
80.3438 1.34326
80.4438 1.63846
80.5438 1.74816
80.6438 1.68072
80.7438 1.4917
80.8438 1.26283
80.9438 1.10037
81.0438 1.04431
81.1438 1.16197
81.2438 1.40384
81.3438 1.87671
81.4438 2.51218
81.5438 3.08753
81.6438 3.50764
81.7438 3.6429
81.8438 3.65667
81.9438 3.59923
82.0438 3.44365
82.1438 3.18498
82.2438 2.87036
82.3438 2.55133
82.4438 2.20072
82.5438 1.86451
82.6438 1.63526
82.7438 1.50898
82.8438 1.42337
82.9438 1.19741
83.0438 1.01289
83.1438 0.716924
83.2438 0.294529
83.3438 -0.206138
83.4438 -0.632735
83.5438 -1.01971
83.6438 -1.34144
83.7438 -1.5588
83.8438 -1.73897
83.9438 -1.78343
84.0438 -1.92931
84.1438 -2.16121
84.2438 -2.34713
84.3438 -2.5948
84.4438 -2.84954
84.5438 -2.93697
84.6438 -2.87059
84.7438 -2.6908
84.8438 -2.44531
84.9438 -2.17535
85.0438 -1.81137
85.1438 -1.31343
85.2438 -0.902911
85.3438 -0.722459
85.4438 -0.766267
85.5438 -0.808743
85.6438 -0.747737
85.7438 -0.481079
85.8438 -0.201745
85.9438 0.0404265
86.0438 0.280792
86.1438 0.440254
86.2438 0.657722
86.3438 0.839953
86.4438 1.03023
86.5438 1.18891
86.6438 1.25227
86.7438 1.45211
86.8438 1.74394
86.9438 2.15909
87.0438 2.41099
87.1438 2.7129
87.2438 2.949
87.3438 3.00881
87.4438 2.90372
87.5438 2.67778
87.6438 2.31023
87.7438 1.83114
87.8438 1.27487
87.9438 0.796905
88.0438 0.461517
88.1438 0.228105
88.2438 0.00724174
88.3438 -0.0202299
88.4438 0.0454065
88.5438 0.153623
88.6438 0.260262
88.7438 0.128014
88.8438 -0.141394
88.9438 -0.374652
89.0438 -0.638646
89.1438 -0.994162
89.2438 -1.22556
89.3438 -1.29491
89.4438 -1.34255
89.5438 -1.30161
89.6438 -1.306
89.7438 -1.30474
89.8438 -1.2576
89.9438 -1.12157
90.0438 -0.910886
90.1438 -0.71714
90.2438 -0.56114
90.3438 -0.446333
90.4438 -0.420606
90.5438 -0.435392
90.6438 -0.438773
90.7438 -0.366562
90.8438 -0.395095
90.9438 -0.440816
91.0438 -0.402727
91.1438 -0.272961
91.2438 -0.0842117
91.3438 0.0214824
91.4438 0.162868
91.5438 0.197621
91.6438 0.141084
91.7438 0.123453
91.8438 0.16383
91.9438 0.156879
92.0438 0.191049
92.1438 0.343905
92.2438 0.509221
92.3438 0.599887
92.4438 0.789437
92.5438 0.981017
92.6438 1.12807
92.7438 1.24143
92.8438 1.31302
92.9438 1.35169
93.0438 1.35053
93.1438 1.31229
93.2438 1.10196
93.3438 0.769701
93.4438 0.324613
93.5438 -0.00487805
93.6438 -0.285079
93.7438 -0.459768
93.8438 -0.555123
93.9438 -0.636754
94.0438 -0.630045
94.1438 -0.4607
94.2438 -0.236638
94.3438 -0.0090374
94.4438 0.182508
94.5438 0.39253
94.6438 0.50438
94.7438 0.533737
94.8438 0.431411
94.9438 0.214445
95.0438 -0.0388196
95.1438 -0.427901
95.2438 -0.786284
95.3438 -0.949422
95.4438 -0.924566
95.5438 -0.81862
95.6438 -0.715126
95.7438 -0.551722
95.8438 -0.442863
95.9438 -0.401187
96.0438 -0.346662
96.1438 -0.238921
96.2438 -0.16747
96.3438 -0.0599841
96.4438 0.0305361
96.5438 0.103699
96.6438 0.112545
96.7438 0.0703818
96.8438 0.132857
96.9438 0.161065
97.0438 0.204322
97.1438 0.213469
97.2438 0.231888
97.3438 0.35008
97.4438 0.471159
97.5438 0.548287
97.6438 0.604566
97.7438 0.611995
97.8438 0.567035
97.9438 0.471273
