-7.39794 0.598867
-7.29794 0.542539
-7.19794 0.427113
-7.09794 0.346842
-6.99794 0.234981
-6.89794 0.189538
-6.79794 0.232283
-6.69794 0.251261
-6.59794 0.242788
-6.49794 0.25144
-6.39794 0.235458
-6.29794 0.209926
-6.19794 0.165765
-6.09794 0.169944
-5.99794 0.205748
-5.89794 0.186619
-5.79794 0.119718
-5.69794 0.060877
-5.59794 -0.0238648
-5.49794 -0.117299
-5.39794 -0.102117
-5.29794 -0.0559646
-5.19794 -0.0119534
-5.09794 0.0497885
-4.99794 0.12287
-4.89794 0.1845
-4.79794 0.176227
-4.69794 0.106304
-4.59794 0.0191119
-4.49794 -0.033429
-4.39794 -0.0425191
-4.29794 -0.0375263
-4.19794 0.0632011
-4.09794 0.123952
-3.99794 0.145888
-3.89794 0.106543
-3.79794 0.0612138
-3.69794 0.00271537
-3.59794 -0.00890161
-3.49794 0.00832582
-3.39794 -0.0150571
-3.29794 -0.119847
-3.19794 -0.189304
-3.09794 -0.280518
-2.99794 -0.291565
-2.89794 -0.19498
-2.79794 0.00772498
-2.69794 0.16186
-2.59794 0.229053
-2.49794 0.291423
-2.39794 0.395939
-2.29794 0.47674
-2.19794 0.501035
-2.09794 0.487261
-1.99794 0.436917
-1.89794 0.307918
-1.79794 0.141608
-1.69794 0.0195538
-1.59794 -0.0843225
-1.49794 -0.0219091
-1.39794 0.0275476
-1.29794 0.130404
-1.19794 0.240254
-1.09794 0.378299
-0.997938 0.486147
-0.897938 0.57443
-0.797938 0.664483
-0.697938 0.703628
-0.597938 0.758778
-0.497938 0.801022
-0.397938 0.76284
-0.297938 0.67492
-0.197938 0.559081
-0.097938 0.291089
0.002062 -0.0590167
0.102062 -0.359985
0.202062 -0.645824
0.302062 -0.890008
0.402062 -1.03578
0.502062 -1.03231
0.602062 -0.795344
0.702062 -0.466723
0.802062 -0.0816903
0.902062 0.292732
1.00206 0.580556
1.10206 0.700014
1.20206 0.664868
1.30206 0.465624
1.40206 0.193765
1.50206 -0.073757
1.60206 -0.270737
1.70206 -0.432737
1.80206 -0.498882
1.90206 -0.545881
2.00206 -0.515113
2.10206 -0.482185
2.20206 -0.401749
2.30206 -0.207431
2.40206 0.0834908
2.50206 0.316269
2.60206 0.498187
2.70206 0.573054
2.80206 0.586914
2.90206 0.531315
3.00206 0.473868
3.10206 0.427207
3.20206 0.44748
3.30206 0.529717
3.40206 0.654953
3.50206 0.818416
3.60206 0.852738
3.70206 0.784078
3.80206 0.653983
3.90206 0.473883
4.00206 0.291537
4.10206 0.174813
4.20206 0.126633
4.30206 0.133717
4.40206 0.149931
4.50206 0.0953832
4.60206 0.00788968
4.70206 -0.00862492
4.80206 0.0890962
4.90206 0.247125
5.00206 0.278269
5.10206 0.13147
5.20206 -0.104544
5.30206 -0.46268
5.40206 -0.834144
5.50206 -1.07316
5.60206 -1.13636
5.70206 -0.991801
5.80206 -0.678455
5.90206 -0.265332
6.00206 0.181427
6.10206 0.555219
6.20206 0.658654
6.30206 0.55638
6.40206 0.342162
6.50206 0.0698507
6.60206 -0.0824361
6.70206 -0.194409
6.80206 -0.260349
6.90206 -0.335659
7.00206 -0.335274
7.10206 -0.222895
7.20206 0.0964127
7.30206 0.350388
7.40206 0.518032
7.50206 0.520958
7.60206 0.583384
7.70206 0.568297
7.80206 0.571254
7.90206 0.673834
8.00206 0.764373
8.10206 0.852751
8.20206 0.929169
8.30206 0.911169
8.40206 0.814554
8.50206 0.69471
8.60206 0.588633
8.70206 0.477814
8.80206 0.429016
8.90206 0.402656
9.00206 0.308507
9.10206 0.115724
9.20206 -0.115407
9.30206 -0.345905
9.40206 -0.542774
9.50206 -0.623234
9.60206 -0.497741
9.70206 -0.24603
9.80206 0.104193
9.90206 0.262645
10.0021 0.184015
10.1021 -0.0255637
10.2021 -0.262121
10.3021 -0.313606
10.4021 -0.187724
10.5021 0.0908566
10.6021 0.448467
10.7021 0.573002
10.8021 0.612046
10.9021 0.486408
11.0021 0.178033
11.1021 -0.135841
11.2021 -0.304628
11.3021 -0.401383
11.4021 -0.481487
11.5021 -0.536755
11.6021 -0.438125
11.7021 -0.250029
11.8021 0.0535128
11.9021 0.360106
12.0021 0.57621
12.1021 0.531034
12.2021 0.454618
12.3021 0.260406
12.4021 0.0837626
12.5021 -0.147962
12.6021 -0.315617
12.7021 -0.261714
12.8021 0.152179
12.9021 0.778121
13.0021 1.42967
13.1021 1.85314
13.2021 1.93374
13.3021 1.51557
13.4021 0.833996
13.5021 0.0461248
13.6021 -0.656306
13.7021 -1.0651
13.8021 -1.09503
13.9021 -0.885487
14.0021 -0.53208
14.1021 -0.0756282
14.2021 0.372187
14.3021 0.775342
14.4021 1.0353
14.5021 1.29139
14.6021 1.44453
14.7021 1.59114
14.8021 1.61668
14.9021 1.43607
15.0021 1.10023
15.1021 0.593922
15.2021 -0.00866587
15.3021 -0.569235
15.4021 -0.901254
15.5021 -1.0783
15.6021 -1.21096
15.7021 -1.27379
15.8021 -1.11184
15.9021 -0.786673
16.0021 -0.281398
16.1021 0.270454
16.2021 0.739334
16.3021 1.06898
16.4021 1.10818
16.5021 0.826093
16.6021 0.270484
16.7021 -0.241549
16.8021 -0.556609
16.9021 -0.571396
17.0021 -0.332564
17.1021 0.0368039
17.2021 0.507157
17.3021 0.885458
17.4021 1.14752
17.5021 1.22755
17.6021 1.10168
17.7021 0.856496
17.8021 0.47885
17.9021 0.062403
18.0021 -0.293669
18.1021 -0.699169
18.2021 -0.980214
18.3021 -0.97934
18.4021 -0.685098
18.5021 -0.121073
18.6021 0.628857
18.7021 1.3733
18.8021 1.83169
18.9021 1.85484
19.0021 1.42445
19.1021 0.665262
19.2021 -0.154129
19.3021 -0.77665
19.4021 -1.05449
19.5021 -0.976535
19.6021 -0.688655
19.7021 -0.335339
19.8021 -0.0109387
19.9021 0.310082
20.0021 0.540844
20.1021 0.7379
20.2021 0.854429
20.3021 0.942376
20.4021 1.07946
20.5021 1.20134
20.6021 1.34019
20.7021 1.40505
20.8021 1.2071
20.9021 0.800508
21.0021 0.405435
21.1021 0.157972
21.2021 0.0924103
21.3021 0.184628
21.4021 0.291276
21.5021 0.356751
21.6021 0.324474
21.7021 0.154107
21.8021 -0.0446993
21.9021 -0.193974
22.0021 -0.272552
22.1021 -0.203988
22.2021 -0.140693
22.3021 -0.180436
22.4021 -0.320418
22.5021 -0.521269
22.6021 -0.824117
22.7021 -1.12861
22.8021 -1.2834
22.9021 -1.13732
23.0021 -0.729097
23.1021 -0.233184
23.2021 0.188033
23.3021 0.559992
23.4021 0.921303
23.5021 1.25532
23.6021 1.56059
23.7021 1.79293
23.8021 1.94242
23.9021 1.94018
24.0021 1.74827
24.1021 1.45362
24.2021 1.126
24.3021 0.81458
24.4021 0.503106
24.5021 0.264768
24.6021 0.0965918
24.7021 -0.0746465
24.8021 -0.31443
24.9021 -0.597451
25.0021 -0.865439
25.1021 -1.05945
25.2021 -1.11997
25.3021 -0.971688
25.4021 -0.65202
25.5021 -0.258939
25.6021 0.155621
25.7021 0.481615
25.8021 0.683867
25.9021 0.803962
26.0021 0.905731
26.1021 1.05371
26.2021 1.29844
26.3021 1.6244
26.4021 1.84068
26.5021 1.83148
26.6021 1.53372
26.7021 0.998667
26.8021 0.327188
26.9021 -0.384905
27.0021 -0.928
27.1021 -1.15345
27.2021 -1.12814
27.3021 -0.918652
27.4021 -0.773436
27.5021 -0.761576
27.6021 -0.818785
27.7021 -0.975706
27.8021 -1.05353
27.9021 -0.864366
28.0021 -0.432134
28.1021 0.0580106
28.2021 0.482432
28.3021 0.813034
28.4021 1.04964
28.5021 1.16867
28.6021 1.2023
28.7021 1.22326
28.8021 1.29598
28.9021 1.35673
29.0021 1.34855
29.1021 1.18718
29.2021 0.798994
29.3021 0.269457
29.4021 -0.189044
29.5021 -0.486988
29.6021 -0.528728
29.7021 -0.348388
29.8021 -0.0551517
29.9021 0.206984
30.0021 0.358721
30.1021 0.345143
30.2021 0.134323
30.3021 -0.184853
30.4021 -0.483804
30.5021 -0.69882
30.6021 -0.745688
30.7021 -0.585302
30.8021 -0.219982
30.9021 0.277671
31.0021 0.859482
31.1021 1.40646
31.2021 1.80498
31.3021 2.06552
31.4021 2.2463
31.5021 2.32183
31.6021 2.11303
31.7021 1.52068
31.8021 0.390834
31.9021 -1.41192
32.0021 -3.70328
32.1021 -6.11408
32.2021 -8.15453
32.3021 -9.06508
32.4021 -8.18358
32.5021 -5.16083
32.6021 0.211136
32.7021 8.24011
32.8021 18.2792
32.9021 28.006
33.0021 34.2862
33.1021 34.6604
33.2021 27.2875
33.3021 8.78023
33.4021 -22.8469
33.5021 -62.1959
33.6021 -95.7972
33.7021 -111.155
33.8021 -106.424
33.9021 -85.5714
34.0021 -51.5244
34.1021 -6.88339
34.2021 43.5884
34.3021 91.6008
34.4021 127.129
34.5021 144.566
34.6021 141.388
34.7021 110.685
34.8021 56.0139
34.9021 -4.11411
35.0021 -52.334
35.1021 -82.4884
35.2021 -96.9331
35.3021 -99.6095
35.4021 -93.9512
35.5021 -83.1207
35.6021 -69.6827
35.7021 -54.7645
35.8021 -38.4829
35.9021 -20.6791
36.0021 -1.88504
36.1021 16.3778
36.2021 32.2552
36.3021 44.2069
36.4021 51.1683
36.5021 53.0414
36.6021 51.4419
36.7021 48.8955
36.8021 47.2199
36.9021 46.5361
37.0021 45.4489
37.1021 42.1807
37.2021 35.182
37.3021 23.593
37.4021 7.8539
37.5021 -9.59454
37.6021 -25.32
37.7021 -37.2871
37.8021 -45.8195
37.9021 -51.4967
38.0021 -54.4765
38.1021 -54.9591
38.2021 -53.0306
38.3021 -48.748
38.4021 -42.0343
38.5021 -33.1744
38.6021 -23.0659
38.7021 -13.2175
38.8021 -4.91433
38.9021 1.4744
39.0021 6.37335
39.1021 10.6298
39.2021 14.9452
39.3021 19.7336
39.4021 25.0103
39.5021 30.1644
39.6021 34.2875
39.7021 36.6678
39.8021 37.1242
39.9021 35.9555
40.0021 33.7391
40.1021 30.8863
40.2021 27.3929
40.3021 23.0487
40.4021 17.6168
40.5021 11.0897
40.6021 3.83459
40.7021 -3.40946
40.8021 -9.79162
40.9021 -14.8932
41.0021 -18.7527
41.1021 -21.8229
41.2021 -24.6406
41.3021 -27.3883
41.4021 -29.7886
41.5021 -31.1977
41.6021 -31.1632
41.7021 -29.6611
41.8021 -27.126
41.9021 -24.1169
42.0021 -21.1749
42.1021 -18.4136
42.2021 -15.5696
42.3021 -12.246
42.4021 -8.1108
42.5021 -3.174
42.6021 2.09726
42.7021 7.10398
42.8021 11.4672
42.9021 15.0671
43.0021 17.993
43.1021 20.4986
43.2021 22.8235
43.3021 24.9226
43.4021 26.5425
43.5021 27.2874
43.6021 26.8081
43.7021 24.9723
43.8021 22.1488
43.9021 18.9491
44.0021 15.9031
44.1021 13.1826
44.2021 10.5771
44.3021 7.74034
44.4021 4.38797
44.5021 0.616887
44.6021 -3.34061
44.7021 -7.11722
44.8021 -10.3262
44.9021 -12.708
45.0021 -14.4602
45.1021 -15.9312
45.2021 -17.4523
45.3021 -19.2759
45.4021 -21.3997
45.5021 -23.3006
45.6021 -24.271
45.7021 -24.0384
45.8021 -22.7547
45.9021 -20.5134
46.0021 -17.4475
46.1021 -13.7243
46.2021 -9.57595
46.3021 -5.16699
46.4021 -0.801723
46.5021 3.04936
46.6021 5.99898
46.7021 7.83374
46.8021 8.57158
46.9021 8.49284
47.0021 8.0607
47.1021 7.85803
47.2021 8.08906
47.3021 8.74736
47.4021 9.76801
47.5021 10.9207
47.6021 11.9936
47.7021 12.8885
47.8021 13.751
47.9021 14.7527
48.0021 15.9226
48.1021 17.0668
48.2021 17.8218
48.3021 17.8304
48.4021 16.8022
48.5021 14.6473
48.6021 11.6248
48.7021 8.12088
48.8021 4.54075
48.9021 1.12878
49.0021 -2.10825
49.1021 -5.124
49.2021 -8.02832
49.3021 -10.8932
49.4021 -13.619
49.5021 -16.016
49.6021 -17.8004
49.7021 -18.805
49.8021 -19.0944
49.9021 -18.8335
50.0021 -18.1932
50.1021 -17.3622
50.2021 -16.3444
50.3021 -15.0706
50.4021 -13.3983
50.5021 -11.4255
50.6021 -9.40557
50.7021 -7.46171
50.8021 -5.61399
50.9021 -3.80739
51.0021 -2.0109
51.1021 -0.074075
51.2021 2.01098
51.3021 4.22795
51.4021 6.56183
51.5021 8.87415
51.6021 11.0293
51.7021 12.8795
51.8021 14.3186
51.9021 15.2816
52.0021 15.6394
52.1021 15.426
52.2021 14.777
52.3021 13.8088
52.4021 12.6172
52.5021 11.2868
52.6021 9.99332
52.7021 8.77906
52.8021 7.64771
52.9021 6.55272
53.0021 5.40183
53.1021 4.1195
53.2021 2.70216
53.3021 1.27278
53.4021 -0.0166649
53.5021 -1.12048
53.6021 -2.00556
53.7021 -2.73853
53.8021 -3.39667
53.9021 -3.96905
54.0021 -4.50813
54.1021 -5.11786
54.2021 -5.85759
54.3021 -6.74844
54.4021 -7.73686
54.5021 -8.80495
54.6021 -9.78775
54.7021 -10.5524
54.8021 -11.0537
54.9021 -11.2003
55.0021 -11.0127
55.1021 -10.4465
55.2021 -9.64601
55.3021 -8.732
55.4021 -7.7245
55.5021 -6.7172
55.6021 -5.7579
55.7021 -4.835
55.8021 -3.86098
55.9021 -2.7603
56.0021 -1.57398
56.1021 -0.25613
56.2021 1.22582
56.3021 2.7244
56.4021 4.13426
56.5021 5.40239
56.6021 6.5017
56.7021 7.45801
56.8021 8.39737
56.9021 9.39673
57.0021 10.3964
57.1021 11.2822
57.2021 11.9207
57.3021 12.269
57.4021 12.2899
57.5021 11.9569
57.6021 11.3503
57.7021 10.5428
57.8021 9.51773
57.9021 8.38756
58.0021 7.15868
58.1021 5.85091
58.2021 4.53189
58.3021 3.13605
58.4021 1.65872
58.5021 0.197162
58.6021 -1.15158
58.7021 -2.41954
58.8021 -3.60263
58.9021 -4.82049
59.0021 -6.0466
59.1021 -7.2357
59.2021 -8.37947
59.3021 -9.45528
59.4021 -10.3448
59.5021 -10.8499
59.6021 -10.8616
59.7021 -10.4537
59.8021 -9.72103
59.9021 -8.89532
60.0021 -8.12747
60.1021 -7.48382
60.2021 -6.88561
60.3021 -6.27056
60.4021 -5.61426
60.5021 -4.79904
60.6021 -3.94117
60.7021 -3.08214
60.8021 -2.17395
60.9021 -1.18723
61.0021 -0.0900237
61.1021 1.00457
61.2021 2.04657
61.3021 3.04959
61.4021 3.98142
61.5021 4.79779
61.6021 5.4736
61.7021 6.00398
61.8021 6.42767
61.9021 6.85673
62.0021 7.33921
62.1021 7.83661
62.2021 8.28944
62.3021 8.61436
62.4021 8.63708
62.5021 8.35154
62.6021 7.87771
62.7021 7.29276
62.8021 6.69855
62.9021 6.09965
63.0021 5.46965
63.1021 4.78377
63.2021 3.99245
63.3021 3.13866
63.4021 2.20831
63.5021 1.27088
63.6021 0.416195
63.7021 -0.36203
63.8021 -1.0323
63.9021 -1.58196
64.0021 -2.14037
64.1021 -2.80292
64.2021 -3.51137
64.3021 -4.22682
64.4021 -4.8697
64.5021 -5.3625
64.6021 -5.69031
64.7021 -5.91722
64.8021 -6.10453
64.9021 -6.26022
65.0021 -6.39555
65.1021 -6.46072
65.2021 -6.48669
65.3021 -6.4456
65.4021 -6.31637
65.5021 -6.11735
65.6021 -5.73413
65.7021 -5.2446
65.8021 -4.73699
65.9021 -4.13959
66.0021 -3.41034
66.1021 -2.59501
66.2021 -1.72278
66.3021 -0.818276
66.4021 0.179194
66.5021 1.21923
66.6021 2.22934
66.7021 3.09383
66.8021 3.80471
66.9021 4.36597
67.0021 4.74448
67.1021 4.92639
67.2021 4.97168
67.3021 4.95944
67.4021 5.08212
67.5021 5.55139
67.6021 6.43821
67.7021 7.74567
67.8021 9.35584
67.9021 10.9523
68.0021 12.0606
68.1021 12.1872
68.2021 11.0886
68.3021 8.65306
68.4021 5.10885
68.5021 1.09154
68.6021 -2.66755
68.7021 -5.42402
68.8021 -6.79288
68.9021 -6.65187
69.0021 -5.14742
69.1021 -2.67023
69.2021 0.0290354
69.3021 2.2903
69.4021 3.61867
69.5021 3.83193
69.6021 2.88799
69.7021 1.04213
69.8021 -1.3477
69.9021 -3.86151
70.0021 -6.18858
70.1021 -8.21478
70.2021 -9.77418
70.3021 -10.7329
70.4021 -11.1326
70.5021 -10.9932
70.6021 -10.2756
70.7021 -9.06405
70.8021 -7.56812
70.9021 -5.98784
71.0021 -4.4451
71.1021 -3.14474
71.2021 -2.1693
71.3021 -1.34951
71.4021 -0.580186
71.5021 0.180233
71.6021 1.03465
71.7021 1.93824
71.8021 2.85513
71.9021 3.73448
72.0021 4.53161
72.1021 5.14348
72.2021 5.60406
72.3021 5.93568
72.4021 6.1523
72.5021 6.2712
72.6021 6.32912
72.7021 6.31716
72.8021 6.21197
72.9021 5.99047
73.0021 5.67338
73.1021 5.35452
73.2021 5.0165
73.3021 4.65673
73.4021 4.2537
73.5021 3.77905
73.6021 3.25407
73.7021 2.7304
73.8021 2.20442
73.9021 1.62993
74.0021 0.964484
74.1021 0.316452
74.2021 -0.277488
74.3021 -0.794079
74.4021 -1.27702
74.5021 -1.77168
74.6021 -2.17395
74.7021 -2.46635
74.8021 -2.68998
74.9021 -2.80663
75.0021 -2.85049
75.1021 -2.94363
75.2021 -3.10107
75.3021 -3.29999
75.4021 -3.55293
75.5021 -3.84514
75.6021 -4.10303
75.7021 -4.17507
75.8021 -4.01099
75.9021 -3.65587
76.0021 -3.26935
76.1021 -2.89212
76.2021 -2.46196
76.3021 -2.04302
76.4021 -1.65769
76.5021 -1.34279
76.6021 -1.13838
76.7021 -0.93994
76.8021 -0.680159
76.9021 -0.414274
77.0021 -0.247777
77.1021 -0.189678
77.2021 -0.177878
77.3021 -0.0379302
77.4021 0.241938
77.5021 0.682343
77.6021 1.25016
77.7021 1.82812
77.8021 2.3622
77.9021 2.90529
78.0021 3.37673
78.1021 3.69888
78.2021 3.785
78.3021 3.66887
78.4021 3.49273
78.5021 3.40813
78.6021 3.47839
78.7021 3.6367
78.8021 3.87591
78.9021 4.08231
79.0021 4.26517
79.1021 4.33194
79.2021 4.15317
79.3021 3.80402
79.4021 3.34216
79.5021 2.82939
79.6021 2.33869
79.7021 1.88834
79.8021 1.46815
79.9021 1.04397
80.0021 0.575166
80.1021 0.0277511
80.2021 -0.594589
80.3021 -1.17434
80.4021 -1.65119
80.5021 -2.05836
80.6021 -2.40624
80.7021 -2.69178
80.8021 -3.00213
80.9021 -3.34634
81.0021 -3.6363
81.1021 -3.85699
81.2021 -4.01472
81.3021 -4.09613
81.4021 -4.07602
81.5021 -3.9737
81.6021 -3.79076
81.7021 -3.65054
81.8021 -3.50355
81.9021 -3.26288
82.0021 -2.89527
82.1021 -2.38812
82.2021 -1.8107
82.3021 -1.26675
82.4021 -0.813338
82.5021 -0.501853
82.6021 -0.306883
82.7021 -0.144416
82.8021 0.059042
82.9021 0.428117
83.0021 0.885233
83.1021 1.40823
83.2021 1.92075
83.3021 2.4419
83.4021 2.96054
83.5021 3.41121
83.6021 3.75196
83.7021 4.06989
83.8021 4.3651
83.9021 4.60296
84.0021 4.74533
84.1021 4.66909
84.2021 4.42321
84.3021 4.10759
84.4021 3.73417
84.5021 3.32134
84.6021 2.96152
84.7021 2.68887
84.8021 2.55206
84.9021 2.50112
85.0021 2.45424
85.1021 2.35298
85.2021 2.21765
85.3021 1.97013
85.4021 1.479
85.5021 0.706613
85.6021 -0.234118
85.7021 -1.22678
85.8021 -2.14196
85.9021 -2.80834
86.0021 -3.15307
86.1021 -3.30905
86.2021 -3.41447
86.3021 -3.4888
86.4021 -3.48714
86.5021 -3.55559
86.6021 -3.57107
86.7021 -3.51502
86.8021 -3.4018
86.9021 -3.2541
87.0021 -2.96469
87.1021 -2.57856
87.2021 -2.16194
87.3021 -1.83012
87.4021 -1.54421
87.5021 -1.25579
87.6021 -0.945349
87.7021 -0.647202
87.8021 -0.38398
87.9021 -0.115749
88.0021 0.122826
88.1021 0.331255
88.2021 0.414864
88.3021 0.454988
88.4021 0.612586
88.5021 0.737657
88.6021 0.887182
88.7021 1.16261
88.8021 1.52423
88.9021 1.91225
89.0021 2.26554
89.1021 2.55654
89.2021 2.86165
89.3021 3.08524
89.4021 3.259
89.5021 3.31081
89.6021 3.20241
89.7021 2.95317
89.8021 2.62584
89.9021 2.30877
90.0021 1.91292
90.1021 1.59335
90.2021 1.41195
90.3021 1.39847
90.4021 1.40981
90.5021 1.33257
90.6021 1.25941
90.7021 1.12727
90.8021 0.945073
90.9021 0.625013
91.0021 0.21606
91.1021 -0.323182
91.2021 -0.873973
91.3021 -1.45977
91.4021 -1.90308
91.5021 -2.18787
91.6021 -2.27284
91.7021 -2.21772
91.8021 -2.1111
91.9021 -1.92522
92.0021 -1.76558
92.1021 -1.54672
92.2021 -1.31001
92.3021 -1.00377
92.4021 -0.845916
92.5021 -0.790159
92.6021 -0.850344
92.7021 -0.891389
92.8021 -0.861708
92.9021 -0.819579
93.0021 -0.760434
93.1021 -0.698501
93.2021 -0.537997
93.3021 -0.39086
93.4021 -0.250626
93.5021 -0.17132
93.6021 -0.103021
93.7021 0.0470325
93.8021 0.169906
93.9021 0.27936
94.0021 0.285886
94.1021 0.267506
94.2021 0.412365
94.3021 0.571662
94.4021 0.725699
94.5021 0.907506
94.6021 1.15892
94.7021 1.39521
94.8021 1.50709
94.9021 1.64143
