-8.17107 0.179106
-8.07107 0.131218
-7.97107 -0.0257795
-7.87107 -0.1175
-7.77107 -0.106372
-7.67107 -0.0368313
-7.57107 -0.0119874
-7.47107 0.0645875
-7.37107 0.132997
-7.27107 0.169355
-7.17107 0.134439
-7.07107 0.0716041
-6.97107 0.124408
-6.87107 0.097676
-6.77107 0.0169953
-6.67107 -0.0203583
-6.57107 -0.0883304
-6.47107 -0.136714
-6.37107 -0.167941
-6.27107 -0.124745
-6.17107 -0.0478748
-6.07107 0.0641943
-5.97107 0.203614
-5.87107 0.302879
-5.77107 0.332111
-5.67107 0.319232
-5.57107 0.296351
-5.47107 0.256109
-5.37107 0.187062
-5.27107 0.128667
-5.17107 0.120854
-5.07107 0.0991705
-4.97107 0.129656
-4.87107 0.187585
-4.77107 0.213239
-4.67107 0.0977686
-4.57107 -0.0107475
-4.47107 -0.0636106
-4.37107 -0.0341665
-4.27107 -0.0540753
-4.17107 -0.0777928
-4.07107 -0.103887
-3.97107 -0.100296
-3.87107 -0.0963223
-3.77107 -0.12245
-3.67107 -0.170046
-3.57107 -0.147436
-3.47107 -0.108289
-3.37107 -0.0267393
-3.27107 0.0620801
-3.17107 0.138178
-3.07107 0.158103
-2.97107 0.245292
-2.87107 0.393024
-2.77107 0.425304
-2.67107 0.277094
-2.57107 0.134534
-2.47107 -0.0101362
-2.37107 -0.071284
-2.27107 -0.0958844
-2.17107 -0.12766
-2.07107 -0.13957
-1.97107 -0.151951
-1.87107 -0.143835
-1.77107 -0.136131
-1.67107 0.0101125
-1.57107 0.0421244
-1.47107 0.0490499
-1.37107 0.129409
-1.27107 0.187812
-1.17107 0.203647
-1.07107 0.18721
-0.971068 0.0824042
-0.871068 -0.00977173
-0.771068 -0.0286458
-0.671068 0.0396457
-0.571068 0.138571
-0.471068 0.176479
-0.371068 0.215623
-0.271068 0.254621
-0.171068 0.202077
-0.071068 0.201348
0.028932 0.167183
0.128932 0.152596
0.228932 0.175015
0.328932 0.251224
0.428932 0.370996
0.528932 0.481782
0.628932 0.559205
0.728932 0.601681
0.828932 0.51013
0.928932 0.25242
1.02893 -0.0253309
1.12893 -0.243741
1.22893 -0.329718
1.32893 -0.345395
1.42893 -0.37429
1.52893 -0.318073
1.62893 -0.240154
1.72893 -0.0821446
1.82893 0.177758
1.92893 0.30927
2.02893 0.40518
2.12893 0.454336
2.22893 0.428527
2.32893 0.314502
2.42893 0.0847119
2.52893 -0.189426
2.62893 -0.450329
2.72893 -0.698158
2.82893 -0.828409
2.92893 -0.927374
3.02893 -0.926643
3.12893 -0.957103
3.22893 -0.89028
3.32893 -0.611671
3.42893 -0.189347
3.52893 0.326382
3.62893 0.819865
3.72893 1.24449
3.82893 1.56963
3.92893 1.78298
4.02893 1.76612
4.12893 1.58073
4.22893 1.32777
4.32893 1.10773
4.42893 0.911967
4.52893 0.730306
4.62893 0.508961
4.72893 0.188169
4.82893 -0.22058
4.92893 -0.612573
5.02893 -0.872132
5.12893 -0.927949
5.22893 -0.881056
5.32893 -0.861611
5.42893 -0.819259
5.52893 -0.686363
5.62893 -0.534869
5.72893 -0.339841
5.82893 -0.150314
5.92893 -0.0107243
6.02893 0.0733925
6.12893 0.0943435
6.22893 0.119909
6.32893 0.207412
6.42893 0.201306
6.52893 0.0914119
6.62893 -0.0368069
6.72893 -0.111524
6.82893 -0.0855601
6.92893 -0.0157104
7.02893 0.0898001
7.12893 0.238489
7.22893 0.384627
7.32893 0.458544
7.42893 0.414101
7.52893 0.237104
7.62893 0.067554
7.72893 0.0078568
7.82893 -0.0120212
7.92893 0.0758244
8.02893 0.139352
8.12893 0.155185
8.22893 0.133647
8.32893 0.139862
8.42893 0.0892661
8.52893 0.0983818
8.62893 0.102624
8.72893 0.0843253
8.82893 0.102033
8.92893 0.0553607
9.02893 -0.0870728
9.12893 -0.0438841
9.22893 0.108408
9.32893 0.269592
9.42893 0.436458
9.52893 0.566975
9.62893 0.739971
9.72893 0.878321
9.82893 0.912829
9.92893 0.83148
10.0289 0.672996
10.1289 0.470135
10.2289 0.263653
10.3289 0.0263318
10.4289 -0.211398
10.5289 -0.403348
10.6289 -0.505794
10.7289 -0.429216
10.8289 -0.2233
10.9289 0.00351086
11.0289 0.145778
11.1289 0.139624
11.2289 0.0354668
11.3289 -0.0993452
11.4289 -0.258841
11.5289 -0.450292
11.6289 -0.622655
11.7289 -0.581446
11.8289 -0.430675
11.9289 -0.327444
12.0289 -0.229981
12.1289 -0.237064
12.2289 -0.29636
12.3289 -0.402376
12.4289 -0.399156
12.5289 -0.416998
12.6289 -0.442239
12.7289 -0.43843
12.8289 -0.294909
12.9289 0.0534453
13.0289 0.488546
13.1289 0.787526
13.2289 1.06287
13.3289 1.35696
13.4289 1.52788
13.5289 1.60171
13.6289 1.5824
13.7289 1.44739
13.8289 1.07472
13.9289 0.747069
14.0289 0.408095
14.1289 0.110242
14.2289 -0.130282
14.3289 -0.388024
14.4289 -0.676781
14.5289 -0.880915
14.6289 -0.936067
14.7289 -0.759437
14.8289 -0.455672
14.9289 -0.0990182
15.0289 0.130737
15.1289 0.222853
15.2289 0.313097
15.3289 0.341686
15.4289 0.296216
15.5289 0.25504
15.6289 0.122241
15.7289 -0.0646936
15.8289 -0.141614
15.9289 -0.0475994
16.0289 0.154085
16.1289 0.316862
16.2289 0.411843
16.3289 0.398648
16.4289 0.269746
16.5289 0.184939
16.6289 0.0771323
16.7289 -0.108738
16.8289 -0.335197
16.9289 -0.504978
17.0289 -0.607885
17.1289 -0.538663
17.2289 -0.313292
17.3289 -0.116893
17.4289 -0.0569983
17.5289 -0.0687427
17.6289 -0.080307
17.7289 -0.0848528
17.8289 -0.0289202
17.9289 0.0938484
18.0289 0.192041
18.1289 0.293742
18.2289 0.531675
18.3289 0.854367
18.4289 1.21655
18.5289 1.51222
18.6289 1.65713
18.7289 1.57332
18.8289 1.36656
18.9289 1.05194
19.0289 0.801035
19.1289 0.570998
19.2289 0.338553
19.3289 0.0685435
19.4289 -0.190971
19.5289 -0.360106
19.6289 -0.463027
19.7289 -0.626301
19.8289 -0.774761
19.9289 -0.921961
20.0289 -0.992079
20.1289 -1.05487
20.2289 -1.17055
20.3289 -1.26556
20.4289 -1.17192
20.5289 -0.871541
20.6289 -0.486701
20.7289 -0.0767693
20.8289 0.345096
20.9289 0.717194
21.0289 0.941212
21.1289 1.05819
21.2289 1.09894
21.3289 1.04604
21.4289 0.875858
21.5289 0.514563
21.6289 0.202638
21.7289 0.0340989
21.8289 0.0115629
21.9289 0.0562622
22.0289 0.0843006
22.1289 0.0980176
22.2289 0.151878
22.3289 0.329557
22.4289 0.563338
22.5289 0.81742
22.6289 0.859213
22.7289 0.672249
22.8289 0.489172
22.9289 0.358328
23.0289 0.330256
23.1289 0.417256
23.2289 0.456959
23.3289 0.354556
23.4289 0.175799
23.5289 0.0609246
23.6289 0.0718252
23.7289 0.017218
23.8289 -0.105304
23.9289 -0.17523
24.0289 -0.170509
24.1289 -0.0984789
24.2289 -0.0348441
24.3289 -0.00700117
24.4289 -0.0218635
24.5289 -0.101057
24.6289 -0.181108
24.7289 -0.242923
24.8289 -0.363743
24.9289 -0.559568
25.0289 -0.672159
25.1289 -0.652514
25.2289 -0.536738
25.3289 -0.322875
25.4289 0.0650762
25.5289 0.459695
25.6289 0.777801
25.7289 0.793434
25.8289 0.77158
25.9289 0.713353
26.0289 0.59844
26.1289 0.481227
26.2289 0.305934
26.3289 0.205494
26.4289 0.186514
26.5289 0.256899
26.6289 0.444736
26.7289 0.696615
26.8289 0.891073
26.9289 0.940093
27.0289 0.967166
27.1289 1.01604
27.2289 0.93674
27.3289 0.658603
27.4289 0.331086
27.5289 0.0710756
27.6289 -0.108589
27.7289 -0.231266
27.8289 -0.38901
27.9289 -0.520599
28.0289 -0.627131
28.1289 -0.688473
28.2289 -0.663213
28.3289 -0.549656
28.4289 -0.449498
28.5289 -0.287905
28.6289 -0.0985589
28.7289 0.182396
28.8289 0.423924
28.9289 0.585559
29.0289 0.641092
29.1289 0.587835
29.2289 0.543591
29.3289 0.546073
29.4289 0.615344
29.5289 0.660226
29.6289 0.685593
29.7289 0.585171
29.8289 0.354055
29.9289 0.0331857
30.0289 -0.31234
30.1289 -0.646368
30.2289 -0.859639
30.3289 -0.940291
30.4289 -0.891101
30.5289 -0.699634
30.6289 -0.424085
30.7289 -0.194672
30.8289 -0.0447052
30.9289 0.106199
31.0289 0.303442
31.1289 0.510027
31.2289 0.694081
31.3289 0.83174
31.4289 0.959987
31.5289 1.16141
31.6289 1.39379
31.7289 1.55783
31.8289 1.67023
31.9289 1.66318
32.0289 1.64937
32.1289 1.49562
32.2289 1.1726
32.3289 0.734716
32.4289 0.213644
32.5289 -0.372501
32.6289 -0.966427
32.7289 -1.52044
32.8289 -1.83583
32.9289 -1.88837
33.0289 -1.76417
33.1289 -1.50592
33.2289 -1.20202
33.3289 -0.89009
33.4289 -0.536572
33.5289 -0.153017
33.6289 0.185649
33.7289 0.458668
33.8289 0.742761
33.9289 0.880479
34.0289 0.975885
34.1289 0.982608
34.2289 0.888763
34.3289 0.846991
34.4289 0.828306
34.5289 0.763672
34.6289 0.693576
34.7289 0.560206
34.8289 0.398469
34.9289 0.226829
35.0289 0.178643
35.1289 0.175438
35.2289 0.00636091
35.3289 -0.297443
35.4289 -0.805749
35.5289 -1.59587
35.6289 -2.57366
35.7289 -3.61982
35.8289 -4.40896
35.9289 -4.55043
36.0289 -3.53385
36.1289 -1.40204
36.2289 1.82403
36.3289 6.22766
36.4289 11.7396
36.5289 17.3133
36.6289 21.1393
36.7289 21.4452
36.8289 17.1382
36.9289 7.28821
37.0289 -9.21752
37.1289 -31.1266
37.2289 -52.7161
37.3289 -66.5697
37.4289 -68.496
37.5289 -59.2841
37.6289 -41.1614
37.7289 -15.8693
37.8289 13.784
37.9289 44.4781
38.0289 71.4244
38.1289 90.1076
38.2289 98.0024
38.3289 91.1915
38.4289 65.5254
38.5289 26.712
38.6289 -13.6997
38.7289 -45.859
38.8289 -66.5087
38.9289 -76.3577
39.0289 -77.4651
39.1289 -72.2947
39.2289 -63.3755
39.3289 -52.6041
39.4289 -40.8624
39.5289 -28.3157
39.6289 -15.0163
39.7289 -0.865952
39.8289 14.2655
39.9289 29.9831
40.0289 45.0537
40.1289 57.3934
40.2289 64.9727
40.3289 66.4802
40.4289 62.0118
40.5289 53.2112
40.6289 42.0695
40.7289 29.9149
40.8289 17.4089
40.9289 4.53485
41.0289 -8.80631
41.1289 -22.1942
41.2289 -34.173
41.3289 -43.0178
41.4289 -47.8508
41.5289 -48.6577
41.6289 -46.4641
41.7289 -42.7118
41.8289 -38.4312
41.9289 -33.7439
42.0289 -28.2917
42.1289 -21.9303
42.2289 -14.56
42.3289 -6.22969
42.4289 2.46683
42.5289 10.7261
42.6289 17.8327
42.7289 23.5061
42.8289 27.6165
42.9289 30.2998
43.0289 31.8072
43.1289 32.5563
43.2289 32.6433
43.3289 31.8377
43.4289 29.8766
43.5289 26.4532
43.6289 21.5865
43.7289 15.9102
43.8289 10.1524
43.9289 4.57353
44.0289 -0.786658
44.1289 -6.18967
44.2289 -11.5879
44.3289 -16.7462
44.4289 -21.3312
44.5289 -24.746
44.6289 -26.7392
44.7289 -27.3909
44.8289 -26.9464
44.9289 -25.7402
45.0289 -24.0039
45.1289 -22.0094
45.2289 -19.932
45.3289 -17.6515
45.4289 -14.883
45.5289 -11.4231
45.6289 -7.37543
45.7289 -3.15338
45.8289 0.935368
45.9289 4.71341
46.0289 8.15189
46.1289 11.2888
46.2289 14.0987
46.3289 16.5673
46.4289 18.5992
46.5289 20.1401
46.6289 21.238
46.7289 21.6587
46.8289 21.3133
46.9289 20.4014
47.0289 19.0914
47.1289 17.3223
47.2289 15.0538
47.3289 12.1921
47.4289 8.83384
47.5289 5.23612
47.6289 1.70735
47.7289 -1.62554
47.8289 -4.73859
47.9289 -7.58997
48.0289 -10.1857
48.1289 -12.5473
48.2289 -14.4935
48.3289 -15.994
48.4289 -16.983
48.5289 -17.483
48.6289 -17.4378
48.7289 -16.8688
48.8289 -16.0184
48.9289 -15.0934
49.0289 -14.297
49.1289 -13.6763
49.2289 -12.8132
49.3289 -11.5581
49.4289 -9.87345
49.5289 -7.65213
49.6289 -4.8381
49.7289 -1.44643
49.8289 2.30618
49.9289 6.08232
50.0289 9.58344
50.1289 12.5259
50.2289 14.6188
50.3289 15.7131
50.4289 15.705
50.5289 14.7383
50.6289 13.1606
50.7289 11.4751
50.8289 10.0582
50.9289 9.05857
51.0289 8.51464
51.1289 8.3961
51.2289 8.50204
51.3289 8.57604
51.4289 8.39966
51.5289 7.90991
51.6289 7.16051
51.7289 6.22081
51.8289 5.06428
51.9289 3.7746
52.0289 2.20966
52.1289 0.283915
52.2289 -2.02897
52.3289 -4.62452
52.4289 -7.33238
52.5289 -10.0429
52.6289 -12.4857
52.7289 -14.4286
52.8289 -15.7523
52.9289 -16.5077
53.0289 -16.8361
53.1289 -16.7973
53.2289 -16.4304
53.3289 -15.6343
53.4289 -14.3811
53.5289 -12.6646
53.6289 -10.6574
53.7289 -8.43563
53.8289 -6.07722
53.9289 -3.65251
54.0289 -1.33403
54.1289 0.775431
54.2289 2.778
54.3289 4.67692
54.4289 6.45255
54.5289 8.01447
54.6289 9.36629
54.7289 10.4855
54.8289 11.4304
54.9289 12.1767
55.0289 12.7555
55.1289 13.2179
55.2289 13.573
55.3289 13.6589
55.4289 13.3673
55.5289 12.6775
55.6289 11.4662
55.7289 9.76285
55.8289 7.80001
55.9289 5.86934
56.0289 3.99222
56.1289 2.22015
56.2289 0.637564
56.3289 -0.745657
56.4289 -1.95519
56.5289 -3.03875
56.6289 -4.09078
56.7289 -5.18684
56.8289 -6.33302
56.9289 -7.38624
57.0289 -8.17908
57.1289 -8.59215
57.2289 -8.74295
57.3289 -8.6769
57.4289 -8.41236
57.5289 -7.99856
57.6289 -7.52405
57.7289 -7.09246
57.8289 -6.8572
57.9289 -6.67503
58.0289 -6.55201
58.1289 -6.43175
58.2289 -6.20186
58.3289 -5.79834
58.4289 -5.17154
58.5289 -4.43955
58.6289 -3.52919
58.7289 -2.42449
58.8289 -1.12172
58.9289 0.229425
59.0289 1.49608
59.1289 2.52679
59.2289 3.34739
59.3289 3.97765
59.4289 4.59369
59.5289 5.23245
59.6289 5.85444
59.7289 6.45293
59.8289 7.03965
59.9289 7.76134
60.0289 8.4801
60.1289 8.9188
60.2289 8.98922
60.3289 8.67328
60.4289 8.1019
60.5289 7.49745
60.6289 6.93234
60.7289 6.46655
60.8289 6.05547
60.9289 5.52185
61.0289 4.92936
61.1289 4.19906
61.2289 3.25157
61.3289 2.0553
61.4289 0.793068
61.5289 -0.380864
61.6289 -1.50251
61.7289 -2.53251
61.8289 -3.53125
61.9289 -4.58503
62.0289 -5.74399
62.1289 -7.00738
62.2289 -8.25912
62.3289 -9.25838
62.4289 -9.79904
62.5289 -9.9366
62.6289 -9.77223
62.7289 -9.46091
62.8289 -9.02559
62.9289 -8.42381
63.0289 -7.69756
63.1289 -6.88024
63.2289 -5.94465
63.3289 -4.94663
63.4289 -3.85302
63.5289 -2.76898
63.6289 -1.70423
63.7289 -0.565109
63.8289 0.610613
63.9289 1.72596
64.0289 2.68649
64.1289 3.49135
64.2289 4.18896
64.3289 4.78187
64.4289 5.26404
64.5289 5.6233
64.6289 5.9059
64.7289 6.14478
64.8289 6.37139
64.9289 6.63274
65.0289 6.86369
65.1289 6.96542
65.2289 6.89095
65.3289 6.59962
65.4289 6.10982
65.5289 5.49716
65.6289 4.93641
65.7289 4.45599
65.8289 4.02036
65.9289 3.4918
66.0289 2.81665
66.1289 2.09418
66.2289 1.33583
66.3289 0.713239
66.4289 0.24117
66.5289 -0.223873
66.6289 -0.713004
66.7289 -1.1962
66.8289 -1.62198
66.9289 -2.00992
67.0289 -2.47442
67.1289 -3.07449
67.2289 -3.75961
67.3289 -4.37165
67.4289 -4.81565
67.5289 -5.119
67.6289 -5.35499
67.7289 -5.5035
67.8289 -5.5872
67.9289 -5.62994
68.0289 -5.57272
68.1289 -5.32151
68.2289 -4.98473
68.3289 -4.6683
68.4289 -4.41894
68.5289 -4.16877
68.6289 -3.8717
68.7289 -3.48216
68.8289 -2.94336
68.9289 -2.23693
69.0289 -1.49823
69.1289 -0.70656
69.2289 0.10602
69.3289 0.888493
69.4289 1.67191
69.5289 2.4922
69.6289 3.29716
69.7289 4.00437
69.8289 4.52736
69.9289 4.89705
70.0289 5.21228
70.1289 5.5282
70.2289 5.84938
70.3289 6.04107
70.4289 6.10174
70.5289 5.99338
70.6289 5.68946
70.7289 5.15219
70.8289 4.44212
70.9289 3.72126
71.0289 3.10066
71.1289 2.70242
71.2289 2.59808
71.3289 2.85002
71.4289 3.40431
71.5289 4.07899
71.6289 4.58667
71.7289 4.56874
71.8289 3.63736
71.9289 1.59298
72.0289 -1.28261
72.1289 -4.52757
72.2289 -7.55343
72.3289 -9.76682
72.4289 -10.6636
72.5289 -10.1291
72.6289 -8.30681
72.7289 -5.51954
72.8289 -2.44805
72.9289 0.158999
73.0289 1.75983
73.1289 2.20565
73.2289 1.64601
73.3289 0.374911
73.4289 -1.34975
73.5289 -3.18107
73.6289 -4.73848
73.7289 -5.711
73.8289 -6.12385
73.9289 -6.09262
74.0289 -5.77618
74.1289 -5.31163
74.2289 -4.71386
74.3289 -3.95755
74.4289 -3.02039
74.5289 -1.83687
74.6289 -0.424474
74.7289 1.02969
74.8289 2.34275
74.9289 3.4367
75.0289 4.31036
75.1289 5.03484
75.2289 5.54362
75.3289 5.79608
75.4289 5.86853
75.5289 5.75596
75.6289 5.52917
75.7289 5.27914
75.8289 5.02722
75.9289 4.70622
76.0289 4.38676
76.1289 4.19809
76.2289 4.08568
76.3289 3.98328
76.4289 3.84049
76.5289 3.60294
76.6289 3.2004
76.7289 2.62784
76.8289 1.95387
76.9289 1.26783
77.0289 0.580901
77.1289 -0.246858
77.2289 -1.04082
77.3289 -1.76743
77.4289 -2.36578
77.5289 -2.85708
77.6289 -3.13436
77.7289 -3.17068
77.8289 -3.13439
77.9289 -3.14854
78.0289 -3.29734
78.1289 -3.53671
78.2289 -3.84999
78.3289 -4.1278
78.4289 -4.28507
78.5289 -4.22117
78.6289 -3.96878
78.7289 -3.68128
78.8289 -3.32716
78.9289 -2.91597
79.0289 -2.49681
79.1289 -2.05223
79.2289 -1.61967
79.3289 -1.24344
79.4289 -0.887749
79.5289 -0.455509
79.6289 0.148858
79.7289 0.830237
79.8289 1.47052
79.9289 1.93989
80.0289 2.16782
80.1289 2.18319
80.2289 2.07977
80.3289 1.94462
80.4289 1.76563
80.5289 1.57183
80.6289 1.42892
80.7289 1.37578
80.8289 1.42491
80.9289 1.58821
81.0289 1.8882
81.1289 2.21974
81.2289 2.52433
81.3289 2.8235
81.4289 3.0562
81.5289 3.18305
81.6289 3.17153
81.7289 3.10199
81.8289 2.99347
81.9289 2.85143
82.0289 2.67
82.1289 2.46436
82.2289 2.2701
82.3289 2.09955
82.4289 1.91383
82.5289 1.71813
82.6289 1.51946
82.7289 1.22904
82.8289 0.779334
82.9289 0.285665
83.0289 -0.26587
83.1289 -0.827442
83.2289 -1.46784
83.3289 -2.06705
83.4289 -2.56943
83.5289 -3.00454
83.6289 -3.3945
83.7289 -3.68081
83.8289 -3.83569
83.9289 -3.8679
84.0289 -3.86523
84.1289 -3.9033
84.2289 -3.87541
84.3289 -3.70032
84.4289 -3.48525
84.5289 -3.32321
84.6289 -3.18409
84.7289 -2.99218
84.8289 -2.60867
84.9289 -2.08971
85.0289 -1.40907
85.1289 -0.615179
85.2289 0.178654
85.3289 0.891849
85.4289 1.54824
85.5289 2.06783
85.6289 2.39197
85.7289 2.55347
85.8289 2.64215
85.9289 2.67524
86.0289 2.5462
86.1289 2.43596
86.2289 2.42111
86.3289 2.47234
86.4289 2.62645
86.5289 2.76297
86.6289 2.85782
86.7289 2.9283
86.8289 2.9797
86.9289 3.07106
87.0289 3.11257
87.1289 3.01573
87.2289 2.8193
87.3289 2.53749
87.4289 2.13169
87.5289 1.66824
87.6289 1.23734
87.7289 0.842823
87.8289 0.523034
87.9289 0.229959
88.0289 -0.0248281
88.1289 -0.224424
88.2289 -0.436302
88.3289 -0.732009
88.4289 -1.12755
88.5289 -1.5261
88.6289 -1.87462
88.7289 -2.11154
88.8289 -2.21659
88.9289 -2.25104
89.0289 -2.3738
89.1289 -2.50094
89.2289 -2.53698
89.3289 -2.52078
89.4289 -2.56744
89.5289 -2.58049
89.6289 -2.58393
89.7289 -2.46528
89.8289 -2.22368
89.9289 -1.92345
90.0289 -1.62715
90.1289 -1.35468
90.2289 -0.99943
90.3289 -0.629295
90.4289 -0.183003
90.5289 0.177892
90.6289 0.437537
90.7289 0.706643
90.8289 0.993591
90.9289 1.24811
91.0289 1.42402
91.1289 1.58356
91.2289 1.64609
91.3289 1.63796
91.4289 1.5919
91.5289 1.5281
91.6289 1.51077
91.7289 1.50879
91.8289 1.45654
91.9289 1.36202
92.0289 1.31892
92.1289 1.30129
92.2289 1.3573
92.3289 1.37126
92.4289 1.29277
92.5289 1.19205
92.6289 1.16048
92.7289 1.26299
92.8289 1.43365
92.9289 1.47343
93.0289 1.31023
93.1289 1.00146
93.2289 0.693658
93.3289 0.408137
93.4289 0.185318
93.5289 0.109034
93.6289 -0.0269976
93.7289 -0.249555
93.8289 -0.528917
93.9289 -0.730254
94.0289 -0.886521
94.1289 -1.03665
