-10.2829 -0.00504452
-10.1829 0.0496986
-10.0829 0.0696254
-9.98287 0.0805117
-9.88287 0.0686795
-9.78287 0.0877968
-9.68287 0.152952
-9.58287 0.214076
-9.48287 0.232794
-9.38287 0.196308
-9.28287 0.170438
-9.18287 0.157945
-9.08287 0.173694
-8.98287 0.153407
-8.88287 0.117104
-8.78287 0.0541243
-8.68287 -0.0317185
-8.58287 -0.0542864
-8.48287 -0.0760879
-8.38287 -0.0562702
-8.28287 -0.0201727
-8.18287 0.0184725
-8.08287 0.0734339
-7.98287 0.135825
-7.88287 0.203941
-7.78287 0.272927
-7.68287 0.321447
-7.58287 0.320118
-7.48287 0.265043
-7.38287 0.132955
-7.28287 -0.0624792
-7.18287 -0.205452
-7.08287 -0.318789
-6.98287 -0.466774
-6.88287 -0.50272
-6.78287 -0.452416
-6.68287 -0.306081
-6.58287 -0.108164
-6.48287 0.0585931
-6.38287 0.255129
-6.28287 0.432562
-6.18287 0.550515
-6.08287 0.626058
-5.98287 0.632005
-5.88287 0.607613
-5.78287 0.540353
-5.68287 0.407112
-5.58287 0.270041
-5.48287 0.140855
-5.38287 0.0525726
-5.28287 0.0255475
-5.18287 0.0565831
-5.08287 0.121913
-4.98287 0.171156
-4.88287 0.170568
-4.78287 0.160172
-4.68287 0.0877953
-4.58287 -0.0218723
-4.48287 -0.153648
-4.38287 -0.273412
-4.28287 -0.373613
-4.18287 -0.382424
-4.08287 -0.315211
-3.98287 -0.21385
-3.88287 -0.101475
-3.78287 0.0479821
-3.68287 0.209644
-3.58287 0.339996
-3.48287 0.41428
-3.38287 0.461675
-3.28287 0.447581
-3.18287 0.356408
-3.08287 0.264353
-2.98287 0.164461
-2.88287 0.059829
-2.78287 0.00912498
-2.68287 -0.042397
-2.58287 -0.0558484
-2.48287 -0.0343735
-2.38287 -0.00372811
-2.28287 0.0322538
-2.18287 0.0680295
-2.08287 0.113524
-1.98287 0.141689
-1.88287 0.147309
-1.78287 0.181352
-1.68287 0.235155
-1.58287 0.22429
-1.48287 0.16607
-1.38287 0.0675729
-1.28287 0.019055
-1.18287 -6.43518e-05
-1.08287 0.0133771
-0.982874 0.0332673
-0.882874 0.0783302
-0.782874 0.146604
-0.682874 0.254108
-0.582874 0.357746
-0.482874 0.437276
-0.382874 0.486067
-0.282874 0.518883
-0.182874 0.520662
-0.0828743 0.451161
0.0171257 0.347499
0.117126 0.249471
0.217126 0.141725
0.317126 -0.0106064
0.417126 -0.202751
0.517126 -0.390672
0.617126 -0.523978
0.717126 -0.556945
0.817126 -0.492462
0.917126 -0.386907
1.01713 -0.278486
1.11713 -0.195645
1.21713 -0.141942
1.31713 -0.0686494
1.41713 0.0504352
1.51713 0.179376
1.61713 0.285113
1.71713 0.391614
1.81713 0.509807
1.91713 0.597258
2.01713 0.60558
2.11713 0.534694
2.21713 0.424037
2.31713 0.296419
2.41713 0.165196
2.51713 0.0520909
2.61713 -0.00719709
2.71713 -0.0192117
2.81713 0.00339159
2.91713 0.0605515
3.01713 0.154552
3.11713 0.2555
3.21713 0.336534
3.31713 0.354785
3.41713 0.295004
3.51713 0.214208
3.61713 0.138981
3.71713 0.0733971
3.81713 -0.00615797
3.91713 -0.0718859
4.01713 -0.0871189
4.11713 -0.0603142
4.21713 -0.00658068
4.31713 0.0302133
4.41713 0.0493099
4.51713 0.07464
4.61713 0.116743
4.71713 0.131899
4.81713 0.114332
4.91713 0.0985704
5.01713 0.118684
5.11713 0.154524
5.21713 0.219802
5.31713 0.255562
5.41713 0.225173
5.51713 0.140282
5.61713 0.0385167
5.71713 -0.0229263
5.81713 -0.0310144
5.91713 -0.00379328
6.01713 0.0195075
6.11713 0.0337731
6.21713 0.0644383
6.31713 0.124947
6.41713 0.188882
6.51713 0.223705
6.61713 0.22532
6.71713 0.232172
6.81713 0.270992
6.91713 0.314357
7.01713 0.329157
7.11713 0.357272
7.21713 0.3542
7.31713 0.298878
7.41713 0.204685
7.51713 0.104019
7.61713 0.0399083
7.71713 0.0258476
7.81713 0.0277271
7.91713 -0.00103965
8.01713 -0.0276598
8.11713 -0.00636783
8.21713 0.0338578
8.31713 0.0464464
8.41713 0.0179882
8.51713 -0.0227252
8.61713 -0.0659124
8.71713 -0.08513
8.81713 -0.0809474
8.91713 -0.0738398
9.01713 -0.0602642
9.11713 -0.0350525
9.21713 0.0302771
9.31713 0.117334
9.41713 0.226384
9.51713 0.340362
9.61713 0.428722
9.71713 0.514827
9.81713 0.586418
9.91713 0.630666
10.0171 0.614435
10.1171 0.547006
10.2171 0.459969
10.3171 0.370173
10.4171 0.231673
10.5171 0.0340922
10.6171 -0.184964
10.7171 -0.363126
10.8171 -0.456105
10.9171 -0.472839
11.0171 -0.454754
11.1171 -0.435263
11.2171 -0.38992
11.3171 -0.28979
11.4171 -0.116103
11.5171 0.0793859
11.6171 0.229842
11.7171 0.304544
11.8171 0.384811
11.9171 0.500277
12.0171 0.615428
12.1171 0.712248
12.2171 0.735124
12.3171 0.687218
12.4171 0.587496
12.5171 0.45873
12.6171 0.29713
12.7171 0.103879
12.8171 -0.0563897
12.9171 -0.171665
13.0171 -0.230076
13.1171 -0.234976
13.2171 -0.23419
13.3171 -0.255473
13.4171 -0.281673
13.5171 -0.268215
13.6171 -0.24057
13.7171 -0.236077
13.8171 -0.217904
13.9171 -0.132793
14.0171 -0.0137862
14.1171 0.108101
14.2171 0.206217
14.3171 0.293875
14.4171 0.404612
14.5171 0.557034
14.6171 0.70045
14.7171 0.784227
14.8171 0.796098
14.9171 0.729526
15.0171 0.631621
15.1171 0.515521
15.2171 0.382571
15.3171 0.220782
15.4171 0.0714748
15.5171 -0.0191278
15.6171 -0.0226425
15.7171 0.0829669
15.8171 0.198594
15.9171 0.220018
16.0171 0.108335
16.1171 -0.19682
16.2171 -0.779146
16.3171 -1.68764
16.4171 -2.82383
16.5171 -3.81092
16.6171 -4.16697
16.7171 -3.6025
16.8171 -2.0153
16.9171 0.662989
17.0171 4.59239
17.1171 9.46416
17.2171 14.1504
17.3171 17.1257
17.4171 17.1639
17.5171 13.5787
17.6171 5.50354
17.7171 -7.75313
17.8171 -24.4119
17.9171 -39.6301
18.0171 -48.3352
18.1171 -48.7393
18.2171 -41.8916
18.3171 -27.6967
18.4171 -7.22563
18.5171 16.0112
18.6171 37.6388
18.7171 53.6029
18.8171 61.5101
18.9171 60.779
19.0171 50.832
19.1171 32.7051
19.2171 10.6818
19.3171 -9.9081
19.4171 -26.3217
19.5171 -38.2823
19.6171 -45.9916
19.7171 -48.9278
19.8171 -47.2342
19.9171 -42.2006
20.0171 -35.1365
20.1171 -26.727
20.2171 -17.2854
20.3171 -7.25453
20.4171 2.54104
20.5171 11.2618
20.6171 18.4102
20.7171 23.6119
20.8171 26.774
20.9171 28.2601
21.0171 28.6267
21.1171 28.1811
21.2171 26.8684
21.3171 24.483
21.4171 20.8395
21.5171 15.8773
21.6171 9.87005
21.7171 3.46086
21.8171 -2.61499
21.9171 -7.95277
22.0171 -12.5075
22.1171 -16.4458
22.2171 -19.9568
22.3171 -23.181
22.4171 -25.9292
22.5171 -27.6344
22.6171 -27.7624
22.7171 -26.0453
22.8171 -22.5465
22.9171 -17.7302
23.0171 -12.3952
23.1171 -7.25214
23.2171 -2.60451
23.3171 1.54548
23.4171 5.34704
23.5171 8.89631
23.6171 12.1599
23.7171 14.9593
23.8171 17.0785
23.9171 18.3682
24.0171 18.8199
24.1171 18.6006
24.2171 17.9339
24.3171 17.0024
24.4171 15.8544
24.5171 14.3778
24.6171 12.3939
24.7171 9.81582
24.8171 6.72499
24.9171 3.34531
25.0171 -0.018687
25.1171 -3.13251
25.2171 -5.836
25.3171 -8.14651
25.4171 -10.1931
25.5171 -12.0697
25.6171 -13.6981
25.7171 -14.984
25.8171 -15.7918
25.9171 -15.9889
26.0171 -15.6025
26.1171 -14.7773
26.2171 -13.6963
26.3171 -12.4799
26.4171 -11.1157
26.5171 -9.52781
26.6171 -7.61196
26.7171 -5.31387
26.8171 -2.73886
26.9171 -0.0822945
27.0171 2.46433
27.1171 4.77252
27.2171 6.87899
27.3171 8.85917
27.4171 10.7105
27.5171 12.364
27.6171 13.6664
27.7171 14.4609
27.8171 14.6796
27.9171 14.297
28.0171 13.3735
28.1171 12.069
28.2171 10.5829
28.3171 9.00077
28.4171 7.37878
28.5171 5.67974
28.6171 3.84894
28.7171 1.91987
28.8171 -0.0276885
28.9171 -1.89352
29.0171 -3.50303
29.1171 -4.78182
29.2171 -5.80704
29.3171 -6.77006
29.4171 -7.75618
29.5171 -8.7586
29.6171 -9.72231
29.7171 -10.5816
29.8171 -11.2063
29.9171 -11.5164
30.0171 -11.4713
30.1171 -11.029
30.2171 -10.158
30.3171 -8.84731
30.4171 -7.1182
30.5171 -5.07708
30.6171 -2.85687
30.7171 -0.70199
30.8171 1.11394
30.9171 2.46226
31.0171 3.25142
31.1171 3.52415
31.2171 3.44699
31.3171 3.25699
31.4171 3.17175
31.5171 3.32513
31.6171 3.74392
31.7171 4.33248
31.8171 5.01606
31.9171 5.76194
32.0171 6.52462
32.1171 7.29748
32.2171 8.09106
32.3171 8.81487
32.4171 9.30472
32.5171 9.44753
32.6171 9.22176
32.7171 8.61034
32.8171 7.60726
32.9171 6.30751
33.0171 4.83762
33.1171 3.27674
33.2171 1.64156
33.3171 -0.0906472
33.4171 -1.92001
33.5171 -3.70657
33.6171 -5.37211
33.7171 -6.83724
33.8171 -8.04933
33.9171 -8.99434
34.0171 -9.67705
34.1171 -10.083
34.2171 -10.1502
34.3171 -9.85589
34.4171 -9.25206
34.5171 -8.42306
34.6171 -7.44231
34.7171 -6.37266
34.8171 -5.31371
34.9171 -4.30693
35.0171 -3.37249
35.1171 -2.53362
35.2171 -1.78089
35.3171 -1.05681
35.4171 -0.291646
35.5171 0.596508
35.6171 1.60989
35.7171 2.7199
35.8171 3.87976
35.9171 4.99603
36.0171 5.99445
36.1171 6.77727
36.2171 7.26727
36.3171 7.42552
36.4171 7.31185
36.5171 7.01547
36.6171 6.60659
36.7171 6.15996
36.8171 5.6753
36.9171 5.15284
37.0171 4.58215
37.1171 3.97075
37.2171 3.37293
37.3171 2.77611
37.4171 2.20672
37.5171 1.69975
37.6171 1.24436
37.7171 0.84066
37.8171 0.4523
37.9171 0.00626086
38.0171 -0.523352
38.1171 -1.08974
38.2171 -1.65655
38.3171 -2.23711
38.4171 -2.80448
38.5171 -3.30497
38.6171 -3.77045
38.7171 -4.21051
38.8171 -4.62211
38.9171 -4.94818
39.0171 -5.17103
39.1171 -5.2667
39.2171 -5.24881
39.3171 -5.11606
39.4171 -4.91429
39.5171 -4.63836
39.6171 -4.3205
39.7171 -4.0126
39.8171 -3.71231
39.9171 -3.37769
40.0171 -2.93762
40.1171 -2.40763
40.2171 -1.76015
40.3171 -1.02285
40.4171 -0.181932
40.5171 0.737686
40.6171 1.63689
40.7171 2.41864
40.8171 2.99881
40.9171 3.40552
41.0171 3.69899
41.1171 3.92596
41.2171 4.12712
41.3171 4.3212
41.4171 4.55244
41.5171 4.83551
41.6171 5.13589
41.7171 5.34812
41.8171 5.39542
41.9171 5.31434
42.0171 5.20293
42.1171 5.07243
42.2171 4.85336
42.3171 4.55866
42.4171 4.16502
42.5171 3.67316
42.6171 3.08685
42.7171 2.40894
42.8171 1.61021
42.9171 0.70118
43.0171 -0.238835
43.1171 -1.19722
43.2171 -2.15099
43.3171 -3.09096
43.4171 -3.96043
43.5171 -4.70478
43.6171 -5.26711
43.7171 -5.60259
43.8171 -5.74531
43.9171 -5.76523
44.0171 -5.67877
44.1171 -5.47139
44.2171 -5.1922
44.3171 -4.87851
44.4171 -4.57522
44.5171 -4.24637
44.6171 -3.83097
44.7171 -3.33238
44.8171 -2.74769
44.9171 -2.12262
45.0171 -1.50531
45.1171 -0.863506
45.2171 -0.175408
45.3171 0.519977
45.4171 1.14106
45.5171 1.64963
45.6171 2.06761
45.7171 2.44729
45.8171 2.81461
45.9171 3.14435
46.0171 3.3931
46.1171 3.55782
46.2171 3.63572
46.3171 3.65627
46.4171 3.63791
46.5171 3.59897
46.6171 3.55647
46.7171 3.49545
46.8171 3.40515
46.9171 3.23208
47.0171 3.0371
47.1171 2.88732
47.2171 2.76118
47.3171 2.58976
47.4171 2.33841
47.5171 2.05667
47.6171 1.80299
47.7171 1.55908
47.8171 1.26851
47.9171 0.926299
48.0171 0.544564
48.1171 0.162933
48.2171 -0.211615
48.3171 -0.589415
48.4171 -1.00341
48.5171 -1.42667
48.6171 -1.85034
48.7171 -2.2496
48.8171 -2.60904
48.9171 -2.93758
49.0171 -3.26197
49.1171 -3.54398
49.2171 -3.73534
49.3171 -3.82847
49.4171 -3.80224
49.5171 -3.67352
49.6171 -3.45778
49.7171 -3.16921
49.8171 -2.84567
49.9171 -2.48999
50.0171 -2.13004
50.1171 -1.78738
50.2171 -1.45581
50.3171 -1.1375
50.4171 -0.85672
50.5171 -0.571816
50.6171 -0.223563
50.7171 0.194944
50.8171 0.623241
50.9171 1.055
51.0171 1.52595
51.1171 1.9331
51.2171 2.20633
51.3171 2.33375
51.4171 2.32003
51.5171 2.22931
51.6171 2.14614
51.7171 2.16758
51.8171 2.34904
51.9171 2.71764
52.0171 3.33282
52.1171 4.12632
52.2171 4.92166
52.3171 5.50564
52.4171 5.65144
52.5171 5.19654
52.6171 4.08973
52.7171 2.44196
52.8171 0.506254
52.9171 -1.34336
53.0171 -2.74862
53.1171 -3.50665
53.2171 -3.50671
53.3171 -2.79707
53.4171 -1.55679
53.5171 -0.0941976
53.6171 1.23805
53.7171 2.1804
53.8171 2.60881
53.9171 2.51819
54.0171 1.96279
54.1171 1.05919
54.2171 -0.0392764
54.3171 -1.20166
54.4171 -2.31927
54.5171 -3.29133
54.6171 -4.06223
54.7171 -4.60491
54.8171 -4.87799
54.9171 -4.88995
55.0171 -4.65255
55.1171 -4.19666
55.2171 -3.64115
55.3171 -3.02926
55.4171 -2.43612
55.5171 -1.89137
55.6171 -1.40628
55.7171 -0.956817
55.8171 -0.493922
55.9171 -0.0413768
56.0171 0.405907
56.1171 0.824166
56.2171 1.15896
56.3171 1.42182
56.4171 1.69419
56.5171 2.02744
56.6171 2.33212
56.7171 2.5613
56.8171 2.72186
56.9171 2.86499
57.0171 2.95587
57.1171 2.95806
57.2171 2.89603
57.3171 2.7447
57.4171 2.51466
57.5171 2.2656
57.6171 2.07317
57.7171 1.97189
57.8171 1.87211
57.9171 1.71851
58.0171 1.50645
58.1171 1.3187
58.2171 1.18187
58.3171 1.04487
58.4171 0.860758
58.5171 0.639159
58.6171 0.356585
58.7171 0.0430156
58.8171 -0.220227
58.9171 -0.394029
59.0171 -0.506152
59.1171 -0.632541
59.2171 -0.745921
59.3171 -0.870567
59.4171 -1.02519
59.5171 -1.17821
59.6171 -1.31029
59.7171 -1.38411
59.8171 -1.4104
59.9171 -1.40605
60.0171 -1.38375
60.1171 -1.34545
60.2171 -1.29014
60.3171 -1.22678
60.4171 -1.15957
60.5171 -1.04771
60.6171 -0.925643
60.7171 -0.878087
60.8171 -0.917933
60.9171 -0.993403
61.0171 -1.08793
61.1171 -1.18184
61.2171 -1.26158
61.3171 -1.29544
61.4171 -1.31838
61.5171 -1.28756
61.6171 -1.16496
61.7171 -1.00187
61.8171 -0.80484
61.9171 -0.605077
62.0171 -0.380775
62.1171 -0.0968157
62.2171 0.250341
62.3171 0.614725
62.4171 1.03517
62.5171 1.5394
62.6171 2.05839
62.7171 2.50387
62.8171 2.83949
62.9171 3.02897
63.0171 3.10651
63.1171 3.11307
63.2171 3.02118
63.3171 2.85322
63.4171 2.63851
63.5171 2.44952
63.6171 2.32314
63.7171 2.22529
63.8171 2.12679
63.9171 2.00878
64.0171 1.8302
64.1171 1.5859
64.2171 1.29434
64.3171 0.949487
64.4171 0.563639
64.5171 0.232068
64.6171 -0.0544511
64.7171 -0.352621
64.8171 -0.677892
64.9171 -1.00605
65.0171 -1.36682
65.1171 -1.7147
65.2171 -1.99968
65.3171 -2.23078
65.4171 -2.41746
65.5171 -2.53883
65.6171 -2.58194
65.7171 -2.5386
65.8171 -2.41113
65.9171 -2.24483
66.0171 -2.05635
66.1171 -1.87089
66.2171 -1.76089
66.3171 -1.66726
66.4171 -1.57011
66.5171 -1.46772
66.6171 -1.33121
66.7171 -1.22411
66.8171 -1.07392
66.9171 -0.848039
67.0171 -0.571033
67.1171 -0.232782
67.2171 0.132462
67.3171 0.486
67.4171 0.826623
67.5171 1.17123
67.6171 1.45607
67.7171 1.65105
67.8171 1.76963
67.9171 1.84548
68.0171 1.89273
68.1171 1.92025
68.2171 1.95061
68.3171 2.01025
68.4171 2.04421
68.5171 2.03929
68.6171 2.0517
68.7171 2.00622
68.8171 1.91392
68.9171 1.76694
69.0171 1.64751
69.1171 1.55775
69.2171 1.4593
69.3171 1.3331
69.4171 1.19838
69.5171 0.995901
69.6171 0.797105
69.7171 0.544045
69.8171 0.238423
69.9171 -0.130932
70.0171 -0.553532
70.1171 -0.99514
70.2171 -1.35565
70.3171 -1.5978
70.4171 -1.75448
70.5171 -1.73619
70.6171 -1.59999
70.7171 -1.42476
70.8171 -1.27172
70.9171 -1.15502
71.0171 -1.04872
71.1171 -0.942111
71.2171 -0.844178
71.3171 -0.76576
71.4171 -0.719783
71.5171 -0.696142
71.6171 -0.707084
71.7171 -0.737045
71.8171 -0.813023
71.9171 -0.874403
72.0171 -0.920101
72.1171 -0.962522
72.2171 -0.93475
72.3171 -0.884695
72.4171 -0.768884
72.5171 -0.596146
72.6171 -0.34667
72.7171 -0.0286388
72.8171 0.345805
72.9171 0.710164
73.0171 0.990422
73.1171 1.16559
73.2171 1.17448
73.3171 1.12088
73.4171 1.0695
73.5171 1.04312
73.6171 1.01143
73.7171 0.978783
73.8171 0.975131
73.9171 1.01557
74.0171 1.04603
74.1171 1.03605
74.2171 0.983961
74.3171 0.927878
74.4171 0.87206
74.5171 0.809551
74.6171 0.73002
74.7171 0.68686
74.8171 0.62483
74.9171 0.559967
75.0171 0.475992
75.1171 0.416291
75.2171 0.330418
75.3171 0.228461
75.4171 0.118624
75.5171 0.0144073
75.6171 -0.126334
75.7171 -0.248245
75.8171 -0.367193
75.9171 -0.52393
76.0171 -0.700806
76.1171 -0.834722
76.2171 -0.904547
76.3171 -0.925315
76.4171 -0.909228
76.5171 -0.864198
76.6171 -0.789456
76.7171 -0.710391
76.8171 -0.650085
76.9171 -0.599033
77.0171 -0.567072
77.1171 -0.539745
77.2171 -0.514341
77.3171 -0.43472
77.4171 -0.371433
77.5171 -0.331156
77.6171 -0.335495
77.7171 -0.255894
77.8171 -0.162444
77.9171 -0.0256608
78.0171 0.147839
78.1171 0.297783
78.2171 0.414305
78.3171 0.5179
78.4171 0.573892
78.5171 0.562138
78.6171 0.51078
78.7171 0.429197
78.8171 0.334758
78.9171 0.291632
79.0171 0.30604
79.1171 0.322227
79.2171 0.351096
79.3171 0.368193
79.4171 0.340569
79.5171 0.303001
79.6171 0.28293
79.7171 0.266029
79.8171 0.205782
79.9171 0.14574
80.0171 0.119821
80.1171 0.108358
80.2171 0.141336
80.3171 0.16676
80.4171 0.167781
80.5171 0.13301
80.6171 0.0926968
80.7171 0.116699
80.8171 0.123257
80.9171 0.110454
81.0171 0.0857212
81.1171 0.0240171
81.2171 -0.0186095
81.3171 -0.0316304
81.4171 -0.0398462
81.5171 -0.0463569
81.6171 -0.105189
81.7171 -0.173597
81.8171 -0.217555
81.9171 -0.203187
82.0171 -0.0978739
82.1171 -0.0101261
82.2171 0.0871127
82.3171 0.152788
82.4171 0.177947
82.5171 0.153959
82.6171 0.169399
82.7171 0.135723
82.8171 0.075527
82.9171 -0.010849
83.0171 -0.0885568
83.1171 -0.162775
83.2171 -0.205461
83.3171 -0.211741
83.4171 -0.173835
83.5171 -0.147465
83.6171 -0.139755
83.7171 -0.119877
83.8171 -0.113765
83.9171 -0.0883644
84.0171 -0.0922424
84.1171 -0.076411
84.2171 -0.0872767
84.3171 -0.121354
84.4171 -0.185173
84.5171 -0.249049
84.6171 -0.257193
84.7171 -0.226175
84.8171 -0.199888
84.9171 -0.132917
85.0171 -0.0791949
85.1171 -0.0420904
85.2171 0.0226702
85.3171 0.0702319
85.4171 0.148321
85.5171 0.219079
85.6171 0.297026
85.7171 0.341625
85.8171 0.354586
85.9171 0.328351
86.0171 0.274358
86.1171 0.227632
86.2171 0.210016
86.3171 0.152636
86.4171 0.0866448
86.5171 0.0106019
86.6171 -0.0351355
86.7171 -0.0161373
86.8171 -0.0166525
86.9171 -0.0453313
87.0171 -0.0921988
87.1171 -0.0768779
87.2171 -0.054466
87.3171 -0.0358734
87.4171 -0.0311507
87.5171 -0.0438126
87.6171 -0.0466979
87.7171 -0.0918857
87.8171 -0.0925957
87.9171 -0.0695295
88.0171 -0.0314119
88.1171 0.00428324
88.2171 0.0338003
88.3171 0.0811812
88.4171 0.133278
88.5171 0.137695
88.6171 0.101785
88.7171 0.0636072
88.8171 -0.0100206
88.9171 -0.0737161
89.0171 -0.130681
89.1171 -0.196231
89.2171 -0.215894
89.3171 -0.206082
89.4171 -0.199181
89.5171 -0.197667
89.6171 -0.22054
89.7171 -0.18793
89.8171 -0.155771
89.9171 -0.143176
90.0171 -0.142996
90.1171 -0.12389
90.2171 -0.104504
90.3171 -0.0917289
90.4171 -0.0484396
90.5171 -0.0107735
90.6171 0.0236834
90.7171 0.0170792
90.8171 0.00641253
90.9171 -0.0113268
91.0171 -0.0291829
91.1171 -0.0532599
91.2171 -0.0589971
91.3171 -0.056638
91.4171 -0.00475666
91.5171 0.0159032
91.6171 0.0420942
91.7171 0.132198
91.8171 0.163413
91.9171 0.184379
92.0171 0.194745
