-5.56314 0.16834
-5.46314 0.518226
-5.36314 0.896717
-5.26314 1.13773
-5.16314 1.14814
-5.06314 1.17707
-4.96314 1.14681
-4.86314 0.928043
-4.76314 0.693965
-4.66314 0.386345
-4.56314 0.057851
-4.46314 -0.208778
-4.36314 -0.411445
-4.26314 -0.568333
-4.16314 -0.706663
-4.06314 -0.680444
-3.96314 -0.617657
-3.86314 -0.445913
-3.76314 -0.283737
-3.66314 -0.0433827
-3.56314 0.209741
-3.46314 0.444349
-3.36314 0.53118
-3.26314 0.69237
-3.16314 0.791527
-3.06314 0.787943
-2.96314 0.668415
-2.86314 0.547315
-2.76314 0.370958
-2.66314 0.300596
-2.56314 0.167503
-2.46314 0.124364
-2.36314 0.0834832
-2.26314 -0.0437035
-2.16314 -0.123726
-2.06314 -0.0892007
-1.96314 0.028802
-1.86314 0.183166
-1.76314 0.329757
-1.66314 0.510117
-1.56314 0.658774
-1.46314 0.726321
-1.36314 0.653423
-1.26314 0.539634
-1.16314 0.370562
-1.06314 0.353466
-0.96314 0.31287
-0.86314 0.194556
-0.76314 0.0551088
-0.66314 -0.134189
-0.56314 -0.134456
-0.46314 -0.15337
-0.36314 -0.11419
-0.26314 -0.0867336
-0.16314 0.0902555
-0.0631396 0.317455
0.0368604 0.636797
0.13686 0.757076
0.23686 0.744821
0.33686 0.617534
0.43686 0.423108
0.53686 0.154781
0.63686 -0.197891
0.73686 -0.39621
0.83686 -0.515267
0.93686 -0.552928
1.03686 -0.474905
1.13686 -0.418172
1.23686 -0.327806
1.33686 -0.223288
1.43686 -0.0990997
1.53686 0.0986066
1.63686 0.375221
1.73686 0.618897
1.83686 0.772108
1.93686 1.07676
2.03686 1.40573
2.13686 1.62489
2.23686 1.63565
2.33686 1.26292
2.43686 0.836837
2.53686 0.328886
2.63686 -0.144118
2.73686 -0.468405
2.83686 -0.766636
2.93686 -0.942066
3.03686 -0.851723
3.13686 -0.550249
3.23686 -0.185603
3.33686 0.116667
3.43686 0.175257
3.53686 0.247887
3.63686 0.279447
3.73686 0.284441
3.83686 0.320302
3.93686 0.130205
4.03686 -0.103973
4.13686 -0.272791
4.23686 -0.268016
4.33686 -0.187448
4.43686 -0.197585
4.53686 -0.146999
4.63686 -0.0414759
4.73686 0.181491
4.83686 0.460912
4.93686 0.671717
5.03686 0.792273
5.13686 0.788967
5.23686 0.713891
5.33686 0.721429
5.43686 0.675668
5.53686 0.569143
5.63686 0.479133
5.73686 0.477699
5.83686 0.629359
5.93686 0.928856
6.03686 1.16344
6.13686 1.16043
6.23686 0.918786
6.33686 0.704062
6.43686 0.473747
6.53686 0.14643
6.63686 -0.229871
6.73686 -0.67442
6.83686 -0.943654
6.93686 -0.945324
7.03686 -0.730923
7.13686 -0.468439
7.23686 -0.228531
7.33686 0.00169443
7.43686 0.340682
7.53686 0.75616
7.63686 1.0865
7.73686 1.26314
7.83686 1.25692
7.93686 1.06901
8.03686 0.829402
8.13686 0.527851
8.23686 0.197575
8.33686 -0.105992
8.43686 -0.375284
8.53686 -0.475982
8.63686 -0.480324
8.73686 -0.47712
8.83686 -0.524148
8.93686 -0.61383
9.03686 -0.690785
9.13686 -0.567536
9.23686 -0.227796
9.33686 0.15545
9.43686 0.395759
9.53686 0.55427
9.63686 0.661302
9.73686 0.75514
9.83686 0.816793
9.93686 0.812431
10.0369 0.777742
10.1369 0.801255
10.2369 0.861712
10.3369 0.934085
10.4369 1.03475
10.5369 1.0481
10.6369 0.943505
10.7369 0.703156
10.8369 0.384871
10.9369 0.0821937
11.0369 -0.104742
11.1369 -0.199809
11.2369 -0.30281
11.3369 -0.387658
11.4369 -0.39659
11.5369 -0.30856
11.6369 -0.123989
11.7369 0.105868
11.8369 0.379496
11.9369 0.693692
12.0369 0.911479
12.1369 0.90804
12.2369 0.740235
12.3369 0.574395
12.4369 0.439819
12.5369 0.274942
12.6369 0.0815845
12.7369 -0.0244972
12.8369 -0.0468749
12.9369 0.0557356
13.0369 0.275886
13.1369 0.607607
13.2369 0.977616
13.3369 1.17018
13.4369 1.16387
13.5369 0.918964
13.6369 0.505408
13.7369 -0.0150383
13.8369 -0.588164
13.9369 -1.03758
14.0369 -1.27477
14.1369 -1.38813
14.2369 -1.27298
14.3369 -0.864133
14.4369 -0.231602
14.5369 0.448146
14.6369 1.06572
14.7369 1.51072
14.8369 1.74574
14.9369 1.75959
15.0369 1.61304
15.1369 1.33544
15.2369 0.9681
15.3369 0.609987
15.4369 0.349194
15.5369 0.204235
15.6369 0.128082
15.7369 0.0381235
15.8369 -0.09228
15.9369 -0.232245
16.0369 -0.278765
16.1369 -0.301128
16.2369 -0.365691
16.3369 -0.393066
16.4369 -0.385748
16.5369 -0.300647
16.6369 -0.222229
16.7369 -0.171158
16.8369 -0.0821639
16.9369 0.0968577
17.0369 0.401773
17.1369 0.759298
17.2369 1.0508
17.3369 1.19848
17.4369 1.30115
17.5369 1.4114
17.6369 1.48715
17.7369 1.49224
17.8369 1.33126
17.9369 1.02318
18.0369 0.596443
18.1369 0.22656
18.2369 0.0732743
18.3369 -0.0141886
18.4369 -0.137808
18.5369 -0.267323
18.6369 -0.346921
18.7369 -0.442713
18.8369 -0.611183
18.9369 -0.772607
19.0369 -0.867245
19.1369 -0.921531
19.2369 -0.793698
19.3369 -0.485269
19.4369 -0.0760939
19.5369 0.359501
19.6369 0.670218
19.7369 0.833005
19.8369 0.87832
19.9369 0.954674
20.0369 1.12934
20.1369 1.24616
20.2369 1.25001
20.3369 1.20415
20.4369 1.11925
20.5369 1.07414
20.6369 0.961875
20.7369 0.772977
20.8369 0.592353
20.9369 0.393561
21.0369 0.0977236
21.1369 -0.287868
21.2369 -0.626375
21.3369 -0.889214
21.4369 -1.0435
21.5369 -1.06845
21.6369 -1.01507
21.7369 -0.885753
21.8369 -0.72628
21.9369 -0.520667
22.0369 -0.244527
22.1369 0.107576
22.2369 0.424806
22.3369 0.751609
22.4369 1.07078
22.5369 1.37806
22.6369 1.58115
22.7369 1.71358
22.8369 1.89723
22.9369 2.06523
23.0369 2.0438
23.1369 1.83103
23.2369 1.49996
23.3369 1.11088
23.4369 0.631918
23.5369 0.190958
23.6369 -0.168159
23.7369 -0.425037
23.8369 -0.556974
23.9369 -0.558206
24.0369 -0.364127
24.1369 -0.133058
24.2369 -0.0686799
24.3369 -0.521047
24.4369 -1.62174
24.5369 -3.30857
24.6369 -5.39263
24.7369 -7.45425
24.8369 -8.68558
24.9369 -8.14415
25.0369 -5.27557
25.1369 0.0207942
25.2369 7.98735
25.3369 18.2867
25.4369 28.993
25.5369 36.6829
25.6369 38.5499
25.7369 32.6664
25.8369 15.6391
25.9369 -15.1168
26.0369 -55.1409
26.1369 -93.1678
26.2369 -116.587
26.3369 -119.519
26.4369 -103.943
26.5369 -73.4234
26.6369 -30.595
26.7369 20.2201
26.8369 73.141
26.9369 120.821
27.0369 155.309
27.1369 170.969
27.2369 163.131
27.3369 124.604
27.4369 58.5371
27.5369 -17.8156
27.6369 -84.0023
27.7369 -128.554
27.8369 -150.728
27.9369 -153.415
28.0369 -140.754
28.1369 -118.4
28.2369 -91.8127
28.3369 -64.039
28.4369 -35.7166
28.5369 -7.07871
28.6369 21.5142
28.7369 49.2653
28.8369 74.2216
28.9369 93.0701
29.0369 102.7
29.1369 101.998
29.2369 93.1635
29.3369 80.1253
29.4369 66.3816
29.5369 53.4625
29.6369 41.2029
29.7369 28.4838
29.8369 13.8912
29.9369 -3.68378
30.0369 -24.1521
30.1369 -45.3196
30.2369 -63.5157
30.3369 -76.3003
30.4369 -82.9487
30.5369 -83.8925
30.6369 -80.2412
30.7369 -73.1427
30.8369 -63.4475
30.9369 -51.7226
31.0369 -38.2932
31.1369 -23.4501
31.2369 -7.84639
31.3369 7.33051
31.4369 20.8759
31.5369 31.836
31.6369 39.9162
31.7369 45.3316
31.8369 48.7447
31.9369 50.9534
32.0369 52.4664
32.1369 53.1174
32.2369 52.3578
32.3369 49.4626
32.4369 44.2495
32.5369 37.2263
32.6369 29.1201
32.7369 20.6749
32.8369 12.3127
32.9369 4.00477
33.0369 -4.64931
33.1369 -13.8104
33.2369 -23.189
33.3369 -32.1258
33.4369 -39.4093
33.5369 -44.1895
33.6369 -46.3895
33.7369 -46.5377
33.8369 -45.385
33.9369 -43.474
34.0369 -40.9292
34.1369 -37.53
34.2369 -33.0859
34.3369 -27.5902
34.4369 -21.2112
34.5369 -14.3554
34.6369 -7.56166
34.7369 -1.09273
34.8369 4.99506
34.9369 10.7617
35.0369 16.1945
35.1369 21.3563
35.2369 26.2303
35.3369 30.4981
35.4369 33.9639
35.5369 36.4816
35.6369 37.8786
35.7369 38.163
35.8369 37.4696
35.9369 35.9442
36.0369 33.5326
36.1369 30.183
36.2369 25.8938
36.3369 20.6449
36.4369 14.5385
36.5369 7.81497
36.6369 1.06808
36.7369 -5.3568
36.8369 -11.2738
36.9369 -16.6443
37.0369 -21.6018
37.1369 -26.0004
37.2369 -29.5831
37.3369 -32.1276
37.4369 -33.3707
37.5369 -33.2696
37.6369 -32.2038
37.7369 -30.6366
37.8369 -28.9166
37.9369 -27.2607
38.0369 -25.5303
38.1369 -23.4925
38.2369 -20.9105
38.3369 -17.663
38.4369 -13.6136
38.5369 -8.61488
38.6369 -2.76695
38.7369 3.7144
38.8369 10.4246
38.9369 16.7436
39.0369 21.997
39.1369 25.7353
39.2369 27.6393
39.3369 27.6357
39.4369 26.0529
39.5369 23.4231
39.6369 20.3663
39.7369 17.541
39.8369 15.3147
39.9369 13.8962
40.0369 13.3267
40.1369 13.3431
40.2369 13.6698
40.3369 14.0273
40.4369 14.2456
40.5369 14.1853
40.6369 13.6096
40.7369 12.3391
40.8369 10.281
40.9369 7.34118
41.0369 3.41293
41.1369 -1.31497
41.2369 -6.50731
41.3369 -11.6997
41.4369 -16.4681
41.5369 -20.485
41.6369 -23.6414
41.7369 -25.8979
41.8369 -27.3896
41.9369 -28.2689
42.0369 -28.5983
42.1369 -28.3776
42.2369 -27.5033
42.3369 -25.907
42.4369 -23.5369
42.5369 -20.4566
42.6369 -16.8814
42.7369 -13.0194
42.8369 -9.01368
42.9369 -4.97222
43.0369 -1.02825
43.1369 2.79779
43.2369 6.49134
43.3369 9.94097
43.4369 12.8815
43.5369 15.1377
43.6369 16.8234
43.7369 18.0719
43.8369 18.9344
43.9369 19.5693
44.0369 20.2052
44.1369 20.9428
44.2369 21.6505
44.3369 22.12
44.4369 22.059
44.5369 21.1838
44.6369 19.3943
44.7369 16.7548
44.8369 13.74
44.9369 10.6257
45.0369 7.54114
45.1369 4.41827
45.2369 1.29838
45.3369 -1.64181
45.4369 -4.20836
45.5369 -6.39354
45.6369 -8.18801
45.7369 -9.6465
45.8369 -10.7326
45.9369 -11.554
46.0369 -12.1177
46.1369 -12.4604
46.2369 -12.6855
46.3369 -12.7242
46.4369 -12.5823
46.5369 -12.2956
46.6369 -11.9677
46.7369 -11.7628
46.8369 -11.8205
46.9369 -12.0009
47.0369 -12.0801
47.1369 -11.9769
47.2369 -11.6399
47.3369 -10.9867
47.4369 -9.91879
47.5369 -8.42318
47.6369 -6.6108
47.7369 -4.53522
47.8369 -2.35806
47.9369 -0.391193
48.0369 1.2918
48.1369 2.75837
48.2369 4.17033
48.3369 5.51744
48.4369 6.89363
48.5369 8.40574
48.6369 10.0505
48.7369 11.5979
48.8369 12.8999
48.9369 13.9167
49.0369 14.6184
49.1369 14.9426
49.2369 14.8511
49.3369 14.432
49.4369 13.8081
49.5369 13.0745
49.6369 12.3537
49.7369 11.6844
49.8369 10.9347
49.9369 10.0036
50.0369 8.84442
50.1369 7.47275
50.2369 5.88213
50.3369 4.20229
50.4369 2.50291
50.5369 0.90601
50.6369 -0.579622
50.7369 -2.04808
50.8369 -3.69551
50.9369 -5.54576
51.0369 -7.58578
51.1369 -9.70769
51.2369 -11.777
51.3369 -13.5981
51.4369 -15.0616
51.5369 -16.195
51.6369 -16.9551
51.7369 -17.2451
51.8369 -16.9534
51.9369 -16.0731
52.0369 -14.7451
52.1369 -13.1802
52.2369 -11.5534
52.3369 -9.84891
52.4369 -8.03717
52.5369 -6.17326
52.6369 -4.35737
52.7369 -2.62824
52.8369 -0.938522
52.9369 0.738339
53.0369 2.39006
53.1369 3.95431
53.2369 5.31545
53.3369 6.47071
53.4369 7.4691
53.5369 8.37517
53.6369 9.33746
53.7369 10.3102
53.8369 11.1809
53.9369 11.7975
54.0369 12.1355
54.1369 12.2088
54.2369 11.9964
54.3369 11.553
54.4369 10.8713
54.5369 10.014
54.6369 9.18012
54.7369 8.42789
54.8369 7.70593
54.9369 6.86809
55.0369 5.95558
55.1369 4.99937
55.2369 4.0326
55.3369 3.10638
55.4369 2.22281
55.5369 1.41027
55.6369 0.624531
55.7369 -0.201523
55.8369 -0.979075
55.9369 -1.70987
56.0369 -2.5738
56.1369 -3.62317
56.2369 -4.7189
56.3369 -5.76216
56.4369 -6.79652
56.5369 -7.8399
56.6369 -8.81783
56.7369 -9.6222
56.8369 -10.1729
56.9369 -10.4784
57.0369 -10.6897
57.1369 -10.7735
57.2369 -10.6243
57.3369 -10.2228
57.4369 -9.58012
57.5369 -8.78771
57.6369 -7.91955
57.7369 -6.9789
57.8369 -5.9568
57.9369 -4.80634
58.0369 -3.52889
58.1369 -2.0484
58.2369 -0.484263
58.3369 1.01661
58.4369 2.40529
58.5369 3.68416
58.6369 4.85075
58.7369 5.86543
58.8369 6.70157
58.9369 7.35519
59.0369 7.86902
59.1369 8.29122
59.2369 8.68418
59.3369 8.96614
59.4369 8.99962
59.5369 8.77256
59.6369 8.24124
59.7369 7.45477
59.8369 6.61474
59.9369 6.01902
60.0369 5.88569
60.1369 6.34052
60.2369 7.38161
60.3369 8.73837
60.4369 10.0334
60.5369 10.9082
60.6369 10.8506
60.7369 9.33984
60.8369 6.06538
60.9369 1.3205
61.0369 -4.14507
61.1369 -9.2544
61.2369 -13.0266
61.3369 -14.8779
61.4369 -14.6045
61.5369 -12.2911
61.6369 -8.34263
61.7369 -3.69774
61.8369 0.479752
61.9369 3.30796
62.0369 4.44711
62.1369 3.92755
62.2369 2.04161
62.3369 -0.897727
62.4369 -4.3113
62.5369 -7.5924
62.6369 -10.3221
62.7369 -12.2773
62.8369 -13.4445
62.9369 -13.8503
63.0369 -13.5099
63.1369 -12.4541
63.2369 -10.709
63.3369 -8.23244
63.4369 -5.25901
63.5369 -2.17282
63.6369 0.489767
63.7369 2.46657
63.8369 3.85053
63.9369 4.80471
64.0369 5.36426
64.1369 5.74485
64.2369 6.13302
64.3369 6.60881
64.4369 7.24265
64.5369 7.96998
64.6369 8.6436
64.7369 9.11905
64.8369 9.31562
64.9369 9.34243
65.0369 9.1676
65.1369 8.75262
65.2369 8.14503
65.3369 7.51853
65.4369 6.92276
65.5369 6.33815
65.6369 5.75788
65.7369 5.129
65.8369 4.40132
65.9369 3.56027
66.0369 2.61217
66.1369 1.57555
66.2369 0.455774
66.3369 -0.684122
66.4369 -1.66445
66.5369 -2.37335
66.6369 -2.86868
66.7369 -3.24938
66.8369 -3.68448
66.9369 -4.14135
67.0369 -4.62961
67.1369 -5.14584
67.2369 -5.67809
67.3369 -6.13859
67.4369 -6.37261
67.5369 -6.36935
67.6369 -6.05672
67.7369 -5.5249
67.8369 -4.88521
67.9369 -4.31054
68.0369 -4.00276
68.1369 -3.91946
68.2369 -3.864
68.3369 -3.62572
68.4369 -3.21131
68.5369 -2.74728
68.6369 -2.30949
68.7369 -1.85022
68.8369 -1.22793
68.9369 -0.507944
69.0369 0.162435
69.1369 0.696172
69.2369 1.05951
69.3369 1.2313
69.4369 1.3085
69.5369 1.34973
69.6369 1.38579
69.7369 1.46733
69.8369 1.71274
69.9369 2.11456
70.0369 2.69892
70.1369 3.35184
70.2369 4.02138
70.3369 4.67228
70.4369 5.25105
70.5369 5.68471
70.6369 6.01026
70.7369 6.23498
70.8369 6.31118
70.9369 6.22701
71.0369 6.04537
71.1369 5.89375
71.2369 5.75815
71.3369 5.49722
71.4369 5.12597
71.5369 4.73082
71.6369 4.24465
71.7369 3.5861
71.8369 2.69047
71.9369 1.61072
72.0369 0.514397
72.1369 -0.411342
72.2369 -1.21506
72.3369 -1.99334
72.4369 -2.73034
72.5369 -3.4344
72.6369 -4.14045
72.7369 -4.78397
72.8369 -5.36507
72.9369 -5.86659
73.0369 -6.37953
73.1369 -6.90638
73.2369 -7.27065
73.3369 -7.34808
73.4369 -7.17428
73.5369 -6.77129
73.6369 -6.15979
73.7369 -5.33958
73.8369 -4.3864
73.9369 -3.32945
74.0369 -2.25129
74.1369 -1.24863
74.2369 -0.425546
74.3369 0.192896
74.4369 0.645938
74.5369 0.912263
74.6369 1.04942
74.7369 1.10509
74.8369 1.16972
74.9369 1.33081
75.0369 1.56786
75.1369 1.89221
75.2369 2.38013
75.3369 3.02246
75.4369 3.74406
75.5369 4.40864
75.6369 4.96958
75.7369 5.34824
75.8369 5.5324
75.9369 5.57559
76.0369 5.58657
76.1369 5.54695
76.2369 5.36382
76.3369 5.06499
76.4369 4.72985
76.5369 4.38942
76.6369 4.04799
76.7369 3.52903
76.8369 2.94427
76.9369 2.30626
77.0369 1.70343
77.1369 1.0215
77.2369 0.369639
77.3369 -0.274865
77.4369 -0.971366
77.5369 -1.60451
77.6369 -2.13316
77.7369 -2.51082
77.8369 -2.79445
77.9369 -2.98134
78.0369 -3.231
78.1369 -3.46561
78.2369 -3.79649
78.3369 -4.04262
78.4369 -4.09118
78.5369 -4.04395
78.6369 -3.86042
78.7369 -3.53254
78.8369 -3.20989
78.9369 -2.84877
79.0369 -2.43778
79.1369 -2.09688
79.2369 -1.74596
79.3369 -1.4566
79.4369 -1.17002
79.5369 -0.928945
79.6369 -0.583628
79.7369 -0.189913
79.8369 0.231366
79.9369 0.551121
80.0369 0.824339
80.1369 1.08089
80.2369 1.3031
80.3369 1.50339
80.4369 1.69276
80.5369 1.83978
80.6369 1.83212
80.7369 1.84727
80.8369 1.92605
80.9369 2.04999
81.0369 2.02682
81.1369 2.00002
81.2369 2.02045
81.3369 2.11675
81.4369 2.24784
81.5369 2.2763
81.6369 2.16234
81.7369 1.9916
81.8369 1.8506
81.9369 1.73199
82.0369 1.71232
82.1369 1.61547
82.2369 1.41173
82.3369 1.20665
82.4369 0.99746
82.5369 0.780016
82.6369 0.434199
82.7369 -0.00795752
82.8369 -0.352969
82.9369 -0.514664
83.0369 -0.49725
83.1369 -0.422128
83.2369 -0.388364
83.3369 -0.353517
83.4369 -0.358805
83.5369 -0.300555
83.6369 -0.404934
83.7369 -0.676503
83.8369 -0.972195
83.9369 -1.25673
84.0369 -1.40328
84.1369 -1.49608
84.2369 -1.58781
84.3369 -1.67427
84.4369 -1.72495
84.5369 -1.75277
84.6369 -1.73215
84.7369 -1.6498
84.8369 -1.58478
84.9369 -1.53322
85.0369 -1.37979
85.1369 -1.03442
85.2369 -0.573724
85.3369 -0.0263772
85.4369 0.422795
85.5369 0.737877
85.6369 1.06138
85.7369 1.19918
85.8369 1.20715
85.9369 1.27721
86.0369 1.24253
86.1369 1.12813
86.2369 1.02513
86.3369 0.924501
86.4369 0.893211
86.5369 0.794552
86.6369 0.705615
86.7369 0.689523
86.8369 0.61
86.9369 0.526
87.0369 0.521243
87.1369 0.462472
87.2369 0.406371
87.3369 0.333224
87.4369 0.324846
87.5369 0.412213
87.6369 0.564159
87.7369 0.635373
87.8369 0.870607
87.9369 0.842238
88.0369 0.75973
88.1369 0.694113
88.2369 0.625432
88.3369 0.593435
88.4369 0.412239
88.5369 0.341121
88.6369 0.258841
88.7369 0.219032
88.8369 0.197037
88.9369 0.216648
89.0369 0.270839
89.1369 0.365587
89.2369 0.520185
89.3369 0.593145
89.4369 0.561947
89.5369 0.35311
89.6369 0.132137
89.7369 -0.107263
89.8369 -0.231762
89.9369 -0.427
90.0369 -0.711239
90.1369 -0.990854
90.2369 -1.15637
90.3369 -1.23384
90.4369 -1.15439
90.5369 -1.01105
90.6369 -0.839485
90.7369 -0.72711
90.8369 -0.63481
90.9369 -0.472211
91.0369 -0.238266
91.1369 -0.0564613
91.2369 0.0611084
91.3369 0.0731407
91.4369 0.0480842
91.5369 0.067065
91.6369 0.0832416
91.7369 0.118253
91.8369 0.17544
91.9369 0.279281
92.0369 0.330962
92.1369 0.335023
92.2369 0.309196
92.3369 0.280353
92.4369 0.289801
92.5369 0.266041
92.6369 0.260835
92.7369 0.197398
92.8369 0.134495
92.9369 0.0830975
93.0369 -0.0732282
93.1369 -0.0976975
93.2369 -0.0503569
93.3369 0.0178705
93.4369 0.191214
93.5369 0.475429
93.6369 0.720371
93.7369 1.05343
93.8369 1.26083
93.9369 1.40121
94.0369 1.37037
94.1369 1.27843
94.2369 0.962359
94.3369 0.510769
94.4369 0.170814
94.5369 -0.160746
94.6369 -0.406159
94.7369 -0.564461
94.8369 -0.512555
94.9369 -0.454642
95.0369 -0.21305
95.1369 0.0645547
95.2369 0.257147
95.3369 0.438674
95.4369 0.571852
95.5369 0.587547
95.6369 0.520139
95.7369 0.334271
95.8369 0.122807
95.9369 -0.111996
96.0369 -0.355276
96.1369 -0.522352
96.2369 -0.714367
96.3369 -0.812299
96.4369 -0.921855
96.5369 -1.06043
96.6369 -1.17384
96.7369 -1.09261
