-8.41216 1.01032
-8.31216 0.841374
-8.21216 0.721146
-8.11216 0.548082
-8.01216 0.444879
-7.91216 0.30665
-7.81216 0.209294
-7.71216 0.146248
-7.61216 0.0338491
-7.51216 -0.204541
-7.41216 -0.528322
-7.31216 -0.654721
-7.21216 -0.6848
-7.11216 -0.747962
-7.01216 -0.684323
-6.91216 -0.548895
-6.81216 -0.321046
-6.71216 0.0565568
-6.61216 0.532059
-6.51216 0.95961
-6.41216 1.36501
-6.31216 1.66211
-6.21216 1.78673
-6.11216 1.82719
-6.01216 1.79141
-5.91216 1.71597
-5.81216 1.54575
-5.71216 1.29637
-5.61216 1.00843
-5.51216 0.816065
-5.41216 0.644309
-5.31216 0.353156
-5.21216 0.124249
-5.11216 -0.095902
-5.01216 -0.361173
-4.91216 -0.614635
-4.81216 -0.804755
-4.71216 -0.940665
-4.61216 -1.05374
-4.51216 -1.06862
-4.41216 -1.00254
-4.31216 -0.9135
-4.21216 -0.858009
-4.11216 -0.883753
-4.01216 -0.723468
-3.91216 -0.509274
-3.81216 -0.0982752
-3.71216 0.333722
-3.61216 0.831071
-3.51216 1.23922
-3.41216 1.48198
-3.31216 1.64301
-3.21216 1.76628
-3.11216 1.84593
-3.01216 1.89178
-2.91216 1.71583
-2.81216 1.57839
-2.71216 1.44074
-2.61216 1.22152
-2.51216 0.948313
-2.41216 0.506202
-2.31216 0.00356163
-2.21216 -0.455092
-2.11216 -0.747372
-2.01216 -0.890965
-1.91216 -0.949272
-1.81216 -0.953584
-1.71216 -0.886233
-1.61216 -0.793806
-1.51216 -0.72441
-1.41216 -0.505346
-1.31216 -0.246601
-1.21216 0.0276521
-1.11216 0.357412
-1.01216 0.690849
-0.912158 1.07134
-0.812158 1.40342
-0.712158 1.57125
-0.612158 1.56678
-0.512158 1.39991
-0.412158 1.10142
-0.312158 0.761431
-0.212158 0.424729
-0.112158 0.14127
-0.012158 -0.0875749
0.087842 -0.267131
0.187842 -0.475865
0.287842 -0.578538
0.387842 -0.62284
0.487842 -0.521247
0.587842 -0.318778
0.687842 -0.0580328
0.787842 0.228083
0.887842 0.478021
0.987842 0.659484
1.08784 0.902499
1.18784 1.03024
1.28784 1.12431
1.38784 1.11245
1.48784 0.968342
1.58784 0.712491
1.68784 0.436836
1.78784 0.106917
1.88784 -0.128562
1.98784 -0.222308
2.08784 -0.237058
2.18784 -0.193148
2.28784 -0.142407
2.38784 -0.151117
2.48784 -0.0443132
2.58784 0.19755
2.68784 0.654556
2.78784 1.03339
2.88784 1.31302
2.98784 1.49302
3.08784 1.54643
3.18784 1.38095
3.28784 0.972155
3.38784 0.408804
3.48784 -0.0360932
3.58784 -0.34064
3.68784 -0.6501
3.78784 -1.00015
3.88784 -1.25058
3.98784 -1.31403
4.08784 -1.14521
4.18784 -0.91659
4.28784 -0.636173
4.38784 -0.328271
4.48784 0.122919
4.58784 0.71184
4.68784 1.28376
4.78784 1.74856
4.88784 2.01279
4.98784 2.03384
5.08784 1.94658
5.18784 1.83616
5.28784 1.65443
5.38784 1.3944
5.48784 1.17082
5.58784 0.89404
5.68784 0.567993
5.78784 0.249519
5.88784 0.0364279
5.98784 -0.148397
6.08784 -0.323776
6.18784 -0.479325
6.28784 -0.630114
6.38784 -0.676243
6.48784 -0.559244
6.58784 -0.377785
6.68784 -0.198424
6.78784 -0.0736772
6.88784 0.0991257
6.98784 0.314462
7.08784 0.507625
7.18784 0.649466
7.28784 0.775965
7.38784 0.952129
7.48784 1.12259
7.58784 1.13137
7.68784 1.0639
7.78784 0.932898
7.88784 0.738997
7.98784 0.482375
8.08784 0.228993
8.18784 0.0435682
8.28784 -0.0785024
8.38784 -0.124326
8.48784 -0.157636
8.58784 -0.219055
8.68784 -0.239335
8.78784 -0.17086
8.88784 -0.0230938
8.98784 0.155243
9.08784 0.298324
9.18784 0.394964
9.28784 0.480216
9.38784 0.553795
9.48784 0.551162
9.58784 0.480936
9.68784 0.386804
9.78784 0.371825
9.88784 0.493446
9.98784 0.634313
10.0878 0.740915
10.1878 0.830689
10.2878 0.941782
10.3878 1.03151
10.4878 1.09092
10.5878 1.16394
10.6878 1.18566
10.7878 1.04465
10.8878 0.79405
10.9878 0.575861
11.0878 0.361662
11.1878 0.155586
11.2878 -0.0054474
11.3878 -0.118175
11.4878 -0.237188
11.5878 -0.356891
11.6878 -0.408834
11.7878 -0.34459
11.8878 -0.240017
11.9878 -0.138034
12.0878 -0.0760522
12.1878 -0.0318431
12.2878 0.0210337
12.3878 0.0992677
12.4878 0.217467
12.5878 0.413738
12.6878 0.655956
12.7878 0.982632
12.8878 1.2644
12.9878 1.4185
13.0878 1.42841
13.1878 1.24814
13.2878 0.902506
13.3878 0.510795
13.4878 0.16878
13.5878 -0.0838145
13.6878 -0.329969
13.7878 -0.474298
13.8878 -0.529616
13.9878 -0.460776
14.0878 -0.290985
14.1878 -0.123755
14.2878 -0.0375176
14.3878 0.0779749
14.4878 0.268154
14.5878 0.445672
14.6878 0.577011
14.7878 0.711397
14.8878 0.791822
14.9878 0.902807
15.0878 1.02065
15.1878 1.09143
15.2878 1.15503
15.3878 1.23671
15.4878 1.30389
15.5878 1.36269
15.6878 1.26812
15.7878 1.09363
15.8878 0.835629
15.9878 0.558939
16.0878 0.31202
16.1878 0.0862741
16.2878 -0.120672
16.3878 -0.227352
16.4878 -0.21586
16.5878 -0.199894
16.6878 -0.27871
16.7878 -0.355877
16.8878 -0.392687
16.9878 -0.324245
17.0878 -0.212785
17.1878 -0.184182
17.2878 -0.228291
17.3878 -0.233726
17.4878 -0.0354968
17.5878 0.304537
17.6878 0.676447
17.7878 0.976639
17.8878 1.23776
17.9878 1.40711
18.0878 1.4689
18.1878 1.43024
18.2878 1.25948
18.3878 1.02073
18.4878 0.728461
18.5878 0.495821
18.6878 0.465583
18.7878 0.657268
18.8878 0.881151
18.9878 1.12235
19.0878 1.1487
19.1878 0.585283
19.2878 -0.599283
19.3878 -2.32397
19.4878 -4.41447
19.5878 -6.44965
19.6878 -7.97799
19.7878 -8.22305
19.8878 -6.53101
19.9878 -2.69139
20.0878 3.34866
20.1878 11.5121
20.2878 21.115
20.3878 30.0426
20.4878 35.2708
20.5878 34.5516
20.6878 25.7302
20.7878 5.73614
20.8878 -26.7646
20.9878 -65.1465
21.0878 -96.9082
21.1878 -112.539
21.2878 -109.142
21.3878 -89.2859
21.4878 -56.7061
21.5878 -15.2377
21.6878 31.4562
21.7878 78.5531
21.8878 119.307
21.9878 146.237
22.0878 154.523
22.1878 138.095
22.2878 93.71
22.3878 28.0998
22.4878 -40.5469
22.5878 -95.0022
22.6878 -128.025
22.7878 -140.417
22.8878 -135.524
22.9878 -118.806
23.0878 -96.0746
23.1878 -71.5009
23.2878 -47.0555
23.3878 -23.0213
23.4878 0.598127
23.5878 23.5941
23.6878 45.2987
23.7878 64.0156
23.8878 77.4502
23.9878 83.8992
24.0878 83.1675
24.1878 76.9998
24.2878 68.2136
24.3878 58.8487
24.4878 49.4106
24.5878 39.3187
24.6878 27.6058
24.7878 13.2449
24.8878 -4.35292
24.9878 -24.5318
25.0878 -44.5795
25.1878 -61.0469
25.2878 -71.7701
25.3878 -76.3324
25.4878 -75.1584
25.5878 -69.689
25.6878 -61.6284
25.7878 -52.1155
25.8878 -41.5291
25.9878 -29.9645
26.0878 -17.6748
26.1878 -5.33405
26.2878 6.11633
26.3878 15.9185
26.4878 23.6533
26.5878 29.486
26.6878 33.9552
26.7878 37.6853
26.8878 41.0638
26.9878 44.1292
27.0878 46.2667
27.1878 46.5443
27.2878 44.4428
27.3878 39.9462
27.4878 33.6227
27.5878 26.4043
27.6878 19.142
27.7878 12.0296
27.8878 4.80219
27.9878 -2.85665
28.0878 -10.9985
28.1878 -19.23
28.2878 -26.5996
28.3878 -32.29
28.4878 -35.9336
28.5878 -37.7372
28.6878 -38.2768
28.7878 -38.0668
28.8878 -37.2665
28.9878 -35.8631
29.0878 -33.613
29.1878 -30.2038
29.2878 -25.568
29.3878 -20.0082
29.4878 -14.0505
29.5878 -8.09394
29.6878 -2.40271
29.7878 2.97325
29.8878 8.09324
29.9878 13.0586
30.0878 17.7786
30.1878 22.1659
30.2878 26.0505
30.3878 29.1105
30.4878 31.2162
30.5878 32.3451
30.6878 32.4688
30.7878 31.7168
30.8878 30.2771
30.9878 28.1247
31.0878 25.0658
31.1878 21.1557
31.2878 16.5474
31.3878 11.5102
31.4878 6.39333
31.5878 1.39578
31.6878 -3.29229
31.7878 -7.86616
31.8878 -12.3665
31.9878 -16.6843
32.0878 -20.5444
32.1878 -23.5939
32.2878 -25.5902
32.3878 -26.4304
32.4878 -26.3488
32.5878 -25.5993
32.6878 -24.6109
32.7878 -23.725
32.8878 -22.961
32.9878 -22.1948
33.0878 -21.1944
33.1878 -19.6177
33.2878 -17.1334
33.3878 -13.5404
33.4878 -8.89671
33.5878 -3.58408
33.6878 2.03175
33.7878 7.623
33.8878 12.7577
33.9878 16.987
34.0878 19.949
34.1878 21.4357
34.2878 21.277
34.3878 19.7661
34.4878 17.5523
34.5878 15.319
34.6878 13.7036
34.7878 12.908
34.8878 12.7323
34.9878 13.0372
35.0878 13.585
35.1878 14.096
35.2878 14.3995
35.3878 14.4404
35.4878 14.2466
35.5878 13.7828
35.6878 12.9341
35.7878 11.5483
35.8878 9.26076
35.9878 5.97787
36.0878 1.92529
36.1878 -2.64444
36.2878 -7.41771
36.3878 -12.0427
36.4878 -16.2774
36.5878 -20.0141
36.6878 -23.1406
36.7878 -25.5061
36.8878 -27.0718
36.9878 -27.8613
37.0878 -27.811
37.1878 -26.8697
37.2878 -25.095
37.3878 -22.6281
37.4878 -19.6312
37.5878 -16.2429
37.6878 -12.6223
37.7878 -8.98007
37.8878 -5.39447
37.9878 -1.8776
38.0878 1.51491
38.1878 4.74681
38.2878 7.64829
38.3878 10.1091
38.4878 12.1513
38.5878 13.8272
38.6878 15.2532
38.7878 16.562
38.8878 17.7836
38.9878 18.9466
39.0878 20.0504
39.1878 20.8312
39.2878 21.0839
39.3878 20.5959
39.4878 19.2414
39.5878 17.1525
39.6878 14.4931
39.7878 11.5326
39.8878 8.50437
39.9878 5.53586
40.0878 2.84808
40.1878 0.652385
40.2878 -1.14327
40.3878 -2.58439
40.4878 -3.83758
40.5878 -5.0645
40.6878 -6.2688
40.7878 -7.36755
40.8878 -8.31125
40.9878 -9.12329
41.0878 -9.79371
41.1878 -10.1894
41.2878 -10.1533
41.3878 -9.87264
41.4878 -9.63263
41.5878 -9.53082
41.6878 -9.5876
41.7878 -9.85532
41.8878 -10.2577
41.9878 -10.7695
42.0878 -11.2665
42.1878 -11.6017
42.2878 -11.5987
42.3878 -11.0332
42.4878 -9.9096
42.5878 -8.45444
42.6878 -6.72986
42.7878 -4.74689
42.8878 -2.67772
42.9878 -0.697697
43.0878 1.16231
43.1878 2.84721
43.2878 4.38944
43.3878 5.98394
43.4878 7.62274
43.5878 9.27229
43.6878 10.8217
43.7878 12.107
43.8878 12.9694
43.9878 13.3906
44.0878 13.4245
44.1878 13.1482
44.2878 12.6933
44.3878 12.1695
44.4878 11.7074
44.5878 11.3535
44.6878 11.0474
44.7878 10.6382
44.8878 9.98369
44.9878 9.07887
45.0878 7.88629
45.1878 6.40872
45.2878 4.79985
45.3878 3.26415
45.4878 1.81938
45.5878 0.313035
45.6878 -1.41931
45.7878 -3.28824
45.8878 -5.1518
45.9878 -7.00996
46.0878 -8.72133
46.1878 -10.3539
46.2878 -11.8463
46.3878 -13.056
46.4878 -13.867
46.5878 -14.3068
46.6878 -14.3517
46.7878 -13.9689
46.8878 -13.2101
46.9878 -12.2188
47.0878 -11.0125
47.1878 -9.60972
47.2878 -8.05581
47.3878 -6.56046
47.4878 -5.25264
47.5878 -4.05442
47.6878 -2.8663
47.7878 -1.69364
47.8878 -0.565167
47.9878 0.632548
48.0878 1.87869
48.1878 3.23373
48.2878 4.67746
48.3878 5.9766
48.4878 6.99065
48.5878 7.74963
48.6878 8.31462
48.7878 8.79838
48.8878 9.25422
48.9878 9.54557
49.0878 9.58507
49.1878 9.50179
49.2878 9.35353
49.3878 9.15495
49.4878 8.97055
49.5878 8.66252
49.6878 8.21041
49.7878 7.66607
49.8878 7.00278
49.9878 6.2648
50.0878 5.4852
50.1878 4.66139
50.2878 3.73963
50.3878 2.73018
50.4878 1.6499
50.5878 0.522803
50.6878 -0.512449
50.7878 -1.37976
50.8878 -2.16337
50.9878 -2.78258
51.0878 -3.29225
51.1878 -3.72699
51.2878 -4.12975
51.3878 -4.48784
51.4878 -4.89734
51.5878 -5.38597
51.6878 -5.92509
51.7878 -6.47835
51.8878 -7.14651
51.9878 -7.84414
52.0878 -8.45201
52.1878 -8.88904
52.2878 -9.07884
52.3878 -8.99996
52.4878 -8.66138
52.5878 -8.03788
52.6878 -7.11434
52.7878 -5.94256
52.8878 -4.66059
52.9878 -3.46062
53.0878 -2.41411
53.1878 -1.39093
53.2878 -0.331038
53.3878 0.803912
53.4878 1.90697
53.5878 2.9803
53.6878 3.93259
53.7878 4.75598
53.8878 5.47937
53.9878 6.18597
54.0878 6.88239
54.1878 7.48879
54.2878 7.88173
54.3878 8.09425
54.4878 8.0478
54.5878 7.70005
54.6878 7.17689
54.7878 6.67184
54.8878 6.35176
54.9878 6.3061
55.0878 6.55701
55.1878 7.12092
55.2878 7.93136
55.3878 8.75032
55.4878 9.18967
55.5878 8.74259
55.6878 6.98305
55.7878 3.7903
55.8878 -0.584769
55.9878 -5.27871
56.0878 -9.38549
56.1878 -12.1252
56.2878 -13.0703
56.3878 -12.0434
56.4878 -9.18331
56.5878 -5.08129
56.6878 -0.609344
56.7878 3.21935
56.8878 5.60875
56.9878 6.34229
57.0878 5.4322
57.1878 3.17154
57.2878 0.0819301
57.3878 -3.31179
57.4878 -6.51454
57.5878 -9.21328
57.6878 -11.199
57.7878 -12.3635
57.8878 -12.633
57.9878 -12.1137
58.0878 -10.8379
58.1878 -8.93647
58.2878 -6.64497
58.3878 -4.28004
58.4878 -2.1287
58.5878 -0.403783
58.6878 0.8948
58.7878 1.7814
58.8878 2.33055
58.9878 2.78651
59.0878 3.51546
59.1878 4.6302
59.2878 5.96132
59.3878 7.19725
59.4878 8.16167
59.5878 8.71293
59.6878 8.75043
59.7878 8.38642
59.8878 7.8232
59.9878 7.06862
60.0878 6.26903
60.1878 5.52998
60.2878 4.8619
60.3878 4.329
60.4878 4.06013
60.5878 3.95366
60.6878 3.91976
60.7878 3.82656
60.8878 3.50899
60.9878 3.01372
61.0878 2.36782
61.1878 1.62956
61.2878 0.903862
61.3878 0.198923
61.4878 -0.390141
61.5878 -0.849731
61.6878 -1.30986
61.7878 -1.88289
61.8878 -2.61299
61.9878 -3.40243
62.0878 -4.19052
62.1878 -4.8282
62.2878 -5.08159
62.3878 -4.90633
62.4878 -4.5563
62.5878 -4.26415
62.6878 -4.0618
62.7878 -3.94429
62.8878 -3.82368
62.9878 -3.74541
63.0878 -3.68664
63.1878 -3.57658
63.2878 -3.37845
63.3878 -3.11907
63.4878 -2.74891
63.5878 -2.32441
63.6878 -1.87918
63.7878 -1.38458
63.8878 -0.867035
63.9878 -0.382746
64.0878 -0.00927094
64.1878 0.317193
64.2878 0.561803
64.3878 0.777099
64.4878 1.03445
64.5878 1.32406
64.6878 1.68287
64.7878 2.1412
64.8878 2.63862
64.9878 3.09826
65.0878 3.47622
65.1878 3.86501
65.2878 4.30123
65.3878 4.81442
65.4878 5.296
65.5878 5.72804
65.6878 5.97388
65.7878 6.00307
65.8878 5.82474
65.9878 5.47533
66.0878 5.00234
66.1878 4.47545
66.2878 4.03313
66.3878 3.62916
66.4878 3.17261
66.5878 2.71603
66.6878 2.2859
66.7878 1.84068
66.8878 1.32561
66.9878 0.703963
67.0878 -0.014337
67.1878 -0.711169
67.2878 -1.40715
67.3878 -2.06625
67.4878 -2.68542
67.5878 -3.31866
67.6878 -3.86473
67.7878 -4.30898
67.8878 -4.64913
67.9878 -4.96178
68.0878 -5.1817
68.1878 -5.22042
68.2878 -5.23278
68.3878 -5.18566
68.4878 -5.00356
68.5878 -4.67723
68.6878 -4.19691
68.7878 -3.61808
68.8878 -2.98365
68.9878 -2.24967
69.0878 -1.445
69.1878 -0.75495
69.2878 -0.247685
69.3878 0.241646
69.4878 0.666547
69.5878 1.01142
69.6878 1.36073
69.7878 1.60281
69.8878 1.72449
69.9878 1.78561
70.0878 1.94653
70.1878 2.27256
70.2878 2.77272
70.3878 3.24339
70.4878 3.61261
70.5878 3.96731
70.6878 4.34686
70.7878 4.68731
70.8878 4.76522
70.9878 4.80578
71.0878 4.83054
71.1878 4.88787
71.2878 4.84574
71.3878 4.62098
71.4878 4.21634
71.5878 3.60918
71.6878 2.7721
71.7878 1.94933
71.8878 1.1403
71.9878 0.508113
72.0878 0.0386546
72.1878 -0.363614
72.2878 -0.6307
72.3878 -0.701231
72.4878 -0.648907
72.5878 -0.627244
72.6878 -0.721998
72.7878 -0.971857
72.8878 -1.38649
72.9878 -1.85766
73.0878 -2.45084
73.1878 -3.11134
73.2878 -3.78508
73.3878 -4.25523
73.4878 -4.45692
73.5878 -4.4726
73.6878 -4.33935
73.7878 -4.10534
73.8878 -3.55102
73.9878 -2.82206
74.0878 -2.11137
74.1878 -1.3842
74.2878 -0.739215
74.3878 -0.0285444
74.4878 0.597956
74.5878 1.0625
74.6878 1.39295
74.7878 1.50919
74.8878 1.38853
74.9878 1.15916
75.0878 0.883614
75.1878 0.733751
75.2878 0.713418
75.3878 0.875841
75.4878 1.15902
75.5878 1.52567
75.6878 1.85277
75.7878 2.07043
75.8878 2.22967
75.9878 2.40802
76.0878 2.49714
76.1878 2.50931
76.2878 2.45149
76.3878 2.4715
76.4878 2.58747
76.5878 2.63608
76.6878 2.61644
76.7878 2.28722
76.8878 1.75203
76.9878 1.19629
77.0878 0.682636
77.1878 0.261224
77.2878 -0.00618906
77.3878 -0.185932
77.4878 -0.233594
77.5878 -0.246906
77.6878 -0.195339
77.7878 -0.194456
77.8878 -0.166941
77.9878 -0.265801
78.0878 -0.245308
78.1878 -0.239796
78.2878 -0.301639
78.3878 -0.437892
78.4878 -0.602298
78.5878 -0.792408
78.6878 -1.07544
78.7878 -1.39631
78.8878 -1.61605
78.9878 -1.82293
79.0878 -1.9688
79.1878 -1.98223
79.2878 -1.72163
79.3878 -1.44499
79.4878 -1.15457
79.5878 -0.78444
79.6878 -0.493467
79.7878 -0.256293
79.8878 -0.0572144
79.9878 0.15304
80.0878 0.253536
80.1878 0.456118
80.2878 0.633204
80.3878 0.756961
80.4878 0.81454
80.5878 0.797972
80.6878 0.875999
80.7878 0.878345
80.8878 0.896958
80.9878 0.86324
81.0878 0.879017
81.1878 0.880226
81.2878 1.00148
81.3878 1.12547
81.4878 1.19587
81.5878 1.25424
81.6878 1.31223
81.7878 1.422
81.8878 1.29245
81.9878 1.13491
82.0878 0.928203
82.1878 0.659564
82.2878 0.544338
82.3878 0.517268
82.4878 0.4615
82.5878 0.358017
82.6878 0.195484
82.7878 0.112237
82.8878 0.150976
82.9878 0.225959
83.0878 0.329893
83.1878 0.366876
83.2878 0.311516
83.3878 0.338217
83.4878 0.249858
83.5878 0.0507326
83.6878 -0.209373
83.7878 -0.507932
83.8878 -0.82579
83.9878 -1.03077
84.0878 -1.15289
84.1878 -1.04412
84.2878 -0.753437
84.3878 -0.440202
84.4878 -0.178148
84.5878 0.0869203
84.6878 0.33855
84.7878 0.497569
84.8878 0.542616
84.9878 0.496387
85.0878 0.320327
85.1878 0.0771361
85.2878 -0.127609
85.3878 -0.177805
85.4878 -0.242338
85.5878 -0.285047
85.6878 -0.211445
85.7878 -0.164825
85.8878 -0.0729998
85.9878 0.014222
86.0878 0.132839
86.1878 0.173125
86.2878 0.177164
86.3878 0.219642
86.4878 0.298607
86.5878 0.430343
86.6878 0.487103
86.7878 0.534074
86.8878 0.550554
86.9878 0.530796
87.0878 0.496532
87.1878 0.48816
87.2878 0.497478
87.3878 0.413886
87.4878 0.336664
87.5878 0.192954
87.6878 0.134179
87.7878 0.18033
87.8878 0.255115
87.9878 0.402899
88.0878 0.545971
88.1878 0.693296
88.2878 0.72695
88.3878 0.681265
88.4878 0.551723
88.5878 0.44963
88.6878 0.350765
88.7878 0.24648
88.8878 0.0535018
88.9878 -0.225698
89.0878 -0.317069
89.1878 -0.37948
89.2878 -0.461911
89.3878 -0.474642
89.4878 -0.41959
89.5878 -0.329858
89.6878 -0.187683
89.7878 -0.0350652
89.8878 0.164602
89.9878 0.297584
90.0878 0.346394
90.1878 0.316378
90.2878 0.24672
90.3878 0.207013
90.4878 0.105686
90.5878 0.00119995
90.6878 -0.121533
90.7878 -0.27798
90.8878 -0.391451
90.9878 -0.404497
91.0878 -0.357386
91.1878 -0.11121
91.2878 0.0914966
91.3878 0.221514
91.4878 0.360494
91.5878 0.460062
91.6878 0.414267
91.7878 0.305708
91.8878 0.103513
91.9878 0.064258
92.0878 0.0123892
92.1878 0.0411679
92.2878 0.0883883
92.3878 0.118893
92.4878 0.166949
92.5878 0.214726
92.6878 0.233553
92.7878 0.262714
92.8878 0.212439
92.9878 0.171746
93.0878 0.16138
93.1878 0.145163
93.2878 0.0940627
93.3878 -0.011395
93.4878 -0.0741777
93.5878 -0.125715
93.6878 -0.14634
93.7878 -0.187381
93.8878 -0.198183
