0 0.000272355
1e-10 0.000530419
2e-10 -0.000114742
3e-10 -0.000340548
4e-10 0.000143323
5e-10 0.000240097
6e-10 -0.00098571
7e-10 -0.000953452
8e-10 0.000369129
9e-10 0.00133687
1e-09 0.000369129
1.1e-09 -0.000630871
1.2e-09 -0.000340548
1.3e-09 0.00069171
1.4e-09 0.000240097
1.5e-09 -0.000114742
1.6e-09 -0.000211516
1.7e-09 0.000240097
1.8e-09 0.000111065
1.9e-09 -0.000695387
2e-09 -0.00179216
2.1e-09 -0.000372806
2.2e-09 -0.000405065
2.3e-09 -8.24839e-05
2.4e-09 0.000336871
2.5e-09 -0.000566355
2.6e-09 0.000175581
2.7e-09 -0.000147
2.8e-09 -0.000179258
2.9e-09 -0.000437323
3e-09 0.000240097
3.1e-09 0.000175581
3.2e-09 -0.000340548
3.3e-09 -0.00143732
3.4e-09 -0.000147
3.5e-09 0.000530419
3.6e-09 -0.000276032
3.7e-09 -0.000437323
3.8e-09 -5.02258e-05
3.9e-09 0.000465903
4e-09 -5.02258e-05
4.1e-09 -0.000663129
4.2e-09 0.000401387
4.3e-09 0.000627194
4.4e-09 -0.000437323
4.5e-09 -0.00111474
4.6e-09 7.88065e-05
4.7e-09 0.00127235
4.8e-09 0.00114332
4.9e-09 0.000401387
5e-09 -0.000372806
5.1e-09 -0.0015341
5.2e-09 -0.000469581
5.3e-09 0.000304613
5.4e-09 -0.000243774
5.5e-09 0.000627194
5.6e-09 0.000369129
5.7e-09 0.000175581
5.8e-09 -0.000114742
5.9e-09 0.000401387
6e-09 -0.000695387
6.1e-09 -0.000792161
6.2e-09 -0.000114742
6.3e-09 0.000465903
6.4e-09 -0.000437323
6.5e-09 0.000562677
6.6e-09 -0.000276032
6.7e-09 -0.000372806
6.8e-09 -0.00117926
6.9e-09 -0.000824419
7e-09 -0.000727645
7.1e-09 -5.02258e-05
7.2e-09 -0.000211516
7.3e-09 0.000820742
7.4e-09 -0.000759903
7.5e-09 -0.000437323
7.6e-09 0.000659452
7.7e-09 -0.000147
7.8e-09 -0.000856677
7.9e-09 -0.00143732
8e-09 -0.000147
8.1e-09 -0.000276032
8.2e-09 -0.00134055
8.3e-09 -0.000469581
8.4e-09 0.000498161
8.5e-09 0.000853
8.6e-09 0.000304613
8.7e-09 -8.24839e-05
8.8e-09 -1.79677e-05
8.9e-09 0.00069171
9e-09 0.000272355
9.1e-09 -0.000243774
9.2e-09 -0.000888935
9.3e-09 -0.00030829
9.4e-09 0.000401387
9.5e-09 0.00104655
9.6e-09 -0.001147
9.7e-09 -0.000179258
9.8e-09 0.00069171
9.9e-09 0.000304613
1e-08 0.000788484
1.01e-08 -0.000534097
1.02e-08 -0.000372806
1.03e-08 0.000465903
1.04e-08 -0.000469581
1.05e-08 -0.00130829
1.06e-08 -0.000469581
1.07e-08 -5.02258e-05
1.08e-08 -0.000211516
1.09e-08 -0.00105023
1.1e-08 -0.00030829
1.11e-08 0.000853
1.12e-08 0.00169171
1.13e-08 0.000659452
1.14e-08 -0.000501839
1.15e-08 -0.000340548
1.16e-08 -0.000114742
1.17e-08 -0.000727645
1.18e-08 4.65484e-05
1.19e-08 0.000949774
1.2e-08 0.00182074
1.21e-08 0.00372397
1.22e-08 0.0144982
1.23e-08 0.048724
1.24e-08 0.0954014
1.25e-08 0.134498
1.26e-08 0.26724
1.27e-08 0.638047
1.28e-08 0.900434
1.29e-08 0.478079
1.3e-08 -0.0996954
1.31e-08 -0.226502
1.32e-08 -0.147308
1.33e-08 -0.0508567
1.34e-08 0.0532078
1.35e-08 -0.0225341
1.36e-08 -0.138018
1.37e-08 -0.0771793
1.38e-08 -0.0249212
1.39e-08 -0.0515986
1.4e-08 -0.0623083
1.41e-08 -0.0566631
1.42e-08 -0.0444373
1.43e-08 -0.0276631
1.44e-08 -0.0601147
1.45e-08 -0.0775341
1.46e-08 -0.0470825
1.47e-08 -0.0329857
1.48e-08 -0.0354051
1.49e-08 -0.0453405
1.5e-08 -0.0678244
1.51e-08 -0.0520502
1.52e-08 -0.0184373
1.53e-08 -0.0340502
1.54e-08 -0.059276
1.55e-08 -0.0495341
1.56e-08 -0.022147
1.57e-08 -0.0214051
1.58e-08 -0.0504373
1.59e-08 -0.0599212
1.6e-08 -0.027018
1.61e-08 -0.0221147
1.62e-08 -0.0500825
1.63e-08 -0.045147
1.64e-08 -0.0173083
1.65e-08 -0.0172438
1.66e-08 -0.0345018
1.67e-08 -0.0379535
1.68e-08 -0.0266631
1.69e-08 -0.0189535
1.7e-08 -0.0276631
1.71e-08 -0.029018
1.72e-08 -0.0215341
1.73e-08 -0.0195018
1.74e-08 -0.0212438
1.75e-08 -0.024018
1.76e-08 -0.0260502
1.77e-08 -0.0237922
1.78e-08 -0.026147
1.79e-08 -0.0289212
1.8e-08 -0.0190502
1.81e-08 -0.0124373
1.82e-08 -0.0186309
1.83e-08 -0.0213083
1.84e-08 -0.0186309
1.85e-08 -0.0177276
1.86e-08 -0.0134051
1.87e-08 -0.0147599
1.88e-08 -0.0149212
1.89e-08 -0.0135018
1.9e-08 -0.00982442
1.91e-08 -0.0114696
1.92e-08 -0.00950184
1.93e-08 -0.00805023
1.94e-08 -0.00627603
1.95e-08 -0.00646958
1.96e-08 -0.00830829
1.97e-08 -0.00895345
1.98e-08 -0.00682442
1.99e-08 -0.00621152
2e-08 -0.00585668
2.01e-08 -0.00459861
2.02e-08 -0.00521152
2.03e-08 -0.00679216
2.04e-08 -0.00617926
2.05e-08 -0.00572765
2.06e-08 -0.0055341
2.07e-08 -0.00617926
2.08e-08 -0.00646958
2.09e-08 -0.0067599
2.1e-08 -0.006147
2.11e-08 -0.00550184
2.12e-08 -0.00730829
2.13e-08 -0.00824377
2.14e-08 -0.00663087
2.15e-08 -0.00534055
2.16e-08 -0.00456635
2.17e-08 -0.00446958
2.18e-08 -0.00463087
2.19e-08 -0.00708248
2.2e-08 -0.00882442
2.21e-08 -0.00730829
2.22e-08 -0.00485668
2.23e-08 -0.00392119
2.24e-08 -0.00569539
2.25e-08 -0.00711474
2.26e-08 -0.00530829
2.27e-08 -0.00334055
2.28e-08 -0.00392119
2.29e-08 -0.00492119
2.3e-08 -0.00456635
2.31e-08 -0.00495345
2.32e-08 -0.00659861
2.33e-08 -0.00469539
2.34e-08 -0.003147
2.35e-08 -0.00437281
2.36e-08 -0.00656635
2.37e-08 -0.00617926
2.38e-08 -0.00427603
2.39e-08 -0.00508248
2.4e-08 -0.00637281
2.41e-08 -0.00517926
2.42e-08 -0.00246958
2.43e-08 -0.00340506
2.44e-08 -0.00588894
2.45e-08 -0.00534055
2.46e-08 -0.00117926
2.47e-08 0.00333687
2.48e-08 0.00982074
2.49e-08 0.0206272
2.5e-08 0.0274014
2.51e-08 0.00343365
2.52e-08 -0.0425341
2.53e-08 -0.0559857
2.54e-08 -0.0247922
2.55e-08 -0.000695387
2.56e-08 -0.0087599
2.57e-08 -0.0186631
2.58e-08 -0.0205018
2.59e-08 -0.0143405
2.6e-08 -0.00508248
2.61e-08 -0.00424377
2.62e-08 -0.00740506
2.63e-08 -0.00463087
2.64e-08 1.42903e-05
2.65e-08 -0.00134055
2.66e-08 -0.000921194
2.67e-08 -0.00217926
2.68e-08 -0.00156635
2.69e-08 -1.79677e-05
2.7e-08 -8.24839e-05
2.71e-08 -0.00185668
2.72e-08 -0.0015341
2.73e-08 -0.00308248
2.74e-08 -0.00240506
2.75e-08 0.00175623
2.76e-08 -0.000888935
2.77e-08 -0.00392119
2.78e-08 -0.00237281
2.79e-08 0.00304655
2.8e-08 0.000949774
2.81e-08 -0.00301797
2.82e-08 -0.00292119
2.83e-08 0.00133687
2.84e-08 0.00169171
2.85e-08 -0.000759903
2.86e-08 -0.000243774
2.87e-08 0.00120784
2.88e-08 -0.000147
2.89e-08 -0.00140506
2.9e-08 -0.000501839
2.91e-08 0.00136913
2.92e-08 0.000756226
2.93e-08 -0.0015341
2.94e-08 0.000594935
2.95e-08 0.00165945
2.96e-08 0.000756226
2.97e-08 0.00291752
2.98e-08 0.00469171
2.99e-08 0.0082401
3e-08 0.0103369
3.01e-08 0.0125627
3.02e-08 0.0150143
3.03e-08 0.0119175
3.04e-08 0.00343365
3.05e-08 -0.000147
3.06e-08 0.00243365
3.07e-08 0.00433687
3.08e-08 0.00207881
3.09e-08 -0.00182442
3.1e-08 -0.00440506
3.11e-08 -0.00285668
3.12e-08 -0.000792161
3.13e-08 -0.00098571
3.14e-08 -0.00121152
3.15e-08 -0.00243732
3.16e-08 -0.00198571
3.17e-08 -0.000405065
3.18e-08 -0.000695387
3.19e-08 -0.00108248
3.2e-08 -0.00108248
3.21e-08 0.000627194
3.22e-08 0.000627194
3.23e-08 -0.00108248
3.24e-08 -0.00230829
3.25e-08 -0.00111474
3.26e-08 0.000465903
3.27e-08 4.65484e-05
3.28e-08 -0.00111474
3.29e-08 -0.000727645
3.3e-08 0.00201429
3.31e-08 0.000788484
3.32e-08 0.000756226
3.33e-08 0.00107881
3.34e-08 0.00178848
3.35e-08 0.000982032
3.36e-08 0.00236913
3.37e-08 0.00401429
3.38e-08 0.00653042
3.39e-08 0.0082401
3.4e-08 0.00627235
3.41e-08 -0.00263087
3.42e-08 -0.0107599
3.43e-08 -0.00846958
3.44e-08 -0.000437323
3.45e-08 0.0074659
3.46e-08 0.00998203
3.47e-08 0.00482074
3.48e-08 -0.002147
3.49e-08 -0.00569539
3.5e-08 -0.00740506
3.51e-08 -0.00408248
3.52e-08 -0.0017599
3.53e-08 -0.003147
3.54e-08 -0.00505023
3.55e-08 -0.00288894
3.56e-08 -0.00185668
3.57e-08 -0.00127603
3.58e-08 -0.00127603
3.59e-08 0.000885258
3.6e-08 0.00104655
3.61e-08 0.000853
3.62e-08 -0.00146958
3.63e-08 -0.000953452
3.64e-08 4.65484e-05
3.65e-08 0.000917516
3.66e-08 0.000143323
3.67e-08 0.000369129
3.68e-08 0.001853
3.69e-08 0.00298203
3.7e-08 0.000949774
3.71e-08 0.000272355
3.72e-08 0.00140139
3.73e-08 0.00233687
3.74e-08 0.00133687
3.75e-08 0.000369129
3.76e-08 0.000627194
3.77e-08 0.00230461
3.78e-08 0.00265945
3.79e-08 0.00191752
3.8e-08 0.00117558
3.81e-08 0.00217558
3.82e-08 0.00217558
3.83e-08 0.00201429
3.84e-08 0.0022401
3.85e-08 0.00278848
3.86e-08 0.00340139
3.87e-08 0.00227235
3.88e-08 0.00343365
3.89e-08 0.00349816
3.9e-08 0.00249816
3.91e-08 0.00211106
3.92e-08 0.00211106
3.93e-08 0.00307881
3.94e-08 0.0034659
3.95e-08 0.00317558
3.96e-08 0.00204655
3.97e-08 0.00298203
3.98e-08 0.00433687
3.99e-08 0.00304655
4e-08 0.00101429
4.01e-08 0.00153042
4.02e-08 0.00282074
4.03e-08 0.00327235
4.04e-08 0.00243365
4.05e-08 0.00220784
4.06e-08 0.00153042
4.07e-08 0.00311106
4.08e-08 0.00298203
4.09e-08 0.00188526
4.1e-08 0.00272397
4.11e-08 0.00165945
4.12e-08 0.00259494
4.13e-08 0.00230461
4.14e-08 0.00269171
4.15e-08 0.00243365
4.16e-08 0.0022401
4.17e-08 0.000949774
4.18e-08 0.00165945
4.19e-08 0.00291752
4.2e-08 0.00327235
4.21e-08 0.00217558
4.22e-08 0.00282074
4.23e-08 0.00314332
4.24e-08 0.001853
4.25e-08 0.00275623
4.26e-08 0.00236913
4.27e-08 0.00259494
4.28e-08 0.000530419
4.29e-08 0.000562677
4.3e-08 0.00130461
4.31e-08 0.00114332
4.32e-08 0.00211106
4.33e-08 0.00172397
4.34e-08 0.00104655
4.35e-08 0.00169171
4.36e-08 0.00194977
4.37e-08 0.00198203
4.38e-08 0.00133687
4.39e-08 0.0022401
4.4e-08 0.00188526
4.41e-08 0.00201429
4.42e-08 0.00162719
4.43e-08 0.000853
4.44e-08 0.00211106
4.45e-08 0.00172397
4.46e-08 0.00117558
4.47e-08 0.00130461
4.48e-08 0.00178848
4.49e-08 0.00114332
4.5e-08 0.000369129
4.51e-08 0.00101429
4.52e-08 0.00120784
4.53e-08 0.00240139
4.54e-08 0.00198203
4.55e-08 0.00262719
4.56e-08 0.00304655
4.57e-08 0.00311106
4.58e-08 0.00198203
4.59e-08 0.000498161
4.6e-08 0.000498161
4.61e-08 0.00143365
4.62e-08 -0.000405065
4.63e-08 -0.00430829
4.64e-08 -0.00627603
4.65e-08 0.00378848
4.66e-08 0.0150788
4.67e-08 0.0130465
4.68e-08 -0.00405023
4.69e-08 -0.0224051
4.7e-08 -0.0425018
4.71e-08 -0.0399857
4.72e-08 -0.00563087
4.73e-08 0.0145949
4.74e-08 0.0139498
4.75e-08 0.0159175
4.76e-08 0.0214336
4.77e-08 0.0233046
4.78e-08 0.0209175
4.79e-08 0.0124982
4.8e-08 0.00614332
4.81e-08 0.00701429
4.82e-08 0.00698203
4.83e-08 0.00430461
4.84e-08 0.00156268
4.85e-08 0.000465903
4.86e-08 0.00578848
4.87e-08 0.0109498
4.88e-08 0.011853
4.89e-08 0.0105627
4.9e-08 0.010853
4.91e-08 0.0112078
4.92e-08 0.0106595
4.93e-08 0.00856268
4.94e-08 0.00943365
4.95e-08 0.00894977
4.96e-08 0.00904655
4.97e-08 0.0100465
4.98e-08 0.00688526
4.99e-08 0.00175623
5e-08 0.00327235
5.01e-08 0.00430461
5.02e-08 0.00201429
5.03e-08 0.00165945
5.04e-08 0.00369171
5.05e-08 0.00278848
5.06e-08 0.00191752
5.07e-08 0.00069171
5.08e-08 0.000498161
5.09e-08 0.00191752
5.1e-08 0.000820742
5.11e-08 -0.00143732
5.12e-08 0.000627194
5.13e-08 0.00198203
5.14e-08 0.000401387
5.15e-08 -0.00246958
5.16e-08 -0.000921194
5.17e-08 -1.79677e-05
5.18e-08 -0.000792161
5.19e-08 4.65484e-05
5.2e-08 0.000111065
5.21e-08 0.000885258
5.22e-08 -1.79677e-05
5.23e-08 -0.000501839
5.24e-08 0.000240097
5.25e-08 0.000820742
5.26e-08 -0.000114742
5.27e-08 -0.000856677
5.28e-08 -0.000759903
5.29e-08 -0.00124377
5.3e-08 0.000175581
5.31e-08 -0.00098571
5.32e-08 -0.00166313
5.33e-08 -0.000888935
5.34e-08 -0.00105023
5.35e-08 -0.00188894
5.36e-08 -0.00208248
5.37e-08 -0.00130829
5.38e-08 -8.24839e-05
5.39e-08 -0.00134055
5.4e-08 -0.0027599
5.41e-08 -0.00192119
5.42e-08 -0.000921194
5.43e-08 -0.00134055
5.44e-08 -0.00105023
5.45e-08 -0.00169539
5.46e-08 -0.0017599
5.47e-08 -0.00221152
5.48e-08 -0.00182442
5.49e-08 -0.00201797
5.5e-08 -0.00137281
5.51e-08 -0.00221152
5.52e-08 -0.00227603
5.53e-08 -0.00205023
5.54e-08 -0.00295345
5.55e-08 -0.00308248
5.56e-08 -0.00217926
5.57e-08 -0.00163087
5.58e-08 -0.00156635
5.59e-08 -0.0017599
5.6e-08 -0.00208248
5.61e-08 -0.00195345
5.62e-08 -0.00098571
5.63e-08 -0.00127603
5.64e-08 -0.00201797
5.65e-08 -0.000921194
5.66e-08 -0.001147
5.67e-08 -0.00266313
5.68e-08 -0.002147
5.69e-08 -0.00208248
5.7e-08 -0.000695387
5.71e-08 -0.000695387
5.72e-08 -0.00156635
5.73e-08 -0.001147
5.74e-08 -0.00185668
5.75e-08 -0.00227603
5.76e-08 -0.00140506
5.77e-08 -0.00127603
5.78e-08 -0.000147
5.79e-08 -0.000824419
5.8e-08 -0.00208248
5.81e-08 -0.0037599
5.82e-08 -0.00217926
5.83e-08 -0.002147
5.84e-08 -0.000727645
5.85e-08 -0.00250184
5.86e-08 -0.00201797
5.87e-08 -0.00111474
5.88e-08 -0.00117926
5.89e-08 -0.00163087
5.9e-08 -0.00185668
5.91e-08 -0.00292119
5.92e-08 -0.0015341
5.93e-08 -0.00163087
5.94e-08 -0.00137281
5.95e-08 -0.00192119
5.96e-08 0.000175581
5.97e-08 0.000723968
5.98e-08 0.000949774
5.99e-08 7.88065e-05
6e-08 -0.00143732
6.01e-08 -0.00237281
6.02e-08 -0.0025341
6.03e-08 -0.00205023
6.04e-08 -0.00230829
6.05e-08 -0.00263087
6.06e-08 -0.00350184
6.07e-08 -0.00272765
6.08e-08 -0.0025341
6.09e-08 -0.00269539
6.1e-08 -0.002147
6.11e-08 -0.00305023
6.12e-08 -0.00324377
6.13e-08 -0.00185668
6.14e-08 -0.00137281
6.15e-08 -0.00143732
6.16e-08 -0.00263087
6.17e-08 -0.00259861
6.18e-08 -0.00169539
6.19e-08 -0.000953452
6.2e-08 -0.00250184
6.21e-08 -0.00234055
6.22e-08 -0.00182442
6.23e-08 -0.00211474
6.24e-08 -0.00279216
6.25e-08 -0.00311474
6.26e-08 -0.00121152
6.27e-08 -0.00172765
6.28e-08 -0.000566355
6.29e-08 -0.00185668
6.3e-08 -0.00217926
6.31e-08 -0.000824419
6.32e-08 -0.000437323
6.33e-08 -0.00137281
6.34e-08 -0.00234055
6.35e-08 -0.0015341
6.36e-08 -0.00182442
6.37e-08 -0.00217926
6.38e-08 -0.00146958
6.39e-08 -5.02258e-05
6.4e-08 7.88065e-05
6.41e-08 -0.00137281
6.42e-08 -0.00156635
6.43e-08 -0.00217926
6.44e-08 -0.00227603
6.45e-08 -0.00201797
6.46e-08 -0.00121152
6.47e-08 -0.00117926
6.48e-08 -0.00143732
6.49e-08 -5.02258e-05
6.5e-08 -0.000372806
6.51e-08 -0.000566355
6.52e-08 -0.000727645
6.53e-08 -0.000792161
6.54e-08 -0.00105023
6.55e-08 -0.000276032
6.56e-08 0.000272355
6.57e-08 -0.000147
6.58e-08 -0.00182442
6.59e-08 -0.000695387
6.6e-08 0.000594935
6.61e-08 0.000369129
6.62e-08 -0.0017599
6.63e-08 -0.00182442
6.64e-08 -0.00124377
6.65e-08 -0.000663129
6.66e-08 -0.000276032
6.67e-08 -0.00121152
6.68e-08 -0.000953452
6.69e-08 -0.000792161
6.7e-08 -0.000888935
6.71e-08 -0.000598613
6.72e-08 -8.24839e-05
6.73e-08 4.65484e-05
6.74e-08 -0.000630871
6.75e-08 -0.000921194
6.76e-08 -0.00156635
6.77e-08 -0.00108248
6.78e-08 -0.001147
6.79e-08 0.000433645
6.8e-08 0.000723968
6.81e-08 -1.79677e-05
6.82e-08 -0.00101797
6.83e-08 -0.00030829
6.84e-08 -0.000824419
6.85e-08 7.88065e-05
6.86e-08 0.000336871
6.87e-08 0.000143323
6.88e-08 -0.000114742
6.89e-08 -0.000953452
6.9e-08 -0.000405065
6.91e-08 0.000788484
6.92e-08 0.000207839
6.93e-08 0.00198203
6.94e-08 0.00127235
6.95e-08 -0.000759903
6.96e-08 -0.0015341
6.97e-08 -0.00224377
6.98e-08 -0.000695387
6.99e-08 -0.000759903
7e-08 -0.00230829
7.01e-08 -0.00127603
7.02e-08 -0.00146958
7.03e-08 -0.000598613
7.04e-08 -0.000856677
7.05e-08 -0.00121152
7.06e-08 -0.00127603
7.07e-08 -0.000695387
7.08e-08 -0.000888935
7.09e-08 -0.000501839
7.1e-08 -0.00140506
7.11e-08 0.000562677
7.12e-08 -0.00098571
7.13e-08 -0.00172765
7.14e-08 -0.00124377
7.15e-08 0.000207839
7.16e-08 0.000401387
7.17e-08 -0.000372806
7.18e-08 -0.00124377
7.19e-08 -0.000566355
7.2e-08 -0.000114742
7.21e-08 -0.00111474
7.22e-08 -0.00143732
7.23e-08 -0.000598613
7.24e-08 7.88065e-05
7.25e-08 -0.000211516
7.26e-08 0.000627194
7.27e-08 -1.79677e-05
7.28e-08 -8.24839e-05
7.29e-08 -0.000211516
7.3e-08 0.000175581
7.31e-08 0.000562677
7.32e-08 0.000594935
7.33e-08 -0.000211516
7.34e-08 0.00111106
7.35e-08 0.000562677
7.36e-08 0.000272355
7.37e-08 1.42903e-05
7.38e-08 -0.000566355
7.39e-08 0.000111065
7.4e-08 0.00182074
7.41e-08 0.00069171
7.42e-08 -0.00111474
7.43e-08 -0.000534097
7.44e-08 0.000885258
7.45e-08 0.000788484
7.46e-08 -0.000534097
7.47e-08 -0.000630871
7.48e-08 0.000240097
7.49e-08 0.00104655
7.5e-08 0.000723968
7.51e-08 -0.000921194
7.52e-08 0.000433645
7.53e-08 0.00136913
7.54e-08 -0.000276032
7.55e-08 -0.00156635
7.56e-08 -0.000663129
7.57e-08 0.00101429
7.58e-08 0.00101429
7.59e-08 -0.000147
7.6e-08 -0.00111474
7.61e-08 0.000562677
7.62e-08 0.0022401
7.63e-08 0.00169171
7.64e-08 0.000465903
7.65e-08 0.000433645
7.66e-08 0.0022401
7.67e-08 0.0012401
7.68e-08 0.0012401
7.69e-08 0.0012401
7.7e-08 0.000853
7.71e-08 0.00165945
7.72e-08 0.00120784
7.73e-08 0.000853
7.74e-08 0.00133687
7.75e-08 0.00188526
7.76e-08 0.000530419
7.77e-08 0.000627194
7.78e-08 0.00117558
7.79e-08 0.00175623
7.8e-08 0.000917516
7.81e-08 1.42903e-05
7.82e-08 4.65484e-05
7.83e-08 0.000465903
7.84e-08 0.000465903
7.85e-08 -0.000598613
7.86e-08 0.000111065
7.87e-08 0.00136913
7.88e-08 0.00159494
7.89e-08 0.000917516
7.9e-08 0.000433645
7.91e-08 0.000723968
7.92e-08 0.00069171
7.93e-08 0.000594935
7.94e-08 -0.000534097
7.95e-08 0.000982032
7.96e-08 0.00143365
7.97e-08 0.00107881
7.98e-08 -8.24839e-05
7.99e-08 0.000175581
8e-08 0.00107881
8.01e-08 0.000917516
8.02e-08 0.000530419
8.03e-08 0.000143323
8.04e-08 0.000433645
8.05e-08 0.000820742
8.06e-08 0.00133687
8.07e-08 0.000982032
8.08e-08 0.00162719
8.09e-08 0.00140139
8.1e-08 0.00114332
8.11e-08 0.000207839
8.12e-08 0.00149816
8.13e-08 0.00243365
8.14e-08 0.000562677
8.15e-08 -0.00105023
8.16e-08 -0.000114742
8.17e-08 0.000401387
8.18e-08 0.000723968
8.19e-08 0.000336871
8.2e-08 0.000304613
8.21e-08 0.00149816
8.22e-08 0.000336871
8.23e-08 0.000111065
8.24e-08 0.00111106
8.25e-08 0.0012401
8.26e-08 0.00101429
8.27e-08 -0.000437323
8.28e-08 -0.000469581
8.29e-08 0.00107881
8.3e-08 0.000982032
8.31e-08 0.000982032
8.32e-08 0.000723968
8.33e-08 0.00130461
8.34e-08 0.000788484
8.35e-08 0.000240097
8.36e-08 0.00107881
8.37e-08 0.00156268
8.38e-08 0.00133687
8.39e-08 0.000175581
8.4e-08 -0.0017599
8.41e-08 -0.000469581
8.42e-08 0.00127235
8.43e-08 0.000659452
8.44e-08 0.0012401
8.45e-08 0.000240097
8.46e-08 0.00198203
8.47e-08 0.000853
8.48e-08 0.00133687
8.49e-08 0.000982032
8.5e-08 0.0022401
8.51e-08 0.00165945
8.52e-08 0.00133687
8.53e-08 0.00120784
8.54e-08 0.00282074
8.55e-08 0.00104655
8.56e-08 0.000498161
8.57e-08 0.000627194
8.58e-08 0.0024659
8.59e-08 0.00304655
8.6e-08 0.00356268
8.61e-08 0.00430461
8.62e-08 0.003853
8.63e-08 0.00230461
8.64e-08 0.000562677
8.65e-08 7.88065e-05
8.66e-08 0.00107881
8.67e-08 0.00265945
8.68e-08 0.00182074
8.69e-08 -0.000437323
8.7e-08 -0.000147
8.71e-08 0.000723968
8.72e-08 0.000917516
8.73e-08 0.000659452
8.74e-08 -0.000372806
8.75e-08 0.000175581
8.76e-08 0.00069171
8.77e-08 0.000272355
8.78e-08 -0.00098571
8.79e-08 -0.000114742
8.8e-08 0.00149816
8.81e-08 0.000143323
8.82e-08 -0.000727645
8.83e-08 0.000304613
8.84e-08 0.000369129
8.85e-08 0.000498161
8.86e-08 0.000111065
8.87e-08 -0.000211516
8.88e-08 0.000723968
8.89e-08 0.00175623
8.9e-08 -0.000405065
8.91e-08 0.000433645
8.92e-08 0.000465903
8.93e-08 0.00149816
8.94e-08 0.0012401
8.95e-08 0.000853
8.96e-08 0.000594935
8.97e-08 0.000207839
8.98e-08 0.000530419
8.99e-08 -0.000340548
9e-08 -0.000856677
9.01e-08 0.000272355
9.02e-08 0.00111106
9.03e-08 0.000723968
9.04e-08 -0.000888935
9.05e-08 1.42903e-05
9.06e-08 -0.000179258
9.07e-08 -0.000243774
9.08e-08 7.88065e-05
9.09e-08 0.000853
9.1e-08 0.000111065
9.11e-08 -0.000211516
9.12e-08 -0.00134055
9.13e-08 -0.000372806
9.14e-08 0.000433645
9.15e-08 0.000175581
9.16e-08 0.000820742
9.17e-08 -0.000211516
9.18e-08 -0.000147
9.19e-08 0.000272355
9.2e-08 0.000207839
9.21e-08 -0.000566355
9.22e-08 -0.00108248
9.23e-08 -0.000276032
9.24e-08 -0.000663129
9.25e-08 0.000336871
9.26e-08 0.00143365
9.27e-08 0.000465903
9.28e-08 -0.000630871
9.29e-08 -0.00130829
9.3e-08 -0.000534097
9.31e-08 -0.000598613
9.32e-08 0.00114332
9.33e-08 0.000756226
9.34e-08 -0.000179258
9.35e-08 0.000336871
9.36e-08 0.000562677
9.37e-08 0.000723968
9.38e-08 0.000143323
9.39e-08 0.000336871
9.4e-08 -0.00030829
9.41e-08 -8.24839e-05
9.42e-08 -0.00111474
9.43e-08 -0.000534097
9.44e-08 -8.24839e-05
9.45e-08 0.000433645
9.46e-08 -0.000630871
9.47e-08 -0.000566355
9.48e-08 -0.000695387
9.49e-08 -0.000405065
9.5e-08 0.000143323
9.51e-08 -1.79677e-05
9.52e-08 -0.000340548
9.53e-08 -0.000824419
9.54e-08 -0.000727645
9.55e-08 -0.000437323
9.56e-08 0.000562677
9.57e-08 -1.79677e-05
9.58e-08 -0.00163087
9.59e-08 -0.000405065
9.6e-08 0.000885258
9.61e-08 0.000175581
9.62e-08 -0.000695387
9.63e-08 -0.000727645
9.64e-08 -0.000179258
9.65e-08 -0.000888935
9.66e-08 -0.00185668
9.67e-08 -0.000340548
9.68e-08 7.88065e-05
9.69e-08 -0.000727645
9.7e-08 -0.00124377
9.71e-08 -0.000921194
9.72e-08 -0.000243774
9.73e-08 -0.000856677
9.74e-08 -0.00124377
9.75e-08 -8.24839e-05
9.76e-08 -8.24839e-05
9.77e-08 0.000594935
9.78e-08 -0.000501839
9.79e-08 0.000143323
9.8e-08 -0.000598613
9.81e-08 0.000143323
9.82e-08 0.000175581
9.83e-08 -0.000276032
9.84e-08 -0.00146958
9.85e-08 0.000207839
9.86e-08 -0.000921194
9.87e-08 -0.000243774
9.88e-08 -0.00124377
9.89e-08 0.000498161
9.9e-08 -0.000695387
9.91e-08 -0.000695387
9.92e-08 -0.00111474
9.93e-08 0.000304613
9.94e-08 0.00172397
9.95e-08 1.42903e-05
9.96e-08 -0.00101797
9.97e-08 -0.00172765
9.98e-08 -0.00030829
9.99e-08 -0.00111474
1e-07 -0.000792161
1.001e-07 -0.000953452
1.002e-07 0.000885258
1.003e-07 0.000885258
1.004e-07 -0.000372806
1.005e-07 0.00101429
1.006e-07 0.000659452
1.007e-07 -0.000340548
1.008e-07 -0.00130829
1.009e-07 -0.0017599
1.01e-07 -8.24839e-05
1.011e-07 0.000401387
1.012e-07 0.000207839
1.013e-07 1.42903e-05
1.014e-07 -8.24839e-05
1.015e-07 -0.000179258
1.016e-07 -0.000534097
1.017e-07 -0.000179258
1.018e-07 -0.000534097
1.019e-07 -0.000340548
1.02e-07 0.000723968
1.021e-07 -0.000405065
1.022e-07 -0.00111474
1.023e-07 0.000401387
1.024e-07 1.42903e-05
1.025e-07 -0.000856677
1.026e-07 -0.00111474
1.027e-07 -0.000211516
1.028e-07 0.000175581
1.029e-07 0.000111065
1.03e-07 -0.000824419
1.031e-07 -0.00101797
1.032e-07 0.00127235
1.033e-07 0.000756226
1.034e-07 4.65484e-05
1.035e-07 -0.000147
1.036e-07 0.000530419
1.037e-07 0.000594935
1.038e-07 0.000853
1.039e-07 -5.02258e-05
1.04e-07 7.88065e-05
1.041e-07 0.000304613
1.042e-07 4.65484e-05
1.043e-07 -0.000211516
1.044e-07 0.000175581
1.045e-07 -0.000372806
1.046e-07 -0.000727645
1.047e-07 -8.24839e-05
1.048e-07 0.000240097
1.049e-07 0.000917516
1.05e-07 -0.000211516
1.051e-07 -0.00030829
1.052e-07 -1.79677e-05
1.053e-07 0.000272355
1.054e-07 0.000369129
1.055e-07 -0.000179258
1.056e-07 -0.000405065
1.057e-07 1.42903e-05
1.058e-07 0.000304613
1.059e-07 -0.000276032
1.06e-07 -0.000501839
1.061e-07 0.000369129
1.062e-07 0.000820742
1.063e-07 0.00127235
1.064e-07 0.000143323
1.065e-07 -0.000114742
1.066e-07 -5.02258e-05
1.067e-07 0.000433645
1.068e-07 -0.000405065
1.069e-07 0.000465903
1.07e-07 0.000562677
1.071e-07 7.88065e-05
1.072e-07 -0.000953452
1.073e-07 -0.000630871
1.074e-07 -0.000469581
1.075e-07 -0.000695387
1.076e-07 -0.000534097
1.077e-07 -0.000405065
1.078e-07 0.000175581
1.079e-07 0.000562677
1.08e-07 0.000917516
1.081e-07 0.000369129
1.082e-07 4.65484e-05
1.083e-07 0.000659452
1.084e-07 0.000465903
1.085e-07 -0.000179258
1.086e-07 0.000982032
1.087e-07 0.000498161
1.088e-07 -8.24839e-05
1.089e-07 -0.000243774
1.09e-07 -0.000147
1.091e-07 1.42903e-05
1.092e-07 0.000111065
1.093e-07 -0.000792161
1.094e-07 7.88065e-05
1.095e-07 4.65484e-05
1.096e-07 -0.000211516
1.097e-07 0.000304613
1.098e-07 0.000917516
1.099e-07 0.00165945
1.1e-07 0.00178848
1.101e-07 0.000433645
1.102e-07 -0.000147
1.103e-07 -0.000243774
1.104e-07 1.42903e-05
1.105e-07 -0.000114742
1.106e-07 0.000336871
1.107e-07 0.00175623
1.108e-07 0.00127235
1.109e-07 -0.000243774
1.11e-07 -0.00108248
1.111e-07 -0.001147
1.112e-07 -8.24839e-05
1.113e-07 0.000594935
1.114e-07 0.000949774
1.115e-07 0.000240097
1.116e-07 -0.000534097
1.117e-07 -8.24839e-05
1.118e-07 -0.000598613
1.119e-07 -0.000598613
1.12e-07 0.00101429
1.121e-07 0.00127235
1.122e-07 0.000723968
1.123e-07 0.000240097
1.124e-07 -0.000630871
1.125e-07 0.00127235
1.126e-07 0.000369129
1.127e-07 -0.000566355
1.128e-07 0.000111065
1.129e-07 0.00169171
1.13e-07 0.000756226
1.131e-07 0.000562677
1.132e-07 0.000659452
1.133e-07 7.88065e-05
1.134e-07 -0.000792161
1.135e-07 -0.000243774
1.136e-07 -0.000179258
1.137e-07 0.0012401
1.138e-07 0.00117558
1.139e-07 -0.000598613
1.14e-07 -0.000630871
1.141e-07 0.00127235
1.142e-07 0.000820742
1.143e-07 0.00140139
1.144e-07 0.000272355
1.145e-07 -0.000759903
1.146e-07 0.000433645
1.147e-07 0.00133687
1.148e-07 0.000594935
1.149e-07 -0.000953452
1.15e-07 -0.000179258
1.151e-07 0.000498161
1.152e-07 0.000207839
1.153e-07 -0.00105023
1.154e-07 -0.000824419
1.155e-07 0.00104655
1.156e-07 0.000530419
1.157e-07 -0.00192119
1.158e-07 -0.00030829
1.159e-07 0.000788484
1.16e-07 0.000594935
1.161e-07 -0.000630871
1.162e-07 -8.24839e-05
1.163e-07 1.42903e-05
1.164e-07 0.000853
1.165e-07 0.000433645
1.166e-07 0.000240097
1.167e-07 0.000369129
1.168e-07 0.00107881
1.169e-07 0.000433645
1.17e-07 7.88065e-05
1.171e-07 0.000756226
1.172e-07 0.00133687
1.173e-07 0.000788484
1.174e-07 -0.000276032
1.175e-07 0.000336871
1.176e-07 0.0014659
1.177e-07 -0.000921194
1.178e-07 -0.000437323
1.179e-07 -0.000695387
1.18e-07 0.000949774
1.181e-07 0.000885258
1.182e-07 0.000659452
1.183e-07 -0.000598613
1.184e-07 -0.000727645
1.185e-07 0.000111065
1.186e-07 0.000207839
1.187e-07 0.000788484
1.188e-07 0.000175581
1.189e-07 0.000401387
1.19e-07 0.000207839
1.191e-07 0.000594935
1.192e-07 0.00111106
1.193e-07 0.000369129
1.194e-07 0.000562677
1.195e-07 -0.000792161
1.196e-07 0.000175581
1.197e-07 0.0014659
1.198e-07 -0.000211516
1.199e-07 -0.000727645
1.2e-07 -0.000372806
1.201e-07 0.000369129
1.202e-07 -0.000501839
1.203e-07 -0.000630871
1.204e-07 -0.000114742
1.205e-07 0.000756226
1.206e-07 0.000304613
1.207e-07 -8.24839e-05
1.208e-07 -0.000663129
1.209e-07 0.000530419
1.21e-07 0.000917516
1.211e-07 7.88065e-05
1.212e-07 0.000336871
1.213e-07 0.000304613
1.214e-07 0.000336871
1.215e-07 7.88065e-05
1.216e-07 -0.000727645
1.217e-07 0.000207839
1.218e-07 0.00136913
1.219e-07 0.000401387
1.22e-07 -0.000888935
1.221e-07 -0.000888935
1.222e-07 -0.000469581
1.223e-07 -0.00030829
1.224e-07 -0.000792161
1.225e-07 7.88065e-05
1.226e-07 0.000498161
1.227e-07 -0.000695387
1.228e-07 -8.24839e-05
1.229e-07 0.000465903
1.23e-07 0.000369129
1.231e-07 -0.000856677
1.232e-07 -0.000405065
1.233e-07 -0.000598613
1.234e-07 -0.000953452
1.235e-07 0.000143323
1.236e-07 0.00136913
1.237e-07 0.000465903
1.238e-07 0.000207839
1.239e-07 0.000240097
1.24e-07 1.42903e-05
1.241e-07 0.000111065
1.242e-07 0.000111065
1.243e-07 0.000433645
1.244e-07 -0.000824419
1.245e-07 -0.000114742
1.246e-07 -0.000243774
1.247e-07 -0.000147
1.248e-07 0.00117558
1.249e-07 0.000369129
1.25e-07 -0.000630871
1.251e-07 0.000756226
1.252e-07 0.00107881
1.253e-07 -0.00101797
1.254e-07 -0.00124377
1.255e-07 0.000369129
1.256e-07 0.00127235
1.257e-07 0.000562677
1.258e-07 -0.00140506
1.259e-07 -0.000663129
1.26e-07 0.000820742
1.261e-07 0.000304613
1.262e-07 -0.000856677
1.263e-07 -0.000921194
1.264e-07 0.0024659
1.265e-07 0.00217558
1.266e-07 0.000175581
1.267e-07 -0.00127603
1.268e-07 0.000240097
1.269e-07 0.00136913
1.27e-07 -0.000276032
1.271e-07 0.000304613
1.272e-07 0.000820742
1.273e-07 0.000272355
1.274e-07 0.000562677
1.275e-07 -0.000695387
1.276e-07 1.42903e-05
1.277e-07 0.000982032
1.278e-07 0.000594935
1.279e-07 -0.000469581
1.28e-07 0.000498161
1.281e-07 0.000336871
1.282e-07 0.000562677
1.283e-07 -0.000114742
1.284e-07 -0.000727645
1.285e-07 0.00120784
1.286e-07 0.00159494
1.287e-07 0.000369129
1.288e-07 -0.000824419
1.289e-07 -0.000437323
1.29e-07 0.00133687
1.291e-07 0.00165945
1.292e-07 0.000175581
1.293e-07 -0.000888935
1.294e-07 0.000659452
1.295e-07 0.00136913
1.296e-07 0.000207839
1.297e-07 -0.00130829
1.298e-07 0.000304613
1.299e-07 -0.000243774
1.3e-07 -0.000372806
1.301e-07 -1.79677e-05
1.302e-07 -0.000921194
1.303e-07 0.000143323
1.304e-07 1.42903e-05
1.305e-07 0.000401387
1.306e-07 0.000885258
1.307e-07 0.000562677
1.308e-07 -0.000534097
1.309e-07 1.42903e-05
1.31e-07 0.000272355
1.311e-07 1.42903e-05
1.312e-07 -0.000534097
1.313e-07 -0.00134055
1.314e-07 -0.000405065
1.315e-07 0.000949774
1.316e-07 0.00101429
1.317e-07 0.00069171
1.318e-07 -0.000437323
1.319e-07 -0.000501839
1.32e-07 0.000885258
1.321e-07 0.000498161
1.322e-07 -0.000147
1.323e-07 0.000465903
1.324e-07 -0.000276032
1.325e-07 -0.000405065
1.326e-07 -0.000437323
1.327e-07 0.000530419
1.328e-07 0.000207839
1.329e-07 0.000240097
1.33e-07 -0.000501839
1.331e-07 0.000175581
1.332e-07 0.000820742
1.333e-07 0.00162719
1.334e-07 0.000143323
1.335e-07 -0.000179258
1.336e-07 0.000433645
1.337e-07 -0.000598613
1.338e-07 -0.001147
1.339e-07 -0.000147
1.34e-07 0.000433645
1.341e-07 -0.000179258
1.342e-07 -0.000824419
1.343e-07 -0.000276032
1.344e-07 1.42903e-05
1.345e-07 -0.000276032
1.346e-07 0.000369129
1.347e-07 0.000723968
1.348e-07 0.000820742
1.349e-07 0.000820742
1.35e-07 0.000272355
1.351e-07 -0.00030829
1.352e-07 0.000594935
1.353e-07 0.000594935
1.354e-07 -0.000243774
1.355e-07 -0.000824419
1.356e-07 0.000659452
1.357e-07 0.00107881
1.358e-07 0.000594935
1.359e-07 0.000433645
1.36e-07 0.000304613
1.361e-07 -0.000727645
1.362e-07 -0.000598613
1.363e-07 -0.000340548
1.364e-07 -0.000759903
1.365e-07 0.000369129
1.366e-07 0.000465903
1.367e-07 -0.00117926
1.368e-07 -0.00172765
1.369e-07 7.88065e-05
1.37e-07 0.00107881
1.371e-07 -0.000211516
1.372e-07 -0.000211516
1.373e-07 -0.000501839
1.374e-07 0.00111106
1.375e-07 0.000659452
1.376e-07 -5.02258e-05
1.377e-07 -0.000211516
1.378e-07 0.000659452
1.379e-07 0.00107881
1.38e-07 -0.000695387
1.381e-07 -0.000921194
1.382e-07 -0.000147
1.383e-07 0.000594935
1.384e-07 0.000465903
1.385e-07 0.000401387
1.386e-07 0.000143323
1.387e-07 0.000594935
1.388e-07 -0.000630871
1.389e-07 -0.00108248
1.39e-07 -0.000147
1.391e-07 -0.000276032
1.392e-07 -0.000114742
1.393e-07 -0.000243774
1.394e-07 -0.000534097
1.395e-07 0.000207839
1.396e-07 0.000917516
1.397e-07 0.000498161
1.398e-07 -0.000114742
1.399e-07 0.000304613
1.4e-07 -0.000211516
1.401e-07 -0.000243774
1.402e-07 -0.000405065
1.403e-07 0.000111065
1.404e-07 0.000304613
1.405e-07 0.000465903
1.406e-07 0.000594935
1.407e-07 0.000175581
1.408e-07 0.00127235
1.409e-07 4.65484e-05
1.41e-07 -0.000759903
1.411e-07 -0.00105023
1.412e-07 4.65484e-05
1.413e-07 7.88065e-05
1.414e-07 0.000594935
1.415e-07 -0.000372806
1.416e-07 -0.000340548
1.417e-07 0.000240097
1.418e-07 0.000175581
1.419e-07 -0.00172765
1.42e-07 -0.000921194
1.421e-07 -5.02258e-05
1.422e-07 0.000240097
1.423e-07 -0.000372806
1.424e-07 -0.000695387
1.425e-07 -0.00111474
1.426e-07 -0.000147
1.427e-07 -0.000501839
1.428e-07 0.000240097
1.429e-07 0.000498161
1.43e-07 0.000853
1.431e-07 -5.02258e-05
1.432e-07 0.000498161
1.433e-07 0.000788484
1.434e-07 -0.00130829
1.435e-07 0.000336871
1.436e-07 0.000949774
1.437e-07 0.00143365
1.438e-07 7.88065e-05
1.439e-07 -0.000437323
1.44e-07 -0.000114742
1.441e-07 0.000562677
1.442e-07 0.000240097
1.443e-07 4.65484e-05
1.444e-07 -0.000405065
1.445e-07 0.000433645
1.446e-07 0.000111065
1.447e-07 0.000111065
1.448e-07 0.000659452
1.449e-07 -0.000372806
1.45e-07 0.000240097
1.451e-07 -0.000147
1.452e-07 -0.000147
1.453e-07 7.88065e-05
1.454e-07 -0.000598613
1.455e-07 -0.000953452
1.456e-07 0.000433645
1.457e-07 0.000659452
1.458e-07 0.000917516
1.459e-07 0.000659452
1.46e-07 0.000627194
1.461e-07 -0.00030829
1.462e-07 -0.000147
1.463e-07 0.000788484
1.464e-07 -0.000243774
1.465e-07 0.000369129
1.466e-07 -8.24839e-05
1.467e-07 -0.000179258
1.468e-07 0.000240097
1.469e-07 0.000111065
1.47e-07 0.000143323
1.471e-07 0.000207839
1.472e-07 -0.000695387
1.473e-07 -0.000437323
1.474e-07 -0.000501839
1.475e-07 -0.000405065
1.476e-07 7.88065e-05
1.477e-07 -0.000147
1.478e-07 -0.000856677
1.479e-07 -0.000534097
1.48e-07 -5.02258e-05
1.481e-07 -0.000340548
1.482e-07 -0.000179258
1.483e-07 -0.00111474
1.484e-07 -0.00127603
1.485e-07 7.88065e-05
1.486e-07 7.88065e-05
1.487e-07 0.000207839
1.488e-07 -0.000534097
1.489e-07 -0.000243774
1.49e-07 -0.0015341
1.491e-07 -0.000340548
1.492e-07 0.000788484
1.493e-07 0.000756226
1.494e-07 0.000175581
1.495e-07 -0.000405065
1.496e-07 -0.000372806
1.497e-07 0.000885258
1.498e-07 0.000433645
1.499e-07 -0.000630871
1.5e-07 -8.24839e-05
1.501e-07 0.000207839
1.502e-07 0.000207839
1.503e-07 1.42903e-05
1.504e-07 7.88065e-05
1.505e-07 -1.79677e-05
1.506e-07 -5.02258e-05
1.507e-07 -0.000372806
1.508e-07 -0.000727645
1.509e-07 0.000659452
1.51e-07 0.000562677
1.511e-07 -0.00150184
1.512e-07 -0.000340548
1.513e-07 -0.00030829
1.514e-07 0.00130461
1.515e-07 0.000820742
1.516e-07 -1.79677e-05
1.517e-07 -1.79677e-05
1.518e-07 0.00101429
1.519e-07 0.000756226
1.52e-07 -0.00111474
1.521e-07 -0.000921194
1.522e-07 0.000982032
1.523e-07 0.000756226
1.524e-07 -0.000759903
1.525e-07 -0.000630871
1.526e-07 0.000272355
1.527e-07 0.000627194
1.528e-07 -0.000179258
1.529e-07 -0.000340548
1.53e-07 0.000498161
1.531e-07 0.000885258
1.532e-07 0.000917516
1.533e-07 -0.00111474
1.534e-07 -0.000114742
1.535e-07 0.000498161
1.536e-07 0.00130461
1.537e-07 0.00069171
1.538e-07 -0.000437323
1.539e-07 -0.000501839
1.54e-07 4.65484e-05
1.541e-07 0.00069171
1.542e-07 -0.000211516
1.543e-07 -0.000179258
1.544e-07 0.00117558
1.545e-07 -0.000469581
1.546e-07 -0.000598613
1.547e-07 0.00069171
1.548e-07 0.00069171
1.549e-07 0.00069171
1.55e-07 -0.000759903
1.551e-07 -0.00105023
1.552e-07 0.000143323
1.553e-07 0.00104655
1.554e-07 0.000659452
1.555e-07 0.000659452
1.556e-07 0.00107881
1.557e-07 0.00104655
1.558e-07 0.000304613
1.559e-07 0.000788484
1.56e-07 -0.000114742
1.561e-07 -0.000501839
1.562e-07 0.000369129
1.563e-07 -0.000405065
1.564e-07 0.000111065
1.565e-07 0.00117558
1.566e-07 0.00191752
1.567e-07 0.000627194
1.568e-07 -0.000566355
1.569e-07 -0.000921194
1.57e-07 -0.000211516
1.571e-07 0.000433645
1.572e-07 0.000917516
1.573e-07 0.00117558
1.574e-07 0.000336871
1.575e-07 -0.000179258
1.576e-07 0.000853
1.577e-07 4.65484e-05
1.578e-07 0.000207839
1.579e-07 0.000788484
1.58e-07 -1.79677e-05
1.581e-07 -0.000114742
1.582e-07 0.000240097
1.583e-07 -0.000179258
1.584e-07 0.000756226
1.585e-07 0.000562677
1.586e-07 -0.000792161
1.587e-07 -0.000243774
1.588e-07 -0.000792161
1.589e-07 -0.000114742
1.59e-07 4.65484e-05
1.591e-07 7.88065e-05
1.592e-07 -0.000405065
1.593e-07 0.000594935
1.594e-07 0.00111106
1.595e-07 0.000143323
1.596e-07 -0.000727645
1.597e-07 -0.000372806
1.598e-07 0.00111106
1.599e-07 0.001853
1.6e-07 0.000465903
1.601e-07 -0.000437323
1.602e-07 -8.24839e-05
1.603e-07 0.00120784
1.604e-07 0.00069171
1.605e-07 -0.000566355
1.606e-07 0.000433645
1.607e-07 0.000853
1.608e-07 0.00104655
1.609e-07 0.000788484
1.61e-07 0.000369129
1.611e-07 0.000143323
1.612e-07 -5.02258e-05
1.613e-07 -0.00201797
1.614e-07 -0.00150184
1.615e-07 -0.000147
1.616e-07 0.000111065
1.617e-07 -5.02258e-05
1.618e-07 0.000304613
1.619e-07 0.000401387
1.62e-07 7.88065e-05
1.621e-07 1.42903e-05
1.622e-07 -0.00108248
1.623e-07 -0.000598613
1.624e-07 -0.000211516
1.625e-07 -0.00124377
1.626e-07 -0.000663129
1.627e-07 -0.000501839
1.628e-07 0.000982032
1.629e-07 0.000659452
1.63e-07 0.000143323
1.631e-07 -0.00030829
1.632e-07 -8.24839e-05
1.633e-07 0.000562677
1.634e-07 -0.000405065
1.635e-07 7.88065e-05
1.636e-07 7.88065e-05
1.637e-07 0.000240097
1.638e-07 -0.000405065
1.639e-07 -0.000340548
1.64e-07 0.000272355
1.641e-07 4.65484e-05
1.642e-07 -5.02258e-05
1.643e-07 0.000465903
1.644e-07 0.00143365
1.645e-07 0.000272355
1.646e-07 -0.000727645
1.647e-07 -0.00140506
1.648e-07 -0.000921194
1.649e-07 0.000369129
1.65e-07 0.00069171
1.651e-07 0.000594935
1.652e-07 -0.000114742
1.653e-07 -0.000243774
1.654e-07 0.000369129
1.655e-07 0.000982032
1.656e-07 0.000111065
1.657e-07 0.000498161
1.658e-07 -0.000759903
1.659e-07 -0.000630871
1.66e-07 -0.000469581
1.661e-07 0.000723968
1.662e-07 0.000240097
1.663e-07 -0.000695387
1.664e-07 -0.00124377
1.665e-07 -0.000211516
1.666e-07 0.00162719
1.667e-07 0.000756226
1.668e-07 -0.00137281
1.669e-07 -0.000759903
1.67e-07 0.000175581
1.671e-07 0.000336871
1.672e-07 -0.000276032
1.673e-07 -0.001147
1.674e-07 0.000240097
1.675e-07 0.00120784
1.676e-07 1.42903e-05
1.677e-07 -0.00172765
1.678e-07 -0.000566355
1.679e-07 0.000401387
1.68e-07 0.000917516
1.681e-07 -0.000340548
1.682e-07 -0.000856677
1.683e-07 -0.000469581
1.684e-07 0.000111065
1.685e-07 0.000143323
1.686e-07 0.000627194
1.687e-07 0.000982032
1.688e-07 -8.24839e-05
1.689e-07 -0.000147
1.69e-07 0.000272355
1.691e-07 -0.00105023
1.692e-07 0.000465903
1.693e-07 -0.00108248
1.694e-07 -0.00140506
1.695e-07 0.000594935
1.696e-07 0.00165945
1.697e-07 0.00069171
1.698e-07 -0.000663129
1.699e-07 -0.000566355
1.7e-07 0.000143323
1.701e-07 -0.000437323
1.702e-07 -0.000534097
1.703e-07 0.000111065
1.704e-07 -0.000243774
1.705e-07 -0.000114742
1.706e-07 1.42903e-05
1.707e-07 -0.000437323
1.708e-07 -0.000243774
1.709e-07 0.000207839
1.71e-07 0.000336871
1.711e-07 -0.000566355
1.712e-07 0.000530419
1.713e-07 0.000175581
1.714e-07 4.65484e-05
1.715e-07 0.000143323
1.716e-07 0.00140139
1.717e-07 0.000143323
1.718e-07 -0.000147
1.719e-07 -0.000437323
1.72e-07 -0.000211516
1.721e-07 0.000272355
1.722e-07 -0.000243774
1.723e-07 -0.0017599
1.724e-07 -0.00117926
1.725e-07 0.000272355
1.726e-07 0.000369129
1.727e-07 0.000820742
1.728e-07 -5.02258e-05
1.729e-07 -0.000663129
1.73e-07 -0.000663129
1.731e-07 0.000336871
1.732e-07 0.00101429
1.733e-07 0.00117558
1.734e-07 -1.79677e-05
1.735e-07 -0.00108248
1.736e-07 7.88065e-05
1.737e-07 0.000401387
1.738e-07 0.000594935
1.739e-07 -0.000501839
1.74e-07 -0.000792161
1.741e-07 -0.000276032
1.742e-07 0.0012401
1.743e-07 0.000594935
1.744e-07 -8.24839e-05
1.745e-07 0.000853
1.746e-07 0.000594935
1.747e-07 -0.000663129
1.748e-07 -0.00111474
1.749e-07 4.65484e-05
1.75e-07 0.000175581
1.751e-07 -0.000469581
1.752e-07 -0.00217926
1.753e-07 -0.00111474
1.754e-07 0.000498161
1.755e-07 0.000240097
1.756e-07 0.000401387
1.757e-07 -0.000437323
1.758e-07 0.00111106
1.759e-07 0.000272355
1.76e-07 0.000820742
1.761e-07 -0.000501839
1.762e-07 1.42903e-05
1.763e-07 0.000627194
1.764e-07 0.000917516
1.765e-07 -0.000727645
1.766e-07 -0.000501839
1.767e-07 0.000433645
1.768e-07 0.00120784
1.769e-07 -0.00117926
1.77e-07 -0.000856677
1.771e-07 0.000401387
1.772e-07 0.00198203
1.773e-07 1.42903e-05
1.774e-07 -0.000695387
1.775e-07 0.000336871
1.776e-07 0.000143323
1.777e-07 -0.000598613
1.778e-07 -0.000695387
1.779e-07 -0.000695387
1.78e-07 0.000820742
1.781e-07 0.0014659
1.782e-07 -0.000340548
1.783e-07 4.65484e-05
1.784e-07 0.000594935
1.785e-07 -0.000114742
1.786e-07 -0.000340548
1.787e-07 0.000433645
1.788e-07 0.000304613
1.789e-07 0.000433645
1.79e-07 0.000175581
1.791e-07 0.000465903
1.792e-07 1.42903e-05
1.793e-07 7.88065e-05
1.794e-07 -0.000437323
1.795e-07 -0.00137281
1.796e-07 -0.000921194
1.797e-07 0.000723968
1.798e-07 0.000594935
1.799e-07 0.000788484
1.8e-07 0.000723968
1.801e-07 0.000498161
1.802e-07 0.000143323
1.803e-07 -0.000211516
1.804e-07 -0.000437323
1.805e-07 0.000369129
1.806e-07 -0.000534097
1.807e-07 -0.000179258
1.808e-07 -0.00134055
1.809e-07 -0.000243774
1.81e-07 0.000627194
1.811e-07 0.000788484
1.812e-07 -0.000276032
1.813e-07 -0.000114742
1.814e-07 -0.000276032
1.815e-07 -8.24839e-05
1.816e-07 0.000530419
1.817e-07 0.000111065
1.818e-07 -1.79677e-05
1.819e-07 -0.000695387
1.82e-07 -0.00101797
1.821e-07 -0.000598613
1.822e-07 0.000336871
1.823e-07 0.00104655
1.824e-07 -0.000179258
1.825e-07 -0.00101797
1.826e-07 1.42903e-05
1.827e-07 0.000788484
1.828e-07 0.000627194
1.829e-07 -0.000598613
1.83e-07 -0.000598613
1.831e-07 -0.000114742
1.832e-07 0.00069171
1.833e-07 -0.000211516
1.834e-07 0.000272355
1.835e-07 -0.000243774
1.836e-07 0.000659452
1.837e-07 0.000788484
1.838e-07 0.000369129
1.839e-07 -0.000114742
1.84e-07 0.000272355
1.841e-07 0.000304613
1.842e-07 0.000272355
1.843e-07 -0.000566355
1.844e-07 -0.00156635
1.845e-07 -0.000566355
1.846e-07 -0.000179258
1.847e-07 -0.000824419
1.848e-07 -0.000598613
1.849e-07 -0.000243774
1.85e-07 -0.000792161
1.851e-07 -0.000211516
1.852e-07 -0.000759903
1.853e-07 -0.00127603
1.854e-07 -0.000147
1.855e-07 0.000498161
1.856e-07 -0.000921194
1.857e-07 -0.000372806
1.858e-07 0.000530419
1.859e-07 -0.000921194
1.86e-07 -0.000663129
1.861e-07 -5.02258e-05
1.862e-07 0.00069171
1.863e-07 0.000562677
1.864e-07 -8.24839e-05
1.865e-07 -0.000953452
1.866e-07 -8.24839e-05
1.867e-07 -0.000276032
1.868e-07 -0.000405065
1.869e-07 0.00111106
1.87e-07 -0.000953452
1.871e-07 -0.00143732
1.872e-07 -0.000179258
1.873e-07 0.00136913
1.874e-07 0.000530419
1.875e-07 -8.24839e-05
1.876e-07 -0.000856677
1.877e-07 -0.000695387
1.878e-07 -0.000501839
1.879e-07 -0.001147
1.88e-07 0.000272355
1.881e-07 0.00127235
1.882e-07 7.88065e-05
1.883e-07 -0.00117926
1.884e-07 -0.000566355
1.885e-07 0.000853
1.886e-07 0.000272355
1.887e-07 0.000498161
1.888e-07 -0.000405065
1.889e-07 -8.24839e-05
1.89e-07 -0.00105023
1.891e-07 -0.000598613
1.892e-07 -0.000243774
1.893e-07 0.000465903
1.894e-07 0.000885258
1.895e-07 0.000530419
1.896e-07 -0.00121152
1.897e-07 -0.000630871
1.898e-07 0.000336871
1.899e-07 0.000982032
1.9e-07 -0.000856677
1.901e-07 -0.000501839
1.902e-07 7.88065e-05
1.903e-07 -0.000663129
1.904e-07 -0.000566355
1.905e-07 -0.00098571
1.906e-07 -0.000114742
1.907e-07 0.00114332
1.908e-07 0.000111065
1.909e-07 -0.000114742
1.91e-07 -0.000695387
1.911e-07 0.000659452
1.912e-07 0.00104655
1.913e-07 0.000627194
1.914e-07 -0.001147
1.915e-07 -0.000340548
1.916e-07 -0.000114742
1.917e-07 0.000369129
1.918e-07 0.000207839
1.919e-07 -1.79677e-05
1.92e-07 0.000627194
1.921e-07 -0.000372806
1.922e-07 -0.00150184
1.923e-07 -0.000501839
1.924e-07 0.000143323
1.925e-07 -8.24839e-05
1.926e-07 -0.00121152
1.927e-07 -0.00030829
1.928e-07 0.000304613
1.929e-07 0.000240097
1.93e-07 -5.02258e-05
1.931e-07 -0.000114742
1.932e-07 -5.02258e-05
1.933e-07 0.00143365
1.934e-07 0.000304613
1.935e-07 -0.000276032
1.936e-07 -0.000340548
1.937e-07 0.000111065
1.938e-07 0.00130461
1.939e-07 0.000465903
1.94e-07 1.42903e-05
1.941e-07 0.000207839
1.942e-07 -0.000663129
1.943e-07 -0.000759903
1.944e-07 0.000175581
1.945e-07 0.000562677
1.946e-07 0.000627194
1.947e-07 -0.00030829
1.948e-07 4.65484e-05
1.949e-07 0.000111065
1.95e-07 7.88065e-05
1.951e-07 -1.79677e-05
1.952e-07 0.000336871
1.953e-07 -0.000888935
1.954e-07 -0.00101797
1.955e-07 0.000143323
1.956e-07 -0.000598613
1.957e-07 0.000788484
1.958e-07 0.000498161
1.959e-07 -1.79677e-05
1.96e-07 -0.000695387
1.961e-07 -0.000534097
1.962e-07 -0.000856677
1.963e-07 -0.000211516
1.964e-07 -0.000534097
1.965e-07 -0.000372806
1.966e-07 0.000627194
1.967e-07 0.000272355
1.968e-07 -0.000469581
1.969e-07 0.000756226
1.97e-07 -0.000501839
1.971e-07 -0.000469581
1.972e-07 0.000111065
1.973e-07 0.000723968
1.974e-07 0.000304613
1.975e-07 1.42903e-05
1.976e-07 -0.000759903
1.977e-07 0.000240097
1.978e-07 0.000853
1.979e-07 0.000401387
1.98e-07 -0.000792161
1.981e-07 -0.00030829
1.982e-07 0.000207839
1.983e-07 -8.24839e-05
1.984e-07 0.000143323
1.985e-07 -0.000824419
1.986e-07 0.000627194
1.987e-07 0.000143323
1.988e-07 1.42903e-05
1.989e-07 0.000304613
1.99e-07 0.000949774
1.991e-07 0.00159494
1.992e-07 4.65484e-05
1.993e-07 -0.000437323
1.994e-07 0.000594935
1.995e-07 -0.000114742
1.996e-07 -0.000630871
1.997e-07 -0.000598613
1.998e-07 0.000175581
1.999e-07 1.42903e-05
