-6.50097 0.191944
-6.40097 0.137482
-6.30097 0.0788863
-6.20097 -0.00219739
-6.10097 -0.03901
-6.00097 0.0108999
-5.90097 0.092901
-5.80097 0.149927
-5.70097 0.196346
-5.60097 0.203657
-5.50097 0.214458
-5.40097 0.164639
-5.30097 -0.0368813
-5.20097 -0.315864
-5.10097 -0.591443
-5.00097 -0.810177
-4.90097 -0.913762
-4.80097 -0.973378
-4.70097 -0.978239
-4.60097 -0.918867
-4.50097 -0.792351
-4.40097 -0.579812
-4.30097 -0.401228
-4.20097 -0.22562
-4.10097 0.000184126
-4.00097 0.256627
-3.90097 0.567384
-3.80097 0.855037
-3.70097 1.0517
-3.60097 1.18747
-3.50097 1.34731
-3.40097 1.55114
-3.30097 1.81487
-3.20097 2.20578
-3.10097 2.52957
-3.00097 2.66839
-2.90097 2.64273
-2.80097 2.48136
-2.70097 2.19493
-2.60097 1.69163
-2.50097 1.02583
-2.40097 0.309861
-2.30097 -0.424057
-2.20097 -1.13855
-2.10097 -1.78444
-2.00097 -2.319
-1.90097 -2.67319
-1.80097 -2.77808
-1.70097 -2.6934
-1.60097 -2.49808
-1.50097 -2.28323
-1.40097 -2.01163
-1.30097 -1.60609
-1.20097 -1.14925
-1.10097 -0.763628
-1.00097 -0.412789
-0.90097 -0.00738478
-0.80097 0.415609
-0.70097 0.856235
-0.60097 1.27242
-0.50097 1.65834
-0.40097 1.92926
-0.30097 1.9867
-0.20097 1.87217
-0.10097 1.60027
-0.00097 1.26372
0.09903 0.92078
0.19903 0.666759
0.29903 0.597927
0.39903 0.616856
0.49903 0.6563
0.59903 0.733375
0.69903 0.872239
0.79903 1.02325
0.89903 1.00462
0.99903 0.845687
1.09903 0.679476
1.19903 0.428506
1.29903 0.114244
1.39903 -0.227171
1.49903 -0.612093
1.59903 -0.880905
1.69903 -1.00737
1.79903 -1.02821
1.89903 -1.02522
1.99903 -1.02186
2.09903 -0.986937
2.19903 -0.87778
2.29903 -0.812131
2.39903 -0.63848
2.49903 -0.182494
2.59903 0.462712
2.69903 1.06283
2.79903 1.59133
2.89903 1.99857
2.99903 2.41277
3.09903 2.75527
3.19903 2.87771
3.29903 2.62893
3.39903 1.98355
3.49903 1.14306
3.59903 0.399918
3.69903 -0.208859
3.79903 -0.705441
3.89903 -1.02224
3.99903 -1.09627
4.09903 -1.07435
4.19903 -0.958695
4.29903 -0.796842
4.39903 -0.757083
4.49903 -0.832547
4.59903 -0.912515
4.69903 -0.962896
4.79903 -0.979755
4.89903 -1.03701
4.99903 -1.1396
5.09903 -1.24933
5.19903 -1.28355
5.29903 -1.32169
5.39903 -1.3457
5.49903 -1.26923
5.59903 -1.11347
5.69903 -0.90231
5.79903 -0.660103
5.89903 -0.319898
5.99903 0.0515312
6.09903 0.516982
6.19903 0.984391
6.29903 1.46266
6.39903 2.12012
6.49903 2.70615
6.59903 3.16268
6.69903 3.5849
6.79903 3.93385
6.89903 4.02228
6.99903 3.86138
7.09903 3.63178
7.19903 3.44357
7.29903 3.15806
7.39903 2.74221
7.49903 2.25161
7.59903 1.6319
7.69903 0.922606
7.79903 0.226667
7.89903 -0.490273
7.99903 -1.21338
8.09903 -2.03001
8.19903 -2.92476
8.29903 -3.80264
8.39903 -4.48989
8.49903 -4.80816
8.59903 -4.91204
8.69903 -4.85176
8.79903 -4.50217
8.89903 -3.87808
8.99903 -2.97268
9.09903 -2.02276
9.19903 -1.11209
9.29903 -0.238369
9.39903 0.574568
9.49903 1.30811
9.59903 1.87543
9.69903 2.32728
9.79903 2.69032
9.89903 3.02104
9.99903 3.2381
10.099 3.29811
10.199 3.17272
10.299 3.00801
10.399 2.76504
10.499 2.30632
10.599 1.78832
10.699 1.25482
10.799 0.691568
10.899 0.0911317
10.999 -0.467486
11.099 -0.896164
11.199 -1.22446
11.299 -1.50419
11.399 -1.65399
11.499 -1.65091
11.599 -1.51529
11.699 -1.41025
11.799 -1.33873
11.899 -1.25352
11.999 -1.15631
12.099 -0.886428
12.199 -0.466888
12.299 0.0663788
12.399 0.632077
12.499 1.17102
12.599 1.64801
12.699 2.08631
12.799 2.61235
12.899 3.13961
12.999 3.47427
13.099 3.5799
13.199 3.42514
13.299 3.05849
13.399 2.54649
13.499 2.00666
13.599 1.4516
13.699 0.825664
13.799 0.108683
13.899 -0.562083
13.999 -1.08167
14.099 -1.50455
14.199 -1.95042
14.299 -2.42479
14.399 -2.93079
14.499 -3.528
14.599 -4.06795
14.699 -4.33758
14.799 -4.30875
14.899 -3.97287
14.999 -3.36098
15.099 -2.66183
15.199 -1.92053
15.299 -1.22745
15.399 -0.520532
15.499 0.184105
15.599 0.859014
15.699 1.38666
15.799 1.71364
15.899 1.94008
15.999 2.10416
16.099 2.26544
16.199 2.53059
16.299 2.7715
16.399 2.9045
16.499 3.00535
16.599 3.06191
16.699 3.15419
16.799 3.1517
16.899 3.07186
16.999 2.77845
17.099 2.26767
17.199 1.714
17.299 1.20217
17.399 0.588049
17.499 -0.33571
17.599 -1.69141
17.699 -3.30032
17.799 -5.01804
17.899 -6.56383
17.999 -7.31983
18.099 -6.69121
18.199 -4.49587
18.299 -0.783254
18.399 4.35558
18.499 10.6781
18.599 17.3306
18.699 22.7787
18.799 25.1035
18.899 22.9303
18.999 15.0775
19.099 -0.014099
19.199 -21.68
19.299 -45.0598
19.399 -63.3973
19.499 -71.4704
19.599 -67.9844
19.699 -54.2787
19.799 -31.6641
19.899 -2.11311
19.999 30.3301
20.099 59.7609
20.199 80.6156
20.299 89.9906
20.399 86.1473
20.499 64.8316
20.599 28.0697
20.699 -13.2621
20.799 -46.1149
20.899 -64.532
20.999 -70.5361
21.099 -67.6742
21.199 -58.9568
21.299 -47.3318
21.399 -34.996
21.499 -22.8589
21.599 -10.8598
21.699 1.20328
21.799 13.5814
21.899 26.038
21.999 37.5179
22.099 46.0613
22.199 49.7941
22.299 47.6802
22.399 39.995
22.499 29.0046
22.599 17.3796
22.699 6.81537
22.799 -2.48778
22.899 -10.7915
22.999 -18.3471
23.099 -24.9284
23.199 -29.5735
23.299 -31.2803
23.399 -29.7377
23.499 -25.0518
23.599 -17.7612
23.699 -9.31305
23.799 -1.84605
23.899 3.39978
23.999 6.44621
24.099 7.79809
24.199 8.09111
24.299 7.92245
24.399 7.5755
24.499 6.90992
24.599 5.65361
24.699 3.56901
24.799 0.585457
24.899 -2.70661
24.999 -5.20721
25.099 -6.1607
25.199 -5.35332
25.299 -3.16946
25.399 -0.338281
25.499 2.34984
25.599 4.33596
25.699 5.71708
25.799 6.80123
25.899 7.94836
25.999 9.33032
26.099 10.7265
26.199 11.627
26.299 11.5516
26.399 10.1528
26.499 7.51644
26.599 4.10997
26.699 0.737435
26.799 -1.98261
26.899 -3.81833
26.999 -5.03079
27.099 -6.17972
27.199 -7.55461
27.299 -9.12491
27.399 -10.746
27.499 -12.104
27.599 -13.0587
27.699 -13.6086
27.799 -13.8374
27.899 -13.8749
27.999 -13.8874
28.099 -13.8262
28.199 -13.4153
28.299 -12.3241
28.399 -10.3216
28.499 -7.34744
28.599 -3.38115
28.699 1.33423
28.799 6.24854
28.899 10.8719
28.999 14.9482
29.099 18.2884
29.199 20.6308
29.299 21.8556
29.399 22.0723
29.499 21.4754
29.599 20.2891
29.699 18.7174
29.799 16.8357
29.899 14.7666
29.999 12.5215
30.099 10.1538
30.199 7.77435
30.299 5.34307
30.399 2.95011
30.499 0.751215
30.599 -1.35882
30.699 -3.52545
30.799 -5.84879
30.899 -8.55637
30.999 -11.8942
31.099 -15.7399
31.199 -19.7878
31.299 -23.5995
31.399 -26.7663
31.499 -28.8917
31.599 -29.6973
31.699 -29.0888
31.799 -27.0723
31.899 -23.6779
31.999 -19.084
32.099 -13.6462
32.199 -7.89265
32.299 -2.3826
32.399 2.40937
32.499 6.11396
32.599 8.48456
32.699 9.6287
32.799 10.0382
32.899 10.4015
32.999 11.1382
33.099 12.5192
33.199 14.4012
33.299 16.5265
33.399 18.5429
33.499 20.0932
33.599 21.0914
33.699 21.5163
33.799 21.518
33.899 21.2848
33.999 20.8494
34.099 20.0169
34.199 18.5129
34.299 16.0871
34.399 12.6096
34.499 8.22039
34.599 3.19385
34.699 -1.95007
34.799 -6.8587
34.899 -11.3043
34.999 -15.1317
35.099 -18.3066
35.199 -20.8929
35.299 -22.9316
35.399 -24.3058
35.499 -24.8783
35.599 -24.4465
35.699 -22.9097
35.799 -20.4909
35.899 -17.4821
35.999 -14.4484
36.099 -11.7238
36.199 -9.52254
36.299 -7.7542
36.399 -6.26889
36.499 -4.92434
36.599 -3.66007
36.699 -2.35921
36.799 -0.94266
36.899 0.635404
36.999 2.36379
37.099 4.2135
37.199 6.29657
37.299 8.65586
37.399 11.2197
37.499 13.8605
37.599 16.3164
37.699 18.2208
37.799 19.104
37.899 18.6927
37.999 17.0297
38.099 14.4049
38.199 11.3107
38.299 8.34797
38.399 5.87741
38.499 4.09984
38.599 3.01067
38.699 2.42729
38.799 2.05665
38.899 1.65929
38.999 1.17038
39.099 0.667658
39.199 0.351231
39.299 0.15694
39.399 -0.0666682
39.499 -0.436866
39.599 -1.12735
39.699 -2.28976
39.799 -3.79167
39.899 -5.47185
39.999 -7.16081
40.099 -8.59817
40.199 -9.62029
40.299 -10.1246
40.399 -10.089
40.499 -9.73476
40.599 -9.28862
40.699 -8.88732
40.799 -8.43824
40.899 -7.72861
40.999 -6.65826
41.099 -5.32168
41.199 -4.01114
41.299 -2.92631
41.399 -2.20458
41.499 -1.88903
41.599 -1.93187
41.699 -2.07681
41.799 -1.98384
41.899 -1.45896
41.999 -0.44909
42.099 0.91402
42.199 2.27876
42.299 3.46428
42.399 4.33176
42.499 4.90576
42.599 5.27789
42.699 5.55217
42.799 5.92427
42.899 6.49334
42.999 7.13887
43.099 7.58776
43.199 7.64373
43.299 7.31969
43.399 6.71997
43.499 6.01621
43.599 5.52966
43.699 5.48534
43.799 5.84721
43.899 6.43158
43.999 7.11577
44.099 7.48312
44.199 7.24448
44.299 6.36599
44.399 5.00133
44.499 3.30468
44.599 1.4763
44.699 -0.3093
44.799 -2.03396
44.899 -3.74232
44.999 -5.45662
45.099 -7.12824
45.199 -8.58641
45.299 -9.62912
45.399 -10.1587
45.499 -10.1583
45.599 -9.72341
45.699 -8.94303
45.799 -7.9573
45.899 -7.04059
45.999 -6.39002
46.099 -6.04858
46.199 -5.85945
46.299 -5.56914
46.399 -5.05391
46.499 -4.3212
46.599 -3.5074
46.699 -2.72569
46.799 -2.09027
46.899 -1.55474
46.999 -0.949345
47.099 -0.163857
47.199 0.862856
47.299 2.08892
47.399 3.35143
47.499 4.47973
47.599 5.34556
47.699 5.99514
47.799 6.29967
47.899 6.33173
47.999 6.2106
48.099 6.01729
48.199 5.83008
48.299 5.67806
48.399 5.62542
48.499 5.57081
48.599 5.41378
48.699 5.11433
48.799 4.66673
48.899 4.21683
48.999 3.92384
49.099 3.78667
49.199 3.71137
49.299 3.76444
49.399 3.80283
49.499 3.62668
49.599 3.17416
49.699 2.37211
49.799 1.23889
49.899 -0.0488003
49.999 -1.25341
50.099 -2.23274
50.199 -3.10012
50.299 -3.96783
50.399 -4.74788
50.499 -5.4575
50.599 -6.0036
50.699 -6.22949
50.799 -6.14834
50.899 -5.8708
50.999 -5.40643
51.099 -4.83322
51.199 -4.41827
51.299 -4.28183
51.399 -4.32861
51.499 -4.50865
51.599 -4.71293
51.699 -4.76857
51.799 -4.59467
51.899 -4.2002
51.999 -3.554
52.099 -2.67556
52.199 -1.67209
52.299 -0.635379
52.399 0.426454
52.499 1.43862
52.599 2.42461
52.699 3.26746
52.799 3.7882
52.899 3.92666
52.999 3.74863
53.099 3.3422
53.199 2.83397
53.299 2.38179
53.399 2.20742
53.499 2.54313
53.599 3.57054
53.699 4.99818
53.799 6.34015
53.899 7.09166
53.999 7.0227
54.099 6.12539
54.199 4.56197
54.299 2.66268
54.399 0.897549
54.499 -0.29596
54.599 -0.590771
54.699 0.0266644
54.799 1.39459
54.899 3.12001
54.999 4.65946
55.099 5.55477
55.199 5.57169
55.299 4.68139
55.399 3.08216
55.499 1.0733
55.599 -1.06572
55.699 -3.03409
55.799 -4.63415
55.899 -5.86384
55.999 -6.72645
56.099 -7.21378
56.199 -7.31775
56.299 -7.06454
56.399 -6.58303
56.499 -6.04303
56.599 -5.55856
56.699 -5.17677
56.799 -4.91941
56.899 -4.65151
56.999 -4.16227
57.099 -3.35373
57.199 -2.37995
57.299 -1.23766
57.399 -0.153065
57.499 0.725985
57.599 1.36422
57.699 1.74456
57.799 1.8812
57.899 1.85554
57.999 1.70937
58.099 1.58351
58.199 1.59949
58.299 1.69387
58.399 1.73998
58.499 1.71915
58.599 1.74539
58.699 1.88475
58.799 2.09967
58.899 2.49115
58.999 2.99678
59.099 3.55281
59.199 3.95155
59.299 4.04463
59.399 3.8546
59.499 3.61885
59.599 3.44907
59.699 3.43996
59.799 3.60983
59.899 3.73924
59.999 3.55138
60.099 3.03518
60.199 2.18181
60.299 1.02981
60.399 -0.234174
60.499 -1.33422
60.599 -1.98363
60.699 -2.0471
60.799 -1.52602
60.899 -0.660416
60.999 0.218992
61.099 0.778602
61.199 0.809485
61.299 0.359816
61.399 -0.362316
61.499 -1.12234
61.599 -1.7906
61.699 -2.27599
61.799 -2.6349
61.899 -2.8906
61.999 -3.08997
62.099 -3.29306
62.199 -3.45778
62.299 -3.57642
62.399 -3.50331
62.499 -3.17223
62.599 -2.6875
62.699 -2.21726
62.799 -1.88616
62.899 -1.72869
62.999 -1.81266
63.099 -2.10414
63.199 -2.4347
63.299 -2.58468
63.399 -2.52144
63.499 -2.17417
63.599 -1.51013
63.699 -0.693644
63.799 0.167227
63.899 0.973055
63.999 1.7895
64.099 2.57719
64.199 3.39307
64.299 4.24692
64.399 5.0841
64.499 5.74642
64.599 6.22043
64.699 6.44634
64.799 6.31152
64.899 5.80543
64.999 5.08576
65.099 4.39192
65.199 3.87821
65.299 3.46852
65.399 3.01108
65.499 2.53877
65.599 1.97423
65.699 1.34063
65.799 0.644513
65.899 -0.0138882
65.999 -0.630879
66.099 -1.20697
66.199 -1.68
66.299 -2.01868
66.399 -2.28992
66.499 -2.651
66.599 -3.11429
66.699 -3.58399
66.799 -3.93011
66.899 -3.95315
66.999 -3.62637
67.099 -3.09486
67.199 -2.53166
67.299 -2.00675
67.399 -1.66479
67.499 -1.54849
67.599 -1.50586
67.699 -1.48976
67.799 -1.488
67.899 -1.40714
67.999 -1.28608
68.099 -1.05042
68.199 -0.772722
68.299 -0.667029
68.399 -0.794357
68.499 -1.08189
68.599 -1.08878
68.699 -0.847556
68.799 -0.413558
68.899 0.135713
68.999 0.707006
69.099 1.23018
69.199 1.72328
69.299 2.08546
69.399 2.38778
69.499 2.653
69.599 2.86677
69.699 3.10586
69.799 3.30606
69.899 3.43329
69.999 3.295
70.099 2.96477
70.199 2.66255
70.299 2.40139
70.399 2.1742
70.499 2.03452
70.599 2.03836
70.699 2.2073
70.799 2.43808
70.899 2.51883
70.999 2.21296
71.099 1.51617
71.199 0.585887
71.299 -0.370327
71.399 -1.324
71.499 -2.17564
71.599 -2.96832
71.699 -3.48444
71.799 -3.78236
71.899 -3.8193
71.999 -3.6567
72.099 -3.31956
72.199 -2.83698
72.299 -2.18695
72.399 -1.44424
72.499 -0.733553
72.599 -0.223165
72.699 0.117741
72.799 0.38057
72.899 0.580839
72.999 0.65038
73.099 0.613523
73.199 0.440475
73.299 0.45304
73.399 0.478799
73.499 0.382046
73.599 0.231045
73.699 -0.00303718
73.799 -0.368437
73.899 -0.623862
73.999 -0.606717
74.099 -0.326954
74.199 -0.0119525
74.299 0.358862
74.399 0.721864
74.499 1.03969
74.599 1.22078
74.699 1.27504
74.799 1.17223
74.899 0.950822
74.999 0.72258
75.099 0.607366
75.199 0.675624
75.299 0.663525
75.399 0.511065
75.499 0.278816
75.599 0.15988
75.699 0.188095
75.799 0.327104
75.899 0.561133
75.999 0.845218
76.099 1.09839
76.199 1.21224
76.299 1.13886
76.399 0.888285
76.499 0.602668
76.599 0.375799
76.699 0.223353
76.799 0.0989532
76.899 0.0473947
76.999 0.0285545
77.099 0.0213143
77.199 -0.0263951
77.299 -0.248797
77.399 -0.511659
77.499 -0.603563
77.599 -0.476062
77.699 -0.162592
77.799 0.204275
77.899 0.497779
77.999 0.642512
78.099 0.554353
78.199 0.226773
78.299 -0.222804
78.399 -0.593892
78.499 -1.00068
78.599 -1.3221
78.699 -1.47501
78.799 -1.4927
78.899 -1.45998
78.999 -1.44251
79.099 -1.42739
79.199 -1.33298
79.299 -1.17176
79.399 -0.952229
79.499 -0.505351
79.599 0.01258
79.699 0.416242
79.799 0.644058
79.899 0.731134
79.999 0.755554
80.099 0.823657
80.199 0.876171
80.299 0.943835
80.399 1.02545
80.499 1.14988
80.599 1.2587
80.699 1.2686
80.799 1.26266
80.899 1.13353
80.999 0.919434
81.099 0.652283
81.199 0.451933
81.299 0.323224
81.399 0.202211
81.499 0.190669
81.599 0.138222
81.699 0.0698023
81.799 -0.0881525
81.899 -0.34137
81.999 -0.649236
82.099 -0.835462
82.199 -0.90812
82.299 -0.852126
82.399 -0.747609
82.499 -0.575837
82.599 -0.40961
82.699 -0.211824
82.799 -0.000233272
82.899 0.156343
82.999 0.329195
83.099 0.482014
83.199 0.704278
83.299 0.834482
83.399 0.780081
83.499 0.617579
83.599 0.367939
83.699 0.193754
83.799 0.0826987
83.899 -0.0359905
83.999 -0.126045
84.099 -0.0610041
84.199 0.00273428
84.299 0.0331624
84.399 -0.00417656
84.499 -0.124367
84.599 -0.326111
84.699 -0.429143
84.799 -0.44255
84.899 -0.404431
84.999 -0.294187
85.099 -0.143673
85.199 -0.0767985
85.299 -0.132601
85.399 -0.360651
85.499 -0.561695
85.599 -0.565718
85.699 -0.496749
85.799 -0.356572
85.899 -0.0731709
85.999 0.271305
86.099 0.481153
86.199 0.52595
86.299 0.465338
86.399 0.39355
86.499 0.361667
86.599 0.433766
86.699 0.614852
86.799 0.644362
86.899 0.653968
86.999 0.617724
87.099 0.598435
87.199 0.466555
87.299 0.341839
87.399 0.164972
87.499 -0.0286715
87.599 -0.193494
87.699 -0.402028
87.799 -0.51903
87.899 -0.486049
87.999 -0.40007
88.099 -0.274636
88.199 -0.134972
88.299 0.0680107
88.399 0.267335
88.499 0.365633
88.599 0.480309
88.699 0.52303
88.799 0.569207
88.899 0.48188
88.999 0.328383
89.099 0.1589
89.199 0.0381784
89.299 0.0496438
89.399 0.0773957
89.499 0.0178593
89.599 -0.14512
89.699 -0.267682
89.799 -0.441193
89.899 -0.548113
89.999 -0.553643
90.099 -0.437082
90.199 -0.31704
90.299 -0.242877
90.399 -0.158151
90.499 0.000631834
90.599 0.130377
90.699 0.165156
90.799 0.0890101
90.899 -0.0142927
90.999 -0.0715229
91.099 -0.0541282
91.199 -0.00740165
91.299 0.0936627
91.399 0.168238
91.499 0.19046
91.599 0.206268
91.699 0.257574
91.799 0.248969
91.899 0.238503
91.999 0.227544
92.099 0.234898
92.199 0.261945
92.299 0.164867
92.399 0.0036163
92.499 -0.167899
92.599 -0.294933
92.699 -0.343151
92.799 -0.2916
92.899 -0.110121
92.999 0.0596697
93.099 0.222724
93.199 0.375894
93.299 0.487098
93.399 0.525395
93.499 0.460724
93.599 0.312134
93.699 0.173194
93.799 0.00664996
93.899 -0.167177
93.999 -0.260772
94.099 -0.259303
94.199 -0.192201
94.299 -0.0895955
94.399 0.017398
94.499 0.0576583
94.599 0.0639025
94.699 0.0124265
94.799 -0.0122017
94.899 -0.0855145
94.999 -0.184604
95.099 -0.271168
95.199 -0.276225
95.299 -0.219014
95.399 -0.0882471
95.499 0.0371063
95.599 0.104193
95.699 0.250456
95.799 0.364442
