-6.65459 1.20872
-6.55459 1.08076
-6.45459 0.89715
-6.35459 0.663081
-6.25459 0.387511
-6.15459 0.00199451
-6.05459 -0.347525
-5.95459 -0.699676
-5.85459 -0.850969
-5.75459 -0.842959
-5.65459 -0.778843
-5.55459 -0.620987
-5.45459 -0.391039
-5.35459 -0.193613
-5.25459 0.0293294
-5.15459 0.21094
-5.05459 0.310613
-4.95459 0.351625
-4.85459 0.397665
-4.75459 0.456902
-4.65459 0.472966
-4.55459 0.468283
-4.45459 0.431825
-4.35459 0.5108
-4.25459 0.574682
-4.15459 0.495231
-4.05459 0.461705
-3.95459 0.36881
-3.85459 0.202057
-3.75459 -0.0154121
-3.65459 -0.186593
-3.55459 -0.39305
-3.45459 -0.427193
-3.35459 -0.560763
-3.25459 -0.776513
-3.15459 -0.884342
-3.05459 -0.794454
-2.95459 -0.596442
-2.85459 -0.264148
-2.75459 0.0510387
-2.65459 0.254906
-2.55459 0.344343
-2.45459 0.440252
-2.35459 0.585494
-2.25459 0.66918
-2.15459 0.62674
-2.05459 0.474525
-1.95459 0.327041
-1.85459 0.241617
-1.75459 0.395069
-1.65459 0.655153
-1.55459 0.891767
-1.45459 1.09776
-1.35459 1.25566
-1.25459 1.25486
-1.15459 1.35611
-1.05459 1.29627
-0.954588 0.996193
-0.854588 0.552083
-0.754588 0.0911772
-0.654588 -0.318336
-0.554588 -0.523474
-0.454588 -0.595442
-0.354588 -0.56792
-0.254588 -0.454453
-0.154588 -0.240347
-0.0545884 -0.0692862
0.0454116 -0.0251453
0.145412 -0.0541519
0.245412 -0.179428
0.345412 -0.31126
0.445412 -0.402287
0.545412 -0.400159
0.645412 -0.362551
0.745412 -0.289635
0.845412 -0.28349
0.945412 -0.174208
1.04541 -0.00443398
1.14541 0.256685
1.24541 0.522818
1.34541 0.877082
1.44541 1.1795
1.54541 1.32162
1.64541 1.16116
1.74541 1.1027
1.84541 1.05636
1.94541 1.04176
2.04541 0.722128
2.14541 0.188702
2.24541 -0.229288
2.34541 -0.471204
2.44541 -0.491573
2.54541 -0.327251
2.64541 -0.104907
2.74541 0.0903298
2.84541 0.14857
2.94541 0.223253
3.04541 0.21649
3.14541 0.169428
3.24541 0.145551
3.34541 0.30123
3.44541 0.440678
3.54541 0.539774
3.64541 0.418926
3.74541 0.343691
3.84541 0.282563
3.94541 0.327247
4.04541 0.3346
4.14541 0.130226
4.24541 -0.00556641
4.34541 -0.124241
4.44541 -0.0921863
4.54541 -0.00996303
4.64541 0.0847213
4.74541 0.175532
4.84541 0.295026
4.94541 0.408935
5.04541 0.531922
5.14541 0.527457
5.24541 0.48939
5.34541 0.449565
5.44541 0.448195
5.54541 0.391522
5.64541 0.264461
5.74541 0.0599696
5.84541 -0.121183
5.94541 -0.152618
6.04541 -0.0368787
6.14541 0.166063
6.24541 0.372913
6.34541 0.557783
6.44541 0.721501
6.54541 0.809188
6.64541 0.79755
6.74541 0.660045
6.84541 0.496249
6.94541 0.327573
7.04541 0.240663
7.14541 0.209444
7.24541 0.156159
7.34541 0.0505259
7.44541 -0.11616
7.54541 -0.421993
7.64541 -0.816945
7.74541 -1.06785
7.84541 -1.05284
7.94541 -0.902526
8.04541 -0.694077
8.14541 -0.356868
8.24541 0.160478
8.34541 0.742618
8.44541 1.16363
8.54541 1.36288
8.64541 1.39573
8.74541 1.34036
8.84541 1.24253
8.94541 1.10528
9.04541 0.892824
9.14541 0.533464
9.24541 0.173587
9.34541 -0.0780678
9.44541 -0.260528
9.54541 -0.413861
9.64541 -0.507038
9.74541 -0.538693
9.84541 -0.458773
9.94541 -0.278143
10.0454 -0.0130935
10.1454 0.260756
10.2454 0.454737
10.3454 0.527376
10.4454 0.550386
10.5454 0.499213
10.6454 0.399908
10.7454 0.294041
10.8454 0.29559
10.9454 0.353757
11.0454 0.373803
11.1454 0.359976
11.2454 0.330728
11.3454 0.295155
11.4454 0.217878
11.5454 0.144985
11.6454 0.151795
11.7454 0.164591
11.8454 0.111749
11.9454 0.110128
12.0454 0.193423
12.1454 0.344548
12.2454 0.458564
12.3454 0.399195
12.4454 0.146416
12.5454 -0.184527
12.6454 -0.486874
12.7454 -0.632256
12.8454 -0.723075
12.9454 -0.747148
13.0454 -0.742025
13.1454 -0.695213
13.2454 -0.459482
13.3454 -0.0790709
13.4454 0.362886
13.5454 0.75933
13.6454 1.01336
13.7454 1.16357
13.8454 1.24203
13.9454 1.27695
14.0454 1.26334
14.1454 1.28275
14.2454 1.28988
14.3454 1.23517
14.4454 1.06164
14.5454 0.879349
14.6454 0.745461
14.7454 0.586329
14.8454 0.405413
14.9454 0.139924
15.0454 -0.15247
15.1454 -0.421792
15.2454 -0.695559
15.3454 -1.03906
15.4454 -1.42106
15.5454 -1.68253
15.6454 -1.77674
15.7454 -1.79252
15.8454 -1.5652
15.9454 -1.08484
16.0454 -0.522381
16.1454 -0.0125402
16.2454 0.455209
16.3454 0.911229
16.4454 1.42095
16.5454 1.91862
16.6454 2.29219
16.7454 2.48503
16.8454 2.48977
16.9454 2.27133
17.0454 1.88156
17.1454 1.41002
17.2454 0.956673
17.3454 0.522995
17.4454 0.117735
17.5454 -0.216123
17.6454 -0.428926
17.7454 -0.544406
17.8454 -0.61882
17.9454 -0.636169
18.0454 -0.6498
18.1454 -0.778495
18.2454 -0.940858
18.3454 -1.02862
18.4454 -1.04551
18.5454 -1.06695
18.6454 -1.09345
18.7454 -1.09325
18.8454 -1.04981
18.9454 -0.823788
19.0454 -0.275144
19.1454 0.378364
19.2454 0.897696
19.3454 1.2612
19.4454 1.50458
19.5454 1.65021
19.6454 1.75879
19.7454 1.76221
19.8454 1.59822
19.9454 1.27623
20.0454 0.883753
20.1454 0.5648
20.2454 0.372995
20.3454 0.283014
20.4454 0.250605
20.5454 0.332567
20.6454 0.458094
20.7454 0.608646
20.8454 0.647114
20.9454 0.35452
21.0454 -0.391516
21.1454 -1.69213
21.2454 -3.52729
21.3454 -5.56124
21.4454 -7.01705
21.5454 -7.03378
21.6454 -5.05943
21.7454 -0.996863
21.8454 5.33637
21.9454 14.1966
22.0454 24.3399
22.1454 32.6028
22.2454 35.6201
22.3454 31.5461
22.4454 18.1122
22.5454 -7.10589
22.6454 -42.5872
22.7454 -79.7239
22.8454 -106.618
22.9454 -115.43
23.0454 -105.113
23.1454 -78.878
23.2454 -39.2204
23.3454 9.83654
23.4454 62.9096
23.5454 112.236
23.6454 148.951
23.7454 166.939
23.8454 162.396
23.9454 127.001
24.0454 60.2123
24.1454 -18.2505
24.2454 -83.4326
24.3454 -123.781
24.4454 -140.541
24.5454 -138.596
24.6454 -123.103
24.7454 -100.259
24.8454 -75.7272
24.9454 -52.5056
25.0454 -30.5858
25.1454 -9.2152
25.2454 12.0033
25.3454 33.3073
25.4454 54.4844
25.5454 74.1296
25.6454 89.3727
25.7454 97.1881
25.8454 96.231
25.9454 87.5203
26.0454 74.0489
26.1454 58.8098
26.2454 43.2269
26.3454 27.3161
26.4454 10.4624
26.5454 -8.14016
26.6454 -28.5944
26.7454 -48.8013
26.8454 -65.4429
26.9454 -75.9445
27.0454 -79.8999
27.1454 -78.1725
27.2454 -72.6414
27.3454 -65.2224
27.4454 -56.7921
27.5454 -47.2317
27.6454 -36.2202
27.7454 -23.5258
27.8454 -9.13677
27.9454 6.05635
28.0454 20.5831
28.1454 32.9918
28.2454 42.3501
28.3454 48.2905
28.4454 51.1197
28.5454 51.8909
28.6454 51.5648
28.7454 50.3873
28.8454 48.0592
28.9454 43.9733
29.0454 37.9184
29.1454 30.4271
29.2454 22.3727
29.3454 14.6585
29.4454 7.68019
29.5454 1.14469
29.6454 -5.47224
29.7454 -12.8274
29.8454 -21.0534
29.9454 -29.3967
30.0454 -36.6676
30.1454 -41.7033
30.2454 -44.0179
30.3454 -43.9317
30.4454 -42.2941
30.5454 -39.9582
30.6454 -37.2337
30.7454 -33.937
30.8454 -29.7062
30.9454 -24.3644
31.0454 -18.1358
31.1454 -11.5081
31.2454 -4.89376
31.3454 1.24927
31.4454 6.68988
31.5454 11.5128
31.6454 16.0061
31.7454 20.3612
31.8454 24.7037
31.9454 28.931
32.0454 32.5314
32.1454 34.908
32.2454 35.8105
32.3454 35.4528
32.4454 34.1647
32.5454 32.2686
32.6454 29.794
32.7454 26.5652
32.8454 22.3033
32.9454 16.8352
33.0454 10.5052
33.1454 3.92906
33.2454 -2.21857
33.3454 -7.52032
33.4454 -12.0279
33.5454 -16.1096
33.6454 -19.9845
33.7454 -23.6915
33.8454 -27.0573
33.9454 -29.6166
34.0454 -30.8122
34.1454 -30.6194
34.2454 -29.2824
34.3454 -27.2461
34.4454 -25.0671
34.5454 -23.1328
34.6454 -21.4689
34.7454 -19.8707
34.8454 -17.9991
34.9454 -15.4163
35.0454 -11.9123
35.1454 -7.58781
35.2454 -2.61765
35.3454 2.71641
35.4454 8.28717
35.5454 13.8664
35.6454 19.1145
35.7454 23.4974
35.8454 26.3667
35.9454 27.4097
36.0454 26.5695
36.1454 24.2807
36.2454 21.222
36.3454 18.1696
36.4454 15.7098
36.5454 14.1383
36.6454 13.4323
36.7454 13.2276
36.8454 13.1235
36.9454 12.8974
37.0454 12.4905
37.1454 11.8887
37.2454 11.0832
37.3454 9.92292
37.4454 8.12189
37.5454 5.49436
37.6454 1.97627
37.7454 -2.38841
37.8454 -7.42361
37.9454 -12.7479
38.0454 -17.8093
38.1454 -22.0776
38.2454 -25.282
38.3454 -27.4447
38.4454 -28.6263
38.5454 -29.036
38.6454 -28.8645
38.7454 -28.0165
38.8454 -26.3355
38.9454 -23.8725
39.0454 -20.8726
39.1454 -17.5796
39.2454 -14.0861
39.3454 -10.3748
39.4454 -6.43173
39.5454 -2.4192
39.6454 1.54995
39.7454 5.39146
39.8454 8.9381
39.9454 12.1072
40.0454 14.8546
40.1454 17.0513
40.2454 18.6809
40.3454 19.7257
40.4454 20.305
40.5454 20.6533
40.6454 20.9246
40.7454 21.1903
40.8454 21.4458
40.9454 21.4775
41.0454 21.0693
41.1454 20.0493
41.2454 18.3367
41.3454 15.8162
41.4454 12.562
41.5454 8.8669
41.6454 4.99613
41.7454 1.26005
41.8454 -2.15802
41.9454 -5.19907
42.0454 -7.8677
42.1454 -10.1173
42.2454 -11.8964
42.3454 -13.2212
42.4454 -14.1563
42.5454 -14.6813
42.6454 -14.8511
42.7454 -14.7265
42.8454 -14.3508
42.9454 -13.7345
43.0454 -12.9577
43.1454 -12.231
43.2454 -11.6582
43.3454 -11.2899
43.4454 -11.088
43.5454 -10.9345
43.6454 -10.6845
43.7454 -10.1361
43.8454 -9.22892
43.9454 -8.05257
44.0454 -6.56144
44.1454 -4.7396
44.2454 -2.72896
44.3454 -0.677773
44.4454 1.31244
44.5454 3.14517
44.6454 4.71726
44.7454 6.0001
44.8454 7.10387
44.9454 8.10918
45.0454 9.14196
45.1454 10.1669
45.2454 11.2308
45.3454 12.3276
45.4454 13.4069
45.5454 14.2916
45.6454 14.7277
45.7454 14.6482
45.8454 13.9373
45.9454 12.7605
46.0454 11.4698
46.1454 10.3259
46.2454 9.31293
46.3454 8.45136
46.4454 7.70165
46.5454 6.94001
46.6454 5.9707
46.7454 4.65298
46.8454 3.00927
46.9454 1.14985
47.0454 -0.718935
47.1454 -2.45934
47.2454 -4.10921
47.3454 -5.83498
47.4454 -7.74862
47.5454 -9.77276
47.6454 -11.7042
47.7454 -13.1428
47.8454 -13.9574
47.9454 -14.2879
48.0454 -14.2082
48.1454 -13.7637
48.2454 -13.0526
48.3454 -12.302
48.4454 -11.5724
48.5454 -10.8437
48.6454 -10.173
48.7454 -9.39868
48.8454 -8.44412
48.9454 -7.38779
49.0454 -6.29913
49.1454 -5.13983
49.2454 -3.80683
49.3454 -2.18567
49.4454 -0.318343
49.5454 1.6331
49.6454 3.45642
49.7454 5.17998
49.8454 6.86439
49.9454 8.34906
50.0454 9.49118
50.1454 10.4036
50.2454 11.1833
50.3454 11.861
50.4454 12.4183
50.5454 12.7783
50.6454 12.8225
50.7454 12.5125
50.8454 11.9819
50.9454 11.3058
51.0454 10.4346
51.1454 9.3475
51.2454 8.15123
51.3454 6.8607
51.4454 5.41798
51.5454 3.93646
51.6454 2.49426
51.7454 1.12476
51.8454 -0.0308953
51.9454 -0.862559
52.0454 -1.42327
52.1454 -1.82772
52.2454 -2.17614
52.3454 -2.68608
52.4454 -3.39578
52.5454 -4.22319
52.6454 -5.12055
52.7454 -5.89039
52.8454 -6.45913
52.9454 -6.91927
53.0454 -7.51067
53.1454 -8.2868
53.2454 -9.04805
53.3454 -9.56303
53.4454 -9.6357
53.5454 -9.38972
53.6454 -9.02107
53.7454 -8.61663
53.8454 -8.2348
53.9454 -7.89433
54.0454 -7.47971
54.1454 -6.87709
54.2454 -6.0591
54.3454 -5.07727
54.4454 -3.93777
54.5454 -2.6266
54.6454 -1.21567
54.7454 0.261725
54.8454 1.72068
54.9454 3.12338
55.0454 4.48051
55.1454 5.82634
55.2454 7.05204
55.3454 7.97014
55.4454 8.5577
55.5454 8.82274
55.6454 8.81164
55.7454 8.61935
55.8454 8.49695
55.9454 8.46719
56.0454 8.33744
56.1454 7.97552
56.2454 7.33033
56.3454 6.54533
56.4454 5.7828
56.5454 5.12267
56.6454 4.66553
56.7454 4.61493
56.8454 4.99949
56.9454 5.83796
57.0454 6.92516
57.1454 7.90835
57.2454 8.191
57.3454 7.25617
57.4454 4.72558
57.5454 0.670237
57.6454 -4.42679
57.7454 -9.72352
57.8454 -14.168
57.9454 -16.7943
58.0454 -17.1289
58.1454 -15.1287
58.2454 -11.1629
58.3454 -6.19501
58.4454 -1.37355
58.5454 2.33817
58.6454 4.30906
58.7454 4.29284
58.8454 2.51272
58.9454 -0.524977
59.0454 -3.97969
59.1454 -7.08211
59.2454 -9.44645
59.3454 -11.0466
59.4454 -11.8767
59.5454 -11.9032
59.6454 -11.1497
59.7454 -9.74012
59.8454 -7.80492
59.9454 -5.53478
60.0454 -3.0768
60.1454 -0.630248
60.2454 1.62693
60.3454 3.49151
60.4454 4.9353
60.5454 5.95565
60.6454 6.69001
60.7454 7.337
60.8454 8.1368
60.9454 9.06778
61.0454 9.99722
61.1454 10.7038
61.2454 11.1182
61.3454 11.1763
61.4454 10.8528
61.5454 10.2406
61.6454 9.42391
61.7454 8.4981
61.8454 7.50188
61.9454 6.4335
62.0454 5.18666
62.1454 3.84405
62.2454 2.65986
62.3454 1.74612
62.4454 1.00628
62.5454 0.301362
62.6454 -0.497733
62.7454 -1.38648
62.8454 -2.24018
62.9454 -2.98631
63.0454 -3.66259
63.1454 -4.25539
63.2454 -4.73005
63.3454 -5.16811
63.4454 -5.70982
63.5454 -6.37427
63.6454 -7.14869
63.7454 -7.96303
63.8454 -8.64071
63.9454 -8.9138
64.0454 -8.52658
64.1454 -7.62058
64.2454 -6.49719
64.3454 -5.31884
64.4454 -4.13278
64.5454 -3.02821
64.6454 -2.13409
64.7454 -1.48306
64.8454 -0.962937
64.9454 -0.461797
65.0454 0.075641
65.1454 0.619952
65.2454 1.09201
65.3454 1.51904
65.4454 1.95485
65.5454 2.47497
65.6454 3.06151
65.7454 3.53007
65.8454 3.81725
65.9454 3.94978
66.0454 3.92593
66.1454 3.80412
66.2454 3.64535
66.3454 3.59258
66.4454 3.63381
66.5454 3.62915
66.6454 3.53303
66.7454 3.38234
66.8454 3.21588
66.9454 3.08496
67.0454 3.07365
67.1454 3.27451
67.2454 3.59823
67.3454 3.83027
67.4454 4.00286
67.5454 4.10958
67.6454 4.10221
67.7454 3.89656
67.8454 3.50171
67.9454 2.98062
68.0454 2.49813
68.1454 2.08913
68.2454 1.71895
68.3454 1.25273
68.4454 0.570166
68.5454 -0.19314
68.6454 -0.857111
68.7454 -1.49736
68.8454 -2.22488
68.9454 -3.12099
69.0454 -4.12852
69.1454 -4.99726
69.2454 -5.59565
69.3454 -5.96597
69.4454 -6.22071
69.5454 -6.3774
69.6454 -6.37553
69.7454 -6.08303
69.8454 -5.63217
69.9454 -5.2101
70.0454 -4.83589
70.1454 -4.40384
70.2454 -3.87179
70.3454 -3.23553
70.4454 -2.55439
70.5454 -1.78692
70.6454 -0.884491
70.7454 -0.0243133
70.8454 0.736768
70.9454 1.43843
71.0454 2.04243
71.1454 2.44151
71.2454 2.60018
71.3454 2.63513
71.4454 2.64709
71.5454 2.68486
71.6454 2.76416
71.7454 2.92039
71.8454 3.22269
71.9454 3.74409
72.0454 4.4472
72.1454 5.00555
72.2454 5.32793
72.3454 5.48976
72.4454 5.56655
72.5454 5.56072
72.6454 5.40508
72.7454 5.2144
72.8454 4.89251
72.9454 4.49955
73.0454 4.08997
73.1454 3.63522
73.2454 3.12217
73.3454 2.53423
73.4454 1.85471
73.5454 1.04862
73.6454 0.210654
73.7454 -0.697062
73.8454 -1.61682
73.9454 -2.48077
74.0454 -3.22442
74.1454 -3.71785
74.2454 -3.97586
74.3454 -4.09459
74.4454 -4.22652
74.5454 -4.41139
74.6454 -4.55445
74.7454 -4.68285
74.8454 -4.82069
74.9454 -5.01529
75.0454 -5.13517
75.1454 -4.95941
75.2454 -4.52713
75.3454 -3.92637
75.4454 -3.2996
75.5454 -2.64089
75.6454 -1.97661
75.7454 -1.18849
75.8454 -0.499343
75.9454 0.0720257
76.0454 0.591989
76.1454 1.00311
76.2454 1.47878
76.3454 2.07889
76.4454 2.64162
76.5454 3.02896
76.6454 3.25363
76.7454 3.38381
76.8454 3.38963
76.9454 3.27085
77.0454 2.97211
77.1454 2.56054
77.2454 2.17307
77.3454 1.85687
77.4454 1.6474
77.5454 1.58707
77.6454 1.77213
77.7454 1.90698
77.8454 1.96876
77.9454 1.95844
78.0454 1.9349
78.1454 1.97691
78.2454 1.98393
78.3454 1.95448
78.4454 1.81539
78.5454 1.76848
78.6454 1.55684
78.7454 1.30125
78.8454 1.02469
78.9454 0.628798
79.0454 0.235397
79.1454 -0.101331
79.2454 -0.41899
79.3454 -0.603179
79.4454 -0.702215
79.5454 -0.821163
79.6454 -0.963896
79.7454 -0.921031
79.8454 -1.04216
79.9454 -1.28262
80.0454 -1.57098
80.1454 -1.89757
80.2454 -2.29965
80.3454 -2.57713
80.4454 -2.66393
80.5454 -2.56545
80.6454 -2.43638
80.7454 -2.26954
80.8454 -2.09223
80.9454 -1.92899
81.0454 -1.69923
81.1454 -1.42058
81.2454 -0.998723
81.3454 -0.557855
81.4454 -0.10961
81.5454 0.320025
81.6454 0.61332
81.7454 0.816925
81.8454 0.95204
81.9454 0.980333
82.0454 0.922996
82.1454 0.893741
82.2454 0.862741
82.3454 0.814394
82.4454 0.905717
82.5454 1.09752
82.6454 1.26037
82.7454 1.52913
82.8454 1.7007
82.9454 1.84947
83.0454 1.89352
83.1454 1.85488
83.2454 1.79139
83.3454 1.63869
83.4454 1.53955
83.5454 1.3919
83.6454 1.14195
83.7454 1.07408
83.8454 0.937282
83.9454 0.785498
84.0454 0.690398
84.1454 0.540838
84.2454 0.316747
84.3454 0.144938
84.4454 -0.0626063
84.5454 -0.33421
84.6454 -0.639252
84.7454 -0.823122
84.8454 -0.885043
84.9454 -0.824644
85.0454 -0.731131
85.1454 -0.739234
85.2454 -0.699912
85.3454 -0.601643
85.4454 -0.483273
85.5454 -0.371775
85.6454 -0.431307
85.7454 -0.526901
85.8454 -0.615006
85.9454 -0.656494
86.0454 -0.735415
86.1454 -0.831838
86.2454 -0.864795
86.3454 -0.840315
86.4454 -0.700353
86.5454 -0.474505
86.6454 -0.308409
86.7454 -0.21605
86.8454 -0.134624
86.9454 -0.083766
87.0454 -0.0768316
87.1454 -0.145803
87.2454 -0.163273
87.3454 -0.162607
87.4454 -0.100461
87.5454 0.0308114
87.6454 0.170511
87.7454 0.329318
87.8454 0.440163
87.9454 0.530987
88.0454 0.594998
88.1454 0.727669
88.2454 0.712176
88.3454 0.735617
88.4454 0.75032
88.5454 0.708967
88.6454 0.74248
88.7454 0.869794
88.8454 0.990259
88.9454 1.03892
89.0454 1.04344
89.1454 0.940238
89.2454 0.7095
89.3454 0.452558
89.4454 0.218273
89.5454 -0.0430773
89.6454 -0.22031
89.7454 -0.310471
89.8454 -0.368687
89.9454 -0.322097
90.0454 -0.182788
90.1454 0.000665348
90.2454 0.0986892
90.3454 0.162899
90.4454 0.11773
90.5454 0.0577132
90.6454 -0.0981232
90.7454 -0.210996
90.8454 -0.278774
90.9454 -0.30165
91.0454 -0.348034
91.1454 -0.33078
91.2454 -0.296949
91.3454 -0.233072
91.4454 -0.192845
91.5454 -0.127614
91.6454 -0.043714
91.7454 -0.00779177
91.8454 0.00198453
91.9454 -0.0989447
92.0454 -0.123887
92.1454 -0.167417
92.2454 -0.285269
92.3454 -0.343695
92.4454 -0.260581
92.5454 -0.222747
92.6454 -0.116854
92.7454 -0.0419918
92.8454 0.125237
92.9454 0.224661
93.0454 0.293282
93.1454 0.393923
93.2454 0.409308
93.3454 0.334883
93.4454 0.234735
93.5454 0.11587
93.6454 0.000477598
93.7454 -0.0526016
93.8454 -0.0527416
93.9454 -0.00199976
94.0454 -0.0253281
94.1454 -0.0238667
94.2454 0.0857655
94.3454 0.224712
94.4454 0.280938
94.5454 0.339222
94.6454 0.458338
94.7454 0.516201
94.8454 0.561552
94.9454 0.554099
95.0454 0.506319
95.1454 0.417253
95.2454 0.355736
95.3454 0.263949
95.4454 0.180404
95.5454 0.119483
95.6454 0.0445534
