-4.50814 2.58791
-4.40814 1.63425
-4.30814 0.564438
-4.20814 -0.543966
-4.10814 -1.38145
-4.00814 -1.79435
-3.90814 -1.84875
-3.80814 -1.56734
-3.70814 -1.128
-3.60814 -0.664903
-3.50814 -0.130689
-3.40814 0.357305
-3.30814 0.882369
-3.20814 1.37346
-3.10814 1.82439
-3.00814 2.18992
-2.90814 2.17336
-2.80814 1.70059
-2.70814 0.614834
-2.60814 -1.03875
-2.50814 -3.02192
-2.40814 -4.66111
-2.30814 -5.68828
-2.20814 -6.01442
-2.10814 -5.37646
-2.00814 -3.95793
-1.90814 -2.06462
-1.80814 -0.149002
-1.70814 1.38863
-1.60814 2.32272
-1.50814 2.93627
-1.40814 3.39258
-1.30814 3.78351
-1.20814 4.18295
-1.10814 4.4887
-1.00814 4.70685
-0.908144 4.79573
-0.808144 4.40753
-0.708144 3.80579
-0.608144 2.71466
-0.508144 1.27907
-0.408144 -0.479881
-0.308144 -2.32367
-0.208144 -4.06754
-0.108144 -5.51884
-0.00814401 -6.20279
0.091856 -6.1877
0.191856 -5.48191
0.291856 -4.18257
0.391856 -2.53085
0.491856 -0.702837
0.591856 0.932625
0.691856 2.38066
0.791856 3.50831
0.891856 4.27489
0.991856 4.8602
1.09186 5.14497
1.19186 5.28975
1.29186 5.09323
1.39186 4.46316
1.49186 3.25337
1.59186 1.71438
1.69186 0.0328828
1.79186 -1.52073
1.89186 -2.79605
1.99186 -3.92165
2.09186 -4.6498
2.19186 -4.93386
2.29186 -4.85347
2.39186 -4.51821
2.49186 -3.99275
2.59186 -3.39046
2.69186 -2.70609
2.79186 -1.71677
2.89186 -0.495369
2.99186 0.73233
3.09186 1.77702
3.19186 2.61869
3.29186 3.06879
3.39186 3.07834
3.49186 2.51108
3.59186 1.77229
3.69186 1.17027
3.79186 0.882882
3.89186 1.10335
3.99186 1.62646
4.09186 2.45749
4.19186 3.30159
4.29186 3.96639
4.39186 4.33247
4.49186 4.34079
4.59186 3.93089
4.69186 3.00029
4.79186 1.63681
4.89186 -0.0474165
4.99186 -1.80797
5.09186 -3.57757
5.19186 -5.16191
5.29186 -6.06217
5.39186 -6.41052
5.49186 -6.13562
5.59186 -5.43825
5.69186 -4.36845
5.79186 -3.1666
5.89186 -1.92355
5.99186 -0.554003
6.09186 0.780349
6.19186 2.11206
6.29186 3.3141
6.39186 4.28521
6.49186 4.98482
6.59186 5.30981
6.69186 5.16205
6.79186 4.62318
6.89186 3.79776
6.99186 2.70138
7.09186 1.7761
7.19186 0.673372
7.29186 -0.349169
7.39186 -1.33725
7.49186 -2.21929
7.59186 -2.93438
7.69186 -3.54857
7.79186 -3.82357
7.89186 -3.8431
7.99186 -3.52177
8.09186 -2.843
8.19186 -1.77698
8.29186 -0.5598
8.39186 0.681977
8.49186 1.28299
8.59186 1.54893
8.69186 1.47121
8.79186 1.32793
8.89186 1.29906
8.99186 1.27329
9.09186 1.32012
9.19186 1.53147
9.29186 1.95379
9.39186 2.67524
9.49186 3.3029
9.59186 3.78096
9.69186 3.92941
9.79186 3.80824
9.89186 3.31766
9.99186 2.38185
10.0919 1.17401
10.1919 -0.148595
10.2919 -1.35909
10.3919 -2.50925
10.4919 -3.4347
10.5919 -3.87259
10.6919 -3.83012
10.7919 -3.26886
10.8919 -2.41634
10.9919 -1.63827
11.0919 -1.07978
11.1919 -0.75989
11.2919 -0.711689
11.3919 -0.740579
11.4919 -0.777139
11.5919 -0.837731
11.6919 -0.844139
11.7919 -0.723874
11.8919 -0.556661
11.9919 -0.376002
12.0919 -0.315518
12.1919 -0.324561
12.2919 -0.291264
12.3919 -0.0863134
12.4919 0.220651
12.5919 0.649107
12.6919 1.21276
12.7919 1.71853
12.8919 2.10977
12.9919 2.30892
13.0919 2.26078
13.1919 2.03139
13.2919 1.75716
13.3919 1.46059
13.4919 1.16264
13.5919 0.87638
13.6919 0.665121
13.7919 0.661179
13.8919 0.952762
13.9919 1.4368
14.0919 2.06646
14.1919 2.74139
14.2919 3.348
14.3919 3.6456
14.4919 3.65333
14.5919 3.24873
14.6919 2.35869
14.7919 1.12016
14.8919 -0.221908
14.9919 -1.45244
15.0919 -2.35619
15.1919 -2.98267
15.2919 -3.39836
15.3919 -3.56638
15.4919 -3.4622
15.5919 -3.1025
15.6919 -2.64642
15.7919 -2.1804
15.8919 -1.79531
15.9919 -1.53908
16.0919 -1.51766
16.1919 -1.76619
16.2919 -2.25589
16.3919 -2.73612
16.4919 -2.86735
16.5919 -2.37917
16.6919 -1.23802
16.7919 0.428318
16.8919 2.3458
16.9919 4.03808
17.0919 5.20221
17.1919 5.63815
17.2919 5.19913
17.3919 3.89919
17.4919 2.06879
17.5919 0.207166
17.6919 -1.16245
17.7919 -1.65141
17.8919 -1.24937
17.9919 -0.344292
18.0919 0.535232
18.1919 1.05831
18.2919 0.928697
18.3919 0.166837
18.4919 -1.00147
18.5919 -2.13866
18.6919 -2.86422
18.7919 -2.80381
18.8919 -1.7927
18.9919 0.125277
19.0919 2.60284
19.1919 4.97552
19.2919 6.68206
19.3919 7.62157
19.4919 7.7749
19.5919 7.02823
19.6919 5.51366
19.7919 3.58509
19.8919 1.48272
19.9919 -0.459398
20.0919 -2.0699
20.1919 -3.31441
20.2919 -4.1205
20.3919 -4.59029
20.4919 -4.69069
20.5919 -4.43929
20.6919 -3.96005
20.7919 -3.48823
20.8919 -3.23105
20.9919 -3.33526
21.0919 -3.67649
21.1919 -3.95351
21.2919 -4.0182
21.3919 -3.82108
21.4919 -3.34213
21.5919 -2.5384
21.6919 -1.35621
21.7919 0.150782
21.8919 1.77175
21.9919 3.22205
22.0919 4.31587
22.1919 4.97094
22.2919 5.20005
22.3919 5.06066
22.4919 4.57944
22.5919 3.82628
22.6919 3.01031
22.7919 2.34914
22.8919 2.01557
22.9919 1.87185
23.0919 1.78061
23.1919 1.56049
23.2919 1.03518
23.3919 0.370005
23.4919 -0.28868
23.5919 -0.962984
23.6919 -1.75127
23.7919 -2.6161
23.8919 -3.38403
23.9919 -3.81836
24.0919 -3.72691
24.1919 -3.18252
24.2919 -2.45242
24.3919 -1.5586
24.4919 -0.360612
24.5919 1.0177
24.6919 2.29698
24.7919 3.09188
24.8919 3.38438
24.9919 3.33837
25.0919 3.11198
25.1919 3.01948
25.2919 3.197
25.3919 3.63428
25.4919 4.12414
25.5919 4.36516
25.6919 4.14657
25.7919 3.28405
25.8919 1.77542
25.9919 -0.0232942
26.0919 -1.67613
26.1919 -2.85019
26.2919 -3.57717
26.3919 -4.25009
26.4919 -4.97774
26.5919 -5.91057
26.6919 -7.2854
26.7919 -9.26053
26.8919 -11.3965
26.9919 -12.8407
27.0919 -12.5751
27.1919 -10.0964
27.2919 -5.46359
27.3919 1.37766
27.4919 10.7203
27.5919 22.1656
27.6919 33.9947
27.7919 42.6786
27.8919 44.7864
27.9919 38.0934
28.0919 19.8873
28.1919 -12.1577
28.2919 -54.1863
28.3919 -93.9176
28.4919 -119.125
28.5919 -122.717
28.6919 -106.651
28.7919 -75.0684
28.8919 -31.0377
28.9919 20.642
29.0919 73.8644
29.1919 121.09
29.2919 154.355
29.3919 167.948
29.4919 158.3
29.5919 121.691
29.6919 62.5433
29.7919 -4.61123
29.8919 -63.6142
29.9919 -104.048
30.0919 -125.311
30.1919 -131.629
30.2919 -125.686
30.3919 -111.577
30.4919 -93.4902
30.5919 -73.588
30.6919 -52.2959
30.7919 -29.4566
30.8919 -5.21322
30.9919 19.9195
31.0919 44.7541
31.1919 67.0271
31.2919 84.0982
31.3919 93.5578
31.4919 94.6199
31.5919 89.0269
31.6919 79.7642
31.7919 68.9896
31.8919 57.2466
31.9919 44.1539
32.0919 29.1287
32.1919 11.3068
32.2919 -9.33233
32.3919 -30.6061
32.4919 -49.544
32.5919 -64.1224
32.6919 -73.862
32.7919 -79.2037
32.8919 -80.7576
32.9919 -79.0221
33.0919 -74.117
33.1919 -65.9304
33.2919 -54.5207
33.3919 -40.1808
33.4919 -23.6992
33.5919 -6.66718
33.6919 8.96321
33.7919 21.9883
33.8919 32.1828
33.9919 39.8193
34.0919 45.6886
34.1919 50.6886
34.2919 55.3127
34.3919 59.3784
34.4919 61.9921
34.5919 62.0497
34.6919 58.8928
34.7919 52.5608
34.8919 43.7989
34.9919 33.7136
35.0919 23.1981
35.1919 12.6384
35.2919 1.83472
35.3919 -9.23159
35.4919 -20.1104
35.5919 -29.9704
35.6919 -37.9853
35.7919 -43.7999
35.8919 -47.3991
35.9919 -49.2065
36.0919 -49.7978
36.1919 -49.6569
36.2919 -48.8065
36.3919 -46.7222
36.4919 -42.9907
36.5919 -37.6402
36.6919 -30.9683
36.7919 -23.5203
36.8919 -16.0008
36.9919 -8.78478
37.0919 -1.80614
37.1919 5.15203
37.2919 12.2984
37.3919 19.6022
37.4919 26.6615
37.5919 32.9001
37.6919 37.8294
37.7919 41.1968
37.8919 42.9515
37.9919 43.2171
38.0919 42.3975
38.1919 40.718
38.2919 38.0849
38.3919 34.2471
38.4919 29.2668
38.5919 23.1599
38.6919 16.3506
38.7919 9.54678
38.8919 3.16491
38.9919 -2.77485
39.0919 -8.24106
39.1919 -13.4256
39.2919 -18.4452
39.3919 -22.9423
39.4919 -26.5444
39.5919 -29.0451
39.6919 -30.3739
39.7919 -30.5075
39.8919 -29.6942
39.9919 -28.5064
40.0919 -27.3782
40.1919 -26.5174
40.2919 -25.9319
40.3919 -25.2966
40.4919 -24.0413
40.5919 -21.7
40.6919 -18.1738
40.7919 -13.632
40.8919 -8.18037
40.9919 -1.91986
41.0919 4.83665
41.1919 11.3352
41.2919 16.7639
41.3919 20.5375
41.4919 22.2945
41.5919 22.0472
41.6919 20.2696
41.7919 17.844
41.8919 15.7521
41.9919 14.828
42.0919 15.3868
42.1919 17.252
42.2919 19.612
42.3919 21.5301
42.4919 22.422
42.5919 22.2808
42.6919 21.3992
42.7919 20.0866
42.8919 18.547
42.9919 16.9207
43.0919 15.0187
43.1919 12.4038
43.2919 8.78874
43.3919 4.09168
43.4919 -1.34914
43.5919 -7.10395
43.6919 -12.9304
43.7919 -18.5551
43.8919 -23.7549
43.9919 -28.4382
44.0919 -32.5498
44.1919 -35.6137
44.2919 -37.0749
44.3919 -36.7904
44.4919 -34.826
44.5919 -31.3542
44.6919 -27.004
44.7919 -22.3695
44.8919 -17.8379
44.9919 -13.5021
45.0919 -9.36903
45.1919 -5.3774
45.2919 -1.52235
45.3919 2.14882
45.4919 5.58535
45.5919 8.67794
45.6919 11.3675
45.7919 13.6198
45.8919 15.4805
45.9919 17.0454
46.0919 18.4306
46.1919 19.691
46.2919 20.8003
46.3919 21.584
46.4919 21.9439
46.5919 21.9469
46.6919 21.5983
46.7919 20.7162
46.8919 19.2744
46.9919 17.3522
47.0919 14.9482
47.1919 12.3074
47.2919 9.5602
47.3919 6.83437
47.4919 4.32775
47.5919 2.10683
47.6919 0.229955
47.7919 -1.37281
47.8919 -2.951
47.9919 -4.56832
48.0919 -6.16476
48.1919 -7.64904
48.2919 -8.90593
48.3919 -9.76191
48.4919 -10.1852
48.5919 -10.3838
48.6919 -10.5557
48.7919 -10.9648
48.8919 -11.8597
48.9919 -13.2013
49.0919 -14.826
49.1919 -16.5142
49.2919 -17.9525
49.3919 -18.8203
49.4919 -19.04
49.5919 -18.5637
49.6919 -17.4516
49.7919 -15.7124
49.8919 -13.434
49.9919 -10.7974
50.0919 -7.93899
50.1919 -5.00247
50.2919 -2.05962
50.3919 0.795481
50.4919 3.53814
50.5919 6.21636
50.6919 8.92417
50.7919 11.5749
50.8919 13.9958
50.9919 16.1057
51.0919 17.8265
51.1919 18.8745
51.2919 19.0454
51.3919 18.3876
51.4919 17.1037
51.5919 15.5085
51.6919 13.9062
51.7919 12.6094
51.8919 11.7851
51.9919 11.2569
52.0919 10.7724
52.1919 10.0848
52.2919 9.13142
52.3919 7.90068
52.4919 6.5869
52.5919 5.46676
52.6919 4.68654
52.7919 4.11146
52.8919 3.40005
52.9919 2.28916
53.0919 0.67477
53.1919 -1.29874
53.2919 -3.53063
53.3919 -5.97565
53.4919 -8.59068
53.5919 -11.1001
53.6919 -13.2577
53.7919 -15.1797
53.8919 -17.0089
53.9919 -18.6805
54.0919 -20.0871
54.1919 -20.9492
54.2919 -20.8404
54.3919 -19.8256
54.4919 -18.1245
54.5919 -15.9495
54.6919 -13.4614
54.7919 -10.8197
54.8919 -8.35801
54.9919 -6.21109
55.0919 -4.31901
55.1919 -2.62814
55.2919 -0.978849
55.3919 0.718967
55.4919 2.50368
55.5919 4.38775
55.6919 6.30934
55.7919 8.23228
55.8919 10.0827
55.9919 11.7726
56.0919 13.174
56.1919 14.2742
56.2919 14.8909
56.3919 14.869
56.4919 14.4551
56.5919 13.9753
56.6919 13.5003
56.7919 13.0027
56.8919 12.3663
56.9919 11.5735
57.0919 10.6433
57.1919 9.42406
57.2919 7.87579
57.3919 6.16663
57.4919 4.52808
57.5919 3.14535
57.6919 2.14777
57.7919 1.59392
57.8919 1.34973
57.9919 1.13882
58.0919 0.764666
58.1919 0.152801
58.2919 -0.714756
58.3919 -1.75459
58.4919 -2.9523
58.5919 -4.33203
58.6919 -5.66771
58.7919 -6.89195
58.8919 -8.06454
58.9919 -9.03343
59.0919 -9.86691
59.1919 -10.675
59.2919 -11.4848
59.3919 -12.1018
59.4919 -12.5038
59.5919 -12.6029
59.6919 -12.3513
59.7919 -11.9031
59.8919 -11.4383
59.9919 -10.8777
60.0919 -10.0815
60.1919 -8.96853
60.2919 -7.61098
60.3919 -6.16165
60.4919 -4.63986
60.5919 -2.98722
60.6919 -1.08917
60.7919 0.963062
60.8919 3.06004
60.9919 5.11787
61.0919 6.92529
61.1919 8.31619
61.2919 9.31774
61.3919 10.1121
61.4919 10.6835
61.5919 10.9077
61.6919 10.7568
61.7919 10.3859
61.8919 9.82784
61.9919 9.12079
62.0919 8.37181
62.1919 7.75068
62.2919 7.51786
62.3919 7.85971
62.4919 8.86133
62.5919 10.2982
62.6919 11.8165
62.7919 12.842
62.8919 12.8848
62.9919 11.5123
63.0919 8.55574
63.1919 4.08573
63.2919 -1.35942
63.3919 -6.86727
63.4919 -11.2685
63.5919 -13.5599
63.6919 -13.5555
63.7919 -11.3245
63.8919 -7.36059
63.9919 -2.73633
64.0919 1.40314
64.1919 4.11718
64.2919 4.9349
64.3919 3.85693
64.4919 1.18181
64.5919 -2.40545
64.6919 -6.15536
64.7919 -9.52986
64.8919 -12.2607
64.9919 -14.2794
65.0919 -15.6745
65.1919 -16.5544
65.2919 -16.9129
65.3919 -16.6398
65.4919 -15.6527
65.5919 -13.8418
65.6919 -11.1568
65.7919 -7.8882
65.8919 -4.51613
65.9919 -1.39542
66.0919 1.28746
66.1919 3.70256
66.2919 5.81334
66.3919 7.49839
66.4919 8.86455
66.5919 9.90386
66.6919 10.6585
66.7919 11.128
66.8919 11.4082
66.9919 11.5524
67.0919 11.6318
67.1919 11.6327
67.2919 11.6287
67.3919 11.5622
67.4919 11.1388
67.5919 10.1301
67.6919 8.60258
67.7919 6.86426
67.8919 5.20143
67.9919 3.67594
68.0919 2.33403
68.1919 1.27063
68.2919 0.608223
68.3919 0.371813
68.4919 0.367484
68.5919 0.377871
68.6919 0.335316
68.7919 0.198511
68.8919 -0.0314442
68.9919 -0.494607
69.0919 -1.09191
69.1919 -1.85567
69.2919 -2.82962
69.3919 -3.96627
69.4919 -5.06238
69.5919 -5.98899
69.6919 -6.67474
69.7919 -7.06524
69.8919 -7.17402
69.9919 -7.12337
70.0919 -7.08437
70.1919 -6.86244
70.2919 -6.45172
70.3919 -6.02441
70.4919 -5.6787
70.5919 -5.42592
70.6919 -5.12166
70.7919 -4.63689
70.8919 -4.0041
70.9919 -3.23932
71.0919 -2.41571
71.1919 -1.50572
71.2919 -0.629066
71.3919 0.0787674
71.4919 0.558245
71.5919 0.735315
71.6919 0.764557
71.7919 0.82593
71.8919 1.13868
71.9919 1.70345
72.0919 2.3791
72.1919 3.01096
72.2919 3.64526
72.3919 4.17697
72.4919 4.59381
72.5919 4.81895
72.6919 4.86013
72.7919 4.82553
72.8919 4.80046
72.9919 4.87024
73.0919 5.06743
73.1919 5.41691
73.2919 5.90045
73.3919 6.51461
73.4919 7.0811
73.5919 7.41888
73.6919 7.42996
73.7919 7.03157
73.8919 6.31469
73.9919 5.30684
74.0919 3.9864
74.1919 2.5805
74.2919 1.34772
74.3919 0.306545
74.4919 -0.47996
74.5919 -1.01264
74.6919 -1.49995
74.7919 -2.04582
74.8919 -2.66364
74.9919 -3.24202
75.0919 -3.78643
75.1919 -4.28419
75.2919 -4.86459
75.3919 -5.58956
75.4919 -6.353
75.5919 -7.24327
75.6919 -8.25143
75.7919 -9.08757
75.8919 -9.4626
75.9919 -9.29828
76.0919 -8.63051
76.1919 -7.5655
76.2919 -6.32555
76.3919 -5.12354
76.4919 -3.94904
76.5919 -2.65654
76.6919 -1.31878
76.7919 -0.112159
76.8919 0.934918
76.9919 1.8213
77.0919 2.50639
77.1919 3.11055
77.2919 3.57991
77.3919 3.9364
77.4919 4.16781
77.5919 4.38555
77.6919 4.51767
77.7919 4.70922
77.8919 4.8596
77.9919 4.91954
78.0919 4.8863
78.1919 4.7699
78.2919 4.57096
78.3919 4.51487
78.4919 4.58536
78.5919 4.68539
78.6919 4.72716
78.7919 4.62671
78.8919 4.49159
78.9919 4.18382
79.0919 3.72955
79.1919 3.11877
79.2919 2.48479
79.3919 2.00634
79.4919 1.61859
79.5919 1.2437
79.6919 0.905717
79.7919 0.629279
79.8919 0.448985
79.9919 0.231077
80.0919 -0.179373
80.1919 -0.84041
80.2919 -1.72427
80.3919 -2.75531
80.4919 -3.77718
80.5919 -4.84891
80.6919 -5.60628
80.7919 -5.99433
80.8919 -5.95776
80.9919 -5.58779
81.0919 -5.18073
81.1919 -4.6059
81.2919 -4.03545
81.3919 -3.51391
81.4919 -2.95471
81.5919 -2.44741
81.6919 -1.83828
81.7919 -1.26437
81.8919 -0.610863
81.9919 0.128601
82.0919 0.675024
82.1919 1.02316
82.2919 1.29225
82.3919 1.36937
82.4919 1.3877
82.5919 1.35252
82.6919 1.27149
82.7919 1.07373
82.8919 0.8421
82.9919 0.751937
83.0919 0.846705
83.1919 1.06136
83.2919 1.27464
83.3919 1.65825
83.4919 2.0703
83.5919 2.37358
83.6919 2.50206
83.7919 2.55075
83.8919 2.649
83.9919 2.65194
84.0919 2.61404
84.1919 2.35159
84.2919 1.99499
84.3919 1.51431
84.4919 1.08186
84.5919 0.913814
84.6919 0.749505
84.7919 0.748717
84.8919 0.766705
84.9919 0.801679
85.0919 0.982617
85.1919 1.05006
85.2919 0.972364
85.3919 0.817351
85.4919 0.60697
85.5919 0.456772
85.6919 0.237429
85.7919 -0.0892537
85.8919 -0.387819
85.9919 -0.80742
86.0919 -1.32123
86.1919 -1.82012
86.2919 -2.40379
86.3919 -2.75364
86.4919 -2.87596
86.5919 -2.71434
86.6919 -2.26042
86.7919 -1.69281
86.8919 -1.18586
86.9919 -0.81599
87.0919 -0.661127
87.1919 -0.420098
87.2919 -0.173619
87.3919 0.12778
87.4919 0.403457
87.5919 0.642114
87.6919 0.749291
87.7919 0.758145
87.8919 0.614135
87.9919 0.583141
88.0919 0.544299
88.1919 0.427328
88.2919 0.369452
88.3919 0.425294
88.4919 0.454496
88.5919 0.427855
88.6919 0.401908
88.7919 0.16788
88.8919 -0.103199
88.9919 -0.383621
89.0919 -0.457411
89.1919 -0.435504
89.2919 -0.35624
89.3919 -0.186643
89.4919 0.0619596
89.5919 0.323281
89.6919 0.558838
89.7919 0.65535
89.8919 0.792983
89.9919 0.93845
90.0919 1.0947
90.1919 1.30736
90.2919 1.46822
90.3919 1.59151
90.4919 1.6565
90.5919 1.70284
90.6919 1.67884
90.7919 1.57872
90.8919 1.37686
90.9919 0.991958
91.0919 0.507087
91.1919 0.0674011
91.2919 -0.253882
91.3919 -0.42701
91.4919 -0.507136
91.5919 -0.584205
91.6919 -0.495091
91.7919 -0.345537
91.8919 -0.310169
91.9919 -0.389709
92.0919 -0.664416
92.1919 -0.972912
92.2919 -1.22588
92.3919 -1.35945
92.4919 -1.27122
92.5919 -1.00492
92.6919 -0.614306
92.7919 -0.192112
92.8919 0.162731
92.9919 0.440098
93.0919 0.672834
93.1919 0.669721
93.2919 0.537079
93.3919 0.32985
93.4919 0.0808528
93.5919 -0.101592
93.6919 -0.165841
93.7919 -0.170894
93.8919 -0.153327
93.9919 -0.164195
94.0919 -0.226469
94.1919 -0.274858
94.2919 -0.375402
94.3919 -0.345112
94.4919 -0.538378
94.5919 -0.755181
94.6919 -0.893584
94.7919 -0.817623
94.8919 -0.579369
94.9919 -0.27531
95.0919 0.0443988
95.1919 0.348209
95.2919 0.545829
95.3919 0.699811
95.4919 0.703082
95.5919 0.70598
95.6919 0.648863
95.7919 0.643236
95.8919 0.725326
95.9919 0.62799
96.0919 0.660642
96.1919 0.700921
96.2919 0.655399
96.3919 0.513902
96.4919 0.349767
96.5919 0.248929
96.6919 0.100102
96.7919 0.0326983
96.8919 -0.0661715
96.9919 -0.0536694
97.0919 -0.0506332
97.1919 0.0389192
97.2919 0.213523
97.3919 0.357121
97.4919 0.326319
97.5919 0.228427
97.6919 0.281074
97.7919 0.142864
