-7.80129 2.65806
-7.70129 2.69441
-7.60129 2.51491
-7.50129 1.98636
-7.40129 1.447
-7.30129 0.922042
-7.20129 0.393918
-7.10129 -0.194301
-7.00129 -0.9583
-6.90129 -1.76375
-6.80129 -2.451
-6.70129 -2.96718
-6.60129 -3.23108
-6.50129 -3.23759
-6.40129 -2.96028
-6.30129 -2.46269
-6.20129 -1.83651
-6.10129 -1.15643
-6.00129 -0.440543
-5.90129 0.186502
-5.80129 0.954716
-5.70129 1.78438
-5.60129 2.35653
-5.50129 2.78608
-5.40129 2.9143
-5.30129 2.82523
-5.20129 2.35469
-5.10129 1.75399
-5.00129 1.24069
-4.90129 0.711455
-4.80129 0.1636
-4.70129 -0.359774
-4.60129 -0.72179
-4.50129 -0.893109
-4.40129 -0.94031
-4.30129 -1.0269
-4.20129 -1.18122
-4.10129 -1.19327
-4.00129 -1.00601
-3.90129 -0.589818
-3.80129 -0.0635323
-3.70129 0.415249
-3.60129 0.668885
-3.50129 0.8251
-3.40129 0.962121
-3.30129 0.932381
-3.20129 0.714396
-3.10129 0.484052
-3.00129 0.434434
-2.90129 0.601822
-2.80129 0.854931
-2.70129 1.15038
-2.60129 1.53972
-2.50129 2.04548
-2.40129 2.51773
-2.30129 2.61107
-2.20129 2.283
-2.10129 1.61804
-2.00129 0.822069
-1.90129 -0.0664383
-1.80129 -0.979969
-1.70129 -1.77195
-1.60129 -2.27083
-1.50129 -2.33713
-1.40129 -2.0269
-1.30129 -1.52683
-1.20129 -0.888591
-1.10129 -0.367742
-1.00129 0.0119735
-0.90129 0.161531
-0.80129 0.143316
-0.70129 0.0550017
-0.60129 -0.0838068
-0.50129 -0.0511557
-0.40129 0.0337595
-0.30129 0.0017372
-0.20129 -0.11108
-0.10129 -0.203538
-0.00129 -0.261687
0.09871 -0.25291
0.19871 -0.075104
0.29871 0.21104
0.39871 0.534622
0.49871 0.860785
0.59871 1.13791
0.69871 1.37348
0.79871 1.4495
0.89871 1.43523
0.99871 1.36541
1.09871 1.22658
1.19871 1.00386
1.29871 0.751626
1.39871 0.586743
1.49871 0.490796
1.59871 0.392573
1.69871 0.266861
1.79871 0.110727
1.89871 0.0211359
1.99871 0.140692
2.09871 0.590979
2.19871 1.20089
2.29871 1.75907
2.39871 2.11877
2.49871 2.16609
2.59871 1.94686
2.69871 1.49272
2.79871 0.806923
2.89871 -0.0624003
2.99871 -0.873193
3.09871 -1.5255
3.19871 -2.0719
3.29871 -2.36069
3.39871 -2.38574
3.49871 -2.20222
3.59871 -1.85444
3.69871 -1.37429
3.79871 -0.962012
3.89871 -0.80277
3.99871 -0.797297
4.09871 -0.833667
4.19871 -0.90415
4.29871 -0.960412
4.39871 -0.840987
4.49871 -0.489512
4.59871 0.103706
4.69871 0.866409
4.79871 1.66865
4.89871 2.36444
4.99871 2.83737
5.09871 2.99188
5.19871 2.88793
5.29871 2.6691
5.39871 2.20686
5.49871 1.51723
5.59871 0.860944
5.69871 0.352862
5.79871 -0.00999852
5.89871 -0.308339
5.99871 -0.484315
6.09871 -0.614702
6.19871 -0.746162
6.29871 -0.791236
6.39871 -0.812954
6.49871 -0.765037
6.59871 -0.564335
6.69871 -0.249961
6.79871 0.190119
6.89871 0.5976
6.99871 1.01986
7.09871 1.41956
7.19871 1.69604
7.29871 1.85501
7.39871 1.92679
7.49871 1.91514
7.59871 1.70448
7.69871 1.30721
7.79871 0.783654
7.89871 0.249951
7.99871 -0.241824
8.09871 -0.597981
8.19871 -0.80398
8.29871 -0.830332
8.39871 -0.835159
8.49871 -0.876206
8.59871 -0.944075
8.69871 -1.01548
8.79871 -1.14475
8.89871 -1.381
8.99871 -1.71403
9.09871 -2.04679
9.19871 -2.19671
9.29871 -2.18743
9.39871 -1.97008
9.49871 -1.56029
9.59871 -0.940779
9.69871 -0.186487
9.79871 0.583987
9.89871 1.2484
9.99871 1.77602
10.0987 2.25133
10.1987 2.74219
10.2987 3.15903
10.3987 3.43449
10.4987 3.57965
10.5987 3.60158
10.6987 3.43583
10.7987 3.15418
10.8987 2.72929
10.9987 2.26786
11.0987 1.74562
11.1987 1.12965
11.2987 0.421122
11.3987 -0.45111
11.4987 -1.46238
11.5987 -2.5642
11.6987 -3.54894
11.7987 -4.15039
11.8987 -4.2936
11.9987 -4.04675
12.0987 -3.44041
12.1987 -2.55969
12.2987 -1.48881
12.3987 -0.294628
12.4987 0.809963
12.5987 1.62782
12.6987 1.99059
12.7987 2.05668
12.8987 2.14589
12.9987 2.32753
13.0987 2.45247
13.1987 2.46871
13.2987 2.45407
13.3987 2.40657
13.4987 2.26778
13.5987 2.09591
13.6987 1.82858
13.7987 1.45057
13.8987 1.04483
13.9987 0.6291
14.0987 0.202579
14.1987 -0.356938
14.2987 -1.1531
14.3987 -2.1857
14.4987 -3.41563
14.5987 -4.89691
14.6987 -6.58816
14.7987 -8.28783
14.8987 -9.48426
14.9987 -9.38367
15.0987 -7.43795
15.1987 -3.53716
15.2987 2.51741
15.3987 10.9479
15.4987 21.3485
15.5987 31.7583
15.6987 38.8683
15.7987 39.536
15.8987 31.4886
15.9987 12.0236
16.0987 -19.95
16.1987 -59.4379
16.2987 -95.1991
16.3987 -116.026
16.4987 -116.381
16.5987 -98.363
16.6987 -65.9163
16.7987 -22.5435
16.8987 27.5257
16.9987 79.5451
17.0987 125.922
17.1987 158.099
17.2987 170.441
17.3987 157.753
17.4987 113.884
17.5987 46.5586
17.6987 -26.3271
17.7987 -87.8989
17.8987 -128.998
17.9987 -147.533
18.0987 -146.455
18.1987 -131.246
18.2987 -108.082
18.3987 -82.3577
18.4987 -56.564
18.5987 -31.053
18.6987 -5.79864
18.7987 19.0543
18.8987 42.9129
18.9987 64.3525
19.0987 81.1751
19.1987 91.096
19.2987 93.1944
19.3987 88.7543
19.4987 80.3023
19.5987 70.1385
19.6987 59.2277
19.7987 47.2612
19.8987 33.5311
19.9987 17.1319
20.0987 -2.72154
20.1987 -25.7208
20.2987 -49.0467
20.3987 -68.3429
20.4987 -80.8282
20.5987 -86.0263
20.6987 -84.6188
20.7987 -78.2637
20.8987 -68.8401
20.9987 -57.6636
21.0987 -45.3628
21.1987 -32.2083
21.2987 -18.409
21.3987 -4.54399
21.4987 8.47443
21.5987 19.728
21.6987 28.6848
21.7987 35.3585
21.8987 40.1956
21.9987 44.0881
22.0987 47.7452
22.1987 51.2304
22.2987 53.868
22.3987 54.6391
22.4987 52.7299
22.5987 47.7557
22.6987 40.0908
22.7987 30.9704
22.8987 21.4665
22.9987 12.0832
23.0987 2.74444
23.1987 -6.71585
23.2987 -16.2919
23.3987 -25.6261
23.4987 -33.5881
23.5987 -39.2114
23.6987 -42.2446
23.7987 -43.1879
23.8987 -42.9338
23.9987 -42.2223
24.0987 -41.3732
24.1987 -40.1455
24.2987 -38.0433
24.3987 -34.5957
24.4987 -29.6062
24.5987 -23.3922
24.6987 -16.6345
24.7987 -9.90119
24.8987 -3.4275
24.9987 2.93198
25.0987 9.48044
25.1987 16.3418
25.2987 23.1765
25.3987 29.4459
25.4987 34.5681
25.5987 37.9548
25.6987 39.3645
25.7987 39.1348
25.8987 37.908
25.9987 36.1583
26.0987 33.9299
26.1987 31.1758
26.2987 27.5614
26.3987 22.8973
26.4987 17.3098
26.5987 11.3602
26.6987 5.53764
26.7987 0.144467
26.8987 -4.86577
26.9987 -9.78392
27.0987 -14.9384
27.1987 -20.2382
27.2987 -25.2089
27.3987 -29.1794
27.4987 -31.6982
27.5987 -32.4931
27.6987 -31.7497
27.7987 -30.166
27.8987 -28.3808
27.9987 -26.822
28.0987 -25.445
28.1987 -23.9293
28.2987 -21.9867
28.3987 -19.3455
28.4987 -15.849
28.5987 -11.6024
28.6987 -6.7915
28.7987 -1.47385
28.8987 4.26075
28.9987 10.1735
29.0987 15.845
29.1987 20.6535
29.2987 24.0051
29.3987 25.5095
29.4987 25.0206
29.5987 22.8222
29.6987 19.7964
29.7987 17.0154
29.8987 15.2451
29.9987 14.7425
30.0987 15.1194
30.1987 15.8607
30.2987 16.5676
30.3987 16.9304
30.4987 16.7959
30.5987 16.1191
30.6987 15.0093
30.7987 13.5494
30.8987 11.6015
30.9987 8.97338
31.0987 5.53758
31.1987 1.46295
31.2987 -3.15726
31.3987 -8.12346
31.4987 -13.0055
31.5987 -17.4872
31.6987 -21.3606
31.7987 -24.7141
31.8987 -27.4929
31.9987 -29.6153
32.0987 -30.84
32.1987 -30.929
32.2987 -29.9632
32.3987 -28.0686
32.4987 -25.2692
32.5987 -21.7671
32.6987 -17.7923
32.7987 -13.5474
32.8987 -9.22129
32.9987 -4.96401
33.0987 -0.809567
33.1987 3.18684
33.2987 6.77639
33.3987 9.8037
33.4987 12.2576
33.5987 14.1891
33.6987 15.6951
33.7987 16.8297
33.8987 17.7549
33.9987 18.5612
34.0987 19.3649
34.1987 20.1634
34.2987 20.9587
34.3987 21.5806
34.4987 21.7242
34.5987 21.2757
34.6987 20.1413
34.7987 18.1569
34.8987 15.408
34.9987 12.0919
35.0987 8.42986
35.1987 4.73433
35.2987 1.40154
35.3987 -1.3264
35.4987 -3.54423
35.5987 -5.43115
35.6987 -7.06883
35.7987 -8.63136
35.8987 -10.0984
35.9987 -11.3992
36.0987 -12.4058
36.1987 -12.9706
36.2987 -13.1265
36.3987 -12.9269
36.4987 -12.4653
36.5987 -11.9363
36.6987 -11.536
36.7987 -11.4308
36.8987 -11.5591
36.9987 -11.8407
37.0987 -12.1268
37.1987 -12.3326
37.2987 -12.313
37.3987 -11.9591
37.4987 -11.1563
37.5987 -9.877
37.6987 -8.14573
37.7987 -6.04983
37.8987 -3.71681
37.9987 -1.32669
38.0987 0.987005
38.1987 3.13333
38.2987 5.04199
38.3987 6.60577
38.4987 7.86201
38.5987 9.04497
38.6987 10.4232
38.7987 12.096
38.8987 13.886
38.9987 15.4713
39.0987 16.5265
39.1987 16.7986
39.2987 16.3339
39.3987 15.3319
39.4987 14.0346
39.5987 12.6776
39.6987 11.365
39.7987 10.1851
39.8987 9.15287
39.9987 8.19766
40.0987 7.16767
40.1987 5.8867
40.2987 4.26762
40.3987 2.44891
40.4987 0.790981
40.5987 -0.564638
40.6987 -1.74459
40.7987 -2.86714
40.8987 -4.07679
40.9987 -5.41913
41.0987 -6.76729
41.1987 -8.12194
41.2987 -9.6115
41.3987 -11.2026
41.4987 -12.6926
41.5987 -13.7717
41.6987 -14.45
41.7987 -14.8703
41.8987 -15.0627
41.9987 -14.9786
42.0987 -14.4901
42.1987 -13.5214
42.2987 -12.1149
42.3987 -10.4206
42.4987 -8.48888
42.5987 -6.50308
42.6987 -4.58347
42.7987 -2.75069
42.8987 -1.17977
42.9987 0.206881
43.0987 1.52868
43.1987 2.89496
43.2987 4.28905
43.3987 5.61088
43.4987 6.82558
43.5987 7.98881
43.6987 9.10357
43.7987 10.1181
43.8987 10.8962
43.9987 11.4252
44.0987 11.6762
44.1987 11.6179
44.2987 11.3502
44.3987 10.9537
44.4987 10.5671
44.5987 10.2493
44.6987 9.80289
44.7987 9.18756
44.8987 8.35991
44.9987 7.38944
45.0987 6.40947
45.1987 5.48183
45.2987 4.5018
45.3987 3.36353
45.4987 2.27265
45.5987 1.39913
45.6987 0.661273
45.7987 -0.0542352
45.8987 -0.821358
45.9987 -1.68892
46.0987 -2.49769
46.1987 -3.24627
46.2987 -4.03987
46.3987 -5.04418
46.4987 -6.24741
46.5987 -7.42792
46.6987 -8.41544
46.7987 -9.19699
46.8987 -9.81597
46.9987 -10.1652
47.0987 -10.2951
47.1987 -10.3292
47.2987 -10.2326
47.3987 -10.0532
47.4987 -9.82863
47.5987 -9.55245
47.6987 -9.07912
47.7987 -8.4281
47.8987 -7.70197
47.9987 -6.78211
48.0987 -5.65769
48.1987 -4.35816
48.2987 -2.89889
48.3987 -1.32105
48.4987 0.287219
48.5987 1.9681
48.6987 3.74119
48.7987 5.48512
48.8987 7.21739
48.9987 8.75588
49.0987 9.98402
49.1987 10.8316
49.2987 11.3917
49.3987 11.6873
49.4987 11.7147
49.5987 11.4377
49.6987 10.7426
49.7987 9.63566
49.8987 8.31176
49.9987 7.01838
50.0987 6.06713
50.1987 5.71978
50.2987 6.05546
50.3987 6.99293
50.4987 8.26968
50.5987 9.51433
50.6987 10.2497
50.7987 9.9983
50.8987 8.30816
50.9987 4.89905
51.0987 -0.102079
51.1987 -6.01528
51.2987 -11.5849
51.3987 -15.5018
51.4987 -17.2191
51.5987 -16.5375
51.6987 -13.6585
51.7987 -9.22365
51.8987 -4.31223
51.9987 -0.0440521
52.0987 2.81312
52.1987 3.92982
52.2987 3.18854
52.3987 0.871217
52.4987 -2.323
52.5987 -5.78571
52.6987 -8.99087
52.7987 -11.5543
52.8987 -13.3067
52.9987 -14.2046
53.0987 -14.2213
53.1987 -13.3585
53.2987 -11.7591
53.3987 -9.64222
53.4987 -7.21495
53.5987 -4.66751
53.6987 -2.07091
53.7987 0.326199
53.8987 2.31917
53.9987 4.01119
54.0987 5.51022
54.1987 6.90427
54.2987 8.3167
54.3987 9.7034
54.4987 10.9323
54.5987 11.9286
54.6987 12.55
54.7987 12.6983
54.8987 12.4574
54.9987 11.8638
55.0987 11.0065
55.1987 10.0025
55.2987 8.91892
55.3987 7.83386
55.4987 6.82191
55.5987 5.91603
55.6987 5.01304
55.7987 4.09453
55.8987 3.14952
55.9987 2.13884
56.0987 1.00829
56.1987 -0.169986
56.2987 -1.39217
56.3987 -2.5146
56.4987 -3.36228
56.5987 -3.82863
56.6987 -3.92452
56.7987 -3.8655
56.8987 -3.86677
56.9987 -3.94952
57.0987 -4.18175
57.1987 -4.70144
57.2987 -5.48164
57.3987 -6.3089
57.4987 -6.96001
57.5987 -7.28578
57.6987 -7.23142
57.7987 -6.95124
57.8987 -6.7221
57.9987 -6.56673
58.0987 -6.40592
58.1987 -6.11316
58.2987 -5.67146
58.3987 -5.07809
58.4987 -4.31125
58.5987 -3.39582
58.6987 -2.3728
58.7987 -1.29155
58.8987 -0.190654
58.9987 0.877909
59.0987 1.89403
59.1987 2.8074
59.2987 3.49135
59.3987 3.83534
59.4987 3.87419
59.5987 3.76586
59.6987 3.62195
59.7987 3.48992
59.8987 3.46726
59.9987 3.67765
60.0987 4.13421
60.1987 4.62796
60.2987 5.12101
60.3987 5.62045
60.4987 6.00947
60.5987 6.26723
60.6987 6.22481
60.7987 5.90104
60.8987 5.47731
60.9987 5.05853
61.0987 4.66864
61.1987 4.32301
61.2987 4.0405
61.3987 3.85286
61.4987 3.82843
61.5987 3.74814
61.6987 3.47369
61.7987 2.93931
61.8987 2.0925
61.9987 1.0007
62.0987 -0.209805
62.1987 -1.39259
62.2987 -2.39074
62.3987 -3.21165
62.4987 -3.86649
62.5987 -4.41076
62.6987 -4.91936
62.7987 -5.27411
62.8987 -5.49925
62.9987 -5.68807
63.0987 -5.8336
63.1987 -5.95643
63.2987 -6.13588
63.3987 -6.35366
63.4987 -6.59605
63.5987 -6.76526
63.6987 -6.72255
63.7987 -6.41787
63.8987 -5.82741
63.9987 -4.9418
64.0987 -3.91595
64.1987 -2.8406
64.2987 -1.66382
64.3987 -0.469642
64.4987 0.63394
64.5987 1.56034
64.6987 2.22539
64.7987 2.70397
64.8987 3.16261
64.9987 3.56206
65.0987 3.83573
65.1987 3.90338
65.2987 3.85191
65.3987 3.85198
65.4987 4.11242
65.5987 4.59765
65.6987 5.14191
65.7987 5.73877
65.8987 6.30386
65.9987 6.72643
66.0987 6.94677
66.1987 7.16796
66.2987 7.25329
66.3987 6.77923
66.4987 6.00234
66.5987 5.07103
66.6987 3.96302
66.7987 2.91323
66.8987 1.86876
66.9987 0.739141
67.0987 -0.2157
67.1987 -0.902009
67.2987 -1.41145
67.3987 -1.7029
67.4987 -1.99322
67.5987 -2.2375
67.6987 -2.4457
67.7987 -2.43353
67.8987 -2.5515
67.9987 -2.96418
68.0987 -3.61148
68.1987 -4.39965
68.2987 -5.10748
68.3987 -5.67913
68.4987 -6.19413
68.5987 -6.39515
68.6987 -6.22008
68.7987 -5.61582
68.8987 -4.68769
68.9987 -3.54468
69.0987 -2.56463
69.1987 -1.71462
69.2987 -1.02853
69.3987 -0.531787
69.4987 -0.102369
69.5987 0.157136
69.6987 0.280582
69.7987 0.432212
69.8987 0.725273
69.9987 1.1479
70.0987 1.57273
70.1987 2.01774
70.2987 2.34424
70.3987 2.52193
70.4987 2.74829
70.5987 2.73593
70.6987 2.52442
70.7987 2.1505
70.8987 1.83732
70.9987 1.69739
71.0987 1.7337
71.1987 1.86711
71.2987 2.04971
71.3987 2.40951
71.4987 2.87823
71.5987 3.35767
71.6987 3.69148
71.7987 3.72007
71.8987 3.58576
71.9987 3.30944
72.0987 2.81251
72.1987 2.15695
72.2987 1.43677
72.3987 0.720093
72.4987 0.0621134
72.5987 -0.419013
72.6987 -0.739203
72.7987 -0.977717
72.8987 -1.17242
72.9987 -1.20573
73.0987 -1.16877
73.1987 -1.06695
73.2987 -0.987028
73.3987 -1.01625
73.4987 -1.11359
73.5987 -1.30822
73.6987 -1.51292
73.7987 -1.73173
73.8987 -1.97244
73.9987 -2.24616
74.0987 -2.3977
74.1987 -2.53691
74.2987 -2.67771
74.3987 -2.72898
74.4987 -2.72992
74.5987 -2.51892
74.6987 -2.11537
74.7987 -1.74741
74.8987 -1.38082
74.9987 -0.975345
75.0987 -0.535847
75.1987 0.0176227
75.2987 0.578557
75.3987 1.06421
75.4987 1.47876
75.5987 1.70022
75.6987 1.83338
75.7987 1.82886
75.8987 1.81894
75.9987 1.6639
76.0987 1.60308
76.1987 1.59599
76.2987 1.62635
76.3987 1.52321
76.4987 1.29154
76.5987 1.05093
76.6987 0.95196
76.7987 0.935519
76.8987 1.00223
76.9987 1.05707
77.0987 1.07231
77.1987 1.10177
77.2987 1.13955
77.3987 1.13548
77.4987 0.995944
77.5987 0.92081
77.6987 0.851698
77.7987 0.803196
77.8987 0.769917
77.9987 0.646474
78.0987 0.411039
78.1987 0.212405
78.2987 -0.00729649
78.3987 -0.141764
78.4987 -0.210478
78.5987 -0.1874
78.6987 -0.240027
78.7987 -0.126023
78.8987 -0.0890043
78.9987 -0.128588
79.0987 -0.287175
79.1987 -0.385478
79.2987 -0.433223
79.3987 -0.561323
79.4987 -0.816193
79.5987 -1.07334
79.6987 -1.38546
79.7987 -1.57359
79.8987 -1.65596
79.9987 -1.602
80.0987 -1.42184
80.1987 -1.15668
80.2987 -0.827437
80.3987 -0.544387
80.4987 -0.341186
80.5987 -0.236502
80.6987 -0.229791
80.7987 -0.209655
80.8987 -0.14189
80.9987 -0.0922231
81.0987 -0.000897511
81.1987 0.159372
81.2987 0.516139
81.3987 0.817396
81.4987 0.954365
81.5987 0.972282
81.6987 1.03206
81.7987 1.06824
81.8987 1.09469
81.9987 1.04476
82.0987 0.940318
82.1987 0.791838
82.2987 0.824127
82.3987 0.886884
82.4987 1.02425
82.5987 1.02809
82.6987 0.908359
82.7987 0.683186
82.8987 0.484643
82.9987 0.162727
83.0987 -0.11709
83.1987 -0.303423
83.2987 -0.389059
83.3987 -0.434767
83.4987 -0.462306
83.5987 -0.426221
83.6987 -0.297054
83.7987 -0.128822
83.8987 0.0576099
83.9987 0.197243
84.0987 0.377823
84.1987 0.417414
84.2987 0.494421
84.3987 0.555659
84.4987 0.442815
84.5987 0.35733
84.6987 0.381757
84.7987 0.295015
84.8987 0.0392567
84.9987 -0.271409
85.0987 -0.447774
85.1987 -0.554028
85.2987 -0.612916
85.3987 -0.597332
85.4987 -0.559656
85.5987 -0.512852
85.6987 -0.455276
85.7987 -0.320772
85.8987 -0.186785
85.9987 -0.0904694
86.0987 0.0144241
86.1987 0.115687
86.2987 0.213803
86.3987 0.234801
86.4987 0.159478
86.5987 0.0983172
86.6987 0.0403633
86.7987 -0.0216825
86.8987 -0.0788672
86.9987 -0.177831
87.0987 -0.201361
87.1987 -0.208485
87.2987 -0.135712
87.3987 -0.0781466
87.4987 -0.089021
87.5987 -0.0780036
87.6987 -0.00374299
87.7987 -0.0182099
87.8987 0.0139234
87.9987 0.0178662
88.0987 0.0652973
88.1987 0.168069
88.2987 0.30758
88.3987 0.381049
88.4987 0.472758
88.5987 0.593192
88.6987 0.645019
88.7987 0.595847
88.8987 0.594486
88.9987 0.582608
89.0987 0.561731
89.1987 0.478476
89.2987 0.404297
89.3987 0.259299
89.4987 0.163383
89.5987 0.160066
89.6987 0.0958909
89.7987 0.0475561
89.8987 0.0550989
89.9987 -0.0389539
90.0987 -0.107805
90.1987 -0.123118
90.2987 -0.159851
90.3987 -0.0738
90.4987 -0.0460373
90.5987 0.00980038
90.6987 0.00266417
90.7987 0.0158582
90.8987 0.0583275
90.9987 0.00724762
91.0987 -0.063476
91.1987 -0.103886
91.2987 -0.144681
91.3987 -0.256443
91.4987 -0.278231
91.5987 -0.330343
91.6987 -0.433602
91.7987 -0.491079
91.8987 -0.396679
91.9987 -0.273622
92.0987 -0.185345
92.1987 -0.0882623
92.2987 0.0136035
92.3987 0.0855474
92.4987 0.133047
92.5987 0.136265
92.6987 0.146143
92.7987 0.172011
92.8987 0.161989
92.9987 0.187582
93.0987 0.17462
93.1987 0.0684291
93.2987 0.0170007
93.3987 -0.0163613
93.4987 -0.013584
93.5987 -0.0143639
93.6987 0.00115426
93.7987 -0.0238262
93.8987 -0.00281257
93.9987 0.0905729
94.0987 0.194184
94.1987 0.261846
94.2987 0.330001
94.3987 0.294267
94.4987 0.260004
