-5.06509 0.0319454
-4.96509 0.0821177
-4.86509 0.0979556
-4.76509 0.111486
-4.66509 0.18632
-4.56509 0.201746
-4.46509 0.189087
-4.36509 0.212023
-4.26509 0.217297
-4.16509 0.230264
-4.06509 0.303663
-3.96509 0.426403
-3.86509 0.543911
-3.76509 0.691938
-3.66509 0.873899
-3.56509 1.02582
-3.46509 1.12827
-3.36509 1.13589
-3.26509 1.09049
-3.16509 1.04966
-3.06509 0.998484
-2.96509 0.943323
-2.86509 0.893779
-2.76509 0.790429
-2.66509 0.718255
-2.56509 0.726229
-2.46509 0.716945
-2.36509 0.665732
-2.26509 0.523648
-2.16509 0.369511
-2.06509 0.242951
-1.96509 0.120043
-1.86509 0.0519075
-1.76509 0.0199916
-1.66509 0.00771701
-1.56509 -0.00681505
-1.46509 0.00379415
-1.36509 -0.00138688
-1.26509 -0.0347062
-1.16509 -0.107187
-1.06509 -0.134358
-0.965093 -0.198952
-0.865093 -0.259549
-0.765093 -0.212885
-0.665093 -0.14204
-0.565093 -0.0448243
-0.465093 0.0543827
-0.365093 0.0854964
-0.265093 0.0449102
-0.165093 -0.0710198
-0.065093 -0.0969148
0.034907 -0.0625518
0.134907 0.0138009
0.234907 0.156017
0.334907 0.363286
0.434907 0.56811
0.534907 0.732266
0.634907 0.878193
0.734907 0.922702
0.834907 0.928538
0.934907 0.924688
1.03491 0.932908
1.13491 0.922904
1.23491 0.870539
1.33491 0.766919
1.43491 0.65041
1.53491 0.604052
1.63491 0.586912
1.73491 0.54748
1.83491 0.509465
1.93491 0.49138
2.03491 0.544878
2.13491 0.585751
2.23491 0.672356
2.33491 0.800006
2.43491 0.920756
2.53491 1.03878
2.63491 1.01751
2.73491 0.903733
2.83491 0.66081
2.93491 0.423893
3.03491 0.171464
3.13491 -0.129591
3.23491 -0.430777
3.33491 -0.602212
3.43491 -0.684237
3.53491 -0.683056
3.63491 -0.581423
3.73491 -0.426808
3.83491 -0.243368
3.93491 -0.0383051
4.03491 0.169965
4.13491 0.38264
4.23491 0.590829
4.33491 0.727827
4.43491 0.772165
4.53491 0.708271
4.63491 0.570888
4.73491 0.367408
4.83491 0.173792
4.93491 0.00381145
5.03491 -0.146522
5.13491 -0.226449
5.23491 -0.232772
5.33491 -0.179572
5.43491 -0.108589
5.53491 0.0486521
5.63491 0.256211
5.73491 0.438059
5.83491 0.583805
5.93491 0.696176
6.03491 0.731836
6.13491 0.739813
6.23491 0.778771
6.33491 0.844916
6.43491 0.887192
6.53491 0.882531
6.63491 0.898302
6.73491 0.975835
6.83491 1.10497
6.93491 1.19903
7.03491 1.23373
7.13491 1.21785
7.23491 1.11657
7.33491 0.989378
7.43491 0.900831
7.53491 0.831599
7.63491 0.699946
7.73491 0.544474
7.83491 0.37484
7.93491 0.155764
8.03491 -0.0579272
8.13491 -0.192676
8.23491 -0.289507
8.33491 -0.43309
8.43491 -0.603704
8.53491 -0.76983
8.63491 -0.897282
8.73491 -0.920754
8.83491 -0.845354
8.93491 -0.653677
9.03491 -0.330918
9.13491 0.0564084
9.23491 0.43437
9.33491 0.796738
9.43491 1.07031
9.53491 1.2004
9.63491 1.18744
9.73491 1.0957
9.83491 0.960203
9.93491 0.809288
10.0349 0.641702
10.1349 0.515669
10.2349 0.394377
10.3349 0.28393
10.4349 0.220337
10.5349 0.202749
10.6349 0.209527
10.7349 0.194531
10.8349 0.160945
10.9349 0.149055
11.0349 0.14491
11.1349 0.145132
11.2349 0.139493
11.3349 0.155557
11.4349 0.181756
11.5349 0.260484
11.6349 0.384086
11.7349 0.55169
11.8349 0.730957
11.9349 0.877379
12.0349 0.9643
12.1349 0.998397
12.2349 0.997663
12.3349 1.01406
12.4349 1.09567
12.5349 1.19301
12.6349 1.18537
12.7349 1.04828
12.8349 0.826331
12.9349 0.592842
13.0349 0.345465
13.1349 0.122716
13.2349 -0.0907159
13.3349 -0.29622
13.4349 -0.416363
13.5349 -0.481681
13.6349 -0.485665
13.7349 -0.446414
13.8349 -0.375917
13.9349 -0.265099
14.0349 -0.0883001
14.1349 0.109136
14.2349 0.341959
14.3349 0.453504
14.4349 0.445119
14.5349 0.425094
14.6349 0.460768
14.7349 0.563612
14.8349 0.661934
14.9349 0.692618
15.0349 0.688583
15.1349 0.683472
15.2349 0.724472
15.3349 0.733883
15.4349 0.706559
15.5349 0.66352
15.6349 0.582186
15.7349 0.492447
15.8349 0.394823
15.9349 0.28617
16.0349 0.161809
16.1349 0.0132981
16.2349 -0.147895
16.3349 -0.279691
16.4349 -0.307595
16.5349 -0.26371
16.6349 -0.159746
16.7349 -0.0430492
16.8349 0.118339
16.9349 0.37665
17.0349 0.716726
17.1349 1.03863
17.2349 1.25712
17.3349 1.37339
17.4349 1.45137
17.5349 1.44753
17.6349 1.2987
17.7349 1.05345
17.8349 0.794999
17.9349 0.59733
18.0349 0.52294
18.1349 0.564543
18.2349 0.715909
18.3349 0.923825
18.4349 1.03734
18.5349 0.938724
18.6349 0.476445
18.7349 -0.505316
18.8349 -2.04007
18.9349 -4.0005
19.0349 -5.9711
19.1349 -7.2762
19.2349 -7.17022
19.3349 -5.33692
19.4349 -1.78375
19.5349 3.79917
19.6349 11.5386
19.7349 20.1061
19.8349 26.8492
19.9349 29.1875
20.0349 25.7224
20.1349 14.7751
20.2349 -6.19587
20.3349 -36.1507
20.4349 -67.4486
20.5349 -89.1292
20.6349 -94.4286
20.7349 -84.6478
20.8349 -62.3712
20.9349 -29.6215
21.0349 9.89888
21.1349 50.9859
21.2349 87.508
21.3349 113.484
21.4349 125.014
21.5349 119.203
21.6349 91.1302
21.7349 45.4169
21.8349 -4.95423
21.9349 -48.5679
22.0349 -81.1284
22.1349 -101.935
22.2349 -110.655
22.3349 -106.848
22.4349 -93.4173
22.5349 -75.0934
22.6349 -54.6239
22.7349 -32.9998
22.8349 -10.9507
22.9349 10.3024
23.0349 29.4508
23.1349 44.9533
23.2349 55.1509
23.3349 59.1024
23.4349 57.88
23.5349 53.9233
23.6349 49.3124
23.7349 44.8161
23.8349 40.2065
23.9349 34.7434
24.0349 27.7739
24.1349 18.8748
24.2349 7.9939
24.3349 -4.36965
24.4349 -16.9088
24.5349 -28.0909
24.6349 -37.2344
24.7349 -44.2947
24.8349 -49.2491
24.9349 -52.0523
25.0349 -52.4525
25.1349 -50.2572
25.2349 -45.3693
25.3349 -38.097
25.4349 -29.0455
25.5349 -19.2728
25.6349 -9.85293
25.7349 -1.44117
25.8349 5.73257
25.9349 11.8937
26.0349 17.2726
26.1349 22.042
26.2349 26.2994
26.3349 29.8761
26.4349 32.3754
26.5349 33.4252
26.6349 33.0835
26.7349 31.5864
26.8349 29.2209
26.9349 26.2839
27.0349 22.9323
27.1349 19.0694
27.2349 14.4911
27.3349 9.075
27.4349 3.07702
27.5349 -3.14101
27.6349 -9.17875
27.7349 -14.6403
27.8349 -19.2364
27.9349 -22.858
28.0349 -25.6489
28.1349 -27.7398
28.2349 -29.0165
28.3349 -29.257
28.4349 -28.3554
28.5349 -26.3608
28.6349 -23.5957
28.7349 -20.3941
28.8349 -17.0117
28.9349 -13.6766
29.0349 -10.3885
29.1349 -7.1134
29.2349 -3.80216
29.3349 -0.3823
29.4349 3.12624
29.5349 6.5269
29.6349 9.67516
29.7349 12.4846
29.8349 14.8972
29.9349 16.9497
30.0349 18.7228
30.1349 20.1499
30.2349 21.0216
30.3349 21.0946
30.4349 20.2732
30.5349 18.7184
30.6349 16.6951
30.7349 14.4416
30.8349 12.1121
30.9349 9.76403
31.0349 7.35806
31.1349 4.85341
31.2349 2.23158
31.3349 -0.507773
31.4349 -3.32012
31.5349 -6.06063
31.6349 -8.55848
31.7349 -10.6455
31.8349 -12.3041
31.9349 -13.6952
32.0349 -14.994
32.1349 -16.2813
32.2349 -17.5525
32.3349 -18.6397
32.4349 -19.3759
32.5349 -19.6053
32.6349 -19.1334
32.7349 -17.7686
32.8349 -15.4296
32.9349 -12.2103
33.0349 -8.29169
33.1349 -4.0028
33.2349 0.139879
33.3349 3.71241
33.4349 6.39505
33.5349 8.02768
33.6349 8.71121
33.7349 8.68387
33.8349 8.22908
33.9349 7.71813
34.0349 7.4512
34.1349 7.50206
34.2349 7.89785
34.3349 8.6035
34.4349 9.49995
34.5349 10.4459
34.6349 11.3561
34.7349 12.2043
34.8349 12.9152
34.9349 13.3928
35.0349 13.4609
35.1349 12.9948
35.2349 11.8973
35.3349 10.1452
35.4349 7.85015
35.5349 5.13275
35.6349 2.19357
35.7349 -0.730549
35.8349 -3.56426
35.9349 -6.23317
36.0349 -8.74306
36.1349 -11.0481
36.2349 -13.0715
36.3349 -14.814
36.4349 -16.1303
36.5349 -16.9248
36.6349 -17.1546
36.7349 -16.8824
36.8349 -16.1448
36.9349 -14.8977
37.0349 -13.2386
37.1349 -11.3383
37.2349 -9.29815
37.3349 -7.17428
37.4349 -5.08899
37.5349 -3.13429
37.6349 -1.42234
37.7349 -0.0146731
37.8349 1.14735
37.9349 2.12147
38.0349 3.06886
38.1349 4.17752
38.2349 5.57376
38.3349 7.2078
38.4349 8.95852
38.5349 10.6542
38.6349 12.1359
38.7349 13.2313
38.8349 13.7571
38.9349 13.6572
39.0349 12.989
39.1349 11.9335
39.2349 10.6503
39.3349 9.17589
39.4349 7.56996
39.5349 5.96774
39.6349 4.41203
39.7349 2.95933
39.8349 1.65848
39.9349 0.431613
40.0349 -0.751724
40.1349 -1.86872
40.2349 -2.87424
40.3349 -3.66806
40.4349 -4.2284
40.5349 -4.55754
40.6349 -4.67049
40.7349 -4.63332
40.8349 -4.57236
40.9349 -4.63833
41.0349 -4.99923
41.1349 -5.71042
41.2349 -6.61322
41.3349 -7.55086
41.4349 -8.3793
41.5349 -8.8712
41.6349 -8.89665
41.7349 -8.47302
41.8349 -7.63765
41.9349 -6.5136
42.0349 -5.28765
42.1349 -4.1109
42.2349 -3.09932
42.3349 -2.29558
42.4349 -1.6663
42.5349 -1.12391
42.6349 -0.532679
42.7349 0.229716
42.8349 1.2511
42.9349 2.48703
43.0349 3.79963
43.1349 5.03896
43.2349 6.03134
43.3349 6.7251
43.4349 7.14407
43.5349 7.37767
43.6349 7.4867
43.7349 7.60293
43.8349 7.73599
43.9349 7.81509
44.0349 7.79348
44.1349 7.61841
44.2349 7.24871
44.3349 6.70553
44.4349 6.08279
44.5349 5.43581
44.6349 4.75032
44.7349 4.07155
44.8349 3.4184
44.9349 2.80673
45.0349 2.10708
45.1349 1.24332
45.2349 0.140082
45.3349 -1.14667
45.4349 -2.51803
45.5349 -3.86748
45.6349 -5.16765
45.7349 -6.34054
45.8349 -7.33167
45.9349 -8.04961
46.0349 -8.40358
46.1349 -8.42496
46.2349 -8.17902
46.3349 -7.67399
46.4349 -6.96158
46.5349 -6.10785
46.6349 -5.28184
46.7349 -4.53846
46.8349 -3.86415
46.9349 -3.29509
47.0349 -2.80323
47.1349 -2.33175
47.2349 -1.83274
47.3349 -1.30506
47.4349 -0.763278
47.5349 -0.15832
47.6349 0.468311
47.7349 1.10033
47.8349 1.75689
47.9349 2.45557
48.0349 3.18789
48.1349 3.92329
48.2349 4.59526
48.3349 5.08807
48.4349 5.36157
48.5349 5.42388
48.6349 5.38489
48.7349 5.30317
48.8349 5.15989
48.9349 4.97525
49.0349 4.7552
49.1349 4.53556
49.2349 4.35436
49.3349 4.20505
49.4349 4.08554
49.5349 3.98858
49.6349 3.9062
49.7349 3.72197
49.8349 3.42568
49.9349 3.05749
50.0349 2.67137
50.1349 2.26595
50.2349 1.82953
50.3349 1.28379
50.4349 0.64512
50.5349 -0.00861043
50.6349 -0.643427
50.7349 -1.25091
50.8349 -1.86368
50.9349 -2.53691
51.0349 -3.21576
51.1349 -3.84492
51.2349 -4.39598
51.3349 -4.8876
51.4349 -5.329
51.5349 -5.65005
51.6349 -5.84766
51.7349 -5.90122
51.8349 -5.79125
51.9349 -5.57081
52.0349 -5.26181
52.1349 -4.85993
52.2349 -4.38786
52.3349 -3.87606
52.4349 -3.34015
52.5349 -2.72695
52.6349 -2.01034
52.7349 -1.17162
52.8349 -0.342185
52.9349 0.397491
53.0349 1.10116
53.1349 1.71489
53.2349 2.26053
53.3349 2.84914
53.4349 3.41654
53.5349 3.93072
53.6349 4.2972
53.7349 4.51802
53.8349 4.586
53.9349 4.4879
54.0349 4.23682
54.1349 3.85366
54.2349 3.48275
54.3349 3.36422
54.4349 3.60958
54.5349 4.25647
54.6349 5.22242
54.7349 6.30807
54.8349 7.19644
54.9349 7.57226
55.0349 7.16553
55.1349 5.81205
55.2349 3.56125
55.3349 0.627017
55.4349 -2.41025
55.5349 -4.88362
55.6349 -6.34665
55.7349 -6.6003
55.8349 -5.59181
55.9349 -3.62096
56.0349 -1.14328
56.1349 1.28298
56.2349 3.19987
56.3349 4.29363
56.4349 4.43139
56.5349 3.73805
56.6349 2.43631
56.7349 0.729575
56.8349 -1.14012
56.9349 -3.03815
57.0349 -4.91845
57.1349 -6.61169
57.2349 -7.8763
57.3349 -8.61015
57.4349 -8.72745
57.5349 -8.23171
57.6349 -7.18086
57.7349 -5.86974
57.8349 -4.47622
57.9349 -3.18292
58.0349 -2.15263
58.1349 -1.4186
58.2349 -0.85118
58.3349 -0.332767
58.4349 0.248307
58.5349 0.922489
58.6349 1.65912
58.7349 2.34414
58.8349 2.97317
58.9349 3.60735
59.0349 4.18902
59.1349 4.67738
59.2349 4.99184
59.3349 5.10325
59.4349 5.06395
59.5349 4.93864
59.6349 4.73716
59.7349 4.5121
59.8349 4.34514
59.9349 4.29383
60.0349 4.39603
60.1349 4.6138
60.2349 4.78439
60.3349 4.77862
60.4349 4.55206
60.5349 4.08894
60.6349 3.38553
60.7349 2.50528
60.8349 1.53678
60.9349 0.607132
61.0349 -0.156098
61.1349 -0.699401
61.2349 -1.03842
61.3349 -1.19888
61.4349 -1.23343
61.5349 -1.28671
61.6349 -1.37922
61.7349 -1.55573
61.8349 -1.87099
61.9349 -2.29588
62.0349 -2.81116
62.1349 -3.3436
62.2349 -3.82284
62.3349 -4.16779
62.4349 -4.30434
62.5349 -4.24211
62.6349 -4.06016
62.7349 -3.79339
62.8349 -3.48497
62.9349 -3.10739
63.0349 -2.67248
63.1349 -2.24456
63.2349 -1.79093
63.3349 -1.3316
63.4349 -0.913323
63.5349 -0.625472
63.6349 -0.494702
63.7349 -0.420019
63.8349 -0.274079
63.9349 -0.107146
64.0349 0.0596967
64.1349 0.298984
64.2349 0.66119
64.3349 1.08439
64.4349 1.53473
64.5349 2.08222
64.6349 2.69599
64.7349 3.25996
64.8349 3.73545
64.9349 4.14986
65.0349 4.54677
65.1349 4.89225
65.2349 5.10569
65.3349 5.1606
65.4349 5.06731
65.5349 4.90169
65.6349 4.70249
65.7349 4.45191
65.8349 4.13862
65.9349 3.74665
66.0349 3.2689
66.1349 2.76492
66.2349 2.30347
66.3349 1.89552
66.4349 1.36954
66.5349 0.759365
66.6349 0.13154
66.7349 -0.465592
66.8349 -0.962737
66.9349 -1.44804
67.0349 -1.96183
67.1349 -2.41254
67.2349 -2.82076
67.3349 -3.22001
67.4349 -3.59961
67.5349 -3.93963
67.6349 -4.16608
67.7349 -4.21602
67.8349 -4.11743
67.9349 -3.91228
68.0349 -3.57041
68.1349 -3.13767
68.2349 -2.71977
68.3349 -2.37728
68.4349 -2.04896
68.5349 -1.72743
68.6349 -1.45012
68.7349 -1.1942
68.8349 -0.944019
68.9349 -0.654158
69.0349 -0.34036
69.1349 -0.0207725
69.2349 0.331747
69.3349 0.758844
69.4349 1.25583
69.5349 1.73191
69.6349 2.13596
69.7349 2.51755
69.8349 2.85871
69.9349 3.13114
70.0349 3.33183
70.1349 3.47224
70.2349 3.53088
70.3349 3.50418
70.4349 3.42711
70.5349 3.34377
70.6349 3.21063
70.7349 3.02051
70.8349 2.84636
70.9349 2.72157
71.0349 2.6387
71.1349 2.51692
71.2349 2.31759
71.3349 2.01006
71.4349 1.66129
71.5349 1.29494
71.6349 0.967431
71.7349 0.660373
71.8349 0.347232
71.9349 0.0787045
72.0349 -0.169447
72.1349 -0.345228
72.2349 -0.503354
72.3349 -0.727033
72.4349 -1.06088
72.5349 -1.38433
72.6349 -1.67935
72.7349 -1.97316
72.8349 -2.19047
72.9349 -2.28788
73.0349 -2.24681
73.1349 -2.07341
73.2349 -1.78024
73.3349 -1.46464
73.4349 -1.17448
73.5349 -0.906687
73.6349 -0.564261
73.7349 -0.273532
73.8349 -0.0859929
73.9349 -0.0372532
74.0349 -0.0761451
74.1349 -0.198895
74.2349 -0.306829
74.3349 -0.402588
74.4349 -0.44552
74.5349 -0.424385
74.6349 -0.347799
74.7349 -0.208424
74.8349 -0.0388283
74.9349 0.230578
75.0349 0.443768
75.1349 0.632015
75.2349 0.772511
75.3349 0.838465
75.4349 0.85355
75.5349 0.900377
75.6349 1.03185
75.7349 1.22767
75.8349 1.37415
75.9349 1.58961
76.0349 1.7607
76.1349 1.83802
76.2349 1.81515
76.3349 1.73015
76.4349 1.60306
76.5349 1.50677
76.6349 1.42755
76.7349 1.34367
76.8349 1.24187
76.9349 1.19636
77.0349 1.22166
77.1349 1.32977
77.2349 1.41211
77.3349 1.43526
77.4349 1.37287
77.5349 1.25444
77.6349 1.10425
77.7349 0.872917
77.8349 0.564154
77.9349 0.256981
78.0349 -0.0410831
78.1349 -0.368821
78.2349 -0.690854
78.3349 -0.87727
78.4349 -0.961189
78.5349 -1.01138
78.6349 -1.09361
78.7349 -1.21103
78.8349 -1.28704
78.9349 -1.27216
79.0349 -1.23078
79.1349 -1.12568
79.2349 -1.06732
79.3349 -1.03919
79.4349 -0.961849
79.5349 -0.848135
79.6349 -0.696987
79.7349 -0.616544
79.8349 -0.500635
79.9349 -0.324721
80.0349 -0.0349657
80.1349 0.255636
80.2349 0.483023
80.3349 0.584661
80.4349 0.613425
80.5349 0.589836
80.6349 0.547731
80.7349 0.469081
80.8349 0.490116
80.9349 0.533848
81.0349 0.677199
81.1349 0.777934
81.2349 0.847459
81.3349 0.919065
81.4349 0.943983
81.5349 0.958426
81.6349 0.986844
81.7349 1.03114
81.8349 1.14496
81.9349 1.25172
82.0349 1.30434
82.1349 1.30293
82.2349 1.24937
82.3349 1.14952
82.4349 1.01213
82.5349 0.878213
82.6349 0.750136
82.7349 0.629964
82.8349 0.48874
82.9349 0.406321
83.0349 0.401877
83.1349 0.433328
83.2349 0.44622
83.3349 0.440388
83.4349 0.394104
83.5349 0.27186
83.6349 0.175909
83.7349 0.107195
83.8349 0.044043
83.9349 -0.0849404
84.0349 -0.243617
84.1349 -0.398877
84.2349 -0.518383
84.3349 -0.565668
84.4349 -0.590983
84.5349 -0.587621
84.6349 -0.521309
84.7349 -0.351403
84.8349 -0.189048
84.9349 -0.0506352
85.0349 -0.0108658
85.1349 -0.00225194
85.2349 -0.0161285
85.3349 -0.0188031
85.4349 -0.0413567
85.5349 -0.0268389
85.6349 -0.0578647
85.7349 -0.100819
85.8349 -0.0646932
85.9349 0.0135148
86.0349 0.106056
86.1349 0.192979
86.2349 0.236312
86.3349 0.22759
86.4349 0.183153
86.5349 0.178101
86.6349 0.212059
86.7349 0.240334
86.8349 0.217983
86.9349 0.140968
87.0349 0.195258
87.1349 0.214827
87.2349 0.194406
87.3349 0.144314
87.4349 0.146783
87.5349 0.237786
87.6349 0.409653
87.7349 0.569834
87.8349 0.676437
87.9349 0.751088
88.0349 0.775234
88.1349 0.751893
88.2349 0.711254
88.3349 0.660749
88.4349 0.640523
88.5349 0.57461
88.6349 0.489963
88.7349 0.485496
88.8349 0.492585
88.9349 0.49571
89.0349 0.531428
89.1349 0.554891
89.2349 0.485715
89.3349 0.407613
89.4349 0.319617
89.5349 0.269906
89.6349 0.240559
89.7349 0.215563
89.8349 0.160115
89.9349 0.112082
90.0349 0.0203859
90.1349 -0.0326869
90.2349 -0.0793672
90.3349 -0.189287
90.4349 -0.324026
90.5349 -0.429307
90.6349 -0.512513
90.7349 -0.511761
90.8349 -0.440978
90.9349 -0.373945
91.0349 -0.302798
91.1349 -0.210664
91.2349 -0.0888351
91.3349 0.00722372
91.4349 0.0388821
91.5349 0.06391
91.6349 0.0204455
91.7349 0.0160141
91.8349 0.0250077
91.9349 0.0539037
92.0349 0.0638148
92.1349 -0.0101446
92.2349 -0.0897145
92.3349 -0.10873
92.4349 -0.125762
92.5349 -0.117934
92.6349 -0.0956609
92.7349 -0.0726493
92.8349 -0.00587843
92.9349 0.0793498
93.0349 0.140285
93.1349 0.225947
93.2349 0.260269
93.3349 0.316764
93.4349 0.35738
93.5349 0.403633
93.6349 0.414642
93.7349 0.440283
93.8349 0.480629
93.9349 0.488546
94.0349 0.488645
94.1349 0.451765
94.2349 0.395588
94.3349 0.349597
94.4349 0.282177
94.5349 0.199505
94.6349 0.149749
94.7349 0.0998644
94.8349 0.10216
94.9349 0.11233
95.0349 0.143557
95.1349 0.157767
95.2349 0.236971
95.3349 0.256358
95.4349 0.181195
95.5349 0.116922
95.6349 0.0327307
95.7349 -0.0770688
95.8349 -0.107588
95.9349 -0.176988
96.0349 -0.220541
96.1349 -0.265986
96.2349 -0.296007
96.3349 -0.315963
96.4349 -0.285903
96.5349 -0.222802
96.6349 -0.162495
96.7349 -0.106215
96.8349 -0.1064
96.9349 -0.0639117
97.0349 -0.0356606
97.1349 0.0128636
97.2349 0.0357843
