-3.34247 1.34971
-3.24247 1.61548
-3.14247 1.87075
-3.04246 2.03213
-2.94246 2.13291
-2.84246 1.97617
-2.74246 1.66904
-2.64246 1.14766
-2.54246 0.474835
-2.44246 -0.167527
-2.34246 -0.819112
-2.24246 -1.24717
-2.14246 -1.49866
-2.04246 -1.52561
-1.94246 -1.30029
-1.84246 -1.0127
-1.74246 -0.765984
-1.64246 -0.421043
-1.54246 -0.073389
-1.44246 0.305059
-1.34246 0.630701
-1.24246 0.872589
-1.14246 1.14995
-1.04246 1.29306
-0.942465 1.52121
-0.842465 1.61194
-0.742465 1.56054
-0.642465 1.48193
-0.542465 1.36426
-0.442465 1.27024
-0.342465 1.11968
-0.242465 0.86917
-0.142465 0.630303
-0.042465 0.202437
0.057535 -0.236615
0.157535 -0.674986
0.257535 -1.11728
0.357535 -1.40417
0.457535 -1.55229
0.557535 -1.47516
0.657535 -1.33188
0.757535 -1.05652
0.857535 -0.711839
0.957535 -0.279096
1.05754 0.131554
1.15754 0.498277
1.25754 0.722072
1.35754 0.821148
1.45754 0.915373
1.55754 0.947333
1.65754 0.904678
1.75754 1.05595
1.85754 1.43403
1.95754 1.83694
2.05754 2.29088
2.15754 2.74051
2.25754 2.93793
2.35754 2.85016
2.45754 2.40573
2.55754 1.85816
2.65754 1.21626
2.75754 0.42822
2.85754 -0.23542
2.95754 -0.848931
3.05754 -1.31512
3.15754 -1.65967
3.25754 -1.79614
3.35754 -1.88699
3.45754 -1.916
3.55754 -1.85814
3.65754 -1.67428
3.75754 -1.32497
3.85754 -0.87579
3.95754 -0.497422
4.05754 -0.178449
4.15754 0.270312
4.25754 0.606828
4.35754 0.826398
4.45754 1.00059
4.55754 1.12083
4.65754 1.16831
4.75754 1.2395
4.85754 1.28843
4.95754 1.31195
5.05754 1.38545
5.15754 1.43518
5.25753 1.3123
5.35753 0.952158
5.45753 0.424377
5.55753 -0.0818825
5.65753 -0.398007
5.75753 -0.616832
5.85753 -0.756402
5.95753 -0.80499
6.05753 -0.774186
6.15753 -0.675146
6.25753 -0.430778
6.35753 -0.052179
6.45753 0.43431
6.55753 1.01568
6.65753 1.64835
6.75753 2.13947
6.85753 2.45484
6.95753 2.60445
7.05753 2.60541
7.15753 2.49034
7.25753 2.24453
7.35753 1.78705
7.45753 1.21398
7.55753 0.617955
7.65753 0.036308
7.75753 -0.476458
7.85753 -1.02001
7.95753 -1.57932
8.05753 -2.01734
8.15753 -2.17237
8.25753 -1.99401
8.35753 -1.69755
8.45753 -1.39543
8.55753 -1.12703
8.65753 -0.945065
8.75753 -0.853297
8.85753 -0.74104
8.95753 -0.52187
9.05753 -0.241983
9.15753 0.139984
9.25753 0.593242
9.35753 1.1333
9.45753 1.77156
9.55753 2.43276
9.65753 2.91498
9.75753 3.01363
9.85753 2.65654
9.95753 1.9954
10.0575 1.26036
10.1575 0.584145
10.2575 -0.0297999
10.3575 -0.477435
10.4575 -0.570883
10.5575 -0.342007
10.6575 -0.073062
10.7575 0.125915
10.8575 0.234826
10.9575 0.21914
11.0575 0.0743579
11.1575 -0.10395
11.2575 -0.25741
11.3575 -0.327206
11.4575 -0.105868
11.5575 0.342439
11.6575 0.888555
11.7575 1.47707
11.8575 2.07794
11.9575 2.55598
12.0575 2.8002
12.1575 2.80805
12.2575 2.55867
12.3575 2.06506
12.4575 1.43289
12.5575 0.694925
12.6575 -0.0404003
12.7575 -0.687503
12.8575 -1.13412
12.9575 -1.32246
13.0575 -1.39184
13.1575 -1.44793
13.2575 -1.50516
13.3575 -1.51737
13.4575 -1.4939
13.5575 -1.55682
13.6575 -1.7017
13.7575 -1.80675
13.8575 -1.76562
13.9575 -1.51029
14.0575 -1.10581
14.1575 -0.685495
14.2575 -0.252315
14.3575 0.292669
14.4575 0.956374
14.5575 1.60236
14.6575 2.01599
14.7575 2.2266
14.8575 2.36722
14.9575 2.46085
15.0575 2.52981
15.1575 2.58318
15.2575 2.58433
15.3575 2.51895
15.4575 2.43385
15.5575 2.3899
15.6575 2.34448
15.7575 2.2242
15.8575 2.0096
15.9575 1.64896
16.0575 1.15178
16.1575 0.491776
16.2575 -0.337396
16.3575 -1.19147
16.4575 -1.91995
16.5575 -2.42938
16.6575 -2.73854
16.7575 -2.89696
16.8575 -2.78153
16.9575 -2.36322
17.0575 -1.69984
17.1575 -0.930256
17.2575 -0.181899
17.3575 0.490379
17.4575 1.02312
17.5575 1.40159
17.6575 1.74714
17.7575 2.0555
17.8575 2.24305
17.9575 2.31343
18.0575 2.30539
18.1575 2.21805
18.2575 2.08998
18.3575 1.88963
18.4575 1.5341
18.5575 1.04286
18.6575 0.595524
18.7575 0.260974
18.8575 -0.0347633
18.9575 -0.43311
19.0575 -1.04935
19.1575 -2.06362
19.2575 -3.45366
19.3575 -5.12162
19.4575 -7.0136
19.5575 -8.58393
19.6575 -8.98718
19.7575 -7.54547
19.8575 -4.04351
19.9575 1.65536
20.0575 9.58691
20.1575 19.4426
20.2575 29.2649
20.3575 35.9153
20.4575 36.6864
20.5575 29.3659
20.6575 11.9059
20.7575 -16.9475
20.8575 -53.5296
20.9575 -87.4468
21.0575 -107.498
21.1575 -108.706
21.2575 -92.4645
21.3575 -62.7359
21.4575 -23.2717
21.5575 21.5782
21.6575 66.9011
21.7575 106.785
21.8575 134.745
21.9575 145.663
22.0575 134.324
22.1575 96.9645
22.2575 40.5147
22.3575 -19.4202
22.4575 -68.4925
22.5575 -100.319
22.6575 -115.877
22.7575 -118.063
22.8575 -110.36
22.9575 -96.7965
23.0575 -80.5275
23.1575 -62.8079
23.2575 -43.8874
23.3575 -23.8289
23.4575 -2.69999
23.5575 19.2703
23.6575 41.3406
23.7575 62.1181
23.8575 79.6042
23.9575 91.6091
24.0575 96.27
24.1575 93.2961
24.2575 84.1016
24.3575 70.4676
24.4575 53.7804
24.5575 34.6769
24.6575 13.2941
24.7575 -9.82659
24.8575 -32.3726
24.9575 -51.3296
25.0575 -64.6843
25.1575 -72.0518
25.2575 -74.0676
25.3575 -72.3601
25.4575 -68.7348
25.5575 -64.0116
25.6575 -57.9621
25.7575 -50.0283
25.8575 -39.8179
25.9575 -27.36
26.0575 -13.4164
26.1575 0.676023
26.2575 13.6963
26.3575 24.9496
26.4575 34.1551
26.5575 41.4042
26.6575 47.0653
26.7575 51.3808
26.8575 54.339
26.9575 55.5596
27.0575 54.4617
27.1575 50.6896
27.2575 44.5196
27.3575 36.6783
27.4575 28.0872
27.5575 19.5105
27.6575 11.1495
27.7575 2.64457
27.8575 -6.37329
27.9575 -15.908
28.0575 -25.3974
28.1575 -33.6847
28.2575 -39.8848
28.3575 -43.6471
28.4575 -45.2672
28.5575 -45.2271
28.6575 -44.0719
28.7575 -42.1295
28.8575 -39.3845
28.9575 -35.6855
29.0575 -30.9593
29.1575 -25.2743
29.2575 -18.9647
29.3575 -12.421
29.4575 -6.04926
29.5575 -0.0788937
29.6575 5.54753
29.7575 11.0227
29.8575 16.4352
29.9575 21.7768
30.0575 26.7092
30.1575 30.7602
30.2575 33.6131
30.3575 35.1444
30.4575 35.4111
30.5575 34.7476
30.6575 33.4339
30.7575 31.5358
30.8575 29.0015
30.9575 25.5896
31.0575 21.1241
31.1575 15.925
31.2575 10.4021
31.3575 4.87483
31.4575 -0.43054
31.5575 -5.43678
31.6575 -10.2807
31.7575 -15.1442
31.8575 -19.8567
31.9575 -23.9761
32.0575 -26.9951
32.1575 -28.7284
32.2575 -29.1845
32.3575 -28.6334
32.4575 -27.5652
32.5575 -26.362
32.6575 -25.2173
32.7575 -24.1348
32.8575 -22.92
32.9575 -21.337
33.0575 -19.1334
33.1575 -16.1036
33.2575 -12.2219
33.3575 -7.56039
33.4575 -2.27988
33.5575 3.40574
33.6575 9.09797
33.7575 14.2748
33.8575 18.5097
33.9575 21.4496
34.0575 22.789
34.1575 22.4652
34.2575 20.8561
34.3575 18.6455
34.4575 16.5735
34.5575 15.1519
34.6575 14.5488
34.7575 14.6769
34.8575 15.1281
34.9575 15.4682
35.0575 15.4284
35.1575 14.9896
35.2575 14.2401
35.3575 13.3004
35.4575 12.2155
35.5575 10.9575
35.6575 9.33793
35.7575 7.11749
35.8575 4.16849
35.9575 0.504863
36.0575 -3.77744
36.1575 -8.48513
36.2575 -13.3282
36.3575 -17.9613
36.4575 -22.1519
36.5575 -25.7527
36.6575 -28.5885
36.7575 -30.398
36.8575 -31.1542
36.9575 -30.7788
37.0575 -29.2204
37.1575 -26.6463
37.2575 -23.32
37.3575 -19.4759
37.4575 -15.2518
37.5575 -10.8421
37.6575 -6.52263
37.7575 -2.46932
37.8575 1.33305
37.9575 4.86963
38.0575 8.05111
38.1575 10.7576
38.2575 12.8852
38.3575 14.4488
38.4575 15.5999
38.5575 16.5164
38.6575 17.3661
38.7575 18.3164
38.8575 19.3044
38.9575 20.1154
39.0575 20.659
39.1575 20.8316
39.2575 20.4818
39.3575 19.4579
39.4575 17.697
39.5575 15.3069
39.6575 12.5526
39.7575 9.57501
39.8575 6.5705
39.9575 3.6756
40.0575 1.07774
40.1575 -1.21647
40.2575 -3.37684
40.3575 -5.43915
40.4575 -7.38861
40.5575 -9.1625
40.6575 -10.5894
40.7575 -11.55
40.8575 -12.1359
40.9575 -12.3949
41.0575 -12.3063
41.1575 -11.9784
41.2575 -11.5807
41.3575 -11.3032
41.4575 -11.3396
41.5575 -11.7552
41.6575 -12.3831
41.7575 -13.0029
41.8575 -13.4058
41.9575 -13.3371
42.0575 -12.6839
42.1575 -11.5475
42.2575 -10.0849
42.3575 -8.29123
42.4575 -6.2261
42.5575 -4.07332
42.6575 -1.98182
42.7575 -0.0324659
42.8575 1.663
42.9575 3.13393
43.0575 4.57771
43.1575 6.18446
43.2575 7.93093
43.3575 9.79589
43.4575 11.7409
43.5575 13.5492
43.6575 15.0443
43.7575 15.9909
43.8575 16.2258
43.9575 15.8692
44.0575 15.0816
44.1575 14.1601
44.2575 13.2057
44.3575 12.1938
44.4575 11.1099
44.5575 9.98951
44.6575 8.9241
44.7575 7.84774
44.8575 6.62115
44.9575 5.27774
45.0575 3.93816
45.1575 2.63851
45.2575 1.44237
45.3575 0.308288
45.4575 -0.971845
45.5575 -2.45038
45.6575 -4.13261
45.7575 -6.06404
45.8575 -8.19531
45.9575 -10.3294
46.0575 -12.2568
46.1575 -13.9882
46.2575 -15.2844
46.3575 -16.0348
46.4575 -16.2893
46.5575 -16.0883
46.6575 -15.541
46.7575 -14.7547
46.8575 -13.7381
46.9575 -12.4443
47.0575 -10.8474
47.1575 -9.03622
47.2575 -7.10694
47.3575 -5.23426
47.4575 -3.54275
47.5575 -1.89935
47.6575 -0.197453
47.7575 1.49493
47.8575 3.15485
47.9575 4.64471
48.0575 5.884
48.1575 7.00154
48.2575 8.01204
48.3575 8.86236
48.4575 9.57533
48.5575 10.1422
48.6575 10.6746
48.7575 11.1958
48.8575 11.6094
48.9575 11.7805
49.0575 11.6577
49.1575 11.2764
49.2575 10.702
49.3575 10.0601
49.4575 9.40243
49.5575 8.69291
49.6575 7.78014
49.7575 6.73377
49.8575 5.67504
49.9575 4.54495
50.0575 3.37039
50.1575 2.25817
50.2575 1.281
50.3575 0.421589
50.4575 -0.349096
50.5575 -1.04548
50.6575 -1.81764
50.7575 -2.67859
50.8575 -3.54061
50.9575 -4.3478
51.0575 -5.11937
51.1575 -6.06549
51.2575 -7.15912
51.3575 -8.17647
51.4575 -8.94091
51.5575 -9.37496
51.6575 -9.54855
51.7575 -9.55882
51.8575 -9.54654
51.9575 -9.52214
52.0575 -9.4133
52.1575 -9.13685
52.2575 -8.72304
52.3575 -8.18496
52.4575 -7.56389
52.5575 -6.75945
52.6575 -5.66663
52.7575 -4.40698
52.8575 -3.10489
52.9575 -1.75516
53.0575 -0.382116
53.1575 0.990515
53.2575 2.40361
53.3575 3.80892
53.4575 5.07476
53.5575 6.14694
53.6575 7.06359
53.7575 7.91507
53.8575 8.61832
53.9575 9.17388
54.0575 9.63234
54.1575 9.94866
54.2575 9.9372
54.3575 9.57262
54.4575 8.96572
54.5575 8.12027
54.6575 7.14948
54.7575 6.27236
54.8575 5.6428
54.9575 5.48058
55.0575 5.95796
55.1575 6.90283
55.2575 7.96706
55.3575 8.70025
55.4575 8.59344
55.5575 7.38822
55.6575 4.83811
55.7575 0.946336
55.8575 -3.81984
55.9575 -8.63879
56.0575 -12.3242
56.1575 -13.9751
56.2575 -13.3905
56.3575 -10.9615
56.4575 -7.30088
56.5575 -3.29858
56.6575 0.160073
56.7575 2.45536
56.8575 3.21562
56.9575 2.45655
57.0575 0.510251
57.1575 -2.14388
57.2575 -4.90126
57.3575 -7.356
57.4575 -9.21601
57.5575 -10.4022
57.6575 -11.0367
57.7575 -11.2344
57.8575 -11.1095
57.9575 -10.6186
58.0575 -9.62558
58.1575 -8.0169
58.2575 -5.97564
58.3575 -3.86883
58.4575 -1.77013
58.5575 0.265109
58.6575 2.20277
58.7575 4.03379
58.8575 5.70905
58.9575 7.24905
59.0575 8.5645
59.1575 9.59547
59.2575 10.2646
59.3575 10.5246
59.4575 10.4305
59.5575 10.0961
59.6575 9.57052
59.7575 8.97529
59.8575 8.38885
59.9575 7.87359
60.0575 7.3775
60.1575 6.84124
60.2575 6.21955
60.3575 5.54016
60.4575 4.79337
60.5575 3.90851
60.6575 2.92256
60.7575 1.92541
60.8575 0.910835
60.9575 -0.014386
61.0575 -0.799853
61.1575 -1.42935
61.2575 -1.85454
61.3575 -2.04315
61.4575 -2.04042
61.5575 -2.03788
61.6575 -2.25632
61.7575 -2.77986
61.8575 -3.62577
61.9575 -4.58923
62.0575 -5.40784
62.1575 -6.01372
62.2575 -6.37456
62.3575 -6.42411
62.4575 -6.1847
62.5575 -5.78933
62.6575 -5.34298
62.7575 -4.88226
62.8575 -4.47404
62.9575 -4.15563
63.0575 -3.8437
63.1575 -3.52582
63.2575 -3.1658
63.3575 -2.74562
63.4575 -2.34096
63.5575 -1.8714
63.6575 -1.33018
63.7575 -0.715273
63.8575 -0.0343253
63.9575 0.559752
64.0575 0.985418
64.1575 1.29073
64.2575 1.54877
64.3575 1.89587
64.4575 2.41718
64.5575 3.01636
64.6575 3.57973
64.7575 4.13237
64.8575 4.72235
64.9575 5.25231
65.0575 5.507
65.1575 5.53063
65.2575 5.44167
65.3575 5.36844
65.4575 5.34252
65.5575 5.29278
65.6575 5.21939
65.7575 5.20693
65.8575 5.34269
65.9575 5.63274
66.0575 5.9024
66.1575 6.02572
66.2575 5.89949
66.3575 5.42887
66.4575 4.65671
66.5575 3.64838
66.6575 2.43447
66.7575 1.12098
66.8575 -0.162505
66.9575 -1.31698
67.0575 -2.37159
67.1575 -3.18634
67.2575 -3.83725
67.3575 -4.45088
67.4575 -5.15964
67.5575 -5.78
67.6575 -6.23521
67.7575 -6.52896
67.8575 -6.72285
67.9575 -6.82546
68.0575 -6.8616
68.1575 -6.8263
68.2575 -6.6287
68.3575 -6.27581
68.4575 -5.71063
68.5575 -4.98913
68.6575 -4.17015
68.7575 -3.28476
68.8575 -2.36312
68.9575 -1.48688
69.0575 -0.757109
69.1575 -0.197725
69.2575 0.312263
69.3575 0.825824
69.4575 1.42392
69.5575 2.10043
69.6575 2.732
69.7575 3.27143
69.8575 3.78457
69.9575 4.32841
70.0575 4.91272
70.1575 5.35933
70.2575 5.55029
70.3575 5.55925
70.4575 5.45718
70.5575 5.40422
70.6575 5.3829
70.7575 5.3949
70.8575 5.38475
70.9575 5.33969
71.0575 5.20484
71.1575 4.93963
71.2575 4.6796
71.3575 4.31863
71.4575 3.77622
71.5575 3.07454
71.6575 2.15647
71.7575 1.32752
71.8575 0.69299
71.9575 0.025459
72.0575 -0.632155
72.1575 -1.25365
72.2575 -1.64837
72.3575 -1.85511
72.4575 -1.90624
72.5575 -1.90563
72.6575 -2.08825
72.7575 -2.40222
72.8575 -2.86601
72.9575 -3.36061
73.0575 -3.92248
73.1575 -4.51984
73.2575 -5.09847
73.3575 -5.465
73.4575 -5.38543
73.5575 -5.07901
73.6575 -4.54805
73.7575 -3.84352
73.8575 -3.05698
73.9575 -2.09838
74.0575 -1.16079
74.1575 -0.286819
74.2575 0.457266
74.3575 0.994837
74.4575 1.45705
74.5575 1.90079
74.6575 2.22712
74.7575 2.43011
74.8575 2.48405
74.9575 2.39338
75.0575 2.21737
75.1575 2.08041
75.2575 1.94257
75.3575 1.79267
75.4575 1.57906
75.5575 1.40688
75.6575 1.28817
75.7575 1.25988
75.8575 1.42134
75.9575 1.67331
76.0575 1.91567
76.1575 2.09984
76.2575 2.28107
76.3575 2.42507
76.4575 2.46685
76.5575 2.43321
76.6575 2.26485
76.7575 2.03256
76.8575 1.64552
76.9575 1.24403
77.0575 0.915953
77.1575 0.676727
77.2575 0.565712
77.3575 0.591563
77.4575 0.638042
77.5575 0.550524
77.6575 0.426336
77.7575 0.208002
77.8575 -0.0480645
77.9575 -0.169557
78.0575 -0.271908
78.1575 -0.484462
78.2575 -0.777492
78.3575 -1.0325
78.4575 -1.30299
78.5575 -1.48084
78.6575 -1.50216
78.7575 -1.52849
78.8575 -1.56286
78.9575 -1.62794
79.0575 -1.61838
79.1575 -1.6291
79.2575 -1.57498
79.3575 -1.42874
79.4575 -1.16199
79.5575 -0.852479
79.6575 -0.551524
79.7575 -0.267554
79.8575 -0.0799935
79.9575 0.122039
80.0575 0.203857
80.1575 0.182546
80.2575 0.194946
80.3575 0.305216
80.4575 0.467078
80.5575 0.601701
80.6575 0.777834
80.7575 0.912547
80.8575 0.881003
80.9575 0.834743
81.0575 0.979475
81.1575 1.08209
81.2575 0.993633
81.3575 0.888295
81.4575 0.767447
81.5575 0.817498
81.6575 0.840954
81.7575 0.939382
81.8575 1.02981
81.9575 0.971153
82.0575 0.907529
82.1575 0.900764
82.2575 0.875438
82.3575 0.800198
82.4575 0.620721
82.5575 0.51231
82.6575 0.507433
82.7575 0.608977
82.8575 0.67565
82.9575 0.755294
83.0575 0.761125
83.1575 0.683517
83.2575 0.533221
83.3575 0.439571
83.4575 0.444059
83.5575 0.440952
83.6575 0.392461
83.7575 0.303953
83.8575 0.125309
83.9575 -0.0138864
84.0575 -0.139387
84.1575 -0.284432
84.2575 -0.40241
84.3575 -0.536012
84.4575 -0.589463
84.5575 -0.526093
84.6575 -0.578017
84.7575 -0.630129
84.8575 -0.586791
84.9575 -0.567589
85.0575 -0.487555
85.1575 -0.36081
85.2575 -0.107137
85.3575 0.091083
85.4575 0.179267
85.5575 0.125396
85.6575 0.0885547
85.7575 -0.00505585
85.8575 -0.130299
85.9575 -0.212972
86.0575 -0.265887
86.1575 -0.231235
86.2575 -0.18998
86.3575 -0.154728
86.4575 -0.0739604
86.5575 -0.0330997
86.6575 0.107722
86.7575 0.0873615
86.8575 0.142985
86.9575 0.195736
87.0575 0.225353
87.1575 0.229063
87.2575 0.266995
87.3575 0.212369
87.4575 0.156538
87.5575 0.148094
87.6575 0.233398
87.7575 0.337715
87.8575 0.401328
87.9575 0.510859
88.0575 0.6695
88.1575 0.916564
88.2575 1.05442
88.3575 1.07399
88.4575 0.90717
88.5575 0.678831
88.6575 0.534194
88.7575 0.462062
88.8575 0.394978
88.9575 0.304374
89.0575 0.285645
89.1575 0.288664
89.2575 0.349124
89.3575 0.420686
89.4575 0.486057
89.5575 0.453377
89.6575 0.309366
89.7575 0.126164
89.8575 -0.126096
89.9575 -0.296323
90.0575 -0.276332
90.1575 -0.200343
90.2575 -0.0527239
90.3575 -0.0188485
90.4575 -0.0488183
90.5575 -0.0780147
90.6575 -0.0302045
90.7575 0.0298786
90.8575 -0.114949
90.9575 -0.139896
91.0575 -0.200926
91.1575 -0.274208
91.2575 -0.391275
91.3575 -0.514311
91.4575 -0.582198
91.5575 -0.619256
91.6575 -0.660304
91.7575 -0.618374
91.8575 -0.46127
91.9575 -0.346152
92.0575 -0.163106
92.1575 0.0174507
92.2575 0.204809
92.3575 0.303431
92.4575 0.355597
92.5575 0.475812
92.6575 0.541565
92.7575 0.504744
92.8575 0.461521
92.9575 0.401974
93.0575 0.358626
93.1575 0.288807
93.2575 0.310086
93.3575 0.346393
93.4575 0.3663
93.5575 0.365062
93.6575 0.264254
93.7575 0.17793
93.8575 0.0318406
93.9575 -0.0943403
94.0575 -0.205088
94.1575 -0.230292
94.2575 -0.214095
94.3575 -0.193384
94.4575 -0.0680725
94.5575 0.0412624
94.6575 0.220529
94.7575 0.376552
94.8575 0.515323
94.9575 0.626447
95.0575 0.65381
95.1575 0.616193
95.2575 0.481885
95.3575 0.34353
95.4575 0.200849
95.5575 0.0647092
95.6575 -0.0301778
95.7575 -0.0144044
95.8575 -0.0187129
95.9575 -0.0380377
96.0575 -0.0597724
96.1575 -0.0900889
96.2575 -0.143528
96.3575 -0.29216
96.4575 -0.441805
96.5575 -0.441375
96.6575 -0.47022
96.7575 -0.474098
96.8575 -0.364002
96.9575 -0.194947
97.0575 -0.0710855
97.1575 0.0473798
97.2575 0.132538
97.3575 0.172876
97.4575 0.153221
97.5575 0.0721599
97.6575 0.0316301
97.7575 0.0143018
97.8575 -0.0101015
97.9575 -0.0562738
98.0575 -0.0183325
98.1575 0.00541713
98.2575 0.0271107
98.3575 0.0124139
98.4575 -0.0429853
98.5575 -0.0989486
98.6575 -0.132605
98.7575 -0.189717
98.8575 -0.242602
98.9575 -0.213885
