-10.0101 0.139473
-9.9101 0.277813
-9.8101 0.361145
-9.7101 0.400716
-9.6101 0.409902
-9.5101 0.349536
-9.4101 0.215328
-9.3101 0.0284222
-9.2101 -0.170763
-9.1101 -0.336905
-9.0101 -0.424037
-8.9101 -0.455238
-8.8101 -0.434949
-8.7101 -0.373332
-8.6101 -0.261991
-8.5101 -0.101482
-8.4101 0.0850033
-8.3101 0.231731
-8.2101 0.294193
-8.1101 0.248031
-8.0101 0.139709
-7.9101 0.0611016
-7.8101 0.0443378
-7.7101 0.0576912
-7.6101 0.0880699
-7.5101 0.159018
-7.4101 0.270792
-7.3101 0.383897
-7.2101 0.443509
-7.1101 0.438011
-7.0101 0.337575
-6.9101 0.155635
-6.8101 -0.0738434
-6.7101 -0.32645
-6.6101 -0.561475
-6.5101 -0.720445
-6.4101 -0.760648
-6.3101 -0.717763
-6.2101 -0.554005
-6.1101 -0.259999
-6.0101 0.133449
-5.9101 0.525356
-5.8101 0.840301
-5.7101 1.03426
-5.6101 1.07023
-5.5101 0.916413
-5.4101 0.579944
-5.3101 0.11924
-5.2101 -0.392284
-5.1101 -0.859222
-5.0101 -1.18906
-4.9101 -1.3143
-4.8101 -1.18167
-4.7101 -0.832159
-4.6101 -0.317902
-4.5101 0.30052
-4.4101 0.885721
-4.3101 1.32458
-4.2101 1.49708
-4.1101 1.43424
-4.0101 1.12328
-3.9101 0.6141
-3.8101 -0.0116863
-3.7101 -0.642498
-3.6101 -1.14943
-3.5101 -1.45218
-3.4101 -1.5019
-3.3101 -1.31662
-3.2101 -0.894605
-3.1101 -0.311137
-3.0101 0.353639
-2.9101 0.960028
-2.8101 1.40243
-2.7101 1.59328
-2.6101 1.5148
-2.5101 1.14235
-2.4101 0.532559
-2.3101 -0.199613
-2.2101 -0.922868
-2.1101 -1.46462
-2.0101 -1.71852
-1.9101 -1.68081
-1.8101 -1.34147
-1.7101 -0.725108
-1.6101 0.0499801
-1.5101 0.826106
-1.4101 1.46236
-1.3101 1.85234
-1.2101 1.92863
-1.1101 1.67805
-1.0101 1.14128
-0.910101 0.434897
-0.810101 -0.338379
-0.710101 -1.06453
-0.610101 -1.6112
-0.510101 -1.86575
-0.410101 -1.77872
-0.310101 -1.39601
-0.210101 -0.791449
-0.110101 -0.0850872
-0.0101011 0.617594
0.0898989 1.19788
0.189899 1.58866
0.289899 1.67468
0.389899 1.42255
0.489899 0.894986
0.589899 0.246279
0.689899 -0.369525
0.789899 -0.835945
0.889899 -1.1261
0.989899 -1.19699
1.0899 -1.07079
1.1899 -0.763658
1.2899 -0.300176
1.3899 0.233119
1.4899 0.708139
1.5899 1.00535
1.6899 1.07052
1.7899 0.915718
1.8899 0.5857
1.9899 0.135328
2.0899 -0.336879
2.1899 -0.766974
2.2899 -1.07651
2.3899 -1.18476
2.4899 -1.05544
2.5899 -0.70628
2.6899 -0.201249
2.7899 0.349793
2.8899 0.85864
2.9899 1.2207
3.0899 1.37263
3.1899 1.31032
3.2899 1.03968
3.3899 0.586282
3.4899 0.0283913
3.5899 -0.539653
3.6899 -1.0226
3.7899 -1.32152
3.8899 -1.37134
3.9899 -1.14502
4.0899 -0.69154
4.1899 -0.125479
4.2899 0.458258
4.3899 0.981107
4.4899 1.35148
4.5899 1.4858
4.6899 1.36407
4.7899 0.990131
4.8899 0.428455
4.9899 -0.234882
5.0899 -0.842197
5.1899 -1.28007
5.2899 -1.49116
5.3899 -1.4409
5.4899 -1.12461
5.5899 -0.630202
5.6899 -0.0697527
5.7899 0.459874
5.8899 0.874026
5.9899 1.09993
6.0899 1.11282
6.1899 0.909076
6.2899 0.53742
6.3899 0.0919225
6.4899 -0.324951
6.5899 -0.635443
6.6899 -0.785075
6.7899 -0.755134
6.8899 -0.579794
6.9899 -0.318395
7.0899 -0.000845291
7.1899 0.324115
7.2899 0.590511
7.3899 0.729219
7.4899 0.681268
7.5899 0.476376
7.6899 0.170233
7.7899 -0.12837
7.8899 -0.355926
7.9899 -0.508313
8.0899 -0.573431
8.1899 -0.530478
8.2899 -0.364311
8.3899 -0.092515
8.4899 0.223022
8.5899 0.4841
8.6899 0.618875
8.7899 0.609905
8.8899 0.500727
8.9899 0.326204
9.0899 0.101025
9.1899 -0.149669
9.2899 -0.359952
9.3899 -0.496008
9.4899 -0.551722
9.5899 -0.516577
9.6899 -0.367091
9.7899 -0.141402
9.8899 0.105637
9.9899 0.32928
10.0899 0.465759
10.1899 0.467409
10.2899 0.341983
10.3899 0.147226
10.4899 -0.058125
10.5899 -0.256537
10.6899 -0.405657
10.7899 -0.479988
10.8899 -0.457102
10.9899 -0.322303
11.0899 -0.0964207
11.1899 0.180023
11.2899 0.441598
11.3899 0.64239
11.4899 0.732797
11.5899 0.691761
11.6899 0.507347
11.7899 0.209553
11.8899 -0.141297
11.9899 -0.453387
12.0899 -0.637851
12.1899 -0.685673
12.2899 -0.604145
12.3899 -0.403147
12.4899 -0.133618
12.5899 0.157384
12.6899 0.439672
12.7899 0.67487
12.8899 0.788921
12.9899 0.751268
13.0899 0.548363
13.1899 0.205878
13.2899 -0.203722
13.3899 -0.593425
13.4899 -0.905873
13.5899 -1.08267
13.6899 -1.11065
13.7899 -0.976731
13.8899 -0.675252
13.9899 -0.225488
14.0899 0.307025
14.1899 0.843059
14.2899 1.28405
14.3899 1.54445
14.4899 1.58641
14.5899 1.39754
14.6899 1.01628
14.7899 0.504701
14.8899 -0.0717541
14.9899 -0.621154
15.0899 -1.05949
15.1899 -1.29494
15.2899 -1.29928
15.3899 -1.10532
15.4899 -0.773219
15.5899 -0.391392
15.6899 -0.0488606
15.7899 0.193326
15.8899 0.301341
15.9899 0.264291
16.0899 0.131608
16.1899 0.00492724
16.2899 -0.0149261
16.3899 0.167594
16.4899 0.629577
16.5899 1.34516
16.6899 2.15944
16.7899 2.79332
16.8899 2.95276
16.9899 2.4337
17.0899 1.11862
17.1899 -1.09201
17.2899 -3.97687
17.3899 -6.77486
17.4899 -8.57686
17.5899 -8.95886
17.6899 -7.80617
17.7899 -4.89199
17.8899 -0.317549
17.9899 5.02717
18.0899 9.75204
18.1899 12.734
18.2899 13.6373
18.3899 12.5191
18.4899 9.40623
18.5899 4.74964
18.6899 -0.428484
18.7899 -5.16123
18.8899 -8.9411
18.9899 -11.5529
19.0899 -12.8675
19.1899 -12.7576
19.2899 -11.3558
19.3899 -9.03282
19.4899 -6.21047
19.5899 -3.22493
19.6899 -0.254128
19.7899 2.6073
19.8899 5.24468
19.9899 7.54539
20.0899 9.33773
20.1899 10.3951
20.2899 10.5448
20.3899 9.73065
20.4899 8.01491
20.5899 5.51056
20.6899 2.46619
20.7899 -0.592268
20.8899 -3.11454
20.9899 -4.81935
21.0899 -5.68101
21.1899 -5.8351
21.2899 -5.56144
21.3899 -5.22356
21.4899 -5.03324
21.5899 -4.9823
21.6899 -4.88841
21.7899 -4.56535
21.8899 -3.85992
21.9899 -2.7938
22.0899 -1.55986
22.1899 -0.410894
22.2899 0.50591
22.3899 1.25477
22.4899 1.98721
22.5899 2.78931
22.6899 3.68626
22.7899 4.58013
22.8899 5.23053
22.9899 5.42813
23.0899 5.10924
23.1899 4.37755
23.2899 3.45267
23.3899 2.58477
23.4899 1.90292
23.5899 1.36634
23.6899 0.848098
23.7899 0.199456
23.8899 -0.670319
23.9899 -1.67016
24.0899 -2.62793
24.1899 -3.35477
24.2899 -3.79493
24.3899 -4.01677
24.4899 -4.13532
24.5899 -4.21354
24.6899 -4.24674
24.7899 -4.14226
24.8899 -3.75018
24.9899 -2.99799
25.0899 -1.90868
25.1899 -0.640018
25.2899 0.602518
25.3899 1.60796
25.4899 2.28348
25.5899 2.68769
25.6899 2.91333
25.7899 3.03163
25.8899 3.07608
25.9899 2.9761
26.0899 2.62112
26.1899 1.96796
26.2899 1.17052
26.3899 0.476299
26.4899 0.0761123
26.5899 0.0275758
26.6899 0.29655
26.7899 0.732022
26.8899 1.14555
26.9899 1.34183
27.0899 1.25631
27.1899 0.946947
27.2899 0.509834
27.3899 0.025233
27.4899 -0.486774
27.5899 -0.996986
27.6899 -1.44199
27.7899 -1.77164
27.8899 -1.92284
27.9899 -1.87136
28.0899 -1.63649
28.1899 -1.28501
28.2899 -0.949551
28.3899 -0.742109
28.4899 -0.7394
28.5899 -0.961822
28.6899 -1.32159
28.7899 -1.67808
28.8899 -1.89916
28.9899 -1.93039
29.0899 -1.79657
29.1899 -1.5134
29.2899 -1.12526
29.3899 -0.596888
29.4899 0.069225
29.5899 0.816107
29.6899 1.56396
29.7899 2.26822
29.8899 2.87474
29.9899 3.33862
30.0899 3.6322
30.1899 3.68392
30.2899 3.456
30.3899 2.9481
30.4899 2.21572
30.5899 1.33858
30.6899 0.446479
30.7899 -0.342423
30.8899 -0.919578
30.9899 -1.21163
31.0899 -1.21691
31.1899 -0.995345
31.2899 -0.698023
31.3899 -0.47003
31.4899 -0.352718
31.5899 -0.35969
31.6899 -0.454271
31.7899 -0.604483
31.8899 -0.768961
31.9899 -0.897989
32.0899 -0.947632
32.1899 -0.898896
32.2899 -0.768661
32.3899 -0.616162
32.4899 -0.545598
32.5899 -0.621986
32.6899 -0.860895
32.7899 -1.20389
32.8899 -1.5485
32.9899 -1.84141
33.0899 -2.00888
33.1899 -1.9416
33.2899 -1.62006
33.3899 -1.1038
33.4899 -0.5004
33.5899 0.103717
33.6899 0.671446
33.7899 1.19727
33.8899 1.66432
33.9899 2.03317
34.0899 2.24426
34.1899 2.24557
34.2899 2.02513
34.3899 1.66285
34.4899 1.26327
34.5899 0.890245
34.6899 0.605826
34.7899 0.459888
34.8899 0.464185
34.9899 0.60315
35.0899 0.823873
35.1899 0.998428
35.2899 1.07959
35.3899 1.11991
35.4899 1.14651
35.5899 1.11959
35.6899 0.962282
35.7899 0.60949
35.8899 0.0671168
35.9899 -0.597787
36.0899 -1.26376
36.1899 -1.7801
36.2899 -2.05041
36.3899 -2.09451
36.4899 -1.98401
36.5899 -1.7826
36.6899 -1.55656
36.7899 -1.37743
36.8899 -1.23974
36.9899 -1.11994
37.0899 -0.98386
37.1899 -0.806778
37.2899 -0.602823
37.3899 -0.413207
37.4899 -0.257537
37.5899 -0.0711721
37.6899 0.168787
37.7899 0.436953
37.8899 0.681151
37.9899 0.849522
38.0899 0.884996
38.1899 0.792052
38.2899 0.623973
38.3899 0.426872
38.4899 0.259496
38.5899 0.180219
38.6899 0.159736
38.7899 0.164627
38.8899 0.180653
38.9899 0.181439
39.0899 0.208095
39.1899 0.284598
39.2899 0.410137
39.3899 0.568275
39.4899 0.725436
39.5899 0.862223
39.6899 0.918761
39.7899 0.922553
39.8899 0.888722
39.9899 0.84097
40.0899 0.809633
40.1899 0.791286
40.2899 0.778477
40.3899 0.76292
40.4899 0.695018
40.5899 0.581173
40.6899 0.440173
40.7899 0.270575
40.8899 0.0782025
40.9899 -0.145025
41.0899 -0.410341
41.1899 -0.726966
41.2899 -1.08788
41.3899 -1.45799
41.4899 -1.77336
41.5899 -1.93786
41.6899 -1.91781
41.7899 -1.73836
41.8899 -1.47087
41.9899 -1.15906
42.0899 -0.839323
42.1899 -0.518013
42.2899 -0.19925
42.3899 0.125026
42.4899 0.409315
42.5899 0.596952
42.6899 0.689551
42.7899 0.685638
42.8899 0.600112
42.9899 0.440159
43.0899 0.226268
43.1899 -0.0194646
43.2899 -0.261466
43.3899 -0.426924
43.4899 -0.487696
43.5899 -0.44654
43.6899 -0.297929
43.7899 -0.0865699
43.8899 0.15485
43.9899 0.412222
44.0899 0.692253
44.1899 0.962006
44.2899 1.20742
44.3899 1.37784
44.4899 1.46952
44.5899 1.47767
44.6899 1.38314
44.7899 1.18639
44.8899 0.884898
44.9899 0.497031
45.0899 0.0938034
45.1899 -0.191455
45.2899 -0.303477
45.3899 -0.299848
45.4899 -0.219094
45.5899 -0.0937597
45.6899 0.0266315
45.7899 0.125143
45.8899 0.193678
45.9899 0.224339
46.0899 0.220964
46.1899 0.187879
46.2899 0.0606567
46.3899 -0.182098
46.4899 -0.469874
46.5899 -0.748072
46.6899 -0.960378
46.7899 -1.07344
46.8899 -1.07664
46.9899 -1.00182
47.0899 -0.885163
47.1899 -0.727944
47.2899 -0.559998
47.3899 -0.405679
47.4899 -0.277788
47.5899 -0.192349
47.6899 -0.155624
47.7899 -0.16181
47.8899 -0.2153
47.9899 -0.341138
48.0899 -0.484861
48.1899 -0.568251
48.2899 -0.534376
48.3899 -0.378716
48.4899 -0.119336
48.5899 0.184713
48.6899 0.472141
48.7899 0.694325
48.8899 0.843257
48.9899 0.923984
49.0899 0.926368
49.1899 0.840326
49.2899 0.699592
49.3899 0.534797
49.4899 0.368168
49.5899 0.214278
49.6899 0.10762
49.7899 0.112291
49.8899 0.261488
49.9899 0.554348
50.0899 0.911977
50.1899 1.19942
50.2899 1.34417
50.3899 1.33289
50.4899 1.18635
50.5899 0.926006
50.6899 0.565145
50.7899 0.0960061
50.8899 -0.429877
50.9899 -0.893139
51.0899 -1.18272
51.1899 -1.28553
51.2899 -1.15195
51.3899 -0.786056
51.4899 -0.248795
51.5899 0.36557
51.6899 0.911267
51.7899 1.24848
51.8899 1.26683
51.9899 0.906054
52.0899 0.204927
52.1899 -0.730401
52.2899 -1.73497
52.3899 -2.59828
52.4899 -3.12709
52.5899 -3.17006
52.6899 -2.67935
52.7899 -1.67762
52.8899 -0.31807
52.9899 1.04635
53.0899 2.04794
53.1899 2.51191
53.2899 2.39191
53.3899 1.73844
53.4899 0.719209
53.5899 -0.384867
53.6899 -1.27024
53.7899 -1.76134
53.8899 -1.83001
53.9899 -1.49427
54.0899 -0.913503
54.1899 -0.277453
54.2899 0.295125
54.3899 0.707981
54.4899 0.946259
54.5899 1.03976
54.6899 1.018
54.7899 0.945998
54.8899 0.884948
54.9899 0.864662
55.0899 0.881895
55.1899 0.934869
55.2899 0.988349
55.3899 1.0293
55.4899 1.08011
55.5899 1.11486
55.6899 1.0819
55.7899 0.949801
55.8899 0.708859
55.9899 0.360735
56.0899 -0.0512064
56.1899 -0.458789
56.2899 -0.802883
56.3899 -1.04485
56.4899 -1.13155
56.5899 -1.0548
56.6899 -0.846839
56.7899 -0.562427
56.8899 -0.276454
56.9899 -0.0659548
57.0899 0.0184337
57.1899 -0.026059
57.2899 -0.133092
57.3899 -0.262408
57.4899 -0.407028
57.5899 -0.584624
57.6899 -0.778031
57.7899 -0.93478
57.8899 -1.04372
57.9899 -1.06393
58.0899 -0.973321
58.1899 -0.77959
58.2899 -0.545545
58.3899 -0.303573
58.4899 -0.0505528
58.5899 0.19883
58.6899 0.420646
58.7899 0.616728
58.8899 0.782642
58.9899 0.892424
59.0899 0.882816
59.1899 0.757149
59.2899 0.531774
59.3899 0.260643
59.4899 -0.0139376
59.5899 -0.195735
59.6899 -0.208678
59.7899 -0.0934966
59.8899 0.108111
59.9899 0.367891
60.0899 0.60978
60.1899 0.791135
60.2899 0.892921
60.3899 0.904157
60.4899 0.80671
60.5899 0.612437
60.6899 0.362553
60.7899 0.0606872
60.8899 -0.241681
60.9899 -0.4365
61.0899 -0.492268
61.1899 -0.410205
61.2899 -0.23029
61.3899 -0.0132185
61.4899 0.195715
61.5899 0.366485
61.6899 0.43341
61.7899 0.368485
61.8899 0.22651
61.9899 0.036964
62.0899 -0.159523
62.1899 -0.333668
62.2899 -0.486413
62.3899 -0.614037
62.4899 -0.687411
62.5899 -0.673642
62.6899 -0.569311
62.7899 -0.409407
62.8899 -0.252432
62.9899 -0.11505
63.0899 -0.00996411
63.1899 0.043323
63.2899 0.0516766
63.3899 0.0263302
63.4899 -0.018863
63.5899 -0.0594627
63.6899 -0.113998
63.7899 -0.172083
63.8899 -0.215671
63.9899 -0.221824
64.0899 -0.175654
64.1899 -0.0812778
64.2899 0.0137392
64.3899 0.0820308
64.4899 0.100306
64.5899 0.0710229
64.6899 0.0223421
64.7899 -0.00669773
64.8899 0.0132703
64.9899 0.0724033
65.0899 0.152038
65.1899 0.244846
65.2899 0.348905
65.3899 0.444021
65.4899 0.509657
65.5899 0.555391
65.6899 0.56053
65.7899 0.506488
65.8899 0.398348
65.9899 0.289125
66.0899 0.229505
66.1899 0.21178
66.2899 0.206788
66.3899 0.20914
66.4899 0.202141
66.5899 0.19326
66.6899 0.136099
66.7899 0.032791
66.8899 -0.0824184
66.9899 -0.170546
67.0899 -0.213019
67.1899 -0.221735
67.2899 -0.2081
67.3899 -0.200074
67.4899 -0.172836
67.5899 -0.135668
67.6899 -0.0987349
67.7899 -0.0886861
67.8899 -0.120744
67.9899 -0.160877
68.0899 -0.189404
68.1899 -0.19727
68.2899 -0.188482
68.3899 -0.19493
68.4899 -0.231411
68.5899 -0.289274
68.6899 -0.361441
68.7899 -0.371195
68.8899 -0.359802
68.9899 -0.316644
69.0899 -0.287438
69.1899 -0.259191
69.2899 -0.251109
69.3899 -0.254846
69.4899 -0.269124
69.5899 -0.257021
69.6899 -0.244694
69.7899 -0.178322
69.8899 -0.0247981
69.9899 0.213644
70.0899 0.472334
70.1899 0.701235
70.2899 0.85546
70.3899 0.882264
70.4899 0.792544
70.5899 0.571348
70.6899 0.244817
70.7899 -0.0894555
70.8899 -0.34628
70.9899 -0.502323
71.0899 -0.523937
71.1899 -0.454009
71.2899 -0.303004
71.3899 -0.100243
71.4899 0.121415
71.5899 0.330172
71.6899 0.500943
71.7899 0.603359
71.8899 0.613099
71.9899 0.551395
72.0899 0.410604
72.1899 0.244167
72.2899 0.0727179
72.3899 -0.114079
72.4899 -0.2594
72.5899 -0.369184
72.6899 -0.457465
72.7899 -0.513935
72.8899 -0.511074
72.9899 -0.443155
73.0899 -0.328095
73.1899 -0.217717
73.2899 -0.0808274
73.3899 0.049152
73.4899 0.149282
73.5899 0.19897
73.6899 0.201175
73.7899 0.148954
73.8899 0.0537545
73.9899 -0.0547919
74.0899 -0.180543
74.1899 -0.266828
74.2899 -0.299691
74.3899 -0.294429
74.4899 -0.251293
74.5899 -0.186241
74.6899 -0.0919489
74.7899 0.0308459
74.8899 0.152945
74.9899 0.250641
75.0899 0.243716
75.1899 0.164901
75.2899 0.0629831
75.3899 -0.015497
75.4899 -0.0690045
75.5899 -0.0968041
75.6899 -0.129069
75.7899 -0.137004
75.8899 -0.0862028
75.9899 0.0114444
76.0899 0.119811
76.1899 0.221132
76.2899 0.276838
76.3899 0.295769
76.4899 0.278491
76.5899 0.21573
76.6899 0.132284
76.7899 0.0481197
76.8899 -0.0498096
76.9899 -0.127696
77.0899 -0.182235
77.1899 -0.161252
77.2899 -0.0968681
77.3899 0.0158579
77.4899 0.130457
77.5899 0.231901
77.6899 0.280222
77.7899 0.283737
77.8899 0.219525
77.9899 0.127674
78.0899 0.0222866
78.1899 -0.111817
78.2899 -0.224035
78.3899 -0.282283
78.4899 -0.295769
78.5899 -0.276367
78.6899 -0.236269
78.7899 -0.216805
78.8899 -0.162913
78.9899 -0.0843823
79.0899 0.00768707
79.1899 0.0876986
79.2899 0.132058
79.3899 0.136268
79.4899 0.121843
79.5899 0.0518561
79.6899 -0.0508854
79.7899 -0.151902
79.8899 -0.244498
79.9899 -0.276005
80.0899 -0.2363
80.1899 -0.156986
80.2899 -0.0804532
80.3899 0.00855543
80.4899 0.0627752
80.5899 0.123948
80.6899 0.165777
80.7899 0.179129
80.8899 0.145414
80.9899 0.0827483
81.0899 0.0509295
81.1899 0.014272
81.2899 0.000338778
81.3899 -0.00890454
81.4899 -0.000748415
81.5899 -0.00733003
81.6899 -0.0126077
81.7899 -0.00623689
81.8899 0.00282901
81.9899 0.00710914
82.0899 -0.0109697
82.1899 -0.0234812
82.2899 -0.0233067
82.3899 -0.0104038
82.4899 -0.0132081
82.5899 -0.017786
82.6899 -0.0374072
82.7899 -0.0404165
82.8899 -0.0440497
82.9899 -0.0597224
83.0899 -0.0649468
83.1899 -0.0474083
83.2899 -0.049775
83.3899 -0.0725792
83.4899 -0.0870604
83.5899 -0.110655
83.6899 -0.139097
83.7899 -0.128104
83.8899 -0.101882
83.9899 -0.0683691
84.0899 -0.0211258
84.1899 0.0107127
84.2899 0.0189796
84.3899 0.00386442
84.4899 -0.0314642
84.5899 -0.0634059
84.6899 -0.0780315
84.7899 -0.0828083
84.8899 -0.0866061
84.9899 -0.090617
85.0899 -0.0963225
85.1899 -0.109172
85.2899 -0.116436
85.3899 -0.0851251
85.4899 -0.0378257
85.5899 -0.00406487
85.6899 0.00548233
85.7899 -0.00671897
85.8899 -0.0128371
85.9899 -0.0190887
86.0899 -0.00674217
86.1899 -0.00388174
86.2899 0.0144744
86.3899 0.0129832
86.4899 0.0324017
86.5899 0.053776
86.6899 0.0740922
86.7899 0.081011
86.8899 0.0707844
86.9899 0.0450831
87.0899 -0.00358313
87.1899 -0.0426909
87.2899 -0.0911699
87.3899 -0.122833
87.4899 -0.149565
87.5899 -0.141288
87.6899 -0.0831658
87.7899 -0.0145403
87.8899 0.0355735
87.9899 0.072592
88.0899 0.0945502
88.1899 0.127503
88.2899 0.16806
88.3899 0.195207
88.4899 0.19738
88.5899 0.13651
88.6899 0.0334052
88.7899 -0.0703947
88.8899 -0.149815
88.9899 -0.208899
89.0899 -0.254782
89.1899 -0.264438
89.2899 -0.246113
89.3899 -0.183201
89.4899 -0.09522
89.5899 0.0174458
89.6899 0.104135
89.7899 0.152672
89.8899 0.17686
89.9899 0.171408
90.0899 0.147639
90.1899 0.104552
90.2899 0.0422619
90.3899 -0.0206692
90.4899 -0.0739282
90.5899 -0.115814
90.6899 -0.15101
90.7899 -0.166139
90.8899 -0.147553
90.9899 -0.107085
91.0899 -0.0279922
91.1899 0.0381388
91.2899 0.0789755
91.3899 0.0898217
91.4899 0.0772537
91.5899 0.0386256
91.6899 -0.00883011
91.7899 -0.0394846
91.8899 -0.0587913
91.9899 -0.0781638
92.0899 -0.0879649
92.1899 -0.0854624
92.2899 -0.0658026
