-6.06807 -0.0527691
-5.96807 0.00333412
-5.86807 0.0548311
-5.76807 0.0673286
-5.66807 0.0768757
-5.56807 0.0955316
-5.46807 0.0606968
-5.36807 0.0454326
-5.26807 0.0295763
-5.16807 -0.0714728
-5.06807 -0.132657
-4.96807 -0.149914
-4.86807 -0.11698
-4.76807 -0.0776901
-4.66807 -0.0205476
-4.56807 0.0212067
-4.46807 0.0361158
-4.36807 0.0839301
-4.26807 0.0680859
-4.16807 0.0837509
-4.06807 0.070148
-3.96807 0.0916566
-3.86807 0.123006
-3.76807 0.182281
-3.66807 0.156966
-3.56807 0.0872936
-3.46807 -0.0455798
-3.36807 -0.115665
-3.26807 -0.141313
-3.16807 -0.109131
-3.06807 -0.00145604
-2.96807 0.0930682
-2.86807 0.170642
-2.76807 0.256061
-2.66807 0.358713
-2.56807 0.458457
-2.46807 0.513509
-2.36807 0.464999
-2.26807 0.320028
-2.16807 0.192504
-2.06807 0.0590576
-1.96807 0.0866443
-1.86807 0.14987
-1.76807 0.168635
-1.66807 0.115718
-1.56807 0.173008
-1.46807 0.119615
-1.36807 0.0294599
-1.26807 0.0130648
-1.16807 -0.0236561
-1.06807 -0.0821474
-0.968071 -0.087817
-0.868071 -0.0686538
-0.768071 -0.00923535
-0.668071 0.028741
-0.568071 0.173542
-0.468071 0.259288
-0.368071 0.288141
-0.268071 0.293784
-0.168071 0.223801
-0.0680712 0.177012
0.0319288 0.17507
0.131929 0.150479
0.231929 0.194356
0.331929 0.272272
0.431929 0.283281
0.531929 0.219253
0.631929 0.0933649
0.731929 0.120446
0.831929 0.100924
0.931929 0.0755772
1.03193 0.0939109
1.13193 0.136735
1.23193 0.117666
1.33193 0.00235692
1.43193 -0.0420876
1.53193 -0.106555
1.63193 -0.0212832
1.73193 0.128547
1.83193 0.188988
1.93193 0.244857
2.03193 0.295971
2.13193 0.301735
2.23193 0.344912
2.33193 0.380709
2.43193 0.391602
2.53193 0.316716
2.63193 0.224616
2.73193 0.118129
2.83193 0.106138
2.93193 0.132512
3.03193 0.187079
3.13193 0.259781
3.23193 0.242541
3.33193 0.235944
3.43193 0.211721
3.53193 0.110014
3.63193 0.0967691
3.73193 0.105626
3.83193 0.13236
3.93193 0.164778
4.03193 0.156196
4.13193 0.142798
4.23193 0.0953137
4.33193 0.0257594
4.43193 0.00135319
4.53193 -0.00593787
4.63193 -0.0109649
4.73193 0.0296729
4.83193 0.139247
4.93193 0.216524
5.03193 0.359327
5.13193 0.494319
5.23193 0.519634
5.33193 0.562296
5.43193 0.553505
5.53193 0.516093
5.63193 0.439053
5.73193 0.259387
5.83193 0.167286
5.93193 0.106311
6.03193 0.0414884
6.13193 -0.0357417
6.23193 -0.0938621
6.33193 -0.17208
6.43193 -0.264543
6.53193 -0.20744
6.63193 -0.259032
6.73193 -0.144262
6.83193 -0.0780093
6.93193 -0.0284478
7.03193 0.0787214
7.13193 0.103085
7.23193 0.186706
7.33193 0.253837
7.43193 0.267882
7.53193 0.195301
7.63193 0.0719687
7.73193 -0.0507849
7.83193 -0.0830038
7.93193 0.0697653
8.03193 0.290245
8.13193 0.547602
8.23193 0.785515
8.33193 0.890859
8.43193 0.902794
8.53193 0.903678
8.63193 0.804744
8.73193 0.662542
8.83193 0.52997
8.93193 0.309086
9.03193 0.0253942
9.13193 -0.119538
9.23193 -0.124621
9.33193 -0.105517
9.43193 -0.0294364
9.53193 0.0894599
9.63193 0.243595
9.73193 0.385613
9.83193 0.41779
9.93193 0.416352
10.0319 0.434176
10.1319 0.446466
10.2319 0.538335
10.3319 0.565776
10.4319 0.44871
10.5319 0.35065
10.6319 0.217863
10.7319 0.0726639
10.8319 0.0947048
10.9319 0.120703
11.0319 0.171496
11.1319 0.162898
11.2319 0.123771
11.3319 0.0361202
11.4319 -0.0551161
11.5319 -0.162141
11.6319 -0.273735
11.7319 -0.36383
11.8319 -0.382857
11.9319 -0.381488
12.0319 -0.249307
12.1319 -0.100888
12.2319 -0.0470749
12.3319 -0.0277986
12.4319 -0.0199135
12.5319 0.0469076
12.6319 0.191272
12.7319 0.410478
12.8319 0.521563
12.9319 0.62176
13.0319 0.733874
13.1319 0.933332
13.2319 1.15043
13.3319 1.35208
13.4319 1.59989
13.5319 1.62036
13.6319 1.50455
13.7319 1.27578
13.8319 0.949595
13.9319 0.585729
14.0319 0.264468
14.1319 0.0512564
14.2319 -0.174259
14.3319 -0.323477
14.4319 -0.386502
14.5319 -0.238927
14.6319 -0.0749816
14.7319 0.0970395
14.8319 0.0721213
14.9319 0.0554801
15.0319 0.0351703
15.1319 -0.0499753
15.2319 -0.096732
15.3319 -0.103267
15.4319 -0.0695032
15.5319 -0.0125769
15.6319 0.0244053
15.7319 0.110109
15.8319 0.125308
15.9319 0.233495
16.0319 0.272465
16.1319 0.361816
16.2319 0.479989
16.3319 0.561251
16.4319 0.493036
16.5319 0.368636
16.6319 0.256234
16.7319 0.0230696
16.8319 -0.194021
16.9319 -0.353877
17.0319 -0.576581
17.1319 -0.746515
17.2319 -0.802576
17.3319 -0.780535
17.4319 -0.696674
17.5319 -0.476013
17.6319 -0.104303
17.7319 0.130911
17.8319 0.445257
17.9319 0.821375
18.0319 1.2977
18.1319 1.70993
18.2319 1.90598
18.3319 2.05527
18.4319 2.17647
18.5319 2.2163
18.6319 2.17266
18.7319 1.99801
18.8319 1.63754
18.9319 1.16493
19.0319 0.755346
19.1319 0.24056
19.2319 -0.28706
19.3319 -0.67847
19.4319 -0.920279
19.5319 -0.857171
19.6319 -0.610926
19.7319 -0.293439
19.8319 0.0102599
19.9319 0.155971
20.0319 0.267444
20.1319 0.245299
20.2319 0.206729
20.3319 0.0741932
20.4319 -0.290089
20.5319 -0.646825
20.6319 -0.766042
20.7319 -0.664247
20.8319 -0.541635
20.9319 -0.324583
21.0319 -0.0633796
21.1319 0.200768
21.2319 0.569049
21.3319 0.88916
21.4319 1.22276
21.5319 1.38645
21.6319 1.34382
21.7319 1.04206
21.8319 0.6241
21.9319 0.216701
22.0319 -0.077486
22.1319 -0.232926
22.2319 -0.249111
22.3319 -0.32406
22.4319 -0.233627
22.5319 0.00730228
22.6319 0.239209
22.7319 0.397647
22.8319 0.432093
22.9319 0.367435
23.0319 0.30758
23.1319 0.211772
23.2319 0.207266
23.3319 0.339103
23.4319 0.470456
23.5319 0.638349
23.6319 0.859221
23.7319 1.21956
23.8319 1.58938
23.9319 1.8663
24.0319 2.00764
24.1319 1.94048
24.2319 1.63399
24.3319 1.30242
24.4319 0.896094
24.5319 0.470636
24.6319 0.0725185
24.7319 -0.276294
24.8319 -0.501697
24.9319 -0.541014
25.0319 -0.435664
25.1319 -0.249869
25.2319 -0.132028
25.3319 -0.0978714
25.4319 -0.174909
25.5319 -0.392022
25.6319 -0.67746
25.7319 -0.894658
25.8319 -1.0299
25.9319 -1.12554
26.0319 -1.10349
26.1319 -0.8562
26.2319 -0.390807
26.3319 0.0959669
26.4319 0.554944
26.5319 0.950362
26.6319 1.34147
26.7319 1.65317
26.8319 1.81904
26.9319 1.92208
27.0319 1.92277
27.1319 1.717
27.2319 1.33376
27.3319 0.860903
27.4319 0.451683
27.5319 0.100269
27.6319 -0.180457
27.7319 -0.328134
27.8319 -0.318507
27.9319 -0.112714
28.0319 0.119393
28.1319 0.233516
28.2319 0.285648
28.3319 0.347175
28.4319 0.386317
28.5319 0.32698
28.6319 0.277882
28.7319 0.347453
28.8319 0.583435
28.9319 0.937484
29.0319 1.24292
29.1319 1.33479
29.2319 1.26775
29.3319 1.21873
29.4319 1.1767
29.5319 1.10608
29.6319 0.956452
29.7319 0.724941
29.8319 0.384845
29.9319 0.0384296
30.0319 -0.216896
30.1319 -0.38697
30.2319 -0.608449
30.3319 -0.86835
30.4319 -1.08693
30.5319 -1.15403
30.6319 -1.08346
30.7319 -0.897773
30.8319 -0.68567
30.9319 -0.511331
31.0319 -0.329322
31.1319 -0.0464354
31.2319 0.323601
31.3319 0.702588
31.4319 1.01057
31.5319 1.27135
31.6319 1.45177
31.7319 1.57848
31.8319 1.66766
31.9319 1.65441
32.0319 1.52185
32.1319 1.25961
32.2319 0.974434
32.3319 0.774014
32.4319 0.649334
32.5319 0.543623
32.6319 0.383547
32.7319 0.186643
32.8319 0.0375247
32.9319 -0.0477293
33.0319 -0.0523706
33.1319 -0.0980607
33.2319 -0.262906
33.3319 -0.376991
33.4319 -0.341188
33.5319 -0.14688
33.6319 0.169443
33.7319 0.545375
33.8319 0.872103
33.9319 1.16147
34.0319 1.44329
34.1319 1.62771
34.2319 1.67756
34.3319 1.46922
34.4319 1.02926
34.5319 0.498512
34.6319 0.0691733
34.7319 -0.15197
34.8319 -0.283234
34.9319 -0.412604
35.0319 -0.486879
35.1319 -0.533666
35.2319 -0.639616
35.3319 -0.76771
35.4319 -0.907081
35.5319 -1.08837
35.6319 -1.24564
35.7319 -1.24709
35.8319 -1.05102
35.9319 -0.700095
36.0319 -0.283214
36.1319 0.153911
36.2319 0.666715
36.3319 1.20368
36.4319 1.67472
36.5319 2.08114
36.6319 2.35476
36.7319 2.47267
36.8319 2.49679
36.9319 2.47287
37.0319 2.42122
37.1319 2.3322
37.2319 2.15597
37.3319 1.82711
37.4319 1.32434
37.5319 0.752675
37.6319 0.247609
37.7319 -0.116896
37.8319 -0.417205
37.9319 -0.685704
38.0319 -0.945774
38.1319 -1.16363
38.2319 -1.28962
38.3319 -1.44215
38.4319 -1.65984
38.5319 -1.78445
38.6319 -1.59778
38.7319 -1.13033
38.8319 -0.516497
38.9319 0.00936892
39.0319 0.440491
39.1319 0.815454
39.2319 1.14929
39.3319 1.4716
39.4319 1.66786
39.5319 1.72265
39.6319 1.61092
39.7319 1.39423
39.8319 1.18827
39.9319 1.05377
40.0319 0.941287
40.1319 0.788623
40.2319 0.634765
40.3319 0.626156
40.4319 0.796438
40.5319 0.970732
40.6319 1.01723
40.7319 0.832315
40.8319 0.244479
40.9319 -0.775587
41.0319 -2.2601
41.1319 -4.26501
41.2319 -6.41176
41.3319 -7.88085
41.4319 -7.77819
41.5319 -5.67417
41.6319 -1.4605
41.7319 5.04828
41.8319 14.1103
41.9319 24.687
42.0319 33.6351
42.1319 37.6519
42.2319 34.581
42.3319 21.7346
42.4319 -4.65404
42.5319 -43.0097
42.6319 -83.0278
42.7319 -111.517
42.8319 -119.959
42.9319 -109.066
43.0319 -82.9589
43.1319 -44.0768
43.2319 4.5929
43.3319 57.5152
43.4319 106.765
43.5319 144.421
43.6319 164.579
43.7319 163.549
43.8319 133.425
43.9319 73.4313
44.0319 -2.62284
44.1319 -72.3532
44.2319 -121.35
44.3319 -146.356
44.4319 -151.099
44.5319 -140.085
44.6319 -119.009
44.7319 -93.4422
44.8319 -66.6334
44.9319 -39.568
45.0319 -12.4522
45.1319 14.5148
45.2319 40.7367
45.3319 64.6252
45.4319 83.4578
45.5319 94.1217
45.6319 95.2401
45.7319 88.5499
45.8319 77.8334
45.9319 66.315
46.0319 55.1473
46.1319 43.942
46.2319 31.9328
46.3319 17.8016
46.4319 0.316959
46.5319 -20.1653
46.6319 -41.0525
46.7319 -58.7866
46.8319 -70.9704
46.9319 -77.1818
47.0319 -78.1549
47.1319 -74.9064
47.2319 -68.6558
47.3319 -60.1988
47.4319 -49.8688
47.5319 -37.7865
47.6319 -24.2302
47.7319 -10.0327
47.8319 3.59003
47.9319 15.4627
48.0319 24.9439
48.1319 31.9446
48.2319 36.9164
48.3319 40.6612
48.4319 43.9454
48.5319 46.9839
48.6319 49.3256
48.7319 50.1569
48.8319 48.6966
48.9319 44.6841
49.0319 38.4645
49.1319 30.8392
49.2319 22.6823
49.3319 14.4005
49.4319 5.99318
49.5319 -2.67777
49.6319 -11.4995
49.7319 -20.0122
49.8319 -27.6555
49.9319 -33.8404
50.0319 -38.2205
50.1319 -40.8912
50.2319 -42.0646
50.3319 -42.0628
50.4319 -41.2077
50.5319 -39.5685
50.6319 -36.9547
50.7319 -33.159
50.8319 -28.1424
50.9319 -22.2549
51.0319 -15.9739
51.1319 -9.72512
51.2319 -3.81375
51.3319 1.76445
51.4319 7.20808
51.5319 12.5903
51.6319 17.9099
51.7319 22.8821
51.8319 27.1963
51.9319 30.6822
52.0319 33.2979
52.1319 35.0063
52.2319 35.8646
52.3319 35.9367
52.4319 35.0998
52.5319 33.081
52.6319 29.7562
52.7319 25.1894
52.8319 19.7989
52.9319 14.0229
53.0319 8.24544
53.1319 2.68455
53.2319 -2.60897
53.3319 -7.74699
53.4319 -12.8827
53.5319 -17.9162
53.6319 -22.4896
53.7319 -26.169
53.8319 -28.673
53.9319 -29.8047
54.0319 -29.7429
54.1319 -28.9428
54.2319 -27.7695
54.3319 -26.4765
54.4319 -25.2589
54.5319 -24.0397
54.6319 -22.5463
54.7319 -20.5911
54.8319 -18.0196
54.9319 -14.5897
55.0319 -10.2742
55.1319 -5.17385
55.2319 0.52491
55.3319 6.64866
55.4319 12.7717
55.5319 18.2062
55.6319 22.3252
55.7319 24.7981
55.8319 25.4434
55.9319 24.3493
56.0319 21.9673
56.1319 19.0753
56.2319 16.511
56.3319 14.7176
56.4319 13.6861
56.5319 13.2329
56.6319 13.1598
56.7319 13.1965
56.8319 13.1963
56.9319 13.0575
57.0319 12.771
57.1319 12.2443
57.2319 11.3952
57.3319 9.99585
57.4319 7.79904
57.5319 4.76904
57.6319 1.03276
57.7319 -3.21026
57.8319 -7.6324
57.9319 -11.9957
58.0319 -16.0535
58.1319 -19.6244
58.2319 -22.5546
58.3319 -24.8521
58.4319 -26.5222
58.5319 -27.466
58.6319 -27.5737
58.7319 -26.804
58.8319 -25.2311
58.9319 -23.0638
59.0319 -20.3765
59.1319 -17.198
59.2319 -13.6543
59.3319 -9.94584
59.4319 -6.13363
59.5319 -2.24967
59.6319 1.64856
59.7319 5.36685
59.8319 8.73675
59.9319 11.6203
60.0319 13.9227
60.1319 15.6199
60.2319 16.8312
60.3319 17.7877
60.4319 18.7026
60.5319 19.6133
60.6319 20.3905
60.7319 20.9207
60.8319 21.07
60.9319 20.8286
61.0319 20.0356
61.1319 18.5764
61.2319 16.4338
61.3319 13.6201
61.4319 10.3607
61.5319 6.94906
61.6319 3.61116
61.7319 0.444087
61.8319 -2.29809
61.9319 -4.54529
62.0319 -6.30645
62.1319 -7.66623
62.2319 -8.74739
62.3319 -9.68557
62.4319 -10.5099
62.5319 -11.1993
62.6319 -11.6392
62.7319 -11.8015
62.8319 -11.8082
62.9319 -11.6317
63.0319 -11.3641
63.1319 -11.1334
63.2319 -10.9433
63.3319 -10.8329
63.4319 -10.8336
63.5319 -10.9257
63.6319 -10.9405
63.7319 -10.6552
63.8319 -10.0487
63.9319 -9.14688
64.0319 -7.95758
64.1319 -6.44018
64.2319 -4.72373
64.3319 -2.81223
64.4319 -0.766934
64.5319 1.24364
64.6319 2.9797
64.7319 4.41518
64.8319 5.73292
64.9319 7.09734
65.0319 8.53626
65.1319 10.0478
65.2319 11.5037
65.3319 12.8556
65.4319 13.9556
65.5319 14.6774
65.6319 14.9199
65.7319 14.6858
65.8319 14.0412
65.9319 13.1389
66.0319 12.2324
66.1319 11.401
66.2319 10.6126
66.3319 9.69316
66.4319 8.61128
66.5319 7.32305
66.6319 5.81798
66.7319 4.22668
66.8319 2.63417
66.9319 1.06664
67.0319 -0.47823
67.1319 -1.98771
67.2319 -3.49156
67.3319 -5.08492
67.4319 -6.81475
67.5319 -8.59608
67.6319 -10.2997
67.7319 -11.792
67.8319 -12.9685
67.9319 -13.757
68.0319 -14.1228
68.1319 -14.1917
68.2319 -14.076
68.3319 -13.7225
68.4319 -13.0812
68.5319 -12.192
68.6319 -11.0883
68.7319 -9.77681
68.8319 -8.28625
68.9319 -6.69431
69.0319 -5.11677
69.1319 -3.6211
69.2319 -2.21669
69.3319 -0.851877
69.4319 0.521189
69.5319 1.9453
69.6319 3.40078
69.7319 4.89092
69.8319 6.34509
69.9319 7.64981
70.0319 8.81689
70.1319 9.88374
70.2319 10.7612
70.3319 11.4136
70.4319 11.8332
70.5319 12.0278
70.6319 11.9216
70.7319 11.5553
70.8319 11.0222
70.9319 10.3381
71.0319 9.58688
71.1319 8.81603
71.2319 7.95312
71.3319 6.96148
71.4319 5.93539
71.5319 4.95394
71.6319 3.96102
71.7319 2.86849
71.8319 1.67463
71.9319 0.604661
72.0319 -0.253751
72.1319 -0.983983
72.2319 -1.69413
72.3319 -2.48742
72.4319 -3.37183
72.5319 -4.21402
72.6319 -4.97582
72.7319 -5.64291
72.8319 -6.25998
72.9319 -6.77611
73.0319 -7.24629
73.1319 -7.6283
73.2319 -7.95658
73.3319 -8.26989
73.4319 -8.63133
73.5319 -8.91533
73.6319 -9.09162
73.7319 -9.08138
73.8319 -8.84341
73.9319 -8.34488
74.0319 -7.63113
74.1319 -6.76783
74.2319 -5.65797
74.3319 -4.38757
74.4319 -3.09954
74.5319 -1.85865
74.6319 -0.716473
74.7319 0.339945
74.8319 1.40259
74.9319 2.55169
75.0319 3.6444
75.1319 4.57989
75.2319 5.38544
75.3319 6.17399
75.4319 7.04002
75.5319 7.86844
75.6319 8.59099
75.7319 9.11932
75.8319 9.49481
75.9319 9.73388
76.0319 9.7123
76.1319 9.31009
76.2319 8.47158
76.3319 7.43894
76.4319 6.55872
76.5319 5.954
76.6319 5.7193
76.7319 5.86202
76.8319 6.45752
76.9319 7.47257
77.0319 8.51027
77.1319 8.86341
77.2319 7.7271
77.3319 4.8737
77.4319 0.608141
77.5319 -4.51634
77.6319 -9.66448
77.7319 -13.8524
77.8319 -16.2547
77.9319 -16.4132
78.0319 -14.2937
78.1319 -10.3455
78.2319 -5.45611
78.3319 -0.790832
78.4319 2.631
78.5319 4.2979
78.6319 4.25691
78.7319 2.82921
78.8319 0.423633
78.9319 -2.58619
79.0319 -5.66697
79.1319 -8.33694
79.2319 -10.3991
79.3319 -11.6839
79.4319 -12.1688
79.5319 -11.79
79.6319 -10.5019
79.7319 -8.46862
79.8319 -5.80034
79.9319 -2.92606
80.0319 -0.268358
80.1319 1.91942
80.2319 3.57678
80.3319 4.71363
80.4319 5.4104
80.5319 5.79785
80.6319 6.06616
80.7319 6.46801
80.8319 7.08242
80.9319 7.77018
81.0319 8.42056
81.1319 8.89394
81.2319 9.12383
81.3319 9.11183
81.4319 8.98099
81.5319 8.78816
81.6319 8.34847
81.7319 7.54335
81.8319 6.53919
81.9319 5.50581
82.0319 4.62342
82.1319 3.87992
82.2319 3.15345
82.3319 2.41874
82.4319 1.6964
82.5319 0.928289
82.6319 0.0624521
82.7319 -0.918916
82.8319 -1.90456
82.9319 -2.74577
83.0319 -3.32893
83.1319 -3.66574
83.2319 -3.83531
83.3319 -3.97309
83.4319 -4.16425
83.5319 -4.44275
83.6319 -4.8548
83.7319 -5.30533
83.8319 -5.65597
83.9319 -5.82647
84.0319 -5.76808
84.1319 -5.50832
84.2319 -5.10297
84.3319 -4.68039
84.4319 -4.29481
84.5319 -4.02935
84.6319 -3.85445
84.7319 -3.59533
84.8319 -3.25736
84.9319 -2.77452
85.0319 -2.15593
85.1319 -1.4689
85.2319 -0.668801
85.3319 0.23859
85.4319 1.13468
85.5319 1.89826
85.6319 2.5194
85.7319 2.9585
85.8319 3.17736
85.9319 3.21333
86.0319 3.22634
86.1319 3.29308
86.2319 3.41339
86.3319 3.62435
86.4319 3.87485
86.5319 4.11527
86.6319 4.39
86.7319 4.59579
86.8319 4.7395
86.9319 4.84087
87.0319 4.93682
87.1319 4.97208
87.2319 4.87944
87.3319 4.71717
87.4319 4.47626
87.5319 4.2135
87.6319 4.0241
87.7319 3.94405
87.8319 3.86693
87.9319 3.62148
88.0319 3.18666
88.1319 2.58731
88.2319 1.89749
88.3319 1.14838
88.4319 0.410738
88.5319 -0.319253
88.6319 -1.02001
88.7319 -1.69732
88.8319 -2.34485
88.9319 -3.06301
89.0319 -3.93226
89.1319 -4.82989
89.2319 -5.63772
89.3319 -6.23147
89.4319 -6.5605
89.5319 -6.72472
89.6319 -6.76632
89.7319 -6.62111
89.8319 -6.22537
89.9319 -5.57952
90.0319 -4.84645
90.1319 -4.13539
90.2319 -3.53516
90.3319 -3.01495
90.4319 -2.44486
90.5319 -1.73449
90.6319 -0.955194
90.7319 -0.260621
90.8319 0.33763
90.9319 0.874991
91.0319 1.41482
91.1319 2.0221
91.2319 2.64887
91.3319 3.23083
91.4319 3.64576
91.5319 3.90341
91.6319 4.16999
91.7319 4.47676
91.8319 4.80413
91.9319 5.11699
92.0319 5.49688
92.1319 5.72174
92.2319 5.77804
92.3319 5.67541
92.4319 5.47061
92.5319 5.25052
92.6319 5.03975
92.7319 4.76785
92.8319 4.42609
92.9319 3.9453
93.0319 3.43707
93.1319 2.88681
93.2319 2.28315
93.3319 1.62479
93.4319 0.845306
93.5319 0.154018
93.6319 -0.616349
93.7319 -1.34022
93.8319 -2.01676
93.9319 -2.53161
94.0319 -2.87755
94.1319 -3.09504
94.2319 -3.22152
94.3319 -3.34953
94.4319 -3.4641
94.5319 -3.52941
94.6319 -3.56719
94.7319 -3.63586
94.8319 -3.73228
94.9319 -3.89049
95.0319 -4.09938
95.1319 -4.19979
95.2319 -4.10426
95.3319 -3.78357
95.4319 -3.22444
95.5319 -2.54386
95.6319 -1.80195
95.7319 -1.07331
95.8319 -0.323137
95.9319 0.458785
96.0319 1.20845
96.1319 1.77269
96.2319 2.25587
