-3.63808 0.971714
-3.53808 0.809423
-3.43808 0.653142
-3.33808 0.486341
-3.23808 0.384822
-3.13808 0.301249
-3.03808 0.263386
-2.93808 0.341691
-2.83808 0.481172
-2.73808 0.679165
-2.63808 0.825104
-2.53808 0.81599
-2.43808 0.640351
-2.33808 0.335767
-2.23808 -0.042762
-2.13808 -0.444623
-2.03808 -0.868524
-1.93808 -1.24916
-1.83808 -1.48027
-1.73808 -1.5442
-1.63808 -1.518
-1.53808 -1.3782
-1.43808 -1.17975
-1.33808 -0.933178
-1.23808 -0.604625
-1.13808 -0.197003
-1.03808 0.206905
-0.938085 0.553837
-0.838085 0.753156
-0.738085 0.822418
-0.638085 0.842777
-0.538085 0.789205
-0.438085 0.715714
-0.338085 0.623456
-0.238085 0.505934
-0.138085 0.391682
-0.038085 0.225447
0.061915 0.0181945
0.161915 -0.268328
0.261915 -0.505299
0.361915 -0.656292
0.461915 -0.683147
0.561915 -0.610716
0.661915 -0.426941
0.761915 -0.226327
0.861915 0.100555
0.961915 0.465513
1.06191 0.850721
1.16192 1.1947
1.26192 1.45007
1.36192 1.68409
1.46192 1.80852
1.56192 1.78339
1.66192 1.55848
1.76192 1.15224
1.86192 0.730121
1.96192 0.306648
2.06192 0.0474059
2.16192 0.0124648
2.26192 0.215324
2.36192 0.533185
2.46192 0.801364
2.56192 0.951799
2.66192 0.927926
2.76192 0.772553
2.86192 0.554178
2.96192 0.208286
3.06192 -0.243328
3.16192 -0.691773
3.26192 -1.09177
3.36192 -1.38238
3.46192 -1.55698
3.56192 -1.72225
3.66192 -1.73408
3.76192 -1.59929
3.86192 -1.30149
3.96192 -0.779806
4.06192 -0.30101
4.16192 0.105683
4.26192 0.412388
4.36192 0.684307
4.46192 0.805259
4.56192 0.804289
4.66192 0.771109
4.76192 0.830785
4.86191 0.951184
4.96191 1.12969
5.06191 1.28048
5.16191 1.27961
5.26191 1.18386
5.36191 1.00994
5.46191 0.789009
5.56191 0.572303
5.66191 0.320732
5.76191 0.155892
5.86191 0.0894937
5.96191 0.0680755
6.06191 0.0287926
6.16191 -0.00628509
6.26191 0.0131688
6.36191 0.0724049
6.46191 0.158562
6.56191 0.201048
6.66191 0.152975
6.76191 0.064321
6.86191 -0.122195
6.96191 -0.334515
7.06191 -0.52168
7.16191 -0.629399
7.26191 -0.640049
7.36191 -0.438008
7.46191 -0.131015
7.56191 0.225937
7.66191 0.552213
7.76191 0.906221
7.86191 1.23842
7.96191 1.47402
8.06191 1.57067
8.16191 1.61057
8.26191 1.59977
8.36191 1.51596
8.46191 1.3666
8.56191 1.14594
8.66191 0.770164
8.76191 0.294756
8.86191 -0.117702
8.96191 -0.525066
9.06191 -0.807338
9.16191 -1.02353
9.26191 -1.15298
9.36191 -1.30282
9.46191 -1.44295
9.56191 -1.58935
9.66191 -1.61125
9.76191 -1.38061
9.86191 -0.919627
9.96191 -0.325478
10.0619 0.390541
10.1619 1.10713
10.2619 1.70375
10.3619 2.22152
10.4619 2.61358
10.5619 2.85411
10.6619 2.9425
10.7619 2.78287
10.8619 2.42174
10.9619 1.86967
11.0619 1.17331
11.1619 0.315038
11.2619 -0.626752
11.3619 -1.56509
11.4619 -2.3109
11.5619 -2.79355
11.6619 -2.87051
11.7619 -2.69097
11.8619 -2.33403
11.9619 -1.78161
12.0619 -1.17932
12.1619 -0.534223
12.2619 0.17863
12.3619 0.843904
12.4619 1.41124
12.5619 1.92121
12.6619 2.26865
12.7619 2.4098
12.8619 2.2781
12.9619 1.95463
13.0619 1.54659
13.1619 1.17253
13.2619 0.876456
13.3619 0.691961
13.4619 0.652736
13.5619 0.713032
13.6619 0.70535
13.7619 0.535491
13.8619 0.269055
13.9619 -0.00400421
14.0619 -0.239638
14.1619 -0.414614
14.2619 -0.460962
14.3619 -0.374952
14.4619 -0.206565
14.5619 -0.0955052
14.6619 -0.196217
14.7619 -0.522493
14.8619 -0.949868
14.9619 -1.2776
15.0619 -1.34306
15.1619 -1.0742
15.2619 -0.476154
15.3619 0.386396
15.4619 1.41066
15.5619 2.40632
15.6619 3.16491
15.7619 3.5652
15.8619 3.63777
15.9619 3.3586
16.0619 2.77617
16.1619 1.9736
16.2619 1.11245
16.3619 0.218942
16.4619 -0.624889
16.5619 -1.35368
16.6619 -1.90228
16.7619 -2.23743
16.8619 -2.35501
16.9619 -2.27176
17.0619 -2.06582
17.1619 -1.79444
17.2619 -1.5011
17.3619 -1.19869
17.4619 -0.972869
17.5619 -0.8122
17.6619 -0.679932
17.7619 -0.5418
17.8619 -0.344571
17.9619 -0.112249
18.0619 0.107035
18.1619 0.291583
18.2619 0.535403
18.3619 0.855221
18.4619 1.23854
18.5619 1.64928
18.6619 2.0076
18.7619 2.32587
18.8619 2.61296
18.9619 2.83739
19.0619 2.92844
19.1619 2.83756
19.2619 2.57526
19.3619 2.18466
19.4619 1.69588
19.5619 1.18084
19.6619 0.680787
19.7619 0.184071
19.8619 -0.30567
19.9619 -0.694599
20.0619 -0.990881
20.1619 -1.22179
20.2619 -1.34092
20.3619 -1.32827
20.4619 -1.16955
20.5619 -0.88653
20.6619 -0.551593
20.7619 -0.247997
20.8619 -0.00802365
20.9619 0.164194
21.0619 0.33524
21.1619 0.550147
21.2619 0.806122
21.3619 1.06737
21.4619 1.26436
21.5619 1.34709
21.6619 1.28515
21.7619 1.04418
21.8619 0.602682
21.9619 -0.0434479
22.0619 -0.800179
22.1619 -1.51547
22.2619 -2.06301
22.3619 -2.41097
22.4619 -2.5443
22.5619 -2.4528
22.6619 -2.13203
22.7619 -1.57471
22.8619 -0.869335
22.9619 -0.140243
23.0619 0.548999
23.1619 1.17599
23.2619 1.74083
23.3619 2.18018
23.4619 2.40741
23.5619 2.31341
23.6619 1.86765
23.7619 1.03959
23.8619 -0.198444
23.9619 -1.798
24.0619 -3.40497
24.1619 -4.42196
24.2619 -4.21789
24.3619 -2.42654
24.4619 0.890928
24.5619 5.69241
24.6619 11.9729
24.7619 18.8718
24.8619 24.2417
24.9619 25.7314
25.0619 21.8246
25.1619 11.0709
25.2619 -8.00357
25.3619 -34.1195
25.4619 -60.78
25.5619 -78.7876
25.6619 -82.3998
25.7619 -71.7799
25.8619 -49.5949
25.9619 -18.2901
26.0619 18.6052
26.1619 56.5405
26.2619 89.1488
26.3619 110.234
26.4619 115.981
26.5619 102.564
26.6619 68.1931
26.7619 20.4785
26.8619 -26.9204
26.9619 -63.3103
27.0619 -86.1117
27.1619 -97.0241
27.2619 -97.6794
27.3619 -90.4969
27.4619 -78.8126
27.5619 -64.8126
27.6619 -49.2044
27.7619 -32.1794
27.8619 -13.9112
27.9619 5.30587
28.0619 24.8619
28.1619 43.5456
28.2619 59.4895
28.3619 70.2444
28.4619 73.8794
28.5619 70.9834
28.6619 64.1041
28.7619 55.2153
28.8619 45.0895
28.9619 33.7745
29.0619 21.0914
29.1619 6.57021
29.2619 -9.61019
29.3619 -25.693
29.4619 -38.917
29.5619 -47.5536
29.6619 -51.2924
29.7619 -51.0352
29.8619 -48.5535
29.9619 -45.5636
30.0619 -42.6641
30.1619 -39.3555
30.2619 -34.7747
30.3619 -28.3183
30.4619 -19.9326
30.5619 -9.99132
30.6619 0.343002
30.7619 9.76329
30.8619 17.5562
30.9619 23.6035
31.0619 28.047
31.1619 31.0533
31.2619 32.9292
31.3619 33.8302
31.4619 33.6102
31.5619 31.9373
31.6619 28.6429
31.7619 24.0001
31.8619 18.7745
31.9619 13.7693
32.0619 9.50352
32.1619 5.9782
32.2619 2.8033
32.3619 -0.60423
32.4619 -4.73677
32.5619 -9.65109
32.6619 -14.7645
32.7619 -19.2281
32.8619 -22.4305
32.9619 -24.195
33.0619 -24.8625
33.1619 -25.0893
33.2619 -25.3846
33.3619 -25.7962
33.4619 -25.9534
33.5619 -25.2933
33.6619 -23.3689
33.7619 -20.0636
33.8619 -15.6126
33.9619 -10.5803
34.0619 -5.49439
34.1619 -0.707732
34.2619 3.71106
34.3619 7.86103
34.4619 11.8376
34.5619 15.6318
34.6619 19.0409
34.7619 21.7712
34.8619 23.6142
34.9619 24.4978
35.0619 24.4568
35.1619 23.7137
35.2619 22.4916
35.3619 20.8952
35.4619 19.0096
35.5619 16.7401
35.6619 13.9849
35.7619 10.7798
35.8619 7.28142
35.9619 3.75078
36.0619 0.44238
36.1619 -2.59231
36.2619 -5.44086
36.3619 -8.1873
36.4619 -10.8788
36.5619 -13.4426
36.6619 -15.681
36.7619 -17.3847
36.8619 -18.5143
36.9619 -19.1582
37.0619 -19.3783
37.1619 -19.3285
37.2619 -19.215
37.3619 -19.1122
37.4619 -18.9031
37.5619 -18.321
37.6619 -17.0246
37.7619 -14.7036
37.8619 -11.3215
37.9619 -7.0187
38.0619 -2.18589
38.1619 2.60749
38.2619 6.89361
38.3619 10.3536
38.4619 12.7859
38.5619 14.0169
38.6619 14.1041
38.7619 13.2906
38.8619 12.0693
38.9619 10.9507
39.0619 10.1645
39.1619 9.80773
39.2619 9.8542
39.3619 10.2131
39.4619 10.7021
39.5619 11.1323
39.6619 11.357
39.7619 11.2923
39.8619 10.9584
39.9619 10.3897
40.0619 9.64499
40.1619 8.71144
40.2619 7.53065
40.3619 5.96389
40.4619 3.91902
40.5619 1.47186
40.6619 -1.29807
40.7619 -4.2561
40.8619 -7.24172
40.9619 -10.0867
41.0619 -12.6926
41.1619 -14.9259
41.2619 -16.6382
41.3619 -17.6979
41.4619 -18.1268
41.5619 -17.9955
41.6619 -17.3584
41.7619 -16.2026
41.8619 -14.5046
41.9619 -12.3715
42.0619 -10.0194
42.1619 -7.62647
42.2619 -5.23131
42.3619 -2.87119
42.4619 -0.633563
42.5619 1.40125
42.6619 3.07927
42.7619 4.32887
42.8619 5.24137
42.9619 5.93439
43.0619 6.52265
43.1619 7.13007
43.2619 7.87588
43.3619 8.83711
43.4619 9.93988
43.5619 11.0499
43.6619 11.9674
43.7619 12.5151
43.8619 12.6306
43.9619 12.1865
44.0619 11.1373
44.1619 9.63366
44.2619 7.89089
44.3619 6.04917
44.4619 4.22334
44.5619 2.52443
44.6619 0.96548
44.7619 -0.413066
44.8619 -1.55455
44.9619 -2.4704
45.0619 -3.18933
45.1619 -3.76906
45.2619 -4.13856
45.3619 -4.21442
45.4619 -4.01497
45.5619 -3.6481
45.6619 -3.23296
45.7619 -2.94256
45.8619 -2.86741
45.9619 -3.129
46.0619 -3.76746
46.1619 -4.70565
46.2619 -5.68783
46.3619 -6.52614
46.4619 -7.05051
46.5619 -7.22758
46.6619 -7.1566
46.7619 -6.90197
46.8619 -6.45428
46.9619 -5.82307
47.0619 -5.1009
47.1619 -4.3941
47.2619 -3.73384
47.3619 -3.10062
47.4619 -2.49206
47.5619 -1.88968
47.6619 -1.21441
47.7619 -0.309552
47.8619 0.845924
47.9619 2.20498
48.0619 3.67491
48.1619 5.08391
48.2619 6.25059
48.3619 7.06673
48.4619 7.55254
48.5619 7.75018
48.6619 7.74197
48.7619 7.72489
48.8619 7.85912
48.9619 8.18645
49.0619 8.52485
49.1619 8.73236
49.2619 8.66158
49.3619 8.17598
49.4619 7.33308
49.5619 6.30654
49.6619 5.24698
49.7619 4.16893
49.8619 3.04835
49.9619 1.85961
50.0619 0.589289
50.1619 -0.790316
50.2619 -2.2545
50.3619 -3.80496
50.4619 -5.36844
50.5619 -6.78206
50.6619 -7.90738
50.7619 -8.63688
50.8619 -9.01229
50.9619 -9.13944
51.0619 -9.06553
51.1619 -8.72962
51.2619 -8.07712
51.3619 -7.15497
51.4619 -6.03592
51.5619 -4.89255
51.6619 -3.83921
51.7619 -2.89133
51.8619 -2.03518
51.9619 -1.25874
52.0619 -0.565295
52.1619 0.0665949
52.2619 0.649791
52.3619 1.22126
52.4619 1.78624
52.5619 2.31012
52.6619 2.62788
52.7619 2.70889
52.8619 2.69641
52.9619 2.70581
53.0619 2.72681
53.1619 2.68829
53.2619 2.63332
53.3619 2.55849
53.4619 2.50757
53.5619 2.51707
53.6619 2.58566
53.7619 2.69715
53.8619 2.87578
53.9619 3.1516
54.0619 3.51226
54.1619 3.88848
54.2619 4.21516
54.3619 4.46997
54.4619 4.64311
54.5619 4.75162
54.6619 4.77752
54.7619 4.67308
54.8619 4.37916
54.9619 3.91328
55.0619 3.33364
55.1619 2.59279
55.2619 1.68823
55.3619 0.672639
55.4619 -0.312078
55.5619 -1.14376
55.6619 -1.80547
55.7619 -2.30273
55.8619 -2.67716
55.9619 -2.9799
56.0619 -3.30106
56.1619 -3.71046
56.2619 -4.10341
56.3619 -4.45282
56.4619 -4.73297
56.5619 -4.96737
56.6619 -5.11753
56.7619 -5.15947
56.8619 -5.04296
56.9619 -4.82236
57.0619 -4.53979
57.1619 -4.1547
57.2619 -3.66536
57.3619 -3.10468
57.4619 -2.50927
57.5619 -1.85224
57.6619 -1.14198
57.7619 -0.44526
57.8619 0.223478
57.9619 0.86879
58.0619 1.40424
58.1619 1.87795
58.2619 2.39689
58.3619 2.9295
58.4619 3.44239
58.5619 3.89154
58.6619 4.30878
58.7619 4.59689
58.8619 4.60598
58.9619 4.28363
59.0619 3.7129
59.1619 3.06674
59.2619 2.51784
59.3619 2.25082
59.4619 2.40662
59.5619 2.97231
59.6619 3.86503
59.7619 4.96768
59.8619 5.96083
59.9619 6.48314
60.0619 6.27895
60.1619 5.2082
60.2619 3.22284
60.3619 0.555352
60.4619 -2.25589
60.5619 -4.56152
60.6619 -5.85949
60.7619 -5.97498
60.8619 -4.95192
60.9619 -3.08772
61.0619 -0.883103
61.1619 1.08335
61.2619 2.4162
61.3619 2.94814
61.4619 2.65735
61.5619 1.68237
61.6619 0.317322
61.7619 -1.13564
61.8619 -2.51238
61.9619 -3.69011
62.0619 -4.6437
62.1619 -5.39979
62.2619 -5.98165
62.3619 -6.30502
62.4619 -6.24172
62.5619 -5.73812
62.6619 -4.87474
62.7619 -3.76508
62.8619 -2.57243
62.9619 -1.42013
63.0619 -0.36403
63.1619 0.540606
63.2619 1.27957
63.3619 1.86033
63.4619 2.34709
63.5619 2.75337
63.6619 3.02972
63.7619 3.08187
63.8619 2.96676
63.9619 2.79965
64.0619 2.63304
64.1619 2.5029
64.2619 2.42361
64.3619 2.43207
64.4619 2.52778
64.5619 2.60801
64.6619 2.62932
64.7619 2.66568
64.8619 2.76866
64.9619 2.88729
65.0619 3.00536
65.1619 3.1679
65.2619 3.33725
65.3619 3.38508
65.4619 3.21222
65.5619 2.75694
65.6619 2.08346
65.7619 1.31986
65.8619 0.604426
65.9619 0.000260645
66.0619 -0.420757
66.1619 -0.618963
66.2619 -0.643401
66.3619 -0.618658
66.4619 -0.6154
66.5619 -0.647195
66.6619 -0.766468
66.7619 -0.991642
66.8619 -1.37848
66.9619 -1.92775
67.0619 -2.5724
67.1619 -3.23436
67.2619 -3.74556
67.3619 -3.96804
67.4619 -3.83155
67.5619 -3.35764
67.6619 -2.63558
67.7619 -1.78673
67.8619 -0.97465
67.9619 -0.315786
68.0619 0.145951
68.1619 0.399858
68.2619 0.445896
68.3619 0.390913
68.4619 0.324256
68.5619 0.275513
68.6619 0.268781
68.7619 0.293715
68.8619 0.29069
68.9619 0.285265
69.0619 0.283008
69.1619 0.288023
69.2619 0.267609
69.3619 0.208641
69.4619 0.18433
69.5619 0.228115
69.6619 0.443104
69.7619 0.839022
69.8619 1.33776
69.9619 1.83348
70.0619 2.23137
70.1619 2.55933
70.2619 2.83614
70.3619 2.96564
70.4619 2.93901
70.5619 2.7989
70.6619 2.6213
70.7619 2.39737
70.8619 2.18316
70.9619 2.0678
71.0619 2.06145
71.1619 2.10266
71.2619 2.06885
71.3619 1.91874
71.4619 1.7218
71.5619 1.50575
71.6619 1.24536
71.7619 0.909471
71.8619 0.517746
71.9619 0.0728209
72.0619 -0.381172
72.1619 -0.8543
72.2619 -1.35996
72.3619 -1.87547
72.4619 -2.38326
72.5619 -2.84397
72.6619 -3.18423
72.7619 -3.36503
72.8619 -3.37118
72.9619 -3.1817
73.0619 -2.75342
73.1619 -2.14298
73.2619 -1.4882
73.3619 -0.972816
73.4619 -0.657336
73.5619 -0.435107
73.6619 -0.299021
73.7619 -0.259935
73.8619 -0.250715
73.9619 -0.240277
74.0619 -0.203066
74.1619 -0.0770372
74.2619 0.151727
74.3619 0.458244
74.4619 0.781126
74.5619 1.05044
74.6619 1.29027
74.7619 1.49224
74.8619 1.61404
74.9619 1.63098
75.0619 1.62585
75.1619 1.65872
75.2619 1.68586
75.3619 1.66624
75.4619 1.70246
75.5619 1.85835
75.6619 2.05057
75.7619 2.19432
75.8619 2.2929
75.9619 2.23054
76.0619 1.96621
76.1619 1.49451
76.2619 0.951634
76.3619 0.471134
76.4619 0.149032
76.5619 -0.0188188
76.6619 -0.0256809
76.7619 0.155429
76.8619 0.442436
76.9619 0.743628
77.0619 0.929016
77.1619 0.917033
77.2619 0.677959
77.3619 0.295573
77.4619 -0.212144
77.5619 -0.726254
77.6619 -1.1623
77.7619 -1.4381
77.8619 -1.52023
77.9619 -1.42594
78.0619 -1.21914
78.1619 -1.07015
78.2619 -0.917602
78.3619 -0.795208
78.4619 -0.632325
78.5619 -0.45477
78.6619 -0.256954
78.7619 -0.0380668
78.8619 0.158306
78.9619 0.267619
79.0619 0.271771
79.1619 0.213732
79.2619 0.129415
79.3619 0.0404809
79.4619 0.032778
79.5619 0.0561208
79.6619 0.140311
79.7619 0.257499
79.8619 0.381575
79.9619 0.464657
80.0619 0.460911
80.1619 0.350143
80.2619 0.200791
80.3619 0.0522938
80.4619 -0.0854075
80.5619 -0.119003
80.6619 -0.174334
80.7619 -0.225395
80.8619 -0.174989
80.9619 0.0439924
81.0619 0.322395
81.1619 0.669281
81.2619 1.04065
81.3619 1.37941
81.4619 1.58461
81.5619 1.65012
81.6619 1.55661
81.7619 1.38225
81.8619 1.13392
81.9619 0.868008
82.0619 0.635873
82.1619 0.570081
82.2619 0.680838
82.3619 0.81794
82.4619 0.841577
82.5619 0.811945
82.6619 0.779192
82.7619 0.708032
82.8619 0.608136
82.9619 0.5693
83.0619 0.526172
83.1619 0.382088
83.2619 0.169685
83.3619 -0.164184
83.4619 -0.523124
83.5619 -0.927515
83.6619 -1.25017
83.7619 -1.59222
83.8619 -1.87009
83.9619 -2.01245
84.0619 -1.97931
84.1619 -1.71379
84.2619 -1.26431
84.3619 -0.735582
84.4619 -0.158079
84.5619 0.361993
84.6619 0.755738
84.7619 1.02498
84.8619 1.14498
84.9619 1.15341
85.0619 1.06389
85.1619 0.874945
85.2619 0.714082
85.3619 0.57726
85.4619 0.575043
85.5619 0.611911
85.6619 0.631317
85.7619 0.621421
85.8619 0.501116
85.9619 0.397183
86.0619 0.31354
86.1619 0.283999
86.2619 0.255811
86.3619 0.170307
86.4619 0.172075
86.5619 0.129532
86.6619 0.0871073
86.7619 0.045713
86.8619 0.0302178
86.9619 0.0342728
87.0619 0.0508622
87.1619 0.0577671
87.2619 0.0577153
87.3619 0.0135579
87.4619 -0.00592206
87.5619 -0.0312719
87.6619 0.00537498
87.7619 0.115424
87.8619 0.21562
87.9619 0.392794
88.0619 0.561819
88.1619 0.661158
88.2619 0.627872
88.3619 0.495351
88.4619 0.373948
88.5619 0.258473
88.6619 0.161327
88.7619 0.0626429
88.8619 0.00928208
88.9619 -0.00910054
89.0619 -0.0357717
89.1619 -0.0776801
89.2619 -0.116815
89.3619 -0.165928
89.4619 -0.186469
89.5619 -0.133558
89.6619 -0.0676351
89.7619 -0.0302583
89.8619 0.0117461
89.9619 0.0239675
90.0619 -0.0274719
90.1619 -0.126401
90.2619 -0.209274
90.3619 -0.26736
90.4619 -0.31121
90.5619 -0.302516
90.6619 -0.253766
90.7619 -0.135714
90.8619 -0.00028812
90.9619 0.109919
91.0619 0.264619
91.1619 0.427948
91.2619 0.633829
91.3619 0.804448
91.4619 0.931876
91.5619 1.01073
91.6619 1.01525
91.7619 0.990389
91.8619 0.898251
91.9619 0.757486
92.0619 0.541792
92.1619 0.284698
92.2619 -0.0575023
92.3619 -0.326085
92.4619 -0.613886
92.5619 -0.823801
92.6619 -0.921455
92.7619 -0.897853
92.8619 -0.731711
92.9619 -0.46076
93.0619 -0.171473
93.1619 0.127394
93.2619 0.389318
93.3619 0.605521
93.4619 0.713771
93.5619 0.737897
93.6619 0.598559
93.7619 0.408654
93.8619 0.193529
93.9619 -0.0402556
94.0619 -0.225911
94.1619 -0.43056
94.2619 -0.570326
94.3619 -0.590115
94.4619 -0.512162
94.5619 -0.351831
94.6619 -0.211426
94.7619 -0.113295
94.8619 -0.0459215
94.9619 0.0797865
95.0619 0.277797
95.1619 0.436747
95.2619 0.534429
95.3619 0.578736
95.4619 0.613807
95.5619 0.643885
95.6619 0.673626
95.7619 0.645561
95.8619 0.55466
95.9619 0.396011
96.0619 0.24388
96.1619 0.0935645
96.2619 -0.0353758
96.3619 -0.152831
96.4619 -0.261994
96.5619 -0.334401
96.6619 -0.358505
96.7619 -0.32409
96.8619 -0.21788
96.9619 -0.0645859
97.0619 0.0275919
97.1619 0.0594312
97.2619 0.0465943
97.3619 0.0580784
97.4619 0.0181052
97.5619 -0.0346588
97.6619 -0.0990646
97.7619 -0.127995
97.8619 -0.196201
97.9619 -0.224179
98.0619 -0.204958
98.1619 -0.174857
98.2619 -0.11677
98.3619 -0.096493
98.4619 -0.059706
98.5619 -0.00511665
98.6619 0.0718787
