0.255232 -0.0757433
0.355232 -0.0571977
0.455232 -0.0437036
0.555232 -0.0100902
0.655232 0.0255745
0.755232 0.0595149
0.855232 0.0889775
0.955232 0.122251
1.05523 0.148635
1.15523 0.116841
1.25523 0.137945
1.35523 0.129395
1.45523 0.12253
1.55523 0.0860848
1.65523 0.0398383
1.75523 -0.0314233
1.85523 0.00696333
1.95523 0.038275
2.05523 0.146463
2.15523 0.204692
2.25523 0.255109
2.35523 0.319595
2.45523 0.341091
2.55523 0.316548
2.65523 0.241853
2.75523 0.201506
2.85523 0.0938791
2.95523 -0.0648731
3.05523 -0.189464
3.15523 -0.253108
3.25523 -0.272896
3.35523 -0.264952
3.45523 -0.230643
3.55523 -0.183862
3.65523 -0.100738
3.75523 -0.0204887
3.85523 0.0457093
3.95523 0.0571839
4.05523 0.0817451
4.15523 0.206133
4.25523 0.242397
4.35523 0.204671
4.45523 0.176063
4.55523 0.16837
4.65523 0.137203
4.75523 0.130512
4.85523 0.129508
4.95523 0.148284
5.05523 0.129492
5.15523 0.153234
5.25523 0.202438
5.35523 0.272631
5.45523 0.323756
5.55523 0.361569
5.65523 0.324922
5.75523 0.26331
5.85523 0.237584
5.95523 0.198389
6.05523 0.139913
6.15523 0.0808862
6.25523 0.0415326
6.35523 0.0618029
6.45523 0.0361715
6.55523 0.0121772
6.65523 -0.0350648
6.75523 -0.0219536
6.85523 0.0364309
6.95523 0.0726159
7.05523 0.115491
7.15523 0.140384
7.25523 0.148544
7.35523 0.170966
7.45523 0.222502
7.55523 0.243137
7.65523 0.204705
7.75523 0.140007
7.85523 0.0531199
7.95523 -0.0593266
8.05523 -0.170441
8.15523 -0.229186
8.25523 -0.248142
8.35523 -0.268573
8.45523 -0.252778
8.55523 -0.198512
8.65523 -0.119962
8.75523 0.0196119
8.85523 0.175964
8.95523 0.277697
9.05523 0.338376
9.15523 0.419981
9.25523 0.497926
9.35523 0.529084
9.45523 0.544301
9.55523 0.533126
9.65523 0.497926
9.75523 0.455201
9.85523 0.391491
9.95523 0.360434
10.0552 0.268906
10.1552 0.199254
10.2552 0.160447
10.3552 0.076144
10.4552 -0.0393107
10.5552 -0.115431
10.6552 -0.161872
10.7552 -0.174866
10.8552 -0.115
10.9552 -0.0329668
11.0552 0.00625251
11.1552 0.161482
11.2552 0.349252
11.3552 0.490746
11.4552 0.549357
11.5552 0.548794
11.6552 0.550727
11.7552 0.507106
11.8552 0.41012
11.9552 0.273345
12.0552 0.123692
12.1552 -0.0498148
12.2552 -0.140056
12.3552 -0.162853
12.4552 -0.118812
12.5552 -0.0960124
12.6552 -0.0363922
12.7552 0.0216311
12.8552 0.0507512
12.9552 0.0491837
13.0552 0.0823949
13.1552 0.0449204
13.2552 -0.0860773
13.3552 -0.16864
13.4552 -0.209546
13.5552 -0.183084
13.6552 -0.0773562
13.7552 0.0762678
13.8552 0.232662
13.9552 0.37199
14.0552 0.457874
14.1552 0.554244
14.2552 0.734183
14.3552 0.911328
14.4552 1.03879
14.5552 1.10111
14.6552 1.1371
14.7552 1.05171
14.8552 0.868249
14.9552 0.637229
15.0552 0.401355
15.1552 0.182604
15.2552 0.0563472
15.3552 -0.0271882
15.4552 -0.130065
15.5552 -0.24206
15.6552 -0.330343
15.7552 -0.429381
15.8552 -0.561566
15.9552 -0.585428
16.0552 -0.638895
16.1552 -0.669284
16.2552 -0.640606
16.3552 -0.534066
16.4552 -0.345576
16.5552 -0.221029
16.6552 -0.0302906
16.7552 0.181484
16.8552 0.409481
16.9552 0.638604
17.0552 0.732424
17.1552 0.767609
17.2552 0.799556
17.3552 0.805773
17.4552 0.713157
17.5552 0.526027
17.6552 0.328753
17.7552 0.220497
17.8552 0.149127
17.9552 0.17197
18.0552 0.203456
18.1552 0.234926
18.2552 0.254576
18.3552 0.277311
18.4552 0.352722
18.5552 0.43025
18.6552 0.486471
18.7552 0.475189
18.8552 0.393538
18.9552 0.324149
19.0552 0.236035
19.1552 0.233396
19.2552 0.229435
19.3552 0.25418
19.4552 0.258377
19.5552 0.22186
19.6552 0.205842
19.7552 0.156269
19.8552 0.119462
19.9552 -0.0132159
20.0552 -0.220381
20.1552 -0.331411
20.2552 -0.390959
20.3552 -0.425142
20.4552 -0.395531
20.5552 -0.316579
20.6552 -0.255567
20.7552 -0.0469864
20.8552 0.274787
20.9552 0.638875
21.0552 0.838211
21.1552 0.913672
21.2552 0.80624
21.3552 0.702541
21.4552 0.535363
21.5552 0.370375
21.6552 0.26489
21.7552 0.184787
21.8552 0.109404
21.9552 0.0961247
22.0552 0.15552
22.1552 0.25356
22.2552 0.3992
22.3552 0.548906
22.4552 0.596401
22.5552 0.488855
22.6552 0.399806
22.7552 0.373803
22.8552 0.317579
22.9552 0.299524
23.0552 0.192874
23.1552 0.156834
23.2552 0.145425
23.3552 0.152675
23.4552 0.177141
23.5552 0.189467
23.6552 0.24816
23.7552 0.364827
23.8552 0.490774
23.9552 0.477704
24.0552 0.372423
24.1552 0.284806
24.2552 0.274246
24.3552 0.260836
24.4552 0.149881
24.5552 0.0618066
24.6552 0.0424309
24.7552 0.169269
24.8552 0.343113
24.9552 0.516832
25.0552 0.653876
25.1552 0.721073
25.2552 0.662662
25.3552 0.489622
25.4552 0.310625
25.5552 0.202794
25.6552 0.133089
25.7552 0.0367749
25.8552 -0.0362395
25.9552 -0.0573325
26.0552 -0.0546168
26.1552 -0.00703252
26.2552 0.00284426
26.3552 -0.0246785
26.4552 -0.117266
26.5552 -0.150102
26.6552 -0.0804962
26.7552 0.0425286
26.8552 0.176096
26.9552 0.293804
27.0552 0.37921
27.1552 0.446383
27.2552 0.569777
27.3552 0.715285
27.4552 0.868785
27.5552 1.01304
27.6552 1.11304
27.7552 1.17125
27.8552 1.11768
27.9552 1.0051
28.0552 0.888564
28.1552 0.816803
28.2552 0.793093
28.3552 0.748675
28.4552 0.649176
28.5552 0.493915
28.6552 0.305397
28.7552 0.144851
28.8552 0.0153303
28.9552 -0.093079
29.0552 -0.122023
29.1552 -0.138023
29.2552 -0.175232
29.3552 -0.226539
29.4552 -0.196089
29.5552 -0.150195
29.6552 -0.139129
29.7552 -0.121902
29.8552 -0.076178
29.9552 -0.0281117
30.0552 0.02558
30.1552 0.105932
30.2552 0.198939
30.3552 0.300738
30.4552 0.425551
30.5552 0.5432
30.6552 0.635273
30.7552 0.68223
30.8552 0.611258
30.9552 0.434525
31.0552 0.134662
31.1552 -0.200942
31.2552 -0.461347
31.3552 -0.594367
31.4552 -0.530278
31.5552 -0.27132
31.6552 0.0797746
31.7552 0.421593
31.8552 0.694732
31.9552 0.873757
32.0552 0.98065
32.1552 1.04569
32.2552 1.13783
32.3552 1.24173
32.4552 1.32201
32.5552 1.40241
32.6552 1.50458
32.7552 1.53358
32.8552 1.40882
32.9552 1.20582
33.0552 1.01365
33.1552 0.863253
33.2552 0.660635
33.3552 0.362762
33.4552 0.00954671
33.5552 -0.37193
33.6552 -0.735076
33.7552 -1.01852
33.8552 -1.20064
33.9552 -1.25707
34.0552 -1.15985
34.1552 -0.970439
34.2552 -0.774196
34.3552 -0.572859
34.4552 -0.313597
34.5552 -0.0364783
34.6552 0.177905
34.7552 0.330077
34.8552 0.463321
34.9552 0.54605
35.0552 0.626311
35.1552 0.753481
35.2552 0.920298
35.3552 1.06536
35.4552 1.1067
35.5552 1.10894
35.6552 1.05503
35.7552 0.928307
35.8552 0.737864
35.9552 0.597325
36.0552 0.558818
36.1552 0.636417
36.2552 0.76496
36.3552 0.872754
36.4552 0.909264
36.5552 0.855928
36.6552 0.578482
36.7552 -0.113898
36.8552 -1.22999
36.9552 -2.71044
37.0552 -4.33338
37.1552 -5.57872
37.2552 -5.83293
37.3552 -4.64209
37.4552 -1.93205
37.5552 2.30768
37.6552 8.13375
37.7552 15.313
37.8552 22.323
37.9552 26.7293
38.0552 26.3794
38.1552 19.5299
38.2552 4.56324
38.3552 -19.5766
38.4552 -49.5445
38.5552 -76.4412
38.6552 -90.604
38.7552 -88.1617
38.8552 -71.2582
38.9552 -43.0779
39.0552 -7.12852
39.1552 32.8824
39.2552 72.1222
39.3552 104.245
39.4552 122.561
39.5552 123.441
39.6552 102.326
39.7552 60.0385
39.8552 7.87043
39.9552 -40.0818
40.0552 -74.8163
40.1552 -94.5204
40.2552 -101.419
40.3552 -97.6812
40.4552 -86.857
40.5552 -72.7153
40.6552 -57.401
40.7552 -41.3947
40.8552 -24.8224
40.9552 -7.77413
41.0552 9.73799
41.1552 27.4492
41.2552 44.4705
41.3552 59.0818
41.4552 69.1336
41.5552 72.9617
41.6552 70.7731
41.7552 64.2952
41.8552 55.2618
41.9552 44.6245
42.0552 32.6808
42.1552 19.3152
42.2552 4.36076
42.3552 -11.6416
42.4552 -26.939
42.5552 -39.4787
42.6552 -48.1022
42.7552 -52.7486
42.8552 -54.3405
42.9552 -54.2301
43.0552 -53.3697
43.1552 -51.6053
43.2552 -48.1474
43.3552 -42.3377
43.4552 -33.8734
43.5552 -23.0207
43.6552 -10.9107
43.7552 0.892867
43.8552 11.3021
43.9552 20.0074
44.0552 26.9834
44.1552 32.3817
44.2552 36.4585
44.3552 39.467
44.4552 41.3609
44.5552 41.7263
44.6552 40.0536
44.7552 36.1073
44.8552 30.4358
44.9552 24.127
45.0552 18.0306
45.1552 12.4376
45.2552 7.22384
45.3552 1.96707
45.4552 -3.75044
45.5552 -10.0643
45.6552 -16.6356
45.7552 -22.536
45.8552 -26.7794
45.9552 -28.9206
46.0552 -29.3692
46.1552 -28.8847
46.2552 -28.1526
46.3552 -27.4987
46.4552 -26.7173
46.5552 -25.3943
46.6552 -23.1515
46.7552 -19.8606
46.8552 -15.7145
46.9552 -11.1748
47.0552 -6.68627
47.1552 -2.49621
47.2552 1.34023
47.3552 5.02138
47.4552 8.74606
47.5552 12.5014
47.6552 15.978
47.7552 18.7797
47.8552 20.6145
47.9552 21.4359
48.0552 21.5507
48.1552 21.3513
48.2552 21.0765
48.3552 20.7286
48.4552 20.1138
48.5552 18.965
48.6552 17.0545
48.7552 14.4227
48.8552 11.2645
48.9552 7.86418
49.0552 4.46727
49.1552 1.15096
49.2552 -2.15228
49.3552 -5.57154
49.4552 -9.09372
49.5552 -12.5883
49.6552 -15.7228
49.7552 -18.0614
49.8552 -19.3155
49.9552 -19.5153
50.0552 -19.1568
50.1552 -18.7111
50.2552 -18.4483
50.3552 -18.411
50.4552 -18.3616
50.5552 -17.9329
50.6552 -16.7713
50.7552 -14.7184
50.8552 -11.8084
50.9552 -8.22156
51.0552 -4.19928
51.1552 -0.0262006
51.2552 4.04231
51.3552 7.75548
51.4552 10.8529
51.5552 13.1212
51.6552 14.3633
51.7552 14.4822
51.8552 13.6431
51.9552 12.3278
52.0552 11.0111
52.1552 10.0793
52.2552 9.78207
52.3552 9.99824
52.4552 10.4331
52.5552 10.7948
52.6552 10.9171
52.7552 10.8087
52.8552 10.6032
52.9552 10.3189
53.0552 9.90505
53.1552 9.34297
53.2552 8.46132
53.3552 7.05342
53.4552 4.98632
53.5552 2.29171
53.6552 -0.819073
53.7552 -4.01674
53.8552 -7.0915
53.9552 -9.90569
54.0552 -12.4398
54.1552 -14.7359
54.2552 -16.7543
54.3552 -18.3015
54.4552 -19.2045
54.5552 -19.3954
54.6552 -18.8686
54.7552 -17.6402
54.8552 -15.9086
54.9552 -13.916
55.0552 -11.8245
55.1552 -9.71366
55.2552 -7.46872
55.3552 -4.98914
55.4552 -2.35451
55.5552 0.196277
55.6552 2.45028
55.7552 4.31438
55.8552 5.80503
55.9552 6.99604
56.0552 8.0203
56.1552 8.98629
56.2552 9.97519
56.3552 11.0894
56.4552 12.3221
56.5552 13.555
56.6552 14.5748
56.7552 15.0881
56.8552 14.9415
56.9552 14.1272
57.0552 12.7064
57.1552 10.8452
57.2552 8.79715
57.3552 6.78524
57.4552 4.9416
57.5552 3.28415
57.6552 1.75734
57.7552 0.373679
57.8552 -0.865184
57.9552 -2.00896
58.0552 -3.15667
58.1552 -4.32866
58.2552 -5.45627
58.3552 -6.39496
58.4552 -7.06564
58.5552 -7.47578
58.6552 -7.59937
58.7552 -7.41121
58.8552 -7.07109
58.9552 -6.76794
59.0552 -6.55555
59.1552 -6.52152
59.2552 -6.63477
59.3552 -6.9048
59.4552 -7.1952
59.5552 -7.45273
59.6552 -7.55137
59.7552 -7.42796
59.8552 -7.0161
59.9552 -6.21336
60.0552 -5.07856
60.1552 -3.80631
60.2552 -2.51103
60.3552 -1.29253
60.4552 -0.211705
60.5552 0.715227
60.6552 1.54446
60.7552 2.3659
60.8552 3.29893
60.9552 4.41504
61.0552 5.65149
61.1552 6.87791
61.2552 7.9505
61.3552 8.80505
61.4552 9.39547
61.5552 9.6713
61.6552 9.71156
61.7552 9.59432
61.8552 9.36562
61.9552 9.06478
62.0552 8.71238
62.1552 8.21989
62.2552 7.51038
62.3552 6.61127
62.4552 5.58437
62.5552 4.51416
62.6552 3.47726
62.7552 2.44915
62.8552 1.45039
62.9552 0.45925
63.0552 -0.582185
63.1552 -1.77154
63.2552 -3.12902
63.3552 -4.55799
63.4552 -5.89848
63.5552 -6.9996
63.6552 -7.8392
63.7552 -8.40197
63.8552 -8.71335
63.9552 -8.90476
64.0552 -9.00957
64.1552 -8.96996
64.2552 -8.78113
64.3552 -8.39507
64.4552 -7.79217
64.5552 -6.9704
64.6552 -6.05693
64.7552 -5.12252
64.8552 -4.20623
64.9552 -3.23991
65.0552 -2.171
65.1552 -1.06909
65.2552 0.0313269
65.3552 1.09091
65.4552 2.01867
65.5552 2.792
65.6552 3.39006
65.7552 3.8112
65.8552 4.14803
65.9552 4.4692
66.0552 4.76825
66.1552 5.0573
66.2552 5.32158
66.3552 5.53002
66.4552 5.71213
66.5552 5.83164
66.6552 5.82976
66.7552 5.76856
66.8552 5.71273
66.9552 5.62245
67.0552 5.39957
67.1552 5.05245
67.2552 4.68865
67.3552 4.34163
67.4552 4.0012
67.5552 3.67007
67.6552 3.33998
67.7552 3.02388
67.8552 2.68325
67.9552 2.2537
68.0552 1.66516
68.1552 0.903144
68.2552 0.0602931
68.3552 -0.775409
68.4552 -1.55507
68.5552 -2.26248
68.6552 -2.86386
68.7552 -3.39755
68.8552 -3.82248
68.9552 -4.20978
69.0552 -4.58764
69.1552 -4.90557
69.2552 -5.12812
69.3552 -5.28657
69.4552 -5.38542
69.5552 -5.41511
69.6552 -5.46128
69.7552 -5.55079
69.8552 -5.57417
69.9552 -5.40757
70.0552 -5.06234
70.1552 -4.59959
70.2552 -4.0259
70.3552 -3.3443
70.4552 -2.58099
70.5552 -1.76894
70.6552 -0.874665
70.7552 0.0976468
70.8552 1.09191
70.9552 2.07011
71.0552 2.94875
71.1552 3.68336
71.2552 4.26336
71.3552 4.72591
71.4552 5.03431
71.5552 5.21993
71.6552 5.28963
71.7552 5.22978
71.8552 5.11727
71.9552 4.91832
72.0552 4.60064
72.1552 4.2388
72.2552 3.89048
72.3552 3.6584
72.4552 3.6732
72.5552 4.03641
72.6552 4.72922
72.7552 5.62698
72.8552 6.45984
72.9552 6.85552
73.0552 6.49056
73.1552 5.19096
73.2552 2.91373
73.3552 -0.144558
73.4552 -3.49483
73.5552 -6.43211
73.6552 -8.32918
73.7552 -8.8618
73.8552 -7.91123
73.9552 -5.77203
74.0552 -2.9836
74.1552 -0.212081
74.2552 2.00218
74.3552 3.32983
74.4552 3.59583
74.5552 2.90961
74.6552 1.56242
74.7552 -0.1174
74.8552 -1.86091
74.9552 -3.51506
75.0552 -5.01688
75.1552 -6.27008
75.2552 -7.16474
75.3552 -7.711
75.4552 -7.8899
75.5552 -7.63828
75.6552 -6.8868
75.7552 -5.66941
75.8552 -4.18841
75.9552 -2.66007
76.0552 -1.20223
76.1552 0.152668
76.2552 1.33523
76.3552 2.33259
76.4552 3.20217
76.5552 3.95464
76.6552 4.60364
76.7552 5.08303
76.8552 5.37987
76.9552 5.43899
77.0552 5.32864
77.1552 5.17611
77.2552 5.01523
77.3552 4.89946
77.4552 4.78636
77.5552 4.65102
77.6552 4.41561
77.7552 4.02922
77.8552 3.52377
77.9552 3.02662
78.0552 2.6481
78.1552 2.3675
78.2552 2.16977
78.3552 2.07794
78.4552 2.00933
78.5552 1.83036
78.6552 1.48199
78.7552 0.955805
78.8552 0.311593
78.9552 -0.364238
79.0552 -1.01043
79.1552 -1.54674
79.2552 -1.93191
79.3552 -2.16604
79.4552 -2.26498
79.5552 -2.28242
79.6552 -2.2391
79.7552 -2.22994
79.8552 -2.32191
79.9552 -2.55408
80.0552 -2.87644
80.1552 -3.23957
80.2552 -3.53198
80.3552 -3.64501
80.4552 -3.50684
80.5552 -3.16411
80.6552 -2.72213
80.7552 -2.18874
80.8552 -1.64692
80.9552 -1.20952
81.0552 -0.89436
81.1552 -0.645521
81.2552 -0.450164
81.3552 -0.259315
81.4552 -0.0798177
81.5552 0.0816359
81.6552 0.207394
81.7552 0.3165
81.8552 0.470047
81.9552 0.709217
82.0552 1.0401
82.1552 1.40686
82.2552 1.78536
82.3552 2.19389
82.4552 2.56837
82.5552 2.84028
82.6552 3.0735
82.7552 3.2901
82.8552 3.43789
82.9552 3.51305
83.0552 3.56096
83.1552 3.58351
83.2552 3.54562
83.3552 3.38321
83.4552 3.13446
83.5552 2.90143
83.6552 2.72873
83.7552 2.52129
83.8552 2.36126
83.9552 2.36657
84.0552 2.38438
84.1552 2.28304
84.2552 2.02226
84.3552 1.65506
84.4552 1.18006
84.5552 0.625432
84.6552 -0.0124017
84.7552 -0.730085
84.8552 -1.50856
84.9552 -2.2326
85.0552 -2.83673
85.1552 -3.28172
85.2552 -3.57176
85.3552 -3.70544
85.4552 -3.78719
85.5552 -3.76574
85.6552 -3.63799
85.7552 -3.48865
85.8552 -3.30806
85.9552 -3.09491
86.0552 -2.8195
86.1552 -2.42759
86.2552 -1.97564
86.3552 -1.57588
86.4552 -1.20966
86.5552 -0.849426
86.6552 -0.56355
86.7552 -0.27688
86.8552 0.0354655
86.9552 0.315259
87.0552 0.606688
87.1552 0.974001
87.2552 1.35564
87.3552 1.68205
87.4552 1.9663
87.5552 2.2624
87.6552 2.57022
87.7552 2.86739
87.8552 3.09439
87.9552 3.23248
88.0552 3.32082
88.1552 3.3158
88.2552 3.17524
88.3552 2.98079
88.4552 2.78881
88.5552 2.59301
88.6552 2.43124
88.7552 2.32696
88.8552 2.24672
88.9552 2.14111
89.0552 1.97932
89.1552 1.73971
89.2552 1.44321
89.3552 1.11597
89.4552 0.686536
89.5552 0.274463
89.6552 -0.0473625
89.7552 -0.241097
89.8552 -0.332223
89.9552 -0.37046
90.0552 -0.427556
90.1552 -0.447249
90.2552 -0.502816
90.3552 -0.768764
90.4552 -1.21074
90.5552 -1.77012
90.6552 -2.27023
90.7552 -2.65524
90.8552 -2.95629
90.9552 -3.06748
91.0552 -3.01811
91.1552 -2.70033
91.2552 -2.24949
91.3552 -1.80483
91.4552 -1.32118
91.5552 -0.844239
91.6552 -0.489252
91.7552 -0.235058
91.8552 -0.0114367
91.9552 0.249102
92.0552 0.531667
92.1552 0.696923
92.2552 0.767399
92.3552 0.856004
92.4552 0.93972
92.5552 1.02913
92.6552 1.05285
92.7552 0.978457
92.8552 0.932099
92.9552 0.943247
93.0552 1.02125
93.1552 1.11116
93.2552 1.19532
93.3552 1.27515
93.4552 1.33636
93.5552 1.41014
93.6552 1.48546
93.7552 1.56345
93.8552 1.60873
93.9552 1.54246
94.0552 1.47936
94.1552 1.3586
94.2552 1.20902
94.3552 1.01474
94.4552 0.804278
94.5552 0.618463
94.6552 0.502894
94.7552 0.45397
94.8552 0.456407
94.9552 0.42251
95.0552 0.353706
95.1552 0.350219
95.2552 0.372702
95.3552 0.402241
95.4552 0.389148
95.5552 0.271602
95.6552 0.160249
95.7552 0.106535
95.8552 0.0189808
95.9552 -0.129884
96.0552 -0.325616
96.1552 -0.519246
96.2552 -0.729471
96.3552 -0.957718
96.4552 -1.18859
96.5552 -1.37805
96.6552 -1.54398
96.7552 -1.59277
96.8552 -1.51529
96.9552 -1.28738
97.0552 -0.955217
97.1552 -0.62551
97.2552 -0.320525
97.3552 -0.104289
97.4552 0.0313419
97.5552 0.1451
97.6552 0.219029
97.7552 0.303792
97.8552 0.358142
97.9552 0.40471
98.0552 0.456093
98.1552 0.532792
98.2552 0.712018
98.3552 0.828815
98.4552 0.88878
98.5552 0.924614
98.6552 0.952788
98.7552 0.939582
98.8552 0.912185
98.9552 0.888572
99.0552 0.925571
99.1552 0.978202
99.2552 0.9615
99.3552 0.860497
99.4552 0.739332
99.5552 0.628276
99.6552 0.581893
99.7552 0.450623
99.8552 0.297849
99.9552 0.179844
100.055 0.136221
100.155 0.216875
100.255 0.317915
100.355 0.370072
100.455 0.367657
100.555 0.380066
100.655 0.327134
100.755 0.251123
100.855 0.175298
100.955 0.0958784
101.055 0.047877
101.155 0.0223084
101.255 0.021741
101.355 -0.0169767
101.455 -0.151987
101.555 -0.290012
101.655 -0.363984
101.755 -0.408922
101.855 -0.415367
101.955 -0.45959
102.055 -0.490744
102.155 -0.535245
102.255 -0.491593
102.355 -0.404801
102.455 -0.344519
102.555 -0.267366
