-5.6412 0.337501
-5.5412 0.602027
-5.4412 0.790515
-5.3412 0.908467
-5.2412 0.928556
-5.1412 0.899403
-5.0412 0.774472
-4.9412 0.571566
-4.8412 0.377664
-4.7412 0.139399
-4.6412 -0.0981568
-4.5412 -0.277346
-4.4412 -0.364747
-4.3412 -0.408587
-4.2412 -0.351312
-4.1412 -0.203617
-4.0412 -0.0127378
-3.9412 0.22802
-3.8412 0.477328
-3.7412 0.686258
-3.6412 0.879106
-3.5412 1.06509
-3.4412 1.0907
-3.3412 1.04473
-3.2412 0.821769
-3.1412 0.455581
-3.0412 -0.00339971
-2.9412 -0.564381
-2.8412 -1.11047
-2.7412 -1.57236
-2.6412 -1.78278
-2.5412 -1.63917
-2.4412 -1.2427
-2.3412 -0.790507
-2.2412 -0.357332
-2.1412 0.0995618
-2.0412 0.563742
-1.9412 0.934471
-1.8412 1.19117
-1.7412 1.33453
-1.6412 1.33672
-1.5412 1.25555
-1.4412 1.15987
-1.3412 1.08722
-1.2412 0.936496
-1.1412 0.670593
-1.0412 0.374505
-0.9412 0.0194284
-0.8412 -0.283351
-0.7412 -0.594287
-0.6412 -0.850386
-0.5412 -1.06793
-0.4412 -1.17767
-0.3412 -1.13048
-0.2412 -0.954177
-0.1412 -0.699778
-0.0412 -0.433719
0.0588 -0.131997
0.1588 0.2015
0.2588 0.586334
0.3588 0.907341
0.4588 1.16128
0.5588 1.28737
0.6588 1.34191
0.7588 1.37707
0.8588 1.32541
0.9588 1.15918
1.0588 0.811458
1.1588 0.368398
1.2588 -0.0695799
1.3588 -0.428336
1.4588 -0.576713
1.5588 -0.644464
1.6588 -0.627636
1.7588 -0.571722
1.8588 -0.510425
1.9588 -0.464261
2.0588 -0.425737
2.1588 -0.331792
2.2588 -0.261996
2.3588 -0.131984
2.4588 0.0651531
2.5588 0.309319
2.6588 0.503761
2.7588 0.65038
2.8588 0.682396
2.9588 0.53507
3.0588 0.293515
3.1588 0.0849063
3.2588 -0.0351427
3.3588 -0.0117598
3.4588 0.0406073
3.5588 0.230982
3.6588 0.589611
3.7588 0.964202
3.8588 1.25393
3.9588 1.40322
4.0588 1.45518
4.1588 1.29513
4.2588 1.10109
4.3588 0.730037
4.4588 0.154374
4.5588 -0.412092
4.6588 -0.940147
4.7588 -1.32157
4.8588 -1.47554
4.9588 -1.45618
5.0588 -1.31632
5.1588 -1.0817
5.2588 -0.814298
5.3588 -0.610798
5.4588 -0.394161
5.5588 -0.157187
5.6588 0.0196244
5.7588 0.230213
5.8588 0.625032
5.9588 1.04096
6.0588 1.37625
6.1588 1.62243
6.2588 1.71675
6.3588 1.73099
6.4588 1.66608
6.5588 1.45137
6.6588 1.19478
6.7588 0.846382
6.8588 0.504717
6.9588 0.135961
7.0588 -0.231231
7.1588 -0.582798
7.2588 -0.845784
7.3588 -1.08096
7.4588 -1.1743
7.5588 -1.09126
7.6588 -0.851588
7.7588 -0.448693
7.8588 -0.0645961
7.9588 0.276829
8.0588 0.530575
8.1588 0.614111
8.2588 0.634794
8.3588 0.60191
8.4588 0.781068
8.5588 0.966811
8.6588 1.1145
8.7588 1.1091
8.8588 1.12111
8.9588 1.11945
9.0588 1.08722
9.1588 0.954741
9.2588 0.715771
9.3588 0.438942
9.4588 0.204285
9.5588 -0.0536386
9.6588 -0.332418
9.7588 -0.586206
9.8588 -0.943531
9.9588 -1.24891
10.0588 -1.39561
10.1588 -1.36085
10.2588 -1.1474
10.3588 -0.83212
10.4588 -0.538938
10.5588 -0.226378
10.6588 0.0568153
10.7588 0.21019
10.8588 0.259611
10.9588 0.234299
11.0588 0.198529
11.1588 0.177771
11.2588 0.276456
11.3588 0.441314
11.4588 0.725499
11.5588 0.982066
11.6588 1.20273
11.7588 1.40486
11.8588 1.53479
11.9588 1.60081
12.0588 1.64392
12.1588 1.60018
12.2588 1.46883
12.3588 1.21813
12.4588 0.884276
12.5588 0.47493
12.6588 0.0485386
12.7588 -0.333135
12.8588 -0.592296
12.9588 -0.746642
13.0588 -0.789011
13.1588 -0.765862
13.2588 -0.638142
13.3588 -0.425901
13.4588 -0.123775
13.5588 0.247363
13.6588 0.641408
13.7588 1.02764
13.8588 1.37397
13.9588 1.64891
14.0588 1.73484
14.1588 1.55231
14.2588 1.2319
14.3588 0.866261
14.4588 0.41574
14.5588 -0.0978174
14.6588 -0.630268
14.7588 -1.0921
14.8588 -1.39164
14.9588 -1.48791
15.0588 -1.46888
15.1588 -1.39165
15.2588 -1.28634
15.3588 -1.17737
15.4588 -1.03248
15.5588 -0.8696
15.6588 -0.714881
15.7588 -0.665514
15.8588 -0.652137
15.9588 -0.577164
16.0588 -0.339139
16.1588 0.111497
16.2588 0.687491
16.3588 1.27684
16.4588 1.89999
16.5588 2.43257
16.6588 2.68563
16.7588 2.65743
16.8588 2.41676
16.9588 2.01038
17.0588 1.57568
17.1588 1.17633
17.2588 0.884378
17.3588 0.727197
17.4588 0.689071
17.5588 0.643461
17.6588 0.516292
17.7588 0.26802
17.8588 -0.109295
17.9588 -0.566481
18.0588 -1.01123
18.1588 -1.3641
18.2588 -1.57845
18.3588 -1.52702
18.4588 -1.17428
18.5588 -0.5867
18.6588 0.140504
18.7588 0.903957
18.8588 1.57295
18.9588 1.99726
19.0588 2.12101
19.1588 2.009
19.2588 1.75675
19.3588 1.41339
19.4588 0.987111
19.5588 0.499873
19.6588 0.0379867
19.7588 -0.331769
19.8588 -0.601813
19.9588 -0.7869
20.0588 -0.901398
20.1588 -0.93577
20.2588 -0.96272
20.3588 -1.02723
20.4588 -1.0985
20.5588 -1.12985
20.6588 -1.12485
20.7588 -1.15384
20.8588 -1.22628
20.9588 -1.27277
21.0588 -1.18812
21.1588 -0.964891
21.2588 -0.611355
21.3588 -0.111212
21.4588 0.550269
21.5588 1.28997
21.6588 1.92871
21.7588 2.37983
21.8588 2.61974
21.9588 2.74483
22.0588 2.77176
22.1588 2.70802
22.2588 2.47528
22.3588 2.09868
22.4588 1.62437
22.5588 1.14822
22.6588 0.715676
22.7588 0.347704
22.8588 0.0472832
22.9588 -0.21658
23.0588 -0.517495
23.1588 -0.861786
23.2588 -1.21444
23.3588 -1.51311
23.4588 -1.75882
23.5588 -1.8854
23.6588 -1.83023
23.7588 -1.5822
23.8588 -1.17466
23.9588 -0.630399
24.0588 -0.0308577
24.1588 0.527013
24.2588 0.990368
24.3588 1.26561
24.4588 1.34828
24.5588 1.30956
24.6588 1.24923
24.7588 1.19129
24.8588 1.20054
24.9588 1.28983
25.0588 1.35753
25.1588 1.34543
25.2588 1.23578
25.3588 0.987406
25.4588 0.616098
25.5588 0.193145
25.6588 -0.187616
25.7588 -0.526478
25.8588 -0.78746
25.9588 -1.03428
26.0588 -1.44857
26.1588 -2.14908
26.2588 -3.18616
26.3588 -4.42603
26.4588 -5.47934
26.5588 -5.81226
26.6588 -5.01751
26.7588 -2.92142
26.8588 0.573158
26.9588 5.69851
27.0588 12.4516
27.1588 19.8253
27.2588 25.6162
27.3588 27.4625
27.4588 23.8165
27.5588 13.1949
27.6588 -6.23503
27.7588 -33.703
27.8588 -62.7519
27.9588 -83.9905
28.0588 -90.6041
28.1588 -81.9623
28.2588 -60.4417
28.3588 -27.6858
28.4588 14.0279
28.5588 59.4696
28.6588 100.156
28.7588 127.884
28.8588 138.218
28.9588 128.458
29.0588 91.9195
29.1588 31.882
29.2588 -33.6472
29.3588 -86.0536
29.4588 -116.65
29.5588 -126.082
29.6588 -119.571
29.7588 -102.521
29.8588 -80.2085
29.9588 -56.9031
30.0588 -34.7797
30.1588 -13.9758
30.2588 6.02725
30.3588 25.3889
30.4588 43.431
30.5588 58.7658
30.6588 69.3644
30.7588 73.4264
30.8588 70.664
30.9588 62.951
31.0588 53.138
31.1588 43.5519
31.2588 34.9265
31.3588 26.567
31.4588 17.358
31.5588 6.1078
31.6588 -8.19466
31.7588 -25.1301
31.8588 -42.2298
31.9588 -55.97
32.0588 -63.992
32.1588 -66.1554
32.2588 -63.1158
32.3588 -56.4008
32.4588 -47.8865
32.5588 -38.8338
32.6588 -29.6216
32.7588 -20.1699
32.8588 -10.5171
32.9588 -0.969118
33.0588 7.95725
33.1588 15.7342
33.2588 22.003
33.3588 26.6448
33.4588 30.0122
33.5588 32.7081
33.6588 35.2297
33.7588 37.7049
33.8588 39.6435
33.9588 40.2341
34.0588 38.7925
34.1588 34.9367
34.2588 28.8738
34.3588 21.5171
34.4588 13.869
34.5588 6.48915
34.6588 -0.52175
34.7588 -7.33153
34.8588 -14.033
34.9588 -20.4965
35.0588 -26.1923
35.1588 -30.497
35.2588 -33.0907
35.3588 -34.0389
35.4588 -33.7841
35.5588 -32.8659
35.6588 -31.5804
35.7588 -29.9207
35.8588 -27.6217
35.9588 -24.4241
36.0588 -20.3244
36.1588 -15.475
36.2588 -10.1839
36.3588 -4.82591
36.4588 0.265129
36.5588 4.97383
36.6588 9.39571
36.7588 13.6221
36.8588 17.6014
36.9588 21.1606
37.0588 24.0501
37.1588 25.9803
37.2588 26.7992
37.3588 26.6304
37.4588 25.7202
37.5588 24.287
37.6588 22.5046
37.7588 20.3279
37.8588 17.7189
37.9588 14.567
38.0588 10.9386
38.1588 7.00026
38.2588 3.02301
38.3588 -0.785728
38.4588 -4.38372
38.5588 -7.82171
38.6588 -11.1498
38.7588 -14.2147
38.8588 -16.9304
38.9588 -19.0787
39.0588 -20.3698
39.1588 -20.7176
39.2588 -20.2672
39.3588 -19.2973
39.4588 -18.0759
39.5588 -16.8702
39.6588 -15.7716
39.7588 -14.7654
39.8588 -13.7282
39.9588 -12.3983
40.0588 -10.6325
40.1588 -8.37957
40.2588 -5.55829
40.3588 -2.18312
40.4588 1.58508
40.5588 5.52939
40.6588 9.41154
40.7588 12.9162
40.8588 15.5877
40.9588 17.0088
41.0588 16.9608
41.1588 15.6012
41.2588 13.5485
41.3588 11.4031
41.4588 9.71413
41.5588 8.68418
41.6588 8.33902
41.7588 8.48227
41.8588 8.95177
41.9588 9.44285
42.0588 9.68129
42.1588 9.6421
42.2588 9.37699
42.3588 8.92138
42.4588 8.11197
42.5588 6.79216
42.6588 4.89202
42.7588 2.42377
42.8588 -0.511214
42.9588 -3.72749
43.0588 -6.97065
43.1588 -10.0684
43.2588 -12.8122
43.3588 -15.0692
43.4588 -16.8598
43.5588 -18.1634
43.6588 -18.9606
43.7588 -19.2142
43.8588 -18.9105
43.9588 -18.0398
44.0588 -16.5494
44.1588 -14.4997
44.2588 -12.0049
44.3588 -9.26719
44.4588 -6.47676
44.5588 -3.7431
44.6588 -1.12178
44.7588 1.33796
44.8588 3.63572
44.9588 5.6584
45.0588 7.32393
45.1588 8.60847
45.2588 9.50667
45.3588 10.0953
45.4588 10.5307
45.5588 10.9916
45.6588 11.5777
45.7588 12.3103
45.8588 13.0846
45.9588 13.7571
46.0588 14.1655
46.1588 14.14
46.2588 13.618
46.3588 12.5249
46.4588 10.7963
46.5588 8.59336
46.6588 6.12989
46.7588 3.63982
46.8588 1.31739
46.9588 -0.760435
47.0588 -2.59546
47.1588 -4.16069
47.2588 -5.42096
47.3588 -6.43309
47.4588 -7.29079
47.5588 -7.9753
47.6588 -8.50213
47.7588 -8.78198
47.8588 -8.7359
47.9588 -8.47444
48.0588 -8.04862
48.1588 -7.5698
48.2588 -7.08363
48.3588 -6.69558
48.4588 -6.48596
48.5588 -6.49808
48.6588 -6.69288
48.7588 -6.90553
48.8588 -6.96075
48.9588 -6.8361
49.0588 -6.4756
49.1588 -5.79948
49.2588 -4.83438
49.3588 -3.51522
49.4588 -1.96949
49.5588 -0.365327
49.6588 1.2102
49.7588 2.66443
49.8588 3.92823
49.9588 5.00424
50.0588 5.91868
50.1588 6.72246
50.2588 7.45937
50.3588 8.18782
50.4588 8.91962
50.5588 9.69899
50.6588 10.3422
50.7588 10.6563
50.8588 10.4783
50.9588 9.90134
51.0588 9.08012
51.1588 8.16666
51.2588 7.21564
51.3588 6.28566
51.4588 5.39938
51.5588 4.54863
51.6588 3.64668
51.7588 2.59428
51.8588 1.44048
51.9588 0.29482
52.0588 -0.781219
52.1588 -1.70524
52.2588 -2.4886
52.3588 -3.24911
52.4588 -4.00723
52.5588 -4.86121
52.6588 -5.788
52.7588 -6.72491
52.8588 -7.67911
52.9588 -8.53244
53.0588 -9.14646
53.1588 -9.50985
53.2588 -9.61775
53.3588 -9.43502
53.4588 -8.96412
53.5588 -8.29655
53.6588 -7.48753
53.7588 -6.61028
53.8588 -5.68078
53.9588 -4.68595
54.0588 -3.65485
54.1588 -2.61863
54.2588 -1.54051
54.3588 -0.443272
54.4588 0.625296
54.5588 1.66351
54.6588 2.62769
54.7588 3.50874
54.8588 4.26528
54.9588 4.92635
55.0588 5.48714
55.1588 5.9361
55.2588 6.23782
55.3588 6.48831
55.4588 6.7801
55.5588 7.07758
55.6588 7.30135
55.7588 7.37345
55.8588 7.28192
55.9588 7.05461
56.0588 6.72296
56.1588 6.2907
56.2588 5.79945
56.3588 5.3053
56.4588 4.73834
56.5588 4.07477
56.6588 3.34138
56.7588 2.53066
56.8588 1.64179
56.9588 0.751487
57.0588 -0.0879788
57.1588 -0.828521
57.2588 -1.46497
57.3588 -1.99473
57.4588 -2.47761
57.5588 -2.92341
57.6588 -3.29698
57.7588 -3.59104
57.8588 -3.818
57.9588 -4.06034
58.0588 -4.34243
58.1588 -4.64714
58.2588 -4.91449
58.3588 -5.10041
58.4588 -5.28748
58.5588 -5.51485
58.6588 -5.7717
58.7588 -5.92585
58.8588 -5.90215
58.9588 -5.69913
59.0588 -5.41572
59.1588 -5.05002
59.2588 -4.54925
59.3588 -3.90085
59.4588 -3.13055
59.5588 -2.25042
59.6588 -1.31981
59.7588 -0.358266
59.8588 0.656201
59.9588 1.62938
60.0588 2.50171
60.1588 3.20921
60.2588 3.77475
60.3588 4.31242
60.4588 4.85797
60.5588 5.3537
60.6588 5.7535
60.7588 6.15462
60.8588 6.56765
60.9588 6.93681
61.0588 7.15636
61.1588 7.13608
61.2588 6.83889
61.3588 6.28225
61.4588 5.45336
61.5588 4.48803
61.6588 3.58365
61.7588 2.92224
61.8588 2.53913
61.9588 2.4668
62.0588 2.73989
62.1588 3.21771
62.2588 3.68125
62.3588 3.82526
62.4588 3.32152
62.5588 1.90206
62.6588 -0.452278
62.7588 -3.50616
62.8588 -6.69295
62.9588 -9.29866
63.0588 -10.7759
63.1588 -10.7917
63.2588 -9.33655
63.3588 -6.73343
63.4588 -3.51588
63.5588 -0.36934
63.6588 2.02256
63.7588 3.23285
63.8588 3.20793
63.9588 2.09807
64.0588 0.216015
64.1588 -2.00582
64.2588 -4.17686
64.3588 -5.97168
64.4588 -7.22264
64.5588 -7.89315
64.6588 -8.00049
64.7588 -7.60125
64.8588 -6.72864
64.9588 -5.43079
65.0588 -3.79477
65.1588 -2.00374
65.2588 -0.241155
65.3588 1.39497
65.4588 2.81695
65.5588 3.90161
65.6588 4.64562
65.7588 5.19019
65.8588 5.71043
65.9588 6.25248
66.0588 6.72067
66.1588 7.06649
66.2588 7.28692
66.3588 7.34829
66.4588 7.15793
66.5588 6.73645
66.6588 6.19534
66.7588 5.62345
66.8588 5.10661
66.9588 4.57304
67.0588 3.98425
67.1588 3.30651
67.2588 2.5708
67.3588 1.8322
67.4588 1.212
67.5588 0.726844
67.6588 0.348555
67.7588 -0.0103642
67.8588 -0.405467
67.9588 -0.88942
68.0588 -1.51318
68.1588 -2.32561
68.2588 -3.28387
68.3588 -4.248
68.4588 -4.99978
68.5588 -5.37361
68.6588 -5.39466
68.7588 -5.13885
68.8588 -4.6703
68.9588 -4.10888
69.0588 -3.48493
69.1588 -2.84139
69.2588 -2.35306
69.3588 -2.14578
69.4588 -2.19211
69.5588 -2.36698
69.6588 -2.57205
69.7588 -2.67866
69.8588 -2.61972
69.9588 -2.38162
70.0588 -1.90799
70.1588 -1.27919
70.2588 -0.644871
70.3588 -0.0439332
70.4588 0.516067
70.5588 1.024
70.6588 1.46856
70.7588 1.83235
70.8588 2.04052
70.9588 2.07546
71.0588 2.02034
71.1588 2.00365
71.2588 2.13061
71.3588 2.35784
71.4588 2.59742
71.5588 2.85457
71.6588 3.18021
71.7588 3.53759
71.8588 3.85149
71.9588 4.03844
72.0588 4.04656
72.1588 3.8565
72.2588 3.57898
72.3588 3.28798
72.4588 2.99823
72.5588 2.70594
72.6588 2.47548
72.7588 2.36772
72.8588 2.36084
72.9588 2.31563
73.0588 2.2116
73.1588 2.00563
73.2588 1.68806
73.3588 1.23228
73.4588 0.689044
73.5588 0.10854
73.6588 -0.586689
73.7588 -1.35841
73.8588 -2.09522
73.9588 -2.76617
74.0588 -3.2736
74.1588 -3.50959
74.2588 -3.55793
74.3588 -3.51729
74.4588 -3.48419
74.5588 -3.48092
74.6588 -3.46513
74.7588 -3.43077
74.8588 -3.50568
74.9588 -3.76248
75.0588 -4.08355
75.1588 -4.30799
75.2588 -4.26244
75.3588 -3.94354
75.4588 -3.33986
75.5588 -2.4967
75.6588 -1.50895
75.7588 -0.467926
75.8588 0.558506
75.9588 1.45555
76.0588 2.06316
76.1588 2.38649
76.2588 2.48386
76.3588 2.44908
76.4588 2.38035
76.5588 2.36417
76.6588 2.49013
76.7588 2.7314
76.8588 3.07092
76.9588 3.46086
77.0588 3.82525
77.1588 4.0914
77.2588 4.23372
77.3588 4.27511
77.4588 4.18504
77.5588 4.03694
77.6588 3.77577
77.7588 3.38118
77.8588 2.93183
77.9588 2.5377
78.0588 2.17489
78.1588 1.83985
78.2588 1.46076
78.3588 1.08523
78.4588 0.716906
78.5588 0.325191
78.6588 -0.0884267
78.7588 -0.481932
78.8588 -0.96074
78.9588 -1.41589
79.0588 -1.79779
79.1588 -2.11888
79.2588 -2.37526
79.3588 -2.4957
79.4588 -2.48398
79.5588 -2.37603
79.6588 -2.29806
79.7588 -2.25541
79.8588 -2.30613
79.9588 -2.49203
80.0588 -2.70237
80.1588 -2.82163
80.2588 -2.74313
80.3588 -2.52111
80.4588 -2.22955
80.5588 -1.91716
80.6588 -1.54355
80.7588 -1.17027
80.8588 -0.797733
80.9588 -0.429442
81.0588 -0.101984
81.1588 0.19686
81.2588 0.468179
81.3588 0.717301
81.4588 0.951335
81.5588 1.19025
81.6588 1.46183
81.7588 1.6657
81.8588 1.95432
81.9588 2.17701
82.0588 2.28332
82.1588 2.33409
82.2588 2.35701
82.3588 2.20492
82.4588 2.01036
82.5588 1.8796
82.6588 1.78455
82.7588 1.61261
82.8588 1.4448
82.9588 1.37662
83.0588 1.45644
83.1588 1.61678
83.2588 1.71563
83.3588 1.71029
83.4588 1.45216
83.5588 1.0429
83.6588 0.646628
83.7588 0.377569
83.8588 0.158134
83.9588 -0.147942
84.0588 -0.43334
84.1588 -0.626822
84.2588 -0.714012
84.3588 -0.701041
84.4588 -0.628185
84.5588 -0.530506
84.6588 -0.441066
84.7588 -0.374204
84.8588 -0.309838
84.9588 -0.301934
85.0588 -0.383784
85.1588 -0.435713
85.2588 -0.520436
85.3588 -0.639972
85.4588 -0.838926
85.5588 -1.07418
85.6588 -1.3055
85.7588 -1.50372
85.8588 -1.52151
85.9588 -1.44284
86.0588 -1.31326
86.1588 -1.19938
86.2588 -0.957342
86.3588 -0.636982
86.4588 -0.326328
86.5588 -0.114453
86.6588 0.0892255
86.7588 0.219305
86.8588 0.253005
86.9588 0.279344
87.0588 0.377283
87.1588 0.501297
87.2588 0.604608
87.3588 0.758316
87.4588 0.91534
87.5588 1.08789
87.6588 1.17152
87.7588 1.16001
87.8588 1.08755
87.9588 1.01515
88.0588 0.888469
88.1588 0.770715
88.2588 0.720058
88.3588 0.723424
88.4588 0.757671
88.5588 0.784359
88.6588 0.81187
88.7588 0.836015
88.8588 0.838055
88.9588 0.873234
89.0588 0.863092
89.1588 0.818565
89.2588 0.679436
89.3588 0.607058
89.4588 0.474902
89.5588 0.392006
89.6588 0.316106
89.7588 0.168323
89.8588 0.012948
89.9588 -0.0808088
90.0588 -0.0571302
90.1588 -0.0586735
90.2588 -0.00112017
90.3588 0.0469976
90.4588 0.154814
90.5588 0.25037
90.6588 0.177127
90.7588 0.043986
90.8588 -0.101095
90.9588 -0.267496
91.0588 -0.452804
91.1588 -0.669732
91.2588 -0.92423
91.3588 -1.11772
91.4588 -1.19361
91.5588 -1.17686
91.6588 -1.13532
91.7588 -1.08133
91.8588 -1.03565
91.9588 -0.86078
92.0588 -0.648178
92.1588 -0.283529
92.2588 0.0417803
92.3588 0.292476
92.4588 0.409016
92.5588 0.412686
92.6588 0.459099
92.7588 0.482982
92.8588 0.439539
92.9588 0.412196
93.0588 0.406791
93.1588 0.463181
93.2588 0.577727
93.3588 0.701676
93.4588 0.811618
93.5588 0.913086
93.6588 0.92858
93.7588 0.881892
93.8588 0.831769
93.9588 0.778996
94.0588 0.692404
94.1588 0.576391
94.2588 0.515309
94.3588 0.481765
94.4588 0.34915
94.5588 0.217752
94.6588 0.0637274
94.7588 -0.0398891
94.8588 -0.113989
94.9588 -0.131306
95.0588 -0.075395
95.1588 0.0334902
95.2588 0.15376
95.3588 0.227517
95.4588 0.267611
95.5588 0.302478
95.6588 0.277183
95.7588 0.205961
95.8588 0.0921046
95.9588 -0.0587053
96.0588 -0.151165
96.1588 -0.183292
96.2588 -0.240439
96.3588 -0.311539
96.4588 -0.369457
96.5588 -0.345971
96.6588 -0.338378
