-6.08527 0.00889757
-5.98527 0.053093
-5.88527 0.075461
-5.78527 0.0646237
-5.68527 0.0508161
-5.58527 -0.0078052
-5.48527 -0.0732982
-5.38527 -0.126142
-5.28527 -0.157043
-5.18527 -0.183175
-5.08527 -0.231274
-4.98527 -0.230739
-4.88527 -0.18417
-4.78527 -0.0972084
-4.68527 -0.0127337
-4.58527 0.0613088
-4.48527 0.0990406
-4.38527 0.123759
-4.28527 0.17331
-4.18527 0.181118
-4.08527 0.135494
-3.98527 0.0998715
-3.88527 0.0527404
-3.78527 -0.0236581
-3.68527 -0.0237688
-3.58527 -0.00965887
-3.48527 -0.0232905
-3.38527 -0.106099
-3.28527 -0.178196
-3.18527 -0.163927
-3.08527 -0.135452
-2.98527 -0.0517312
-2.88527 0.0300235
-2.78527 0.0355958
-2.68527 0.0215947
-2.58527 0.0177015
-2.48527 0.00869726
-2.38527 0.0702969
-2.28527 0.0833716
-2.18527 0.086258
-2.08527 0.175196
-1.98527 0.228714
-1.88527 0.285413
-1.78527 0.255936
-1.68527 0.177834
-1.58527 0.0432651
-1.48527 -0.0258553
-1.38527 -0.0891392
-1.28527 -0.129558
-1.18527 -0.0933305
-1.08527 -0.0316875
-0.985272 0.0151983
-0.885272 -0.000308069
-0.785272 0.000925123
-0.685272 0.0314521
-0.585272 0.102462
-0.485272 0.141827
-0.385272 0.11734
-0.285272 0.0646533
-0.185272 -0.015774
-0.0852719 -0.089714
0.0147281 -0.146568
0.114728 -0.155368
0.214728 -0.170431
0.314728 -0.161028
0.414728 -0.0761825
0.514728 0.00553643
0.614728 0.0402279
0.714728 0.0767627
0.814728 0.0767988
0.914728 0.0931696
1.01473 0.109464
1.11473 0.10573
1.21473 0.102576
1.31473 0.115121
1.41473 0.147225
1.51473 0.199848
1.61473 0.287155
1.71473 0.378643
1.81473 0.478756
1.91473 0.534541
2.01473 0.527828
2.11473 0.499927
2.21473 0.46621
2.31473 0.414778
2.41473 0.316191
2.51473 0.197519
2.61473 0.0912818
2.71473 -0.0109578
2.81473 -0.111336
2.91473 -0.191322
3.01473 -0.270638
3.11473 -0.279437
3.21473 -0.224121
3.31473 -0.222194
3.41473 -0.176385
3.51473 -0.125717
3.61473 -0.0734921
3.71473 -0.00702996
3.81473 0.00897313
3.91473 -0.0159569
4.01473 -0.0788758
4.11473 -0.161992
4.21473 -0.167756
4.31473 -0.164395
4.41473 -0.124149
4.51473 -0.0500708
4.61473 -0.0208323
4.71473 0.0632327
4.81473 0.0839994
4.91473 0.119161
5.01473 0.0941219
5.11473 0.0847783
5.21473 0.0926831
5.31473 0.108631
5.41473 0.137837
5.51473 0.171327
5.61473 0.240551
5.71473 0.302474
5.81473 0.302358
5.91473 0.242577
6.01473 0.249803
6.11473 0.235252
6.21473 0.252325
6.31473 0.319368
6.41473 0.39797
6.51473 0.428246
6.61473 0.41528
6.71473 0.415674
6.81473 0.362664
6.91473 0.273623
7.01473 0.213793
7.11473 0.154442
7.21473 0.0691957
7.31473 -0.0106658
7.41473 -0.0819924
7.51473 -0.111603
7.61473 -0.0374518
7.71473 0.00806323
7.81473 0.0318508
7.91473 0.0414312
8.01473 0.0617048
8.11473 0.0549
8.21473 -0.00930328
8.31473 -0.16509
8.41473 -0.293573
8.51473 -0.399263
8.61473 -0.431524
8.71473 -0.430826
8.81473 -0.331171
8.91473 -0.241687
9.01473 -0.138647
9.11473 -0.0838477
9.21473 -0.0757735
9.31473 -0.0145805
9.41473 0.0357652
9.51473 0.114974
9.61473 0.161185
9.71473 0.172854
9.81473 0.232234
9.91473 0.279211
10.0147 0.329682
10.1147 0.39544
10.2147 0.481689
10.3147 0.511388
10.4147 0.508694
10.5147 0.461647
10.6147 0.435411
10.7147 0.339166
10.8147 0.254411
10.9147 0.169816
11.0147 0.0450157
11.1147 -0.127284
11.2147 -0.215838
11.3147 -0.189313
11.4147 -0.120301
11.5147 -0.00269998
11.6147 0.0509997
11.7147 0.152097
11.8147 0.242133
11.9147 0.260291
12.0147 0.290639
12.1147 0.374814
12.2147 0.486274
12.3147 0.595251
12.4147 0.663336
12.5147 0.660465
12.6147 0.503025
12.7147 0.375876
12.8147 0.213486
12.9147 0.0295006
13.0147 -0.142717
13.1147 -0.338675
13.2147 -0.477973
13.3147 -0.581113
13.4147 -0.555859
13.5147 -0.468071
13.6147 -0.410406
13.7147 -0.328904
13.8147 -0.3149
13.9147 -0.253465
14.0147 -0.189274
14.1147 -0.0838658
14.2147 -0.00256254
14.3147 0.110011
14.4147 0.189753
14.5147 0.248786
14.6147 0.258986
14.7147 0.280955
14.8147 0.29718
14.9147 0.323845
15.0147 0.426275
15.1147 0.534206
15.2147 0.632014
15.3147 0.640723
15.4147 0.595969
15.5147 0.533396
15.6147 0.498011
15.7147 0.406352
15.8147 0.279041
15.9147 0.136572
16.0147 0.0711904
16.1147 0.0216926
16.2147 -0.00576483
16.3147 -0.0406973
16.4147 -0.0301366
16.5147 -0.0251379
16.6147 -0.0910919
16.7147 -0.144646
16.8147 -0.179128
16.9147 -0.171449
17.0147 -0.0134231
17.1147 0.162458
17.2147 0.279058
17.3147 0.336263
17.4147 0.395948
17.5147 0.467299
17.6147 0.492652
17.7147 0.475651
17.8147 0.347642
17.9147 0.171457
18.0147 0.0118838
18.1147 -0.168665
18.2147 -0.322664
18.3147 -0.411982
18.4147 -0.443654
18.5147 -0.44731
18.6147 -0.349071
18.7147 -0.126423
18.8147 0.146677
18.9147 0.409482
19.0147 0.544186
19.1147 0.66637
19.2147 0.770214
19.3147 0.763612
19.4147 0.634886
19.5147 0.381927
19.6147 0.104359
19.7147 -0.147506
19.8147 -0.331687
19.9147 -0.447568
20.0147 -0.506706
20.1147 -0.488027
20.2147 -0.340381
20.3147 -0.112012
20.4147 0.159626
20.5147 0.453214
20.6147 0.709864
20.7147 0.887566
20.8147 0.998269
20.9147 1.05116
21.0147 1.0229
21.1147 0.891882
21.2147 0.678698
21.3147 0.424614
21.4147 0.233628
21.5147 0.070508
21.6147 -0.0341912
21.7147 -0.202967
21.8147 -0.358141
21.9147 -0.474386
22.0147 -0.572457
22.1147 -0.638201
22.2147 -0.67414
22.3147 -0.662855
22.4147 -0.593195
22.5147 -0.489272
22.6147 -0.387943
22.7147 -0.222967
22.8147 0.0311206
22.9147 0.325834
23.0147 0.656727
23.1147 0.903491
23.2147 1.08324
23.3147 1.15997
23.4147 1.12667
23.5147 1.02717
23.6147 0.870107
23.7147 0.676845
23.8147 0.468058
23.9147 0.290682
24.0147 0.148456
24.1147 0.0462099
24.2147 -0.0524633
24.3147 -0.182364
24.4147 -0.346946
24.5147 -0.561715
24.6147 -0.752336
24.7147 -0.847332
24.8147 -0.833182
24.9147 -0.72071
25.0147 -0.548856
25.1147 -0.334421
25.2147 -0.0608831
25.3147 0.281686
25.4147 0.620092
25.5147 0.84282
25.6147 0.93773
25.7147 0.949254
25.8147 0.947129
25.9147 0.900603
26.0147 0.766992
26.1147 0.558853
26.2147 0.346243
26.3147 0.196645
26.4147 0.118584
26.5147 0.0531135
26.6147 -0.010539
26.7147 -0.0391534
26.8147 -0.0234978
26.9147 -0.0216009
27.0147 -0.0677555
27.1147 -0.12951
27.2147 -0.191999
27.3147 -0.233089
27.4147 -0.196257
27.5147 -0.0841596
27.6147 0.0391097
27.7147 0.121842
27.8147 0.109054
27.9147 0.0210787
28.0147 -0.0339735
28.1147 0.0149288
28.2147 0.126717
28.3147 0.258636
28.4147 0.353006
28.5147 0.402808
28.6147 0.460922
28.7147 0.522815
28.8147 0.540172
28.9147 0.475811
29.0147 0.335745
29.1147 0.216391
29.2147 0.145964
29.3147 0.0976725
29.4147 0.0718084
29.5147 0.0490388
29.6147 0.00777559
29.7147 -0.0229806
29.8147 -0.0317962
29.9147 -0.0369477
30.0147 -0.0353284
30.1147 -0.0184569
30.2147 0.00949193
30.3147 0.0979178
30.4147 0.212092
30.5147 0.27062
30.6147 0.327957
30.7147 0.366841
30.8147 0.363885
30.9147 0.28221
31.0147 0.221297
31.1147 0.226179
31.2147 0.259728
31.3147 0.332288
31.4147 0.41406
31.5147 0.477311
31.6147 0.488599
31.7147 0.374311
31.8147 0.178295
31.9147 -0.100218
32.0147 -0.404817
32.1147 -0.626162
32.2147 -0.735477
32.3147 -0.759212
32.4147 -0.701717
32.5147 -0.558713
32.6147 -0.34555
32.7147 -0.0989799
32.8147 0.156967
32.9147 0.43666
33.0147 0.663164
33.1147 0.846995
33.2147 1.00086
33.3147 1.05933
33.4147 0.985568
33.5147 0.831849
33.6147 0.672078
33.7147 0.525594
33.8147 0.415584
33.9147 0.306331
34.0147 0.190304
34.1147 0.0843473
34.2147 0.00539769
34.3147 -0.00744437
34.4147 -0.0333102
34.5147 -0.119998
34.6147 -0.247723
34.7147 -0.380389
34.8147 -0.525331
34.9147 -0.66876
35.0147 -0.798071
35.1147 -0.852222
35.2147 -0.78978
35.3147 -0.568702
35.4147 -0.246378
35.5147 0.102597
35.6147 0.432876
35.7147 0.705906
35.8147 0.952494
35.9147 1.1505
36.0147 1.26039
36.1147 1.28144
36.2147 1.24702
36.3147 1.13051
36.4147 0.940174
36.5147 0.75991
36.6147 0.630603
36.7147 0.530855
36.8147 0.435074
36.9147 0.425604
37.0147 0.550303
37.1147 0.686176
37.2147 0.696235
37.3147 0.411942
37.4147 -0.272963
37.5147 -1.43134
37.6147 -3.05114
37.7147 -4.95523
37.8147 -6.73263
37.9147 -7.6741
38.0147 -7.13565
38.1147 -4.84502
38.2147 -0.779275
38.3147 5.25063
38.4147 13.2687
38.5147 21.8124
38.6147 28.0918
38.7147 29.7781
38.8147 25.47
38.9147 13.3524
39.0147 -7.90691
39.1147 -36.2914
39.2147 -63.8486
39.3147 -81.3054
39.4147 -84.3409
39.5147 -74.4275
39.6147 -52.2206
39.7147 -18.9289
39.8147 20.8212
39.9147 59.3408
40.0147 89.3237
40.1147 106.072
40.2147 108.747
40.3147 94.6231
40.4147 61.9265
40.5147 19.3199
40.6147 -20.4072
40.7147 -49.2628
40.8147 -67.6119
40.9147 -78.1281
41.0147 -81.2681
41.1147 -77.8706
41.2147 -69.8633
41.3147 -58.8445
41.4147 -45.5912
41.5147 -30.1803
41.6147 -12.8348
41.7147 5.14633
41.8147 21.8583
41.9147 35.6774
42.0147 45.7164
42.1147 51.6792
42.2147 53.7387
42.3147 52.9979
42.4147 50.5232
42.5147 46.6386
42.6147 41.1707
42.7147 33.7457
42.8147 23.9726
42.9147 11.8321
43.0147 -1.59258
43.1147 -14.0877
43.2147 -23.9268
43.3147 -30.5934
43.4147 -34.8563
43.5147 -37.6362
43.6147 -39.7263
43.7147 -41.5418
43.8147 -42.7063
43.9147 -42.2379
44.0147 -39.3233
44.1147 -33.6915
44.2147 -25.7665
44.3147 -16.6567
44.4147 -7.73729
44.5147 0.185086
44.6147 7.1256
44.7147 13.4088
44.8147 19.2661
44.9147 24.6797
45.0147 29.4514
45.1147 33.0767
45.2147 34.9011
45.3147 34.5968
45.4147 32.3404
45.5147 28.7425
45.6147 24.6196
45.7147 20.605
45.8147 16.7829
45.9147 12.8663
46.0147 8.50129
46.1147 3.54956
46.2147 -1.76265
46.3147 -6.8727
46.4147 -11.2003
46.5147 -14.4524
46.6147 -16.7948
46.7147 -18.5035
46.8147 -19.8587
46.9147 -21.0116
47.0147 -21.9594
47.1147 -22.4276
47.2147 -22.1342
47.3147 -21.1084
47.4147 -19.5446
47.5147 -17.7121
47.6147 -15.8131
47.7147 -13.8901
47.8147 -11.7308
47.9147 -9.05729
48.0147 -5.743
48.1147 -1.87558
48.2147 2.27093
48.3147 6.31792
48.4147 9.96093
48.5147 13.0851
48.6147 15.7198
48.7147 17.9284
48.8147 19.7897
48.9147 21.194
49.0147 21.9342
49.1147 21.765
49.2147 20.6796
49.3147 18.892
49.4147 16.6944
49.5147 14.3141
49.6147 11.8593
49.7147 9.36394
49.8147 6.76283
49.9147 3.94715
50.0147 0.933749
50.1147 -2.08607
50.2147 -4.84453
50.3147 -7.14764
50.4147 -8.94845
50.5147 -10.3267
50.6147 -11.4509
50.7147 -12.549
50.8147 -13.7482
50.9147 -14.9965
51.0147 -16.1242
51.1147 -17.0014
51.2147 -17.5357
51.3147 -17.67
51.4147 -17.2594
51.5147 -16.0594
51.6147 -13.9767
51.7147 -10.9891
51.8147 -7.24321
51.9147 -3.13117
52.0147 0.86137
52.1147 4.23075
52.2147 6.60446
52.3147 7.86537
52.4147 8.14683
52.5147 7.74354
52.6147 7.15777
52.7147 6.7588
52.8147 6.70898
52.9147 7.00407
53.0147 7.63638
53.1147 8.48571
53.2147 9.40159
53.3147 10.3112
53.4147 11.2021
53.5147 12.0466
53.6147 12.8109
53.7147 13.3249
53.8147 13.3858
53.9147 12.842
54.0147 11.7379
54.1147 10.1029
54.2147 7.99226
54.3147 5.49466
54.4147 2.78374
54.5147 -0.0139998
54.6147 -2.89023
54.7147 -5.75629
54.8147 -8.44164
54.9147 -10.8023
55.0147 -12.7869
55.1147 -14.391
55.2147 -15.5232
55.3147 -16.0811
55.4147 -15.9998
55.5147 -15.4007
55.6147 -14.448
55.7147 -13.2755
55.8147 -11.8479
55.9147 -10.1732
56.0147 -8.31819
56.1147 -6.48754
56.2147 -4.78892
56.3147 -3.26134
56.4147 -1.94127
56.5147 -0.789256
56.6147 0.336546
56.7147 1.56981
56.8147 2.91158
56.9147 4.40595
57.0147 6.0588
57.1147 7.78131
57.2147 9.45441
57.3147 10.913
57.4147 11.9633
57.5147 12.5609
57.6147 12.6694
57.7147 12.2879
57.8147 11.5054
57.9147 10.511
58.0147 9.41236
58.1147 8.31531
58.2147 7.18478
58.3147 5.95709
58.4147 4.62274
58.5147 3.27781
58.6147 1.98305
58.7147 0.763765
58.8147 -0.347054
58.9147 -1.35985
59.0147 -2.2331
59.1147 -2.95898
59.2147 -3.57173
59.3147 -4.04924
59.4147 -4.34298
59.5147 -4.49832
59.6147 -4.59552
59.7147 -4.74144
59.8147 -5.06372
59.9147 -5.61928
60.0147 -6.3358
60.1147 -7.11741
60.2147 -7.85165
60.3147 -8.35271
60.4147 -8.54945
60.5147 -8.33129
60.6147 -7.68966
60.7147 -6.76666
60.8147 -5.67857
60.9147 -4.52702
61.0147 -3.42471
61.1147 -2.46011
61.2147 -1.60807
61.3147 -0.87963
61.4147 -0.221372
61.5147 0.493566
61.6147 1.32319
61.7147 2.2957
61.8147 3.4003
61.9147 4.5321
62.0147 5.55081
62.1147 6.34987
62.2147 6.88775
62.3147 7.15653
62.4147 7.27713
62.5147 7.29841
62.6147 7.30274
62.7147 7.3155
62.8147 7.31098
62.9147 7.23835
63.0147 7.05271
63.1147 6.73733
63.2147 6.25154
63.3147 5.57399
63.4147 4.76984
63.5147 3.86773
63.6147 2.88554
63.7147 1.81297
63.8147 0.648334
63.9147 -0.571522
64.0147 -1.75014
64.1147 -2.85766
64.2147 -3.82539
64.3147 -4.51092
64.4147 -4.96336
64.5147 -5.24194
64.6147 -5.4228
64.7147 -5.58427
64.8147 -5.73094
64.9147 -5.87888
65.0147 -5.95439
65.1147 -5.94934
65.2147 -5.91315
65.3147 -5.84252
65.4147 -5.70151
65.5147 -5.49531
65.6147 -5.17762
65.7147 -4.70185
65.8147 -4.06325
65.9147 -3.31737
66.0147 -2.50723
66.1147 -1.70488
66.2147 -0.912123
66.3147 -0.159226
66.4147 0.563053
66.5147 1.24846
66.6147 1.92323
66.7147 2.61824
66.8147 3.25529
66.9147 3.80168
67.0147 4.23405
67.1147 4.57399
67.2147 4.81053
67.3147 4.94784
67.4147 4.96964
67.5147 4.88924
67.6147 4.77097
67.7147 4.65524
67.8147 4.59064
67.9147 4.50573
68.0147 4.38827
68.1147 4.28704
68.2147 4.20647
68.3147 4.09613
68.4147 3.85253
68.5147 3.45205
68.6147 2.98573
68.7147 2.50605
68.8147 2.01134
68.9147 1.49869
69.0147 0.938368
69.1147 0.359207
69.2147 -0.218908
69.3147 -0.770768
69.4147 -1.27538
69.5147 -1.69331
69.6147 -2.11405
69.7147 -2.59727
69.8147 -3.08969
69.9147 -3.56039
70.0147 -3.97495
70.1147 -4.38334
70.2147 -4.81822
70.3147 -5.21067
70.4147 -5.46548
70.5147 -5.57043
70.6147 -5.52257
70.7147 -5.38702
70.8147 -5.17821
70.9147 -4.8704
71.0147 -4.43672
71.1147 -3.93301
71.2147 -3.39925
71.3147 -2.83566
71.4147 -2.19243
71.5147 -1.4668
71.6147 -0.66593
71.7147 0.175916
71.8147 0.96377
71.9147 1.62601
72.0147 2.18408
72.1147 2.7517
72.2147 3.35109
72.3147 3.84366
72.4147 4.14504
72.5147 4.25061
72.6147 4.22579
72.7147 4.0987
72.8147 3.85281
72.9147 3.60081
73.0147 3.46883
73.1147 3.58101
73.2147 4.01565
73.3147 4.78664
73.4147 5.80309
73.5147 6.85165
73.6147 7.59424
73.7147 7.71268
73.8147 6.99639
73.9147 5.35921
74.0147 2.78748
74.1147 -0.387502
74.2147 -3.48325
74.3147 -5.79226
74.4147 -6.96285
74.5147 -6.91317
74.6147 -5.6809
74.7147 -3.5343
74.8147 -1.01966
74.9147 1.26911
75.0147 2.82237
75.1147 3.45176
75.2147 3.19258
75.3147 2.22064
75.4147 0.808325
75.5147 -0.820078
75.6147 -2.58828
75.7147 -4.33777
75.8147 -5.8143
75.9147 -6.9191
76.0147 -7.6694
76.1147 -8.01993
76.2147 -7.8747
76.3147 -7.26803
76.4147 -6.29116
76.5147 -5.11991
76.6147 -3.9459
76.7147 -2.85755
76.8147 -1.84523
76.9147 -0.886493
77.0147 0.0283973
77.1147 0.872101
77.2147 1.63294
77.3147 2.34498
77.4147 3.00894
77.5147 3.50922
77.6147 3.83754
77.7147 4.05682
77.8147 4.25146
77.9147 4.44149
78.0147 4.57805
78.1147 4.63778
78.2147 4.60578
78.3147 4.48594
78.4147 4.32671
78.5147 4.13631
78.6147 3.8881
78.7147 3.62707
78.8147 3.44112
78.9147 3.32903
79.0147 3.21618
79.1147 3.01327
79.2147 2.65974
79.3147 2.19492
79.4147 1.63007
79.5147 0.968799
79.6147 0.267974
79.7147 -0.370729
79.8147 -0.810377
79.9147 -1.00959
80.0147 -1.10108
80.1147 -1.17476
80.2147 -1.26623
80.3147 -1.34029
80.4147 -1.40303
80.5147 -1.53918
80.6147 -1.8683
80.7147 -2.3858
80.8147 -3.00425
80.9147 -3.56966
81.0147 -3.89833
81.1147 -3.96556
81.2147 -3.82345
81.3147 -3.55039
81.4147 -3.22054
81.5147 -2.84626
81.6147 -2.44119
81.7147 -2.04588
81.8147 -1.69477
81.9147 -1.37398
82.0147 -1.1146
82.1147 -0.95919
82.2147 -0.832032
82.3147 -0.769998
82.4147 -0.774381
82.5147 -0.766976
82.6147 -0.714268
82.7147 -0.566153
82.8147 -0.255703
82.9147 0.157947
83.0147 0.520351
83.1147 0.821686
83.2147 1.134
83.3147 1.48616
83.4147 1.89495
83.5147 2.34397
83.6147 2.77955
83.7147 3.12391
83.8147 3.41726
83.9147 3.7232
84.0147 4.00303
84.1147 4.26616
84.2147 4.50761
84.3147 4.73184
84.4147 4.8743
84.5147 4.83603
84.6147 4.58868
84.7147 4.17561
84.8147 3.65492
84.9147 3.0333
85.0147 2.3243
85.1147 1.5757
85.2147 0.898139
85.3147 0.318533
85.4147 -0.185091
85.5147 -0.648519
85.6147 -1.07611
85.7147 -1.511
85.8147 -1.95443
85.9147 -2.49935
86.0147 -3.13847
86.1147 -3.73902
86.2147 -4.18582
86.3147 -4.45674
86.4147 -4.59588
86.5147 -4.62384
86.6147 -4.56058
86.7147 -4.42078
86.8147 -4.11455
86.9147 -3.62464
87.0147 -3.03594
87.1147 -2.46813
87.2147 -1.972
87.3147 -1.54003
87.4147 -1.14212
87.5147 -0.829322
87.6147 -0.623023
87.7147 -0.527223
87.8147 -0.462272
87.9147 -0.344692
88.0147 -0.175972
88.1147 0.0779532
88.2147 0.443887
88.3147 0.86507
88.4147 1.35551
88.5147 1.83202
88.6147 2.2935
88.7147 2.75525
88.8147 3.17921
88.9147 3.53164
89.0147 3.73995
89.1147 3.8696
89.2147 3.85718
89.3147 3.79238
89.4147 3.67281
89.5147 3.50672
89.6147 3.29149
89.7147 3.01958
89.8147 2.7403
89.9147 2.44096
90.0147 2.13518
90.1147 1.83641
90.2147 1.52572
90.3147 1.22206
90.4147 1.00689
90.5147 0.820015
90.6147 0.596153
90.7147 0.328212
90.8147 0.0815067
90.9147 -0.256644
91.0147 -0.765601
91.1147 -1.34706
91.2147 -1.93778
91.3147 -2.446
91.4147 -2.87036
91.5147 -3.17912
91.6147 -3.36922
91.7147 -3.4219
91.8147 -3.42979
91.9147 -3.25156
92.0147 -2.92273
92.1147 -2.46866
92.2147 -2.01901
92.3147 -1.60924
92.4147 -1.33771
92.5147 -1.10934
92.6147 -0.881325
92.7147 -0.683445
92.8147 -0.538777
92.9147 -0.435547
93.0147 -0.373865
93.1147 -0.247258
93.2147 -0.0140628
93.3147 0.238894
93.4147 0.452718
93.5147 0.562341
93.6147 0.654226
93.7147 0.761025
93.8147 0.836942
93.9147 0.900889
94.0147 0.954262
94.1147 0.934006
94.2147 0.961435
94.3147 1.07052
94.4147 1.30703
94.5147 1.61227
94.6147 1.82503
94.7147 1.99518
94.8147 2.17257
94.9147 2.27903
95.0147 2.27328
95.1147 2.20752
95.2147 2.10871
95.3147 1.89599
95.4147 1.6529
95.5147 1.37443
95.6147 1.02807
95.7147 0.736629
95.8147 0.473596
95.9147 0.318909
96.0147 0.254665
96.1147 0.219507
96.2147 0.16471
