-5.13226 0.0891106
-5.03226 0.2199
-4.93226 0.345382
-4.83226 0.382535
-4.73226 0.372666
-4.63226 0.289702
-4.53226 0.197719
-4.43226 0.121027
-4.33226 -0.00708896
-4.23226 -0.158379
-4.13226 -0.196215
-4.03226 -0.242592
-3.93226 -0.213425
-3.83226 -0.118084
-3.73226 -0.0444791
-3.63226 0.0561933
-3.53226 0.0961438
-3.43226 0.0785932
-3.33226 0.0867161
-3.23226 0.0488342
-3.13226 0.014851
-3.03226 0.0382148
-2.93226 0.0418141
-2.83226 0.116019
-2.73226 0.16605
-2.63226 0.260386
-2.53226 0.305432
-2.43226 0.365951
-2.33226 0.419532
-2.23226 0.458273
-2.13226 0.447096
-2.03226 0.39429
-1.93226 0.274124
-1.83226 0.172473
-1.73226 0.110662
-1.63226 0.0202693
-1.53226 -0.013352
-1.43226 -0.0979286
-1.33226 -0.159734
-1.23226 -0.152741
-1.13226 -0.160466
-1.03226 -0.153992
-0.932261 -0.168749
-0.832261 -0.159205
-0.732261 -0.174517
-0.632261 -0.175365
-0.532261 -0.137713
-0.432261 -0.079176
-0.332261 -0.0120547
-0.232261 0.0802551
-0.132261 0.178357
-0.0322605 0.3033
0.0677395 0.444078
0.167739 0.550819
0.267739 0.58866
0.367739 0.640704
0.467739 0.684692
0.567739 0.745861
0.667739 0.73896
0.767739 0.620678
0.867739 0.457198
0.967739 0.297404
1.06774 0.177145
1.16774 0.0795731
1.26774 -0.0165485
1.36774 -0.0867293
1.46774 -0.118103
1.56774 -0.125005
1.66774 -0.131394
1.76774 -0.172655
1.86774 -0.177312
1.96774 -0.190958
2.06774 -0.171695
2.16774 -0.208258
2.26774 -0.294198
2.36774 -0.325301
2.46774 -0.202204
2.56774 -0.0861171
2.66774 0.0148801
2.76774 0.0551772
2.86774 0.156544
2.96774 0.301482
3.06774 0.385224
3.16774 0.41964
3.26774 0.396164
3.36774 0.343379
3.46774 0.258876
3.56774 0.164025
3.66774 0.0577026
3.76774 -0.0947838
3.86774 -0.152319
3.96774 -0.0857241
4.06774 -0.0277168
4.16774 0.00107622
4.26774 0.014312
4.36774 0.0758414
4.46774 0.114008
4.56774 0.210719
4.66774 0.273868
4.76774 0.289901
4.86774 0.24654
4.96774 0.265795
5.06774 0.279554
5.16774 0.2835
5.26774 0.387639
5.36774 0.419782
5.46774 0.452681
5.56774 0.46914
5.66774 0.507238
5.76774 0.531762
5.86774 0.470981
5.96774 0.265165
6.06774 -0.0330877
6.16774 -0.216683
6.26774 -0.294746
6.36774 -0.340501
6.46774 -0.290841
6.56774 -0.233875
6.66774 -0.169655
6.76774 -0.082989
6.86774 0.0409634
6.96774 0.182009
7.06774 0.150363
7.16774 0.155962
7.26774 0.127701
7.36774 0.126912
7.46774 0.122785
7.56774 0.171805
7.66774 0.298986
7.76774 0.398355
7.86774 0.46138
7.96774 0.46276
8.06774 0.443688
8.16774 0.395339
8.26774 0.389566
8.36774 0.384333
8.46774 0.372587
8.56774 0.408708
8.66774 0.485029
8.76774 0.490236
8.86774 0.350343
8.96774 0.158962
9.06774 -0.0665701
9.16774 -0.241227
9.26774 -0.402573
9.36774 -0.527012
9.46774 -0.536286
9.56774 -0.460756
9.66774 -0.297209
9.76774 -0.0256457
9.86774 0.255491
9.96774 0.423889
10.0677 0.50328
10.1677 0.570611
10.2677 0.618508
10.3677 0.547222
10.4677 0.391407
10.5677 0.202945
10.6677 0.0317685
10.7677 -0.0662226
10.8677 -0.154786
10.9677 -0.163923
11.0677 -0.0890988
11.1677 0.0489325
11.2677 0.250888
11.3677 0.394458
11.4677 0.545382
11.5677 0.617225
11.6677 0.649269
11.7677 0.661998
11.8677 0.646062
11.9677 0.618775
12.0677 0.53058
12.1677 0.409009
12.2677 0.347279
12.3677 0.320611
12.4677 0.288827
12.5677 0.195883
12.6677 0.113548
12.7677 -0.00335091
12.8677 -0.117122
12.9677 -0.250796
13.0677 -0.44244
13.1677 -0.552539
13.2677 -0.631504
13.3677 -0.639616
13.4677 -0.464209
13.5677 -0.197178
13.6677 0.0807364
13.7677 0.345457
13.8677 0.550307
13.9677 0.6523
14.0677 0.673848
14.1677 0.60451
14.2677 0.529571
14.3677 0.497443
14.4677 0.500941
14.5677 0.492085
14.6677 0.506765
14.7677 0.574061
14.8677 0.620795
14.9677 0.649096
15.0677 0.66688
15.1677 0.647613
15.2677 0.560749
15.3677 0.466456
15.4677 0.289636
15.5677 0.060458
15.6677 -0.126117
15.7677 -0.320288
15.8677 -0.455185
15.9677 -0.512343
16.0677 -0.505447
16.1677 -0.43109
16.2677 -0.33976
16.3677 -0.107429
16.4677 0.231118
16.5677 0.549793
16.6677 0.848049
16.7677 1.00059
16.8677 1.1114
16.9677 1.18959
17.0677 1.14988
17.1677 0.98582
17.2677 0.753749
17.3677 0.476208
17.4677 0.209775
17.5677 0.0176271
17.6677 -0.179568
17.7677 -0.244152
17.8677 -0.242701
17.9677 -0.177725
18.0677 -0.0248682
18.1677 0.0899903
18.2677 0.173924
18.3677 0.216059
18.4677 0.213375
18.5677 0.223312
18.6677 0.202048
18.7677 0.163494
18.8677 0.0969133
18.9677 0.0210685
19.0677 0.00315798
19.1677 0.0981199
19.2677 0.301156
19.3677 0.550974
19.4677 0.671121
19.5677 0.65641
19.6677 0.624282
19.7677 0.622862
19.8677 0.632477
19.9677 0.54493
20.0677 0.427044
20.1677 0.281825
20.2677 0.142324
20.3677 0.0507682
20.4677 -0.0179142
20.5677 -0.153398
20.6677 -0.317383
20.7677 -0.343656
20.8677 -0.274968
20.9677 -0.212187
21.0677 -0.14392
21.1677 -0.104616
21.2677 -0.0772194
21.3677 0.0236369
21.4677 0.153762
21.5677 0.329261
21.6677 0.514096
21.7677 0.670667
21.8677 0.824985
21.9677 1.02446
22.0677 1.23945
22.1677 1.37794
22.2677 1.39818
22.3677 1.24424
22.4677 0.948074
22.5677 0.594906
22.6677 0.249562
22.7677 -0.108754
22.8677 -0.446825
22.9677 -0.709603
23.0677 -0.845072
23.1677 -0.797311
23.2677 -0.678004
23.3677 -0.548252
23.4677 -0.354589
23.5677 -0.0952341
23.6677 0.195881
23.7677 0.454723
23.8677 0.58172
23.9677 0.574202
24.0677 0.483952
24.1677 0.409752
24.2677 0.405683
24.3677 0.444255
24.4677 0.52114
24.5677 0.558008
24.6677 0.553184
24.7677 0.557061
24.8677 0.5521
24.9677 0.56436
25.0677 0.585696
25.1677 0.523112
25.2677 0.420537
25.3677 0.389883
25.4677 0.419261
25.5677 0.447302
25.6677 0.451708
25.7677 0.354669
25.8677 0.153315
25.9677 -0.114419
26.0677 -0.28225
26.1677 -0.265153
26.2677 -0.19186
26.3677 -0.18112
26.4677 -0.188406
26.5677 -0.155585
26.6677 -0.0328138
26.7677 0.11968
26.8677 0.234122
26.9677 0.296943
27.0677 0.31506
27.1677 0.391034
27.2677 0.512642
27.3677 0.585656
27.4677 0.552433
27.5677 0.419615
27.6677 0.213918
27.7677 0.0964896
27.8677 0.156142
27.9677 0.283008
28.0677 0.431817
28.1677 0.538259
28.2677 0.580537
28.3677 0.612527
28.4677 0.652907
28.5677 0.69566
28.6677 0.695103
28.7677 0.634979
28.8677 0.517284
28.9677 0.344502
29.0677 0.128377
29.1677 -0.120003
29.2677 -0.326282
29.3677 -0.472678
29.4677 -0.526121
29.5677 -0.396553
29.6677 -0.142715
29.7677 0.154234
29.8677 0.3826
29.9677 0.517105
30.0677 0.566085
30.1677 0.564081
30.2677 0.50223
30.3677 0.394642
30.4677 0.236254
30.5677 0.0742831
30.6677 -0.0384935
30.7677 -0.135338
30.8677 -0.290639
30.9677 -0.471248
31.0677 -0.545475
31.1677 -0.460524
31.2677 -0.212308
31.3677 0.145559
31.4677 0.469731
31.5677 0.689404
31.6677 0.756979
31.7677 0.756312
31.8677 0.78718
31.9677 0.879476
32.0677 0.932794
32.1677 0.896621
32.2677 0.82204
32.3677 0.78631
32.4677 0.795523
32.5677 0.783449
32.6677 0.738708
32.7677 0.666141
32.8677 0.520705
32.9677 0.325707
33.0677 0.145844
33.1677 -0.00749447
33.2677 -0.159782
33.3677 -0.344599
33.4677 -0.501667
33.5677 -0.567702
33.6677 -0.558438
33.7677 -0.505241
33.8677 -0.373194
33.9677 -0.210589
34.0677 -0.0939123
34.1677 -0.0121559
34.2677 0.0557714
34.3677 0.1818
34.4677 0.382289
34.5677 0.585685
34.6677 0.696553
34.7677 0.746343
34.8677 0.801175
34.9677 0.901123
35.0677 1.00213
35.1677 1.03869
35.2677 1.01431
35.3677 0.912127
35.4677 0.769534
35.5677 0.674956
35.6677 0.588031
35.7677 0.418622
35.8677 0.145112
35.9677 -0.0875273
36.0677 -0.178045
36.1677 -0.2516
36.2677 -0.463706
36.3677 -0.963188
36.4677 -1.77252
36.5677 -2.88757
36.6677 -4.16495
36.7677 -5.15652
36.8677 -5.34476
36.9677 -4.41446
37.0677 -2.17471
37.1677 1.54647
37.2677 7.01394
37.3677 14.2515
37.4677 21.6821
37.5677 26.7623
37.6677 27.2537
37.7677 21.6551
37.8677 8.33079
37.9677 -13.7122
38.0677 -42.762
38.1677 -70.9139
38.2677 -88.3439
38.3677 -89.8043
38.4677 -76.9619
38.5677 -51.5457
38.6677 -15.7101
38.7677 26.9217
38.8677 69.9527
38.9677 105.458
39.0677 126.56
39.1677 131.055
39.2677 113.352
39.3677 67.8233
39.4677 6.09405
39.5677 -50.8259
39.6677 -89.2801
39.7677 -107.469
39.8677 -110.294
39.9677 -102.166
40.0677 -87.4646
40.1677 -70.3883
40.2677 -53.3672
40.3677 -36.7267
40.4677 -20.0212
40.5677 -2.92442
40.6677 14.7452
40.7677 32.8983
40.8677 50.6301
40.9677 65.9726
41.0677 76.5109
41.1677 80.3751
41.2677 77.315
41.3677 68.9884
41.4677 57.7388
41.5677 44.9785
41.6677 31.0362
41.7677 15.704
41.8677 -1.28992
41.9677 -19.5122
42.0677 -37.2014
42.1677 -51.4585
42.2677 -60.161
42.3677 -63.1638
42.4677 -61.584
42.5677 -57.3294
42.6677 -52.1812
42.7677 -46.8485
42.8677 -41.0443
42.9677 -34.2191
43.0677 -25.9222
43.1677 -16.0234
43.2677 -5.03932
43.3677 5.85973
43.4677 15.6299
43.5677 23.7927
43.6677 30.3118
43.7677 35.3162
43.8677 39.1279
43.9677 42.0156
44.0677 43.8377
44.1677 44.0513
44.2677 42.1733
44.3677 38.014
44.4677 31.9565
44.5677 24.9818
44.6677 18.1033
44.7677 11.7657
44.8677 5.82383
44.9677 -0.176255
45.0677 -6.66216
45.1677 -13.8626
45.2677 -21.3756
45.3677 -28.0957
45.4677 -32.9727
45.5677 -35.628
45.6677 -36.3167
45.7677 -35.4999
45.8677 -33.7004
45.9677 -31.3339
46.0677 -28.5331
46.1677 -25.2208
46.2677 -21.3391
46.3677 -16.8784
46.4677 -12.0394
46.5677 -7.31029
46.6677 -3.0823
46.7677 0.687538
46.8677 4.2193
46.9677 7.74091
47.0677 11.4931
47.1677 15.4292
47.2677 19.2309
47.3677 22.4997
47.4677 24.8476
47.5677 26.1497
47.6677 26.5522
47.7677 26.2784
47.8677 25.5872
47.9677 24.4331
48.0677 22.6703
48.1677 20.1106
48.2677 16.6948
48.3677 12.6248
48.4677 8.29899
48.5677 4.08593
48.6677 0.196752
48.7677 -3.32407
48.8677 -6.58809
48.9677 -9.8162
49.0677 -13.0676
49.1677 -16.1915
49.2677 -18.8346
49.3677 -20.5883
49.4677 -21.3482
49.5677 -21.2664
49.6677 -20.6508
49.7677 -19.939
49.8677 -19.4036
49.9677 -18.9879
50.0677 -18.4651
50.1677 -17.5241
50.2677 -15.8979
50.3677 -13.4351
50.4677 -10.2827
50.5677 -6.68837
50.6677 -2.77483
50.7677 1.3973
50.8677 5.65846
50.9677 9.72927
51.0677 13.2318
51.1677 15.8076
51.2677 17.148
51.3677 17.1845
51.4677 16.1448
51.5677 14.56
51.6677 13.0156
51.7677 11.8296
51.8677 11.2267
51.9677 11.1997
52.0677 11.5362
52.1677 11.9644
52.2677 12.1813
52.3677 12.0666
52.4677 11.6784
52.5677 11.1055
52.6677 10.3812
52.7677 9.43978
52.8677 8.01452
52.9677 5.94712
53.0677 3.2064
53.1677 -0.0705661
53.2677 -3.5966
53.3677 -7.0781
53.4677 -10.315
53.5677 -13.2914
53.6677 -15.9273
53.7677 -18.1296
53.8677 -19.8235
53.9677 -20.8889
54.0677 -21.3334
54.1677 -21.1587
54.2677 -20.3539
54.3677 -18.8582
54.4677 -16.7399
54.5677 -14.2391
54.6677 -11.5175
54.7677 -8.67139
54.8677 -5.76833
54.9677 -2.86132
55.0677 -0.0194371
55.1677 2.62807
55.2677 4.90278
55.3677 6.74942
55.4677 8.1656
55.5677 9.2868
55.6677 10.2564
55.7677 11.1844
55.8677 12.232
55.9677 13.4438
56.0677 14.7214
56.1677 15.9222
56.2677 16.7709
56.3677 17.098
56.4677 16.7668
56.5677 15.6622
56.6677 13.8712
56.7677 11.5867
56.8677 9.02943
56.9677 6.44587
57.0677 4.01261
57.1677 1.92143
57.2677 0.156498
57.3677 -1.34566
57.4677 -2.74453
57.5677 -4.19016
57.6677 -5.65414
57.7677 -6.99387
57.8677 -8.08619
57.9677 -8.87367
58.0677 -9.3433
58.1677 -9.58168
58.2677 -9.58836
58.3677 -9.38755
58.4677 -9.01313
58.5677 -8.51822
58.6677 -8.0418
58.7677 -7.69161
58.8677 -7.50711
58.9677 -7.49606
59.0677 -7.57622
59.1677 -7.63984
59.2677 -7.5575
59.3677 -7.18449
59.4677 -6.46842
59.5677 -5.37755
59.6677 -3.97946
59.7677 -2.43296
59.8677 -0.868333
59.9677 0.536674
60.0677 1.77342
60.1677 2.83713
60.2677 3.75802
60.3677 4.66657
60.4677 5.63826
60.5677 6.7068
60.6677 7.84104
60.7677 8.93834
60.8677 9.8677
60.9677 10.5778
61.0677 10.9978
61.1677 11.1015
61.2677 10.7822
61.3677 10.1534
61.4677 9.41022
61.5677 8.68879
61.6677 7.96183
61.7677 7.19963
61.8677 6.38108
61.9677 5.42025
62.0677 4.27835
62.1677 3.05127
62.2677 1.8169
62.3677 0.608662
62.4677 -0.516716
62.5677 -1.55156
62.6677 -2.57383
62.7677 -3.67348
62.8677 -4.89599
62.9677 -6.184
63.0677 -7.44896
63.1677 -8.48609
63.2677 -9.16639
63.3677 -9.48268
63.4677 -9.55641
63.5677 -9.35707
63.6677 -8.96366
63.7677 -8.55911
63.8677 -8.19021
63.9677 -7.80253
64.0677 -7.31597
64.1677 -6.70436
64.2677 -5.93718
64.3677 -5.0591
64.4677 -4.07932
64.5677 -2.96016
64.6677 -1.78339
64.7677 -0.652957
64.8677 0.40779
64.9677 1.42329
65.0677 2.39425
65.1677 3.33304
65.2677 4.25477
65.3677 5.09076
65.4677 5.8238
65.5677 6.39843
65.6677 6.87394
65.7677 7.27902
65.8677 7.55483
65.9677 7.61873
66.0677 7.4733
66.1677 7.18756
66.2677 6.8502
66.3677 6.47904
66.4677 6.09538
66.5677 5.68615
66.6677 5.24422
66.7677 4.81158
66.8677 4.42809
66.9677 4.06934
67.0677 3.69749
67.1677 3.30768
67.2677 2.83899
67.3677 2.2538
67.4677 1.57589
67.5677 0.769971
67.6677 -0.136623
67.7677 -1.05069
67.8677 -1.864
67.9677 -2.53794
68.0677 -3.0652
68.1677 -3.46223
68.2677 -3.78305
68.3677 -4.13437
68.4677 -4.53345
68.5677 -5.01252
68.6677 -5.54692
68.7677 -6.07834
68.8677 -6.48678
68.9677 -6.76464
69.0677 -6.93366
69.1677 -6.98581
69.2677 -6.86975
69.3677 -6.56206
69.4677 -5.98607
69.5677 -5.21998
69.6677 -4.33009
69.7677 -3.41432
69.8677 -2.51528
69.9677 -1.66097
70.0677 -0.9024
70.1677 -0.230812
70.2677 0.445816
70.3677 1.14875
70.4677 1.87707
70.5677 2.62106
70.6677 3.33206
70.7677 3.96323
70.8677 4.4902
70.9677 4.93149
71.0677 5.25266
71.1677 5.55146
71.2677 5.83726
71.3677 6.01023
71.4677 6.02439
71.5677 5.88672
71.6677 5.60139
71.7677 5.20605
71.8677 4.78216
71.9677 4.4415
72.0677 4.28182
72.1677 4.45412
72.2677 5.03622
72.3677 5.93144
72.4677 6.85049
72.5677 7.33826
72.6677 7.03442
72.7677 5.73894
72.8677 3.46141
72.9677 0.266417
73.0677 -3.50305
73.1677 -7.16183
73.2677 -9.89558
73.3677 -11.1049
73.4677 -10.6586
73.5677 -8.69893
73.6677 -5.66434
73.7677 -2.23993
73.8677 0.698361
73.9677 2.53429
74.0677 3.10171
74.1677 2.48005
74.2677 0.844746
74.3677 -1.35102
74.4677 -3.60779
74.5677 -5.61773
74.6677 -7.22296
74.7677 -8.36171
74.8677 -8.9897
74.9677 -9.06544
75.0677 -8.69068
75.1677 -7.95033
75.2677 -6.80279
75.3677 -5.28733
75.4677 -3.53496
75.5677 -1.76553
75.6677 -0.0711591
75.7677 1.49336
75.8677 2.8079
75.9677 3.87085
76.0677 4.79422
76.1677 5.67948
76.2677 6.5466
76.3677 7.25033
76.4677 7.64655
76.5677 7.79774
76.6677 7.8222
76.7677 7.75657
76.8677 7.51014
76.9677 7.10716
77.0677 6.56055
77.1677 5.9363
77.2677 5.21464
77.3677 4.39879
77.4677 3.56835
77.5677 2.8458
77.6677 2.31884
77.7677 1.9953
77.8677 1.85395
77.9677 1.79691
78.0677 1.63236
78.1677 1.2427
78.2677 0.533567
78.3677 -0.468959
78.4677 -1.65808
78.5677 -2.89687
78.6677 -4.06146
78.7677 -4.95522
78.8677 -5.36651
78.9677 -5.30795
79.0677 -4.88818
79.1677 -4.19857
79.2677 -3.44751
79.3677 -2.86988
79.4677 -2.57946
79.5677 -2.6008
79.6677 -2.822
79.7677 -3.13792
79.8677 -3.43817
79.9677 -3.60375
80.0677 -3.58892
80.1677 -3.33818
80.2677 -2.89384
80.3677 -2.34692
80.4677 -1.77148
80.5677 -1.24994
80.6677 -0.835638
80.7677 -0.491525
80.8677 -0.191394
80.9677 0.116053
81.0677 0.457363
81.1677 0.844712
81.2677 1.17266
81.3677 1.40838
81.4677 1.62922
81.5677 1.86263
81.6677 2.12258
81.7677 2.45721
81.8677 2.81925
81.9677 3.17915
82.0677 3.54797
82.1677 3.91885
82.2677 4.23063
82.3677 4.47485
82.4677 4.62737
82.5677 4.67121
82.6677 4.59958
82.7677 4.44995
82.8677 4.23076
82.9677 3.96063
83.0677 3.70394
83.1677 3.44376
83.2677 3.14708
83.3677 2.77846
83.4677 2.36986
83.5677 1.94256
83.6677 1.47104
83.7677 0.905904
83.8677 0.29525
83.9677 -0.346168
84.0677 -1.00748
84.1677 -1.62728
84.2677 -2.19443
84.3677 -2.71117
84.4677 -3.21232
84.5677 -3.71153
84.6677 -4.14366
84.7677 -4.46351
84.8677 -4.6067
84.9677 -4.61926
85.0677 -4.55081
85.1677 -4.41951
85.2677 -4.2268
85.3677 -4.00382
85.4677 -3.74381
85.5677 -3.44926
85.6677 -3.08573
85.7677 -2.6718
85.8677 -2.23964
85.9677 -1.78398
86.0677 -1.27654
86.1677 -0.745362
86.2677 -0.228291
86.3677 0.274359
86.4677 0.836387
86.5677 1.42404
86.6677 1.96287
86.7677 2.42911
86.8677 2.78147
86.9677 3.04781
87.0677 3.2388
87.1677 3.36344
87.2677 3.43585
87.3677 3.47448
87.4677 3.44697
87.5677 3.40349
87.6677 3.42942
87.7677 3.53351
87.8677 3.63421
87.9677 3.70892
88.0677 3.73026
88.1677 3.67364
88.2677 3.57709
88.3677 3.41425
88.4677 3.13126
88.5677 2.76698
88.6677 2.29436
88.7677 1.80574
88.8677 1.26566
88.9677 0.682424
89.0677 0.0725584
89.1677 -0.49035
89.2677 -1.00213
89.3677 -1.37167
89.4677 -1.62874
89.5677 -1.81876
89.6677 -1.96382
89.7677 -2.06371
89.8677 -2.14979
89.9677 -2.29521
90.0677 -2.64029
90.1677 -3.03589
90.2677 -3.39817
90.3677 -3.68934
90.4677 -3.86779
90.5677 -3.92856
90.6677 -3.8548
90.7677 -3.57762
90.8677 -3.09006
90.9677 -2.42348
91.0677 -1.61916
91.1677 -0.853816
91.2677 -0.128333
91.3677 0.469108
91.4677 0.926014
91.5677 1.26121
91.6677 1.47392
91.7677 1.56142
91.8677 1.59588
91.9677 1.62919
92.0677 1.64446
92.1677 1.65326
92.2677 1.60586
92.3677 1.45877
92.4677 1.27461
92.5677 1.19375
92.6677 1.23795
92.7677 1.36893
92.8677 1.49756
92.9677 1.57911
93.0677 1.7586
93.1677 1.89626
93.2677 2.01717
93.3677 2.19686
93.4677 2.30228
93.5677 2.27055
93.6677 2.17711
93.7677 2.00503
93.8677 1.78362
93.9677 1.53153
94.0677 1.2349
94.1677 0.975656
94.2677 0.748958
94.3677 0.443864
94.4677 0.186959
94.5677 -0.0523643
94.6677 -0.304789
94.7677 -0.610964
94.8677 -0.829225
94.9677 -0.947514
95.0677 -0.968202
95.1677 -0.957767
95.2677 -0.905711
95.3677 -0.922576
95.4677 -0.958439
95.5677 -0.981432
95.6677 -1.05402
95.7677 -1.09915
95.8677 -1.24085
95.9677 -1.39147
96.0677 -1.51275
96.1677 -1.65214
96.2677 -1.7161
96.3677 -1.60598
96.4677 -1.39389
96.5677 -1.12472
96.6677 -0.821647
96.7677 -0.390598
96.8677 0.0568954
96.9677 0.399867
97.0677 0.598191
97.1677 0.721903
