-90 -0.00566371
-89.95 -0.00211532
-89.9 -0.00259919
-89.85 -0.00437339
-89.8 -0.00276048
-89.75 0.00223952
-89.7 -0.000502419
-89.65 0.00320726
-89.6 0.00223952
-89.55 0.000142742
-89.5 0.00159435
-89.45 -0.000341129
-89.4 0.00143306
-89.35 -0.00163145
-89.3 -0.00598629
-89.25 -0.00727661
-89.2 -0.00647016
-89.15 0.000142742
-89.1 -0.00179274
-89.05 -0.0111476
-89 -0.0101798
-88.95 -0.00905081
-88.9 -0.00614758
-88.85 -0.00534113
-88.8 -0.00808306
-88.75 -0.0127605
-88.7 -0.00905081
-88.65 -0.00114758
-88.6 -0.00550242
-88.55 0.000142742
-88.5 0.0025621
-88.45 0.00643306
-88.4 0.00546532
-88.35 0.00401371
-88.3 0.0025621
-88.25 0.00288468
-88.2 0.00159435
-88.15 0.00143306
-88.1 0.004175
-88.05 0.000304032
-88 -0.00130887
-87.95 -0.00179274
-87.9 0.00143306
-87.85 -0.0106637
-87.8 -0.00292177
-87.75 0.00352984
-87.7 -0.00356694
-87.65 -0.00711532
-87.6 -0.00340565
-87.55 -0.00647016
-87.5 0.00562661
-87.45 0.000465323
-87.4 0.00111048
-87.35 -0.00130887
-87.3 0.00336855
-87.25 -0.00292177
-87.2 -0.00324435
-87.15 -0.00276048
-87.1 -0.00098629
-87.05 0.000142742
-87 0.00498145
-86.95 0.00433629
-86.9 0.00530403
-86.85 -0.00211532
-86.8 0.00482016
-86.75 0.00449758
-86.7 0.00352984
-86.65 0.00352984
-86.6 -0.00066371
-86.55 0.00159435
-86.5 0.00320726
-86.45 -0.00211532
-86.4 0.00482016
-86.35 0.00772339
-86.3 0.00336855
-86.25 0.00482016
-86.2 0.004175
-86.15 0.00272339
-86.1 0.00482016
-86.05 0.00562661
-86 0.00498145
-85.95 0.00740081
-85.9 0.00836855
-85.85 0.000142742
-85.8 -0.000502419
-85.75 -0.0024379
-85.7 0.00191694
-85.65 -0.00098629
-85.6 -0.00179274
-85.55 0.000304032
-85.5 0.000142742
-85.45 -0.00308306
-85.4 0.000626613
-85.35 0.00869113
-85.3 0.00465887
-85.25 0.00369113
-85.2 0.00611048
-85.15 0.00965887
-85.1 0.00869113
-85.05 0.0109492
-85 0.0111105
-84.95 0.0111105
-84.9 0.0101427
-84.85 0.0112718
-84.8 0.00691694
-84.75 0.0107879
-84.7 0.00643306
-84.65 0.00385242
-84.6 0.00594919
-84.55 0.00498145
-84.5 0.004175
-84.45 -0.00469597
-84.4 0.000949194
-84.35 0.00272339
-84.3 0.00320726
-84.25 0.00530403
-84.2 0.00127177
-84.15 0.00352984
-84.1 0.00465887
-84.05 0.00965887
-84 -0.000825
-83.95 0.00852984
-83.9 0.0106266
-83.85 0.00820726
-83.8 0.00594919
-83.75 0.00643306
-83.7 0.00836855
-83.65 0.00546532
-83.6 0.00304597
-83.55 0.0115944
-83.5 0.0156266
-83.45 0.00159435
-83.4 0.00949758
-83.35 0.0112718
-83.3 0.00611048
-83.25 0.00643306
-83.2 -0.00356694
-83.15 0.000626613
-83.1 -0.00227661
-83.05 -0.00211532
-83 0.00304597
-82.95 -0.00211532
-82.9 0.00336855
-82.85 0.004175
-82.8 0.00449758
-82.75 0.00562661
-82.7 0.00401371
-82.65 -0.000341129
-82.6 0.00159435
-82.55 -0.00485726
-82.5 -1.85484e-05
-82.45 -0.000341129
-82.4 -0.00872823
-82.35 -0.000825
-82.3 -0.000502419
-82.25 -0.00614758
-82.2 -0.00130887
-82.15 0.000465323
-82.1 -0.00372823
-82.05 -0.00501855
-82 -0.00388952
-81.95 -0.00501855
-81.9 0.00207823
-81.85 -0.000341129
-81.8 -0.00147016
-81.75 0.00304597
-81.7 -0.00147016
-81.65 -0.00340565
-81.6 -0.000502419
-81.55 -0.00517984
-81.5 -0.00114758
-81.45 -0.00276048
-81.4 -0.00824435
-81.35 -0.0074379
-81.3 -0.00517984
-81.25 -0.005825
-81.2 -0.0101798
-81.15 -0.00937339
-81.1 -0.00647016
-81.05 -0.0121153
-81 -0.0114702
-80.95 -0.00324435
-80.9 -0.00872823
-80.85 -0.00792177
-80.8 -0.0124379
-80.75 -0.0116315
-80.7 -0.0042121
-80.65 -0.0092121
-80.6 -0.00485726
-80.55 -0.00098629
-80.5 -0.00630887
-80.45 -0.00776048
-80.4 -0.00114758
-80.35 0.00127177
-80.3 0.000949194
-80.25 -0.00663145
-80.2 -0.0148573
-80.15 -0.00550242
-80.1 -0.00372823
-80.05 -0.00179274
-80 -0.00937339
-79.95 -0.0140508
-79.9 -0.00550242
-79.85 -0.0106637
-79.8 -0.0122766
-79.75 -0.00550242
-79.7 -0.0121153
-79.65 -0.0138895
-79.6 -0.0121153
-79.55 -0.0106637
-79.5 -0.00324435
-79.45 -0.00840565
-79.4 -0.0042121
-79.35 -0.00534113
-79.3 -0.00501855
-79.25 0.00191694
-79.2 -0.00872823
-79.15 -0.00469597
-79.1 -0.00292177
-79.05 -0.00437339
-79 -0.00195403
-78.95 -0.00227661
-78.9 -0.00405081
-78.85 -0.00356694
-78.8 -0.00114758
-78.75 -0.00130887
-78.7 -0.000825
-78.65 -0.00598629
-78.6 -0.00388952
-78.55 -0.0042121
-78.5 -0.00179274
-78.45 0.000949194
-78.4 -0.00824435
-78.35 -0.00372823
-78.3 0.00304597
-78.25 -0.00437339
-78.2 0.000304032
-78.15 -0.000825
-78.1 0.000465323
-78.05 -0.00147016
-78 -0.00485726
-77.95 -0.00453468
-77.9 -0.000341129
-77.85 -0.00388952
-77.8 -0.00485726
-77.75 -0.00114758
-77.7 -0.00469597
-77.65 -0.00501855
-77.6 -0.00566371
-77.55 -0.00598629
-77.5 -0.00566371
-77.45 -0.0105024
-77.4 0.000304032
-77.35 0.00175565
-77.3 0.0025621
-77.25 0.000787903
-77.2 0.004175
-77.15 0.00901371
-77.1 0.010304
-77.05 0.00465887
-77 0.00159435
-76.95 0.0115944
-76.9 0.00740081
-76.85 0.00336855
-76.8 0.0075621
-76.75 0.00482016
-76.7 -0.000341129
-76.65 -0.00340565
-76.6 -0.000502419
-76.55 0.00240081
-76.5 -0.00711532
-76.45 -0.00308306
-76.4 -0.00501855
-76.35 -0.00195403
-76.3 0.00385242
-76.25 -0.00437339
-76.2 -0.000179839
-76.15 -1.85484e-05
-76.1 0.00320726
-76.05 -0.0024379
-76 0.000142742
-75.95 0.000787903
-75.9 -0.00114758
-75.85 0.000142742
-75.8 0.00433629
-75.75 0.00449758
-75.7 0.00594919
-75.65 0.00546532
-75.6 0.00191694
-75.55 0.00998145
-75.5 0.00352984
-75.45 0.00788468
-75.4 0.00385242
-75.35 0.00530403
-75.3 0.00223952
-75.25 0.004175
-75.2 0.004175
-75.15 0.00772339
-75.1 0.000304032
-75.05 0.00514274
-75 0.00820726
-74.95 0.00772339
-74.9 0.0057879
-74.85 0.00611048
-74.8 0.00336855
-74.75 0.00772339
-74.7 0.00659435
-74.65 0.00111048
-74.6 0.00594919
-74.55 0.0104653
-74.5 -1.85484e-05
-74.45 0.00885242
-74.4 0.00401371
-74.35 -0.000825
-74.3 0.00643306
-74.25 -0.00388952
-74.2 -0.00324435
-74.15 0.004175
-74.1 0.00594919
-74.05 0.00143306
-74 0.00433629
-73.95 0.00530403
-73.9 0.010304
-73.85 0.00869113
-73.8 0.00804597
-73.75 0.00965887
-73.7 0.0138524
-73.65 0.0104653
-73.6 0.00482016
-73.55 0.00546532
-73.5 0.010304
-73.45 -0.000502419
-73.4 0.00627177
-73.35 0.0106266
-73.3 0.00433629
-73.25 0.00352984
-73.2 0.00240081
-73.15 -0.00066371
-73.1 0.00885242
-73.05 -0.000179839
-73 -0.005825
-72.95 0.00449758
-72.9 0.0133685
-72.85 0.00143306
-72.8 -0.00114758
-72.75 0.0025621
-72.7 0.00304597
-72.65 -0.00098629
-72.6 0.00594919
-72.55 0.00401371
-72.5 0.0114331
-72.45 0.0120782
-72.4 0.00740081
-72.35 0.009175
-72.3 0.00949758
-72.25 0.0104653
-72.2 0.00482016
-72.15 0.00675565
-72.1 0.000465323
-72.05 0.00336855
-72 -0.000502419
-71.95 -0.00292177
-71.9 0.000304032
-71.85 -0.00147016
-71.8 -0.00856694
-71.75 -0.00130887
-71.7 -0.00550242
-71.65 -0.0114702
-71.6 -0.00792177
-71.55 -0.00711532
-71.5 -1.85484e-05
-71.45 -0.0074379
-71.4 -0.000502419
-71.35 -0.00147016
-71.3 -0.00356694
-71.25 0.00191694
-71.2 -0.00630887
-71.15 -0.005825
-71.1 -0.00388952
-71.05 -0.011954
-71 -0.00517984
-70.95 0.000949194
-70.9 -0.00614758
-70.85 -0.00727661
-70.8 -0.00372823
-70.75 -0.00405081
-70.7 -0.00130887
-70.65 -0.00856694
-70.6 -0.00824435
-70.55 -0.0105024
-70.5 -0.0042121
-70.45 -0.00114758
-70.4 -0.00550242
-70.35 -0.00130887
-70.3 -0.0103411
-70.25 -0.00808306
-70.2 -0.00227661
-70.15 -0.00147016
-70.1 -0.0109863
-70.05 -0.00888952
-70 -0.00388952
-69.95 -0.00405081
-69.9 -0.00840565
-69.85 -0.00663145
-69.8 -0.0166315
-69.75 -0.00937339
-69.7 -0.0121153
-69.65 -0.0138895
-69.6 -0.0151798
-69.55 -0.0125992
-69.5 -0.0187282
-69.45 -0.0145347
-69.4 -0.0116315
-69.35 -0.0092121
-69.3 -0.00663145
-69.25 -0.00695403
-69.2 0.00272339
-69.15 -0.00147016
-69.1 -0.0024379
-69.05 -0.000502419
-69 -0.00453468
-68.95 -0.00292177
-68.9 -0.00211532
-68.85 -0.00276048
-68.8 -0.00711532
-68.75 -0.0024379
-68.7 -0.00711532
-68.65 -0.0117927
-68.6 -0.00953468
-68.55 -0.00647016
-68.5 -0.0109863
-68.45 -0.0074379
-68.4 -0.010825
-68.35 -0.0074379
-68.3 -0.00727661
-68.25 -0.0074379
-68.2 -0.00695403
-68.15 -0.00614758
-68.1 -0.00517984
-68.05 -0.00195403
-68 -0.00453468
-67.95 -0.00308306
-67.9 0.00223952
-67.85 -0.00340565
-67.8 -0.00501855
-67.75 0.00191694
-67.7 -0.0042121
-67.65 0.00111048
-67.6 0.00691694
-67.55 -0.00130887
-67.5 0.00352984
-67.45 -0.00501855
-67.4 -0.00114758
-67.35 0.000304032
-67.3 -0.00550242
-67.25 0.000787903
-67.2 -0.00388952
-67.15 -0.00453468
-67.1 0.000949194
-67.05 -0.00114758
-67 -0.00453468
-66.95 0.000465323
-66.9 -0.00098629
-66.85 -0.00308306
-66.8 0.00127177
-66.75 -0.0024379
-66.7 -0.00098629
-66.65 0.00207823
-66.6 -0.00098629
-66.55 -0.00308306
-66.5 -0.00259919
-66.45 0.00240081
-66.4 0.000465323
-66.35 0.00288468
-66.3 0.00514274
-66.25 -0.00114758
-66.2 -0.00179274
-66.15 0.00401371
-66.1 0.000626613
-66.05 -1.85484e-05
-66 0.00562661
-65.95 0.0057879
-65.9 0.00675565
-65.85 0.00723952
-65.8 0.00788468
-65.75 0.00836855
-65.7 0.0114331
-65.65 0.0125621
-65.6 0.00320726
-65.55 0.00433629
-65.5 0.00288468
-65.45 0.000304032
-65.4 0.00143306
-65.35 0.00723952
-65.3 0.00127177
-65.25 -0.000179839
-65.2 0.00401371
-65.15 0.00498145
-65.1 0.00594919
-65.05 0.000304032
-65 -0.00469597
-64.95 -0.00211532
-64.9 -0.000341129
-64.85 0.000626613
-64.8 -0.000179839
-64.75 0.00288468
-64.7 0.00320726
-64.65 0.00175565
-64.6 0.00433629
-64.55 0.00933629
-64.5 0.00691694
-64.45 0.00675565
-64.4 0.0132073
-64.35 0.00965887
-64.3 0.0194976
-64.25 0.00949758
-64.2 0.00998145
-64.15 0.0115944
-64.1 0.00852984
-64.05 0.00465887
-64 0.00433629
-63.95 0.00369113
-63.9 -0.00292177
-63.85 -0.00259919
-63.8 0.00288468
-63.75 0.0025621
-63.7 0.00272339
-63.65 -0.000179839
-63.6 0.00804597
-63.55 0.00369113
-63.5 0.00304597
-63.45 0.00546532
-63.4 0.00627177
-63.35 0.00804597
-63.3 0.00869113
-63.25 0.00901371
-63.2 0.00611048
-63.15 0.00352984
-63.1 0.00675565
-63.05 0.00127177
-63 -0.00098629
-62.95 0.00514274
-62.9 -0.00179274
-62.85 0.00433629
-62.8 0.0101427
-62.75 0.00320726
-62.7 0.00240081
-62.65 0.00191694
-62.6 0.00675565
-62.55 0.0111105
-62.5 0.0114331
-62.45 0.00723952
-62.4 0.00643306
-62.35 0.00433629
-62.3 0.00659435
-62.25 0.00659435
-62.2 0.00836855
-62.15 0.00998145
-62.1 0.00191694
-62.05 0.00143306
-62 0.00352984
-61.95 0.00159435
-61.9 0.00304597
-61.85 -0.00501855
-61.8 -0.00066371
-61.75 0.00272339
-61.7 0.00159435
-61.65 -0.00276048
-61.6 -0.00534113
-61.55 -0.00308306
-61.5 0.00320726
-61.45 -0.00259919
-61.4 -0.00211532
-61.35 0.00369113
-61.3 -0.00179274
-61.25 -0.000341129
-61.2 0.00740081
-61.15 0.00385242
-61.1 0.00901371
-61.05 0.00401371
-61 0.00240081
-60.95 0.00707823
-60.9 0.00482016
-60.85 -0.005825
-60.8 -0.00630887
-60.75 -0.00663145
-60.7 -0.000502419
-60.65 -0.00840565
-60.6 -0.010825
-60.55 -0.00163145
-60.5 -0.00501855
-60.45 -0.0121153
-60.4 -0.00614758
-60.35 -0.0114702
-60.3 -0.00711532
-60.25 -0.0135669
-60.2 -0.0122766
-60.15 -0.010825
-60.1 -0.00372823
-60.05 0.00191694
-60 -0.00953468
-59.95 -0.00550242
-59.9 -0.00324435
-59.85 -0.00840565
-59.8 -0.00324435
-59.75 -1.85484e-05
-59.7 -0.00227661
-59.65 -0.00130887
-59.6 -0.00437339
-59.55 -0.00808306
-59.5 -0.00179274
-59.45 -0.0042121
-59.4 -0.0113089
-59.35 -0.00598629
-59.3 -0.00695403
-59.25 -0.00792177
-59.2 -0.0103411
-59.15 -0.00824435
-59.1 -0.00437339
-59.05 -0.00259919
-59 -0.00711532
-58.95 -0.00340565
-58.9 -0.0125992
-58.85 -0.0155024
-58.8 -0.00647016
-58.75 -0.00598629
-58.7 -0.00566371
-58.65 -0.00695403
-58.6 -0.00953468
-58.55 -0.00517984
-58.5 -0.00840565
-58.45 -0.0074379
-58.4 -0.0166315
-58.35 -0.0124379
-58.3 -0.0140508
-58.25 -0.0143734
-58.2 -0.0135669
-58.15 -0.00517984
-58.1 0.000626613
-58.05 -0.00437339
-58 -0.00211532
-57.95 -0.00114758
-57.9 0.00320726
-57.85 -0.00485726
-57.8 -0.00630887
-57.75 -0.00098629
-57.7 0.00223952
-57.65 0.00320726
-57.6 -0.00372823
-57.55 -0.00388952
-57.5 0.00594919
-57.45 -0.00340565
-57.4 -0.00937339
-57.35 -0.00292177
-57.3 -0.005825
-57.25 -0.0103411
-57.2 -0.00808306
-57.15 -0.0106637
-57.1 -0.00340565
-57.05 -0.00872823
-57 -0.00647016
-56.95 -0.00388952
-56.9 -0.00227661
-56.85 -0.00308306
-56.8 -0.00356694
-56.75 -0.00130887
-56.7 -0.0042121
-56.65 -0.00663145
-56.6 0.00449758
-56.55 0.00159435
-56.5 0.00740081
-56.45 0.00772339
-56.4 0.00804597
-56.35 0.00304597
-56.3 0.00852984
-56.25 0.00336855
-56.2 -0.00372823
-56.15 0.00385242
-56.1 0.00498145
-56.05 -0.00163145
-56 -0.00517984
-55.95 0.00611048
-55.9 0.00143306
-55.85 0.00111048
-55.8 0.00288468
-55.75 0.00304597
-55.7 -0.00856694
-55.65 -0.00098629
-55.6 0.00594919
-55.55 0.00643306
-55.5 0.015304
-55.45 0.00804597
-55.4 0.00514274
-55.35 0.0057879
-55.3 0.00901371
-55.25 0.00111048
-55.2 -0.00098629
-55.15 0.000626613
-55.1 0.00546532
-55.05 0.000465323
-55 -1.85484e-05
-54.95 0.0057879
-54.9 0.00385242
-54.85 0.00804597
-54.8 0.00304597
-54.75 0.00272339
-54.7 0.0138524
-54.65 0.00627177
-54.6 0.00304597
-54.55 0.00707823
-54.5 0.0111105
-54.45 0.00433629
-54.4 0.00740081
-54.35 0.013046
-54.3 0.0025621
-54.25 0.00482016
-54.2 0.000142742
-54.15 0.000949194
-54.1 0.00707823
-54.05 -1.85484e-05
-54 0.00482016
-53.95 0.00530403
-53.9 0.0025621
-53.85 0.00288468
-53.8 -0.000341129
-53.75 0.00272339
-53.7 0.00127177
-53.65 -0.00130887
-53.6 -0.00550242
-53.55 0.00127177
-53.5 -0.000502419
-53.45 0.00304597
-53.4 0.014175
-53.35 0.009175
-53.3 0.00385242
-53.25 0.00594919
-53.2 0.00546532
-53.15 0.00820726
-53.1 0.0107879
-53.05 0.00998145
-53 0.009175
-52.95 0.0132073
-52.9 0.010304
-52.85 0.0111105
-52.8 0.004175
-52.75 -0.00276048
-52.7 0.00272339
-52.65 -0.00598629
-52.6 0.00352984
-52.55 0.00223952
-52.5 0.000626613
-52.45 0.00272339
-52.4 0.00465887
-52.35 -0.000179839
-52.3 0.00336855
-52.25 0.000626613
-52.2 0.00369113
-52.15 0.00530403
-52.1 0.00240081
-52.05 0.0057879
-52 0.000626613
-51.95 0.00546532
-51.9 0.00659435
-51.85 0.00498145
-51.8 0.00111048
-51.75 0.00562661
-51.7 0.00272339
-51.65 -0.00388952
-51.6 0.00143306
-51.55 0.00433629
-51.5 0.00530403
-51.45 -0.000825
-51.4 0.004175
-51.35 0.00788468
-51.3 0.00659435
-51.25 0.00740081
-51.2 0.004175
-51.15 -0.00179274
-51.1 0.00240081
-51.05 -0.00114758
-51 -0.00098629
-50.95 0.00465887
-50.9 0.00143306
-50.85 0.00594919
-50.8 0.00498145
-50.75 0.00336855
-50.7 0.00175565
-50.65 0.00143306
-50.6 -0.00292177
-50.55 0.000142742
-50.5 -0.00324435
-50.45 -0.00179274
-50.4 -0.0042121
-50.35 -0.00840565
-50.3 -0.00211532
-50.25 -0.00888952
-50.2 -0.0100185
-50.15 -0.00469597
-50.1 -0.00727661
-50.05 -0.00550242
-50 -0.00195403
-49.95 0.000465323
-49.9 0.010304
-49.85 -0.000825
-49.8 0.000142742
-49.75 0.000787903
-49.7 0.00111048
-49.65 0.00159435
-49.6 -0.00405081
-49.55 -0.00405081
-49.5 -0.00163145
-49.45 -0.00356694
-49.4 -0.00453468
-49.35 -0.00550242
-49.3 -0.0092121
-49.25 -0.00776048
-49.2 -0.0124379
-49.15 -0.0113089
-49.1 -0.00872823
-49.05 -0.0127605
-49 -0.0114702
-48.95 -0.00808306
-48.9 -0.00937339
-48.85 -0.00727661
-48.8 -0.00727661
-48.75 -0.011954
-48.7 0.000787903
-48.65 -0.0111476
-48.6 -0.00550242
-48.55 -0.00517984
-48.5 -0.00276048
-48.45 -0.00888952
-48.4 0.0025621
-48.35 -0.00114758
-48.3 0.00175565
-48.25 -0.000502419
-48.2 -0.0106637
-48.15 -0.00663145
-48.1 -0.00598629
-48.05 -0.0100185
-48 -0.0129218
-47.95 -0.00985726
-47.9 -0.0109863
-47.85 -0.0124379
-47.8 -0.0101798
-47.75 -0.00872823
-47.7 -0.0150185
-47.65 -0.014696
-47.6 -0.00953468
-47.55 -0.0106637
-47.5 -0.00792177
-47.45 -0.00453468
-47.4 -0.00840565
-47.35 -0.00437339
-47.3 -0.00437339
-47.25 -0.0074379
-47.2 -0.00485726
-47.15 -0.00324435
-47.1 -0.0100185
-47.05 -0.0103411
-47 -0.00517984
-46.95 -0.00517984
-46.9 -0.00324435
-46.85 -0.00211532
-46.8 0.00143306
-46.75 -0.00114758
-46.7 0.00191694
-46.65 -0.00195403
-46.6 -0.00276048
-46.55 0.00240081
-46.5 -0.00227661
-46.45 0.00272339
-46.4 -0.00098629
-46.35 0.00127177
-46.3 0.00498145
-46.25 -0.00098629
-46.2 0.00223952
-46.15 -0.00179274
-46.1 -0.00114758
-46.05 -0.00566371
-46 -0.00179274
-45.95 0.00159435
-45.9 0.000465323
-45.85 -0.00517984
-45.8 -0.00566371
-45.75 -0.00501855
-45.7 -0.00663145
-45.65 -0.00614758
-45.6 -0.0121153
-45.55 -0.00679274
-45.5 -0.00179274
-45.45 -0.00405081
-45.4 0.00191694
-45.35 0.00643306
-45.3 0.0112718
-45.25 0.00820726
-45.2 0.00949758
-45.15 0.0106266
-45.1 0.00514274
-45.05 0.00836855
-45 0.00836855
-44.95 0.00498145
-44.9 0.00643306
-44.85 0.00788468
-44.8 0.00482016
-44.75 0.00885242
-44.7 0.0057879
-44.65 -0.00534113
-44.6 0.0057879
-44.55 0.00498145
-44.5 -0.00211532
-44.45 0.00336855
-44.4 -0.00308306
-44.35 0.00336855
-44.3 0.00804597
-44.25 0.0025621
-44.2 0.00465887
-44.15 0.00514274
-44.1 0.00401371
-44.05 0.00272339
-44 0.00272339
-43.95 0.000787903
-43.9 0.00465887
-43.85 0.00514274
-43.8 0.0106266
-43.75 0.0132073
-43.7 0.00433629
-43.65 0.00611048
-43.6 0.00643306
-43.55 0.00627177
-43.5 0.0112718
-43.45 0.000949194
-43.4 -0.0024379
-43.35 0.0057879
-43.3 0.00836855
-43.25 0.0112718
-43.2 0.00223952
-43.15 0.00401371
-43.1 0.00385242
-43.05 0.00272339
-43 0.00530403
-42.95 0.00933629
-42.9 0.00659435
-42.85 0.00385242
-42.8 0.000949194
-42.75 0.00820726
-42.7 0.00627177
-42.65 0.00223952
-42.6 0.00836855
-42.55 0.00385242
-42.5 0.00288468
-42.45 -0.00469597
-42.4 -0.00501855
-42.35 0.00288468
-42.3 -0.00259919
-42.25 0.00207823
-42.2 0.00498145
-42.15 0.00240081
-42.1 0.00852984
-42.05 0.00401371
-42 0.00546532
-41.95 0.000626613
-41.9 0.0156266
-41.85 0.00949758
-41.8 0.00498145
-41.75 0.00820726
-41.7 0.0128847
-41.65 0.0128847
-41.6 0.00482016
-41.55 0.00836855
-41.5 0.00723952
-41.45 -0.000179839
-41.4 0.00159435
-41.35 0.00272339
-41.3 0.00530403
-41.25 0.00159435
-41.2 -0.00824435
-41.15 -0.00469597
-41.1 -1.85484e-05
-41.05 0.00433629
-41 -0.00905081
-40.95 -0.00356694
-40.9 -0.00098629
-40.85 -0.00437339
-40.8 -0.0074379
-40.75 0.00546532
-40.7 0.00530403
-40.65 -0.000825
-40.6 0.0075621
-40.55 0.0101427
-40.5 0.00288468
-40.45 0.00627177
-40.4 0.00530403
-40.35 -0.00130887
-40.3 0.00965887
-40.25 0.00723952
-40.2 0.00401371
-40.15 0.00530403
-40.1 0.00772339
-40.05 0.000465323
-40 -0.00066371
-39.95 -0.00550242
-39.9 -0.005825
-39.85 -0.00888952
-39.8 -0.00292177
-39.75 0.00223952
-39.7 -1.85484e-05
-39.65 -0.00405081
-39.6 0.000142742
-39.55 -0.00066371
-39.5 0.000787903
-39.45 -0.00179274
-39.4 -0.00211532
-39.35 -0.00179274
-39.3 -0.00517984
-39.25 -0.0042121
-39.2 -0.00985726
-39.15 -0.00405081
-39.1 -0.00276048
-39.05 -0.0122766
-39 -0.0092121
-38.95 -0.00840565
-38.9 -0.0151798
-38.85 -0.0105024
-38.8 -0.00759919
-38.75 -0.00824435
-38.7 0.00143306
-38.65 -0.000341129
-38.6 -0.00259919
-38.55 -0.00388952
-38.5 -0.0024379
-38.45 -0.00163145
-38.4 0.00111048
-38.35 -0.00517984
-38.3 -0.00437339
-38.25 -0.0092121
-38.2 -0.00469597
-38.15 -0.00130887
-38.1 0.00465887
-38.05 -0.00824435
-38 -0.00937339
-37.95 -0.00566371
-37.9 -0.0116315
-37.85 -0.0150185
-37.8 -0.0122766
-37.75 -0.0125992
-37.7 -0.0134056
-37.65 -0.0155024
-37.6 -0.0140508
-37.55 -0.00776048
-37.5 -0.00679274
-37.45 -0.00985726
-37.4 -0.00647016
-37.35 -0.00195403
-37.3 -0.00759919
-37.25 -0.00630887
-37.2 -0.00130887
-37.15 -0.00211532
-37.1 0.00352984
-37.05 0.00336855
-37 -0.00195403
-36.95 0.000304032
-36.9 -0.00098629
-36.85 -0.00340565
-36.8 -0.0143734
-36.75 -0.00824435
-36.7 -0.00759919
-36.65 -0.0117927
-36.6 -0.00663145
-36.55 -0.00372823
-36.5 -0.00808306
-36.45 -0.0137282
-36.4 -0.011954
-36.35 -0.0074379
-36.3 -0.00501855
-36.25 -0.00550242
-36.2 -0.00937339
-36.15 -1.85484e-05
-36.1 -0.00163145
-36.05 -1.85484e-05
-36 0.000626613
-35.95 -1.85484e-05
-35.9 0.00272339
-35.85 0.00562661
-35.8 0.00304597
-35.75 0.0025621
-35.7 0.0057879
-35.65 -0.00227661
-35.6 0.00498145
-35.55 -0.000341129
-35.5 0.00820726
-35.45 0.00207823
-35.4 -0.00114758
-35.35 0.0057879
-35.3 0.00514274
-35.25 0.0025621
-35.2 -0.00259919
-35.15 0.00465887
-35.1 0.00127177
-35.05 0.000142742
-35 0.00143306
-34.95 0.00740081
-34.9 0.00352984
-34.85 -0.00453468
-34.8 0.00240081
-34.75 -0.00647016
-34.7 0.00159435
-34.65 -0.000341129
-34.6 -0.00276048
-34.55 0.00207823
-34.5 -0.0024379
-34.45 -0.00566371
-34.4 -0.0074379
-34.35 -0.0101798
-34.3 -0.00485726
-34.25 -0.005825
-34.2 -0.000502419
-34.15 0.00627177
-34.1 0.00143306
-34.05 0.00514274
-34 0.0125621
-33.95 0.00998145
-33.9 0.0169169
-33.85 0.0146589
-33.8 0.00852984
-33.75 0.0115944
-33.7 0.0107879
-33.65 0.00788468
-33.6 0.0136911
-33.55 0.0157879
-33.5 0.0136911
-33.45 0.00449758
-33.4 0.00449758
-33.35 0.00707823
-33.3 0.00240081
-33.25 0.000787903
-33.2 0.000142742
-33.15 -0.00324435
-33.1 0.00288468
-33.05 -0.00195403
-33 -0.0024379
-32.95 0.00272339
-32.9 0.00401371
-32.85 0.00223952
-32.8 0.000787903
-32.75 0.00336855
-32.7 0.0057879
-32.65 0.00465887
-32.6 0.00111048
-32.55 0.0144976
-32.5 0.00659435
-32.45 0.00740081
-32.4 0.0106266
-32.35 0.00336855
-32.3 0.00288468
-32.25 0.00449758
-32.2 0.000626613
-32.15 -0.00147016
-32.1 0.00159435
-32.05 0.00627177
-32 0.00223952
-31.95 0.00901371
-31.9 0.0075621
-31.85 0.00207823
-31.8 0.009175
-31.75 0.009175
-31.7 -0.000341129
-31.65 0.00885242
-31.6 0.0115944
-31.55 0.0138524
-31.5 0.013046
-31.45 0.00691694
-31.4 0.00546532
-31.35 0.00514274
-31.3 0.00304597
-31.25 -0.00372823
-31.2 -0.000179839
-31.15 0.00352984
-31.1 0.00401371
-31.05 0.000304032
-31 0.00465887
-30.95 0.0101427
-30.9 0.0025621
-30.85 -0.00098629
-30.8 0.0124008
-30.75 0.00933629
-30.7 0.00949758
-30.65 0.0122395
-30.6 0.00998145
-30.55 0.00143306
-30.5 0.00998145
-30.45 0.00562661
-30.4 0.00336855
-30.35 0.00223952
-30.3 0.00465887
-30.25 -0.00534113
-30.2 -0.00679274
-30.15 -0.00792177
-30.1 -0.0103411
-30.05 -0.011954
-30 -0.00937339
-29.95 -0.0092121
-29.9 -0.00147016
-29.85 -0.00905081
-29.8 -0.00727661
-29.75 -0.00566371
-29.7 -0.0111476
-29.65 -0.00888952
-29.6 -0.0122766
-29.55 -0.0116315
-29.5 -0.00792177
-29.45 -0.00630887
-29.4 -0.00598629
-29.35 0.00143306
-29.3 -0.00437339
-29.25 -0.00179274
-29.2 -0.00292177
-29.15 0.000626613
-29.1 0.00352984
-29.05 0.00320726
-29 0.00643306
-28.95 0.00788468
-28.9 0.00901371
-28.85 0.009175
-28.8 0.00304597
-28.75 0.000465323
-28.7 -0.00453468
-28.65 -0.00276048
-28.6 -0.00066371
-28.55 -0.00098629
-28.5 -0.00840565
-28.45 0.000949194
-28.4 -0.00066371
-28.35 -0.00647016
-28.3 0.00223952
-28.25 0.000142742
-28.2 -0.00163145
-28.15 -0.00147016
-28.1 -0.00453468
-28.05 0.00159435
-28 0.00240081
-27.95 0.00207823
-27.9 0.00482016
-27.85 0.00288468
-27.8 -0.000341129
-27.75 0.00207823
-27.7 -0.00679274
-27.65 -0.00405081
-27.6 -0.00292177
-27.55 -0.0100185
-27.5 -0.00259919
-27.45 -0.00534113
-27.4 0.000626613
-27.35 -0.0024379
-27.3 0.000465323
-27.25 -0.00517984
-27.2 -0.00292177
-27.15 -0.0145347
-27.1 -0.00888952
-27.05 -0.0121153
-27 -0.00485726
-26.95 -0.00727661
-26.9 -0.00808306
-26.85 -0.00856694
-26.8 -0.00824435
-26.75 -0.00856694
-26.7 -0.00824435
-26.65 -0.0177605
-26.6 -0.0156637
-26.55 -0.0138895
-26.5 -0.0130831
-26.45 -0.0184056
-26.4 -0.0151798
-26.35 -0.0130831
-26.3 -0.00985726
-26.25 -0.0111476
-26.2 -0.00679274
-26.15 -0.00340565
-26.1 -0.00453468
-26.05 -0.00905081
-26 -0.00163145
-25.95 0.00385242
-25.9 0.0120782
-25.85 0.00530403
-25.8 0.00885242
-25.75 0.009175
-25.7 0.00740081
-25.65 0.00998145
-25.6 0.0025621
-25.55 0.00207823
-25.5 0.00288468
-25.45 -0.00308306
-25.4 -0.00759919
-25.35 -0.00485726
-25.3 -0.00598629
-25.25 -0.0122766
-25.2 -0.00388952
-25.15 -0.0042121
-25.1 -0.00130887
-25.05 -0.00211532
-25 -0.00566371
-24.95 -0.00485726
-24.9 -0.00211532
-24.85 -0.00179274
-24.8 0.00369113
-24.75 0.00111048
-24.7 0.00207823
-24.65 0.00336855
-24.6 0.0057879
-24.55 0.0025621
-24.5 -0.00066371
-24.45 -0.00340565
-24.4 0.00498145
-24.35 0.00498145
-24.3 0.0117556
-24.25 -0.00163145
-24.2 -1.85484e-05
-24.15 0.00546532
-24.1 0.00191694
-24.05 0.00449758
-24 0.000304032
-23.95 -0.00372823
-23.9 0.00223952
-23.85 -0.00453468
-23.8 0.00191694
-23.75 0.00401371
-23.7 -0.0024379
-23.65 -0.00163145
-23.6 -1.85484e-05
-23.55 0.00175565
-23.5 0.00449758
-23.45 0.00127177
-23.4 0.00401371
-23.35 0.00465887
-23.3 0.00675565
-23.25 0.0057879
-23.2 0.00627177
-23.15 0.0104653
-23.1 0.0124008
-23.05 0.00594919
-23 0.00836855
-22.95 0.00820726
-22.9 0.00836855
-22.85 0.0133685
-22.8 0.00675565
-22.75 0.0112718
-22.7 0.0196589
-22.65 0.0057879
-22.6 0.0122395
-22.55 0.0117556
-22.5 0.0156266
-22.45 0.0138524
-22.4 0.013046
-22.35 0.009175
-22.3 0.00965887
-22.25 0.00320726
-22.2 0.00675565
-22.15 0.0133685
-22.1 0.000626613
-22.05 -0.00550242
-22 -0.00630887
-21.95 -0.00550242
-21.9 -0.00856694
-21.85 -0.0105024
-21.8 -0.0074379
-21.75 -0.00598629
-21.7 -0.00469597
-21.65 -0.00550242
-21.6 -0.00469597
-21.55 0.00207823
-21.5 -0.000502419
-21.45 -1.85484e-05
-21.4 -0.000502419
-21.35 0.00482016
-21.3 0.00530403
-21.25 0.00465887
-21.2 0.00772339
-21.15 0.00611048
-21.1 0.00675565
-21.05 0.0109492
-21 0.000787903
-20.95 0.00869113
-20.9 0.0109492
-20.85 0.00675565
-20.8 0.00498145
-20.75 0.00191694
-20.7 0.0025621
-20.65 0.00240081
-20.6 0.00804597
-20.55 0.0025621
-20.5 0.00449758
-20.45 0.000949194
-20.4 -0.00179274
-20.35 0.0025621
-20.3 -0.000341129
-20.25 0.000787903
-20.2 -0.00147016
-20.15 -0.00147016
-20.1 0.00707823
-20.05 0.00594919
-20 -0.00501855
-19.95 0.00240081
-19.9 0.004175
-19.85 0.000949194
-19.8 0.00449758
-19.75 0.00627177
-19.7 0.00111048
-19.65 0.00207823
-19.6 0.00482016
-19.55 0.00352984
-19.5 0.00191694
-19.45 0.00127177
-19.4 0.000626613
-19.35 0.00111048
-19.3 0.00240081
-19.25 0.00304597
-19.2 -0.000179839
-19.15 0.00240081
-19.1 0.00127177
-19.05 0.00175565
-19 0.000626613
-18.95 -0.00163145
-18.9 -0.00356694
-18.85 -0.00872823
-18.8 -0.00856694
-18.75 -0.00776048
-18.7 -0.00485726
-18.65 -0.00985726
-18.6 -0.0101798
-18.55 -0.00324435
-18.5 -0.00550242
-18.45 -0.00534113
-18.4 -0.0106637
-18.35 -0.00679274
-18.3 -0.0111476
-18.25 -0.00985726
-18.2 -0.00647016
-18.15 -0.00550242
-18.1 0.00191694
-18.05 -0.00453468
-18 -0.000825
-17.95 0.00482016
-17.9 0.00611048
-17.85 -0.000341129
-17.8 -0.00163145
-17.75 0.00207823
-17.7 0.00723952
-17.65 0.00675565
-17.6 0.00643306
-17.55 0.00320726
-17.5 0.00788468
-17.45 -1.85484e-05
-17.4 -0.00566371
-17.35 -0.00695403
-17.3 -0.0163089
-17.25 -0.011954
-17.2 -0.0124379
-17.15 -0.0138895
-17.1 -0.0138895
-17.05 -0.0125992
-17 -0.0122766
-16.95 -0.00647016
-16.9 -0.00485726
-16.85 -0.0092121
-16.8 -0.00066371
-16.75 -0.00517984
-16.7 -0.0024379
-16.65 -0.00098629
-16.6 0.000304032
-16.55 0.00159435
-16.5 -0.00388952
-16.45 -0.00534113
-16.4 -0.00388952
-16.35 0.00675565
-16.3 0.00223952
-16.25 -0.00469597
-16.2 -0.00114758
-16.15 -0.00340565
-16.1 -0.00276048
-16.05 -0.00469597
-16 -0.0140508
-15.95 -0.00630887
-15.9 -0.00614758
-15.85 -0.0106637
-15.8 -0.0171153
-15.75 -0.00792177
-15.7 -0.0113089
-15.65 -0.0092121
-15.6 -0.0106637
-15.55 -0.0125992
-15.5 -0.00695403
-15.45 -0.00792177
-15.4 -0.00792177
-15.35 -0.00759919
-15.3 0.000465323
-15.25 -0.00598629
-15.2 -0.00727661
-15.15 -0.00840565
-15.1 -0.00598629
-15.05 -0.00695403
-15 -0.0042121
-14.95 0.00498145
-14.9 -0.00308306
-14.85 -0.000825
-14.8 -0.00066371
-14.75 0.00240081
-14.7 0.00772339
-14.65 0.00352984
-14.6 0.00675565
-14.55 0.00933629
-14.5 0.0151427
-14.45 0.00933629
-14.4 0.0132073
-14.35 0.0135298
-14.3 0.00998145
-14.25 0.00740081
-14.2 0.00159435
-14.15 0.00449758
-14.1 0.00901371
-14.05 0.000142742
-14 -0.00372823
-13.95 -0.00292177
-13.9 -0.00147016
-13.85 -0.00308306
-13.8 -0.0101798
-13.75 -0.00259919
-13.7 -0.0024379
-13.65 -0.00663145
-13.6 -0.00405081
-13.55 -0.00098629
-13.5 -0.00098629
-13.45 0.00482016
-13.4 0.00465887
-13.35 0.00482016
-13.3 0.00546532
-13.25 0.00627177
-13.2 0.00594919
-13.15 0.009175
-13.1 0.0138524
-13.05 0.00546532
-13 0.0124008
-12.95 0.00852984
-12.9 0.0111105
-12.85 0.00869113
-12.8 0.00369113
-12.75 -1.85484e-05
-12.7 0.00336855
-12.65 0.00127177
-12.6 -0.00405081
-12.55 0.00320726
-12.5 0.000142742
-12.45 0.000465323
-12.4 -0.00292177
-12.35 -0.00114758
-12.3 -0.00372823
-12.25 0.00449758
-12.2 0.00207823
-12.15 0.00352984
-12.1 0.00223952
-12.05 0.00530403
-12 0.00498145
-11.95 0.004175
-11.9 0.013046
-11.85 0.00352984
-11.8 0.00901371
-11.75 0.0140137
-11.7 0.00852984
-11.65 0.00401371
-11.6 0.00627177
-11.55 0.0140137
-11.5 0.0101427
-11.45 0.00304597
-11.4 0.00482016
-11.35 0.00901371
-11.3 0.00723952
-11.25 0.00675565
-11.2 0.00207823
-11.15 0.00401371
-11.1 0.00401371
-11.05 0.00175565
-11 -0.00372823
-10.95 0.00852984
-10.9 0.000626613
-10.85 -0.000825
-10.8 0.00449758
-10.75 -0.00227661
-10.7 0.00385242
-10.65 -0.00759919
-10.6 -0.0100185
-10.55 -0.00485726
-10.5 -0.00534113
-10.45 -0.00469597
-10.4 -0.0092121
-10.35 -0.00485726
-10.3 0.000304032
-10.25 -0.00292177
-10.2 -0.00501855
-10.15 0.009175
-10.1 0.00627177
-10.05 0.00611048
-10 0.00949758
-9.95 0.00901371
-9.9 0.015304
-9.85 0.00498145
-9.8 0.00659435
-9.75 0.00965887
-9.7 0.00804597
-9.65 0.00885242
-9.6 0.00288468
-9.55 0.000304032
-9.5 -0.00630887
-9.45 -0.00308306
-9.4 0.000949194
-9.35 0.000949194
-9.3 0.00127177
-9.25 -0.00308306
-9.2 -0.00405081
-9.15 -0.00630887
-9.1 -0.00469597
-9.05 -0.00937339
-9 -0.0127605
-8.95 -0.00598629
-8.9 -0.00695403
-8.85 -0.00695403
-8.8 -0.00485726
-8.75 0.00159435
-8.7 0.000304032
-8.65 0.000142742
-8.6 -0.000341129
-8.55 0.00885242
-8.5 0.00562661
-8.45 0.00320726
-8.4 0.00675565
-8.35 0.00611048
-8.3 0.00804597
-8.25 0.00627177
-8.2 0.000787903
-8.15 0.000465323
-8.1 0.000304032
-8.05 -0.0024379
-8 -0.00550242
-7.95 -0.00888952
-7.9 -0.00905081
-7.85 -0.0074379
-7.8 -0.0106637
-7.75 -0.00630887
-7.7 -0.00259919
-7.65 -0.0074379
-7.6 -0.00356694
-7.55 -0.00292177
-7.5 -0.00179274
-7.45 -0.00776048
-7.4 -0.00808306
-7.35 -0.00098629
-7.3 -0.00308306
-7.25 -0.00566371
-7.2 -0.00566371
-7.15 -0.00872823
-7.1 -0.011954
-7.05 -0.0132444
-7 -0.00969597
-6.95 -0.00227661
-6.9 -0.00808306
-6.85 -0.00759919
-6.8 -0.00453468
-6.75 0.000626613
-6.7 0.00175565
-6.65 -0.00372823
-6.6 -0.00566371
-6.55 0.00401371
-6.5 0.00788468
-6.45 0.00272339
-6.4 -0.000179839
-6.35 -0.00340565
-6.3 0.00401371
-6.25 0.000142742
-6.2 -0.00227661
-6.15 -0.000825
-6.1 -0.00501855
-6.05 -0.00856694
-6 -0.00259919
-5.95 -0.00856694
-5.9 -0.00485726
-5.85 -0.0116315
-5.8 -0.0114702
-5.75 -0.00872823
-5.7 -0.00985726
-5.65 -0.00663145
-5.6 -0.00985726
-5.55 -0.00856694
-5.5 -0.00437339
-5.45 -0.00776048
-5.4 -0.00163145
-5.35 0.00482016
-5.3 0.00320726
-5.25 0.00240081
-5.2 0.00320726
-5.15 0.00594919
-5.1 0.010304
-5.05 0.00852984
-5 0.00240081
-4.95 0.00336855
-4.9 -0.0024379
-4.85 -0.00372823
-4.8 0.00272339
-4.75 -0.00066371
-4.7 -0.00711532
-4.65 -0.00647016
-4.6 -0.014696
-4.55 -0.0132444
-4.5 -0.0117927
-4.45 -0.0166315
-4.4 -0.00888952
-4.35 -0.0137282
-4.3 -0.00211532
-4.25 -0.00437339
-4.2 -0.00098629
-4.15 0.000787903
-4.1 0.00369113
-4.05 0.00336855
-4 0.0075621
-3.95 0.00111048
-3.9 0.0075621
-3.85 0.000465323
-3.8 -0.00147016
-3.75 0.00659435
-3.7 0.00740081
-3.65 0.00482016
-3.6 0.00272339
-3.55 0.00369113
-3.5 0.0106266
-3.45 0.00433629
-3.4 0.00852984
-3.35 0.0075621
-3.3 0.00223952
-3.25 0.00223952
-3.2 0.00546532
-3.15 0.00691694
-3.1 0.0127234
-3.05 0.0075621
-3 0.00627177
-2.95 0.00740081
-2.9 0.00611048
-2.85 0.00272339
-2.8 0.00740081
-2.75 0.00175565
-2.7 0.00449758
-2.65 -0.000825
-2.6 -0.00227661
-2.55 0.00111048
-2.5 -0.00259919
-2.45 -0.00179274
-2.4 -0.00211532
-2.35 -0.00130887
-2.3 0.00433629
-2.25 0.00336855
-2.2 0.00820726
-2.15 0.0112718
-2.1 0.0154653
-2.05 0.0172395
-2 0.0294976
-1.95 0.0349815
-1.9 0.0383685
-1.85 0.0436911
-1.8 0.0440137
-1.75 0.0567556
-1.7 0.0644976
-1.65 0.0649815
-1.6 0.073046
-1.55 0.0790137
-1.5 0.0824008
-1.45 0.0809492
-1.4 0.0727234
-1.35 0.0754653
-1.3 0.0709492
-1.25 0.0727234
-1.2 0.130465
-1.15 0.25224
-1.1 0.471272
-1.05 0.730627
-1 0.972078
-0.95 1.13353
-0.9 1.18111
-0.85 1.08482
-0.8 0.879498
-0.75 0.541272
-0.7 0.0696589
-0.65 -0.49389
-0.6 -1.12889
-0.55 -1.71679
-0.5 -2.21889
-0.45 -2.63615
-0.4 -2.94728
-0.35 -3.10615
-0.3 -3.0505
-0.25 -2.76066
-0.2 -2.25824
-0.15 -1.64631
-0.1 -1.03212
-0.05 -0.404212
0 0.196917
0.05 0.773852
0.1 1.22676
0.15 1.53047
0.2 1.67014
0.25 1.68659
0.3 1.64708
0.35 1.53256
0.4 1.30885
0.45 0.987078
0.5 0.670949
0.55 0.497723
0.6 0.556594
0.65 0.81724
0.7 1.14563
0.75 1.42385
0.8 1.60676
0.85 1.71692
0.9 1.75563
0.95 1.67595
1 1.46579
1.05 1.11627
1.1 0.645788
1.15 0.194014
1.2 -0.192277
1.25 -0.521148
1.3 -0.766148
1.35 -0.912922
1.4 -0.938406
1.45 -0.855341
1.5 -0.677599
1.55 -0.446631
1.6 -0.238406
1.65 -0.0880831
1.7 0.0236911
1.75 0.105304
1.8 0.130949
1.85 0.0898202
1.9 -0.021954
1.95 -0.193244
2 -0.371793
2.05 -0.479535
2.1 -0.466631
2.15 -0.391793
2.2 -0.320664
2.25 -0.258567
2.3 -0.192438
2.35 -0.0940508
2.4 0.069175
2.45 0.225143
2.5 0.254014
2.55 0.120304
2.6 -0.0577605
2.65 -0.179857
2.7 -0.22518
2.75 -0.257277
2.8 -0.38018
2.85 -0.598567
2.9 -0.813083
2.95 -0.913244
3 -0.845825
3.05 -0.69776
3.1 -0.589857
3.15 -0.506954
3.2 -0.396148
3.25 -0.244535
3.3 -0.118244
3.35 -0.121793
3.4 -0.219212
3.45 -0.344857
3.5 -0.42518
3.55 -0.470019
3.6 -0.496954
3.65 -0.542922
3.7 -0.577599
3.75 -0.505019
3.8 -0.269373
3.85 0.0740137
3.9 0.37353
3.95 0.58611
4 0.704981
4.05 0.759175
4.1 0.754498
4.15 0.70611
4.2 0.620143
4.25 0.491756
4.3 0.302885
4.35 0.118852
4.4 0.0238524
4.45 0.0194976
4.5 0.0819169
4.55 0.153207
4.6 0.190465
4.65 0.17982
4.7 0.140304
4.75 0.114981
4.8 0.14724
4.85 0.20853
4.9 0.214175
4.95 0.199498
5 0.180788
5.05 0.185627
5.1 0.16724
5.15 0.112401
5.2 0.0209492
5.25 -0.115019
5.3 -0.213406
5.35 -0.250825
5.4 -0.256793
5.45 -0.268728
5.5 -0.250341
5.55 -0.17518
5.6 -0.0217927
5.65 0.174981
5.7 0.329175
5.75 0.380465
5.8 0.389981
5.85 0.405788
5.9 0.441917
5.95 0.500788
6 0.511756
6.05 0.455465
6.1 0.381917
6.15 0.327723
6.2 0.336917
6.25 0.355627
6.3 0.326917
6.35 0.244175
6.4 0.14853
6.45 0.0735298
6.5 -0.00340565
6.55 -0.0979218
6.6 -0.190502
6.65 -0.271148
6.7 -0.29018
6.75 -0.260502
6.8 -0.22889
6.85 -0.21776
6.9 -0.201954
6.95 -0.186954
7 -0.15518
7.05 -0.126793
7.1 -0.139696
7.15 -0.203083
7.2 -0.270825
7.25 -0.285502
7.3 -0.270019
7.35 -0.231631
7.4 -0.150825
7.45 -0.0895347
7.5 -0.0637282
7.55 -0.0545347
7.6 -0.0466315
7.65 -0.0463089
7.7 -0.0459863
7.75 -0.0684056
7.8 -0.110019
7.85 -0.166954
7.9 -0.189535
7.95 -0.148567
8 -0.10147
8.05 -0.0538895
8.1 -0.0295347
8.15 -0.0288895
8.2 -0.0253411
8.25 -0.00711532
8.3 -0.0190508
8.35 -0.0672766
8.4 -0.146309
8.45 -0.210341
8.5 -0.211309
8.55 -0.17389
8.6 -0.148406
8.65 -0.137599
8.7 -0.130502
8.75 -0.0988895
8.8 -0.0366315
8.85 0.0140137
8.9 0.00514274
8.95 -0.0540508
9 -0.102115
9.05 -0.104373
9.1 -0.0651798
9.15 0.0182073
9.2 0.0815944
9.25 0.112885
9.3 0.128691
9.35 0.150143
9.4 0.162562
9.45 0.154659
9.5 0.12111
9.55 0.0814331
9.6 0.0464331
9.65 0.0715944
9.7 0.118369
9.75 0.155788
9.8 0.17982
9.85 0.179659
9.9 0.158691
9.95 0.153369
10 0.140627
10.05 0.106917
10.1 0.0614331
10.15 0.0136911
10.2 -0.0129218
10.25 0.000949194
10.3 0.0293363
10.35 0.0525621
10.4 0.0846589
10.45 0.101594
10.5 0.121756
10.55 0.130788
10.6 0.136272
10.65 0.12853
10.7 0.0940137
10.75 0.038046
10.8 0.000787903
10.85 -0.0306637
10.9 -0.0255024
10.95 -0.00276048
11 0.0367556
11.05 0.0609492
11.1 0.0928847
11.15 0.106272
11.2 0.102723
11.25 0.088046
11.3 0.0575621
11.35 0.0243363
11.4 0.0165944
11.45 0.0112718
11.5 0.0165944
11.55 0.00982016
11.6 -0.00211532
11.65 -0.00824435
11.7 -0.0122766
11.75 -0.0124379
11.8 -0.0111476
11.85 -0.0255024
11.9 -0.0471153
11.95 -0.064696
12 -0.0709863
12.05 -0.0748573
12.1 -0.076954
12.15 -0.0890508
12.2 -0.0964702
12.25 -0.0885669
12.3 -0.0816315
12.35 -0.0713089
12.4 -0.0713089
12.45 -0.0943734
12.5 -0.105502
12.55 -0.128728
12.6 -0.134535
12.65 -0.144696
12.7 -0.139696
12.75 -0.128244
12.8 -0.112922
12.85 -0.0792121
12.9 -0.0590508
12.95 -0.0550185
13 -0.0551798
13.05 -0.0684056
13.1 -0.076954
13.15 -0.0577605
13.2 -0.0340508
13.25 -0.00969597
13.3 0.00869113
13.35 0.0124008
13.4 0.0232073
13.45 0.0278847
13.5 0.0299815
13.55 0.0269169
13.6 0.00336855
13.65 -0.0159863
13.7 -0.0138895
13.75 -0.00808306
13.8 0.00530403
13.85 0.00965887
13.9 -0.0113089
13.95 -0.00727661
14 0.00723952
14.05 0.0420782
14.1 0.0862718
14.15 0.111594
14.2 0.108691
14.25 0.0948202
14.3 0.0675621
14.35 0.0528847
14.4 0.0382073
14.45 0.013046
14.5 -0.0024379
14.55 -0.00840565
14.6 0.00852984
14.65 0.0325621
14.7 0.0446589
14.75 0.0356266
14.8 0.0161105
14.85 0.00175565
14.9 0.00159435
14.95 -0.00534113
15 -0.0042121
15.05 0.000626613
15.1 -0.0101798
15.15 -0.0074379
15.2 -0.00259919
15.25 0.0119169
15.3 0.010304
15.35 -0.00824435
15.4 -0.0287282
15.45 -0.0335669
15.5 -0.0443734
15.55 -0.031954
15.6 -0.0271153
15.65 -0.0305024
15.7 -0.0137282
15.75 0.00514274
15.8 0.0444976
15.85 0.0875621
15.9 0.108691
15.95 0.107401
16 0.104175
16.05 0.0869169
16.1 0.074175
16.15 0.0515944
16.2 0.0240137
16.25 0.00643306
16.3 -0.000825
16.35 -0.0042121
16.4 0.010304
16.45 0.0215944
16.5 0.019175
16.55 -0.00163145
16.6 -0.0242121
16.65 -0.0414702
16.7 -0.065825
16.75 -0.0674379
16.8 -0.0709863
16.85 -0.0530831
16.9 -0.0379218
16.95 -0.016954
17 -0.00114758
17.05 0.00643306
17.1 0.000949194
17.15 -0.00485726
17.2 -0.00872823
17.25 -0.0074379
17.3 -0.0024379
17.35 -0.0117927
17.4 -0.00485726
17.45 -0.00163145
17.5 0.00143306
17.55 0.00272339
17.6 -0.00147016
17.65 -0.00485726
17.7 -0.0145347
17.75 -0.0227605
17.8 -0.0213089
17.85 -0.0134056
17.9 -0.00679274
17.95 -0.0103411
18 0.00288468
18.05 0.00998145
18.1 0.033046
18.15 0.0414331
18.2 0.0488524
18.25 0.0454653
18.3 0.0272395
18.35 0.0101427
18.4 -0.00953468
18.45 -0.0295347
18.5 -0.0374379
18.55 -0.0475992
18.6 -0.0459863
18.65 -0.0327605
18.7 -0.0187282
18.75 -0.000341129
18.8 0.0106266
18.85 0.0106266
18.9 -0.00130887
18.95 -0.00276048
19 -0.00276048
19.05 -0.016954
19.1 -0.0132444
19.15 -0.0155024
19.2 -0.0203411
19.25 -0.00759919
19.3 -0.00066371
19.35 -0.00259919
19.4 0.00369113
19.45 0.00723952
19.5 -0.00130887
19.55 0.0124008
19.6 0.00611048
19.65 0.000626613
19.7 0.009175
19.75 0.00385242
19.8 0.00433629
19.85 0.0228847
19.9 0.0315944
19.95 0.0327234
20 0.0311105
20.05 0.0154653
20.1 0.0109492
20.15 -0.00517984
20.2 -0.0100185
20.25 -0.0101798
20.3 -0.0205024
20.35 -0.0151798
20.4 0.000142742
20.45 0.00643306
20.5 0.0128847
20.55 0.00965887
20.6 0.0109492
20.65 -0.00292177
20.7 -0.0121153
20.75 -0.0274379
20.8 -0.0280831
20.85 -0.0224379
20.9 -0.0164702
20.95 -0.0156637
21 -0.00276048
21.05 -0.00147016
21.1 0.0117556
21.15 0.0151427
21.2 0.00804597
21.25 0.00369113
21.3 0.00401371
21.35 0.00691694
21.4 0.0156266
21.45 0.0219169
21.5 0.0256266
21.55 0.0290137
21.6 0.0240137
21.65 0.0296589
21.7 0.0361105
21.75 0.0306266
21.8 0.0325621
21.85 0.0322395
21.9 0.0282073
21.95 0.0357879
22 0.0322395
22.05 0.0246589
22.1 0.0182073
22.15 0.0164331
22.2 0.00982016
22.25 -1.85484e-05
22.3 0.00482016
22.35 -0.0130831
22.4 -0.0230831
22.45 -0.0221153
22.5 -0.021954
22.55 -0.0350185
22.6 -0.0413089
22.65 -0.0392121
22.7 -0.0437282
22.75 -0.0474379
22.8 -0.0406637
22.85 -0.0459863
22.9 -0.0361476
22.95 -0.0451798
23 -0.0361476
23.05 -0.0267927
23.1 -0.0261476
23.15 -0.0201798
23.2 -0.0224379
23.25 -0.0166315
23.3 -0.0174379
23.35 -0.0224379
23.4 -0.016954
23.45 -0.0205024
23.5 -0.0187282
23.55 -0.0179218
23.6 -0.0155024
23.65 -0.00969597
23.7 -0.00872823
23.75 -0.0100185
23.8 -0.00630887
23.85 -0.00937339
23.9 -0.00340565
23.95 0.00740081
24 0.00804597
24.05 0.00982016
24.1 0.0257879
24.15 0.0215944
24.2 0.0293363
24.25 0.0340137
24.3 0.0372395
24.35 0.0386911
24.4 0.0412718
24.45 0.0469169
24.5 0.050304
24.55 0.050304
24.6 0.0624008
24.65 0.0601427
24.7 0.0625621
24.75 0.0565944
24.8 0.0469169
24.85 0.0446589
24.9 0.0324008
24.95 0.0278847
25 0.0251427
25.05 0.025304
25.1 0.0161105
25.15 0.00901371
25.2 -0.00405081
25.25 -0.00840565
25.3 -0.014696
25.35 -0.026954
25.4 -0.0330831
25.45 -0.0313089
25.5 -0.0332444
25.55 -0.0403411
25.6 -0.0353411
25.65 -0.0351798
25.7 -0.0284056
25.75 -0.029696
25.8 -0.0309863
25.85 -0.0200185
25.9 -0.0222766
25.95 -0.0256637
26 -0.0214702
26.05 -0.0151798
26.1 -0.00759919
26.15 -0.00147016
26.2 0.00933629
26.25 0.0106266
26.3 0.0120782
26.35 0.0154653
26.4 0.0236911
26.45 0.0307879
26.5 0.0311105
26.55 0.0228847
26.6 0.0193363
26.65 0.0165944
26.7 0.00530403
26.75 -0.00598629
26.8 -0.0129218
26.85 -0.0203411
26.9 -0.0311476
26.95 -0.0372766
27 -0.0429218
27.05 -0.0500185
27.1 -0.0595347
27.15 -0.0650185
27.2 -0.0711476
27.25 -0.0722766
27.3 -0.0775992
27.35 -0.0840508
27.4 -0.0811476
27.45 -0.0716315
27.5 -0.0635669
27.55 -0.0585669
27.6 -0.0477605
27.65 -0.0356637
27.7 -0.0259863
27.75 -0.0127605
27.8 0.00288468
27.85 0.00562661
27.9 0.0182073
27.95 0.0149815
28 0.0298202
28.05 0.0419169
28.1 0.0446589
28.15 0.0477234
28.2 0.0536911
28.25 0.053046
28.3 0.0582073
28.35 0.0475621
28.4 0.050304
28.45 0.0525621
28.5 0.0456266
28.55 0.0525621
28.6 0.0515944
28.65 0.0567556
28.7 0.0594976
28.75 0.0511105
28.8 0.0396589
28.85 0.0348202
28.9 0.0311105
28.95 0.0272395
29 0.0172395
29.05 0.0249815
29.1 0.0178847
29.15 0.0156266
29.2 0.0217556
29.25 0.0120782
29.3 0.009175
29.35 0.00288468
29.4 0.000465323
29.45 0.00788468
29.5 0.00369113
29.55 0.00611048
29.6 0.00175565
29.65 0.0111105
29.7 0.0190137
29.75 0.0146589
29.8 0.0162718
29.85 0.0167556
29.9 0.0165944
29.95 0.0182073
30 0.0175621
30.05 0.0133685
30.1 0.0175621
30.15 0.0122395
30.2 0.00159435
30.25 0.00594919
30.3 -0.00437339
30.35 -0.0185669
30.4 -0.0200185
30.45 -0.0253411
30.5 -0.0266315
30.55 -0.040825
30.6 -0.0405024
30.65 -0.0332444
30.7 -0.0313089
30.75 -0.0274379
30.8 -0.0163089
30.85 -0.0113089
30.9 -0.00372823
30.95 0.00159435
31 0.0057879
31.05 0.00772339
31.1 0.0135298
31.15 0.0138524
31.2 0.0138524
31.25 0.0128847
31.3 0.00498145
31.35 -0.00388952
31.4 -0.0137282
31.45 -0.016954
31.5 -0.021954
31.55 -0.026954
31.6 -0.0240508
31.65 -0.0277605
31.7 -0.0271153
31.75 -0.0237282
31.8 -0.0377605
31.85 -0.0292121
31.9 -0.0316315
31.95 -0.0429218
32 -0.0392121
32.05 -0.0401798
32.1 -0.0511476
32.15 -0.0500185
32.2 -0.041954
32.25 -0.0463089
32.3 -0.0384056
32.35 -0.0327605
32.4 -0.0271153
32.45 -0.0311476
32.5 -0.0209863
32.55 -0.0156637
32.6 -0.0159863
32.65 -0.00195403
32.7 -0.00227661
32.75 -0.000341129
32.8 0.00433629
32.85 0.00433629
32.9 0.00530403
32.95 0.00627177
33 0.00885242
33.05 0.00933629
33.1 0.0157879
33.15 0.0167556
33.2 0.0235298
33.25 0.0254653
33.3 0.0409492
33.35 0.0386911
33.4 0.0348202
33.45 0.0444976
33.5 0.0465944
33.55 0.0515944
33.6 0.0504653
33.65 0.0483685
33.7 0.0478847
33.75 0.0412718
33.8 0.0433685
33.85 0.0390137
33.9 0.0414331
33.95 0.0209492
34 0.0220782
34.05 0.018046
34.1 0.0201427
34.15 0.0132073
34.2 0.0151427
34.25 0.0182073
34.3 0.0183685
34.35 0.0238524
34.4 0.0201427
34.45 0.0198202
34.5 0.0201427
34.55 0.00901371
34.6 0.00449758
34.65 0.00304597
34.7 -0.0074379
34.75 -0.00985726
34.8 -0.0121153
34.85 -0.0209863
34.9 -0.0164702
34.95 -0.0227605
35 -0.0325992
35.05 -0.0325992
35.1 -0.0351798
35.15 -0.036954
35.2 -0.0445347
35.25 -0.0237282
35.3 -0.0234056
35.35 -0.0271153
35.4 -0.014696
35.45 -0.014696
35.5 -0.0132444
35.55 -0.0135669
35.6 -0.0121153
35.65 -0.0177605
35.7 -0.0074379
35.75 -0.00776048
35.8 -0.00711532
35.85 -0.000825
35.9 -0.00388952
35.95 -0.00437339
36 -0.00598629
36.05 -0.00630887
36.1 -0.00517984
36.15 -0.00517984
36.2 -0.00098629
36.25 0.00465887
36.3 0.00143306
36.35 0.00272339
36.4 0.00514274
36.45 0.00885242
36.5 0.0075621
36.55 0.00675565
36.6 -0.00163145
36.65 -0.00211532
36.7 0.000304032
36.75 0.00127177
36.8 -0.00614758
36.85 0.00320726
36.9 -0.00727661
36.95 -0.0125992
37 -0.0113089
37.05 -0.0140508
37.1 -0.015825
37.15 -0.0200185
37.2 -0.0167927
37.25 -0.0124379
37.3 0.00223952
37.35 -0.000502419
37.4 0.000304032
37.45 0.00207823
37.5 0.00627177
37.55 0.00240081
37.6 0.00740081
37.65 0.0125621
37.7 0.00949758
37.75 0.00740081
37.8 0.0057879
37.85 0.0025621
37.9 0.00482016
37.95 0.00352984
38 0.00352984
38.05 0.00514274
38.1 0.00514274
38.15 0.00385242
38.2 0.000787903
38.25 0.00336855
38.3 0.00885242
38.35 0.0101427
38.4 0.00740081
38.45 0.0161105
38.5 0.0177234
38.55 0.0148202
38.6 0.0109492
38.65 0.00772339
38.7 -0.00195403
38.75 -0.00179274
38.8 -0.0074379
38.85 -0.0114702
38.9 -0.00598629
38.95 -0.00953468
39 -0.0150185
39.05 -0.0155024
39.1 -0.0114702
39.15 -0.0117927
39.2 -0.0132444
39.25 -0.00905081
39.3 -0.00534113
39.35 -0.00953468
39.4 0.00530403
39.45 0.0196589
39.5 0.0135298
39.55 0.0161105
39.6 0.00982016
39.65 0.0112718
39.7 0.0149815
39.75 0.0112718
39.8 0.00530403
39.85 0.00675565
39.9 0.00530403
39.95 0.0025621
40 0.00804597
40.05 0.00804597
40.1 0.00385242
40.15 0.00111048
40.2 0.00352984
40.25 0.00546532
40.3 -1.85484e-05
40.35 0.0109492
40.4 0.0132073
40.45 0.0104653
40.5 0.018046
40.55 0.0119169
40.6 0.0165944
40.65 0.0132073
40.7 0.0165944
40.75 0.0148202
40.8 0.0209492
40.85 0.0119169
40.9 0.0169169
40.95 0.00643306
41 0.00836855
41.05 0.00320726
41.1 -0.00388952
41.15 -0.00630887
41.2 -0.0111476
41.25 -0.0143734
41.3 -0.0137282
41.35 -0.00614758
41.4 -0.0100185
41.45 -0.00308306
41.5 0.00449758
41.55 0.0169169
41.6 0.0346589
41.65 0.035304
41.7 0.0449815
41.75 0.0399815
41.8 0.0264331
41.85 0.0151427
41.9 -0.0024379
41.95 -0.0264702
42 -0.0411476
42.05 -0.061954
42.1 -0.0609863
42.15 -0.0711476
42.2 -0.0701798
42.25 -0.0611476
42.3 -0.0448573
42.35 -0.0324379
42.4 -0.0161476
42.45 -0.00259919
42.5 0.0128847
42.55 0.0272395
42.6 0.0436911
42.65 0.055304
42.7 0.0612718
42.75 0.0643363
42.8 0.0744976
42.85 0.0825621
42.9 0.0849815
42.95 0.0756266
43 0.0722395
43.05 0.0572395
43.1 0.044175
43.15 0.0272395
43.2 0.00304597
43.25 -0.0171153
43.3 -0.0416315
43.35 -0.0693734
43.4 -0.0803411
43.45 -0.0959863
43.5 -0.107922
43.55 -0.112277
43.6 -0.119051
43.65 -0.108567
43.7 -0.0893734
43.75 -0.0801798
43.8 -0.0709863
43.85 -0.0545347
43.9 -0.034696
43.95 -0.0174379
44 -0.00308306
44.05 0.0144976
44.1 0.0238524
44.15 0.0274008
44.2 0.0327234
44.25 0.0348202
44.3 0.0286911
44.35 0.0193363
44.4 0.00449758
44.45 -0.00727661
44.5 -0.0179218
44.55 -0.0303411
44.6 -0.0442121
44.65 -0.0524379
44.7 -0.0527605
44.75 -0.0480831
44.8 -0.0448573
44.85 -0.0305024
44.9 -0.0111476
44.95 0.00304597
45 0.024175
45.05 0.0406266
45.1 0.0565944
45.15 0.060304
45.2 0.0744976
45.25 0.0759492
45.3 0.0807879
45.35 0.0686911
45.4 0.0533685
45.45 0.0456266
45.5 0.0306266
45.55 0.0143363
45.6 0.010304
45.65 -0.00695403
45.7 -0.0192121
45.75 -0.0300185
45.8 -0.040825
45.85 -0.0466315
45.9 -0.0434056
45.95 -0.0484056
46 -0.0459863
46.05 -0.0359863
46.1 -0.0263089
46.15 -0.0290508
46.2 -0.0167927
46.25 -0.0135669
46.3 0.00272339
46.35 0.00707823
46.4 0.0119169
46.45 0.025304
46.5 0.0319169
46.55 0.0359492
46.6 0.0472395
46.65 0.0509492
46.7 0.0515944
46.75 0.0433685
46.8 0.0486911
46.85 0.0462718
46.9 0.0485298
46.95 0.0388524
47 0.0294976
47.05 0.0283685
47.1 0.0225621
47.15 0.0215944
47.2 0.0117556
47.25 0.0215944
47.3 0.0149815
47.35 0.0167556
47.4 0.0270782
47.45 0.0274008
47.5 0.023046
47.55 0.0214331
47.6 0.0170782
47.65 0.00885242
47.7 0.00933629
47.75 0.00433629
47.8 -0.00453468
47.85 -0.010825
47.9 -0.0153411
47.95 -0.0221153
48 -0.0293734
48.05 -0.0348573
48.1 -0.0413089
48.15 -0.0432444
48.2 -0.0492121
48.25 -0.0445347
48.3 -0.0432444
48.35 -0.0377605
48.4 -0.0343734
48.45 -0.0237282
48.5 -0.00485726
48.55 -0.0111476
48.6 -0.00259919
48.65 -0.00614758
48.7 -0.00372823
48.75 -0.00598629
48.8 -0.0105024
48.85 -0.011954
48.9 -0.00356694
48.95 -0.0151798
49 -0.00679274
49.05 -0.00598629
49.1 -0.00276048
49.15 -0.00372823
49.2 -0.00114758
49.25 -1.85484e-05
49.3 -0.00501855
49.35 -0.00953468
49.4 -0.0171153
49.45 -0.0206637
49.5 -0.0227605
49.55 -0.0256637
49.6 -0.0282444
49.65 -0.0300185
49.7 -0.0314702
49.75 -0.0305024
49.8 -0.0216315
49.85 -0.0198573
49.9 -0.0172766
49.95 -0.00711532
50 -0.000341129
50.05 0.00498145
50.1 0.0186911
50.15 0.0144976
50.2 0.0196589
50.25 0.0227234
50.3 0.023046
50.35 0.029175
50.4 0.0288524
50.45 0.0207879
50.5 0.0246589
50.55 0.0182073
50.6 0.0194976
50.65 0.0112718
50.7 0.00675565
50.75 0.00385242
50.8 0.00288468
50.85 0.00369113
50.9 0.00320726
50.95 0.00159435
51 -0.00453468
51.05 -0.000179839
51.1 -0.00163145
51.15 -0.00066371
51.2 -0.00324435
51.25 0.00691694
51.3 0.00836855
51.35 0.00175565
51.4 0.00191694
51.45 0.00788468
51.5 0.00498145
51.55 0.00852984
51.6 0.00933629
51.65 0.0154653
51.7 0.0235298
51.75 0.0212718
51.8 0.0243363
51.85 0.0311105
51.9 0.0332073
51.95 0.0285298
52 0.0296589
52.05 0.0367556
52.1 0.0332073
52.15 0.0267556
52.2 0.0277234
52.25 0.0275621
52.3 0.0185298
52.35 0.00933629
52.4 0.00885242
52.45 0.00401371
52.5 -0.00276048
52.55 -0.0129218
52.6 -0.0261476
52.65 -0.0303411
52.7 -0.0267927
52.75 -0.025825
52.8 -0.0284056
52.85 -0.020825
52.9 -0.0240508
52.95 -0.0243734
53 -0.0185669
53.05 -0.0229218
53.1 -0.0179218
53.15 -0.0198573
53.2 -0.00969597
53.25 -0.0114702
53.3 -0.00340565
53.35 -0.00485726
53.4 -0.00792177
53.45 -0.00517984
53.5 -0.00566371
53.55 -0.0117927
53.6 -0.00840565
53.65 -0.00630887
53.7 -0.00647016
53.75 -0.00550242
53.8 -0.00405081
53.85 -0.00259919
53.9 -0.000179839
53.95 0.00159435
54 0.0101427
54.05 0.0151427
54.1 0.0136911
54.15 0.014175
54.2 0.00320726
54.25 0.014175
54.3 0.00369113
54.35 0.00530403
54.4 0.00272339
54.45 -0.00776048
54.5 -0.00437339
54.55 -0.000825
54.6 -0.0092121
54.65 -0.0092121
54.7 -0.0106637
54.75 -0.00679274
54.8 -0.0116315
54.85 -0.0100185
54.9 -0.00292177
54.95 -0.0117927
55 -0.0171153
55.05 -0.019696
55.1 -0.0193734
55.15 -0.0259863
55.2 -0.0280831
55.25 -0.0255024
55.3 -0.0190508
55.35 -0.0155024
55.4 -0.0140508
55.45 -0.000502419
55.5 -0.005825
55.55 0.00627177
55.6 0.00788468
55.65 0.0162718
55.7 0.0190137
55.75 0.0185298
55.8 0.0233685
55.85 0.0217556
55.9 0.0186911
55.95 0.020304
56 0.0128847
56.05 0.0104653
56.1 0.00772339
56.15 -0.00227661
56.2 -0.00372823
56.25 -0.000341129
56.3 -0.00501855
56.35 -0.00356694
56.4 -0.00340565
56.45 -0.00114758
56.5 -0.000341129
56.55 -0.00259919
56.6 0.000949194
56.65 0.00223952
56.7 0.00336855
56.75 -0.00453468
56.8 -0.00259919
56.85 -0.0127605
56.9 -0.00630887
56.95 -0.00356694
57 0.000304032
57.05 0.00723952
57.1 -0.000179839
57.15 0.00352984
57.2 0.00869113
57.25 0.00740081
57.3 0.0199815
57.35 0.00998145
57.4 0.00982016
57.45 0.00982016
57.5 0.000465323
57.55 0.000787903
57.6 -0.00259919
57.65 -0.00695403
57.7 -0.0117927
57.75 -0.010825
57.8 -0.00937339
57.85 -0.00259919
57.9 -0.00840565
57.95 -0.00501855
58 -0.000825
58.05 0.00175565
58.1 -0.00098629
58.15 -0.00179274
58.2 -0.00163145
58.25 0.00530403
58.3 -0.000502419
58.35 0.00207823
58.4 -0.00372823
58.45 -0.0074379
58.5 -0.00776048
58.55 -0.0156637
58.6 -0.0172766
58.65 -0.0101798
58.7 -0.019696
58.75 -0.0171153
58.8 -0.0177605
58.85 -0.0206637
58.9 -0.010825
58.95 -0.00776048
59 -0.00324435
59.05 0.0114331
59.1 0.0161105
59.15 0.0243363
59.2 0.0277234
59.25 0.0275621
59.3 0.0306266
59.35 0.0286911
59.4 0.0257879
59.45 0.030304
59.5 0.0267556
59.55 0.0285298
59.6 0.0259492
59.65 0.0232073
59.7 0.0225621
59.75 0.0124008
59.8 0.00836855
59.85 0.0127234
59.9 0.00433629
59.95 0.00740081
60 0.00482016
60.05 0.00611048
60.1 0.00982016
60.15 0.010304
60.2 0.0136911
60.25 0.010304
60.3 0.00659435
60.35 -0.000341129
60.4 -0.00179274
60.45 -0.00163145
60.5 0.00240081
60.55 -0.00437339
60.6 -0.00437339
60.65 -0.000825
60.7 -0.0184056
60.75 -0.0180831
60.8 -0.0225992
60.85 -0.0322766
60.9 -0.0261476
60.95 -0.0227605
61 -0.0275992
61.05 -0.025825
61.1 -0.0221153
61.15 -0.0129218
61.2 -0.00937339
61.25 -0.00937339
61.3 -0.0109863
61.35 -0.00372823
61.4 -0.00292177
61.45 0.00788468
61.5 0.0128847
61.55 0.0101427
61.6 0.0075621
61.65 0.0075621
61.7 0.0127234
61.75 0.00836855
61.8 0.00465887
61.85 0.00869113
61.9 -0.00340565
61.95 0.00320726
62 0.00191694
62.05 -0.00953468
62.1 -0.00695403
62.15 -0.0201798
62.2 -0.0275992
62.25 -0.0227605
62.3 -0.0235669
62.35 -0.0266315
62.4 -0.0274379
62.45 -0.0227605
62.5 -0.0121153
62.55 -0.0216315
62.6 -0.00614758
62.65 0.00143306
62.7 -0.00066371
62.75 0.004175
62.8 0.0117556
62.85 0.00369113
62.9 0.0107879
62.95 0.00885242
63 0.00643306
63.05 0.0188524
63.1 0.0188524
63.15 0.0215944
63.2 0.0198202
63.25 0.0215944
63.3 0.0244976
63.35 0.0235298
63.4 0.0277234
63.45 0.0296589
63.5 0.0275621
63.55 0.0283685
63.6 0.0301427
63.65 0.0314331
63.7 0.0343363
63.75 0.0211105
63.8 0.0151427
63.85 0.0124008
63.9 0.0101427
63.95 0.00627177
64 0.00320726
64.05 0.00127177
64.1 -0.00517984
64.15 -0.00711532
64.2 -0.00808306
64.25 -0.00485726
64.3 -0.0137282
64.35 -0.0101798
64.4 -0.014696
64.45 -0.0113089
64.5 -0.005825
64.55 -0.00759919
64.6 -0.00985726
64.65 -0.00872823
64.7 -0.00776048
64.75 -0.0101798
64.8 -0.0129218
64.85 -0.0127605
64.9 -0.0117927
64.95 -0.0205024
65 -0.0167927
65.05 -0.0222766
65.1 -0.0150185
65.15 -0.0237282
65.2 -0.0224379
65.25 -0.0211476
65.3 -0.0137282
65.35 -0.0245347
65.4 -0.0211476
65.45 -0.0166315
65.5 -0.0140508
65.55 -0.00969597
65.6 -0.0122766
65.65 -0.00856694
65.7 -0.0114702
65.75 -0.0163089
65.8 -0.0248573
65.85 -0.0145347
65.9 -0.0167927
65.95 -0.0290508
66 -0.0193734
66.05 -0.0182444
66.1 -0.0114702
66.15 -0.011954
66.2 -0.0156637
66.25 -0.014696
66.3 -0.00501855
66.35 -0.0172766
66.4 -0.0211476
66.45 -0.0175992
66.5 -0.0121153
66.55 -0.0122766
66.6 -0.00614758
66.65 0.00223952
66.7 -0.00340565
66.75 0.000626613
66.8 0.0119169
66.85 0.00627177
66.9 0.0190137
66.95 0.00788468
67 0.0125621
67.05 0.00643306
67.1 0.0143363
67.15 0.0144976
67.2 0.00498145
67.25 0.00175565
67.3 0.00933629
67.35 0.00240081
67.4 -0.00598629
67.45 0.00304597
67.5 -0.00759919
67.55 -0.0129218
67.6 -0.00985726
67.65 -0.005825
67.7 0.00594919
67.75 0.00869113
67.8 0.00740081
67.85 0.0161105
67.9 0.0249815
67.95 0.0256266
68 0.0254653
68.05 0.0327234
68.1 0.0372395
68.15 0.0344976
68.2 0.033046
68.25 0.0375621
68.3 0.038046
68.35 0.0267556
68.4 0.0185298
68.45 0.0107879
68.5 0.00804597
68.55 0.00336855
68.6 -0.00534113
68.65 0.00111048
68.7 0.00465887
68.75 0.00740081
68.8 0.00982016
68.85 0.0138524
68.9 0.0269169
68.95 0.0209492
69 0.0272395
69.05 0.0327234
69.1 0.0254653
69.15 0.0211105
69.2 0.0227234
69.25 0.0112718
69.3 0.00594919
69.35 -0.00227661
69.4 -0.00937339
69.45 -0.0138895
69.5 -0.0175992
69.55 -0.0167927
69.6 -0.016954
69.65 -0.0185669
69.7 -0.0159863
69.75 -0.0179218
69.8 -0.00969597
69.85 -0.0109863
69.9 -0.014696
69.95 -0.014696
70 -0.0121153
70.05 -0.0211476
70.1 -0.0132444
70.15 -0.0237282
70.2 -0.0205024
70.25 -0.0203411
70.3 -0.0113089
70.35 -0.0153411
70.4 -0.00808306
70.45 -0.00792177
70.5 -0.00501855
70.55 -0.00308306
70.6 0.00482016
70.65 0.014175
70.7 0.0127234
70.75 0.0075621
70.8 0.00562661
70.85 0.00240081
70.9 -0.000825
70.95 -0.00211532
71 -0.00630887
71.05 -0.0109863
71.1 -0.0161476
71.15 -0.0101798
71.2 -0.0127605
71.25 -0.00792177
71.3 -0.00324435
71.35 -0.00195403
71.4 -0.00179274
71.45 0.00336855
71.5 0.0057879
71.55 0.00336855
71.6 -0.00437339
71.65 -0.00808306
71.7 -0.005825
71.75 -0.00872823
71.8 -0.0113089
71.85 -0.0092121
71.9 -0.00356694
71.95 -0.00163145
72 0.00143306
72.05 -0.000825
72.1 0.00449758
72.15 0.00127177
72.2 0.00675565
72.25 0.0215944
72.3 0.0214331
72.35 0.0194976
72.4 0.0140137
72.45 0.0111105
72.5 0.019175
72.55 0.0136911
72.6 0.0124008
72.65 0.0075621
72.7 0.010304
72.75 0.010304
72.8 0.00885242
72.85 0.0115944
72.9 0.0138524
72.95 0.000787903
73 0.00385242
73.05 0.0111105
73.1 0.0101427
73.15 0.00159435
73.2 0.00482016
73.25 -0.00227661
73.3 0.00691694
73.35 -0.00211532
73.4 -0.00211532
73.45 -0.00566371
73.5 -0.000825
73.55 -0.00388952
73.6 -0.0125992
73.65 -0.00469597
73.7 -0.0105024
73.75 -0.0101798
73.8 -0.00179274
73.85 0.00885242
73.9 0.0104653
73.95 0.00159435
74 0.0112718
74.05 0.00788468
74.1 0.00465887
74.15 -0.00308306
74.2 0.00498145
74.25 -0.00405081
74.3 -0.000341129
74.35 -0.0024379
74.4 0.00320726
74.45 0.0115944
74.5 0.00546532
74.55 -0.00485726
74.6 -0.00759919
74.65 -0.00324435
74.7 -0.00292177
74.75 -0.00437339
74.8 -0.00292177
74.85 -0.00098629
74.9 0.00449758
74.95 0.00611048
75 0.00127177
75.05 0.00611048
75.1 -0.00179274
75.15 -0.0101798
75.2 -0.0130831
75.25 -0.00937339
75.3 -0.0140508
75.35 -0.0164702
75.4 -0.0214702
75.45 -0.0148573
75.5 -0.0145347
75.55 -0.0180831
75.6 -0.0217927
75.65 -0.0238895
75.7 -0.0134056
75.75 -0.0179218
75.8 -0.0174379
75.85 -0.0121153
75.9 -0.0209863
75.95 -0.0124379
76 -0.0166315
76.05 -0.0113089
76.1 -0.00905081
76.15 -0.0180831
76.2 -0.0138895
76.25 -0.00808306
76.3 -0.0172766
76.35 -0.0164702
76.4 -0.0150185
76.45 -0.0132444
76.5 -0.0143734
76.55 -0.0121153
76.6 -0.0151798
76.65 -0.00759919
76.7 -0.0129218
76.75 -0.0164702
76.8 -0.00840565
76.85 -0.0111476
76.9 -0.00598629
76.95 -0.00372823
77 0.000787903
77.05 0.00772339
77.1 0.0125621
77.15 0.0122395
77.2 0.0151427
77.25 0.0124008
77.3 0.014175
77.35 0.0149815
77.4 0.0114331
77.45 0.0185298
77.5 0.0117556
77.55 0.0148202
77.6 0.0119169
77.65 0.00691694
77.7 0.0151427
77.75 0.00869113
77.8 0.0143363
77.85 0.0140137
77.9 0.0188524
77.95 0.0220782
78 0.0199815
78.05 0.0293363
78.1 0.0293363
78.15 0.024175
78.2 0.0214331
78.25 0.0224008
78.3 0.0211105
78.35 0.0122395
78.4 0.00869113
78.45 0.00530403
78.5 -0.00098629
78.55 0.000304032
78.6 -0.00695403
78.65 -0.00614758
78.7 -0.00227661
78.75 -0.00630887
78.8 -0.0140508
78.85 -0.00647016
78.9 -0.0042121
78.95 -0.00147016
79 0.00691694
79.05 -0.00437339
79.1 -0.00663145
79.15 -0.00276048
79.2 -0.0042121
79.25 0.00369113
79.3 -0.00405081
79.35 -0.00614758
79.4 -0.00179274
79.45 0.00111048
79.5 -0.00534113
79.55 -0.00227661
79.6 0.000949194
79.65 0.00336855
79.7 0.000949194
79.75 -0.00227661
79.8 0.00111048
79.85 0.00272339
79.9 0.00820726
79.95 0.00594919
80 0.00836855
80.05 0.00772339
80.1 0.00982016
80.15 0.00965887
80.2 0.0159492
80.25 0.0117556
80.3 0.0122395
80.35 0.0165944
80.4 0.0120782
80.45 0.0111105
80.5 0.0117556
80.55 -0.00227661
80.6 0.00320726
80.65 -0.000825
80.7 -0.00937339
80.75 -0.00759919
80.8 -0.00679274
80.85 -0.00824435
80.9 -0.00372823
80.95 -0.0100185
81 -0.00550242
81.05 -0.00905081
81.1 -0.0132444
81.15 -0.0142121
81.2 -0.0182444
81.25 -0.0229218
81.3 -0.0167927
81.35 -0.0216315
81.4 -0.0271153
81.45 -0.0134056
81.5 -0.0164702
81.55 -0.015825
81.6 -0.0179218
81.65 -0.0142121
81.7 -0.00534113
81.75 -0.0130831
81.8 -0.0111476
81.85 -0.00695403
81.9 -0.00114758
81.95 0.00127177
82 0.00723952
82.05 0.0101427
82.1 0.0188524
82.15 0.0165944
82.2 0.00643306
82.25 0.0143363
82.3 0.0111105
82.35 0.00965887
82.4 0.00788468
82.45 0.00546532
82.5 0.00385242
82.55 0.00691694
82.6 -0.000341129
82.65 0.00352984
82.7 0.00611048
82.75 0.00191694
82.8 0.00611048
82.85 0.00901371
82.9 0.00514274
82.95 0.00659435
83 0.00304597
83.05 0.0144976
83.1 0.0107879
83.15 0.0157879
83.2 0.0115944
83.25 0.0124008
83.3 0.010304
83.35 0.00820726
83.4 0.00369113
83.45 0.000626613
83.5 0.0057879
83.55 0.00530403
83.6 0.0057879
83.65 0.004175
83.7 0.00772339
83.75 0.00127177
83.8 -0.00340565
83.85 -0.00453468
83.9 0.00240081
83.95 0.00127177
84 -0.0024379
84.05 -0.00679274
84.1 -0.00679274
84.15 -0.00792177
84.2 -0.0103411
84.25 -0.00453468
84.3 -0.011954
84.35 -0.0138895
84.4 -0.0130831
84.45 -0.0143734
84.5 -0.0137282
84.55 -0.0167927
84.6 -0.020825
84.65 -0.0127605
84.7 -0.0185669
84.75 -0.0163089
84.8 -0.00840565
84.85 -0.00759919
84.9 -0.0129218
84.95 -0.0150185
85 -0.0193734
85.05 -0.0024379
85.1 -0.00888952
85.15 -0.00114758
85.2 -0.000179839
85.25 -0.0109863
85.3 0.000626613
85.35 -0.00550242
85.4 -0.00437339
85.45 -0.0106637
85.5 -0.00485726
85.55 -0.00840565
85.6 -0.00388952
85.65 -0.00130887
85.7 0.0025621
85.75 -0.00098629
85.8 0.00352984
85.85 0.00127177
85.9 0.00159435
85.95 0.00788468
86 0.00546532
86.05 0.0112718
86.1 0.0135298
86.15 0.00691694
86.2 0.00723952
86.25 0.0109492
86.3 0.0140137
86.35 0.00320726
86.4 0.00111048
86.45 -0.000179839
86.5 -0.00098629
86.55 -0.00437339
86.6 -0.00324435
86.65 -0.00405081
86.7 -0.00163145
86.75 0.00336855
86.8 -0.00598629
86.85 0.000142742
86.9 0.000142742
86.95 -0.000502419
87 -0.00163145
87.05 -0.00098629
87.1 0.0025621
87.15 0.00562661
87.2 0.000626613
87.25 0.0127234
87.3 0.00207823
87.35 0.00143306
87.4 -0.00130887
87.45 0.000465323
87.5 -0.00179274
87.55 -0.00324435
87.6 -0.00292177
87.65 -0.00679274
87.7 -0.000341129
87.75 -0.00517984
87.8 -0.00679274
87.85 -0.0117927
87.9 -0.0145347
87.95 -0.00985726
88 -0.0180831
88.05 -0.021954
88.1 -0.0206637
88.15 -0.0263089
88.2 -0.0180831
88.25 -0.0116315
88.3 -0.0134056
88.35 -0.0153411
88.4 -0.00163145
88.45 -0.00276048
88.5 0.00901371
88.55 0.009175
88.6 0.0112718
88.65 0.0165944
88.7 0.0104653
88.75 0.0119169
88.8 0.0143363
88.85 0.0209492
88.9 0.0146589
88.95 0.00465887
89 0.0161105
89.05 0.0178847
89.1 0.00836855
89.15 -0.000179839
89.2 -0.00211532
89.25 0.00240081
89.3 0.00127177
89.35 -0.000825
89.4 -0.00679274
89.45 -0.0042121
89.5 -0.0151798
89.55 -0.00905081
89.6 -0.00711532
89.65 -0.00195403
89.7 -0.00195403
89.75 -0.000179839
89.8 -0.00292177
89.85 0.00336855
89.9 0.00288468
89.95 0.00723952
90 0.0164331
90.05 0.00885242
90.1 0.019175
90.15 0.0175621
90.2 0.0125621
90.25 0.0186911
90.3 0.0159492
90.35 0.0138524
90.4 0.0140137
90.45 0.0119169
90.5 0.00772339
90.55 0.00659435
90.6 -0.00114758
90.65 0.00240081
90.7 -0.00098629
90.75 -0.00259919
90.8 -0.00195403
90.85 0.00207823
90.9 0.00336855
90.95 -0.00501855
91 -0.00163145
91.05 -0.000825
91.1 -0.0042121
91.15 -0.00259919
91.2 0.00369113
91.25 0.000465323
91.3 0.009175
91.35 0.00288468
91.4 0.00369113
91.45 0.0115944
91.5 0.00627177
91.55 0.00514274
91.6 0.00514274
91.65 0.00740081
91.7 0.00998145
91.75 0.00740081
91.8 0.0057879
91.85 0.00901371
91.9 0.00788468
91.95 0.00127177
92 0.00143306
92.05 0.00401371
92.1 0.00594919
92.15 -0.00098629
92.2 -0.00566371
92.25 -1.85484e-05
92.3 0.00191694
92.35 0.00143306
92.4 -0.00453468
92.45 -0.00292177
92.5 -0.00969597
92.55 -0.015825
92.6 -0.0200185
92.65 -0.0125992
92.7 -0.0187282
92.75 -0.0230831
92.8 -0.0190508
92.85 -0.010825
92.9 -0.00953468
92.95 -0.0163089
93 -0.0103411
93.05 -0.0042121
93.1 -0.00130887
93.15 -0.00163145
93.2 0.00175565
93.25 -0.00211532
93.3 0.00498145
93.35 0.00788468
93.4 0.00594919
93.45 0.00740081
93.5 0.00804597
93.55 0.00885242
93.6 0.000626613
93.65 -0.000341129
93.7 0.00191694
93.75 -0.0092121
93.8 -0.00711532
93.85 -0.000341129
93.9 -0.00985726
93.95 -0.00485726
94 0.000465323
94.05 -0.00163145
94.1 -0.00308306
94.15 -0.00985726
94.2 -0.00388952
94.25 0.00143306
94.3 -0.00469597
94.35 -0.00179274
94.4 -0.0074379
94.45 -0.00114758
94.5 -0.000502419
94.55 -0.00340565
94.6 -0.00937339
94.65 -0.00130887
94.7 -0.00405081
94.75 -0.0114702
94.8 -0.00372823
94.85 -0.00759919
94.9 -0.0024379
94.95 -0.00147016
95 -0.00566371
95.05 -0.00195403
95.1 -0.00614758
95.15 -0.00259919
95.2 -0.0101798
95.25 -0.00324435
95.3 -0.00114758
95.35 -0.00727661
95.4 0.00611048
95.45 0.0133685
95.5 0.00998145
95.55 0.0075621
95.6 0.0172395
95.65 0.00723952
95.7 0.010304
95.75 0.0109492
95.8 0.0114331
95.85 0.000949194
95.9 0.000787903
95.95 0.00369113
96 0.00288468
96.05 0.000304032
96.1 -0.00663145
96.15 -0.00276048
96.2 -0.00792177
96.25 0.000465323
96.3 -0.00759919
96.35 0.00175565
96.4 -0.00147016
96.45 0.00401371
96.5 0.00820726
96.55 0.00433629
96.6 0.000465323
96.65 0.00288468
96.7 0.00433629
96.75 0.0106266
96.8 -0.00130887
96.85 0.00207823
96.9 0.0136911
96.95 0.00352984
97 0.00659435
97.05 0.00740081
97.1 -0.00163145
97.15 -0.0042121
97.2 -0.00098629
97.25 -0.0105024
97.3 -0.00598629
97.35 -0.00276048
97.4 -0.0111476
97.45 -0.000825
97.5 -0.00534113
97.55 -0.0113089
97.6 -0.00388952
97.65 -0.00905081
97.7 -0.00985726
97.75 -0.00824435
97.8 -0.00534113
97.85 0.00207823
97.9 -0.00663145
97.95 -0.00501855
98 0.00482016
98.05 -0.00066371
98.1 0.00449758
98.15 0.00643306
98.2 -0.000825
98.25 0.00852984
98.3 0.00240081
98.35 -0.00211532
98.4 -0.00308306
98.45 -0.000502419
98.5 0.000787903
98.55 -0.00598629
98.6 -0.0101798
98.65 -0.00388952
98.7 -0.00792177
98.75 -0.00630887
98.8 0.000787903
98.85 -0.00824435
98.9 -0.00614758
98.95 -0.0074379
99 -0.00776048
99.05 -0.00598629
99.1 -0.00372823
99.15 -0.00437339
99.2 -0.00534113
99.25 -0.00372823
99.3 0.000465323
99.35 -0.00469597
99.4 -0.00356694
99.45 0.0025621
99.5 -0.00679274
99.55 -0.00905081
99.6 -0.0024379
99.65 -0.00937339
99.7 -0.0074379
99.75 -0.00872823
99.8 -0.011954
99.85 -0.0100185
99.9 -0.005825
99.95 -0.00259919
100 -0.00340565
100.05 -0.00211532
100.1 -0.00227661
100.15 0.00352984
100.2 0.000787903
100.25 0.00159435
100.3 -0.00114758
100.35 0.00498145
100.4 0.000626613
100.45 0.00401371
100.5 0.00530403
100.55 -0.00195403
100.6 -0.00276048
100.65 -0.000341129
100.7 -0.00485726
100.75 -0.00776048
100.8 0.00127177
100.85 0.00820726
100.9 -0.00147016
100.95 0.00869113
101 0.0124008
101.05 0.0201427
101.1 0.025304
101.15 0.0278847
101.2 0.0274008
101.25 0.0383685
101.3 0.0385298
101.35 0.0307879
101.4 0.0346589
101.45 0.0311105
101.5 0.0288524
101.55 0.0282073
101.6 0.0224008
101.65 0.0254653
101.7 0.0233685
101.75 0.0124008
101.8 0.0115944
101.85 0.00982016
101.9 0.00320726
101.95 0.00369113
102 0.00643306
102.05 -0.000502419
102.1 0.00530403
102.15 0.00788468
102.2 -0.00098629
102.25 -0.00114758
102.3 -0.00356694
102.35 -0.00276048
102.4 -0.00679274
102.45 -0.0024379
102.5 -0.00695403
102.55 -0.00517984
102.6 -0.00598629
102.65 -0.0116315
102.7 -0.0142121
102.75 -0.0134056
102.8 -0.0161476
102.85 -0.0201798
102.9 -0.0167927
102.95 -0.0203411
103 -0.0211476
103.05 -0.0164702
103.1 -0.0137282
103.15 -0.0138895
103.2 -0.0214702
103.25 -0.0148573
103.3 -0.0142121
103.35 -0.0148573
103.4 -0.0166315
103.45 -0.0135669
103.5 -0.0111476
103.55 -0.0130831
103.6 -0.0101798
103.65 -0.00469597
103.7 -0.0113089
103.75 -0.00663145
103.8 -0.0188895
103.85 -0.0190508
103.9 -0.0172766
103.95 -0.0193734
104 -0.019696
104.05 -0.0200185
104.1 -0.0122766
104.15 -0.0161476
104.2 -0.0175992
104.25 -0.00808306
104.3 -0.0101798
104.35 -0.00759919
104.4 -0.000179839
104.45 0.000142742
104.5 0.00175565
104.55 0.00562661
104.6 0.00546532
104.65 0.0128847
104.7 0.0156266
104.75 0.0146589
104.8 0.0193363
104.85 0.020304
104.9 0.00901371
104.95 0.010304
105 0.00594919
105.05 0.00788468
105.1 0.00627177
105.15 0.009175
105.2 0.0112718
105.25 0.00320726
105.3 0.00465887
105.35 0.00175565
105.4 -0.00292177
105.45 0.00336855
105.5 -0.00179274
105.55 0.0025621
105.6 -0.000179839
105.65 0.00385242
105.7 0.00288468
105.75 0.00820726
105.8 0.0107879
105.85 0.0159492
105.9 0.0122395
105.95 0.0117556
106 0.013046
106.05 0.014175
106.1 0.0162718
106.15 0.00982016
106.2 0.0124008
106.25 0.00949758
106.3 0.0133685
106.35 0.00804597
106.4 0.00772339
106.45 -0.0024379
106.5 0.0025621
106.55 0.000142742
106.6 -0.00759919
106.65 -0.00356694
106.7 -0.00453468
106.75 -0.0121153
106.8 -0.00566371
106.85 -0.00969597
106.9 -0.00501855
106.95 -0.00566371
107 -0.00856694
107.05 -0.00792177
107.1 -0.010825
107.15 -0.0116315
107.2 -0.00630887
107.25 -0.0105024
107.3 -0.00792177
107.35 -0.0172766
107.4 -0.0145347
107.45 -0.00598629
107.5 -0.0103411
107.55 -0.0172766
107.6 -0.00840565
107.65 -0.0122766
107.7 -0.00808306
107.75 -0.0134056
107.8 -0.00727661
107.85 -0.00534113
107.9 -0.00647016
107.95 -0.00792177
108 -0.00550242
108.05 -0.00405081
108.1 0.0025621
108.15 -1.85484e-05
108.2 0.0025621
108.25 0.0122395
108.3 0.00804597
108.35 0.00223952
108.4 0.00272339
108.45 0.00159435
108.5 0.00207823
108.55 -0.00437339
108.6 -0.0101798
108.65 -0.00695403
108.7 -0.00485726
108.75 -0.0155024
108.8 -0.00824435
108.85 -0.0092121
108.9 -0.005825
108.95 -0.00856694
109 -0.0092121
109.05 -0.0042121
109.1 0.004175
109.15 0.00788468
109.2 0.00933629
109.25 0.0157879
109.3 0.0164331
109.35 0.0164331
109.4 0.0151427
109.45 0.0156266
109.5 0.0170782
109.55 0.0143363
109.6 0.0104653
109.65 -0.00324435
109.7 -0.00066371
109.75 -0.000502419
109.8 -0.0122766
109.85 -0.00340565
109.9 -0.00792177
109.95 0.00288468
