-10.25 -0.00239656
-10.225 -0.00179979
-10.2 -0.00270302
-10.175 -0.00109011
-10.15 -0.00131592
-10.125 -0.00176753
-10.1 -0.00183205
-10.075 -0.0030256
-10.05 -0.00147721
-10.025 -0.00273527
-10 -0.00286431
-9.975 -0.00218689
-9.95 -0.00196108
-9.925 -0.00196108
-9.9 -0.0020256
-9.875 -0.00228366
-9.85 -0.00257398
-9.825 -0.00205785
-9.8 -0.00141269
-9.775 -0.00183205
-9.75 -0.00179979
-9.725 -0.00292882
-9.7 -0.00167076
-9.675 -0.00189656
-9.65 -0.00150947
-9.625 -0.00209011
-9.6 -0.00244495
-9.575 -0.00221915
-9.55 -0.00138044
-9.525 -0.00299334
-9.5 -0.00312237
-9.475 -0.00341269
-9.45 -0.00247721
-9.425 -0.00170302
-9.4 -0.00157398
-9.375 -0.00196108
-9.35 -0.00183205
-9.325 -0.00234818
-9.3 -0.00218689
-9.275 -0.00128366
-9.25 -0.000380435
-9.225 -0.00157398
-9.2 -0.0030256
-9.175 -0.0022514
-9.15 -0.00244495
-9.125 -0.00199334
-9.1 -0.00215463
-9.075 -0.00270302
-9.05 -0.00299334
-9.025 -0.00231592
-9 -0.000283661
-8.975 -0.0022514
-8.95 -0.00209011
-8.925 -0.00254173
-8.9 -0.00115463
-8.875 -0.00228366
-8.85 -0.00215463
-8.825 -0.00157398
-8.8 -0.000864306
-8.775 -0.00276753
-8.75 -0.00341269
-8.725 -0.00289656
-8.7 -0.00386431
-8.675 -0.00260624
-8.65 -0.0020256
-8.625 -0.00244495
-8.6 -0.00221915
-8.575 -0.00173527
-8.55 -0.000993339
-8.525 -0.0026385
-8.5 -0.00279979
-8.475 -0.00292882
-8.45 -0.00231592
-8.425 -0.00276753
-8.4 -0.00160624
-8.375 -0.00147721
-8.35 -0.00141269
-8.325 -0.00260624
-8.3 -0.00183205
-8.275 -0.00276753
-8.25 -0.00186431
-8.225 -0.000606242
-8.2 -0.00157398
-8.175 -0.00186431
-8.15 -0.00238044
-8.125 -0.000509468
-8.1 -0.00276753
-8.075 -0.00212237
-8.05 -0.00196108
-8.025 -0.00173527
-8 -0.000380435
-7.975 -0.000541726
-7.95 -0.00047721
-7.925 -0.00173527
-7.9 -0.00205785
-7.875 -0.00238044
-7.85 -0.00147721
-7.825 -0.00138044
-7.8 -0.00176753
-7.775 -0.00296108
-7.75 -0.00157398
-7.725 -0.00231592
-7.7 -0.00121915
-7.675 -0.000186887
-7.65 -0.00141269
-7.625 -0.00196108
-7.6 -0.00250947
-7.575 -0.00231592
-7.55 -0.00234818
-7.525 -0.00212237
-7.5 -0.00241269
-7.475 -0.00267076
-7.45 -0.00189656
-7.425 -0.00247721
-7.4 -0.00283205
-7.375 -0.0030256
-7.35 -0.00273527
-7.325 -0.00289656
-7.3 -0.00196108
-7.275 -0.00144495
-7.25 -0.00121915
-7.225 -0.00318689
-7.2 -0.00350947
-7.175 -0.00231592
-7.15 -0.00186431
-7.125 -0.00270302
-7.1 -0.00250947
-7.075 -0.00244495
-7.05 -0.00179979
-7.025 -0.00270302
-7 -0.00215463
-6.975 -0.00273527
-6.95 -0.00273527
-6.925 -0.00154173
-6.9 -0.00160624
-6.875 -0.00309011
-6.85 -0.000961081
-6.825 -0.00173527
-6.8 -0.00212237
-6.775 -0.00234818
-6.75 -0.00176753
-6.725 -0.0030256
-6.7 -0.00160624
-6.675 -0.00147721
-6.65 -0.00176753
-6.625 -0.00157398
-6.6 -0.00218689
-6.575 -0.00331592
-6.55 -0.00189656
-6.525 -0.00189656
-6.5 -0.00286431
-6.475 -0.0022514
-6.45 -0.00150947
-6.425 -0.00250947
-6.4 -0.00141269
-6.375 -0.00176753
-6.35 -0.00189656
-6.325 -0.0030256
-6.3 -0.00254173
-6.275 -0.00212237
-6.25 -0.00212237
-6.225 -0.00315463
-6.2 -0.00157398
-6.175 -0.00318689
-6.15 -0.00286431
-6.125 -0.00234818
-6.1 -0.0020256
-6.075 -0.00209011
-6.05 -0.00131592
-6.025 -0.00189656
-6 -0.00205785
-5.975 -0.00296108
-5.95 -0.00250947
-5.925 -0.00270302
-5.9 -0.00186431
-5.875 -0.00234818
-5.85 -0.000283661
-5.825 -0.00228366
-5.8 -0.00247721
-5.775 -0.00196108
-5.75 -0.00186431
-5.725 -0.00147721
-5.7 -0.00209011
-5.675 -0.00186431
-5.65 -0.00131592
-5.625 -0.00147721
-5.6 -0.00157398
-5.575 -0.00260624
-5.55 -0.00131592
-5.525 -0.00238044
-5.5 -0.00205785
-5.475 -0.00167076
-5.45 -0.00134818
-5.425 -0.00167076
-5.4 -0.0016385
-5.375 -0.00238044
-5.35 -0.00250947
-5.325 -0.00254173
-5.3 -0.0020256
-5.275 -0.00189656
-5.25 -0.00144495
-5.225 -0.00221915
-5.2 -0.00189656
-5.175 -0.00273527
-5.15 -0.00205785
-5.125 -0.000444952
-5.1 -0.0006385
-5.075 -0.000541726
-5.05 -0.00047721
-5.025 -0.00257398
-5 -0.00167076
-4.975 -0.00241269
-4.95 -0.00186431
-4.925 -0.00189656
-4.9 -0.00318689
-4.875 -0.0026385
-4.85 -0.00183205
-4.825 -0.00279979
-4.8 -0.00221915
-4.775 -0.00134818
-4.75 -0.00273527
-4.725 -0.0030256
-4.7 -0.00254173
-4.675 -0.0020256
-4.65 -0.0016385
-4.625 -0.00338044
-4.6 -0.00270302
-4.575 -0.00267076
-4.55 -0.00215463
-4.525 -0.00344495
-4.5 -0.0016385
-4.475 -0.00179979
-4.45 -0.00115463
-4.425 -0.00238044
-4.4 -0.0036385
-4.375 -0.00186431
-4.35 -0.0022514
-4.325 -0.00205785
-4.3 -0.0016385
-4.275 -0.00241269
-4.25 -0.00186431
-4.225 -0.00196108
-4.2 -0.00176753
-4.175 -0.00150947
-4.15 -0.00173527
-4.125 -0.00283205
-4.1 -0.00350947
-4.075 -0.00260624
-4.05 -0.00131592
-4.025 -0.00244495
-4 -0.0030256
-3.975 -0.00283205
-3.95 -0.00109011
-3.925 -0.00231592
-3.9 -0.0030256
-3.875 -0.00221915
-3.85 -0.00160624
-3.825 -0.00186431
-3.8 -0.00189656
-3.775 -0.00292882
-3.75 -0.00386431
-3.725 -0.00176753
-3.7 -0.00183205
-3.675 -0.00192882
-3.65 -0.00289656
-3.625 -0.00254173
-3.6 -0.00144495
-3.575 -0.00167076
-3.55 -0.00138044
-3.525 -0.00121915
-3.5 -0.00150947
-3.475 -0.00257398
-3.45 -0.0012514
-3.425 -0.0020256
-3.4 -0.00160624
-3.375 -0.00231592
-3.35 -0.00141269
-3.325 -0.00228366
-3.3 -0.00273527
-3.275 -0.00192882
-3.25 -0.0016385
-3.225 -0.000864306
-3.2 -0.000251403
-3.175 -0.00196108
-3.15 -0.0022514
-3.125 -0.00179979
-3.1 -0.00247721
-3.075 -0.00299334
-3.05 -0.00305785
-3.025 -0.00215463
-3 -0.000961081
-2.975 -0.00238044
-2.95 -0.00192882
-2.925 -0.0020256
-2.9 -0.00257398
-2.875 -0.00250947
-2.85 -0.00134818
-2.825 -0.0022514
-2.8 -0.0016385
-2.775 -0.00289656
-2.75 -0.00189656
-2.725 -0.00183205
-2.7 -0.00267076
-2.675 -0.00192882
-2.65 -0.00209011
-2.625 -0.00247721
-2.6 -0.00189656
-2.575 -0.00183205
-2.55 -0.0012514
-2.525 -0.00221915
-2.5 -0.00244495
-2.475 -0.00079979
-2.45 -0.00192882
-2.425 -0.00192882
-2.4 -0.00079979
-2.375 -0.00186431
-2.35 -0.00196108
-2.325 -0.00273527
-2.3 -0.00328366
-2.275 -0.00209011
-2.25 -0.0012514
-2.225 -0.000961081
-2.2 -0.00112237
-2.175 -0.00134818
-2.15 -0.00105785
-2.125 -0.00118689
-2.1 -0.00141269
-2.075 -0.00118689
-2.05 -0.0016385
-2.025 -0.00131592
-2 -0.000154629
-1.975 -0.000993339
-1.95 -0.00215463
-1.925 -0.00183205
-1.9 -0.00115463
-1.875 -0.000864306
-1.85 0.000167952
-1.825 -0.00215463
-1.8 -0.00173527
-1.775 -0.0016385
-1.75 -0.0006385
-1.725 -0.000219145
-1.7 -0.00173527
-1.675 -0.000670758
-1.65 -0.000896565
-1.625 -0.00331592
-1.6 -0.00115463
-1.575 -0.00118689
-1.55 -0.00112237
-1.525 -0.000735274
-1.5 -0.00118689
-1.475 -0.00244495
-1.45 -0.00144495
-1.425 -0.00112237
-1.4 -0.00047721
-1.375 -0.000509468
-1.35 -0.000832048
-1.325 -0.000573984
-1.3 0.000619565
-1.275 -0.000154629
-1.25 -0.000444952
-1.225 0.000942145
-1.2 0.00184537
-1.175 0.00200666
-1.15 0.0023615
-1.125 0.00203892
-1.1 0.00294215
-1.075 0.00332924
-1.05 0.00342602
-1.025 0.00355505
-1 0.00432924
-0.975 0.00432924
-0.95 0.00729698
-0.925 0.00749053
-0.9 0.00716795
-0.875 0.00803892
-0.85 0.00945827
-0.825 0.0104905
-0.8 0.0120389
-0.775 0.012426
-0.75 0.0136518
-0.725 0.0144905
-0.7 0.015426
-0.675 0.0172647
-0.65 0.0189099
-0.625 0.0205873
-0.6 0.0240712
-0.575 0.0260389
-0.55 0.0289099
-0.525 0.0299099
-0.5 0.0320067
-0.475 0.0342002
-0.45 0.0379744
-0.425 0.0386196
-0.4 0.0416518
-0.375 0.0438131
-0.35 0.0449421
-0.325 0.046555
-0.3 0.0483938
-0.275 0.0480712
-0.25 0.0491357
-0.225 0.049297
-0.2 0.0487809
-0.175 0.0489421
-0.15 0.0487809
-0.125 0.0493938
-0.1 0.0565873
-0.075 0.0705873
-0.05 0.0981357
-0.025 0.145878
0 0.224587
0.025 0.322716
0.05 0.434555
0.075 0.537168
0.1 0.602458
0.125 0.612007
0.15 0.575878
0.175 0.514555
0.2 0.459007
0.225 0.406587
0.25 0.342007
0.275 0.259329
0.3 0.178007
0.325 0.121265
0.35 0.086426
0.375 0.0468131
0.4 -0.0096385
0.425 -0.0539288
0.45 -0.0793804
0.475 -0.111703
0.5 -0.160413
0.525 -0.1918
0.55 -0.200542
0.575 -0.225445
0.6 -0.265509
0.625 -0.280542
0.65 -0.276961
0.675 -0.289026
0.7 -0.293219
0.725 -0.2748
0.75 -0.275284
0.775 -0.278606
0.8 -0.252574
0.825 -0.2418
0.85 -0.239219
0.875 -0.208768
0.9 -0.195445
0.925 -0.189832
0.95 -0.157542
0.975 -0.148251
1 -0.137864
1.025 -0.112445
1.05 -0.11609
1.075 -0.0937353
1.1 -0.0646385
1.125 -0.0743482
1.15 -0.0471546
1.175 -0.0285095
1.2 -0.029574
1.225 -0.00773527
1.25 -0.0116385
1.275 -0.0204127
1.3 -0.00715463
1.325 -0.0086385
1.35 -0.00170302
1.375 0.0136841
1.4 0.00210344
1.425 0.00545827
1.45 0.0289744
1.475 0.0144905
1.5 0.0185873
1.525 0.0179421
1.55 -0.00709011
1.575 0.0119099
1.6 0.00871634
1.625 -0.0105417
1.65 -0.0040256
1.675 0.00307118
1.7 0.00729698
1.725 0.00503892
1.75 0.00339376
1.775 -0.00621915
1.8 0.00552279
1.825 -0.00570302
1.85 -0.0157675
1.875 -0.00973527
1.9 -0.0161546
1.925 0.00158731
1.95 -0.00321915
1.975 -0.00560624
2 -0.000767532
2.025 -0.00389656
2.05 -0.00141269
2.075 -0.00596108
2.1 -0.00518689
2.125 -0.0102514
2.15 0.00113569
2.175 -0.00309011
2.2 -0.0117675
2.225 0.000329242
2.25 -0.00412237
2.275 -0.00383205
2.3 -0.00354173
2.325 -0.0042514
2.35 -0.000348177
2.375 0.000587306
2.4 0.00223247
2.425 -0.00586431
2.45 0.00290989
2.475 0.00107118
2.5 -0.000832048
2.525 -0.000864306
2.55 -0.00360624
2.575 -0.00170302
2.6 -0.00792882
2.625 -0.00334818
2.65 0.000619565
2.675 0.000619565
2.7 0.00226473
2.725 -0.00228366
2.75 -0.000928823
2.775 -0.00438044
2.8 -0.00505785
2.825 -0.00786431
2.85 -0.00834818
2.875 -0.00438044
2.9 -0.00457398
2.925 -0.0012514
2.95 0.00116795
2.975 0.00258731
3 0.00439376
3.025 -0.00276753
3.05 -0.00131592
3.075 -0.00450947
3.1 -0.00270302
3.125 -0.00421915
3.15 -0.00538044
3.175 -0.000219145
3.2 0.00261956
3.225 0.0039744
3.25 0.00203892
3.275 0.00326473
3.3 0.00181311
3.325 -0.0032514
3.35 -0.0012514
3.375 -0.0060256
3.4 -0.00454173
3.425 -0.00389656
3.45 -0.000670758
3.475 0.000232468
3.5 -0.000573984
3.525 0.00407118
3.55 -0.00138044
3.575 -0.00289656
3.6 -0.00212237
3.625 -0.00209011
3.65 -0.000219145
3.675 -0.0032514
3.7 -2.55968e-05
3.725 -0.00112237
3.75 -0.00170302
3.775 -0.00438044
3.8 -0.0042514
3.825 -0.00173527
3.85 -0.00150947
3.875 -0.000251403
3.9 -0.00279979
3.925 -0.000412694
3.95 0.00229698
3.975 -0.000864306
4 -0.00338044
4.025 -0.00615463
4.05 -0.00315463
4.075 -0.00376753
4.1 -0.00431592
4.125 -0.00154173
4.15 0.000135694
4.175 0.00120021
4.2 0.000684081
4.225 0.000619565
4.25 -0.000509468
4.275 -0.00231592
4.3 -0.00234818
4.325 -0.00534818
4.35 -0.00399334
4.375 -0.00489656
4.4 -0.00167076
4.425 -9.01129e-05
4.45 0.00216795
4.475 0.00216795
4.5 0.000845371
4.525 -0.000928823
4.55 -0.00331592
4.575 -0.00318689
4.6 -0.00415463
4.625 -0.00612237
4.65 -0.00267076
4.675 -0.000380435
4.7 -5.78548e-05
4.725 -0.000767532
4.75 -0.000928823
4.775 -0.00144495
4.8 -0.00047721
4.825 -0.00115463
4.85 -0.00205785
4.875 -0.00212237
4.9 -0.00321915
4.925 -0.00389656
4.95 -0.00350947
4.975 -0.00221915
5 -0.00244495
5.025 -0.00105785
5.05 -0.00189656
5.075 -0.00205785
5.1 -0.000380435
5.125 -0.00192882
5.15 -0.000896565
5.175 -0.000444952
5.2 6.66129e-06
5.225 6.66129e-06
5.25 -0.0010256
5.275 -0.00047721
5.3 -0.00144495
5.325 -0.00292882
5.35 -0.0010256
5.375 -0.00141269
5.4 0.00226473
5.425 0.00165182
5.45 0.00110344
5.475 0.00184537
5.5 -0.0012514
5.525 -0.00254173
5.55 -0.00334818
5.575 -0.00376753
5.6 -0.00134818
5.625 -0.00209011
5.65 -0.000703016
5.675 0.00371634
5.7 0.00294215
5.725 0.00116795
5.75 0.00123247
5.775 -0.0006385
5.8 -0.00218689
5.825 -0.00231592
5.85 -0.00105785
5.875 -0.0022514
5.9 -0.00234818
5.925 -0.00121915
5.95 0.000264726
5.975 -0.000380435
6 0.00161956
6.025 0.000393758
6.05 -0.00199334
6.075 -0.00079979
6.1 -0.00247721
6.125 -0.00270302
6.15 -0.00154173
6.175 -0.00350947
6.2 -0.000509468
6.225 0.000813113
6.25 -0.000864306
6.275 -0.00167076
6.3 -0.000993339
6.325 -0.00196108
6.35 -0.00212237
6.375 -0.0012514
6.4 -0.00150947
6.425 -0.00212237
6.45 -0.000348177
6.475 -0.00192882
6.5 -0.00292882
6.525 -0.00173527
6.55 -0.00128366
6.575 -0.000767532
6.6 -0.000348177
6.625 -0.000896565
6.65 -0.000767532
6.675 -0.000573984
6.7 -0.00121915
6.725 -0.00196108
6.75 -0.00234818
6.775 -0.00328366
6.8 -0.00296108
6.825 -0.00176753
6.85 -0.00218689
6.875 -0.00147721
6.9 0.000716339
6.925 0.000555048
6.95 0.000813113
6.975 0.00168408
7 0.000103435
7.025 -0.00189656
7.05 -0.00247721
7.075 -0.00267076
7.1 -0.00328366
7.125 -0.00289656
7.15 -0.00128366
7.175 -0.000573984
7.2 0.00155505
7.225 0.000490532
7.25 -0.000606242
7.275 -0.000832048
7.3 -0.0020256
7.325 -0.00244495
7.35 -0.00296108
7.375 -0.00309011
7.4 -0.00144495
7.425 -0.000412694
7.45 -0.000509468
7.475 -0.000928823
7.5 -2.55968e-05
7.525 -0.000573984
7.55 -0.000283661
7.575 -0.00189656
7.6 -0.00260624
7.625 -0.00283205
7.65 -0.00244495
7.675 -0.00105785
7.7 -0.00260624
7.725 -0.00176753
7.75 -0.00212237
7.775 0.000135694
7.8 -0.000122371
7.825 -0.000251403
7.85 -0.00131592
7.875 -0.000993339
7.9 -0.000412694
7.925 0.000877629
7.95 -0.000541726
7.975 0.000103435
8 -0.000767532
8.025 -0.00131592
8.05 -0.0020256
8.075 -0.00199334
8.1 -0.00109011
8.125 -0.000251403
8.15 0.000684081
8.175 0.00129698
8.2 0.000619565
8.225 -0.000993339
8.25 3.89194e-05
8.275 -0.00205785
8.3 -0.00234818
8.325 -0.00147721
8.35 -0.00109011
8.375 -0.000154629
8.4 0.00113569
8.425 -2.55968e-05
8.45 0.000232468
8.475 -0.000767532
8.5 -0.000928823
8.525 0.000264726
8.55 -0.00276753
8.575 -0.00331592
8.6 -0.00205785
8.625 -0.00134818
8.65 -0.00186431
8.675 -0.00079979
8.7 -0.000509468
8.725 0.000748597
8.75 0.00052279
8.775 -0.000606242
8.8 -0.000670758
8.825 -0.00157398
8.85 -0.00273527
8.875 -0.00183205
8.9 -0.0016385
8.925 -0.00141269
8.95 -0.00173527
8.975 -0.0010256
9 0.000135694
9.025 3.89194e-05
9.05 -0.0006385
9.075 -0.0020256
9.1 -0.000961081
9.125 -0.00167076
9.15 -0.0022514
9.175 -0.00257398
9.2 -0.00144495
9.225 -0.00209011
9.25 -0.00199334
9.275 -0.000703016
9.3 -0.00186431
9.325 -0.00170302
9.35 -0.00157398
9.375 -0.0022514
9.4 -0.00179979
9.425 -0.000606242
9.45 -0.00241269
9.475 -0.00257398
9.5 -0.00160624
9.525 -0.00186431
9.55 -0.000864306
9.575 -0.0016385
9.6 -0.00128366
9.625 -0.00115463
9.65 -0.000154629
9.675 -0.000380435
9.7 0.00100666
9.725 -0.00079979
9.75 -0.00312237
9.775 -0.0022514
9.8 -0.00212237
9.825 -0.00183205
9.85 -0.00141269
9.875 -0.00134818
9.9 -0.00157398
9.925 -0.00134818
9.95 -0.00183205
9.975 -0.00170302
10 -0.00150947
10.025 -5.78548e-05
10.05 -0.0012514
10.075 -0.00231592
10.1 -0.00241269
10.125 -0.00109011
10.15 -0.0006385
10.175 -0.00173527
10.2 0.000135694
10.225 -0.000832048
10.25 -0.00183205
10.275 -0.00183205
10.3 -0.00176753
10.325 -0.00186431
10.35 -0.00270302
10.375 -0.00221915
10.4 -0.00399334
10.425 -0.00228366
10.45 -0.00196108
10.475 -0.00128366
10.5 -0.00179979
10.525 -0.00218689
10.55 -0.00234818
10.575 -0.00196108
10.6 -0.00141269
10.625 -0.00192882
10.65 -0.00238044
10.675 -0.00176753
10.7 -0.00367076
10.725 -0.00418689
10.75 -0.0032514
10.775 -0.00309011
10.8 -0.00292882
10.825 -0.00357398
10.85 -0.00157398
10.875 0.000296984
10.9 -0.00209011
10.925 -0.00286431
10.95 -0.00170302
10.975 -0.00286431
11 -0.00186431
11.025 -0.0026385
11.05 -0.00338044
11.075 -0.00247721
11.1 -0.00196108
11.125 -0.00267076
11.15 -0.00238044
11.175 -0.00138044
11.2 -0.000315919
11.225 -0.00115463
11.25 -0.00231592
11.275 -0.00157398
11.3 -0.00170302
11.325 -0.000993339
11.35 -0.00257398
11.375 -0.00176753
11.4 -0.00157398
11.425 -0.00157398
11.45 -0.000703016
11.475 -0.00147721
11.5 -0.00309011
11.525 -0.00212237
11.55 -0.00141269
11.575 -0.00250947
11.6 -0.00118689
11.625 -0.00212237
11.65 -0.00183205
11.675 -0.000122371
11.7 -0.000832048
11.725 -0.00183205
11.75 -0.000509468
11.775 -0.000122371
11.8 -0.000864306
11.825 -0.0012514
11.85 -0.00192882
11.875 -0.00173527
11.9 -0.0010256
11.925 -0.00173527
11.95 -0.00189656
11.975 -0.000896565
12 -0.0020256
12.025 -0.00176753
12.05 -0.00112237
12.075 -0.00121915
12.1 -0.00150947
12.125 -0.00215463
12.15 -0.00170302
12.175 -0.00254173
12.2 -0.00183205
12.225 -0.00170302
12.25 -0.00228366
12.275 -0.00183205
12.3 -0.00186431
12.325 -0.00209011
12.35 -0.000767532
12.375 -0.00196108
12.4 -0.000444952
12.425 -0.00247721
12.45 -0.00347721
12.475 -0.00241269
12.5 -0.00141269
12.525 -0.00183205
12.55 -0.0016385
12.575 -0.00234818
12.6 -0.00183205
12.625 -0.000444952
12.65 -0.00134818
12.675 -0.00273527
12.7 -0.00167076
12.725 -0.00115463
12.75 -0.00150947
12.775 -0.00205785
12.8 -0.00405785
12.825 -0.00247721
12.85 -0.00115463
12.875 -0.00144495
12.9 -9.01129e-05
12.925 -0.00209011
12.95 -0.000412694
12.975 -0.00179979
13 -0.00109011
13.025 -0.000767532
13.05 -0.00138044
13.075 -0.00167076
13.1 -0.00141269
13.125 -0.00144495
13.15 -0.00112237
13.175 -0.0020256
13.2 -0.00338044
13.225 -0.00234818
13.25 -0.0006385
13.275 -0.00234818
13.3 -0.00167076
13.325 -0.00192882
13.35 -0.000670758
13.375 -0.00121915
13.4 -0.00215463
13.425 -0.00189656
13.45 -0.000832048
13.475 -0.00254173
13.5 -0.00231592
13.525 -0.00105785
13.55 -0.0012514
13.575 -0.000928823
13.6 -0.00196108
13.625 -0.00247721
13.65 -0.00286431
13.675 -0.00276753
13.7 -0.00296108
13.725 -0.00212237
13.75 -0.0022514
13.775 -0.0022514
13.8 -0.00418689
13.825 -0.00257398
13.85 -0.00183205
13.875 -0.00331592
13.9 -0.00128366
13.925 -0.00318689
13.95 -0.00115463
13.975 -0.00128366
14 -0.0032514
14.025 -0.00344495
14.05 -0.00279979
14.075 -0.00186431
14.1 -0.00334818
14.125 -0.00218689
14.15 -0.00238044
14.175 -0.00192882
14.2 -0.00176753
14.225 -0.00231592
14.25 -0.00283205
14.275 -0.00221915
14.3 -0.00167076
14.325 -0.00170302
14.35 -0.000928823
14.375 -0.00147721
14.4 -0.000993339
14.425 -0.00273527
14.45 -0.00144495
14.475 -0.00170302
14.5 -0.00186431
14.525 -0.00231592
14.55 -0.00212237
14.575 -0.00154173
14.6 -0.00138044
14.625 -0.00205785
14.65 -0.00134818
14.675 -0.0016385
14.7 -0.00315463
14.725 -0.00273527
