-5.31823 -0.278319
-5.18648 -0.221804
-5.05472 -0.054297
-4.92297 0.112462
-4.79122 0.245483
-4.65947 0.357983
-4.52771 0.441166
-4.39596 0.473986
-4.26421 0.418359
-4.13246 0.356195
-4.00071 0.273523
-3.86895 0.209579
-3.7372 0.151867
-3.60545 0.0906491
-3.4737 0.0942053
-3.34194 0.0251461
-3.21019 -0.0589528
-3.07844 -0.0846942
-2.94669 -0.0826051
-2.81493 -0.071041
-2.68318 -0.0241475
-2.55143 0.0304776
-2.41968 0.097308
-2.28793 0.0963642
-2.15617 0.105885
-2.02442 0.163101
-1.89267 0.24448
-1.76092 0.27779
-1.62916 0.30096
-1.49741 0.257583
-1.36566 0.22624
-1.23391 0.199389
-1.10215 0.139501
-0.970403 0.0704658
-0.83865 0.023456
-0.706898 0.00463686
-0.575146 0.0584514
-0.443393 0.183329
-0.311641 0.291009
-0.179889 0.293586
-0.0481365 0.189428
0.0836158 -0.0378379
0.215368 -0.261891
0.34712 -0.419686
0.478873 -0.498012
0.610625 -0.425811
0.742377 -0.217128
0.87413 0.0434671
1.00588 0.267685
1.13763 0.421191
1.26939 0.491721
1.40114 0.489409
1.53289 0.487441
1.66464 0.488717
1.7964 0.451959
1.92815 0.307831
2.0599 0.0543327
2.19165 -0.200714
2.3234 -0.263481
2.45516 -0.141746
2.58691 0.0840311
2.71866 0.340571
2.85041 0.451268
2.98217 0.4052
3.11392 0.296799
3.24567 0.203248
3.37742 0.163583
3.50918 0.205105
3.64093 0.231242
3.77268 0.236121
3.90443 0.216642
4.03618 0.203461
4.16794 0.186973
4.29969 0.157985
4.43144 0.107466
4.56319 0.100671
4.69495 0.104629
4.8267 0.076382
4.95845 -0.00991786
5.0902 -0.184838
5.22196 -0.363385
5.35371 -0.493817
5.48546 -0.411202
5.61721 -0.170434
5.74896 0.140671
5.88072 0.404676
6.01247 0.545997
6.14422 0.577135
6.27597 0.534952
6.40773 0.456603
6.53948 0.312233
6.67123 0.154779
6.80298 -0.0214458
6.93474 -0.0886891
7.06649 -0.0494366
7.19824 0.0341913
7.32999 0.0972387
7.46174 0.0783758
7.5935 0.0897871
7.72525 0.203866
7.857 0.395332
7.98875 0.59355
8.12051 0.657417
8.25226 0.579914
8.38401 0.394131
8.51576 0.237812
8.64752 0.215856
8.77927 0.287967
8.91102 0.335491
9.04277 0.269078
9.17452 0.17811
9.30628 0.10619
9.43803 0.0879449
9.56978 0.0999402
9.70153 0.201272
9.83329 0.299462
9.96504 0.442217
10.0968 0.52414
10.2285 0.501043
10.3603 0.384967
10.492 0.131342
10.6238 -0.163352
10.7556 -0.327478
10.8873 -0.320357
11.0191 -0.146227
11.1508 0.134582
11.2826 0.307167
11.4143 0.317955
11.5461 0.260219
11.6778 0.238083
11.8096 0.189035
11.9413 0.0812286
12.0731 -0.0526307
12.2048 -0.222471
12.3366 -0.254319
12.4683 -0.114886
12.6001 0.153252
12.7318 0.444446
12.8636 0.658962
12.9953 0.831697
13.1271 0.941607
13.2588 1.04655
13.3906 1.04009
13.5224 0.852961
13.6541 0.595605
13.7859 0.343623
13.9176 0.215945
14.0494 0.239431
14.1811 0.333147
14.3129 0.377898
14.4446 0.332402
14.5764 0.266854
14.7081 0.322759
14.8399 0.41193
14.9716 0.481194
15.1034 0.439059
15.2351 0.281482
15.3669 0.0934874
15.4986 -0.00499246
15.6304 -0.0527341
15.7621 -0.139679
15.8939 -0.264828
16.0256 -0.49941
16.1574 -0.732429
16.2891 -0.866185
16.4209 -0.845284
16.5527 -0.727789
16.6844 -0.534874
16.8162 -0.311685
16.9479 0.00464564
17.0797 0.422536
17.2114 0.869279
17.3432 1.19158
17.4749 1.33565
17.6067 1.30409
17.7384 1.1803
17.8702 1.02637
18.0019 0.848016
18.1337 0.638657
18.2654 0.389911
18.3972 0.144878
18.5289 -0.0414429
18.6607 -0.144686
18.7924 -0.170574
18.9242 -0.115653
19.0559 0.0524131
19.1877 0.354417
19.3195 0.733499
19.4512 1.04431
19.583 1.13464
19.7147 0.959458
19.8465 0.619724
19.9782 0.280729
20.11 0.0411264
20.2417 -0.124619
20.3735 -0.299437
20.5052 -0.5074
20.637 -0.672479
20.7687 -0.695908
20.9005 -0.567316
21.0322 -0.385511
21.164 -0.260271
21.2957 -0.197889
21.4275 -0.0982554
21.5592 0.123974
21.691 0.41935
21.8227 0.620904
21.9545 0.5974
22.0863 0.393126
22.218 0.204693
22.3498 0.203981
22.4815 0.376841
22.6133 0.540977
22.745 0.531064
22.8768 0.368255
23.0085 0.241355
23.1403 0.314178
23.272 0.551332
23.4038 0.740741
23.5355 0.695696
23.6673 0.437993
23.799 0.180727
23.9308 0.128426
24.0625 0.292148
24.1943 0.497055
24.326 0.563521
24.4578 0.472625
24.5895 0.354387
24.7213 0.327387
24.853 0.369581
24.9848 0.356463
25.1166 0.21631
25.2483 0.0250653
25.3801 -0.0685648
25.5118 -0.00864589
25.6436 0.0950005
25.7753 0.0738805
25.9071 -0.119645
26.0388 -0.352083
26.1706 -0.437545
26.3023 -0.323651
26.4341 -0.137636
26.5658 -0.0416931
26.6976 -0.0518191
26.8293 -0.0183346
26.9611 0.203841
27.0928 0.573895
27.2246 0.872001
27.3563 0.898779
27.4881 0.664719
27.6198 0.371091
27.7516 0.201818
27.8834 0.148689
28.0151 0.0593844
28.1469 -0.143801
28.2786 -0.320768
28.4104 -0.222876
28.5421 0.239659
28.6739 0.853592
28.8056 1.25505
28.9374 1.24671
29.0691 0.963731
29.2009 0.715019
29.3326 0.660584
29.4644 0.662684
29.5961 0.470747
29.7279 0.0423116
29.8596 -0.356685
29.9914 -0.405239
30.1231 -0.0819969
30.2549 0.26661
30.3866 0.252252
30.5184 -0.149876
30.6502 -0.545641
30.7819 -0.505197
30.9137 -0.00989549
31.0454 0.508141
31.1772 0.602422
31.3089 0.287731
31.4407 0.044781
31.5724 0.312328
31.7042 0.972821
31.8359 1.38248
31.9677 0.954353
32.0994 -0.284939
32.2312 -1.74446
32.3629 -2.86828
32.4947 -3.60125
32.6264 -4.12244
32.7582 -4.05164
32.8899 -2.07214
33.0217 3.25268
33.1534 11.7719
33.2852 20.5105
33.4169 24.2478
33.5487 18.0226
33.6805 0.18801
33.8122 -25.8613
33.944 -52.3182
34.0757 -69.5543
34.2075 -69.4276
34.3392 -48.1945
34.471 -8.43702
34.6027 40.4537
34.7345 83.9559
34.8662 106.757
34.998 98.9089
35.1297 61.0684
35.2615 5.45029
35.3932 -49.0821
35.525 -85.7098
35.6567 -97.1867
35.7885 -87.6227
35.9202 -67.6946
36.052 -46.96
36.1837 -28.7331
36.3155 -10.6567
36.4473 10.4501
36.579 33.9734
36.7108 54.891
36.8425 67.2417
36.9743 68.3641
37.106 60.2999
37.2378 47.5199
37.3695 33.3358
37.5013 18.197
37.633 1.04749
37.7648 -17.9417
37.8965 -36.0265
38.0283 -49.1959
38.16 -54.8706
38.2918 -53.5418
38.4235 -47.9919
38.5553 -40.9547
38.687 -33.3337
38.8188 -24.3679
38.9505 -13.2636
39.0823 -0.595009
39.2141 11.7752
39.3458 21.9852
39.4776 29.3316
39.6093 34.2572
39.7411 37.3696
39.8728 38.5854
40.0046 37.2408
40.1363 32.9585
40.2681 26.3109
40.3998 18.5803
40.5316 10.8556
40.6633 3.36469
40.7951 -4.31722
40.9268 -12.4147
41.0586 -20.3069
41.1903 -26.7173
41.3221 -30.561
41.4538 -31.6682
41.5856 -30.7595
41.7173 -28.761
41.8491 -26.1165
41.9808 -22.6776
42.1126 -18.1589
42.2444 -12.6412
42.3761 -6.64362
42.5079 -0.760124
42.6396 4.72743
42.7714 9.87696
42.9031 14.7703
43.0349 19.2074
43.1666 22.7202
43.2984 24.8734
43.4301 25.538
43.5619 24.8797
43.6936 23.1108
43.8254 20.2905
43.9571 16.385
44.0889 11.5157
44.2206 6.12027
44.3524 0.83068
44.4841 -3.84699
44.6159 -7.76908
44.7476 -11.0991
44.8794 -14.0232
45.0112 -16.5034
45.1429 -18.2895
45.2747 -19.1628
45.4064 -19.1723
45.5382 -18.6397
45.6699 -17.9192
45.8017 -17.1097
45.9334 -15.9519
46.0652 -13.979
46.1969 -10.8015
46.3287 -6.33525
46.4604 -0.868343
46.5922 5.00895
46.7239 10.532
46.8557 14.9087
46.9874 17.5004
47.1192 18.0344
47.2509 16.7619
47.3827 14.4315
47.5144 12.0169
47.6462 10.3033
47.778 9.5623
47.9097 9.51674
48.0415 9.60518
48.1732 9.35057
48.305 8.57563
48.4367 7.34518
48.5685 5.73882
48.7002 3.68231
48.832 0.992692
48.9637 -2.40997
49.0955 -6.32221
49.2272 -10.2772
49.359 -13.7558
49.4907 -16.4137
49.6225 -18.1494
49.7542 -18.9862
49.886 -18.9129
50.0177 -17.8479
50.1495 -15.7587
50.2812 -12.808
50.413 -9.36466
50.5447 -5.84572
50.6765 -2.51896
50.8083 0.563054
50.94 3.44839
51.0718 6.11058
51.2035 8.38779
51.3353 10.0981
51.467 11.2197
51.5988 11.9554
51.7305 12.603
51.8623 13.3278
51.994 14.0237
52.1258 14.3709
52.2575 14.036
52.3893 12.8549
52.521 10.8818
52.6528 8.31401
52.7845 5.39224
52.9163 2.35117
53.048 -0.587022
53.1798 -3.23158
53.3115 -5.47053
53.4433 -7.29725
53.5751 -8.76161
53.7068 -9.86615
53.8386 -10.5039
53.9703 -10.5204
54.1021 -9.87368
54.2338 -8.75966
54.3656 -7.57612
54.4973 -6.72551
54.6291 -6.39118
54.7608 -6.44802
54.8926 -6.55962
55.0243 -6.37314
55.1561 -5.67132
55.2878 -4.41062
55.4196 -2.68144
55.5513 -0.666062
55.6831 1.38226
55.8148 3.18193
55.9466 4.52525
56.0783 5.39851
56.2101 6.01442
56.3419 6.68832
56.4736 7.61515
56.6054 8.70698
56.7371 9.6272
56.8689 10.0118
57.0006 9.71783
57.1324 8.91344
57.2641 7.94646
57.3959 7.09637
57.5276 6.39554
57.6594 5.63993
57.7911 4.56247
57.9229 3.03143
58.0546 1.1381
58.1864 -0.867464
58.3181 -2.72853
58.4499 -4.31261
58.5816 -5.6443
58.7134 -6.83491
58.8451 -7.96557
58.9769 -9.0017
59.1086 -9.79143
59.2404 -10.1471
59.3722 -9.95639
59.5039 -9.24961
59.6357 -8.18014
59.7674 -6.93497
59.8992 -5.64207
60.0309 -4.3382
60.1627 -3.0084
60.2944 -1.64998
60.4262 -0.301223
60.5579 0.983948
60.6897 2.17929
60.8214 3.29726
60.9532 4.35515
61.0849 5.33303
61.2167 6.16977
61.3484 6.80284
61.4802 7.21084
61.6119 7.41398
61.7437 7.43351
61.8754 7.25697
62.0072 6.85299
62.139 6.22659
62.2707 5.45799
62.4025 4.67721
62.5342 3.98728
62.666 3.40183
62.7977 2.85282
62.9295 2.25848
63.0612 1.58576
63.193 0.850759
63.3247 0.0662837
63.4565 -0.798751
63.5882 -1.79579
63.72 -2.92458
63.8517 -4.08372
63.9835 -5.10048
64.1152 -5.82483
64.247 -6.21293
64.3787 -6.33502
64.5105 -6.30963
64.6422 -6.22551
64.774 -6.10959
64.9058 -5.94541
65.0375 -5.70084
65.1693 -5.33139
65.301 -4.76963
65.4328 -3.93839
65.5645 -2.80176
65.6963 -1.41816
65.828 0.0582338
65.9598 1.44349
66.0915 2.61254
66.2233 3.54296
66.355 4.28618
66.4868 4.90183
66.6185 5.41595
66.7503 5.82901
66.882 6.14354
67.0138 6.36438
67.1455 6.46402
67.2773 6.35833
67.409 5.9444
67.5408 5.19809
67.6725 4.26148
67.8043 3.43402
67.9361 3.03819
68.0678 3.21886
68.1996 3.7913
68.3313 4.2392
68.4631 3.89361
68.5948 2.23666
68.7266 -0.793423
68.8583 -4.64533
68.9901 -8.25965
69.1218 -10.4473
69.2536 -10.4067
69.3853 -8.13229
69.5171 -4.47729
69.6488 -0.799331
69.7806 1.64368
69.9123 2.22081
70.0441 1.09823
70.1758 -1.00018
70.3076 -3.2421
70.4393 -5.0492
70.5711 -6.19224
70.7029 -6.65807
70.8346 -6.47412
70.9664 -5.64838
71.0981 -4.23448
71.2299 -2.40841
71.3616 -0.447953
71.4934 1.38483
71.6251 2.95837
71.7569 4.28582
71.8886 5.43395
72.0204 6.41267
72.1521 7.13911
72.2839 7.4963
72.4156 7.42588
72.5474 6.97612
72.6791 6.27606
72.8109 5.46945
72.9426 4.66279
73.0744 3.91355
73.2061 3.24463
73.3379 2.65726
73.4697 2.13086
73.6014 1.61964
73.7332 1.05948
73.8649 0.387174
73.9967 -0.436199
74.1284 -1.4061
74.2602 -2.46291
74.3919 -3.49267
74.5237 -4.34892
74.6554 -4.89958
74.7872 -5.08445
74.9189 -4.95082
75.0507 -4.63829
75.1824 -4.31315
75.3142 -4.088
75.4459 -3.97339
75.5777 -3.88661
75.7094 -3.70495
75.8412 -3.32804
75.9729 -2.7179
76.1047 -1.90705
76.2364 -0.981928
76.3682 -0.0526591
76.5 0.782102
76.6317 1.46557
76.7635 1.99542
76.8952 2.41052
77.027 2.7589
77.1587 3.06856
77.2905 3.34008
77.4222 3.56074
77.554 3.72186
77.6857 3.8223
77.8175 3.86004
77.9492 3.82866
78.081 3.72822
78.2127 3.57903
78.3445 3.41633
78.4762 3.26144
78.608 3.0937
78.7397 2.85573
78.8715 2.49693
79.0032 2.01994
79.135 1.48465
79.2668 0.959859
79.3985 0.463421
79.5303 -0.0523942
79.662 -0.653433
79.7938 -1.35625
79.9255 -2.10404
80.0573 -2.80871
80.189 -3.41792
80.3208 -3.94112
80.4525 -4.40947
80.5843 -4.81074
80.716 -5.06659
80.8478 -5.0781
80.9795 -4.79787
81.1113 -4.26119
81.243 -3.5499
81.3748 -2.7301
81.5065 -1.82836
81.6383 -0.867295
81.77 0.0846327
81.9018 0.913783
82.0335 1.52713
82.1653 1.92799
82.2971 2.22752
82.4288 2.57133
82.5606 3.03718
82.6923 3.58552
82.8241 4.09686
82.9558 4.45582
83.0876 4.6101
83.2193 4.56821
83.3511 4.36007
83.4828 4.0095
83.6146 3.53979
83.7463 2.99029
83.8781 2.43356
84.0098 1.86615
84.1416 1.3114
84.2733 0.762878
84.4051 0.232709
84.5368 -0.251431
84.6686 -0.680464
84.8003 -1.06034
84.9321 -1.43689
85.0639 -1.8314
85.1956 -2.21208
85.3274 -2.46999
85.4591 -2.52721
85.5909 -2.37255
85.7226 -2.17625
85.8544 -2.05083
85.9861 -2.07342
86.1179 -2.24188
86.2496 -2.41599
86.3814 -2.46329
86.5131 -2.30482
86.6449 -1.95271
86.7766 -1.44653
86.9084 -0.791904
87.0401 -0.00690803
87.1719 0.759272
87.3036 1.35946
87.4354 1.64667
87.5671 1.71712
87.6989 1.59779
87.8307 1.46107
87.9624 1.38883
88.0942 1.45754
88.2259 1.57006
88.3577 1.60856
88.4894 1.61797
88.6212 1.57978
88.7529 1.53635
88.8847 1.52902
89.0164 1.53446
89.1482 1.57095
89.2799 1.55828
89.4117 1.46189
89.5434 1.32397
89.6752 1.03564
89.8069 0.747203
89.9387 0.535211
90.0704 0.393898
90.2022 0.322483
90.3339 0.240098
90.4657 0.0952422
90.5974 -0.166305
90.7292 -0.500533
90.861 -0.78177
90.9927 -0.987228
91.1245 -1.09651
91.2562 -1.17472
91.388 -1.31667
91.5197 -1.49609
91.6515 -1.65694
91.7832 -1.77339
91.915 -1.7731
92.0467 -1.66773
92.1785 -1.48269
92.3102 -1.21623
92.442 -0.87299
92.5737 -0.4732
92.7055 -0.112983
92.8372 0.228497
92.969 0.511062
93.1007 0.766118
93.2325 1.01877
93.3642 1.18865
93.496 1.25532
93.6278 1.28043
93.7595 1.26408
93.8913 1.28286
94.023 1.37958
94.1548 1.51358
94.2865 1.61264
94.4183 1.58206
94.55 1.4327
94.6818 1.20403
94.8135 0.934471
94.9453 0.638905
95.077 0.434648
95.2088 0.329016
95.3405 0.266146
95.4723 0.198581
95.604 0.0871317
95.7358 -0.0631121
95.8675 -0.303971
95.9993 -0.528254
96.131 -0.673574
96.2628 -0.69232
96.3946 -0.635241
96.5263 -0.675221
96.6581 -0.729247
96.7898 -0.804921
96.9216 -0.859856
97.0533 -0.782429
97.1851 -0.581159
97.3168 -0.396965
97.4486 -0.311334
97.5803 -0.348036
97.7121 -0.354145
97.8438 -0.315067
97.9756 -0.230861
98.1073 -0.110768
98.2391 0.0602874
98.3708 0.211687
98.5026 0.395746
98.6343 0.526119
98.7661 0.579414
98.8978 0.563788
99.0296 0.473606
99.1613 0.357666
99.2931 0.307924
99.4249 0.326645
99.5566 0.374459
99.6884 0.437724
99.8201 0.505238
99.9519 0.531749
100.084 0.547116
100.215 0.480632
100.347 0.350004
100.479 0.236178
100.611 0.150093
100.742 0.129981
100.874 0.192112
101.006 0.284619
101.138 0.310586
101.269 0.244366
101.401 0.145331
101.533 0.042719
101.665 -0.0290693
101.796 -0.0850353
101.928 -0.13391
102.06 -0.16935
102.192 -0.181567
102.323 -0.216397
102.455 -0.214717
102.587 -0.194752
102.719 -0.25759
102.85 -0.337856
102.982 -0.391959
103.114 -0.382539
103.246 -0.278211
103.377 -0.119167
103.509 -0.0236754
103.641 0.017496
103.773 -0.00103308
103.904 -0.0202376
104.036 -0.0124748
104.168 0.0448672
104.3 0.138165
104.431 0.255911
104.563 0.326877
104.695 0.366256
104.827 0.366092
104.958 0.29756
105.09 0.199186
105.222 0.091389
105.354 0.0761616
105.485 0.0845392
105.617 0.136367
105.749 0.180306
105.881 0.194116
106.012 0.200084
106.144 0.217104
106.276 0.252645
106.408 0.269877
106.539 0.272439
106.671 0.218762
106.803 0.191797
106.935 0.155303
107.066 0.132978
107.198 0.112162
107.33 0.0574488
107.462 0.00689827
107.593 -0.0678486
107.725 -0.128622
107.857 -0.129486
107.989 -0.105772
108.121 -0.0639118
108.252 -0.0569181
108.384 -0.0402386
108.516 -0.0122475
108.648 -0.00419942
108.779 -0.0252173
108.911 -0.0672356
109.043 -0.0992359
109.175 -0.163354
109.306 -0.200564
109.438 -0.179679
109.57 -0.0878288
109.702 -0.0306531
109.833 0.0601915
109.965 0.136593
110.097 0.271776
110.229 0.411067
110.36 0.428072
110.492 0.345756
110.624 0.197964
110.756 0.0292046
110.887 -0.0502861
111.019 -0.0579061
111.151 -0.0954222
111.283 -0.110568
111.414 -0.0945622
111.546 -0.072379
111.678 -0.0721607
111.81 -0.0362257
111.941 0.000230206
112.073 -0.0264021
112.205 -0.034439
112.337 -0.0654215
112.468 -0.0716753
112.6 -0.0513222
112.732 -0.0208937
112.864 0.021167
112.995 0.0279326
113.127 0.0567388
113.259 0.0498954
113.391 0.0498866
113.522 0.0649845
113.654 0.018479
113.786 -0.0270024
113.918 -0.0460886
114.049 -0.0336819
114.181 -0.0110122
114.313 0.00458128
114.445 0.00895127
114.576 0.00699323
114.708 -0.0391556
114.84 -0.0261474
114.972 0.00315996
115.103 0.0262037
115.235 0.0274435
115.367 0.0140933
115.499 -0.0234121
115.63 -0.0257653
115.762 0.0141469
115.894 0.000617376
116.026 -0.000116538
116.157 -0.00327914
116.289 0.00531441
116.421 0.00800378
116.553 0.0186511
116.684 0.00352993
116.816 0.00724671
116.948 0.00753499
117.08 0.00348159
117.211 -0.00779215
117.343 0.00244126
117.475 0.00306626
117.607 0.00282869
117.738 -0.00210011
117.87 -0.00407399
118.002 0.00311028
118.134 0.00311028
118.265 0.00311028
118.397 0.00311028
118.529 0.00311028
118.661 0.00311028
118.792 0.00311028
118.924 0.00311028
119.056 0.00311028
119.188 0.00311028
119.319 0.00311028
119.451 0.00311028
119.583 0.00311028
119.715 0.00311028
119.846 0.00311028
119.978 0.00311028
120.11 0.00311028
120.242 0.00311028
120.373 0.00311028
120.505 0.00311028
120.637 0.00311028
120.769 0.00311028
120.9 0.00311028
121.032 0.00311028
121.164 0.00311028
121.296 0.00311028
121.427 0.00311028
121.559 0.00311028
121.691 0.00311028
121.823 0.00311028
121.954 0.00311028
122.086 0.00311028
122.218 0.00311028
122.35 0.00311028
122.482 0.00311028
122.613 0.00311028
122.745 0.00311028
122.877 0.00311028
123.009 0.00311028
123.14 0.00311028
123.272 0.00311028
123.404 0.00311028
123.536 0.00311028
123.667 0.00311028
123.799 0.00311028
123.931 0.00311028
124.063 0.00311028
124.194 0.00311028
124.326 0.00311028
124.458 0.00311028
124.59 0.00311028
124.721 0.00311028
124.853 0.00311028
124.985 0.00311028
125.117 0.00311028
125.248 0.00311028
125.38 0.00311028
125.512 0.00311028
125.644 0.00311028
125.775 0.00311028
125.907 0.00311028
126.039 0.00311028
126.171 0.00311028
126.302 0.00311028
126.434 0.00311028
126.566 0.00311028
126.698 0.00311028
126.829 0.00311028
126.961 0.00311028
127.093 0.00311028
127.225 0.00311028
127.356 0.00311028
127.488 0.00311028
127.62 0.00311028
127.752 0.00311028
127.883 0.00311028
128.015 0.00311028
128.147 0.00311028
128.279 0.00311028
128.41 0.00311028
128.542 0.00311028
128.674 0.00311028
128.806 0.00311028
128.937 0.00311028
129.069 0.00311028
129.201 0.00311028
129.333 0.00311028
129.464 0.00311028
