-5.08217 0.500442
-4.95042 0.495722
-4.81867 0.342235
-4.68692 0.0866121
-4.55516 -0.208792
-4.42341 -0.432165
-4.29166 -0.514612
-4.15991 -0.457362
-4.02815 -0.350928
-3.8964 -0.20666
-3.76465 0.00797207
-3.6329 0.349474
-3.50114 0.698252
-3.36939 0.960301
-3.23764 1.03739
-3.10589 0.946481
-2.97414 0.809827
-2.84238 0.676474
-2.71063 0.547248
-2.57888 0.397447
-2.44713 0.207266
-2.31537 0.00440447
-2.18362 -0.151285
-2.05187 -0.292939
-1.92012 -0.340456
-1.78836 -0.334986
-1.65661 -0.31735
-1.52486 -0.309013
-1.39311 -0.188957
-1.26136 0.0632252
-1.1296 0.37774
-0.997851 0.671839
-0.866098 0.881893
-0.734346 0.989364
-0.602594 1.06754
-0.470841 1.10236
-0.339089 1.02051
-0.207337 0.763583
-0.0755844 0.404742
0.0561679 0.0357671
0.18792 -0.154761
0.319673 -0.199334
0.451425 -0.176702
0.583177 -0.125422
0.714929 -0.152213
0.846682 -0.102627
0.978434 0.10073
1.11019 0.408861
1.24194 0.719493
1.37369 0.820985
1.50544 0.752725
1.6372 0.540214
1.76895 0.430695
1.9007 0.362945
2.03245 0.299097
2.1642 0.182336
2.29596 0.000570548
2.42771 -0.11819
2.55946 -0.0952996
2.69121 0.0302541
2.82297 0.182488
2.95472 0.220171
3.08647 0.20523
3.21822 0.192978
3.34998 0.283423
3.48173 0.363822
3.61348 0.421154
3.74523 0.385955
3.87698 0.315627
4.00874 0.388598
4.14049 0.527586
4.27224 0.687855
4.40399 0.683378
4.53575 0.5348
4.6675 0.287663
4.79925 0.11519
4.931 0.0689013
5.06276 0.100484
5.19451 0.0777953
5.32626 -0.0235095
5.45801 -0.0509409
5.58976 0.0726797
5.72152 0.352156
5.85327 0.662266
5.98502 0.908623
6.11677 1.06503
6.24853 1.15706
6.38028 1.22625
6.51203 1.13828
6.64378 0.887894
6.77554 0.491282
6.90729 0.132544
7.03904 -0.0986961
7.17079 -0.075505
7.30254 -0.00494745
7.4343 -0.0453143
7.56605 -0.173186
7.6978 -0.257403
7.82955 -0.106622
7.96131 0.215384
8.09306 0.506581
8.22481 0.559811
8.35656 0.347914
8.48832 0.0578193
8.62007 -0.106697
8.75182 -0.0973748
8.88357 0.0192878
9.01532 0.149721
9.14708 0.294506
9.27883 0.525102
9.41058 0.82616
9.54233 1.06148
9.67409 1.05668
9.80584 0.785245
9.93759 0.436167
10.0693 0.271625
10.2011 0.395366
10.3328 0.658349
10.4646 0.802815
10.5964 0.707898
10.7281 0.493351
10.8599 0.378926
10.9916 0.446224
11.1234 0.551155
11.2551 0.480498
11.3869 0.192024
11.5186 -0.113017
11.6504 -0.167077
11.7821 0.110842
11.9139 0.53908
12.0456 0.845837
12.1774 0.910505
12.3091 0.832159
12.4409 0.772563
12.5726 0.758679
12.7044 0.664009
12.8361 0.385015
12.9679 0.00860961
13.0996 -0.230539
13.2314 -0.176574
13.3632 0.0728068
13.4949 0.240094
13.6267 0.13105
13.7584 -0.177004
13.8902 -0.417525
14.0219 -0.405108
14.1537 -0.212749
14.2854 -0.069827
14.4172 -0.0897507
14.5489 -0.121998
14.6807 0.101593
14.8124 0.668052
14.9442 1.34536
15.0759 1.76315
15.2077 1.7417
15.3394 1.44013
15.4712 1.17558
15.6029 1.10247
15.7347 1.08293
15.8664 0.875403
15.9982 0.43171
16.1299 -0.0211791
16.2617 -0.206776
16.3935 -0.0908586
16.5252 0.0797064
16.657 0.0431721
16.7887 -0.185667
16.9205 -0.31771
17.0522 -0.0979896
17.184 0.399946
17.3157 0.814485
17.4475 0.846211
17.5792 0.559147
17.711 0.311471
17.8427 0.377194
17.9745 0.652153
18.1062 0.761377
18.238 0.466721
18.3697 -0.0522022
18.5015 -0.352734
18.6332 -0.175855
18.765 0.276135
18.8967 0.531123
19.0285 0.323414
19.1603 -0.134812
19.292 -0.372817
19.4238 -0.146809
19.5555 0.316904
19.6873 0.579051
19.819 0.471387
19.9508 0.283646
20.0825 0.438573
20.2143 0.994225
20.346 1.52055
20.4778 1.5166
20.6095 0.949853
20.7413 0.335027
20.873 0.230501
21.0048 0.653363
21.1365 1.03636
21.2683 0.807704
21.4 0.0113974
21.5318 -0.69335
21.6635 -0.688814
21.7953 -0.0454213
21.9271 0.536516
22.0588 0.467844
22.1906 -0.0673141
22.3223 -0.258452
22.4541 0.466654
22.5858 1.73349
22.7176 2.44251
22.8493 1.75659
22.9811 -0.135514
23.1128 -2.2785
23.2446 -3.94719
23.3763 -5.23053
23.5081 -6.40431
23.6398 -6.6499
23.7716 -3.68881
23.9033 4.62383
24.0351 17.541
24.1668 29.822
24.2986 33.2593
24.4303 21.0857
24.5621 -7.344
24.6938 -44.7332
24.8256 -78.2411
24.9574 -94.7701
25.0891 -86.2745
25.2209 -52.7136
25.3526 -1.96831
25.4844 52.5832
25.6161 95.8418
25.7479 115.366
25.8796 105.469
26.0114 69.5623
26.1431 19.2029
26.2749 -30.4257
26.4066 -66.6957
26.5384 -84.0899
26.6701 -84.6589
26.8019 -74.6006
26.9336 -59.7252
27.0654 -42.9245
27.1971 -24.7444
27.3289 -5.57143
27.4606 13.0017
27.5924 28.7586
27.7242 40.4073
27.8559 48.2489
27.9877 53.2054
28.1194 55.2538
28.2512 52.981
28.3829 44.8454
28.5147 30.9768
28.6464 13.7386
28.7782 -3.56778
28.9099 -18.6946
29.0417 -31.3174
29.1734 -42.0713
29.3052 -50.8159
29.4369 -55.9139
29.5687 -55.2918
29.7004 -48.3111
29.8322 -36.6842
29.9639 -23.5569
30.0957 -11.5538
30.2274 -1.46404
30.3592 7.45049
30.491 16.0459
30.6227 24.1921
30.7545 30.8828
30.8862 35.206
31.018 37.0686
31.1497 36.9813
31.2815 35.2619
31.4132 31.5944
31.545 25.4477
31.6767 16.916
31.8085 7.09204
31.9402 -2.44253
32.072 -10.5451
32.2037 -17.0003
32.3355 -22.1837
32.4672 -26.3285
32.599 -29.1629
32.7307 -30.2317
32.8625 -29.4881
32.9942 -27.4819
33.126 -24.921
33.2577 -22.0541
33.3895 -18.5119
33.5213 -13.7829
33.653 -7.85964
33.7848 -1.43087
33.9165 4.55144
34.0483 9.50063
34.18 13.4369
34.3118 16.6739
34.4435 19.3229
34.5753 21.1197
34.707 21.7072
34.8388 21.0416
34.9705 19.4911
35.1023 17.5401
35.234 15.4095
35.3658 12.9683
35.4975 9.99266
35.6293 6.48959
35.761 2.76348
35.8928 -0.813548
36.0245 -4.07976
36.1563 -7.14876
36.2881 -10.2362
36.4198 -13.4413
36.5516 -16.6638
36.6833 -19.6526
36.8151 -22.0537
36.9468 -23.3993
37.0786 -23.1353
37.2103 -20.8179
37.3421 -16.4402
37.4738 -10.6484
37.6056 -4.60974
37.7373 0.461874
37.8691 3.83541
38.0008 5.50439
38.1326 6.02037
38.2643 6.09707
38.3961 6.28126
38.5278 6.85294
38.6596 7.89518
38.7913 9.37468
38.9231 11.1531
39.0549 12.9783
39.1866 14.5325
39.3184 15.5334
39.4501 15.806
39.5819 15.2704
39.7136 13.8861
39.8454 11.6407
39.9771 8.60531
40.1089 4.98225
40.2406 1.05979
40.3724 -2.91175
40.5041 -6.80335
40.6359 -10.5512
40.7676 -14.0021
40.8994 -16.8205
41.0311 -18.5799
41.1629 -18.9942
41.2946 -18.1019
41.4264 -16.2533
41.5581 -13.9173
41.6899 -11.474
41.8216 -9.13304
41.9534 -6.97589
42.0852 -5.00825
42.2169 -3.14833
42.3487 -1.20289
42.4804 1.06289
42.6122 3.74977
42.7439 6.67544
42.8757 9.40952
43.0074 11.5013
43.1392 12.7254
43.2709 13.1424
43.4027 12.9414
43.5344 12.2383
43.6662 11.0344
43.7979 9.36447
43.9297 7.45399
44.0614 5.68332
44.1932 4.35343
44.3249 3.46206
44.4567 2.7136
44.5884 1.77305
44.7202 0.542823
44.852 -0.78136
44.9837 -1.90971
45.1155 -2.71302
45.2472 -3.30057
45.379 -3.87772
45.5107 -4.55112
45.6425 -5.27449
45.7742 -5.95825
45.906 -6.59228
46.0377 -7.23502
46.1695 -7.88809
46.3012 -8.41417
46.433 -8.61111
46.5647 -8.37638
46.6965 -7.78202
46.8282 -6.96574
46.96 -5.9469
47.0917 -4.57711
47.2235 -2.71171
47.3552 -0.452165
47.487 1.79557
47.6188 3.551
47.7505 4.60574
47.8823 5.1829
48.014 5.75488
48.1458 6.66599
48.2775 7.8768
48.4093 9.03148
48.541 9.76022
48.6728 9.93797
48.8045 9.69395
48.9363 9.21293
49.068 8.54689
49.1998 7.60795
49.3315 6.3145
49.4633 4.71879
49.595 2.98802
49.7268 1.27477
49.8585 -0.380198
49.9903 -2.01928
50.122 -3.65827
50.2538 -5.2168
50.3855 -6.5545
50.5173 -7.56253
50.6491 -8.21212
50.7808 -8.52298
50.9126 -8.50685
51.0443 -8.15978
51.1761 -7.50837
51.3078 -6.6436
51.4396 -5.68796
51.5713 -4.7214
51.7031 -3.74647
51.8348 -2.73484
51.9666 -1.7056
52.0983 -0.744078
52.2301 0.0692842
52.3618 0.748594
52.4936 1.40805
52.6253 2.16198
52.7571 3.01065
52.8888 3.8272
53.0206 4.46556
53.1523 4.88719
53.2841 5.18325
53.4159 5.47183
53.5476 5.77436
53.6794 5.99372
53.8111 6.01144
53.9429 5.8012
54.0746 5.44357
54.2064 5.03329
54.3381 4.58179
54.4699 4.01984
54.6016 3.29665
54.7334 2.46844
54.8651 1.67854
54.9969 1.04228
55.1286 0.546954
55.2604 0.0617373
55.3921 -0.555799
55.5239 -1.35827
55.6556 -2.29506
55.7874 -3.27337
55.9191 -4.21265
56.0509 -5.04065
56.1827 -5.66322
56.3144 -5.97743
56.4462 -5.94283
56.5779 -5.64184
56.7097 -5.24754
56.8414 -4.90222
56.9732 -4.60783
57.1049 -4.2324
57.2367 -3.63182
57.3684 -2.77507
57.5002 -1.75908
57.6319 -0.711159
57.7637 0.309837
57.8954 1.30658
58.0272 2.24332
58.1589 2.97833
58.2907 3.33746
58.4224 3.29765
58.5542 3.11842
58.6859 3.2691
58.8177 4.15303
58.9494 5.79826
59.0812 7.7281
59.213 9.11408
59.3447 9.14236
59.4765 7.41199
59.6082 4.17936
59.74 0.336832
59.8717 -2.88527
60.0035 -4.39947
60.1352 -3.7347
60.267 -1.27228
60.3987 1.90856
60.5305 4.52827
60.6622 5.68502
60.794 5.18425
60.9257 3.4518
61.0575 1.14787
61.1892 -1.21176
61.321 -3.37947
61.4527 -5.2434
61.5845 -6.65084
61.7162 -7.39448
61.848 -7.36944
61.9798 -6.71897
62.1115 -5.7915
62.2433 -4.91948
62.375 -4.21039
62.5068 -3.53359
62.6385 -2.7027
62.7703 -1.67496
62.902 -0.58852
63.0338 0.372969
63.1655 1.13544
63.2973 1.75592
63.429 2.30853
63.5608 2.77304
63.6925 3.05077
63.8243 3.08923
63.956 2.97795
64.0878 2.9075
64.2195 3.02557
64.3513 3.32752
64.483 3.67871
64.6148 3.93064
64.7466 4.00829
64.8783 3.89723
65.0101 3.58208
65.1418 3.04087
65.2736 2.32244
65.4053 1.61274
65.5371 1.17443
65.6688 1.16353
65.8006 1.47176
65.9323 1.75577
66.0641 1.66265
66.1958 1.07993
66.3276 0.20486
66.4593 -0.619543
66.5911 -1.15445
66.7228 -1.39351
66.8546 -1.48916
66.9863 -1.58214
67.1181 -1.70532
67.2498 -1.82927
67.3816 -1.96286
67.5133 -2.17632
67.6451 -2.51547
67.7769 -2.90729
67.9086 -3.17679
68.0404 -3.18084
68.1721 -2.93721
68.3039 -2.62008
68.4356 -2.41683
68.5674 -2.3721
68.6991 -2.35508
68.8309 -2.16895
68.9626 -1.69578
69.0944 -0.95475
69.2261 -0.0484654
69.3579 0.924036
69.4896 1.89994
69.6214 2.82258
69.7531 3.61276
69.8849 4.194
70.0166 4.5495
70.1484 4.741
70.2801 4.85574
70.4119 4.92755
70.5437 4.91234
70.6754 4.74493
70.8072 4.41888
70.9389 4.00431
71.0707 3.58192
71.2024 3.15897
71.3342 2.65415
71.4659 1.9697
71.5977 1.08335
71.7294 0.0751016
71.8612 -0.928425
71.9929 -1.83072
72.1247 -2.59148
72.2564 -3.19335
72.3882 -3.60451
72.5199 -3.78919
72.6517 -3.75488
72.7834 -3.57587
72.9152 -3.3546
73.0469 -3.15053
73.1787 -2.94662
73.3104 -2.68755
73.4422 -2.34982
73.574 -1.97023
73.7057 -1.60463
73.8375 -1.26384
73.9692 -0.898922
74.101 -0.454114
74.2327 0.0686208
74.3645 0.604296
74.4962 1.09974
74.628 1.52812
74.7597 1.94647
74.8915 2.38724
75.0232 2.80083
75.155 3.07025
75.2867 3.09918
75.4185 2.89325
75.5502 2.55498
75.682 2.2333
75.8137 2.0313
75.9455 1.94366
76.0772 1.98506
76.209 2.13658
76.3408 2.33532
76.4725 2.4754
76.6043 2.38405
76.736 1.93739
76.8678 1.15832
76.9995 0.279703
77.1313 -0.505334
77.263 -1.02362
77.3948 -1.26237
77.5265 -1.28927
77.6583 -1.19813
77.79 -1.04682
77.9218 -0.823132
78.0535 -0.606538
78.1853 -0.543099
78.317 -0.674486
78.4488 -0.95389
78.5805 -1.18
78.7123 -1.26211
78.844 -1.14219
78.9758 -0.919531
79.1076 -0.696617
79.2393 -0.53395
79.3711 -0.408648
79.5028 -0.279862
79.6346 -0.149341
79.7663 -0.032126
79.8981 0.0379654
80.0298 0.0481222
80.1616 0.115044
80.2933 0.283256
80.4251 0.468463
80.5568 0.666518
80.6886 0.830651
80.8203 1.0344
80.9521 1.27206
81.0838 1.52258
81.2156 1.72619
81.3473 1.81118
81.4791 1.76612
81.6108 1.66014
81.7426 1.57918
81.8743 1.54935
82.0061 1.43228
82.1379 1.19027
82.2696 0.8142
82.4014 0.488024
82.5331 0.296236
82.6649 0.242154
82.7966 0.175962
82.9284 0.0514237
83.0601 -0.201257
83.1919 -0.398535
83.3236 -0.492412
83.4554 -0.417206
83.5871 -0.269771
83.7189 -0.156646
83.8506 -0.0848443
83.9824 -0.0471886
84.1141 0.0290508
84.2459 0.0757114
84.3776 0.065878
84.5094 -0.0988576
84.6411 -0.245884
84.7729 -0.352798
84.9047 -0.356257
85.0364 -0.326051
85.1682 -0.267518
85.2999 -0.260052
85.4317 -0.254268
85.5634 -0.211661
85.6952 -0.109712
85.8269 0.0367318
85.9587 0.0550819
86.0904 -0.0382123
86.2222 -0.0968921
86.3539 -0.0395077
86.4857 0.12425
86.6174 0.334231
86.7492 0.499721
86.8809 0.587374
87.0127 0.664879
87.1444 0.802247
87.2762 1.00383
87.4079 1.17233
87.5397 1.19707
87.6715 1.06996
87.8032 0.89608
87.935 0.754542
88.0667 0.724422
88.1985 0.678352
88.3302 0.645
88.462 0.580031
88.5937 0.459391
88.7255 0.358562
88.8572 0.257188
88.989 0.148287
89.1207 0.0349494
89.2525 -0.0883227
89.3842 -0.0843499
89.516 0.0182134
89.6477 0.132739
89.7795 0.158695
89.9112 0.0956221
90.043 -0.00191294
90.1747 -0.0679895
90.3065 -0.0992392
90.4382 -0.152242
90.57 -0.205575
90.7018 -0.32264
90.8335 -0.38847
90.9653 -0.38205
91.097 -0.236142
91.2288 -0.0860104
91.3605 0.0274476
91.4923 0.101366
91.624 0.053009
91.7558 0.149031
91.8875 0.286259
92.0193 0.398206
92.151 0.41322
92.2828 0.332084
92.4145 0.23024
92.5463 0.121998
92.678 0.034678
92.8098 -0.0444693
92.9415 -0.101006
93.0733 -0.0994817
93.205 -0.0572948
93.3368 0.0716611
93.4686 0.275651
93.6003 0.454481
93.7321 0.605072
93.8638 0.655385
93.9956 0.634848
94.1273 0.61465
94.2591 0.537285
94.3908 0.430563
94.5226 0.290122
94.6543 0.173212
94.7861 0.102874
94.9178 0.116688
95.0496 0.149069
95.1813 0.206695
95.3131 0.207527
95.4448 0.177614
95.5766 0.132899
95.7083 0.0632253
95.8401 -0.060276
95.9718 -0.185922
96.1036 -0.269989
96.2354 -0.262259
96.3671 -0.195167
96.4989 -0.0629197
96.6306 0.0268047
96.7624 0.0315428
96.8941 -0.0350669
97.0259 -0.129426
97.1576 -0.148732
97.2894 -0.0758103
97.4211 0.0173404
97.5529 0.0655265
97.6846 0.0657251
97.8164 0.0643438
97.9481 0.16685
98.0799 0.25716
98.2116 0.278485
98.3434 0.226147
98.4751 0.185306
98.6069 0.144643
98.7386 0.124127
98.8704 0.120614
99.0021 0.102801
99.1339 0.0852753
99.2657 0.124002
99.3974 0.183699
99.5292 0.225656
99.6609 0.198937
99.7927 0.0939703
99.9244 -0.0671014
100.056 -0.156097
100.188 -0.183354
100.32 -0.119946
100.451 -0.0472905
100.583 -0.0741621
100.715 -0.0811723
100.847 -0.0722524
100.978 -0.00565941
101.11 0.110363
101.242 0.171943
101.374 0.210736
101.505 0.1837
101.637 0.218052
101.769 0.213078
101.901 0.233659
102.032 0.202773
102.164 0.0945431
102.296 -0.0160915
102.428 -0.0934867
102.559 -0.108158
102.691 -0.0740471
102.823 -0.0758542
102.955 -0.0854713
103.086 -0.132337
103.218 -0.147717
103.35 -0.157012
103.482 -0.0985906
103.613 -0.0712102
103.745 -0.0482283
103.877 -0.0109425
104.009 -0.0283092
104.14 -0.00911869
104.272 -0.0216322
104.404 -0.0151055
104.536 -0.0332329
104.667 -0.00719743
104.799 0.0314191
104.931 0.0685365
105.063 0.0665236
105.195 0.0557454
105.326 0.0606496
105.458 0.036247
105.59 0.0125751
105.722 -0.0131786
105.853 -0.0155286
105.985 -0.00463418
106.117 0.0148047
106.249 0.0391487
106.38 0.0205231
106.512 0.027758
106.644 0.0112419
106.776 0.00707807
106.907 -0.00703406
107.039 0.0310538
107.171 0.0045913
107.303 -0.0149184
107.434 -0.0102533
107.566 -0.00257526
107.698 0.0247756
107.83 0.0184068
107.961 0.0102939
108.093 0.00218042
108.225 0.00206531
108.357 0.0145033
108.488 0.0187718
108.62 0.0104694
108.752 0.0107185
108.884 0.011082
109.015 0.0122749
109.147 0.0146762
109.279 0.0106709
109.411 0.0106709
109.542 0.0106709
109.674 0.0106709
109.806 0.0106709
109.938 0.0106709
110.069 0.0106709
110.201 0.0106709
110.333 0.0106709
110.465 0.0106709
110.596 0.0106709
110.728 0.0106709
110.86 0.0106709
110.992 0.0106709
111.123 0.0106709
111.255 0.0106709
111.387 0.0106709
111.519 0.0106709
111.65 0.0106709
111.782 0.0106709
111.914 0.0106709
112.046 0.0106709
112.177 0.0106709
112.309 0.0106709
112.441 0.0106709
112.573 0.0106709
112.704 0.0106709
112.836 0.0106709
112.968 0.0106709
113.1 0.0106709
113.231 0.0106709
113.363 0.0106709
113.495 0.0106709
113.627 0.0106709
113.758 0.0106709
113.89 0.0106709
114.022 0.0106709
114.154 0.0106709
114.285 0.0106709
114.417 0.0106709
114.549 0.0106709
114.681 0.0106709
114.812 0.0106709
114.944 0.0106709
115.076 0.0106709
115.208 0.0106709
115.339 0.0106709
115.471 0.0106709
115.603 0.0106709
115.735 0.0106709
115.866 0.0106709
115.998 0.0106709
116.13 0.0106709
116.262 0.0106709
116.393 0.0106709
116.525 0.0106709
116.657 0.0106709
116.789 0.0106709
116.92 0.0106709
117.052 0.0106709
117.184 0.0106709
117.316 0.0106709
117.447 0.0106709
117.579 0.0106709
117.711 0.0106709
117.843 0.0106709
117.974 0.0106709
118.106 0.0106709
118.238 0.0106709
118.37 0.0106709
118.501 0.0106709
118.633 0.0106709
118.765 0.0106709
118.897 0.0106709
119.028 0.0106709
119.16 0.0106709
119.292 0.0106709
119.424 0.0106709
119.556 0.0106709
119.687 0.0106709
119.819 0.0106709
119.951 0.0106709
120.083 0.0106709
120.214 0.0106709
120.346 0.0106709
120.478 0.0106709
120.61 0.0106709
120.741 0.0106709
120.873 0.0106709
121.005 0.0106709
121.137 0.0106709
121.268 0.0106709
121.4 0.0106709
121.532 0.0106709
121.664 0.0106709
121.795 0.0106709
121.927 0.0106709
122.059 0.0106709
122.191 0.0106709
122.322 0.0106709
122.454 0.0106709
122.586 0.0106709
122.718 0.0106709
122.849 0.0106709
122.981 0.0106709
123.113 0.0106709
123.245 0.0106709
123.376 0.0106709
123.508 0.0106709
123.64 0.0106709
123.772 0.0106709
123.903 0.0106709
124.035 0.0106709
124.167 0.0106709
124.299 0.0106709
124.43 0.0106709
124.562 0.0106709
124.694 0.0106709
124.826 0.0106709
124.957 0.0106709
125.089 0.0106709
125.221 0.0106709
125.353 0.0106709
125.484 0.0106709
125.616 0.0106709
125.748 0.0106709
125.88 0.0106709
126.011 0.0106709
126.143 0.0106709
126.275 0.0106709
126.407 0.0106709
126.538 0.0106709
126.67 0.0106709
126.802 0.0106709
126.934 0.0106709
127.065 0.0106709
127.197 0.0106709
127.329 0.0106709
127.461 0.0106709
127.592 0.0106709
127.724 0.0106709
127.856 0.0106709
127.988 0.0106709
128.119 0.0106709
128.251 0.0106709
128.383 0.0106709
128.515 0.0106709
128.646 0.0106709
128.778 0.0106709
128.91 0.0106709
129.042 0.0106709
129.173 0.0106709
129.305 0.0106709
129.437 0.0106709
129.569 0.0106709
129.7 0.0106709
