-2.07068 0.104143
-1.93893 0.0466509
-1.80718 -0.00435049
-1.67543 -0.033083
-1.54367 0.0422297
-1.41192 0.0934316
-1.28017 0.130345
-1.14842 0.0928875
-1.01666 0.0872696
-0.884911 0.0625709
-0.753159 -0.0408759
-0.621407 -0.118422
-0.489654 -0.110983
-0.357902 -0.0409511
-0.22615 0.0518272
-0.0943974 0.0618251
0.0373549 0.0716769
0.169107 0.0396261
0.30086 -0.0448245
0.432612 -0.161157
0.564364 -0.147393
0.696116 -0.0975597
0.827869 0.0505734
0.959621 0.19118
1.09137 0.295092
1.22313 0.334846
1.35488 0.275954
1.48663 0.199579
1.61838 0.0943602
1.75013 -0.00522483
1.88189 -0.079196
2.01364 -0.15309
2.14539 -0.114919
2.27714 -0.0289967
2.4089 0.0471013
2.54065 0.132132
2.6724 0.18301
2.80415 0.131104
2.93591 -0.00928905
3.06766 -0.125998
3.19941 -0.165774
3.33116 -0.0719679
3.46291 0.0526548
3.59467 0.251491
3.72642 0.383397
3.85817 0.385957
3.98992 0.294829
4.12168 0.226118
4.25343 0.133157
4.38518 0.0769563
4.51693 0.0866268
4.64869 0.0845012
4.78044 0.0762095
4.91219 -0.0214238
5.04394 0.0343313
5.17569 0.0686779
5.30745 0.103384
5.4392 0.032134
5.57095 -0.0321736
5.7027 -0.0718988
5.83446 -0.0447246
5.96621 0.0362026
6.09796 0.134948
6.22971 0.142648
6.36147 0.120237
6.49322 0.108677
6.62497 0.201962
6.75672 0.329207
6.88847 0.416171
7.02023 0.394501
7.15198 0.214084
7.28373 -0.031855
7.41548 -0.277227
7.54724 -0.463601
7.67899 -0.475688
7.81074 -0.431276
7.94249 -0.273765
8.07425 -0.0734918
8.206 0.160175
8.33775 0.312652
8.4695 0.414474
8.60125 0.446667
8.73301 0.462273
8.86476 0.494553
8.99651 0.582775
9.12826 0.758312
9.26002 0.805225
9.39177 0.692836
9.52352 0.432395
9.65527 0.114864
9.78703 -0.162581
9.91878 -0.348947
10.0505 -0.442732
10.1823 -0.463723
10.314 -0.285545
10.4458 -0.0654209
10.5775 0.172143
10.7093 0.304025
10.841 0.26082
10.9728 0.156179
11.1045 -0.00400473
11.2363 -0.0266038
11.3681 0.0288953
11.4998 0.0774692
11.6316 0.0542934
11.7633 0.0479449
11.8951 0.0977222
12.0268 0.158574
12.1586 0.335583
12.2903 0.472336
12.4221 0.592583
12.5538 0.648561
12.6856 0.592719
12.8173 0.653422
12.9491 0.676173
13.0808 0.506245
13.2126 0.272041
13.3443 0.0472658
13.4761 -0.106595
13.6078 -0.0588804
13.7396 0.066741
13.8713 0.151047
14.0031 0.176694
14.1349 0.16903
14.2666 0.236316
14.3984 0.346752
14.5301 0.497853
14.6619 0.645128
14.7936 0.688372
14.9254 0.529053
15.0571 0.329539
15.1889 0.148087
15.3206 0.00564879
15.4524 -0.243742
15.5841 -0.408714
15.7159 -0.479801
15.8476 -0.397121
15.9794 -0.197332
16.1111 0.02916
16.2429 0.098461
16.3746 0.0541895
16.5064 -0.0567815
16.6381 -0.110199
16.7699 -0.0471015
16.9017 0.0932523
17.0334 0.215942
17.1652 0.349605
17.2969 0.571083
17.4287 0.792789
17.5604 0.934439
17.6922 0.944292
17.8239 0.821913
17.9557 0.65317
18.0874 0.627789
18.2192 0.711893
18.3509 0.838231
18.4827 0.803166
18.6144 0.594971
18.7462 0.28564
18.8779 -0.0182667
19.0097 -0.140656
19.1414 -0.144265
19.2732 -0.119651
19.4049 -0.138945
19.5367 -0.138968
19.6684 -0.0137367
19.8002 0.190179
19.932 0.405475
20.0637 0.526847
20.1955 0.504488
20.3272 0.368205
20.459 0.242954
20.5907 0.129969
20.7225 0.0565686
20.8542 -0.021075
20.986 -0.0772068
21.1177 -0.0705614
21.2495 0.0901168
21.3812 0.215602
21.513 0.262635
21.6447 0.191343
21.7765 0.171286
21.9082 0.155075
22.04 0.216241
22.1717 0.261063
22.3035 0.30898
22.4352 0.347533
22.567 0.3895
22.6988 0.549159
22.8305 0.724043
22.9623 0.904749
23.094 0.923462
23.2258 0.827076
23.3575 0.691407
23.4893 0.595648
23.621 0.484684
23.7528 0.376197
23.8845 0.207246
24.0163 0.108907
24.148 0.0987088
24.2798 0.260721
24.4115 0.462596
24.5433 0.482393
24.675 0.309171
24.8068 -0.0122185
24.9385 -0.281033
25.0703 -0.440409
25.202 -0.467015
25.3338 -0.461913
25.4655 -0.38106
25.5973 -0.205632
25.7291 0.155888
25.8608 0.67039
25.9926 1.12402
26.1243 1.42195
26.2561 1.39065
26.3878 1.14558
26.5196 0.842018
26.6513 0.587645
26.7831 0.350084
26.9148 0.101298
27.0466 -0.142213
27.1783 -0.269853
27.3101 -0.23911
27.4418 -0.118908
27.5736 -0.0539252
27.7053 0.0204344
27.8371 0.165295
27.9688 0.431581
28.1006 0.835079
28.2323 1.20548
28.3641 1.36293
28.4959 1.22204
28.6276 0.92137
28.7594 0.660705
28.8911 0.529108
29.0229 0.445223
29.1546 0.276306
29.2864 0.00527431
29.4181 -0.237302
29.5499 -0.314868
29.6816 -0.246882
29.8134 -0.205508
29.9451 -0.332571
30.0769 -0.562023
30.2086 -0.645694
30.3404 -0.379347
30.4721 0.186689
30.6039 0.767729
30.7356 1.08695
30.8674 1.1067
30.9991 1.02402
31.1309 1.04306
31.2627 1.16206
31.3944 1.19297
31.5262 0.986212
31.6579 0.617249
31.7897 0.33209
31.9214 0.304616
32.0532 0.460959
32.1849 0.559086
32.3167 0.442773
32.4484 0.201745
32.5802 0.0661263
32.7119 0.146236
32.8437 0.299164
32.9754 0.274976
33.1072 -0.00288676
33.2389 -0.321584
33.3707 -0.364291
33.5024 -0.019786
33.6342 0.498566
33.7659 0.849069
33.8977 0.873528
34.0294 0.706735
34.1612 0.581544
34.293 0.551522
34.4247 0.439738
34.5565 0.0736929
34.6882 -0.454702
34.82 -0.808894
34.9517 -0.717994
35.0835 -0.262617
35.2152 0.179959
35.347 0.302492
35.4787 0.179468
35.6105 0.191505
35.7422 0.621867
35.874 1.33405
36.0057 1.8727
36.1375 1.89919
36.2692 1.519
36.401 1.1588
36.5327 1.11543
36.6645 1.24785
36.7962 1.14138
36.928 0.577795
37.0598 -0.18882
37.1915 -0.658401
37.3233 -0.591083
37.455 -0.259153
37.5868 -0.161934
37.7185 -0.488226
37.8503 -0.896399
37.982 -0.864499
38.1138 -0.256865
38.2455 0.498477
38.3773 0.834478
38.509 0.639257
38.6408 0.377957
38.7725 0.581321
38.9043 1.22887
39.036 1.71026
39.1678 1.4611
39.2995 0.626314
39.4313 0.00843091
39.563 0.270964
39.6948 1.18093
39.8266 1.71186
39.9583 0.980178
40.0901 -0.901984
40.2218 -2.94297
40.3536 -4.24109
40.4853 -4.73325
40.6171 -4.80761
40.7488 -4.11462
40.8806 -1.01372
41.0123 6.2219
41.1441 16.997
41.2758 26.8717
41.4076 28.8073
41.5393 17.0223
41.6711 -8.91494
41.8028 -42.5764
41.9346 -72.8078
42.0663 -88.1278
42.1981 -80.9121
42.3298 -49.7596
42.4616 -0.0505797
42.5933 56.6754
42.7251 104.627
42.8569 127.758
42.9886 115.752
43.1204 69.633
43.2521 3.20475
43.3839 -62.0034
43.5156 -106.422
43.6474 -121.213
43.7791 -110.584
43.9109 -86.4555
44.0426 -59.6728
44.1744 -34.2266
44.3061 -8.08713
44.4379 21.2027
44.5696 51.5893
44.7014 76.4545
44.8331 89.0671
44.9649 87.309
45.0966 74.5874
45.2284 56.5417
45.3601 36.8444
45.4919 15.8194
45.6237 -7.35196
45.7554 -31.4465
45.8872 -52.3325
46.0189 -65.296
46.1507 -68.3513
46.2824 -63.4897
46.4142 -54.8305
46.5459 -45.4687
46.6777 -35.7965
46.8094 -24.4805
46.9412 -10.782
47.0729 4.10799
47.2047 17.8172
47.3364 28.6193
47.4682 36.4343
47.5999 42.1285
47.7317 46.0149
47.8634 47.1863
47.9952 44.3594
48.1269 37.3296
48.2587 27.5366
48.3905 17.1563
48.5222 7.59558
48.654 -1.18809
48.7857 -9.97308
48.9175 -18.9538
49.0492 -27.1286
49.181 -32.9502
49.3127 -35.5528
49.4445 -35.3695
49.5762 -33.6071
49.708 -31.1577
49.8397 -27.9959
49.9715 -23.5548
50.1032 -17.6016
50.235 -10.7115
50.3667 -3.91351
50.4985 2.08136
50.6302 7.29658
50.762 12.1882
50.8937 16.9825
51.0255 21.3174
51.1572 24.4955
51.289 26.0448
51.4208 26.0314
51.5525 24.8749
51.6843 22.9198
51.816 20.2105
51.9478 16.6461
52.0795 12.2851
52.2113 7.44562
52.343 2.50556
52.4748 -2.36045
52.6065 -7.20563
52.7383 -12.0573
52.87 -16.6445
53.0018 -20.398
53.1335 -22.7578
53.2653 -23.5321
53.397 -23.0109
53.5288 -21.7531
53.6605 -20.229
53.7923 -18.5758
53.924 -16.5895
54.0558 -13.8924
54.1876 -10.1449
54.3193 -5.2205
54.4511 0.67177
54.5828 6.93835
54.7146 12.6837
54.8463 16.9613
54.9781 19.124
55.1098 19.0975
55.2416 17.4105
55.3733 14.9535
55.5051 12.6042
55.6368 10.9219
55.7686 10.0438
55.9003 9.77439
56.0321 9.76366
56.1638 9.66498
56.2956 9.21299
56.4273 8.22571
56.5591 6.56949
56.6908 4.13759
56.8226 0.87952
56.9544 -3.12343
57.0861 -7.59277
57.2179 -12.0725
57.3496 -16.058
57.4814 -19.1658
57.6131 -21.223
57.7449 -22.2113
57.8766 -22.1251
58.0084 -20.8909
58.1401 -18.4408
58.2719 -14.8795
58.4036 -10.5777
58.5354 -6.07151
58.6671 -1.82916
58.7989 1.92481
58.9306 5.1835
59.0624 7.97846
59.1941 10.244
59.3259 11.8728
59.4576 12.9027
59.5894 13.6176
59.7211 14.403
59.8529 15.4338
59.9847 16.4594
60.1164 16.8986
60.2482 16.2014
60.3799 14.2023
60.5117 11.1993
60.6434 7.73114
60.7752 4.26437
60.9069 1.03529
61.0387 -1.88899
61.1704 -4.46995
61.3022 -6.64619
61.4339 -8.39522
61.5657 -9.78707
61.6974 -10.9208
61.8292 -11.7857
61.9609 -12.2043
62.0927 -11.9569
62.2244 -11.0069
62.3562 -9.62212
62.4879 -8.26174
62.6197 -7.30072
62.7515 -6.8083
62.8832 -6.54652
63.015 -6.16301
63.1467 -5.40449
63.2785 -4.20016
63.4102 -2.6104
63.542 -0.746759
63.6737 1.25455
63.8055 3.22797
63.9372 5.0155
64.069 6.55371
64.2007 7.92283
64.3325 9.26908
64.4642 10.6306
64.596 11.8198
64.7277 12.4962
64.8595 12.4028
64.9912 11.572
65.123 10.3169
65.2547 9.00369
65.3865 7.79584
65.5183 6.58685
65.65 5.16428
65.7818 3.44268
65.9135 1.55228
66.0453 -0.283038
66.177 -1.94731
66.3088 -3.51958
66.4405 -5.17198
66.5723 -6.98239
66.704 -8.83225
66.8358 -10.4664
66.9675 -11.6424
67.0993 -12.2344
67.231 -12.2278
67.3628 -11.6532
67.4945 -10.5531
67.6263 -9.01071
67.758 -7.18877
67.8898 -5.30826
68.0215 -3.56006
68.1533 -2.01681
68.285 -0.617769
68.4168 0.762386
68.5486 2.21561
68.6803 3.73858
68.8121 5.23115
68.9438 6.53737
69.0756 7.50271
69.2073 8.0344
69.3391 8.15182
69.4708 7.9978
69.6026 7.78133
69.7343 7.66356
69.8661 7.65543
69.9978 7.60799
70.1296 7.31426
70.2613 6.65043
70.3931 5.64723
70.5248 4.44189
70.6566 3.1655
70.7883 1.87282
70.9201 0.571516
71.0518 -0.695413
71.1836 -1.81248
71.3154 -2.64974
71.4471 -3.16497
71.5789 -3.44901
71.7106 -3.66482
71.8424 -3.93204
71.9741 -4.25947
72.1059 -4.57888
72.2376 -4.8365
72.3694 -5.04997
72.5011 -5.28122
72.6329 -5.56169
72.7646 -5.84739
72.8964 -6.04179
73.0281 -6.05325
73.1599 -5.82681
73.2916 -5.32999
73.4234 -4.52921
73.5551 -3.40147
73.6869 -1.97834
73.8186 -0.371831
73.9504 1.25879
74.0822 2.78095
74.2139 4.13952
74.3457 5.34032
74.4774 6.38833
74.6092 7.24615
74.7409 7.85145
74.8727 8.16547
75.0044 8.19061
75.1362 7.93408
75.2679 7.36696
75.3997 6.45069
75.5314 5.2404
75.6632 3.97959
75.7949 3.06792
75.9267 2.86263
76.0584 3.40937
76.1902 4.28269
76.3219 4.67725
76.4537 3.74846
76.5854 1.05124
76.7172 -3.14381
76.8489 -7.83216
76.9807 -11.6
77.1125 -13.1791
77.2442 -11.9972
77.376 -8.46302
77.5077 -3.82341
77.6395 0.358965
77.7712 2.85526
77.903 3.21316
78.0347 1.78362
78.1665 -0.621325
78.2982 -3.17832
78.43 -5.3307
78.5617 -6.79488
78.6935 -7.4166
78.8252 -7.07972
78.957 -5.76148
79.0887 -3.64882
79.2205 -1.15456
79.3522 1.23387
79.484 3.17604
79.6157 4.59985
79.7475 5.63856
79.8793 6.45731
80.011 7.12317
80.1428 7.60572
80.2745 7.8611
80.4063 7.88499
80.538 7.68033
80.6698 7.19708
80.8015 6.34196
80.9333 5.08169
81.065 3.55122
81.1968 2.04983
81.3285 0.897262
81.4603 0.247581
81.592 0.000801282
81.7238 -0.125795
81.8555 -0.42784
81.9873 -1.06546
82.119 -2.01256
82.2508 -3.09433
82.3825 -4.06001
82.5143 -4.66001
82.6461 -4.73045
82.7778 -4.27965
82.9096 -3.528
83.0413 -2.84076
83.1731 -2.55375
83.3048 -2.78522
83.4366 -3.36327
83.5683 -3.92723
83.7001 -4.13408
83.8318 -3.8258
83.9636 -3.05618
84.0953 -1.99417
84.2271 -0.808169
84.3588 0.379505
84.4906 1.46765
84.6223 2.34818
84.7541 2.92855
84.8858 3.18773
85.0176 3.20257
85.1493 3.10721
85.2811 3.01487
85.4128 2.96817
85.5446 2.95363
85.6764 2.9539
85.8081 2.98075
85.9399 3.06083
86.0716 3.1978
86.2034 3.35422
86.3351 3.46899
86.4669 3.48741
86.5986 3.3748
86.7304 3.11258
86.8621 2.69961
86.9939 2.16941
87.1256 1.60143
87.2574 1.09393
87.3891 0.700532
87.5209 0.37867
87.6526 0.0045606
87.7844 -0.542511
87.9161 -1.28789
88.0479 -2.13629
88.1796 -2.9339
88.3114 -3.56449
88.4432 -4.00214
88.5749 -4.28854
88.7067 -4.47025
88.8384 -4.55625
88.9702 -4.52165
89.1019 -4.33407
89.2337 -3.96729
89.3654 -3.39847
89.4972 -2.61501
89.6289 -1.64555
89.7607 -0.588686
89.8924 0.404992
90.0242 1.20539
90.1559 1.77842
90.2877 2.1957
90.4194 2.56283
90.5512 2.92735
90.6829 3.25076
90.8147 3.4689
90.9464 3.57751
91.0782 3.6533
91.21 3.78482
91.3417 3.97977
91.4735 4.14322
91.6052 4.15323
91.737 3.96349
91.8687 3.63477
92.0005 3.26607
92.1322 2.89442
92.264 2.46051
92.3957 1.87014
92.5275 1.08784
92.6592 0.174256
92.791 -0.75797
92.9227 -1.61259
93.0545 -2.33218
93.1862 -2.86796
93.318 -3.15694
93.4497 -3.15753
93.5815 -2.91788
93.7132 -2.59345
93.845 -2.36417
93.9767 -2.30344
94.1085 -2.31737
94.2403 -2.22423
94.372 -1.91704
94.5038 -1.46595
94.6355 -1.06265
94.7673 -0.837122
94.899 -0.786067
95.0308 -0.689651
95.1625 -0.360725
95.2943 0.185964
95.426 0.803856
95.5578 1.28508
95.6895 1.52347
95.8213 1.58403
95.953 1.65731
96.0848 1.77185
96.2165 1.93166
96.3483 2.07011
96.48 2.06908
96.6118 1.97679
96.7435 1.82915
96.8753 1.70459
97.0071 1.65035
97.1388 1.74076
97.2706 1.85009
97.4023 1.8971
97.5341 1.82083
97.6658 1.46278
97.7976 1.01768
97.9293 0.622133
98.0611 0.375716
98.1928 0.247435
98.3246 0.145445
98.4563 -0.106044
98.5881 -0.3935
98.7198 -0.641852
98.8516 -0.68995
98.9833 -0.637833
99.1151 -0.551619
99.2468 -0.520552
99.3786 -0.698471
99.5103 -1.04614
99.6421 -1.38008
99.7739 -1.57604
99.9056 -1.58298
100.037 -1.60267
100.169 -1.63883
100.301 -1.58547
100.433 -1.29783
100.564 -0.848633
100.696 -0.218165
100.828 0.339743
100.96 0.753702
101.091 0.988243
101.223 1.10968
101.355 1.21207
101.487 1.23294
101.618 1.17722
101.75 1.03848
101.882 0.885098
102.014 0.846419
102.145 0.855497
102.277 0.931026
102.409 1.03272
102.541 1.06054
102.672 1.03132
102.804 1.03093
102.936 1.07559
103.068 1.0852
103.199 1.04518
103.331 0.935356
103.463 0.858534
103.595 0.709088
103.726 0.531175
103.858 0.332752
103.99 0.127913
104.122 -0.0680825
104.253 -0.098428
104.385 -0.0317278
104.517 -0.0204661
104.649 -0.12023
104.78 -0.36358
104.912 -0.567805
105.044 -0.841671
105.176 -0.955865
105.307 -0.985143
105.439 -0.906808
105.571 -0.851658
105.703 -0.774062
105.834 -0.64945
105.966 -0.478293
106.098 -0.316798
106.23 -0.138416
106.361 0.0045604
106.493 0.155376
106.625 0.278559
106.757 0.394122
106.888 0.44125
107.02 0.387307
107.152 0.316257
107.284 0.290255
107.415 0.404586
107.547 0.656405
107.679 0.866356
107.811 1.04655
107.942 1.07375
108.074 0.999985
108.206 0.818118
108.338 0.603149
108.47 0.303955
108.601 0.00349186
108.733 -0.201013
108.865 -0.200092
108.997 -0.0174261
109.128 0.169092
109.26 0.358438
109.392 0.440435
109.524 0.420805
109.655 0.343853
109.787 0.257709
109.919 0.189874
110.051 0.152811
110.182 0.157644
110.314 0.0613133
110.446 -0.0287278
110.578 -0.182316
110.709 -0.365184
110.841 -0.507113
110.973 -0.600206
111.105 -0.484642
111.236 -0.278709
111.368 -0.0131643
111.5 0.204054
111.632 0.293144
111.763 0.176614
111.895 -0.0462795
112.027 -0.19272
112.159 -0.334156
112.29 -0.373592
112.422 -0.392455
112.554 -0.331523
112.686 -0.0940879
112.817 0.0901936
112.949 0.286094
113.081 0.535669
113.213 0.682165
113.344 0.742763
113.476 0.783828
113.608 0.717241
113.74 0.585688
113.871 0.393109
114.003 0.138226
114.135 -0.085273
114.267 -0.223829
114.398 -0.184794
114.53 -0.063882
114.662 0.00492368
114.794 0.00074522
114.925 0.0298044
115.057 0.0214134
115.189 -0.00334809
115.321 -0.0445913
115.452 0.0418648
115.584 0.0955534
115.716 0.166628
115.848 0.216812
115.979 0.21333
116.111 0.117371
116.243 0.0224847
116.375 -0.0921714
116.506 -0.159927
116.638 -0.196575
116.77 -0.232922
116.902 -0.269731
117.033 -0.248962
117.165 -0.190355
117.297 -0.150828
117.429 -0.0789223
117.56 0.00275305
117.692 0.0525337
117.824 0.0806778
117.956 0.123623
118.087 0.126161
118.219 0.146107
118.351 0.136687
118.483 0.148498
118.614 0.136401
118.746 0.114552
118.878 0.125929
119.01 0.083384
119.141 0.0269732
119.273 -0.0282828
119.405 -0.0430735
119.537 -0.039449
119.668 -0.0666743
119.8 -0.0838451
119.932 -0.103864
120.064 -0.111732
120.195 -0.0866807
120.327 -0.0189303
120.459 0.0208529
120.591 0.0518587
120.722 0.0417417
120.854 0.0481748
120.986 0.092759
121.118 0.170633
121.249 0.159002
121.381 0.151081
121.513 0.106936
121.645 0.0759358
121.776 -0.0121363
121.908 -0.0119361
122.04 0.00783585
122.172 0.0544681
122.303 0.026592
122.435 -0.0495671
122.567 -0.0876834
122.699 -0.122237
122.831 -0.0819571
122.962 -0.0816369
123.094 -0.0588536
123.226 -0.0551665
123.358 -0.0510512
123.489 -0.0475004
123.621 -0.00436008
123.753 -0.00957275
123.885 -0.0171773
124.016 -0.0680888
124.148 -0.0556229
124.28 -0.0406042
124.412 -0.0239425
124.543 0.0212089
124.675 0.0136234
124.807 -0.00207487
124.939 -0.0382741
125.07 -0.0257998
125.202 -0.00609324
125.334 0.0292365
125.466 0.00453212
125.597 -0.0193889
125.729 -0.0361806
125.861 -0.035794
125.993 0.0174183
126.124 0.00259427
126.256 0.00233172
126.388 -0.0108641
126.52 -0.0226326
126.651 -0.0335147
126.783 -0.0178916
126.915 0.00438634
127.047 0.0253413
127.178 0.00788318
127.31 -0.0352011
127.442 -0.067019
127.574 -0.0279489
127.705 -0.0166119
127.837 -0.0265837
127.969 -0.0153255
128.101 -0.0115038
128.232 -0.00598012
128.364 -0.0151344
128.496 -0.0151344
128.628 -0.0151344
128.759 -0.0151344
128.891 -0.0151344
129.023 -0.0151344
129.155 -0.0151344
129.286 -0.0151344
129.418 -0.0151344
129.55 -0.0151344
129.682 -0.0151344
129.813 -0.0151344
129.945 -0.0151344
130.077 -0.0151344
130.209 -0.0151344
130.34 -0.0151344
130.472 -0.0151344
130.604 -0.0151344
130.736 -0.0151344
130.867 -0.0151344
130.999 -0.0151344
131.131 -0.0151344
131.263 -0.0151344
131.394 -0.0151344
131.526 -0.0151344
131.658 -0.0151344
131.79 -0.0151344
131.921 -0.0151344
132.053 -0.0151344
132.185 -0.0151344
132.317 -0.0151344
132.448 -0.0151344
132.58 -0.0151344
132.712 -0.0151344
