-2.96889 -0.0420399
-2.83714 -0.0127434
-2.70539 0.0261287
-2.57363 0.0410823
-2.44188 0.0640756
-2.31013 0.067116
-2.17838 0.0712897
-2.04662 0.118644
-1.91487 0.162432
-1.78312 0.18937
-1.65137 0.221957
-1.51961 0.216025
-1.38786 0.202588
-1.25611 0.269027
-1.12436 0.353127
-0.992605 0.43133
-0.860853 0.443613
-0.729101 0.351043
-0.597348 0.246945
-0.465596 0.185505
-0.333844 0.210312
-0.202092 0.226541
-0.0703393 0.195008
0.061413 0.0772048
0.193165 -0.0143906
0.324918 -0.0422771
0.45667 -0.0105534
0.588422 0.0876633
0.720175 0.121166
0.851927 0.112835
0.983679 0.0622773
1.11543 0.0475777
1.24718 0.0668191
1.37894 0.169054
1.51069 0.247756
1.64244 0.268724
1.77419 0.191237
1.90595 0.0732554
2.0377 -0.0270015
2.16945 -0.0383657
2.3012 0.00212876
2.43295 0.051648
2.56471 0.0566691
2.69646 -0.00348312
2.82821 -0.122792
2.95996 -0.173452
3.09172 -0.162751
3.22347 -0.015771
3.35522 0.212251
3.48697 0.469675
3.61873 0.645255
3.75048 0.723784
3.88223 0.72287
4.01398 0.688162
4.14573 0.680089
4.27749 0.650267
4.40924 0.584512
4.54099 0.489984
4.67274 0.385213
4.8045 0.358294
4.93625 0.340359
5.068 0.29044
5.19975 0.150093
5.33151 -0.132445
5.46326 -0.397293
5.59501 -0.537377
5.72676 -0.502353
5.85851 -0.389117
5.99027 -0.274004
6.12202 -0.254197
6.25377 -0.25787
6.38552 -0.160593
6.51728 0.122475
6.64903 0.492195
6.78078 0.75427
6.91253 0.793629
7.04429 0.680378
7.17604 0.431993
7.30779 0.169198
7.43954 -0.0615135
7.57129 -0.286275
7.70305 -0.402955
7.8348 -0.407639
7.96655 -0.220661
8.0983 0.0849451
8.23006 0.341125
8.36181 0.537103
8.49356 0.609721
8.62531 0.635852
8.75707 0.704439
8.88882 0.776153
9.02057 0.773065
9.15232 0.717739
9.28407 0.593608
9.41583 0.530373
9.54758 0.436425
9.67933 0.389992
9.81108 0.191372
9.94284 -0.0603769
10.0746 -0.257545
10.2063 -0.295912
10.3381 -0.178223
10.4698 -0.022598
10.6016 -0.00974919
10.7333 -0.196273
10.8651 -0.45397
10.9969 -0.563252
11.1286 -0.443776
11.2604 -0.170164
11.3921 0.137446
11.5239 0.338533
11.6556 0.403842
11.7874 0.462023
11.9191 0.546639
12.0509 0.596184
12.1826 0.517888
12.3144 0.310881
12.4461 0.0924146
12.5779 0.00661309
12.7096 0.0660306
12.8414 0.151362
12.9731 0.167306
13.1049 0.0705915
13.2366 -0.0147485
13.3684 0.01509
13.5001 0.167178
13.6319 0.340994
13.7637 0.436949
13.8954 0.453365
14.0272 0.465308
14.1589 0.512509
14.2907 0.529889
14.4224 0.412856
14.5542 0.158543
14.6859 -0.0746081
14.8177 -0.0781929
14.9494 0.210494
15.0812 0.617915
15.2129 0.852606
15.3447 0.737328
15.4764 0.344975
15.6082 -0.0839586
15.7399 -0.357061
15.8717 -0.471452
16.0034 -0.55658
16.1352 -0.695299
16.2669 -0.815524
16.3987 -0.761596
16.5305 -0.464116
16.6622 -0.0277668
16.794 0.352836
16.9257 0.55893
17.0575 0.624716
17.1892 0.656108
17.321 0.690993
17.4527 0.657889
17.5845 0.47619
17.7162 0.182308
17.848 -0.0651855
17.9797 -0.117746
18.1115 0.0282739
18.2432 0.235628
18.375 0.36428
18.5067 0.396443
18.6385 0.418048
18.7702 0.485242
18.902 0.533378
19.0337 0.440838
19.1655 0.185472
19.2972 -0.0829909
19.429 -0.153899
19.5608 0.0458943
19.6925 0.367591
19.8243 0.566245
19.956 0.518605
20.0878 0.315559
20.2195 0.138259
20.3513 0.0524909
20.483 -0.0566093
20.6148 -0.335309
20.7465 -0.755313
20.8783 -1.0789
21.01 -1.05044
21.1418 -0.63086
21.2735 -0.038546
21.4053 0.445515
21.537 0.71037
21.6688 0.853974
21.8005 1.00721
21.9323 1.15166
22.064 1.14009
22.1958 0.896146
22.3276 0.557283
22.4593 0.373108
22.5911 0.441505
22.7228 0.567291
22.8546 0.427231
22.9863 -0.0946732
23.1181 -0.742462
23.2498 -1.08874
23.3816 -0.925753
23.5133 -0.459236
23.6451 -0.0992086
23.7768 -0.0510608
23.9086 -0.125913
24.0403 0.0276456
24.1721 0.508899
24.3038 1.01177
24.4356 1.11637
24.5673 0.735717
24.6991 0.24024
24.8308 0.0994596
24.9626 0.392561
25.0944 0.707904
25.2261 0.570298
25.3579 -0.0246686
25.4896 -0.539941
25.6214 -0.410333
25.7531 0.352339
25.8849 1.08776
26.0166 1.05398
26.1484 0.0756102
26.2801 -1.38554
26.4119 -2.78611
26.5436 -4.01958
26.6754 -5.2058
26.8071 -5.84937
26.9389 -4.32883
27.0706 1.32886
27.2024 11.5024
27.3341 23.2465
27.4659 30.4531
27.5976 26.4589
27.7294 7.89966
27.8611 -22.4276
27.9929 -55.4919
28.1247 -79.0015
28.2564 -82.1377
28.3882 -60.0737
28.5199 -16.5346
28.6517 36.6349
28.7834 83.0498
28.9152 107.592
29.0469 102.358
29.1787 70.0163
29.3104 22.5557
29.4422 -24.3051
29.5739 -58.1689
29.7057 -74.5034
29.8374 -76.2715
29.9692 -69.5563
30.1009 -58.7235
30.2327 -44.5636
30.3644 -26.137
30.4962 -3.99438
30.6279 18.4094
30.7597 36.3529
30.8915 46.9073
31.0232 50.5652
31.155 50.0292
31.2867 47.4143
31.4185 42.5075
31.5502 33.6117
31.682 20.0093
31.8137 3.5905
31.9455 -11.9512
32.0772 -23.6181
32.209 -30.9939
32.3407 -35.835
32.4725 -39.862
32.6042 -42.8728
32.736 -42.8997
32.8677 -38.1596
32.9995 -28.9062
33.1312 -17.4842
33.263 -6.62604
33.3947 2.37757
33.5265 10.0241
33.6583 17.344
33.79 24.3975
33.9218 29.9648
34.0535 32.6083
34.1853 31.9723
34.317 29.0594
34.4488 25.3012
34.5805 21.3916
34.7123 16.9861
34.844 11.4368
34.9758 4.73551
35.1075 -2.27124
35.2393 -8.53043
35.371 -13.5703
35.5028 -17.6426
35.6345 -21.1488
35.7663 -24.0029
35.898 -25.5952
36.0298 -25.3635
36.1615 -23.3625
36.2933 -20.2536
36.425 -16.7525
36.5568 -13.1051
36.6886 -9.09148
36.8203 -4.49817
36.9521 0.465162
37.0838 5.22362
37.2156 9.27497
37.3473 12.5301
37.4791 15.2127
37.6108 17.4552
37.7426 19.0388
37.8743 19.5575
38.0061 18.8286
38.1378 17.116
38.2696 14.9311
38.4013 12.6135
38.5331 10.1113
38.6648 7.16984
38.7966 3.72036
38.9283 0.0701371
39.0601 -3.28697
39.1918 -6.03934
39.3236 -8.24474
39.4554 -10.1817
39.5871 -12.0479
39.7189 -13.8069
39.8506 -15.2841
39.9824 -16.3354
40.1141 -16.8618
40.2459 -16.6641
40.3776 -15.3689
40.5094 -12.628
40.6411 -8.50169
40.7729 -3.68343
40.9046 0.713261
41.0364 3.72785
41.1681 5.08081
41.2999 5.26301
41.4316 5.1402
41.5634 5.39947
41.6951 6.24311
41.8269 7.48098
41.9586 8.83919
42.0904 10.1815
42.2222 11.4939
42.3539 12.7256
42.4857 13.6812
42.6174 14.0653
42.7492 13.6169
42.8809 12.215
43.0127 9.89472
43.1444 6.81099
43.2762 3.20333
43.4079 -0.630247
43.5397 -4.37937
43.6714 -7.79008
43.8032 -10.7105
43.9349 -13.0687
44.0667 -14.8009
44.1984 -15.8032
44.3302 -15.9634
44.4619 -15.2466
44.5937 -13.7547
44.7254 -11.7048
44.8572 -9.35394
44.9889 -6.93971
45.1207 -4.66479
45.2525 -2.68513
45.3842 -1.05257
45.516 0.359801
45.6477 1.84904
45.7795 3.72333
45.9112 6.06178
46.043 8.57497
46.1747 10.7083
46.3065 11.9459
46.4382 12.1012
46.57 11.3845
46.7017 10.2155
46.8335 8.9524
46.9652 7.74559
47.097 6.58367
47.2287 5.425
47.3605 4.26317
47.4922 3.0886
47.624 1.8405
47.7557 0.450814
47.8875 -1.0393
48.0193 -2.4213
48.151 -3.42013
48.2828 -3.90173
48.4145 -4.0118
48.5463 -4.10861
48.678 -4.52634
48.8098 -5.35282
48.9415 -6.3896
49.0733 -7.30381
49.205 -7.83137
49.3368 -7.88125
49.4685 -7.50662
49.6003 -6.82262
49.732 -5.95587
49.8638 -5.03115
49.9955 -4.1428
50.1273 -3.29322
50.259 -2.35797
50.3908 -1.15208
50.5225 0.415413
50.6543 2.2178
50.7861 3.9422
50.9178 5.27713
51.0496 6.11297
51.1813 6.58895
51.3131 6.94943
51.4448 7.33736
51.5766 7.70062
51.7083 7.8756
51.8401 7.75049
51.9718 7.35198
52.1036 6.78828
52.2353 6.12418
52.3671 5.31815
52.4988 4.27661
52.6306 2.96014
52.7623 1.43453
52.8941 -0.173314
53.0258 -1.75533
53.1576 -3.2532
53.2893 -4.62003
53.4211 -5.77259
53.5528 -6.60157
53.6846 -7.03914
53.8164 -7.11538
53.9481 -6.94205
54.0799 -6.63398
54.2116 -6.23927
54.3434 -5.7368
54.4751 -5.09084
54.6069 -4.30181
54.7386 -3.40855
54.8704 -2.45642
55.0021 -1.47828
55.1339 -0.509028
55.2656 0.395271
55.3974 1.17415
55.5291 1.8117
55.6609 2.36487
55.7926 2.9249
55.9244 3.53028
56.0561 4.10772
56.1879 4.50447
56.3196 4.59593
56.4514 4.38192
56.5832 3.99233
56.7149 3.60192
56.8467 3.32938
56.9784 3.19774
57.1102 3.16738
57.2419 3.18942
57.3737 3.226
57.5054 3.23522
57.6372 3.16044
57.7689 2.95109
57.9007 2.59498
58.0324 2.11965
58.1642 1.55217
58.2959 0.878267
58.4277 0.0514619
58.5594 -0.945919
58.6912 -2.0472
58.8229 -3.11263
58.9547 -4.00712
59.0864 -4.67653
59.2182 -5.15184
59.35 -5.47892
59.4817 -5.64455
59.6135 -5.57376
59.7452 -5.20297
59.877 -4.55889
60.0087 -3.76662
60.1405 -2.97766
60.2722 -2.28121
60.404 -1.67128
60.5357 -1.08439
60.6675 -0.460725
60.7992 0.224139
60.931 0.963293
61.0627 1.72369
61.1945 2.42965
61.3262 2.95051
61.458 3.14239
61.5897 2.95457
61.7215 2.53666
61.8532 2.24573
61.985 2.49993
62.1167 3.53016
62.2485 5.16831
62.3803 6.81409
62.512 7.63839
62.6438 6.95736
62.7755 4.61151
62.9073 1.15455
63.039 -2.28135
63.1708 -4.4333
63.3025 -4.48461
63.4343 -2.47799
63.566 0.680482
63.6978 3.6578
63.8295 5.33551
63.9613 5.28442
64.093 3.81061
64.2248 1.60339
64.3565 -0.723163
64.4883 -2.87241
64.62 -4.78333
64.7518 -6.38992
64.8835 -7.4891
65.0153 -7.8418
65.1471 -7.39075
65.2788 -6.36505
65.4106 -5.15308
65.5423 -4.04819
65.6741 -3.09025
65.8058 -2.13374
65.9376 -1.06253
66.0693 0.0553226
66.2011 1.00899
66.3328 1.6284
66.4646 1.92935
66.5963 2.09
66.7281 2.29523
66.8598 2.60156
66.9916 2.93879
67.1233 3.2232
67.2551 3.4561
67.3868 3.71191
67.5186 4.03814
67.6503 4.373
67.7821 4.55995
67.9139 4.44156
68.0456 3.95028
68.1774 3.13575
68.3091 2.1363
68.4409 1.1388
68.5726 0.344478
68.7044 -0.0800934
68.8361 -0.0800237
68.9679 0.22338
69.0996 0.552419
69.2314 0.603472
69.3631 0.219046
69.4949 -0.52155
69.6266 -1.3648
69.7584 -2.05089
69.8901 -2.45723
70.0219 -2.61893
70.1536 -2.63991
70.2854 -2.59475
70.4171 -2.50541
70.5489 -2.38638
70.6806 -2.28318
70.8124 -2.2499
70.9442 -2.29073
71.0759 -2.33792
71.2077 -2.30218
71.3394 -2.15064
71.4712 -1.93216
71.6029 -1.71946
71.7347 -1.52329
71.8664 -1.26571
71.9982 -0.842707
72.1299 -0.217634
72.2617 0.542593
72.3934 1.31955
72.5252 2.02875
72.6569 2.65685
72.7887 3.22415
72.9204 3.72316
73.0522 4.10258
73.1839 4.31098
73.3157 4.34764
73.4474 4.26164
73.5792 4.09865
73.711 3.85412
73.8427 3.48575
73.9745 2.97368
74.1062 2.36335
74.238 1.74107
74.3697 1.16294
74.5015 0.608511
74.6332 0.0083642
74.765 -0.678732
74.8967 -1.41325
75.0285 -2.09579
75.1602 -2.63751
75.292 -3.01075
75.4237 -3.23648
75.5555 -3.33309
75.6872 -3.28801
75.819 -3.08305
75.9507 -2.74266
76.0825 -2.34705
76.2142 -1.98981
76.346 -1.71871
76.4778 -1.51647
76.6095 -1.33629
76.7413 -1.15049
76.873 -0.961131
77.0048 -0.766825
77.1365 -0.530582
77.2683 -0.193401
77.4 0.27287
77.5318 0.826394
77.6635 1.37368
77.7953 1.83247
77.927 2.18117
78.0588 2.451
78.1905 2.67426
78.3223 2.84397
78.454 2.92243
78.5858 2.88307
78.7175 2.73742
78.8493 2.52175
78.981 2.26562
79.1128 1.98273
79.2445 1.69179
79.3763 1.43176
79.5081 1.23595
79.6398 1.07896
79.7716 0.855876
79.9033 0.437417
80.0351 -0.219913
80.1668 -1.03654
80.2986 -1.80508
80.4303 -2.32265
80.5621 -2.54037
80.6938 -2.4216
80.8256 -2.05599
80.9573 -1.56931
81.0891 -0.991146
81.2208 -0.404323
81.3526 0.0386547
81.4843 0.229629
81.6161 0.117013
81.7478 -0.160851
81.8796 -0.406988
82.0113 -0.523586
82.1431 -0.435012
82.2749 -0.337249
82.4066 -0.300126
82.5384 -0.422665
82.6701 -0.541876
82.8019 -0.567876
82.9336 -0.501303
83.0654 -0.315134
83.1971 -0.113002
83.3289 0.123737
83.4606 0.408934
83.5924 0.796492
83.7241 1.19606
83.8559 1.50143
83.9876 1.61103
84.1194 1.54827
84.2511 1.38728
84.3829 1.1724
84.5146 1.00773
84.6464 0.846051
84.7781 0.736382
84.9099 0.702894
85.0417 0.791421
85.1734 0.93644
85.3052 1.0223
85.4369 0.863239
85.5687 0.512297
85.7004 0.0537636
85.8322 -0.330828
85.9639 -0.537708
86.0957 -0.620894
86.2274 -0.614397
86.3592 -0.591606
86.4909 -0.510666
86.6227 -0.448563
86.7544 -0.356578
86.8862 -0.320794
87.0179 -0.342102
87.1497 -0.358552
87.2814 -0.288084
87.4132 -0.15289
87.5449 -0.0407514
87.6767 -0.00650211
87.8084 -0.0952526
87.9402 -0.25092
88.072 -0.410149
88.2037 -0.478554
88.3355 -0.467311
88.4672 -0.332597
88.599 -0.21432
88.7307 -0.0560216
88.8625 0.136679
88.9942 0.338647
89.126 0.475811
89.2577 0.531418
89.3895 0.523143
89.5212 0.512581
89.653 0.48193
89.7847 0.450978
89.9165 0.406143
90.0482 0.373116
90.18 0.362965
90.3117 0.431954
90.4435 0.517217
90.5752 0.585851
90.707 0.565232
90.8388 0.429328
90.9705 0.292939
91.1023 0.202432
91.234 0.181603
91.3658 0.16675
91.4975 0.120557
91.6293 -0.0234929
91.761 -0.146318
91.8928 -0.225082
92.0245 -0.183965
92.1563 -0.0814633
92.288 0.00278104
92.4198 -0.0193904
92.5515 -0.175057
92.6833 -0.28967
92.815 -0.336895
92.9468 -0.290241
93.0785 -0.222965
93.2103 -0.131762
93.342 -0.0804311
93.4738 -0.0745396
93.6056 -0.0959648
93.7373 -0.141108
93.8691 -0.127288
94.0008 -0.156981
94.1326 -0.171268
94.2643 -0.0934068
94.3961 0.0506547
94.5278 0.240695
94.6596 0.358872
94.7913 0.382038
94.9231 0.31363
95.0548 0.174601
95.1866 0.0657131
95.3183 -0.037748
95.4501 -0.0944667
95.5818 -0.0908762
95.7136 -0.0733229
95.8453 -0.0217343
95.9771 0.0137151
96.1088 0.0151823
96.2406 0.05555
96.3723 0.0278081
96.5041 0.0430502
96.6359 0.128489
96.7676 0.24205
96.8994 0.328101
97.0311 0.375711
97.1629 0.366598
97.2946 0.306951
97.4264 0.265188
97.5581 0.224294
97.6899 0.208965
97.8216 0.194971
97.9534 0.144021
98.0851 0.101907
98.2169 0.0676893
98.3486 0.00554179
98.4804 -0.0273216
98.6121 -0.0194733
98.7439 -0.0217768
98.8756 0.0130588
99.0074 0.0358695
99.1391 0.0271134
99.2709 0.00773583
99.4027 -0.050894
99.5344 -0.107366
99.6662 -0.159551
99.7979 -0.151646
99.9297 -0.123912
100.061 -0.0769067
100.193 -0.0829628
100.325 -0.100744
100.457 -0.0876829
100.588 -0.0913837
100.72 -0.0603045
100.852 -0.0560654
100.984 -0.0353022
101.115 0.00944418
101.247 0.12524
101.379 0.218347
101.511 0.289896
101.642 0.288721
101.774 0.252668
101.906 0.199609
102.038 0.167528
102.169 0.140497
102.301 0.14725
102.433 0.177558
102.565 0.222548
102.696 0.261151
102.828 0.284365
102.96 0.205432
103.092 0.102977
103.223 -0.03231
103.355 -0.127725
103.487 -0.178944
103.619 -0.157736
103.75 -0.111232
103.882 -0.0621699
104.014 -0.0196153
104.146 -0.0158172
104.277 -0.0144436
104.409 -0.0325529
104.541 -0.076436
104.673 -0.109544
104.804 -0.151043
104.936 -0.118383
105.068 -0.0380868
105.2 0.0529613
105.332 0.172656
105.463 0.228022
105.595 0.225533
105.727 0.174638
105.859 0.127674
105.99 0.0620625
106.122 0.025032
106.254 -0.000969802
106.386 -0.0308757
106.517 -0.0930247
106.649 -0.149678
106.781 -0.147229
106.913 -0.0869123
107.044 -0.0572058
107.176 -0.00992108
107.308 0.0136913
107.44 0.0118752
107.571 0.0337696
107.703 0.0177143
107.835 0.0199281
107.967 -0.0088898
108.098 -0.0427481
108.23 -0.0221179
108.362 -0.0295443
108.494 -0.0136121
108.625 0.00858087
108.757 0.00390335
108.889 0.00207148
109.021 0.0225326
109.152 0.00875107
109.284 0.0134873
109.416 -0.0237564
109.548 0.00953831
109.679 -0.0233435
109.811 0.00429384
109.943 0.00538692
110.075 -0.00825419
110.206 -0.0106025
110.338 0.00954506
110.47 0.0238796
110.602 0.0273808
110.733 0.0190333
110.865 0.00339173
110.997 -0.0233257
111.129 -0.0239881
111.26 0.00562525
111.392 0.0059885
111.524 -0.00941423
111.656 0.00155477
111.787 0.00263943
111.919 0.00321647
112.051 0.0034431
112.183 0.00549066
112.314 0.00866579
112.446 0.0110717
112.578 0.00164901
112.71 -0.00717019
112.841 0.000406033
112.973 -0.00404527
113.105 0.00475066
113.237 0.00475066
113.368 0.00475066
113.5 0.00475066
113.632 0.00475066
113.764 0.00475066
113.895 0.00475066
114.027 0.00475066
114.159 0.00475066
114.291 0.00475066
114.422 0.00475066
114.554 0.00475066
114.686 0.00475066
114.818 0.00475066
114.949 0.00475066
115.081 0.00475066
115.213 0.00475066
115.345 0.00475066
115.476 0.00475066
115.608 0.00475066
115.74 0.00475066
115.872 0.00475066
116.003 0.00475066
116.135 0.00475066
116.267 0.00475066
116.399 0.00475066
116.53 0.00475066
116.662 0.00475066
116.794 0.00475066
116.926 0.00475066
117.057 0.00475066
117.189 0.00475066
117.321 0.00475066
117.453 0.00475066
117.584 0.00475066
117.716 0.00475066
117.848 0.00475066
117.98 0.00475066
118.111 0.00475066
118.243 0.00475066
118.375 0.00475066
118.507 0.00475066
118.638 0.00475066
118.77 0.00475066
118.902 0.00475066
119.034 0.00475066
119.165 0.00475066
119.297 0.00475066
119.429 0.00475066
119.561 0.00475066
119.693 0.00475066
119.824 0.00475066
119.956 0.00475066
120.088 0.00475066
120.22 0.00475066
120.351 0.00475066
120.483 0.00475066
120.615 0.00475066
120.747 0.00475066
120.878 0.00475066
121.01 0.00475066
121.142 0.00475066
121.274 0.00475066
121.405 0.00475066
121.537 0.00475066
121.669 0.00475066
121.801 0.00475066
121.932 0.00475066
122.064 0.00475066
122.196 0.00475066
122.328 0.00475066
122.459 0.00475066
122.591 0.00475066
122.723 0.00475066
122.855 0.00475066
122.986 0.00475066
123.118 0.00475066
123.25 0.00475066
123.382 0.00475066
123.513 0.00475066
123.645 0.00475066
123.777 0.00475066
123.909 0.00475066
124.04 0.00475066
124.172 0.00475066
124.304 0.00475066
124.436 0.00475066
124.567 0.00475066
124.699 0.00475066
124.831 0.00475066
124.963 0.00475066
125.094 0.00475066
125.226 0.00475066
125.358 0.00475066
125.49 0.00475066
125.621 0.00475066
125.753 0.00475066
125.885 0.00475066
126.017 0.00475066
126.148 0.00475066
126.28 0.00475066
126.412 0.00475066
126.544 0.00475066
126.675 0.00475066
126.807 0.00475066
126.939 0.00475066
127.071 0.00475066
127.202 0.00475066
127.334 0.00475066
127.466 0.00475066
127.598 0.00475066
127.729 0.00475066
127.861 0.00475066
127.993 0.00475066
128.125 0.00475066
128.256 0.00475066
128.388 0.00475066
128.52 0.00475066
128.652 0.00475066
128.783 0.00475066
128.915 0.00475066
129.047 0.00475066
129.179 0.00475066
129.31 0.00475066
129.442 0.00475066
129.574 0.00475066
129.706 0.00475066
129.837 0.00475066
129.969 0.00475066
130.101 0.00475066
130.233 0.00475066
130.364 0.00475066
130.496 0.00475066
130.628 0.00475066
130.76 0.00475066
130.891 0.00475066
131.023 0.00475066
131.155 0.00475066
131.287 0.00475066
131.418 0.00475066
131.55 0.00475066
131.682 0.00475066
131.814 0.00475066
