-4.0265 -0.0053427
-3.89475 -0.0100588
-3.763 0.0107027
-3.63125 0.0347399
-3.49949 0.0278388
-3.36774 -0.0413426
-3.23599 -0.0571754
-3.10424 -0.109425
-2.97248 -0.14151
-2.84073 -0.194583
-2.70898 -0.25517
-2.57723 -0.217169
-2.44548 -0.105429
-2.31372 0.0300039
-2.18197 0.199992
-2.05022 0.292564
-1.91847 0.278261
-1.78671 0.220062
-1.65496 0.171162
-1.52321 0.104192
-1.39146 0.0964744
-1.2597 0.0960812
-1.12795 0.0229455
-0.9962 0.00456192
-0.864448 0.0549652
-0.732695 0.0882576
-0.600943 0.122767
-0.469191 0.128945
-0.337439 0.201139
-0.205686 0.23108
-0.0739339 0.250578
0.0578184 0.24485
0.189571 0.228704
0.321323 0.181713
0.453075 0.132441
0.584828 0.0652529
0.71658 -0.043171
0.848332 -0.0756904
0.980085 -0.0527834
1.11184 0.0245905
1.24359 0.107925
1.37534 0.209778
1.50709 0.22344
1.63885 0.221605
1.7706 0.230243
1.90235 0.222351
2.0341 0.225145
2.16586 0.228776
2.29761 0.212757
2.42936 0.129479
2.56111 -0.0126717
2.69286 -0.12299
2.82462 -0.208823
2.95637 -0.246493
3.08812 -0.234528
3.21987 -0.176044
3.35163 -0.0846188
3.48338 0.0443841
3.61513 0.133966
3.74688 0.194481
3.87864 0.209793
4.01039 0.239677
4.14214 0.276523
4.27389 0.305035
4.40564 0.293985
4.5374 0.196585
4.66915 0.10103
4.8009 0.0826136
4.93265 0.11909
5.06441 0.176196
5.19616 0.243935
5.32791 0.309115
5.45966 0.370169
5.59142 0.339053
5.72317 0.221841
5.85492 0.0859865
5.98667 -0.0646075
6.11842 -0.232672
6.25018 -0.258648
6.38193 -0.125097
6.51368 0.0980101
6.64543 0.318325
6.77719 0.375096
6.90894 0.272818
7.04069 0.110135
7.17244 -0.036256
7.3042 -0.0764888
7.43595 -0.0398232
7.5677 0.00172533
7.69945 0.0182058
7.8312 0.0191109
7.96296 0.0372526
8.09471 0.104994
8.22646 0.20394
8.35821 0.273987
8.48997 0.346888
8.62172 0.37759
8.75347 0.393251
8.88522 0.386156
9.01698 0.316472
9.14873 0.13828
9.28048 0.0095947
9.41223 -0.0301098
9.54398 0.0317345
9.67574 0.19638
9.80749 0.327931
9.93924 0.422698
10.071 0.436782
10.2027 0.363064
10.3345 0.285925
10.4663 0.181173
10.598 0.0630394
10.7298 -0.0392316
10.8615 -0.125975
10.9933 -0.0828644
11.125 0.109958
11.2568 0.296215
11.3885 0.446093
11.5203 0.48252
11.652 0.346104
11.7838 0.14005
11.9155 -0.00383038
12.0473 -0.0960338
12.179 -0.0804646
12.3108 -0.134363
12.4425 -0.113792
12.5743 -0.0345843
12.706 0.122862
12.8378 0.280562
12.9695 0.392617
13.1013 0.382716
13.233 0.304266
13.3648 0.170577
13.4966 0.0893422
13.6283 0.0905989
13.7601 0.0893855
13.8918 0.159952
14.0236 0.263271
14.1553 0.314088
14.2871 0.352553
14.4188 0.388245
14.5506 0.40141
14.6823 0.41819
14.8141 0.502988
14.9458 0.65601
15.0776 0.719818
15.2093 0.668578
15.3411 0.520482
15.4728 0.351592
15.6046 0.253793
15.7363 0.126074
15.8681 -0.0075381
15.9998 -0.195066
16.1316 -0.356044
16.2634 -0.406848
16.3951 -0.218538
16.5269 0.0828281
16.6586 0.316816
16.7904 0.354688
16.9221 0.242984
17.0539 0.14041
17.1856 0.114233
17.3174 0.158131
17.4491 0.143303
17.5809 0.0621673
17.7126 -0.0460207
17.8444 -0.0103273
17.9761 0.217003
18.1079 0.522368
18.2396 0.748595
18.3714 0.740267
18.5031 0.531965
18.6349 0.282036
18.7666 0.178682
18.8984 0.18883
19.0302 0.147054
19.1619 -0.0133933
19.2937 -0.173497
19.4254 -0.210308
19.5572 -0.0174878
19.6889 0.343274
19.8207 0.712141
19.9524 0.904338
20.0842 0.842539
20.2159 0.590837
20.3477 0.317116
20.4794 0.090934
20.6112 -0.0660714
20.7429 -0.164925
20.8747 -0.141057
21.0064 0.0624556
21.1382 0.398847
21.2699 0.717593
21.4017 0.840511
21.5334 0.683619
21.6652 0.341834
21.7969 0.00556274
21.9287 -0.163305
22.0605 -0.245293
22.1922 -0.298177
22.324 -0.288182
22.4557 -0.155257
22.5875 0.0926136
22.7192 0.385647
22.851 0.552397
22.9827 0.503652
23.1145 0.342238
23.2462 0.126036
23.378 -0.00556914
23.5097 -0.0668839
23.6415 -0.102147
23.7732 -0.109798
23.905 -0.00330092
24.0367 0.255771
24.1685 0.607892
24.3002 0.86332
24.432 0.862068
24.5637 0.632752
24.6955 0.388531
24.8273 0.342399
24.959 0.510738
25.0908 0.699508
25.2225 0.693437
25.3543 0.464971
25.486 0.195629
25.6178 0.088734
25.7495 0.163249
25.8813 0.237709
26.013 0.119199
26.1448 -0.196944
26.2765 -0.519844
26.4083 -0.651026
26.54 -0.569495
26.6718 -0.423805
26.8035 -0.34815
26.9353 -0.306505
27.067 -0.13684
27.1988 0.250427
27.3305 0.737033
27.4623 1.08069
27.5941 1.14087
27.7258 1.01108
27.8576 0.912923
27.9893 0.957167
28.1211 1.02365
28.2528 0.893078
28.3846 0.497767
28.5163 0.0247819
28.6481 -0.249116
28.7798 -0.230022
28.9116 -0.104365
29.0433 -0.1506
29.1751 -0.448704
29.3068 -0.782601
29.4386 -0.838628
29.5703 -0.502152
29.7021 0.0442254
29.8338 0.510723
29.9656 0.7721
30.0973 0.938432
30.2291 1.16497
30.3608 1.42414
30.4926 1.50222
30.6244 1.2341
30.7561 0.719199
30.8879 0.265667
31.0196 0.0971596
31.1514 0.123
31.2831 0.0272312
31.4149 -0.394339
31.5466 -0.989895
31.6784 -1.36218
31.8101 -1.23628
31.9419 -0.716152
32.0736 -0.168437
32.2054 0.145248
32.3371 0.304385
32.4689 0.58904
32.6006 1.11759
32.7324 1.65863
32.8641 1.83372
32.9959 1.50904
33.1276 0.958846
33.2594 0.611124
33.3912 0.62694
33.5229 0.75294
33.6547 0.609492
33.7864 0.115338
33.9182 -0.406427
34.0499 -0.566461
34.1817 -0.337761
34.3134 -0.105395
34.4452 -0.258478
34.5769 -0.74366
34.7087 -1.06942
34.8404 -0.791908
34.9722 0.00763783
35.1039 0.766426
35.2357 0.987421
35.3674 0.731137
35.4992 0.523365
35.6309 0.75538
35.7627 1.21262
35.8944 1.27028
36.0262 0.598587
36.158 -0.361671
36.2897 -0.718447
36.4215 -0.00112079
36.5532 1.27694
36.685 1.98344
36.8167 1.35517
36.9485 -0.36103
37.0802 -2.26068
37.212 -3.72842
37.3437 -4.88793
37.4755 -5.92864
37.6072 -5.95045
37.739 -2.76822
37.8707 5.50885
38.0025 17.9812
38.1342 29.6343
38.266 32.8092
38.3977 21.1387
38.5295 -6.28792
38.6612 -43.0984
38.793 -77.2884
38.9247 -95.5158
39.0565 -88.0889
39.1883 -52.8495
39.32 3.15059
39.4518 64.7807
39.5835 113.013
39.7153 131.501
39.847 113.35
39.9788 64.701
40.1105 2.54664
40.2423 -52.8331
40.374 -86.9176
40.5058 -96.2991
40.6375 -87.4541
40.7693 -70.4602
40.901 -52.4187
41.0328 -34.9205
41.1645 -16.2955
41.2963 4.31555
41.428 24.8693
41.5598 41.7071
41.6915 52.4065
41.8233 57.2427
41.9551 58.019
42.0868 55.7151
42.2186 49.4381
42.3503 37.7008
42.4821 20.659
42.6138 1.00349
42.7456 -17.4347
42.8773 -32.0599
43.0091 -42.6504
43.1408 -50.3083
43.2726 -55.4094
43.4043 -56.6605
43.5361 -52.2134
43.6678 -41.7339
43.7996 -27.3875
43.9313 -12.7377
44.0631 -0.511682
44.1948 8.8127
44.3266 16.4924
44.4583 23.7613
44.5901 30.5258
44.7218 35.5735
44.8536 37.8271
44.9854 37.2731
45.1171 34.7157
45.2489 30.7839
45.3806 25.3349
45.5124 17.8795
45.6441 8.53675
45.7759 -1.52964
45.9076 -10.6871
46.0394 -17.8736
46.1711 -23.1002
46.3029 -26.9853
46.4346 -29.8586
46.5664 -31.3577
46.6981 -30.8753
46.8299 -28.3278
46.9616 -24.4096
47.0934 -20.0624
47.2251 -15.7109
47.3569 -11.0499
47.4886 -5.59017
47.6204 0.600786
47.7522 6.71856
47.8839 11.778
48.0157 15.3486
48.1474 17.7549
48.2792 19.581
48.4109 21.0073
48.5427 21.6383
48.6744 20.9588
48.8062 18.9224
48.9379 16.0746
49.0697 13.1048
49.2014 10.2916
49.3332 7.3861
49.4649 4.017
49.5967 0.184223
49.7284 -3.64581
49.8602 -6.91084
49.9919 -9.40281
50.1237 -11.3709
50.2554 -13.2235
50.3872 -15.1527
50.519 -17.0183
50.6507 -18.5133
50.7825 -19.3544
50.9142 -19.2884
51.046 -17.9929
51.1777 -15.1236
51.3095 -10.6111
51.4412 -4.98416
51.573 0.638874
51.7047 5.01794
51.8365 7.43612
51.9682 8.05186
52.1 7.70507
52.2317 7.35351
52.3635 7.57251
52.4952 8.42832
52.627 9.68749
52.7587 11.0848
52.8905 12.4264
53.0222 13.5366
53.154 14.2067
53.2857 14.2442
53.4175 13.5611
53.5493 12.1804
53.681 10.1409
53.8128 7.41271
53.9445 3.94052
54.0763 -0.206287
54.208 -4.72407
54.3398 -9.12826
54.4715 -12.9379
54.6033 -15.838
54.735 -17.7022
54.8668 -18.5024
54.9985 -18.238
55.1303 -16.9639
55.262 -14.8685
55.3938 -12.2851
55.5255 -9.58736
55.6573 -7.04786
55.789 -4.77458
55.9208 -2.75544
56.0525 -0.929447
56.1843 0.802332
56.3161 2.60879
56.4478 4.70023
56.5796 7.18212
56.7113 9.88082
56.8431 12.3184
56.9748 13.9221
57.1066 14.3487
57.2383 13.6776
57.3701 12.3172
57.5018 10.7054
57.6336 9.05282
57.7653 7.31923
57.8971 5.39966
58.0288 3.31991
58.1606 1.26974
58.2923 -0.521548
58.4241 -1.92108
58.5558 -2.91826
58.6876 -3.55924
58.8193 -3.90111
58.9511 -4.04582
59.0829 -4.18974
59.2146 -4.57919
59.3464 -5.35705
59.4781 -6.42195
59.6099 -7.44515
59.7416 -8.06128
59.8734 -8.08914
60.0051 -7.60877
60.1369 -6.85223
60.2686 -6.02681
60.4004 -5.22385
60.5321 -4.45256
60.6639 -3.70644
60.7956 -2.96125
60.9274 -2.11686
61.0591 -0.992733
61.1909 0.552795
61.3226 2.45431
61.4544 4.38914
61.5861 5.93495
61.7179 6.83639
61.8496 7.16533
61.9814 7.23803
62.1132 7.36203
62.2449 7.62813
62.3767 7.90644
62.5084 8.00947
62.6402 7.84436
62.7719 7.4188
62.9037 6.7352
63.0354 5.72323
63.1672 4.30722
63.2989 2.5454
63.4307 0.684271
63.5624 -0.955755
63.6942 -2.18147
63.8259 -3.04212
63.9577 -3.7608
64.0894 -4.54811
64.2212 -5.45818
64.3529 -6.38797
64.4847 -7.18178
64.6164 -7.72454
64.7482 -7.95495
64.88 -7.83268
65.0117 -7.33479
65.1435 -6.49881
65.2752 -5.45121
65.407 -4.3594
65.5387 -3.32878
65.6705 -2.3399
65.8022 -1.29503
65.934 -0.136979
66.0657 1.07432
66.1975 2.20331
66.3292 3.15549
66.461 3.94886
66.5927 4.6662
66.7245 5.33881
66.8562 5.88543
66.988 6.17468
67.1197 6.1511
67.2515 5.89707
67.3832 5.56596
67.515 5.25225
67.6468 4.92713
67.7785 4.49976
67.9103 3.93583
68.042 3.30889
68.1738 2.73272
68.3055 2.24723
68.4373 1.77715
68.569 1.20611
68.7008 0.48957
68.8325 -0.307365
68.9643 -1.08014
69.096 -1.78431
69.2278 -2.45901
69.3595 -3.1534
69.4913 -3.8391
69.623 -4.40618
69.7548 -4.75106
69.8865 -4.86685
70.0183 -4.84275
70.15 -4.77181
70.2818 -4.65906
70.4135 -4.41963
70.5453 -3.96455
70.6771 -3.28725
70.8088 -2.47166
70.9406 -1.62724
71.0723 -0.825859
71.2041 -0.0976947
71.3358 0.532715
71.4676 1.03465
71.5993 1.40925
71.7311 1.7266
71.8628 2.09096
71.9946 2.53562
72.1263 2.94513
72.2581 3.11242
72.3898 2.92911
72.5216 2.5669
72.6533 2.4718
72.7851 3.1137
72.9168 4.62593
73.0486 6.58053
73.1803 8.082
73.3121 8.16884
73.4439 6.32125
73.5756 2.80374
73.7074 -1.34804
73.8391 -4.71368
73.9709 -6.08579
74.1026 -5.00831
74.2344 -1.99368
74.3661 1.70362
74.4979 4.65739
74.6296 5.89139
74.7614 5.22377
74.8931 3.17364
75.0249 0.54297
75.1566 -2.02246
75.2884 -4.22282
75.4201 -5.9984
75.5519 -7.31001
75.6836 -8.03516
75.8154 -8.05561
75.9471 -7.41242
76.0789 -6.34505
76.2107 -5.15649
76.3424 -4.02438
76.4742 -2.93195
76.6059 -1.77496
76.7377 -0.531103
76.8694 0.675045
77.0012 1.66833
77.1329 2.37671
77.2647 2.88677
77.3964 3.34857
77.5282 3.82805
77.6599 4.2535
77.7917 4.5049
77.9234 4.55298
78.0552 4.50841
78.1869 4.53102
78.3187 4.68223
78.4504 4.85225
78.5822 4.82073
78.7139 4.39474
78.8457 3.51917
78.9774 2.30103
79.1092 0.965703
79.241 -0.209575
79.3727 -0.968172
79.5045 -1.16175
79.6362 -0.838251
79.768 -0.26804
79.8997 0.152124
80.0315 0.0970953
80.1632 -0.504324
80.295 -1.43555
80.4267 -2.33873
80.5585 -2.93446
80.6902 -3.15369
80.822 -3.10213
80.9537 -2.91991
81.0855 -2.67409
81.2172 -2.36652
81.349 -2.01729
81.4807 -1.71543
81.6125 -1.57345
81.7442 -1.62836
81.876 -1.78935
82.0078 -1.88737
82.1395 -1.78543
82.2713 -1.45558
82.403 -0.967123
82.5348 -0.414403
82.6665 0.1432
82.7983 0.685947
82.93 1.20342
83.0618 1.67744
83.1935 2.09716
83.3253 2.47966
83.457 2.86118
83.5888 3.26
83.7205 3.64825
83.8523 3.96375
83.984 4.15152
84.1158 4.19382
84.2475 4.10231
84.3793 3.88786
84.511 3.54583
84.6428 3.07275
84.7746 2.49091
84.9063 1.84657
85.0381 1.17903
85.1698 0.495601
85.3016 -0.214487
85.4333 -0.937255
85.5651 -1.60985
85.6968 -2.14987
85.8286 -2.51736
85.9603 -2.74839
86.0921 -2.92046
86.2238 -3.07649
86.3556 -3.17963
86.4873 -3.14568
86.6191 -2.9262
86.7508 -2.56512
86.8826 -2.17544
87.0143 -1.85814
87.1461 -1.63715
87.2778 -1.46394
87.4096 -1.2757
87.5413 -1.04458
87.6731 -0.774625
87.8049 -0.463883
87.9366 -0.0837444
88.0684 0.396866
88.2001 0.968932
88.3319 1.57109
88.4636 2.12368
88.5954 2.57501
88.7271 2.91423
88.8589 3.14403
88.9906 3.25112
89.1224 3.2122
89.2541 3.02856
89.3859 2.74564
89.5176 2.42853
89.6494 2.11675
89.7811 1.80991
89.9129 1.50375
90.0446 1.23385
90.1764 1.06417
90.3081 1.00505
90.4399 0.974071
90.5717 0.778189
90.7034 0.26757
90.8352 -0.533034
90.9669 -1.39687
91.0987 -2.05231
91.2304 -2.31849
91.3622 -2.21212
91.4939 -1.93312
91.6257 -1.59341
91.7574 -1.26477
91.8892 -0.866612
92.0209 -0.430153
92.1527 -0.00270817
92.2844 0.266072
92.4162 0.275687
92.5479 0.067787
92.6797 -0.215987
92.8114 -0.4842
92.9432 -0.745276
93.0749 -0.971633
93.2067 -1.08632
93.3385 -1.01276
93.4702 -0.730918
93.602 -0.25642
93.7337 0.214801
93.8655 0.584767
93.9972 0.772057
94.129 0.849949
94.2607 0.974308
94.3925 1.10782
94.5242 1.26624
94.656 1.35975
94.7877 1.35177
94.9195 1.31957
95.0512 1.26398
95.183 1.25766
95.3147 1.1813
95.4465 1.08247
95.5782 0.966841
95.71 0.920798
95.8417 0.926673
95.9735 0.920092
96.1052 0.739559
96.237 0.418868
96.3688 0.070639
96.5005 -0.154535
96.6323 -0.181633
96.764 -0.193289
96.8958 -0.213877
97.0275 -0.352671
97.1593 -0.50745
97.291 -0.569116
97.4228 -0.565966
97.5545 -0.502098
97.6863 -0.430015
97.818 -0.449186
97.9498 -0.465549
98.0815 -0.414367
98.2133 -0.327143
98.345 -0.258619
98.4768 -0.191848
98.6085 -0.185188
98.7403 -0.140558
98.872 0.0476602
99.0038 0.215858
99.1356 0.270126
99.2673 0.241463
99.3991 0.136276
99.5308 0.0728584
99.6626 0.0352005
99.7943 0.135443
99.9261 0.275284
100.058 0.394974
100.19 0.453786
100.321 0.495424
100.453 0.520532
100.585 0.548137
100.717 0.593633
100.848 0.557635
100.98 0.510827
101.112 0.494495
101.244 0.537177
101.375 0.546423
101.507 0.550948
101.639 0.469946
101.771 0.345413
101.902 0.283071
102.034 0.270432
102.166 0.257363
102.298 0.193455
102.429 0.118965
102.561 0.0925605
102.693 0.10219
102.825 0.172244
102.956 0.222886
103.088 0.182051
103.22 0.0362857
103.352 -0.151858
103.483 -0.323935
103.615 -0.383833
103.747 -0.374043
103.879 -0.318241
104.01 -0.281772
104.142 -0.233879
104.274 -0.150441
104.406 -0.0340586
104.537 0.107666
104.669 0.163402
104.801 0.0925412
104.933 -0.0185784
105.064 -0.0978683
105.196 -0.150972
105.328 -0.207632
105.46 -0.287987
105.591 -0.285378
105.723 -0.173796
105.855 -0.0130627
105.987 0.172531
106.118 0.371911
106.25 0.448049
106.382 0.425903
106.514 0.38458
106.645 0.357855
106.777 0.408143
106.909 0.466095
107.041 0.454842
107.172 0.389359
107.304 0.27059
107.436 0.158558
107.568 0.0982279
107.699 0.0849812
107.831 0.107541
107.963 0.154542
108.095 0.197071
108.226 0.218203
108.358 0.230038
108.49 0.184295
108.622 0.152172
108.753 0.13867
108.885 0.145307
109.017 0.167498
109.149 0.21859
109.28 0.16879
109.412 0.0602852
109.544 -0.0473063
109.676 -0.151891
109.807 -0.181115
109.939 -0.201988
110.071 -0.192142
110.203 -0.118412
110.334 -0.0419013
110.466 0.0445402
110.598 0.0903946
110.73 0.0688485
110.862 0.0483328
110.993 0.00378189
111.125 -0.0553452
111.257 -0.0421012
111.389 -0.047928
111.52 -0.0759268
111.652 -0.0507734
111.784 0.00726445
111.916 0.0391082
112.047 0.0706416
112.179 0.0259667
112.311 0.0817196
112.443 0.130131
112.574 0.216649
112.706 0.288251
112.838 0.324527
112.97 0.273783
113.101 0.190585
113.233 0.0890821
113.365 0.0541098
113.497 0.0348958
113.628 -0.00190408
113.76 0.00457511
113.892 -0.0216387
114.024 -0.0247042
114.155 0.0749849
114.287 0.187513
114.419 0.242357
114.551 0.244015
114.682 0.212521
114.814 0.140929
114.946 0.0312528
115.078 -0.0207436
115.209 -0.0496761
115.341 -0.0608214
115.473 -0.0468969
115.605 -0.0299741
115.736 0.0676614
115.868 0.121714
116 0.111208
116.132 0.0126043
116.263 -0.0984638
116.395 -0.223162
116.527 -0.260319
116.659 -0.195833
116.79 -0.0701931
116.922 0.0339015
117.054 0.0603869
117.186 0.0611278
117.317 0.0568124
117.449 0.0891776
117.581 0.0959725
117.713 0.0872929
117.844 0.0298845
117.976 -0.0376508
118.108 -0.0717551
118.24 -0.0969697
118.371 -0.0921716
118.503 -0.0602111
118.635 -0.00159478
118.767 0.0216806
118.898 0.0215433
119.03 0.0378178
119.162 0.06222
119.294 0.0556461
119.425 0.0709087
119.557 0.103986
119.689 0.132323
119.821 0.100174
119.952 0.0159944
120.084 -0.0552577
120.216 -0.0539681
120.348 -0.0199956
120.479 0.0166079
120.611 0.0149098
120.743 0.00229708
120.875 -0.00164673
121.006 0.0166145
121.138 0.0500992
121.27 0.0622371
121.402 0.0356031
121.533 0.000992518
121.665 -0.0120687
121.797 -0.00351972
121.929 -0.026342
122.06 -0.0184675
122.192 0.0131678
122.324 0.0261919
122.456 0.0145376
122.587 0.0114494
122.719 0.00590204
122.851 0.0183012
122.983 0.0399712
123.114 0.00875675
123.246 0.00381188
123.378 -0.00577173
123.51 -0.00174443
123.641 0.00692012
123.773 0.0136389
123.905 0.00577935
124.037 0.00577935
124.168 0.00577935
124.3 0.00577935
124.432 0.00577935
124.564 0.00577935
124.695 0.00577935
124.827 0.00577935
124.959 0.00577935
125.091 0.00577935
125.223 0.00577935
125.354 0.00577935
125.486 0.00577935
125.618 0.00577935
125.75 0.00577935
125.881 0.00577935
126.013 0.00577935
126.145 0.00577935
126.277 0.00577935
126.408 0.00577935
126.54 0.00577935
126.672 0.00577935
126.804 0.00577935
126.935 0.00577935
127.067 0.00577935
127.199 0.00577935
127.331 0.00577935
127.462 0.00577935
127.594 0.00577935
127.726 0.00577935
127.858 0.00577935
127.989 0.00577935
128.121 0.00577935
128.253 0.00577935
128.385 0.00577935
128.516 0.00577935
128.648 0.00577935
128.78 0.00577935
128.912 0.00577935
129.043 0.00577935
129.175 0.00577935
129.307 0.00577935
129.439 0.00577935
129.57 0.00577935
129.702 0.00577935
129.834 0.00577935
129.966 0.00577935
130.097 0.00577935
130.229 0.00577935
130.361 0.00577935
130.493 0.00577935
130.624 0.00577935
130.756 0.00577935
