-2.32119 0.625955
-2.18944 0.560179
-2.05769 0.540044
-1.92593 0.552316
-1.79418 0.421589
-1.66243 0.157374
-1.53068 -0.189282
-1.39892 -0.43634
-1.26717 -0.459481
-1.13542 -0.332968
-1.00367 -0.220698
-0.871916 -0.20006
-0.740163 -0.145417
-0.608411 0.0333222
-0.476659 0.488086
-0.344906 1.03612
-0.213154 1.46636
-0.0814018 1.62227
0.0503505 1.46754
0.182103 1.02373
0.313855 0.510464
0.445607 0.00704263
0.57736 -0.453972
0.709112 -0.743084
0.840864 -0.852117
0.972617 -0.720397
1.10437 -0.462073
1.23612 -0.227876
1.36787 -0.276675
1.49963 -0.287774
1.63138 -0.207465
1.76313 0.137439
1.89488 0.658177
2.02664 1.0762
2.15839 1.1964
2.29014 0.966836
2.42189 0.554472
2.55364 0.150523
2.6854 -0.0553831
2.81715 -0.209104
2.9489 -0.331909
3.08065 -0.524767
3.21241 -0.676679
3.34416 -0.67806
3.47591 -0.494972
3.60766 -0.0936531
3.73942 0.380423
3.87117 0.711472
4.00292 0.88571
4.13467 0.849417
4.26642 0.715922
4.39818 0.659344
4.52993 0.773093
4.66168 1.0287
4.79343 1.22457
4.92519 1.24747
5.05694 0.956019
5.18869 0.483349
5.32044 0.0593516
5.4522 -0.15899
5.58395 -0.212196
5.7157 -0.188965
5.84745 -0.248368
5.9792 -0.420536
6.11096 -0.585093
6.24271 -0.527743
6.37446 -0.29599
6.50621 -0.10876
6.63797 -0.162928
6.76972 -0.444812
6.90147 -0.663468
7.03322 -0.676406
7.16498 -0.333527
7.29673 0.209732
7.42848 0.727368
7.56023 1.07611
7.69198 1.33673
7.82374 1.49143
7.95549 1.61835
8.08724 1.47118
8.21899 0.972122
8.35075 0.284538
8.4825 -0.258146
8.61425 -0.525275
8.746 -0.441674
8.87775 -0.256332
9.00951 -0.231736
9.14126 -0.30187
9.27301 -0.272552
9.40476 0.038145
9.53652 0.472818
9.66827 0.830325
9.80002 0.913384
9.93177 0.75462
10.0635 0.594929
10.1953 0.590214
10.327 0.694562
10.4588 0.71002
10.5905 0.534126
10.7223 0.239407
10.854 -0.0129941
10.9858 -0.0629629
11.1175 0.0194347
11.2493 0.0279824
11.381 -0.103913
11.5128 -0.126161
11.6446 0.0655893
11.7763 0.482967
11.9081 0.767383
12.0398 0.684583
12.1716 0.240157
12.3033 -0.268296
12.4351 -0.601724
12.5668 -0.653071
12.6986 -0.58435
12.8303 -0.515231
12.9621 -0.365933
13.0938 0.0560208
13.2256 0.779431
13.3573 1.51888
13.4891 1.85417
13.6208 1.61709
13.7526 1.02422
13.8843 0.493071
14.0161 0.255731
14.1478 0.184164
14.2796 0.00278556
14.4114 -0.340606
14.5431 -0.554036
14.6749 -0.28648
14.8066 0.460753
14.9384 1.2372
15.0701 1.50173
15.2019 1.10911
15.3336 0.445635
15.4654 0.0699034
15.5971 0.206772
15.7289 0.587318
15.8606 0.773238
15.9924 0.612052
16.1241 0.348407
16.2559 0.291571
16.3876 0.416074
16.5194 0.347098
16.6511 -0.229297
16.7829 -1.15763
16.9146 -1.85624
17.0464 -1.80577
17.1782 -1.01127
17.3099 0.0179391
17.4417 0.739097
17.5734 1.01476
17.7052 1.09356
17.8369 1.20681
17.9687 1.2613
18.1004 0.981759
18.2322 0.334969
18.3639 -0.276457
18.4957 -0.332747
18.6274 0.264684
18.7592 1.02106
18.8909 1.28552
19.0227 0.891803
19.1544 0.333914
19.2862 0.254409
19.4179 0.747354
19.5497 1.21548
19.6814 0.978199
19.8132 0.0322262
19.9449 -0.844234
20.0767 -0.812945
20.2085 0.172004
20.3402 1.25984
20.472 1.49412
20.6037 0.7226
20.7355 -0.300557
20.8672 -0.72681
20.999 -0.482513
21.1307 -0.253388
21.2625 -0.574374
21.3942 -1.01736
21.526 -0.455994
21.6577 1.7108
21.7895 4.58159
21.9212 6.12869
22.053 4.74773
22.1847 0.582788
22.3165 -4.63306
22.4482 -9.03254
22.58 -11.8469
22.7117 -13.1097
22.8435 -12.1892
22.9753 -6.98469
23.107 4.70291
23.2388 22.179
23.3705 39.7488
23.5023 47.9031
23.634 37.8924
23.7658 7.12368
23.8975 -38.002
24.0293 -83.5724
24.161 -113.135
24.2928 -113.739
24.4245 -80.7953
24.5563 -20.4628
24.688 51.0966
24.8198 112.04
24.9515 142.346
25.0833 132.152
25.215 86.7401
25.3468 24.5339
25.4785 -31.8864
25.6103 -66.9284
25.7421 -78.4181
25.8738 -75.3255
26.0056 -68.942
26.1373 -64.3511
26.2691 -58.3964
26.4008 -44.8421
26.5326 -21.6243
26.6643 6.17892
26.7961 29.8838
26.9278 43.7186
27.0596 48.4829
27.1913 49.445
27.3231 50.8479
27.4548 52.1831
27.5866 49.3613
27.7183 39.2207
27.8501 22.9028
27.9818 5.03374
28.1136 -10.2101
28.2453 -22.2088
28.3771 -33.2623
28.5088 -45.0338
28.6406 -55.6912
28.7724 -60.6307
28.9041 -56.2123
29.0359 -43.1061
29.1676 -26.2314
29.2994 -11.3735
29.4311 -1.43366
29.5629 4.65103
29.6946 9.83768
29.8264 15.9665
29.9581 22.4565
30.0899 27.4345
30.2216 29.7693
30.3534 29.9632
30.4851 29.2895
30.6169 28.3367
30.7486 26.5123
30.8804 22.887
31.0121 17.3659
31.1439 10.9429
31.2756 4.83642
31.4074 -0.551726
31.5392 -5.80463
31.6709 -11.6799
31.8027 -18.1775
31.9344 -24.3809
32.0662 -29.1307
32.1979 -31.7993
32.3297 -32.4517
32.4614 -31.3948
32.5932 -28.7249
32.7249 -24.3759
32.8567 -18.541
32.9884 -11.9031
33.1202 -5.33452
33.2519 0.666171
33.3837 6.20943
33.5154 11.6485
33.6472 16.9612
33.7789 21.5032
33.9107 24.3968
34.0424 25.1974
34.1742 24.2172
34.3059 22.2322
34.4377 19.8858
34.5695 17.3462
34.7012 14.4719
34.833 11.2261
34.9647 7.8771
35.0965 4.79807
35.2282 2.10253
35.36 -0.496982
35.4917 -3.47192
35.6235 -7.11768
35.7552 -11.359
35.887 -15.8113
36.0187 -19.9351
36.1505 -23.1078
36.2822 -24.6429
36.414 -23.9379
36.5457 -20.811
36.6775 -15.8196
36.8092 -10.2254
36.941 -5.4902
37.0727 -2.56981
37.2045 -1.4788
37.3363 -1.415
37.468 -1.31806
37.5998 -0.445151
37.7315 1.39202
37.8633 3.97057
37.995 6.95073
38.1268 10.0686
38.2585 13.1487
38.3903 16.0232
38.522 18.47
38.6538 20.2065
38.7855 20.9213
38.9173 20.3406
39.049 18.3383
39.1808 15.0571
39.3125 10.9382
39.4443 6.57923
39.576 2.46706
39.7078 -1.23117
39.8395 -4.64893
39.9713 -7.98249
40.1031 -11.2334
40.2348 -14.1456
40.3666 -16.3687
40.4983 -17.6763
40.6301 -18.0433
40.7618 -17.5524
40.8936 -16.2842
41.0253 -14.3364
41.1571 -11.944
41.2888 -9.51635
41.4206 -7.46439
41.5523 -5.91697
41.6841 -4.58594
41.8158 -2.94907
41.9476 -0.639999
42.0793 2.26852
42.2111 5.32141
42.3428 8.01342
42.4746 10.0958
42.6063 11.605
42.7381 12.6384
42.8698 13.1362
43.0016 12.8999
43.1334 11.8268
43.2651 10.1244
43.3969 8.28744
43.5286 6.84722
43.6604 6.09366
43.7921 5.97041
43.9239 6.16647
44.0556 6.27964
44.1874 5.93363
44.3191 4.84478
44.4509 2.89901
44.5826 0.241085
44.7144 -2.71587
44.8461 -5.44089
44.9779 -7.5386
45.1096 -8.92392
45.2414 -9.77564
45.3731 -10.3158
45.5049 -10.6212
45.6366 -10.6334
45.7684 -10.3253
45.9002 -9.81807
46.0319 -9.29112
46.1637 -8.76189
46.2954 -7.97862
46.4272 -6.5927
46.5589 -4.50444
46.6907 -2.07321
46.8224 0.0378142
46.9542 1.30176
47.0859 1.7094
47.2177 1.77912
47.3494 2.18578
47.4812 3.30628
47.6129 5.02534
47.7447 6.90721
47.8764 8.54223
48.0082 9.7756
48.1399 10.6775
48.2717 11.3497
48.4034 11.773
48.5352 11.8131
48.667 11.338
48.7987 10.3166
48.9305 8.81962
49.0622 6.95049
49.194 4.79026
49.3257 2.40498
49.4575 -0.104758
49.5892 -2.56767
49.721 -4.75801
49.8527 -6.46439
49.9845 -7.58089
50.1162 -8.1741
50.248 -8.47627
50.3797 -8.77853
50.5115 -9.25819
50.6432 -9.84224
50.775 -10.2199
50.9067 -10.0286
51.0385 -9.10199
51.1702 -7.59604
51.302 -5.88798
51.4337 -4.3222
51.5655 -3.00442
51.6973 -1.80375
51.829 -0.539283
51.9608 0.828917
52.0925 2.17185
52.2243 3.32847
52.356 4.2538
52.4878 5.02922
52.6195 5.73869
52.7513 6.35423
52.883 6.75933
53.0148 6.88656
53.1465 6.81943
53.2783 6.74081
53.41 6.76987
53.5418 6.84978
53.6735 6.80223
53.8053 6.49684
53.937 5.96672
54.0688 5.357
54.2005 4.76328
54.3323 4.12754
54.4641 3.29659
54.5958 2.17892
54.7276 0.837959
54.8593 -0.568457
54.9911 -1.92773
55.1228 -3.23584
55.2546 -4.51696
55.3863 -5.6948
55.5181 -6.57312
55.6498 -6.9725
55.7816 -6.90015
55.9133 -6.57832
56.0451 -6.28604
56.1768 -6.15147
56.3086 -6.08352
56.4403 -5.89718
56.5721 -5.50098
56.7038 -4.96305
56.8356 -4.40384
56.9673 -3.84228
57.0991 -3.16594
57.2309 -2.26235
57.3626 -1.1746
57.4944 -0.107115
57.6261 0.75341
57.7579 1.4548
57.8896 2.33311
58.0214 3.82421
58.1531 6.14077
58.2849 9.02185
58.4166 11.7162
58.5484 13.2301
58.6801 12.7485
58.8119 10.0616
58.9436 5.8043
59.0754 1.34129
59.2071 -1.74172
59.3389 -2.35955
59.4706 -0.489976
59.6024 2.78517
59.7341 5.8399
59.8659 7.34722
59.9976 6.87793
60.1294 4.89733
60.2612 2.24424
60.3929 -0.460459
60.5247 -3.03892
60.6564 -5.53833
60.7882 -7.87436
60.9199 -9.71142
61.0517 -10.6787
61.1834 -10.6804
61.3152 -9.97958
61.4469 -8.97306
61.5787 -7.88315
61.7104 -6.66116
61.8422 -5.17405
61.9739 -3.46113
62.1057 -1.78842
62.2374 -0.44474
62.3692 0.510787
62.5009 1.29163
62.6327 2.17156
62.7644 3.22387
62.8962 4.25999
63.028 5.01158
63.1597 5.36496
63.2915 5.42231
63.4232 5.35462
63.555 5.22144
63.6867 4.9495
63.8185 4.47953
63.9502 3.90674
64.082 3.44767
64.2137 3.2529
64.3455 3.25374
64.4772 3.20484
64.609 2.89105
64.7407 2.3039
64.8725 1.62484
65.0042 1.0428
65.136 0.589035
65.2677 0.141945
65.3995 -0.421947
65.5312 -1.09247
65.663 -1.7347
65.7948 -2.21419
65.9265 -2.49754
66.0583 -2.63091
66.19 -2.64001
66.3218 -2.47953
66.4535 -2.09846
66.5853 -1.55226
66.717 -1.03114
66.8488 -0.753207
66.9805 -0.809478
67.1123 -1.10097
67.244 -1.42355
67.3758 -1.6203
67.5075 -1.66938
67.6393 -1.65001
67.771 -1.6447
67.9028 -1.67665
68.0345 -1.71899
68.1663 -1.73066
68.298 -1.66217
68.4298 -1.43655
68.5615 -0.960651
68.6933 -0.193173
68.8251 0.783188
68.9568 1.77134
69.0886 2.57203
69.2203 3.1142
69.3521 3.48486
69.4838 3.82469
69.6156 4.18196
69.7473 4.46036
69.8791 4.50854
70.0108 4.2645
70.1426 3.81833
70.2743 3.33886
70.4061 2.93938
70.5378 2.60681
70.6696 2.2468
70.8013 1.78388
70.9331 1.21699
71.0648 0.594776
71.1966 -0.0363707
71.3283 -0.643493
71.4601 -1.17506
71.5919 -1.54767
71.7236 -1.69641
71.8554 -1.65268
71.9871 -1.56221
72.1189 -1.60187
72.2506 -1.85627
72.3824 -2.26495
72.5141 -2.68906
72.6459 -3.02984
72.7776 -3.28168
72.9094 -3.47343
73.0411 -3.57227
73.1729 -3.46621
73.3046 -3.05752
73.4364 -2.37464
73.5681 -1.57855
73.6999 -0.840773
73.8316 -0.204464
73.9634 0.431916
74.0951 1.18382
74.2269 2.0249
74.3587 2.76015
74.4904 3.16305
74.6222 3.15672
74.7539 2.87826
74.8857 2.57527
75.0174 2.43443
75.1492 2.48943
75.2809 2.66369
75.4127 2.87428
75.5444 3.08451
75.6762 3.2709
75.8079 3.37039
75.9397 3.28827
76.0714 2.96811
76.2032 2.44655
76.3349 1.82667
76.4667 1.19226
76.5984 0.552026
76.7302 -0.126972
76.8619 -0.833646
76.9937 -1.47051
77.1254 -1.90717
77.2572 -2.08188
77.389 -2.05166
77.5207 -1.94341
77.6525 -1.85674
77.7842 -1.81212
77.916 -1.78182
78.0477 -1.75165
78.1795 -1.73664
78.3112 -1.73806
78.443 -1.70585
78.5747 -1.56973
78.7065 -1.32012
78.8382 -1.04825
78.97 -0.882013
79.1017 -0.860996
79.2335 -0.871244
79.3652 -0.721051
79.497 -0.294109
79.6287 0.355473
79.7605 1.04037
79.8922 1.58932
80.024 1.95926
80.1558 2.21501
80.2875 2.41452
80.4193 2.51819
80.551 2.44884
80.6828 2.23134
80.8145 1.946
80.9463 1.74568
81.078 1.72353
81.2098 1.76618
81.3415 1.75607
81.4733 1.62965
81.605 1.44382
81.7368 1.26345
81.8685 1.11548
82.0003 0.93253
82.132 0.625294
82.2638 0.178885
82.3955 -0.339498
82.5273 -0.772685
82.659 -1.16452
82.7908 -1.47492
82.9226 -1.77835
83.0543 -2.07015
83.1861 -2.2299
83.3178 -2.09464
83.4496 -1.78577
83.5813 -1.43396
83.7131 -1.09124
83.8448 -0.745385
83.9766 -0.345648
84.1083 0.0237773
84.2401 0.383558
84.3718 0.4539
84.5036 0.297197
84.6353 0.104447
84.7671 0.0937392
84.8988 0.256246
85.0306 0.443712
85.1623 0.59307
85.2941 0.536837
85.4258 0.417943
85.5576 0.367536
85.6893 0.537512
85.8211 0.784787
85.9529 1.06654
86.0846 1.23785
86.2164 1.3104
86.3481 1.3145
86.4799 1.32786
86.6116 1.21863
86.7434 0.995418
86.8751 0.747958
87.0069 0.584524
87.1386 0.51422
87.2704 0.57277
87.4021 0.620464
87.5339 0.585745
87.6656 0.500853
87.7974 0.384866
87.9291 0.306087
88.0609 0.16842
88.1926 -0.101707
88.3244 -0.470188
88.4561 -0.859168
88.5879 -1.0667
88.7197 -0.999428
88.8514 -0.853565
88.9832 -0.766186
89.1149 -0.774549
89.2467 -0.81597
89.3784 -0.721883
89.5102 -0.445062
89.6419 -0.0718258
89.7737 0.279047
89.9054 0.429083
90.0372 0.431915
90.1689 0.410942
90.3007 0.510601
90.4324 0.608269
90.5642 0.657145
90.6959 0.595101
90.8277 0.4289
90.9594 0.278856
91.0912 0.208658
91.2229 0.227628
91.3547 0.223493
91.4865 0.189289
91.6182 0.156896
91.75 0.272413
91.8817 0.417981
92.0135 0.544594
92.1452 0.63037
92.277 0.650641
92.4087 0.652156
92.5405 0.717318
92.6722 0.800093
92.804 0.73859
92.9357 0.480241
93.0675 0.0703983
93.1992 -0.348908
93.331 -0.570834
93.4627 -0.641517
93.5945 -0.65586
93.7262 -0.577924
93.858 -0.501927
93.9897 -0.43417
94.1215 -0.255802
94.2532 -0.0591225
94.385 0.0626502
94.5168 0.0825022
94.6485 0.0305302
94.7803 0.0461434
94.912 0.134915
95.0438 0.207365
95.1755 0.214515
95.3073 0.0863994
95.439 -0.0394213
95.5708 -0.0316668
95.7025 0.0791393
95.8343 0.189502
95.966 0.24045
96.0978 0.177688
96.2295 0.153494
96.3613 0.168805
96.493 0.1986
96.6248 0.196892
96.7565 0.105764
96.8883 -0.0294534
97.02 -0.0945624
97.1518 -0.0977415
97.2836 0.00467524
97.4153 0.0739282
97.5471 0.0846713
97.6788 0.0306021
97.8106 -0.0394543
97.9423 -0.00940569
98.0741 0.0619849
98.2058 0.158249
98.3376 0.16926
98.4693 0.151534
98.6011 0.144037
98.7328 0.151369
98.8646 0.179016
98.9963 0.22072
99.1281 0.272067
99.2598 0.295888
99.3916 0.35158
99.5233 0.315349
99.6551 0.213231
99.7868 0.0352895
99.9186 -0.167746
100.05 -0.290471
100.182 -0.215114
100.314 -0.0918335
100.446 -0.0200107
100.577 -0.0313089
100.709 -0.1376
100.841 -0.167679
100.973 -0.113068
101.104 -0.0087078
101.236 0.0235326
101.368 0.0808703
101.5 -0.0534849
101.631 -0.150393
101.763 -0.183477
101.895 -0.145691
102.027 -0.0694715
102.158 -0.0451969
102.29 -0.0566616
102.422 -0.0584813
102.554 0.0132905
102.685 0.0615661
102.817 0.137008
102.949 0.126091
103.081 0.111616
103.212 0.0980768
103.344 0.109423
103.476 0.144443
103.608 0.0865906
103.739 -0.0402302
103.871 -0.105078
104.003 -0.127402
104.135 -0.0549234
104.266 0.0286422
104.398 0.0267192
104.53 -0.0499365
104.662 -0.125864
104.793 -0.0887306
104.925 -0.0222265
105.057 0.0616758
105.189 0.071441
105.32 0.00980763
105.452 -0.0393264
105.584 0.00942123
105.716 0.0657145
105.847 0.0712257
105.979 0.0226557
106.111 -0.0147009
106.243 -0.045665
106.374 -0.0224844
106.506 0.0360807
106.638 0.0708725
106.77 0.052924
106.901 -0.0432581
107.033 -0.0408764
107.165 0.00482336
107.297 0.0550716
107.428 0.0511585
107.56 0.0115827
107.692 -0.0580256
107.824 -0.0225991
107.955 -0.00932729
108.087 0.0278721
108.219 0.039312
108.351 0.000707909
108.482 -0.0750387
108.614 -0.0432462
108.746 -0.00396285
108.878 0.0167262
109.01 0.0381111
109.141 0.0152481
109.273 -0.0084588
109.405 -0.0328747
109.537 0.0132153
109.668 0.0420075
109.8 0.0333835
109.932 0.00976704
110.064 -0.0162177
110.195 -0.0127993
110.327 0.00916161
110.459 0.0305588
110.591 0.0214038
110.722 0.00230636
110.854 0.0249209
110.986 0.0349803
111.118 0.00615791
111.249 -0.0170131
111.381 0.0145628
111.513 0.015694
111.645 0.0400843
111.776 0.0119194
111.908 0.00743155
112.04 0.00371211
112.172 0.00687605
112.303 -0.00662873
112.435 0.00928403
112.567 0.00782977
112.699 0.0049359
112.83 0.00212901
112.962 0.00378012
113.094 0.00746879
113.226 0.00717395
113.357 0.00346885
113.489 0.00721838
113.621 0.00721838
113.753 0.00721838
113.884 0.00721838
114.016 0.00721838
114.148 0.00721838
114.28 0.00721838
114.411 0.00721838
114.543 0.00721838
114.675 0.00721838
114.807 0.00721838
114.938 0.00721838
115.07 0.00721838
115.202 0.00721838
115.334 0.00721838
115.465 0.00721838
115.597 0.00721838
115.729 0.00721838
115.861 0.00721838
115.992 0.00721838
116.124 0.00721838
116.256 0.00721838
116.388 0.00721838
116.519 0.00721838
116.651 0.00721838
116.783 0.00721838
116.915 0.00721838
117.046 0.00721838
117.178 0.00721838
117.31 0.00721838
117.442 0.00721838
117.573 0.00721838
117.705 0.00721838
117.837 0.00721838
117.969 0.00721838
118.1 0.00721838
118.232 0.00721838
118.364 0.00721838
118.496 0.00721838
118.627 0.00721838
118.759 0.00721838
118.891 0.00721838
119.023 0.00721838
119.154 0.00721838
119.286 0.00721838
119.418 0.00721838
119.55 0.00721838
119.681 0.00721838
119.813 0.00721838
119.945 0.00721838
120.077 0.00721838
120.208 0.00721838
120.34 0.00721838
120.472 0.00721838
120.604 0.00721838
120.735 0.00721838
120.867 0.00721838
120.999 0.00721838
121.131 0.00721838
121.262 0.00721838
121.394 0.00721838
121.526 0.00721838
121.658 0.00721838
121.789 0.00721838
121.921 0.00721838
122.053 0.00721838
122.185 0.00721838
122.316 0.00721838
122.448 0.00721838
122.58 0.00721838
122.712 0.00721838
122.843 0.00721838
122.975 0.00721838
123.107 0.00721838
123.239 0.00721838
123.371 0.00721838
123.502 0.00721838
123.634 0.00721838
123.766 0.00721838
123.898 0.00721838
124.029 0.00721838
124.161 0.00721838
124.293 0.00721838
124.425 0.00721838
124.556 0.00721838
124.688 0.00721838
124.82 0.00721838
124.952 0.00721838
125.083 0.00721838
125.215 0.00721838
125.347 0.00721838
125.479 0.00721838
125.61 0.00721838
125.742 0.00721838
125.874 0.00721838
126.006 0.00721838
126.137 0.00721838
126.269 0.00721838
126.401 0.00721838
126.533 0.00721838
126.664 0.00721838
126.796 0.00721838
126.928 0.00721838
127.06 0.00721838
127.191 0.00721838
127.323 0.00721838
127.455 0.00721838
127.587 0.00721838
127.718 0.00721838
127.85 0.00721838
127.982 0.00721838
128.114 0.00721838
128.245 0.00721838
128.377 0.00721838
128.509 0.00721838
128.641 0.00721838
128.772 0.00721838
128.904 0.00721838
129.036 0.00721838
129.168 0.00721838
129.299 0.00721838
129.431 0.00721838
129.563 0.00721838
129.695 0.00721838
129.826 0.00721838
129.958 0.00721838
130.09 0.00721838
130.222 0.00721838
130.353 0.00721838
130.485 0.00721838
130.617 0.00721838
130.749 0.00721838
130.88 0.00721838
131.012 0.00721838
131.144 0.00721838
131.276 0.00721838
131.407 0.00721838
131.539 0.00721838
131.671 0.00721838
131.803 0.00721838
131.934 0.00721838
132.066 0.00721838
132.198 0.00721838
132.33 0.00721838
132.461 0.00721838
