-3.11014 1.36566
-2.97839 1.05859
-2.84664 0.564877
-2.71488 0.0785537
-2.58313 -0.352483
-2.45138 -0.710517
-2.31963 -0.942831
-2.18787 -1.02059
-2.05612 -0.957607
-1.92437 -0.721359
-1.79262 -0.451034
-1.66086 -0.169658
-1.52911 0.142469
-1.39736 0.468789
-1.26561 0.827734
-1.13386 1.08034
-1.0021 1.12329
-0.870351 0.923175
-0.738598 0.575446
-0.606846 0.225806
-0.475094 -0.0372689
-0.343342 -0.223714
-0.211589 -0.356886
-0.079837 -0.413702
0.0519153 -0.299954
0.183668 0.0331467
0.31542 0.524859
0.447172 0.993246
0.578925 1.25827
0.710677 1.26429
0.842429 1.09172
0.974181 0.855203
1.10593 0.603098
1.23769 0.306955
1.36944 -0.024304
1.50119 -0.287922
1.63294 -0.346008
1.7647 -0.172615
1.89645 0.066782
2.0282 0.112922
2.15995 -0.172126
2.2917 -0.661242
2.42346 -1.0321
2.55521 -1.00464
2.68696 -0.547755
2.81871 0.114202
2.95047 0.682416
3.08222 0.981231
3.21397 1.01198
3.34572 0.858276
3.47748 0.574903
3.60923 0.178949
3.74098 -0.272545
3.87273 -0.636711
4.00448 -0.75116
4.13624 -0.560658
4.26799 -0.173985
4.39974 0.215695
4.53149 0.474766
4.66325 0.599937
4.795 0.657408
4.92675 0.670917
5.0585 0.588796
5.19026 0.367087
5.32201 0.0709748
5.45376 -0.131631
5.58551 -0.0978325
5.71726 0.16287
5.84902 0.493727
5.98077 0.729549
6.11252 0.83297
6.24427 0.894059
6.37603 1.00103
6.50778 1.12291
6.63953 1.1288
6.77128 0.919895
6.90304 0.529922
7.03479 0.0862294
7.16654 -0.320395
7.29829 -0.705964
7.43004 -1.11841
7.5618 -1.50095
7.69355 -1.66261
7.8253 -1.42314
7.95705 -0.807015
8.08881 -0.0842248
8.22056 0.411352
8.35231 0.534723
8.48406 0.421035
8.61582 0.331864
8.74757 0.4093
8.87932 0.574951
9.01107 0.657086
9.14282 0.595542
9.27458 0.502814
9.40633 0.522981
9.53808 0.652504
9.66983 0.729227
9.80159 0.610418
9.93334 0.346278
10.0651 0.148338
10.1968 0.169835
10.3286 0.328162
10.4603 0.371696
10.5921 0.139817
10.7239 -0.250793
10.8556 -0.500175
10.9874 -0.41762
11.1191 -0.113085
11.2509 0.119479
11.3826 0.11294
11.5144 0.00344007
11.6461 0.0745643
11.7779 0.42574
11.9096 0.826635
12.0414 0.93985
12.1731 0.697637
12.3049 0.422785
12.4366 0.521865
12.5684 1.02992
12.7001 1.47757
12.8319 1.25258
12.9636 0.119264
13.0954 -1.62293
13.2271 -3.48464
13.3589 -5.20496
13.4907 -6.67063
13.6224 -7.29807
13.7542 -5.58444
13.8859 0.310228
14.0177 10.8634
14.1494 23.4536
14.2812 32.1838
14.4129 30.1031
14.5447 13.0295
14.6764 -17.1463
14.8082 -51.8002
14.9399 -78.3061
15.0717 -85.0548
15.2034 -66.4679
15.3352 -25.7552
15.4669 25.7768
15.5987 72.6174
15.7304 100.646
15.8622 102.229
15.9939 78.7121
16.1257 39.2026
16.2574 -3.76539
16.3892 -39.4853
16.521 -62.5653
16.6527 -73.0831
16.7845 -73.982
16.9162 -67.9545
17.048 -56.0464
17.1797 -38.5441
17.3115 -16.7824
17.4432 6.09354
17.575 26.2235
17.7067 40.9971
17.8385 50.0946
17.9702 54.7086
18.102 55.7582
18.2337 52.8226
18.3655 44.7853
18.4972 31.5197
18.629 14.9293
18.7607 -1.7482
18.8925 -15.8309
19.0242 -26.6109
19.156 -35.0661
19.2878 -42.2064
19.4195 -47.6281
19.5513 -49.606
19.683 -46.5978
19.8148 -38.7437
19.9465 -27.9964
20.0783 -16.8091
20.21 -6.59455
20.3418 2.72029
20.4735 11.8116
20.6053 20.7221
20.737 28.4599
20.8688 33.7208
21.0005 35.9419
21.1323 35.6529
21.264 33.8461
21.3958 31.0428
21.5275 26.9666
21.6593 21.0853
21.791 13.4304
21.9228 4.88478
22.0546 -3.30696
22.1863 -10.3013
22.3181 -15.9826
22.4498 -20.6311
22.5816 -24.3527
22.7133 -26.862
22.8451 -27.7868
22.9768 -27.1166
23.1086 -25.3008
23.2403 -22.8929
23.3721 -20.1064
23.5038 -16.7245
23.6356 -12.4319
23.7673 -7.22544
23.8991 -1.51221
24.0308 4.15629
24.1626 9.40934
24.2943 14.118
24.4261 18.1798
24.5578 21.3122
24.6896 23.1142
24.8213 23.3582
24.9531 22.2137
25.0849 20.1636
25.2166 17.6752
25.3484 14.9266
25.4801 11.828
25.6119 8.2865
25.7436 4.44276
25.8754 0.654479
26.0071 -2.73913
26.1389 -5.64314
26.2706 -8.22964
26.4024 -10.7672
26.5341 -13.4192
26.6659 -16.1454
26.7976 -18.7018
26.9294 -20.6692
27.0611 -21.4959
27.1929 -20.6312
27.3246 -17.7903
27.4564 -13.2346
27.5881 -7.83559
27.7199 -2.77899
27.8517 0.973628
27.9834 3.12885
28.1152 4.11133
28.2469 4.70041
28.3787 5.53135
28.5104 6.80634
28.6422 8.35723
28.7739 9.91953
28.9057 11.3532
29.0374 12.6563
29.1692 13.828
29.3009 14.7501
29.4327 15.2003
29.5644 14.9652
29.6962 13.9439
29.8279 12.167
29.9597 9.74501
30.0914 6.81202
30.2232 3.50197
30.3549 -0.0501621
30.4867 -3.70487
30.6185 -7.31391
30.7502 -10.7029
30.882 -13.6484
31.0137 -15.8845
31.1455 -17.1648
31.2772 -17.3595
31.409 -16.5229
31.5407 -14.8838
31.6725 -12.7639
31.8042 -10.4822
31.936 -8.28879
32.0677 -6.32755
32.1995 -4.60507
32.3312 -2.96872
32.463 -1.14271
32.5947 1.14062
32.7265 3.95524
32.8582 7.0613
32.99 9.96002
33.1217 12.1182
33.2535 13.2257
33.3852 13.3167
33.517 12.6871
33.6488 11.6906
33.7805 10.5666
33.9123 9.39843
34.044 8.17669
34.1758 6.87679
34.3075 5.48646
34.4393 3.99977
34.571 2.42809
34.7028 0.838873
34.8345 -0.626005
34.9663 -1.80302
35.098 -2.61458
35.2298 -3.14792
35.3615 -3.62788
35.4933 -4.28882
35.625 -5.23472
35.7568 -6.38429
35.8885 -7.52688
36.0203 -8.43394
36.152 -8.94939
36.2838 -9.02322
36.4156 -8.70183
36.5473 -8.09812
36.6791 -7.34407
36.8108 -6.52431
36.9426 -5.61833
37.0743 -4.50548
37.2061 -3.06009
37.3378 -1.28583
37.4696 0.618924
37.6013 2.34132
37.7331 3.64178
37.8648 4.51077
37.9966 5.16629
38.1283 5.88697
38.2601 6.80944
38.3918 7.844
38.5236 8.75892
38.6553 9.34572
38.7871 9.52705
38.9188 9.34041
39.0506 8.84763
39.1824 8.0713
39.3141 7.00813
39.4459 5.68152
39.5776 4.16162
39.7094 2.53001
39.8411 0.834382
39.9729 -0.908413
40.1046 -2.65915
40.2364 -4.31248
40.3681 -5.71989
40.4999 -6.77008
40.6316 -7.4548
40.7634 -7.85607
40.8951 -8.06276
41.0269 -8.09095
41.1586 -7.87791
41.2904 -7.35065
41.4221 -6.50471
41.5539 -5.42676
41.6856 -4.25167
41.8174 -3.10002
41.9491 -2.04612
42.0809 -1.1252
42.2127 -0.350642
42.3444 0.284587
42.4762 0.81702
42.6079 1.30831
42.7397 1.81915
42.8714 2.38181
43.0032 2.99617
43.1349 3.64783
43.2667 4.32015
43.3984 4.97994
43.5302 5.55277
43.6619 5.92823
43.7937 6.01352
43.9254 5.80193
44.0572 5.39482
44.1889 4.94579
44.3207 4.56343
44.4524 4.24933
44.5842 3.92038
44.7159 3.49115
44.8477 2.94212
44.9795 2.31803
45.1112 1.66837
45.243 0.992793
45.3747 0.242186
45.5065 -0.632038
45.6382 -1.63169
45.77 -2.7088
45.9017 -3.79709
46.0335 -4.83623
46.1652 -5.76326
46.297 -6.49043
46.4287 -6.91012
46.5605 -6.94227
46.6922 -6.59176
46.824 -5.96331
46.9557 -5.2127
47.0875 -4.46568
47.2192 -3.76209
47.351 -3.05965
47.4827 -2.28514
47.6145 -1.39212
47.7462 -0.394103
47.878 0.63143
48.0098 1.55887
48.1415 2.24931
48.2733 2.61051
48.405 2.67308
48.5368 2.64117
48.6685 2.86086
48.8003 3.67912
48.932 5.23479
49.0638 7.28701
49.1955 9.19846
49.3273 10.1312
49.459 9.40541
49.5908 6.86862
49.7225 3.08081
49.8543 -0.818409
49.986 -3.54816
50.1178 -4.24404
50.2495 -2.85322
50.3813 -0.145127
50.513 2.67855
50.6448 4.55476
50.7766 4.98511
50.9083 4.09745
51.0401 2.3735
51.1718 0.285981
51.3036 -1.89392
51.4353 -4.03628
51.5671 -5.97637
51.6988 -7.43616
51.8306 -8.13638
51.9623 -7.99533
52.0941 -7.2198
52.2258 -6.18735
52.3576 -5.20773
52.4893 -4.35761
52.6211 -3.51427
52.7528 -2.53799
52.8846 -1.43244
53.0163 -0.351214
53.1481 0.531956
53.2798 1.15511
53.4116 1.58622
53.5434 1.93237
53.6751 2.24416
53.8069 2.50668
53.9386 2.70878
54.0704 2.90283
54.2021 3.18402
54.3339 3.6066
54.4656 4.11955
54.5974 4.58364
54.7291 4.85214
54.8609 4.84388
54.9926 4.55841
55.1244 4.04761
55.2561 3.39308
55.3879 2.70901
55.5196 2.13759
55.6514 1.79628
55.7831 1.69051
55.9149 1.66577
56.0466 1.46706
56.1784 0.890776
56.3101 -0.0735844
56.4419 -1.22231
56.5737 -2.25874
56.7054 -2.96801
56.8372 -3.31863
56.9689 -3.43
57.1007 -3.4528
57.2324 -3.46572
57.3642 -3.45841
57.4959 -3.38801
57.6277 -3.24304
57.7594 -3.06115
57.8912 -2.90044
58.0229 -2.80035
58.1547 -2.7622
58.2864 -2.75039
58.4182 -2.70069
58.5499 -2.53172
58.6817 -2.16826
58.8134 -1.57754
58.9452 -0.797312
59.0769 0.0729003
59.2087 0.921973
59.3405 1.6858
59.4722 2.368
59.604 3.00557
59.7357 3.61009
59.8675 4.1376
59.9992 4.51463
60.131 4.69766
60.2627 4.71282
60.3945 4.64026
60.5262 4.55469
60.658 4.46939
60.7897 4.326
60.9215 4.03555
61.0532 3.53859
61.185 2.84339
61.3167 2.02036
61.4485 1.16114
61.5802 0.330947
61.712 -0.45582
61.8437 -1.22187
61.9755 -1.98405
62.1073 -2.71089
62.239 -3.31424
62.3708 -3.68883
62.5025 -3.77811
62.6343 -3.62013
62.766 -3.33628
62.8978 -3.06693
63.0295 -2.89923
63.1613 -2.83724
63.293 -2.82769
63.4248 -2.80849
63.5565 -2.73467
63.6883 -2.56832
63.82 -2.26123
63.9518 -1.76699
64.0835 -1.0833
64.2153 -0.282725
64.347 0.510017
64.4788 1.18893
64.6105 1.72917
64.7423 2.18443
64.874 2.61871
65.0058 3.03356
65.1376 3.35709
65.2693 3.50373
65.4011 3.4471
65.5328 3.23879
65.6646 2.96123
65.7963 2.66733
65.9281 2.35571
66.0598 2.0587
66.1916 1.80258
66.3233 1.63121
66.4551 1.53181
66.5868 1.38803
66.7186 1.07231
66.8503 0.500272
66.9821 -0.23934
67.1138 -0.956358
67.2456 -1.38214
67.3773 -1.47067
67.5091 -1.36038
67.6408 -1.2241
67.7726 -1.18829
67.9044 -1.2641
68.0361 -1.35609
68.1679 -1.34218
68.2996 -1.30592
68.4314 -1.3147
68.5631 -1.35492
68.6949 -1.39428
68.8266 -1.30741
68.9584 -1.20527
69.0901 -1.07474
69.2219 -0.999626
69.3536 -0.975004
69.4854 -0.877468
69.6171 -0.668507
69.7489 -0.320186
69.8806 0.0162202
70.0124 0.310637
70.1441 0.448961
70.2759 0.515087
70.4076 0.574323
70.5394 0.805925
70.6712 1.03388
70.8029 1.23366
70.9347 1.29135
71.0664 1.21902
71.1982 1.07652
71.3299 0.904234
71.4617 0.782144
71.5934 0.806883
71.7252 0.95448
71.8569 1.25661
71.9887 1.52551
72.1204 1.59147
72.2522 1.43187
72.3839 1.04541
72.5157 0.589382
72.6474 0.17555
72.7792 -0.117154
72.9109 -0.349949
73.0427 -0.497821
73.1744 -0.598965
73.3062 -0.647334
73.4379 -0.624403
73.5697 -0.56135
73.7015 -0.465869
73.8332 -0.410957
73.965 -0.386185
74.0967 -0.413914
74.2285 -0.490874
74.3602 -0.565849
74.492 -0.617217
74.6237 -0.568186
74.7555 -0.501681
74.8872 -0.45404
75.019 -0.442923
75.1507 -0.530005
75.2825 -0.613048
75.4142 -0.681114
75.546 -0.66312
75.6777 -0.462106
75.8095 -0.227945
75.9412 0.0110303
76.073 0.214344
76.2047 0.391648
76.3365 0.577796
76.4683 0.810572
76.6 1.01532
76.7318 1.16349
76.8635 1.1925
76.9953 1.11716
77.127 0.993348
77.2588 0.837518
77.3905 0.713907
77.5223 0.533204
77.654 0.296961
77.7858 0.0891314
77.9175 -0.0457818
78.0493 -0.137673
78.181 -0.172671
78.3128 -0.223109
78.4445 -0.192125
78.5763 -0.0985987
78.708 0.06747
78.8398 0.267656
78.9715 0.478213
79.1033 0.602219
79.2351 0.591367
79.3668 0.469055
79.4986 0.274371
79.6303 0.014299
79.7621 -0.295726
79.8938 -0.607072
80.0256 -0.762219
80.1573 -0.738846
80.2891 -0.552407
80.4208 -0.33221
80.5526 -0.112743
80.6843 0.0152531
80.8161 0.0718418
80.9478 0.08713
81.0796 0.0837435
81.2113 0.0745182
81.3431 0.0205787
81.4748 -0.0273962
81.6066 -0.078832
81.7383 -0.131808
81.8701 -0.134919
82.0018 -0.101145
82.1336 -0.0744111
82.2654 -0.119259
82.3971 -0.188167
82.5289 -0.205778
82.6606 -0.20973
82.7924 -0.156398
82.9241 -0.108697
83.0559 -0.00406525
83.1876 0.131715
83.3194 0.312094
83.4511 0.535245
83.5829 0.682633
83.7146 0.693555
83.8464 0.617965
83.9781 0.45267
84.1099 0.24351
84.2416 0.108351
84.3734 0.0198587
84.5051 0.0099988
84.6369 0.0578688
84.7686 0.101575
84.9004 0.156369
85.0322 0.197309
85.1639 0.126477
85.2957 0.108684
85.4274 0.050286
85.5592 0.00978859
85.6909 -0.0469964
85.8227 -0.0830086
85.9544 -0.169834
86.0862 -0.272326
86.2179 -0.319328
86.3497 -0.370015
86.4814 -0.325342
86.6132 -0.205275
86.7449 -0.0834421
86.8767 0.0419955
87.0084 0.127886
87.1402 0.169693
87.2719 0.113533
87.4037 -0.0216243
87.5354 -0.257819
87.6672 -0.484588
87.799 -0.591059
87.9307 -0.530091
88.0625 -0.312639
88.1942 -0.055161
88.326 0.192884
88.4577 0.351683
88.5895 0.429926
88.7212 0.382314
88.853 0.272543
88.9847 0.135063
89.1165 -0.0201635
89.2482 -0.114661
89.38 -0.154278
89.5117 -0.142333
89.6435 -0.0882625
89.7752 0.0282134
89.907 0.164867
90.0387 0.249339
90.1705 0.317958
90.3022 0.292349
90.434 0.246152
90.5657 0.148359
90.6975 0.0187104
90.8293 -0.102966
90.961 -0.168076
91.0928 -0.231208
91.2245 -0.28017
91.3563 -0.311815
91.488 -0.280288
91.6198 -0.193374
91.7515 -0.0422156
91.8833 0.138681
92.015 0.225307
92.1468 0.264218
92.2785 0.258178
92.4103 0.174368
92.542 0.0717723
92.6738 -0.0102351
92.8055 -0.145403
92.9373 -0.191198
93.069 -0.208451
93.2008 -0.17876
93.3325 -0.0965515
93.4643 -0.0279246
93.5961 -0.0830652
93.7278 -0.054424
93.8596 -0.0778834
93.9913 -0.0203816
94.1231 0.0151909
94.2548 0.124199
94.3866 0.134519
94.5183 0.0870588
94.6501 0.0515588
94.7818 0.0816823
94.9136 0.1205
95.0453 0.149519
95.1771 0.099279
95.3088 0.0107155
95.4406 -0.0518454
95.5723 -0.062056
95.7041 0.0113862
95.8358 0.0556491
95.9676 0.0648967
96.0993 0.0336542
96.2311 0.00830987
96.3629 0.0587516
96.4946 0.0370853
96.6264 0.0448752
96.7581 0.0721185
96.8899 0.00171086
97.0216 -0.0434874
97.1534 -0.0430165
97.2851 -0.0413885
97.4169 -0.0224546
97.5486 0.00559541
97.6804 0.00890528
97.8121 0.0024492
97.9439 0.0246359
98.0756 0.00717363
98.2074 0.0132825
98.3391 0.0146283
98.4709 -0.000108227
98.6026 0.0133472
98.7344 0.00788063
98.8661 0.0141172
98.9979 0.0157327
99.1296 0.0165446
99.2614 0.0151211
99.3932 0.0119196
99.5249 0.00917022
99.6567 0.0140837
99.7884 0.0171383
99.9202 0.0194544
100.052 0.0147597
100.184 0.0142594
100.315 0.0140702
100.447 0.0142285
100.579 0.0145631
100.711 0.0150557
100.842 0.0158693
100.974 0.0169634
101.106 0.0145919
101.238 0.0145919
101.369 0.0145919
101.501 0.0145919
101.633 0.0145919
101.765 0.0145919
101.896 0.0145919
102.028 0.0145919
102.16 0.0145919
102.292 0.0145919
102.423 0.0145919
102.555 0.0145919
102.687 0.0145919
102.819 0.0145919
102.95 0.0145919
103.082 0.0145919
103.214 0.0145919
103.346 0.0145919
103.477 0.0145919
103.609 0.0145919
103.741 0.0145919
103.873 0.0145919
104.004 0.0145919
104.136 0.0145919
104.268 0.0145919
104.4 0.0145919
104.531 0.0145919
104.663 0.0145919
104.795 0.0145919
104.927 0.0145919
105.059 0.0145919
105.19 0.0145919
105.322 0.0145919
105.454 0.0145919
105.586 0.0145919
105.717 0.0145919
105.849 0.0145919
105.981 0.0145919
106.113 0.0145919
106.244 0.0145919
106.376 0.0145919
106.508 0.0145919
106.64 0.0145919
106.771 0.0145919
106.903 0.0145919
107.035 0.0145919
107.167 0.0145919
107.298 0.0145919
107.43 0.0145919
107.562 0.0145919
107.694 0.0145919
107.825 0.0145919
107.957 0.0145919
108.089 0.0145919
108.221 0.0145919
108.352 0.0145919
108.484 0.0145919
108.616 0.0145919
108.748 0.0145919
108.879 0.0145919
109.011 0.0145919
109.143 0.0145919
109.275 0.0145919
109.406 0.0145919
109.538 0.0145919
109.67 0.0145919
109.802 0.0145919
109.933 0.0145919
110.065 0.0145919
110.197 0.0145919
110.329 0.0145919
110.46 0.0145919
110.592 0.0145919
110.724 0.0145919
110.856 0.0145919
110.987 0.0145919
111.119 0.0145919
111.251 0.0145919
111.383 0.0145919
111.514 0.0145919
111.646 0.0145919
111.778 0.0145919
111.91 0.0145919
112.041 0.0145919
112.173 0.0145919
112.305 0.0145919
112.437 0.0145919
112.568 0.0145919
112.7 0.0145919
112.832 0.0145919
112.964 0.0145919
113.095 0.0145919
113.227 0.0145919
113.359 0.0145919
113.491 0.0145919
113.622 0.0145919
113.754 0.0145919
113.886 0.0145919
114.018 0.0145919
114.149 0.0145919
114.281 0.0145919
114.413 0.0145919
114.545 0.0145919
114.676 0.0145919
114.808 0.0145919
114.94 0.0145919
115.072 0.0145919
115.203 0.0145919
115.335 0.0145919
115.467 0.0145919
115.599 0.0145919
115.73 0.0145919
115.862 0.0145919
115.994 0.0145919
116.126 0.0145919
116.257 0.0145919
116.389 0.0145919
116.521 0.0145919
116.653 0.0145919
116.784 0.0145919
116.916 0.0145919
117.048 0.0145919
117.18 0.0145919
117.311 0.0145919
117.443 0.0145919
117.575 0.0145919
117.707 0.0145919
117.838 0.0145919
117.97 0.0145919
118.102 0.0145919
118.234 0.0145919
118.365 0.0145919
118.497 0.0145919
118.629 0.0145919
118.761 0.0145919
118.892 0.0145919
119.024 0.0145919
119.156 0.0145919
119.288 0.0145919
119.42 0.0145919
119.551 0.0145919
119.683 0.0145919
119.815 0.0145919
119.947 0.0145919
120.078 0.0145919
120.21 0.0145919
120.342 0.0145919
120.474 0.0145919
120.605 0.0145919
120.737 0.0145919
120.869 0.0145919
121.001 0.0145919
121.132 0.0145919
121.264 0.0145919
121.396 0.0145919
121.528 0.0145919
121.659 0.0145919
121.791 0.0145919
121.923 0.0145919
122.055 0.0145919
122.186 0.0145919
122.318 0.0145919
122.45 0.0145919
122.582 0.0145919
122.713 0.0145919
122.845 0.0145919
122.977 0.0145919
123.109 0.0145919
123.24 0.0145919
123.372 0.0145919
123.504 0.0145919
123.636 0.0145919
123.767 0.0145919
123.899 0.0145919
124.031 0.0145919
124.163 0.0145919
124.294 0.0145919
124.426 0.0145919
124.558 0.0145919
124.69 0.0145919
124.821 0.0145919
124.953 0.0145919
125.085 0.0145919
125.217 0.0145919
125.348 0.0145919
125.48 0.0145919
125.612 0.0145919
125.744 0.0145919
125.875 0.0145919
126.007 0.0145919
126.139 0.0145919
126.271 0.0145919
126.402 0.0145919
126.534 0.0145919
126.666 0.0145919
126.798 0.0145919
126.929 0.0145919
127.061 0.0145919
127.193 0.0145919
127.325 0.0145919
127.456 0.0145919
127.588 0.0145919
127.72 0.0145919
127.852 0.0145919
127.983 0.0145919
128.115 0.0145919
128.247 0.0145919
128.379 0.0145919
128.51 0.0145919
128.642 0.0145919
128.774 0.0145919
128.906 0.0145919
129.037 0.0145919
129.169 0.0145919
129.301 0.0145919
129.433 0.0145919
129.564 0.0145919
129.696 0.0145919
129.828 0.0145919
129.96 0.0145919
130.091 0.0145919
130.223 0.0145919
130.355 0.0145919
130.487 0.0145919
130.618 0.0145919
130.75 0.0145919
130.882 0.0145919
131.014 0.0145919
131.145 0.0145919
131.277 0.0145919
131.409 0.0145919
131.541 0.0145919
131.672 0.0145919
