-2.95616 -0.0167748
-2.82441 -0.2592
-2.69266 -0.458776
-2.5609 -0.512963
-2.42915 -0.56297
-2.2974 -0.58998
-2.16565 -0.551484
-2.03389 -0.564973
-1.90214 -0.522606
-1.77039 -0.360957
-1.63864 -0.150488
-1.50688 0.0608855
-1.37513 0.27654
-1.24338 0.349807
-1.11163 0.262614
-0.979875 0.0685081
-0.848123 0.0130214
-0.716371 0.095248
-0.584618 0.197869
-0.452866 0.351868
-0.321114 0.430748
-0.189362 0.59505
-0.0576093 0.822167
0.074143 1.01256
0.205895 1.06729
0.337648 0.875679
0.4694 0.594873
0.601152 0.266981
0.732905 0.132568
0.864657 0.212259
0.996409 0.355086
1.12816 0.481886
1.25991 0.380947
1.39167 0.130323
1.52342 -0.180702
1.65517 -0.46941
1.78692 -0.736918
1.91868 -0.963658
2.05043 -1.1267
2.18218 -1.13033
2.31393 -0.814524
2.44568 -0.445984
2.57744 -0.0996622
2.70919 0.09604
2.84094 0.26382
2.97269 0.389328
3.10445 0.61729
3.2362 0.795276
3.36795 0.924399
3.4997 0.816573
3.63146 0.612676
3.76321 0.344754
3.89496 0.221155
4.02671 0.237949
4.15846 0.325245
4.29022 0.348739
4.42197 0.368278
4.55372 0.476061
4.68547 0.698815
4.81723 1.0161
4.94898 1.1063
5.08073 0.995072
5.21248 0.846326
5.34424 0.732007
5.47599 0.622879
5.60774 0.419516
5.73949 -0.0208342
5.87124 -0.578104
6.003 -1.09482
6.13475 -1.29136
6.2665 -1.23967
6.39825 -1.05195
6.53001 -0.914505
6.66176 -0.798009
6.79351 -0.723135
6.92526 -0.677266
7.05702 -0.580649
7.18877 -0.483845
7.32052 -0.425051
7.45227 -0.319543
7.58402 -0.0495041
7.71578 0.430058
7.84753 0.966543
7.97928 1.3814
8.11103 1.50783
8.24279 1.52063
8.37454 1.39334
8.50629 1.30109
8.63804 1.166
8.7698 0.846156
8.90155 0.409851
9.0333 -0.0445362
9.16505 -0.305152
9.2968 -0.34152
9.42856 -0.0983626
9.56031 0.112595
9.69206 0.328415
9.82381 0.584808
9.95557 0.835632
10.0873 1.05702
10.2191 1.15781
10.3508 0.986685
10.4826 0.534236
10.6143 0.0050604
10.7461 -0.429347
10.8778 -0.790523
11.0096 -1.16177
11.1413 -1.50226
11.2731 -1.68668
11.4048 -1.49711
11.5366 -0.910472
11.6683 -0.239566
11.8001 0.253594
11.9319 0.403488
12.0636 0.36535
12.1954 0.384831
12.3271 0.618276
12.4589 0.874325
12.5906 0.95491
12.7224 0.729871
12.8541 0.332046
12.9859 0.0936367
13.1176 0.103241
13.2494 0.293876
13.3811 0.459425
13.5129 0.557544
13.6446 0.653991
13.7764 0.840114
13.9081 1.08177
14.0399 1.24076
14.1716 1.22857
14.3034 1.11509
14.4351 1.05462
14.5669 1.0972
14.6986 1.09227
14.8304 0.829096
14.9622 0.268109
15.0939 -0.357408
15.2257 -0.711548
15.3574 -0.648727
15.4892 -0.368832
15.6209 -0.165972
15.7527 -0.243659
15.8844 -0.495888
16.0162 -0.663636
16.1479 -0.610654
16.2797 -0.446929
16.4114 -0.381777
16.5432 -0.476457
16.6749 -0.569491
16.8067 -0.457415
16.9384 -0.132972
17.0702 0.186042
17.2019 0.281644
17.3337 0.178785
17.4654 0.136791
17.5972 0.378317
17.729 0.830852
17.8607 1.16183
17.9925 1.09444
18.1242 0.695206
18.256 0.337531
18.3877 0.364238
18.5195 0.775221
18.6512 1.24183
18.783 1.42176
18.9147 1.25338
19.0465 0.947447
19.1782 0.718522
19.31 0.564261
19.4417 0.328987
19.5735 -0.0366664
19.7052 -0.332778
19.837 -0.27326
19.9687 0.197949
20.1005 0.781102
20.2322 1.04988
20.364 0.829039
20.4958 0.342782
20.6275 -0.0218433
20.7593 -0.0993801
20.891 -0.0869021
21.0228 -0.302916
21.1545 -0.824662
21.2863 -1.38962
21.418 -1.66344
21.5498 -1.58291
21.6815 -1.40047
21.8133 -1.37923
21.945 -1.47241
22.0768 -1.34892
22.2085 -0.755989
22.3403 0.168225
22.472 0.986788
22.6038 1.38862
22.7355 1.49974
22.8673 1.73019
22.999 2.29343
23.1308 2.90725
23.2625 3.02553
23.3943 2.39796
23.5261 1.38107
23.6578 0.64587
23.7896 0.544728
23.9213 0.77757
24.0531 0.717374
24.1848 0.0795787
24.3166 -0.755053
24.4483 -1.11657
24.5801 -0.747599
24.7118 -0.0968411
24.8436 0.125004
24.9753 -0.317065
25.1071 -0.927916
25.2388 -1.00291
25.3706 -0.392283
25.5023 0.314077
25.6341 0.419226
25.7658 -0.0766606
25.8976 -0.388425
26.0293 0.247494
26.1611 1.65801
26.2929 2.68888
26.4246 2.16096
26.5564 -0.0967936
26.6881 -3.18878
26.8199 -6.09903
26.9516 -8.52275
27.0834 -10.4758
27.2151 -10.9283
27.3469 -7.11823
27.4786 3.92693
27.6104 22.0563
27.7421 41.3973
27.8739 51.322
28.0056 41.54
28.1374 8.65165
28.2691 -40.0929
28.4009 -88.6145
28.5326 -118.674
28.6644 -117.711
28.7961 -83.7925
28.9279 -25.7706
29.0597 40.5525
29.1914 97.8969
29.3232 132.493
29.4549 137.413
29.5867 113.793
29.7184 69.745
29.8502 17.2194
29.9819 -32.1306
30.1137 -70.3015
30.2454 -94.0461
30.3772 -103.675
30.5089 -100.971
30.6407 -87.9226
30.7724 -66.847
30.9042 -40.9615
31.0359 -14.1196
31.1677 10.5244
31.2994 31.7595
31.4312 50.1134
31.5629 66.1377
31.6947 78.688
31.8264 84.9094
31.9582 82.1455
32.09 70.1496
32.2217 51.5774
32.3535 30.2571
32.4852 8.77218
32.617 -12.4616
32.7487 -33.8604
32.8805 -54.4574
33.0122 -71.0518
33.144 -79.7139
33.2757 -78.4438
33.4075 -68.6861
33.5392 -54.3965
33.671 -39.4822
33.8027 -25.7372
33.9345 -12.7696
34.0662 0.429081
34.198 13.9279
34.3297 26.6319
34.4615 37.251
34.5932 45.2381
34.725 50.738
34.8568 53.7722
34.9885 53.7021
35.1203 49.6585
35.252 41.5463
35.3838 30.5774
35.5155 18.7272
35.6473 7.57245
35.779 -2.43793
35.9108 -11.6741
36.0425 -20.386
36.1743 -28.0963
36.306 -33.8781
36.4378 -37.1535
36.5695 -38.1693
36.7013 -37.6931
36.833 -36.2855
36.9648 -33.8951
37.0965 -30.1396
37.2283 -24.9105
37.36 -18.6488
37.4918 -12.0295
37.6236 -5.43659
37.7553 1.19044
37.8871 7.98151
38.0188 14.6566
38.1506 20.4856
38.2823 24.7691
38.4141 27.3659
38.5458 28.7316
38.6776 29.4161
38.8093 29.51
38.9411 28.5769
39.0728 26.1241
39.2046 22.1467
39.3363 17.2336
39.4681 12.1618
39.5998 7.38001
39.7316 2.82693
39.8633 -1.83813
39.9951 -6.88786
40.1268 -12.3689
40.2586 -18.14
40.3903 -23.8837
40.5221 -28.978
40.6539 -32.4139
40.7856 -33.0594
40.9174 -30.2868
41.0491 -24.5587
41.1809 -17.4449
41.3126 -10.919
41.4444 -6.36173
41.5761 -3.95887
41.7079 -2.87677
41.8396 -1.99444
41.9714 -0.592027
42.1031 1.45874
42.2349 3.97373
42.3666 6.81562
42.4984 9.99236
42.6301 13.4893
42.7619 17.0896
42.8936 20.3931
43.0254 23.0007
43.1571 24.6642
43.2889 25.2732
43.4207 24.7436
43.5524 22.9647
43.6842 19.8705
43.8159 15.5476
43.9477 10.2521
44.0794 4.32504
44.2112 -1.88724
44.3429 -8.01602
44.4747 -13.6003
44.6064 -18.1012
44.7382 -21.0704
44.8699 -22.3765
45.0017 -22.2998
45.1334 -21.3972
45.2652 -20.2242
45.3969 -19.109
45.5287 -18.0961
45.6604 -17.0231
45.7922 -15.6149
45.9239 -13.5437
46.0557 -10.5094
46.1875 -6.39626
46.3192 -1.44386
46.451 3.72503
46.5827 8.31882
46.7145 11.7369
46.8462 13.8316
46.978 14.8845
47.1097 15.334
47.2415 15.4831
47.3732 15.3989
47.505 15.0226
47.6367 14.3275
47.7685 13.3622
47.9002 12.1768
48.032 10.7607
48.1637 9.09504
48.2955 7.26969
48.4272 5.51591
48.559 4.07404
48.6907 2.98585
48.8225 2.00017
48.9542 0.699548
49.086 -1.23117
49.2178 -3.79213
49.3495 -6.65672
49.4813 -9.34498
49.613 -11.4466
49.7448 -12.7671
49.8765 -13.3586
50.0083 -13.462
50.14 -13.3888
50.2718 -13.3613
50.4035 -13.3637
50.5353 -13.1042
50.667 -12.1639
50.7988 -10.2778
50.9305 -7.55845
51.0623 -4.47396
51.194 -1.57371
51.3258 0.83434
51.4575 2.79901
51.5893 4.55667
51.721 6.25099
51.8528 7.80521
51.9846 9.05193
52.1163 9.96935
52.2481 10.7683
52.3798 11.7224
52.5116 12.891
52.6433 13.9961
52.7751 14.5776
52.9068 14.2945
53.0386 13.1193
53.1703 11.2848
53.3021 9.07473
53.4338 6.66563
53.5656 4.13446
53.6973 1.56038
53.8291 -0.931418
53.9608 -3.23808
54.0926 -5.36107
54.2243 -7.37323
54.3561 -9.27193
54.4878 -10.8666
54.6196 -11.8448
54.7513 -11.9951
54.8831 -11.3966
55.0149 -10.398
55.1466 -9.39084
55.2784 -8.56702
55.4101 -7.8583
55.5419 -7.08133
55.6736 -6.13155
55.8054 -5.05067
55.9371 -3.93791
56.0689 -2.82831
56.2006 -1.67095
56.3324 -0.41469
56.4641 0.908383
56.5959 2.19838
56.7276 3.37989
56.8594 4.46183
56.9911 5.49488
57.1229 6.47549
57.2546 7.30926
57.3864 7.88373
57.5181 8.17786
57.6499 8.28892
57.7817 8.34029
57.9134 8.35978
58.0452 8.25263
58.1769 7.89726
58.3087 7.26575
58.4404 6.44688
58.5722 5.55318
58.7039 4.6137
58.8357 3.56456
58.9674 2.34123
59.0992 0.966652
59.2309 -0.462705
59.3627 -1.87393
59.4944 -3.28169
59.6262 -4.73361
59.7579 -6.18316
59.8897 -7.42894
60.0214 -8.20813
60.1532 -8.38132
60.2849 -8.04591
60.4167 -7.47167
60.5485 -6.9126
60.6802 -6.45765
60.812 -6.0352
60.9437 -5.53668
61.0755 -4.92348
61.2072 -4.22491
61.339 -3.46534
61.4707 -2.63249
61.6025 -1.73826
61.7342 -0.896039
61.866 -0.289361
61.9977 -0.000808556
62.1295 0.17356
62.2612 0.735784
62.393 2.24019
62.5247 4.90466
62.6565 8.32557
62.7882 11.5059
62.92 13.2298
63.0517 12.6209
63.1835 9.61547
63.3152 5.11009
63.447 0.675186
63.5788 -2.07632
63.7105 -2.19439
63.8423 0.179379
63.974 3.90469
64.1058 7.42584
64.2375 9.51681
64.3693 9.75265
64.501 8.46064
64.6328 6.26951
64.7645 3.64143
64.8963 0.72708
65.028 -2.42699
65.1598 -5.59391
65.2915 -8.31626
65.4233 -10.1504
65.555 -10.9719
65.6868 -11.0464
65.8185 -10.7917
65.9503 -10.4439
66.082 -9.92107
66.2138 -8.9864
66.3456 -7.53369
66.4773 -5.72652
66.6091 -3.88126
66.7408 -2.23333
66.8726 -0.817932
67.0043 0.441784
67.1361 1.56161
67.2678 2.43481
67.3996 2.94839
67.5313 3.15104
67.6631 3.28989
67.7948 3.66136
67.9266 4.40025
68.0583 5.38431
68.1901 6.31911
68.3218 6.91399
68.4536 7.01093
68.5853 6.60956
68.7171 5.83379
68.8488 4.90078
68.9806 4.08626
69.1124 3.63764
69.2441 3.63676
69.3759 3.90748
69.5076 4.07849
69.6394 3.79932
69.7711 2.96265
69.9029 1.75562
70.0346 0.497587
70.1664 -0.595249
70.2981 -1.51891
70.4299 -2.38853
70.5616 -3.25543
70.6934 -4.01913
70.8251 -4.51202
70.9569 -4.66027
71.0886 -4.55745
71.2204 -4.38486
71.3521 -4.26846
71.4839 -4.21508
71.6156 -4.17506
71.7474 -4.1423
71.8791 -4.17061
72.0109 -4.28645
72.1427 -4.39917
72.2744 -4.32024
72.4062 -3.89055
72.5379 -3.10001
72.6697 -2.08678
72.8014 -1.02206
72.9332 0.00482975
73.0649 0.997202
73.1967 1.96847
73.3284 2.87159
73.4602 3.62195
73.5919 4.1843
73.7237 4.6196
73.8554 5.03088
73.9872 5.45973
74.1189 5.84331
74.2507 6.0793
74.3824 6.12982
74.5142 6.05061
74.6459 5.91093
74.7777 5.6902
74.9095 5.26901
75.0412 4.53673
75.173 3.51265
75.3047 2.35566
75.4365 1.24635
75.5682 0.255411
75.7 -0.671985
75.8317 -1.60393
75.9635 -2.50158
76.0952 -3.22047
76.227 -3.63854
76.3587 -3.78441
76.4905 -3.83456
76.6222 -3.97585
76.754 -4.26135
76.8857 -4.59068
77.0175 -4.82164
77.1492 -4.89522
77.281 -4.85449
77.4127 -4.75464
77.5445 -4.57166
77.6763 -4.21023
77.808 -3.6008
77.9398 -2.78132
78.0715 -1.87725
78.2033 -1.0006
78.335 -0.170141
78.4668 0.671885
78.5985 1.57232
78.7303 2.50136
78.862 3.36817
78.9938 4.08823
79.1255 4.62639
79.2573 4.98135
79.389 5.15104
79.5208 5.13644
79.6525 4.98162
79.7843 4.78624
79.916 4.64227
80.0478 4.5355
80.1795 4.31567
80.3113 3.79512
80.443 2.91186
80.5748 1.81311
80.7066 0.770365
80.8383 -0.0327023
80.9701 -0.535029
81.1018 -0.90875
81.2336 -1.30397
81.3653 -1.64483
81.4971 -1.86678
81.6288 -1.77356
81.7606 -1.53174
81.8923 -1.30535
82.0241 -1.34659
82.1558 -1.71511
82.2876 -2.29405
82.4193 -2.88619
82.5511 -3.24079
82.6828 -3.30515
82.8146 -3.12022
82.9463 -2.73072
83.0781 -2.19927
83.2098 -1.66158
83.3416 -1.21776
83.4734 -0.921183
83.6051 -0.737533
83.7369 -0.576533
83.8686 -0.269942
84.0004 0.101077
84.1321 0.460037
84.2639 0.863158
84.3956 1.16601
84.5274 1.40381
84.6591 1.57405
84.7909 1.60284
84.9226 1.58461
85.0544 1.65258
85.1861 1.98391
85.3179 2.55193
85.4496 3.18069
85.5814 3.60798
85.7131 3.55966
85.8449 3.08881
85.9766 2.38147
86.1084 1.76677
86.2402 1.31204
86.3719 0.975155
86.5037 0.557958
86.6354 0.000899677
86.7672 -0.591877
86.8989 -0.924676
87.0307 -1.01175
87.1624 -0.995957
87.2942 -1.04861
87.4259 -1.25995
87.5577 -1.48939
87.6894 -1.40568
87.8212 -1.21701
87.9529 -0.976567
88.0847 -0.765823
88.2164 -0.735239
88.3482 -0.780878
88.4799 -0.862711
88.6117 -0.883189
88.7434 -0.911618
88.8752 -0.946426
89.0069 -1.04541
89.1387 -1.0527
89.2705 -0.899677
89.4022 -0.568737
89.534 -0.222917
89.6657 0.0234661
89.7975 0.223715
89.9292 0.398119
90.061 0.647574
90.1927 0.920595
90.3245 1.17057
90.4562 1.35175
90.588 1.50776
90.7197 1.57919
90.8515 1.60751
90.9832 1.60808
91.115 1.46963
91.2467 1.237
91.3785 0.917398
91.5102 0.671947
91.642 0.443684
91.7737 0.316395
91.9055 0.146482
92.0373 0.0593928
92.169 0.0415953
92.3008 0.124729
92.4325 0.291248
92.5643 0.421887
92.696 0.486779
92.8278 0.444039
92.9595 0.331047
93.0913 0.107013
93.223 -0.143609
93.3548 -0.459181
93.4865 -0.713386
93.6183 -0.903376
93.75 -0.979638
93.8818 -0.907629
94.0135 -0.75955
94.1453 -0.554359
94.277 -0.492898
94.4088 -0.475154
94.5405 -0.473091
94.6723 -0.366883
94.8041 -0.300199
94.9358 -0.188005
95.0676 -0.0541799
95.1993 0.0623787
95.3311 0.0834714
95.4628 0.0788817
95.5946 -0.00633935
95.7263 -0.0290176
95.8581 -0.054058
95.9898 -0.0541584
96.1216 0.0925465
96.2533 0.307371
96.3851 0.482558
96.5168 0.602677
96.6486 0.613411
96.7803 0.569497
96.9121 0.515513
97.0438 0.53211
97.1756 0.544986
97.3073 0.561976
97.4391 0.49408
97.5708 0.531439
97.7026 0.653863
97.8344 0.717595
97.9661 0.701527
98.0979 0.448
98.2296 -0.0058107
98.3614 -0.413937
98.4931 -0.625678
98.6249 -0.692506
98.7566 -0.60132
98.8884 -0.414395
99.0201 -0.142957
99.1519 0.065515
99.2836 0.239155
99.4154 0.403945
99.5471 0.402907
99.6789 0.32821
99.8106 0.108605
99.9424 -0.120581
100.074 -0.251697
100.206 -0.29986
100.338 -0.272196
100.469 -0.311228
100.601 -0.300352
100.733 -0.308814
100.865 -0.322224
100.996 -0.314205
101.128 -0.371331
101.26 -0.351033
101.392 -0.278165
101.523 -0.159142
101.655 -0.058996
101.787 -0.0139714
101.919 -0.0403077
102.05 -0.0577028
102.182 -0.0220707
102.314 -0.0506684
102.446 0.00675224
102.577 0.0377963
102.709 0.0748639
102.841 0.065582
102.973 0.168737
103.104 0.288358
103.236 0.455296
103.368 0.476973
103.5 0.458628
103.631 0.364777
103.763 0.360664
103.895 0.355016
104.027 0.313168
104.158 0.198601
104.29 0.117647
104.422 0.10314
104.554 0.16752
104.685 0.259384
104.817 0.228976
104.949 0.218987
105.081 0.171061
105.212 0.0497412
105.344 -0.068142
105.476 -0.135382
105.608 -0.170504
105.739 -0.13907
105.871 -0.115955
106.003 -0.0693854
106.135 -0.102615
106.267 -0.128531
106.398 -0.17574
106.53 -0.209656
106.662 -0.289732
106.794 -0.31286
106.925 -0.220834
107.057 -0.127082
107.189 -0.0762599
107.321 -0.0586165
107.452 -0.0563813
107.584 -0.0380229
107.716 -0.00797504
107.848 0.0512308
107.979 0.103966
108.111 0.192172
108.243 0.181097
108.375 0.21871
108.506 0.188545
108.638 0.115743
108.77 0.0724729
108.902 0.0315042
109.033 0.0603517
109.165 0.113703
109.297 0.19142
109.429 0.12419
109.56 0.091117
109.692 0.0272061
109.824 -0.036464
109.956 -0.0186275
110.087 0.0116701
110.219 -0.0256982
110.351 -0.0771494
110.483 -0.063443
110.614 -0.0186191
110.746 -0.0010263
110.878 -0.0112182
111.01 -0.034222
111.141 -0.0694964
111.273 -0.0541546
111.405 -0.0216698
111.537 -0.0157099
111.668 0.0118354
111.8 0.00324142
111.932 0.0027853
112.064 0.0101854
112.195 0.0362289
112.327 0.0246889
112.459 0.0199616
112.591 -0.0150558
112.722 -0.0298415
112.854 0.00437876
112.986 0.00908267
113.118 0.0163386
113.249 0.0036847
113.381 0.00790289
113.513 0.00454467
113.645 0.00359339
113.776 0.00310944
113.908 0.00349264
114.04 0.00427348
114.172 0.00470015
114.303 0.0044499
114.435 0.00364534
114.567 0.002243
114.699 0.0039628
114.83 0.00583982
114.962 0.00658856
115.094 0.00409002
115.226 -0.00237287
115.357 -0.011073
115.489 0.00398034
115.621 0.00398034
115.753 0.00398034
115.884 0.00398034
116.016 0.00398034
116.148 0.00398034
116.28 0.00398034
116.411 0.00398034
116.543 0.00398034
116.675 0.00398034
116.807 0.00398034
116.938 0.00398034
117.07 0.00398034
117.202 0.00398034
117.334 0.00398034
117.465 0.00398034
117.597 0.00398034
117.729 0.00398034
117.861 0.00398034
117.992 0.00398034
118.124 0.00398034
118.256 0.00398034
118.388 0.00398034
118.519 0.00398034
118.651 0.00398034
118.783 0.00398034
118.915 0.00398034
119.046 0.00398034
119.178 0.00398034
119.31 0.00398034
119.442 0.00398034
119.573 0.00398034
119.705 0.00398034
119.837 0.00398034
119.969 0.00398034
120.1 0.00398034
120.232 0.00398034
120.364 0.00398034
120.496 0.00398034
120.628 0.00398034
120.759 0.00398034
120.891 0.00398034
121.023 0.00398034
121.155 0.00398034
121.286 0.00398034
121.418 0.00398034
121.55 0.00398034
121.682 0.00398034
121.813 0.00398034
121.945 0.00398034
122.077 0.00398034
122.209 0.00398034
122.34 0.00398034
122.472 0.00398034
122.604 0.00398034
122.736 0.00398034
122.867 0.00398034
122.999 0.00398034
123.131 0.00398034
123.263 0.00398034
123.394 0.00398034
123.526 0.00398034
123.658 0.00398034
123.79 0.00398034
123.921 0.00398034
124.053 0.00398034
124.185 0.00398034
124.317 0.00398034
124.448 0.00398034
124.58 0.00398034
124.712 0.00398034
124.844 0.00398034
124.975 0.00398034
125.107 0.00398034
125.239 0.00398034
125.371 0.00398034
125.502 0.00398034
125.634 0.00398034
125.766 0.00398034
125.898 0.00398034
126.029 0.00398034
126.161 0.00398034
126.293 0.00398034
126.425 0.00398034
126.556 0.00398034
126.688 0.00398034
126.82 0.00398034
126.952 0.00398034
127.083 0.00398034
127.215 0.00398034
127.347 0.00398034
127.479 0.00398034
127.61 0.00398034
127.742 0.00398034
127.874 0.00398034
128.006 0.00398034
128.137 0.00398034
128.269 0.00398034
128.401 0.00398034
128.533 0.00398034
128.664 0.00398034
128.796 0.00398034
128.928 0.00398034
129.06 0.00398034
129.191 0.00398034
129.323 0.00398034
129.455 0.00398034
129.587 0.00398034
129.718 0.00398034
129.85 0.00398034
129.982 0.00398034
130.114 0.00398034
130.245 0.00398034
130.377 0.00398034
130.509 0.00398034
130.641 0.00398034
130.772 0.00398034
130.904 0.00398034
131.036 0.00398034
131.168 0.00398034
131.299 0.00398034
131.431 0.00398034
131.563 0.00398034
131.695 0.00398034
131.826 0.00398034
