-4.58213 0.21842
-4.45037 0.211521
-4.31862 0.164774
-4.18687 0.116819
-4.05512 0.0799084
-3.92336 0.02283
-3.79161 -0.00881291
-3.65986 -0.0594119
-3.52811 -0.112631
-3.39636 -0.098614
-3.2646 -0.0691239
-3.13285 -0.00972075
-3.0011 -0.0284239
-2.86935 -0.0743126
-2.73759 -0.0591272
-2.60584 0.0125527
-2.47409 0.140412
-2.34234 0.294805
-2.21058 0.326712
-2.07883 0.297122
-1.94708 0.146684
-1.81533 -0.0677441
-1.68358 -0.208076
-1.55182 -0.206872
-1.42007 -0.156
-1.28832 -0.0467419
-1.15657 0.018737
-1.02481 0.119987
-0.893061 0.144308
-0.761309 0.135298
-0.629557 0.0923476
-0.497805 0.0122369
-0.366052 -0.0669021
-0.2343 -0.114412
-0.102548 -0.0839708
0.0292047 0.0443301
0.160957 0.217024
0.292709 0.323599
0.424462 0.31107
0.556214 0.231378
0.687966 0.113103
0.819719 -0.0554135
0.951471 -0.204699
1.08322 -0.215765
1.21498 -0.129386
1.34673 0.00158586
1.47848 0.246623
1.61023 0.433492
1.74198 0.536566
1.87374 0.376143
2.00549 0.0732219
2.13724 -0.240177
2.26899 -0.453598
2.40075 -0.479396
2.5325 -0.372282
2.66425 -0.203531
2.796 -0.0333953
2.92776 0.110088
3.05951 0.190701
3.19126 0.203753
3.32301 0.173773
3.45476 0.191179
3.58652 0.190829
3.71827 0.149101
3.85002 0.125054
3.98177 0.0431299
4.11353 -0.115344
4.24528 -0.302329
4.37703 -0.420033
4.50878 -0.429989
4.64054 -0.295184
4.77229 -0.0186532
4.90404 0.251339
5.03579 0.466309
5.16754 0.611164
5.2993 0.660631
5.43105 0.657217
5.5628 0.544575
5.69455 0.366914
5.82631 0.206639
5.95806 0.0819499
6.08981 -0.0447844
6.22156 -0.0881535
6.35332 -0.0805703
6.48507 -0.0657948
6.61682 -0.0772921
6.74857 -0.120325
6.88032 -0.19903
7.01208 -0.216247
7.14383 -0.257961
7.27558 -0.284516
7.40733 -0.233616
7.53909 -0.129216
7.67084 -0.0374829
7.80259 0.0694691
7.93434 0.0726723
8.0661 -0.00383368
8.19785 -0.0964823
8.3296 -0.173295
8.46135 -0.143921
8.5931 -0.00291164
8.72486 0.10512
8.85661 0.226696
8.98836 0.353357
9.12011 0.395727
9.25187 0.463426
9.38362 0.448342
9.51537 0.280075
9.64712 0.0287684
9.77888 -0.31166
9.91063 -0.512556
10.0424 -0.500444
10.1741 -0.287318
10.3059 0.0279299
10.4376 0.310114
10.5694 0.497287
10.7011 0.599278
10.8329 0.587922
10.9646 0.488402
11.0964 0.351661
11.2282 0.209932
11.3599 0.0175258
11.4917 -0.114699
11.6234 -0.186123
11.7552 -0.111598
11.8869 0.000408588
12.0187 0.193763
12.1504 0.288604
12.2822 0.411347
12.4139 0.418165
12.5457 0.251434
12.6774 -0.0861008
12.8092 -0.465621
12.9409 -0.744581
13.0727 -0.867276
13.2044 -0.780015
13.3362 -0.569148
13.4679 -0.375152
13.5997 -0.18737
13.7314 -0.00162833
13.8632 0.23132
13.9949 0.494772
14.1267 0.674613
14.2585 0.861393
14.3902 0.908261
14.522 0.822435
14.6537 0.718084
14.7855 0.539218
14.9172 0.360223
15.049 0.181702
15.1807 0.0668199
15.3125 0.0656309
15.4442 0.125787
15.576 0.22894
15.7077 0.320279
15.8395 0.364721
15.9712 0.299264
16.103 0.188835
16.2347 -0.0154353
16.3665 -0.310419
16.4982 -0.455599
16.63 -0.430568
16.7617 -0.103541
16.8935 0.301018
17.0253 0.587037
17.157 0.627889
17.2888 0.466038
17.4205 0.175039
17.5523 -0.0323211
17.684 -0.133353
17.8158 -0.144937
17.9475 -0.150386
18.0793 -0.218201
18.211 -0.301099
18.3428 -0.421265
18.4745 -0.433909
18.6063 -0.419431
18.738 -0.328759
18.8698 -0.206589
19.0015 0.0116631
19.1333 0.2766
19.265 0.57047
19.3968 0.881855
19.5285 1.09233
19.6603 1.14639
19.7921 1.03144
19.9238 0.785586
20.0556 0.466197
20.1873 0.162956
20.3191 -0.02013
20.4508 -0.0271671
20.5826 0.146447
20.7143 0.347289
20.8461 0.471331
20.9778 0.343011
21.1096 -0.00748581
21.2413 -0.431652
21.3731 -0.706787
21.5048 -0.76409
21.6366 -0.615219
21.7683 -0.448275
21.9001 -0.307195
22.0318 -0.189962
22.1636 -0.109296
22.2953 -0.059497
22.4271 -0.0603614
22.5588 -0.0964353
22.6906 -0.0941947
22.8224 0.02551
22.9541 0.24715
23.0859 0.478458
23.2176 0.562448
23.3494 0.442738
23.4811 0.215609
23.6129 0.0575606
23.7446 0.0796915
23.8764 0.240677
24.0081 0.395727
24.1399 0.429362
24.2716 0.343423
24.4034 0.223814
24.5351 0.134916
24.6669 0.0600495
24.7986 -0.0503702
24.9304 -0.182635
25.0621 -0.231663
25.1939 -0.0873135
25.3256 0.243365
25.4574 0.604608
25.5892 0.7954
25.7209 0.720268
25.8527 0.451907
25.9844 0.154903
26.1162 -0.0492832
26.2479 -0.150073
26.3797 -0.202335
26.5114 -0.238559
26.6432 -0.240472
26.7749 -0.190966
26.9067 -0.12904
27.0384 -0.126149
27.1702 -0.197405
27.3019 -0.248546
27.4337 -0.136723
27.5654 0.194072
27.6972 0.630942
27.8289 0.952114
27.9607 0.983399
28.0924 0.711999
28.2242 0.263232
28.356 -0.217517
28.4877 -0.649185
28.6195 -0.990679
28.7512 -1.16445
28.883 -1.04812
29.0147 -0.575801
29.1465 0.147065
29.2782 0.85339
29.41 1.27522
29.5417 1.32463
29.6735 1.12836
29.8052 0.884339
29.937 0.682026
30.0687 0.462161
30.2005 0.145299
30.3322 -0.219366
30.464 -0.456301
30.5957 -0.427866
30.7275 -0.192298
30.8592 0.019396
30.991 0.00234643
31.1227 -0.236703
31.2545 -0.491005
31.3863 -0.551005
31.518 -0.389844
31.6498 -0.15649
31.7815 0.00177727
31.9133 0.0898087
32.045 0.227044
32.1768 0.471701
32.3085 0.713761
32.4403 0.772967
32.572 0.60817
32.7038 0.403511
32.8355 0.40934
32.9673 0.677409
33.099 0.965275
33.2308 0.935075
33.3625 0.474241
33.4943 -0.174961
33.626 -0.615835
33.7578 -0.641657
33.8895 -0.392225
34.0213 -0.179103
34.1531 -0.170638
34.2848 -0.263464
34.4166 -0.260348
34.5483 -0.140779
34.6801 -0.107125
34.8118 -0.335468
34.9436 -0.700791
35.0753 -0.808144
35.2071 -0.353646
35.3388 0.530433
35.4706 1.32308
35.6023 1.55676
35.7341 1.2423
35.8658 0.846992
35.9976 0.825469
36.1293 1.15764
36.2611 1.35531
36.3928 0.927102
36.5246 -0.182973
36.6563 -1.6351
36.7881 -3.12559
36.9199 -4.63982
37.0516 -6.08855
37.1834 -6.60304
37.3151 -4.36809
37.4469 2.34049
37.5786 13.2717
37.7104 24.8428
37.8421 30.7322
37.9739 24.6963
38.1056 4.30244
38.2374 -26.5808
38.3691 -58.1846
38.5009 -78.2504
38.6326 -77.0086
38.7644 -51.5331
38.8961 -7.57489
39.0279 41.9938
39.1596 81.6767
39.2914 99.1336
39.4231 89.8659
39.5549 58.6569
39.6866 16.9859
39.8184 -22.3215
39.9502 -50.3783
40.0819 -64.6886
40.2137 -67.8412
40.3454 -63.9414
40.4772 -55.5504
40.6089 -43.08
40.7407 -26.4148
40.8724 -6.80666
41.0042 12.8136
41.1359 29.2828
41.2677 40.9302
41.3994 47.9517
41.5312 51.2079
41.6629 50.7617
41.7947 45.6803
41.9264 35.3189
42.0582 20.7827
42.1899 5.00954
42.3217 -8.80716
42.4534 -19.1426
42.5852 -26.7107
42.717 -33.1842
42.8487 -39.2355
42.9805 -43.6564
43.1122 -44.2968
43.244 -39.9135
43.3757 -31.2667
43.5075 -20.5743
43.6392 -9.94475
43.771 -0.236391
43.9027 8.76866
44.0345 17.2873
44.1662 24.7465
44.298 30.0435
44.4297 32.4976
44.5615 32.4618
44.6932 30.9597
44.825 28.7202
44.9567 25.5745
45.0885 20.7988
45.2202 14.0454
45.352 5.94864
45.4838 -2.15728
45.6155 -9.10773
45.7473 -14.5428
45.879 -18.7815
46.0108 -22.1742
46.1425 -24.6284
46.2743 -25.7402
46.406 -25.3029
46.5378 -23.5999
46.6695 -21.1654
46.8013 -18.2859
46.933 -14.7935
47.0648 -10.3847
47.1965 -5.13771
47.3283 0.319964
47.46 5.19246
47.5918 9.08985
47.7235 12.2384
47.8553 15.1264
47.987 17.9346
48.1188 20.2957
48.2505 21.5928
48.3823 21.4802
48.5141 20.1234
48.6458 17.9597
48.7776 15.2647
48.9093 11.9765
49.0411 7.94436
49.1728 3.3254
49.3046 -1.29172
49.4363 -5.18627
49.5681 -7.96564
49.6998 -9.78184
49.8316 -11.14
49.9633 -12.5006
50.0951 -14.0123
50.2268 -15.5265
50.3586 -16.7631
50.4903 -17.412
50.6221 -17.1255
50.7538 -15.5453
50.8856 -12.4948
51.0173 -8.24706
51.1491 -3.60181
51.2809 0.404559
51.4126 3.02892
51.5444 4.22153
51.6761 4.59154
51.8079 4.96394
51.9396 5.86511
52.0714 7.29892
52.2031 8.91258
52.3349 10.3453
52.4666 11.4613
52.5984 12.3296
52.7301 13.0474
52.8619 13.5961
52.9936 13.8343
53.1254 13.5797
53.2571 12.6764
53.3889 11.0065
53.5206 8.48662
53.6524 5.10547
53.7841 0.993688
53.9159 -3.53615
54.0477 -8.02937
54.1794 -11.995
54.3112 -15.0185
54.4429 -16.8369
54.5747 -17.37
54.7064 -16.727
54.8382 -15.1845
54.9699 -13.1223
55.1017 -10.92
55.2334 -8.8561
55.3652 -7.06099
55.4969 -5.53403
55.6287 -4.18442
55.7604 -2.85213
55.8922 -1.31708
56.0239 0.649392
56.1557 3.16149
56.2874 6.08247
56.4192 8.99335
56.5509 11.3394
56.6827 12.6927
56.8144 12.9587
56.9462 12.3836
57.078 11.3621
57.2097 10.1999
57.3415 8.99952
57.4732 7.72016
57.605 6.31699
57.7367 4.8242
57.8685 3.33012
58.0002 1.90606
58.132 0.580255
58.2637 -0.622961
58.3955 -1.64335
58.5272 -2.41317
58.659 -2.94234
58.7907 -3.37277
58.9225 -3.92656
59.0542 -4.76725
59.186 -5.8784
59.3177 -7.0561
59.4495 -8.02068
59.5812 -8.56205
59.713 -8.62246
59.8448 -8.28413
59.9765 -7.69928
60.1083 -7.01645
60.24 -6.32683
60.3718 -5.62876
60.5035 -4.81762
60.6353 -3.72603
60.767 -2.2221
60.8988 -0.319416
61.0305 1.78325
61.1623 3.78097
61.294 5.41741
61.4258 6.6042
61.5575 7.41747
61.6893 7.98663
61.821 8.37952
61.9528 8.58051
62.0845 8.56205
62.2163 8.35864
62.348 8.05539
62.4798 7.69585
62.6115 7.20359
62.7433 6.40918
62.8751 5.17804
63.0068 3.53758
63.1386 1.69495
63.2703 -0.0732294
63.4021 -1.57406
63.5338 -2.78172
63.6656 -3.80346
63.7973 -4.77243
63.9291 -5.75167
64.0608 -6.70218
64.1926 -7.50974
64.3243 -8.03498
64.4561 -8.16159
64.5878 -7.83779
64.7196 -7.10636
64.8513 -6.10568
64.9831 -5.02632
65.1148 -4.03618
65.2466 -3.21678
65.3783 -2.55061
65.5101 -1.96021
65.6419 -1.36087
65.7736 -0.687855
65.9054 0.104797
66.0371 1.04474
66.1689 2.11898
66.3006 3.24563
66.4324 4.28073
66.5641 5.07819
66.6959 5.56817
66.8276 5.79136
66.9594 5.85702
67.0911 5.85785
67.2229 5.81238
67.3546 5.67883
67.4864 5.41816
67.6181 5.04172
67.7499 4.60031
67.8816 4.13231
68.0134 3.62759
68.1451 3.04326
68.2769 2.35212
68.4087 1.57176
68.5404 0.744714
68.6722 -0.107138
68.8039 -1.00358
68.9357 -1.97739
69.0674 -3.02158
69.1992 -4.0628
69.3309 -4.98576
69.4627 -5.68666
69.5944 -6.11142
69.7262 -6.25652
69.8579 -6.14787
69.9897 -5.82724
70.1214 -5.35488
70.2532 -4.80971
70.3849 -4.2676
70.5167 -3.76522
70.6484 -3.27985
70.7802 -2.74581
70.9119 -2.09537
71.0437 -1.2907
71.1754 -0.328752
71.3072 0.76488
71.439 1.92455
71.5707 3.01676
71.7025 3.83947
71.8342 4.19608
71.966 4.0344
72.0977 3.56327
72.2295 3.23327
72.3612 3.53451
72.493 4.6921
72.6247 6.43779
72.7565 8.02661
72.8882 8.54067
73.02 7.35162
73.1517 4.50146
73.2835 0.781681
73.4152 -2.5618
73.547 -4.37103
73.6787 -4.09839
73.8105 -2.04193
73.9422 0.823552
74.074 3.31813
74.2058 4.56941
74.3375 4.30252
74.4693 2.79845
74.601 0.616641
74.7328 -1.70617
74.8645 -3.81099
74.9963 -5.50335
75.128 -6.67468
75.2598 -7.26965
75.3915 -7.31772
75.5233 -6.95707
75.655 -6.38118
75.7868 -5.72565
75.9185 -4.9903
76.0503 -4.07493
76.182 -2.90629
76.3138 -1.5464
76.4455 -0.184949
76.5773 0.975825
76.709 1.83871
76.8408 2.43013
76.9726 2.81836
77.1043 3.02716
77.2361 3.0393
77.3678 2.88631
77.4996 2.72346
77.6313 2.79059
77.7631 3.26248
77.8948 4.10036
78.0266 5.02806
78.1583 5.66088
78.2901 5.69909
78.4218 5.06037
78.5536 3.88791
78.6853 2.46468
78.8171 1.10641
78.9488 0.0784963
79.0806 -0.464132
79.2123 -0.522439
79.3441 -0.263067
79.4758 0.0424669
79.6076 0.144783
79.7393 -0.0590792
79.8711 -0.493304
80.0029 -0.991503
80.1346 -1.43651
80.2664 -1.8371
80.3981 -2.28087
80.5299 -2.81206
80.6616 -3.34852
80.7934 -3.71452
80.9251 -3.76091
81.0569 -3.46941
81.1886 -2.95924
81.3204 -2.40504
81.4521 -1.94629
81.5839 -1.6571
81.7156 -1.57158
81.8474 -1.70464
81.9791 -2.02499
82.1109 -2.40519
82.2426 -2.61751
82.3744 -2.41497
82.5061 -1.65945
82.6379 -0.408125
82.7697 1.10539
82.9014 2.57965
83.0332 3.76705
83.1649 4.5378
83.2967 4.8749
83.4284 4.83992
83.5602 4.54945
83.6919 4.16228
83.8237 3.84828
83.9554 3.72527
84.0872 3.79339
84.2189 3.92
84.3507 3.90186
84.4824 3.5739
84.6142 2.89571
84.7459 1.96114
84.8777 0.931675
85.0094 -0.0543999
85.1412 -0.936493
85.2729 -1.72353
85.4047 -2.44313
85.5365 -3.09143
85.6682 -3.61695
85.8 -3.94283
85.9317 -4.00788
86.0635 -3.80059
86.1952 -3.37046
86.327 -2.81557
86.4587 -2.25602
86.5905 -1.80399
86.7222 -1.53747
86.854 -1.48006
86.9857 -1.5899
87.1175 -1.76434
87.2492 -1.86761
87.381 -1.77918
87.5127 -1.44491
87.6445 -0.902089
87.7762 -0.258924
87.908 0.364023
88.0397 0.895575
88.1715 1.33979
88.3032 1.7517
88.435 2.18378
88.5668 2.64167
88.6985 3.07476
88.8303 3.39891
88.962 3.52572
89.0938 3.4154
89.2255 3.06752
89.3573 2.55694
89.489 2.02337
89.6208 1.64043
89.7525 1.4878
89.8843 1.54162
90.016 1.63536
90.1478 1.56718
90.2795 1.16896
90.4113 0.386053
90.543 -0.529972
90.6748 -1.35002
90.8065 -1.8456
90.9383 -1.96342
91.07 -1.81964
91.2018 -1.51806
91.3336 -1.20085
91.4653 -0.913661
91.5971 -0.746439
91.7288 -0.718394
91.8606 -0.809646
91.9923 -1.0618
92.1241 -1.33361
92.2558 -1.53638
92.3876 -1.49556
92.5193 -1.26992
92.6511 -0.890227
92.7828 -0.534834
92.9146 -0.251167
93.0463 -0.108547
93.1781 -0.111908
93.3098 -0.17736
93.4416 -0.197107
93.5733 -0.138212
93.7051 0.011409
93.8368 0.226815
93.9686 0.458274
94.1004 0.664544
94.2321 0.847264
94.3639 0.984078
94.4956 1.05603
94.6274 1.09977
94.7591 1.18202
94.8909 1.28209
95.0226 1.49866
95.1544 1.76307
95.2861 1.97111
95.4179 2.04416
95.5496 1.80902
95.6814 1.26022
95.8131 0.531094
95.9449 -0.142405
96.0766 -0.536682
96.2084 -0.647785
96.3401 -0.513957
96.4719 -0.283983
96.6036 -0.130954
96.7354 -0.0552731
96.8671 -0.096567
96.9989 -0.162468
97.1307 -0.290686
97.2624 -0.49907
97.3942 -0.672153
97.5259 -0.733876
97.6577 -0.692886
97.7894 -0.554666
97.9212 -0.552291
98.0529 -0.68355
98.1847 -0.88831
98.3164 -1.08121
98.4482 -1.14435
98.5799 -0.949168
98.7117 -0.616273
98.8434 -0.211656
98.9752 0.0597357
99.1069 0.263481
99.2387 0.360724
99.3704 0.37436
99.5022 0.345424
99.6339 0.30521
99.7657 0.314346
99.8975 0.388857
100.029 0.489111
100.161 0.566928
100.293 0.614731
100.424 0.631612
100.556 0.604562
100.688 0.59326
100.82 0.676071
100.951 0.793879
101.083 0.80353
101.215 0.728447
101.347 0.622051
101.478 0.406476
101.61 0.21211
101.742 0.00788209
101.874 -0.0441916
102.005 -0.00740549
102.137 0.0945154
102.269 0.236967
102.401 0.334919
102.532 0.364545
102.664 0.296273
102.796 0.12989
102.928 -0.106095
103.06 -0.334782
103.191 -0.4979
103.323 -0.564617
103.455 -0.576066
103.587 -0.451435
103.718 -0.222798
103.85 -0.078156
103.982 -0.0762918
104.114 -0.231002
104.245 -0.460726
104.377 -0.627062
104.509 -0.574537
104.641 -0.322271
104.772 -0.0381326
104.904 0.184147
105.036 0.231172
105.168 0.104376
105.299 -0.0854798
105.431 -0.292573
105.563 -0.41561
105.695 -0.465118
105.826 -0.451972
105.958 -0.297273
106.09 0.0787627
106.222 0.506448
106.353 0.829005
106.485 0.9125
106.617 0.745875
106.749 0.449582
106.88 0.215111
107.012 0.0799539
107.144 0.148132
107.276 0.310742
107.407 0.420991
107.539 0.446421
107.671 0.418723
107.803 0.280064
107.934 0.136621
108.066 0.00257225
108.198 -0.0908353
108.33 -0.0761294
108.461 -0.0152658
108.593 0.0147284
108.725 0.0399727
108.857 -0.0585326
108.988 -0.24973
109.12 -0.365796
109.252 -0.469503
109.384 -0.486438
109.515 -0.422093
109.647 -0.375887
109.779 -0.271507
109.911 -0.203515
110.042 -0.141753
110.174 -0.0731288
110.306 0.00530481
110.438 0.102526
110.569 0.189294
110.701 0.218077
110.833 0.212887
110.965 0.159395
111.096 0.0372195
111.228 -0.124086
111.36 -0.195721
111.492 -0.21736
111.623 -0.15865
111.755 -0.112752
111.887 0.00301899
112.019 0.10992
112.15 0.326252
112.282 0.421649
112.414 0.421884
112.546 0.327479
112.677 0.20566
112.809 0.112432
112.941 0.102131
113.073 0.204388
113.204 0.293019
113.336 0.294223
113.468 0.229054
113.6 0.088586
113.731 -0.036752
113.863 -0.110538
113.995 -0.120756
114.127 -0.0435373
114.258 -0.0703241
114.39 -0.0939611
114.522 -0.0890382
114.654 -0.108768
114.785 -0.0556139
114.917 0.00758929
115.049 0.0835887
115.181 0.123856
115.312 0.0987077
115.444 0.0657225
115.576 0.021669
115.708 -0.0195406
115.839 -0.0670775
115.971 -0.0928937
116.103 -0.175112
116.235 -0.236489
116.366 -0.193876
116.498 -0.160363
116.63 -0.0531705
116.762 -0.00751463
116.893 0.0592739
117.025 0.12744
117.157 0.164216
117.289 0.126304
117.421 0.0889675
117.552 0.0226753
117.684 -0.00570283
117.816 -0.0224409
117.948 -0.0485415
118.079 -0.07327
118.211 -0.109041
118.343 -0.0529643
118.475 -0.00564665
118.606 0.0863916
118.738 0.116604
118.87 0.107901
119.002 0.0311349
119.133 -0.0147415
119.265 -0.0102632
119.397 -0.0104383
119.529 0.00535711
119.66 0.0195903
119.792 0.0266475
119.924 0.020381
120.056 0.0104348
120.187 0.00100756
120.319 -0.00637284
120.451 0.00589387
120.583 0.0158593
120.714 0.047882
120.846 0.0248808
120.978 0.00577622
121.11 -0.00465496
121.241 0.013101
121.373 0.021492
121.505 0.0331807
121.637 0.00709449
121.768 0.0160328
121.9 0.0225248
122.032 0.0116275
122.164 0.0118482
122.295 0.0125717
122.427 0.0130841
122.559 0.012054
122.691 0.00866327
122.822 0.00379008
122.954 0.0119036
123.086 0.0119036
123.218 0.0119036
123.349 0.0119036
123.481 0.0119036
123.613 0.0119036
123.745 0.0119036
123.876 0.0119036
124.008 0.0119036
124.14 0.0119036
124.272 0.0119036
124.403 0.0119036
124.535 0.0119036
124.667 0.0119036
124.799 0.0119036
124.93 0.0119036
125.062 0.0119036
125.194 0.0119036
125.326 0.0119036
125.457 0.0119036
125.589 0.0119036
125.721 0.0119036
125.853 0.0119036
125.984 0.0119036
126.116 0.0119036
126.248 0.0119036
126.38 0.0119036
126.511 0.0119036
126.643 0.0119036
126.775 0.0119036
126.907 0.0119036
127.038 0.0119036
127.17 0.0119036
127.302 0.0119036
127.434 0.0119036
127.565 0.0119036
127.697 0.0119036
127.829 0.0119036
127.961 0.0119036
128.092 0.0119036
128.224 0.0119036
128.356 0.0119036
128.488 0.0119036
128.619 0.0119036
128.751 0.0119036
128.883 0.0119036
129.015 0.0119036
129.146 0.0119036
129.278 0.0119036
129.41 0.0119036
129.542 0.0119036
129.673 0.0119036
129.805 0.0119036
129.937 0.0119036
130.069 0.0119036
130.2 0.0119036
