-4.48626 -0.189249
-4.35451 -0.232521
-4.22276 -0.120903
-4.091 0.0445504
-3.95925 0.152052
-3.8275 0.254357
-3.69575 0.274132
-3.56399 0.284681
-3.43224 0.227858
-3.30049 0.0431334
-3.16874 -0.191906
-3.03698 -0.437973
-2.90523 -0.554397
-2.77348 -0.495189
-2.64173 -0.24307
-2.50998 0.100178
-2.37822 0.417907
-2.24647 0.639617
-2.11472 0.816007
-1.98297 0.894062
-1.85121 0.817616
-1.71946 0.561493
-1.58771 0.0513273
-1.45596 -0.464513
-1.3242 -0.967806
-1.19245 -1.07573
-1.0607 -0.882342
-0.928948 -0.578508
-0.797195 -0.238805
-0.665443 0.0720197
-0.533691 0.30125
-0.401939 0.397627
-0.270186 0.39013
-0.138434 0.434391
-0.00668161 0.464984
0.125071 0.638866
0.256823 0.926603
0.388575 1.07234
0.520328 0.933507
0.65208 0.612556
0.783832 0.164575
0.915585 -0.291466
1.04734 -0.585517
1.17909 -0.721894
1.31084 -0.693001
1.44259 -0.585131
1.57435 -0.27458
1.7061 0.125384
1.83785 0.486841
1.9696 0.769392
2.10136 0.671961
2.23311 0.415934
2.36486 0.115937
2.49661 -0.00784246
2.62836 0.0596709
2.76012 0.210432
2.89187 0.342518
3.02362 0.320364
3.15537 0.190155
3.28713 0.0838985
3.41888 -0.024489
3.55063 -0.134453
3.68238 -0.227088
3.81414 -0.262007
3.94589 -0.150917
4.07764 0.0122483
4.20939 0.192371
4.34114 0.1381
4.4729 -0.0510375
4.60465 -0.277266
4.7364 -0.43292
4.86815 -0.387124
4.99991 -0.189275
5.13166 0.0555142
5.26341 0.25001
5.39516 0.491419
5.52692 0.771374
5.65867 1.06294
5.79042 1.23755
5.92217 1.15178
6.05392 0.788856
6.18568 0.370006
6.31743 0.0329712
6.44918 -0.16357
6.58093 -0.197993
6.71269 -0.27733
6.84444 -0.347194
6.97619 -0.316434
7.10794 -0.167576
7.2397 0.074659
7.37145 0.193038
7.5032 0.17213
7.63495 0.0706459
7.7667 -0.0464269
7.89846 -0.0820666
8.03021 -0.0809541
8.16196 -0.0315185
8.29371 -0.0523064
8.42547 -0.0615793
8.55722 0.0350772
8.68897 0.176088
8.82072 0.339781
8.95248 0.290023
9.08423 0.0107524
9.21598 -0.250992
9.34773 -0.304509
9.47948 -0.0714615
9.61124 0.203096
9.74299 0.329244
9.87474 0.20642
10.0065 0.0339621
10.1382 -0.0496553
10.27 0.0737735
10.4018 0.349857
10.5335 0.657459
10.6653 0.832936
10.797 0.858245
10.9288 0.956357
11.0605 1.07023
11.1923 1.06703
11.324 0.839756
11.4558 0.321381
11.5875 -0.346212
11.7193 -0.77935
11.851 -0.924935
11.9828 -0.86039
12.1145 -0.669232
12.2463 -0.444317
12.378 -0.146928
12.5098 0.220872
12.6415 0.589938
12.7733 0.767422
12.905 0.669304
13.0368 0.408441
13.1685 0.216871
13.3003 0.223493
13.4321 0.354066
13.5638 0.4144
13.6956 0.207284
13.8273 -0.167151
13.9591 -0.515723
14.0908 -0.686237
14.2226 -0.68458
14.3543 -0.604129
14.4861 -0.472026
14.6178 -0.1978
14.7496 0.306649
14.8813 0.963448
15.0131 1.51242
15.1448 1.68826
15.2766 1.43295
15.4083 0.93764
15.5401 0.472727
15.6718 0.174166
15.8036 -0.00969519
15.9353 -0.179597
16.0671 -0.32431
16.1989 -0.321701
16.3306 -0.101768
16.4624 0.215212
16.5941 0.37773
16.7259 0.225085
16.8576 -0.144382
16.9894 -0.437546
17.1211 -0.415076
17.2529 -0.0914
17.3846 0.29892
17.5164 0.522189
17.6481 0.530783
17.7799 0.444275
17.9116 0.378381
18.0434 0.323038
18.1751 0.196306
18.3069 -0.0071908
18.4386 -0.162954
18.5704 -0.136525
18.7021 0.0522707
18.8339 0.217293
18.9657 0.185381
19.0974 -0.0118882
19.2292 -0.148403
19.3609 -0.0284476
19.4927 0.295353
19.6244 0.54547
19.7562 0.480394
19.8879 0.139488
20.0197 -0.178381
20.1514 -0.188664
20.2832 0.122981
20.4149 0.514594
20.5467 0.74485
20.6784 0.797165
20.8102 0.837788
20.9419 0.965624
21.0737 1.04136
21.2054 0.802688
21.3372 0.160523
21.4689 -0.640001
21.6007 -1.18625
21.7324 -1.24566
21.8642 -0.948645
21.996 -0.621811
22.1277 -0.446981
22.2595 -0.303893
22.3912 0.0405447
22.523 0.606806
22.6547 1.10613
22.7865 1.19999
22.9182 0.855773
23.05 0.416149
23.1817 0.28573
23.3135 0.542618
23.4452 0.87528
23.577 0.914382
23.7087 0.613991
23.8405 0.278997
23.9722 0.209339
24.104 0.348007
24.2357 0.32882
24.3675 -0.105682
24.4992 -0.761926
24.631 -1.12436
24.7628 -0.862115
24.8945 -0.19675
25.0263 0.276648
25.158 0.166254
25.2898 -0.323643
25.4215 -0.602004
25.5533 -0.303061
25.685 0.333219
25.8168 0.722707
25.9485 0.576324
26.0803 0.230877
26.212 0.28765
26.3438 0.915364
26.4755 1.57407
26.6073 1.51506
26.739 0.586536
26.8708 -0.507712
27.0025 -0.837073
27.1343 -0.175147
27.266 0.723822
27.3978 0.832968
27.5296 -0.151235
27.6613 -1.56612
27.7931 -2.56354
27.9248 -3.04426
28.0566 -3.59784
28.1883 -4.31454
28.3201 -3.71021
28.4518 0.727027
28.5836 10.2099
28.7153 22.25
28.8471 30.4735
28.9788 27.5024
29.1106 9.36355
29.2423 -21.4125
29.3741 -55.9634
29.5058 -82.2795
29.6376 -89.5014
29.7693 -71.5076
29.9011 -29.1355
30.0328 28.9317
30.1646 87.0514
30.2963 126.319
30.4281 131.267
30.5599 97.2926
30.6916 34.4929
30.8234 -35.6205
30.9551 -89.8831
31.0869 -114.389
31.2186 -109.795
31.3504 -87.833
31.4821 -61.9669
31.6139 -39.1276
31.7456 -18.073
31.8774 5.6049
32.0091 32.9211
32.1409 59.0633
32.2726 76.6596
32.4044 81.331
32.5361 74.5107
32.6679 61.3879
32.7996 46.2959
32.9314 29.8765
33.0631 10.3316
33.1949 -12.8511
33.3267 -36.471
33.4584 -54.8411
33.5902 -63.5583
33.7219 -62.4528
33.8537 -55.2403
33.9854 -46.4047
34.1172 -38.12
34.2489 -29.6546
34.3807 -19.2787
34.5124 -6.58337
34.6442 6.87607
34.7759 18.8639
34.9077 28.1558
35.0394 35.0059
35.1712 40.166
35.3029 43.6457
35.4347 44.4951
35.5664 41.74
35.6982 35.4478
35.8299 26.8622
35.9617 17.5275
36.0935 8.29706
36.2252 -0.861274
36.357 -10.19
36.4887 -19.351
36.6205 -27.296
36.7522 -32.8681
36.884 -35.5233
37.0157 -35.5275
37.1475 -33.559
37.2792 -30.1835
37.411 -25.6804
37.5427 -20.2555
37.6745 -14.2824
37.8062 -8.26089
37.938 -2.54603
38.0697 2.82759
38.2015 8.01538
38.3332 13.0512
38.465 17.6753
38.5967 21.4711
38.7285 24.1583
38.8602 25.7374
38.992 26.3487
39.1238 26.0083
39.2555 24.5081
39.3873 21.5977
39.519 17.282
39.6508 11.9545
39.7825 6.2433
39.9143 0.703063
40.046 -4.39052
40.1778 -9.00502
40.3095 -13.1518
40.4413 -16.7193
40.573 -19.4723
40.7048 -21.1917
40.8365 -21.8272
40.9683 -21.5444
41.1 -20.6405
41.2318 -19.3795
41.3635 -17.8335
41.4953 -15.812
41.627 -12.9376
41.7588 -8.86364
41.8906 -3.54698
42.0223 2.57526
42.1541 8.63238
42.2858 13.601
42.4176 16.6881
42.5493 17.6215
42.6811 16.7163
42.8128 14.7144
42.9446 12.4983
43.0763 10.8017
43.2081 10.0034
43.3398 10.0559
43.4716 10.5656
43.6033 11.0007
43.7351 10.9347
43.8668 10.1908
43.9986 8.80997
44.1303 6.88646
44.2621 4.42882
44.3938 1.37463
44.5256 -2.25804
44.6574 -6.24029
44.7891 -10.1694
44.9209 -13.658
45.0526 -16.5024
45.1844 -18.6691
45.3161 -20.1175
45.4479 -20.6527
45.5796 -19.9848
45.7114 -17.968
45.8431 -14.8001
45.9749 -10.9761
46.1066 -7.01677
46.2384 -3.20822
46.3701 0.416928
46.5019 3.86446
46.6336 6.96789
46.7654 9.41701
46.8971 11.0156
47.0289 11.9126
47.1606 12.551
47.2924 13.3375
47.4241 14.3058
47.5559 15.0679
47.6877 15.1007
47.8194 14.1226
47.9512 12.2592
48.0829 9.89919
48.2147 7.41263
48.3464 4.98032
48.4782 2.63244
48.6099 0.383203
48.7417 -1.70702
48.8734 -3.58453
49.0052 -5.26409
49.1369 -6.78953
49.2687 -8.11919
49.4004 -9.07588
49.5322 -9.45509
49.6639 -9.21909
49.7957 -8.59456
49.9274 -7.96177
50.0592 -7.6136
50.1909 -7.58339
50.3227 -7.67405
50.4545 -7.63511
50.5862 -7.31601
50.718 -6.68134
50.8497 -5.73136
50.9815 -4.4576
51.1132 -2.89246
51.245 -1.17465
51.3767 0.488277
51.5085 1.96866
51.6402 3.3414
51.772 4.83079
51.9037 6.5871
52.0355 8.47751
52.1672 10.0933
52.299 10.9983
52.4307 11.0272
52.5625 10.3945
52.6942 9.53034
52.826 8.79058
52.9577 8.26764
53.0895 7.81937
53.2212 7.23881
53.353 6.39765
53.4848 5.26652
53.6165 3.85234
53.7483 2.15436
53.88 0.185953
54.0118 -1.98053
54.1435 -4.21076
54.2753 -6.35377
54.407 -8.28316
54.5388 -9.89227
54.6705 -11.0656
54.8023 -11.6851
54.934 -11.6881
55.0658 -11.1269
55.1975 -10.1565
55.3293 -8.95001
55.461 -7.61296
55.5928 -6.17617
55.7245 -4.66232
55.8563 -3.14239
55.988 -1.70987
56.1198 -0.397054
56.2516 0.866101
56.3833 2.18487
56.5151 3.57519
56.6468 4.90842
56.7786 5.99614
56.9103 6.74499
57.0421 7.22965
57.1738 7.60311
57.3056 7.92618
57.4373 8.08868
57.5691 7.91368
57.7008 7.35392
57.8326 6.58706
57.9643 5.90203
58.0961 5.46657
58.2278 5.18539
58.3596 4.78068
58.4913 4.02381
58.6231 2.91276
58.7548 1.6487
58.8866 0.454319
59.0184 -0.588201
59.1501 -1.54295
59.2819 -2.49634
59.4136 -3.44707
59.5454 -4.31653
59.6771 -5.04701
59.8089 -5.66541
59.9406 -6.23756
60.0724 -6.765
60.2041 -7.14251
60.3359 -7.23251
60.4676 -6.98887
60.5994 -6.50827
60.7311 -5.95713
60.8629 -5.44187
60.9946 -4.93914
61.1264 -4.33676
61.2581 -3.53073
61.3899 -2.48583
61.5216 -1.22492
61.6534 0.207896
61.7851 1.75134
61.9169 3.29895
62.0487 4.69423
62.1804 5.78589
62.3122 6.50566
62.4439 6.88976
62.5757 7.01214
62.7074 6.89245
62.8392 6.48164
62.9709 5.76139
63.1027 4.87573
63.2344 4.16021
63.3662 4.00238
63.4979 4.60104
63.6297 5.77625
63.7614 6.95394
63.8932 7.34611
64.0249 6.25596
64.1567 3.39898
64.2884 -0.872215
64.4202 -5.55023
64.5519 -9.2429
64.6837 -10.7032
64.8155 -9.41821
64.9472 -5.93816
65.079 -1.69836
65.2107 1.6292
65.3425 2.90636
65.4742 1.97134
65.606 -0.479982
65.7377 -3.42485
65.8695 -6.05459
66.0012 -7.99033
66.133 -9.14573
66.2647 -9.48247
66.3965 -8.92214
66.5282 -7.46327
66.66 -5.32858
66.7917 -2.94605
66.9235 -0.745005
67.0552 1.06293
67.187 2.53271
67.3187 3.83916
67.4505 5.07964
67.5823 6.19288
67.714 7.03109
67.8458 7.48395
67.9775 7.53636
68.1093 7.23986
68.241 6.67038
68.3728 5.93393
68.5045 5.19412
68.6363 4.64375
68.768 4.39444
68.8998 4.36248
69.0315 4.26755
69.1633 3.78043
69.295 2.72633
69.4268 1.1963
69.5585 -0.507041
69.6903 -2.03279
69.822 -3.13063
69.9538 -3.70661
70.0855 -3.80198
70.2173 -3.55562
70.349 -3.17611
70.4808 -2.89654
70.6126 -2.88907
70.7443 -3.1764
70.8761 -3.61682
71.0078 -3.99751
71.1396 -4.17496
71.2713 -4.14956
71.4031 -4.01505
71.5348 -3.83785
71.6666 -3.58509
71.7983 -3.16774
71.9301 -2.54806
72.0618 -1.79722
72.1936 -1.04272
72.3253 -0.359853
72.4571 0.280395
72.5888 0.953885
72.7206 1.67646
72.8523 2.35935
72.9841 2.87515
73.1158 3.17069
73.2476 3.31666
73.3794 3.44812
73.5111 3.65647
73.6429 3.93357
73.7746 4.20807
73.9064 4.42062
74.0381 4.55682
74.1699 4.61621
74.3016 4.57069
74.4334 4.37187
74.5651 4.00145
74.6969 3.49987
74.8286 2.92742
74.9604 2.29212
75.0921 1.52875
75.2239 0.569766
75.3556 -0.550249
75.4874 -1.66551
75.6191 -2.57294
75.7509 -3.17732
75.8826 -3.55728
76.0144 -3.88785
76.1462 -4.28741
76.2779 -4.72526
76.4097 -5.06539
76.5414 -5.19143
76.6732 -5.08772
76.8049 -4.80759
76.9367 -4.37965
77.0684 -3.76396
77.2002 -2.91057
77.3319 -1.85978
77.4637 -0.773745
77.5954 0.145009
77.7272 0.780857
77.8589 1.16551
77.9907 1.42448
78.1224 1.6688
78.2542 1.9319
78.3859 2.19352
78.5177 2.44243
78.6494 2.70228
78.7812 2.99974
78.9129 3.32377
79.0447 3.63056
79.1765 3.88874
79.3082 4.10616
79.44 4.29762
79.5717 4.4235
79.7035 4.37248
79.8352 4.02381
79.967 3.34088
80.0987 2.40975
80.2305 1.37868
80.3622 0.411787
80.494 -0.447337
80.6257 -1.16351
80.7575 -1.63348
80.8892 -1.80785
81.021 -1.75416
81.1527 -1.68494
81.2845 -1.89164
81.4162 -2.4782
81.548 -3.31318
81.6797 -4.0403
81.8115 -4.29746
81.9433 -3.95484
82.075 -3.18461
82.2068 -2.28534
82.3385 -1.61171
82.4703 -1.1652
82.602 -0.878271
82.7338 -0.633347
82.8655 -0.35699
82.9973 -0.138523
83.129 0.0306837
83.2608 0.2498
83.3925 0.561081
83.5243 0.940557
83.656 1.23446
83.7878 1.36954
83.9195 1.33531
84.0513 1.29729
84.183 1.31425
84.3148 1.49702
84.4465 1.82794
84.5783 2.14705
84.7101 2.34081
84.8418 2.44674
84.9736 2.44407
85.1053 2.29689
85.2371 2.05197
85.3688 1.68574
85.5006 1.29137
85.6323 0.896816
85.7641 0.532937
85.8958 0.148532
86.0276 -0.220489
86.1593 -0.554558
86.2911 -0.694114
86.4228 -0.527897
86.5546 -0.162121
86.6863 0.0641348
86.8181 -0.131335
86.9498 -0.693505
87.0816 -1.44879
87.2133 -2.23683
87.3451 -2.67829
87.4768 -2.7443
87.6086 -2.44192
87.7404 -1.92443
87.8721 -1.20506
88.0039 -0.365076
88.1356 0.336116
88.2674 0.679605
88.3991 0.547892
88.5309 0.113168
88.6626 -0.362761
88.7944 -0.668282
88.9261 -0.585154
89.0579 -0.166974
89.1896 0.410117
89.3214 0.906979
89.4531 1.30827
89.5849 1.54418
89.7166 1.62565
89.8484 1.42316
89.9801 1.0982
90.1119 0.769747
90.2436 0.599648
90.3754 0.553815
90.5072 0.553118
90.6389 0.644256
90.7707 0.753087
90.9024 0.762788
91.0342 0.727661
91.1659 0.582279
91.2977 0.377976
91.4294 0.130462
91.5612 -0.019223
91.6929 -0.01108
91.8247 0.0417962
91.9564 0.114986
92.0882 0.0523738
92.2199 -0.0803164
92.3517 -0.238536
92.4834 -0.35079
92.6152 -0.37291
92.7469 -0.397442
92.8787 -0.457502
93.0104 -0.586646
93.1422 -0.747728
93.274 -0.745131
93.4057 -0.580931
93.5375 -0.341057
93.6692 -0.16771
93.801 -0.0985265
93.9327 -0.0843332
94.0645 -0.079556
94.1962 -0.0166341
94.328 0.156416
94.4597 0.289061
94.5915 0.285989
94.7232 0.186287
94.855 -0.00168483
94.9867 0.00692559
95.1185 0.0629867
95.2502 0.0600018
95.382 0.0777985
95.5137 0.0391814
95.6455 0.0250976
95.7772 -0.0022329
95.909 0.0359517
96.0407 0.202958
96.1725 0.393657
96.3043 0.614482
96.436 0.686605
96.5678 0.564807
96.6995 0.296791
96.8313 -0.0531808
96.963 -0.269679
97.0948 -0.270382
97.2265 -0.0539938
97.3583 0.207522
97.49 0.372873
97.6218 0.384407
97.7535 0.281421
97.8853 0.0747934
98.017 -0.130009
98.1488 -0.279666
98.2805 -0.362707
98.4123 -0.258154
98.544 -0.0971808
98.6758 0.220979
98.8075 0.352953
98.9393 0.336078
99.0711 0.264692
99.2028 0.143687
99.3346 0.0114341
99.4663 -0.0910427
99.5981 -0.127638
99.7298 -0.12107
99.8616 -0.166039
99.9933 -0.10231
100.125 -0.0422814
100.257 -0.0374603
100.389 -0.0171992
100.52 -0.0042295
100.652 -0.116051
100.784 -0.250789
100.916 -0.305811
101.047 -0.30521
101.179 -0.227888
101.311 -0.134202
101.443 0.0261552
101.574 0.12158
101.706 0.216594
101.838 0.297144
101.97 0.222437
102.101 0.20862
102.233 0.135273
102.365 0.11636
102.497 0.117304
102.628 0.131958
102.76 0.123568
102.892 0.0462989
103.024 0.0142555
103.155 0.0736555
103.287 0.172627
103.419 0.307716
103.551 0.376134
103.682 0.312869
103.814 0.163086
103.946 -0.0143525
104.078 -0.0693128
104.209 -0.0786048
104.341 0.0165865
104.473 0.0195334
104.605 -0.0743633
104.736 -0.167395
104.868 -0.246544
105 -0.28115
105.132 -0.288175
105.263 -0.253437
105.395 -0.248809
105.527 -0.20486
105.659 -0.123725
105.79 -0.0261525
105.922 0.0743675
106.054 0.176754
106.186 0.20903
106.317 0.22449
106.449 0.240731
106.581 0.164256
106.713 0.0980758
106.844 -0.0113589
106.976 -0.139256
107.108 -0.199915
107.24 -0.206913
107.371 -0.111024
107.503 -0.0467967
107.635 -0.0685894
107.767 -0.0950775
107.898 -0.0807168
108.03 0.029257
108.162 0.115732
108.294 0.202284
108.425 0.222057
108.557 0.164207
108.689 0.115458
108.821 0.00402342
108.952 -0.0564679
109.084 -0.0485304
109.216 -0.0485193
109.348 -0.0408304
109.479 -0.0574941
109.611 -0.0282679
109.743 -0.0110318
109.875 -0.0011372
110.006 -0.0552665
110.138 -0.0659733
110.27 -0.0271297
110.402 0.0207019
110.534 -0.00150659
110.665 -0.0375129
110.797 -0.0065637
110.929 -0.0125182
111.061 0.00434475
111.192 0.0233369
111.324 -0.0150617
111.456 -0.0413467
111.588 0.00710988
111.719 0.000591924
111.851 0.00089578
111.983 0.015579
112.115 -0.00444122
112.246 -0.0178989
112.378 -0.0231047
112.51 -0.00453586
112.642 -0.00325834
112.773 -0.00509074
112.905 -0.0073772
113.037 -0.00624177
113.169 -0.00538782
113.3 0.00146521
113.432 0.00627588
113.564 -0.0143539
113.696 -0.00629965
113.827 -0.00629965
113.959 -0.00629965
114.091 -0.00629965
114.223 -0.00629965
114.354 -0.00629965
114.486 -0.00629965
114.618 -0.00629965
114.75 -0.00629965
114.881 -0.00629965
115.013 -0.00629965
115.145 -0.00629965
115.277 -0.00629965
115.408 -0.00629965
115.54 -0.00629965
115.672 -0.00629965
115.804 -0.00629965
115.935 -0.00629965
116.067 -0.00629965
116.199 -0.00629965
116.331 -0.00629965
116.462 -0.00629965
116.594 -0.00629965
116.726 -0.00629965
116.858 -0.00629965
116.989 -0.00629965
117.121 -0.00629965
117.253 -0.00629965
117.385 -0.00629965
117.516 -0.00629965
117.648 -0.00629965
117.78 -0.00629965
117.912 -0.00629965
118.043 -0.00629965
118.175 -0.00629965
118.307 -0.00629965
118.439 -0.00629965
118.57 -0.00629965
118.702 -0.00629965
118.834 -0.00629965
118.966 -0.00629965
119.097 -0.00629965
119.229 -0.00629965
119.361 -0.00629965
119.493 -0.00629965
119.624 -0.00629965
119.756 -0.00629965
119.888 -0.00629965
120.02 -0.00629965
120.151 -0.00629965
120.283 -0.00629965
120.415 -0.00629965
120.547 -0.00629965
120.678 -0.00629965
120.81 -0.00629965
120.942 -0.00629965
121.074 -0.00629965
121.205 -0.00629965
121.337 -0.00629965
121.469 -0.00629965
121.601 -0.00629965
121.732 -0.00629965
121.864 -0.00629965
121.996 -0.00629965
122.128 -0.00629965
122.259 -0.00629965
122.391 -0.00629965
122.523 -0.00629965
122.655 -0.00629965
122.786 -0.00629965
122.918 -0.00629965
123.05 -0.00629965
123.182 -0.00629965
123.313 -0.00629965
123.445 -0.00629965
123.577 -0.00629965
123.709 -0.00629965
123.84 -0.00629965
123.972 -0.00629965
124.104 -0.00629965
124.236 -0.00629965
124.367 -0.00629965
124.499 -0.00629965
124.631 -0.00629965
124.763 -0.00629965
124.895 -0.00629965
125.026 -0.00629965
125.158 -0.00629965
125.29 -0.00629965
125.422 -0.00629965
125.553 -0.00629965
125.685 -0.00629965
125.817 -0.00629965
125.949 -0.00629965
126.08 -0.00629965
126.212 -0.00629965
126.344 -0.00629965
126.476 -0.00629965
126.607 -0.00629965
126.739 -0.00629965
126.871 -0.00629965
127.003 -0.00629965
127.134 -0.00629965
127.266 -0.00629965
127.398 -0.00629965
127.53 -0.00629965
127.661 -0.00629965
127.793 -0.00629965
127.925 -0.00629965
128.057 -0.00629965
128.188 -0.00629965
128.32 -0.00629965
128.452 -0.00629965
128.584 -0.00629965
128.715 -0.00629965
128.847 -0.00629965
128.979 -0.00629965
129.111 -0.00629965
129.242 -0.00629965
129.374 -0.00629965
129.506 -0.00629965
129.638 -0.00629965
129.769 -0.00629965
129.901 -0.00629965
130.033 -0.00629965
130.165 -0.00629965
130.296 -0.00629965
