-5.14751 0.588297
-5.01576 0.725979
-4.88401 0.781807
-4.75226 0.789717
-4.6205 0.759181
-4.48875 0.667603
-4.357 0.484864
-4.22525 0.282261
-4.0935 0.168613
-3.96174 0.201588
-3.82999 0.308753
-3.69824 0.341554
-3.56649 0.127828
-3.43473 -0.22445
-3.30298 -0.55274
-3.17123 -0.649669
-3.03948 -0.506284
-2.90772 -0.235388
-2.77597 0.0273775
-2.64422 0.237532
-2.51247 0.364214
-2.38072 0.619069
-2.24896 0.905492
-2.11721 1.14639
-1.98546 1.2322
-1.85371 1.21468
-1.72195 1.1944
-1.5902 1.24236
-1.45845 1.29518
-1.3267 1.22685
-1.19494 0.968429
-1.06319 0.633576
-0.93144 0.31136
-0.799688 0.108498
-0.667936 -0.0737351
-0.536183 -0.335838
-0.404431 -0.640828
-0.272679 -0.84323
-0.140926 -0.764953
-0.00917408 -0.426103
0.122578 0.0371785
0.254331 0.400961
0.386083 0.571716
0.517835 0.625047
0.649587 0.695517
0.78134 0.833284
0.913092 0.972511
1.04484 1.0267
1.1766 0.989935
1.30835 0.92691
1.4401 0.870258
1.57185 0.756324
1.70361 0.491483
1.83536 0.0886414
1.96711 -0.282625
2.09886 -0.413124
2.23062 -0.241371
2.36237 0.0765657
2.49412 0.298883
2.62587 0.313956
2.75762 0.230531
2.88938 0.252278
3.02113 0.462877
3.15288 0.739205
3.28463 0.87986
3.41639 0.815356
3.54814 0.682308
3.67989 0.684369
3.81164 0.882889
3.9434 1.13211
4.07515 1.22311
4.2069 1.08556
4.33865 0.841038
4.4704 0.661614
4.60216 0.591626
4.73391 0.52316
4.86566 0.344124
4.99741 0.0885685
5.12917 -0.0831217
5.26092 -0.0579645
5.39267 0.0930614
5.52442 0.174564
5.65618 0.0704648
5.78793 -0.124074
5.91968 -0.192906
6.05143 -0.0272831
6.18318 0.247303
6.31494 0.389017
6.44669 0.289213
6.57844 0.0934463
6.71019 0.0591031
6.84195 0.289973
6.9737 0.624626
7.10545 0.801797
7.2372 0.734836
7.36896 0.604359
7.50071 0.661644
7.63246 0.941868
7.76421 1.19394
7.89596 1.11902
8.02772 0.686244
8.15947 0.198777
8.29122 0.0265195
8.42297 0.261224
8.55473 0.637072
8.68648 0.79735
8.81823 0.639978
8.94998 0.397032
9.08174 0.37688
9.21349 0.640732
9.34524 0.945091
9.47699 0.999204
9.60874 0.759533
9.7405 0.453242
9.87225 0.317246
10.004 0.342834
10.1358 0.304467
10.2675 0.0378914
10.3993 -0.344081
10.531 -0.547014
10.6628 -0.409379
10.7945 -0.0924605
10.9263 0.0781831
11.058 -0.0327935
11.1898 -0.202801
11.3215 -0.0742531
11.4533 0.444842
11.585 1.02917
11.7168 1.22351
11.8485 0.899793
11.9803 0.412563
12.112 0.270043
12.2438 0.636447
12.3755 1.17174
12.5073 1.38115
12.639 1.11943
12.7708 0.724792
12.9026 0.638007
13.0343 0.908322
13.1661 1.12267
13.2978 0.855285
13.4296 0.169542
13.5613 -0.382718
13.6931 -0.304676
13.8248 0.312059
13.9566 0.84987
14.0883 0.805171
14.2201 0.354644
14.3518 0.21785
14.4836 0.892702
14.6153 2.02618
14.7471 2.60824
14.8788 1.85884
15.0106 -0.0668861
15.1423 -2.29101
15.2741 -4.12268
15.4058 -5.63318
15.5376 -7.11529
15.6694 -7.85207
15.8011 -5.62419
15.9329 1.94935
16.0646 14.7579
16.1964 28.2993
16.3281 34.5775
16.4599 26.0147
16.5916 0.286306
16.7234 -36.9681
16.8551 -73.4426
16.9869 -94.9524
17.1186 -91.2766
17.2504 -60.347
17.3821 -9.23377
17.5139 48.0884
17.6456 95.1949
17.7774 118.464
17.9091 111.538
18.0409 77.4139
18.1726 27.1281
18.3044 -24.6535
18.4361 -65.2166
18.5679 -87.8718
18.6997 -92.6946
18.8314 -84.1667
18.9632 -67.7285
19.0949 -47.4733
19.2267 -25.8391
19.3584 -4.48435
19.4902 15.0508
19.6219 31.513
19.7537 44.3897
19.8854 53.785
20.0172 59.6121
20.1489 60.9335
20.2807 56.3162
20.4124 45.1031
20.5442 28.4956
20.6759 9.3677
20.8077 -9.16034
20.9394 -25.2104
21.0712 -38.4505
21.2029 -49.0771
21.3347 -56.565
21.4665 -59.454
21.5982 -56.4061
21.73 -47.5364
21.8617 -34.7493
21.9935 -20.7429
22.1252 -7.55032
22.257 4.16504
22.3887 14.6246
22.5205 23.922
22.6522 31.5129
22.784 36.5989
22.9157 38.8645
23.0475 38.729
23.1792 36.8574
23.311 33.4717
23.4427 28.2059
23.5745 20.6678
23.7062 11.145
23.838 0.751316
23.9697 -9.12511
24.1015 -17.5366
24.2333 -24.2149
24.365 -29.2187
24.4968 -32.4645
24.6285 -33.6623
24.7603 -32.6847
24.892 -29.9027
25.0238 -26.0574
25.1555 -21.7498
25.2873 -17.0642
25.419 -11.7313
25.5508 -5.68463
25.6825 0.55271
25.8143 6.06763
25.946 10.1835
26.0778 12.9287
26.2095 14.9089
26.3413 16.7131
26.473 18.4098
26.6048 19.5731
26.7365 19.7539
26.8683 18.9075
27 17.3889
27.1318 15.5776
27.2636 13.5444
27.3953 11.0774
27.5271 7.9928
27.6588 4.38371
27.7906 0.563375
27.9223 -3.19719
28.0541 -6.84012
28.1858 -10.4345
28.3176 -13.9618
28.4493 -17.2258
28.5811 -19.9697
28.7128 -22.0293
28.8446 -23.3048
28.9763 -23.5677
29.1081 -22.3618
29.2398 -19.223
29.3716 -14.1278
29.5033 -7.78903
29.6351 -1.47509
29.7668 3.59237
29.8986 6.8337
30.0304 8.46804
30.1621 9.16559
30.2939 9.53057
30.4256 9.82938
30.5574 10.0951
30.6891 10.387
30.8209 10.8908
30.9526 11.7626
31.0844 12.9029
31.2161 13.9121
31.3479 14.2928
31.4796 13.7281
31.6114 12.2131
31.7431 9.9729
31.8749 7.282
32.0066 4.34261
32.1384 1.26874
32.2701 -1.88587
32.4019 -5.11648
32.5336 -8.45166
32.6654 -11.8772
32.7972 -15.2138
32.9289 -18.0564
33.0607 -19.8784
33.1924 -20.2731
33.3242 -19.1709
33.4559 -16.8755
33.5877 -13.8997
33.7194 -10.7366
33.8512 -7.71731
33.9829 -4.99441
34.1147 -2.57932
34.2464 -0.360401
34.3782 1.87871
34.5099 4.36771
34.6417 7.17909
34.7734 10.0926
34.9052 12.6369
35.0369 14.3232
35.1687 14.9132
35.3004 14.5115
35.4322 13.4231
35.5639 11.9165
35.6957 10.1094
35.8275 8.05508
35.9592 5.90576
36.091 3.94992
36.2227 2.45873
36.3545 1.47679
36.4862 0.764191
36.618 -0.0377765
36.7497 -1.15125
36.8815 -2.52889
37.0132 -3.93699
37.145 -5.15504
37.2767 -6.11023
37.4085 -6.85668
37.5402 -7.46501
37.672 -7.95015
37.8037 -8.29076
37.9355 -8.48221
38.0672 -8.54077
38.199 -8.4551
38.3307 -8.1581
38.4625 -7.57348
38.5943 -6.69688
38.726 -5.61473
38.8578 -4.42051
38.9895 -3.10544
39.1213 -1.54821
39.253 0.358345
39.3848 2.54784
39.5165 4.74392
39.6483 6.60041
39.78 7.90883
39.9118 8.69968
40.0435 9.16104
40.1753 9.46227
40.307 9.64224
40.4388 9.63956
40.5705 9.39892
40.7023 8.92862
40.834 8.26
40.9658 7.37674
41.0975 6.21313
41.2293 4.73515
41.361 3.01676
41.4928 1.21978
41.6246 -0.513596
41.7563 -2.1504
41.8881 -3.7476
42.0198 -5.34373
42.1516 -6.8721
42.2833 -8.18108
42.4151 -9.13307
42.5468 -9.67543
42.6786 -9.81585
42.8103 -9.5477
42.9421 -8.82989
43.0738 -7.66281
43.2056 -6.18265
43.3373 -4.65347
43.4691 -3.32762
43.6008 -2.28308
43.7326 -1.38681
43.8643 -0.426373
43.9961 0.703002
44.1278 1.91866
44.2596 3.03573
44.3914 3.92089
44.5231 4.56702
44.6549 5.03708
44.7866 5.3631
44.9184 5.52148
45.0501 5.50774
45.1819 5.41267
45.3136 5.39189
45.4454 5.53513
45.5771 5.75909
45.7089 5.84075
45.8406 5.57692
45.9724 4.93269
46.1041 4.05098
46.2359 3.12835
46.3676 2.28275
46.4994 1.52892
46.6311 0.853932
46.7629 0.2833
46.8946 -0.146884
47.0264 -0.476972
47.1582 -0.854926
47.2899 -1.44717
47.4217 -2.29557
47.5534 -3.25833
47.6852 -4.10267
47.8169 -4.67228
47.9487 -4.97871
48.0804 -5.14058
48.2122 -5.24175
48.3439 -5.25261
48.4757 -5.08454
48.6074 -4.70797
48.7392 -4.20226
48.8709 -3.68334
49.0027 -3.187
49.1344 -2.63296
49.2662 -1.90925
49.3979 -0.990185
49.5297 0.0329688
49.6614 1.03504
49.7932 1.95898
49.9249 2.82278
50.0567 3.62387
50.1885 4.25459
50.3202 4.54931
50.452 4.45687
50.5837 4.192
50.7155 4.20201
50.8472 4.91832
50.979 6.43564
51.1107 8.33411
51.2425 9.77898
51.3742 9.86846
51.506 8.0657
51.6377 4.51166
51.7695 0.0671067
51.9012 -3.96282
52.033 -6.33632
52.1647 -6.40727
52.2965 -4.4217
52.4282 -1.40188
52.56 1.34362
52.6917 2.81819
52.8235 2.7055
52.9553 1.32745
53.087 -0.705808
53.2188 -2.86222
53.3505 -4.82903
53.4823 -6.4203
53.614 -7.44238
53.7458 -7.7022
53.8775 -7.15603
54.0093 -6.02371
54.141 -4.71033
54.2728 -3.56443
54.4045 -2.67089
54.5363 -1.85678
54.668 -0.897451
54.7998 0.268294
54.9315 1.49843
55.0633 2.59172
55.195 3.45362
55.3268 4.12203
55.4585 4.6493
55.5903 4.98698
55.7221 5.01043
55.8538 4.66791
55.9856 4.10155
56.1173 3.60542
56.2491 3.43862
56.3808 3.64695
56.5126 4.03667
56.6443 4.3075
56.7761 4.2265
56.9078 3.72049
57.0396 2.86333
57.1713 1.82026
57.3031 0.804951
57.4348 0.0389229
57.5666 -0.325029
57.6983 -0.301215
57.8301 -0.107952
57.9618 -0.0708633
58.0936 -0.426892
58.2253 -1.1678
58.3571 -2.05103
58.4888 -2.77319
58.6206 -3.1648
58.7524 -3.2537
58.8841 -3.16973
59.0159 -3.00385
59.1476 -2.7578
59.2794 -2.41259
59.4111 -2.01944
59.5429 -1.70207
59.6746 -1.56101
59.8064 -1.5793
59.9381 -1.62955
60.0699 -1.5787
60.2016 -1.38752
60.3334 -1.11088
60.4651 -0.809027
60.5969 -0.469081
60.7286 -0.0194063
60.8604 0.582743
60.9921 1.28718
61.1239 1.98051
61.2556 2.5795
61.3874 3.0916
61.5192 3.58176
61.6509 4.08337
61.7827 4.54759
61.9144 4.88254
62.0462 5.0383
62.1779 5.0474
62.3097 4.97868
62.4414 4.85351
62.5732 4.61084
62.7049 4.1559
62.8367 3.44345
62.9684 2.51692
63.1002 1.47496
63.2319 0.408541
63.3637 -0.630122
63.4954 -1.61171
63.6272 -2.50415
63.7589 -3.27349
63.8907 -3.9022
64.0224 -4.3864
64.1542 -4.70131
64.286 -4.7766
64.4177 -4.53264
64.5495 -3.96856
64.6812 -3.22242
64.813 -2.52555
64.9447 -2.06279
65.0765 -1.84722
65.2082 -1.72029
65.34 -1.48304
65.4717 -1.04599
65.6035 -0.470352
65.7352 0.12217
65.867 0.670792
65.9987 1.20791
66.1305 1.78157
66.2622 2.36306
66.394 2.84677
66.5257 3.1479
66.6575 3.28582
66.7892 3.40493
66.921 3.60215
67.0527 3.84749
67.1845 3.99688
67.3163 3.89411
67.448 3.53778
67.5798 2.99367
67.7115 2.40462
67.8433 1.82614
67.975 1.26586
68.1068 0.793454
68.2385 0.493923
68.3703 0.422756
68.502 0.495678
68.6338 0.458764
68.7655 0.0950216
68.8973 -0.657866
69.029 -1.59921
69.1608 -2.39593
69.2925 -2.75305
69.4243 -2.67715
69.556 -2.43394
69.6878 -2.13798
69.8195 -1.78533
69.9513 -1.40413
70.0831 -0.881596
70.2148 -0.275199
70.3466 0.219018
70.4783 0.469345
70.6101 0.400203
70.7418 0.173763
70.8736 -0.124815
71.0053 -0.327044
71.1371 -0.452233
71.2688 -0.390372
71.4006 -0.154848
71.5323 0.280696
71.6641 0.786721
71.7958 1.18334
71.9276 1.37606
72.0593 1.34585
72.1911 1.15641
72.3228 0.986907
72.4546 0.861257
72.5863 0.814089
72.7181 0.824832
72.8499 0.877524
72.9816 1.10743
73.1134 1.37971
73.2451 1.65377
73.3769 1.74222
73.5086 1.66049
73.6404 1.43449
73.7721 1.20309
73.9039 1.20003
74.0356 1.2395
74.1674 1.17273
74.2991 0.944996
74.4309 0.481388
74.5626 0.0141555
74.6944 -0.307819
74.8261 -0.487258
74.9579 -0.584213
75.0896 -0.650728
75.2214 -0.640504
75.3531 -0.588651
75.4849 -0.458087
75.6166 -0.322919
75.7484 -0.258442
75.8802 -0.338509
76.0119 -0.465213
76.1437 -0.496802
76.2754 -0.444373
76.4072 -0.389563
76.5389 -0.376243
76.6707 -0.3734
76.8024 -0.343345
76.9342 -0.159749
77.0659 0.0941928
77.1977 0.333969
77.3294 0.387521
77.4612 0.310269
77.5929 0.200422
77.7247 0.144599
77.8564 0.157145
77.9882 0.165593
78.1199 0.171545
78.2517 0.197451
78.3834 0.309653
78.5152 0.579628
78.647 0.953819
78.7787 1.23204
78.9105 1.32358
79.0422 1.25618
79.174 1.14546
79.3057 1.08017
79.4375 1.08126
79.5692 1.15534
79.701 1.14299
79.8327 1.10548
79.9645 1.03968
80.0962 0.950082
80.228 0.789947
80.3597 0.55228
80.4915 0.291947
80.6232 0.0674828
80.755 -0.0541981
80.8867 -0.0684916
81.0185 -0.0961081
81.1502 -0.207569
81.282 -0.370983
81.4138 -0.515616
81.5455 -0.572427
81.6773 -0.537259
81.809 -0.531019
81.9408 -0.503711
82.0725 -0.507463
82.2043 -0.509037
82.336 -0.400217
82.4678 -0.370771
82.5995 -0.368073
82.7313 -0.38204
82.863 -0.382808
82.9948 -0.245921
83.1265 -0.0389309
83.2583 0.189064
83.39 0.351761
83.5218 0.411741
83.6535 0.419512
83.7853 0.441285
83.917 0.516639
84.0488 0.629504
84.1805 0.735496
84.3123 0.776648
84.4441 0.781519
84.5758 0.770504
84.7076 0.761317
84.8393 0.746439
84.9711 0.708833
85.1028 0.634013
85.2346 0.54935
85.3663 0.456986
85.4981 0.361636
85.6298 0.211058
85.7616 0.109474
85.8933 0.119001
86.0251 0.296691
86.1568 0.500076
86.2886 0.583313
86.4203 0.552606
86.5521 0.357037
86.6838 0.136792
86.8156 0.052872
86.9473 0.0639405
87.0791 0.10407
87.2109 0.0301926
87.3426 -0.0775021
87.4744 -0.245188
87.6061 -0.339062
87.7379 -0.398266
87.8696 -0.360349
88.0014 -0.314825
88.1331 -0.328005
88.2649 -0.316214
88.3966 -0.287529
88.5284 -0.178923
88.6601 -0.0476636
88.7919 0.0875246
88.9236 0.186499
89.0554 0.228888
89.1871 0.247124
89.3189 0.26755
89.4506 0.293071
89.5824 0.280354
89.7141 0.246732
89.8459 0.243131
89.9777 0.263868
90.1094 0.29184
90.2412 0.309025
90.3729 0.347864
90.5047 0.339783
90.6364 0.386985
90.7682 0.422951
90.8999 0.476862
91.0317 0.511506
91.1634 0.457442
91.2952 0.418842
91.4269 0.311029
91.5587 0.283431
91.6904 0.169688
91.8222 0.0576118
91.9539 -0.0174796
92.0857 -0.0879407
92.2174 -0.0595479
92.3492 -0.0260809
92.4809 -0.0775213
92.6127 -0.138057
92.7444 -0.184068
92.8762 -0.154028
93.008 -0.10513
93.1397 -0.0303548
93.2715 0.0669707
93.4032 0.0984698
93.535 0.108842
93.6667 0.111858
93.7985 0.0662975
93.9302 -0.00214845
94.062 -0.0579977
94.1937 -0.0548152
94.3255 -0.0614842
94.4572 -0.003903
94.589 0.0501957
94.7207 0.0896549
94.8525 0.0743483
94.9842 0.038512
95.116 -0.00159859
95.2477 -0.0086513
95.3795 0.0261674
95.5112 0.0667834
95.643 0.0943267
95.7748 0.0903411
95.9065 0.0794445
96.0383 0.0870785
96.17 0.110844
96.3018 0.108075
96.4335 0.1138
96.5653 0.0781448
96.697 0.0618414
96.8288 0.0646464
96.9605 0.103455
97.0923 0.137931
97.224 0.128452
97.3558 0.0737616
97.4875 0.0917269
97.6193 0.0598397
97.751 0.0499813
97.8828 0.0218185
98.0145 0.00310945
98.1463 -0.0135898
98.278 -0.00715711
98.4098 0.0136305
98.5416 0.0385379
98.6733 0.0535113
98.8051 0.0655689
98.9368 0.0441899
99.0686 0.0462286
99.2003 0.029876
99.3321 0.0272315
99.4638 0.0398119
99.5956 0.042791
99.7273 0.0434991
99.8591 0.0297197
99.9908 0.0379406
100.123 0.0379406
100.254 0.0379406
100.386 0.0379406
100.518 0.0379406
100.65 0.0379406
100.781 0.0379406
100.913 0.0379406
101.045 0.0379406
101.177 0.0379406
101.308 0.0379406
101.44 0.0379406
101.572 0.0379406
101.704 0.0379406
101.835 0.0379406
101.967 0.0379406
102.099 0.0379406
102.231 0.0379406
102.362 0.0379406
102.494 0.0379406
102.626 0.0379406
102.758 0.0379406
102.889 0.0379406
103.021 0.0379406
103.153 0.0379406
103.285 0.0379406
103.416 0.0379406
103.548 0.0379406
103.68 0.0379406
103.812 0.0379406
103.943 0.0379406
104.075 0.0379406
104.207 0.0379406
104.339 0.0379406
104.47 0.0379406
104.602 0.0379406
104.734 0.0379406
104.866 0.0379406
104.997 0.0379406
105.129 0.0379406
105.261 0.0379406
105.393 0.0379406
105.524 0.0379406
105.656 0.0379406
105.788 0.0379406
105.92 0.0379406
106.051 0.0379406
106.183 0.0379406
106.315 0.0379406
106.447 0.0379406
106.578 0.0379406
106.71 0.0379406
106.842 0.0379406
106.974 0.0379406
107.105 0.0379406
107.237 0.0379406
107.369 0.0379406
107.501 0.0379406
107.632 0.0379406
107.764 0.0379406
107.896 0.0379406
108.028 0.0379406
108.159 0.0379406
108.291 0.0379406
108.423 0.0379406
108.555 0.0379406
108.686 0.0379406
108.818 0.0379406
108.95 0.0379406
109.082 0.0379406
109.213 0.0379406
109.345 0.0379406
109.477 0.0379406
109.609 0.0379406
109.74 0.0379406
109.872 0.0379406
110.004 0.0379406
110.136 0.0379406
110.268 0.0379406
110.399 0.0379406
110.531 0.0379406
110.663 0.0379406
110.795 0.0379406
110.926 0.0379406
111.058 0.0379406
111.19 0.0379406
111.322 0.0379406
111.453 0.0379406
111.585 0.0379406
111.717 0.0379406
111.849 0.0379406
111.98 0.0379406
112.112 0.0379406
112.244 0.0379406
112.376 0.0379406
112.507 0.0379406
112.639 0.0379406
112.771 0.0379406
112.903 0.0379406
113.034 0.0379406
113.166 0.0379406
113.298 0.0379406
113.43 0.0379406
113.561 0.0379406
113.693 0.0379406
113.825 0.0379406
113.957 0.0379406
114.088 0.0379406
114.22 0.0379406
114.352 0.0379406
114.484 0.0379406
114.615 0.0379406
114.747 0.0379406
114.879 0.0379406
115.011 0.0379406
115.142 0.0379406
115.274 0.0379406
115.406 0.0379406
115.538 0.0379406
115.669 0.0379406
115.801 0.0379406
115.933 0.0379406
116.065 0.0379406
116.196 0.0379406
116.328 0.0379406
116.46 0.0379406
116.592 0.0379406
116.723 0.0379406
116.855 0.0379406
116.987 0.0379406
117.119 0.0379406
117.25 0.0379406
117.382 0.0379406
117.514 0.0379406
117.646 0.0379406
117.777 0.0379406
117.909 0.0379406
118.041 0.0379406
118.173 0.0379406
118.304 0.0379406
118.436 0.0379406
118.568 0.0379406
118.7 0.0379406
118.831 0.0379406
118.963 0.0379406
119.095 0.0379406
119.227 0.0379406
119.358 0.0379406
119.49 0.0379406
119.622 0.0379406
119.754 0.0379406
119.885 0.0379406
120.017 0.0379406
120.149 0.0379406
120.281 0.0379406
120.412 0.0379406
120.544 0.0379406
120.676 0.0379406
120.808 0.0379406
120.939 0.0379406
121.071 0.0379406
121.203 0.0379406
121.335 0.0379406
121.466 0.0379406
121.598 0.0379406
121.73 0.0379406
121.862 0.0379406
121.993 0.0379406
122.125 0.0379406
122.257 0.0379406
122.389 0.0379406
122.52 0.0379406
122.652 0.0379406
122.784 0.0379406
122.916 0.0379406
123.047 0.0379406
123.179 0.0379406
123.311 0.0379406
123.443 0.0379406
123.574 0.0379406
123.706 0.0379406
123.838 0.0379406
123.97 0.0379406
124.101 0.0379406
124.233 0.0379406
124.365 0.0379406
124.497 0.0379406
124.629 0.0379406
124.76 0.0379406
124.892 0.0379406
125.024 0.0379406
125.156 0.0379406
125.287 0.0379406
125.419 0.0379406
125.551 0.0379406
125.683 0.0379406
125.814 0.0379406
125.946 0.0379406
126.078 0.0379406
126.21 0.0379406
126.341 0.0379406
126.473 0.0379406
126.605 0.0379406
126.737 0.0379406
126.868 0.0379406
127 0.0379406
127.132 0.0379406
127.264 0.0379406
127.395 0.0379406
127.527 0.0379406
127.659 0.0379406
127.791 0.0379406
127.922 0.0379406
128.054 0.0379406
128.186 0.0379406
128.318 0.0379406
128.449 0.0379406
128.581 0.0379406
128.713 0.0379406
128.845 0.0379406
128.976 0.0379406
129.108 0.0379406
129.24 0.0379406
129.372 0.0379406
129.503 0.0379406
129.635 0.0379406
