-1.2242 1.90196
-1.09245 0.965762
-0.960698 0.169852
-0.828946 0.441075
-0.697193 1.56359
-0.565441 2.43369
-0.433689 2.05729
-0.301937 0.366892
-0.170184 -1.62709
-0.0384319 -2.75435
0.0933204 -2.59742
0.225073 -1.66912
0.356825 -1.10409
0.488577 -1.30099
0.62033 -1.80474
0.752082 -1.73964
0.883834 -0.520661
1.01559 1.48573
1.14734 3.27206
1.27909 4.07927
1.41084 3.71249
1.5426 2.5854
1.67435 1.24237
1.8061 -0.0942617
1.93785 -1.40486
2.0696 -2.62824
2.20136 -3.36238
2.33311 -2.77078
2.46486 -0.873374
2.59661 1.60924
2.72837 3.47151
2.86012 3.78814
2.99187 2.34056
3.12362 0.0498736
3.25538 -1.85488
3.38713 -2.63184
3.51888 -2.2787
3.65063 -1.39524
3.78238 -0.665208
3.91414 -0.357827
4.04589 -0.393945
4.17764 -0.526182
4.30939 -0.566318
4.44115 -0.415522
4.5729 -0.0326628
4.70465 0.594694
4.8364 1.36984
4.96816 1.8988
5.09991 1.78901
5.23166 1.03241
5.36341 -0.0125452
5.49516 -0.814007
5.62692 -1.05157
5.75867 -0.779128
5.89042 -0.323182
6.02217 0.0781155
6.15393 0.523007
6.28568 1.18769
6.41743 2.17802
6.54918 3.14312
6.68094 3.40042
6.81269 2.63884
6.94444 1.12221
7.07619 -0.329538
7.20794 -1.07504
7.3397 -0.98622
7.47145 -0.59988
7.6032 -0.397941
7.73495 -0.621123
7.86671 -0.960895
7.99846 -1.18638
8.13021 -1.3525
8.26196 -1.90629
8.39372 -2.91542
8.52547 -3.77389
8.65722 -3.38679
8.78897 -1.22742
8.92072 1.90713
9.05248 4.29839
9.18423 4.41538
9.31598 2.37966
9.44773 -0.283214
9.57949 -1.57238
9.71124 -0.776779
9.84299 0.903989
9.97474 1.6562
10.1065 0.529415
10.2382 -1.52641
10.37 -2.46244
10.5018 -1.06102
10.6335 1.83979
10.7653 4.0799
10.897 3.8725
11.0288 1.65809
11.1605 -0.48229
11.2923 -0.587041
11.424 1.36678
11.5558 3.46502
11.6875 3.47601
11.8193 1.23649
11.951 -1.38006
12.0828 -2.13564
12.2145 -0.523019
12.3463 1.67423
12.478 2.04069
12.6098 -0.315353
12.7415 -3.84135
12.8733 -5.93393
13.005 -5.19245
13.1368 -2.66072
13.2686 -0.902428
13.4003 -1.39827
13.5321 -3.33392
13.6638 -4.13446
13.7956 -2.15697
13.9273 1.76052
14.0591 4.98053
14.1908 5.35269
14.3226 3.1916
14.4543 0.859994
14.5861 0.484972
14.7178 2.12886
14.8496 3.68841
14.9813 2.90866
15.1131 -0.101837
15.2448 -3.02253
15.3766 -3.25948
15.5083 -0.34759
15.6401 3.41197
15.7718 5.09952
15.9036 3.36958
16.0353 -0.218898
16.1671 -2.81684
16.2989 -2.55039
16.4306 -0.0618461
16.5624 2.60543
16.6941 3.74381
16.8259 3.19476
16.9576 2.13191
17.0894 1.32756
17.2211 0.318911
17.3529 -1.88683
17.4846 -5.302
17.6164 -8.71078
17.7481 -10.0055
17.8799 -8.29287
18.0116 -4.6819
18.1434 -1.30296
18.2751 0.474518
18.4069 1.04645
18.5386 1.99456
18.6704 4.41268
18.8021 7.66918
18.9339 9.87223
19.0657 9.6543
19.1974 6.99322
19.3292 3.38455
19.4609 0.250839
19.5927 -2.07636
19.7244 -4.20386
19.8562 -6.55536
19.9879 -8.37676
20.1197 -8.27892
20.2514 -5.49112
20.3832 -0.824461
20.5149 3.69175
20.6467 6.17541
20.7784 6.32715
20.9102 5.235
21.0419 4.36647
21.1737 4.14711
21.3054 3.87147
21.4372 2.61283
21.5689 0.325888
21.7007 -2.03672
21.8325 -3.32314
21.9642 -3.24054
22.096 -2.63893
22.2277 -2.7079
22.3595 -3.87163
22.4912 -5.37962
22.623 -5.88413
22.7547 -4.46932
22.8865 -1.27964
23.0182 2.63881
23.15 5.97283
23.2817 7.68054
23.4135 7.18519
23.5452 4.42538
23.677 0.0117627
23.8087 -4.63258
23.9405 -7.56803
24.0722 -7.2518
24.204 -3.60075
24.3357 1.67181
24.4675 5.9483
24.5992 7.35825
24.731 5.97735
24.8628 3.59406
24.9945 2.18544
25.1263 2.33359
25.258 2.89601
25.3898 2.18676
25.5215 -0.382083
25.6533 -3.65574
25.785 -5.66705
25.9168 -5.31589
26.0485 -3.2925
26.1803 -1.40892
26.312 -0.938596
26.4438 -1.47672
26.5755 -1.38216
26.7073 0.571048
26.839 3.83523
26.9708 6.31386
27.1025 6.06135
27.2343 3.00275
27.366 -0.858241
27.4978 -2.98251
27.6296 -2.30152
27.7613 0.010728
27.8931 1.6205
28.0248 0.992487
28.1566 -1.46221
28.2883 -3.94444
28.4201 -4.89417
28.5518 -4.16913
28.6836 -2.79518
28.8153 -1.70534
28.9471 -0.803856
29.0788 0.71601
29.2106 3.17883
29.3423 5.65502
29.4741 6.52467
29.6058 4.96027
29.7376 1.91952
29.8693 -0.41434
30.0011 -0.39134
30.1328 1.67076
30.2646 3.69487
30.3964 3.5737
30.5281 0.92959
30.6599 -2.61695
30.7916 -4.85179
30.9234 -4.75164
31.0551 -3.0913
31.1869 -1.46792
31.3186 -0.787961
31.4504 -0.655559
31.5821 -0.120502
31.7139 1.10886
31.8456 2.28219
31.9774 2.43568
32.1091 1.53285
32.2409 0.667343
32.3726 1.02523
32.5044 2.60776
32.6361 4.04612
32.7679 3.81009
32.8996 1.6985
33.0314 -0.883214
33.1631 -2.24469
33.2949 -2.12364
33.4267 -2.05606
33.5584 -3.8235
33.6902 -7.25174
33.8219 -9.47187
33.9537 -6.69848
34.0854 2.55153
34.2172 15.2662
34.3489 24.6714
34.4807 23.706
34.6124 9.12624
34.7442 -16.2162
34.8759 -44.0821
35.0077 -63.9474
35.1394 -66.9457
35.2712 -49.2042
35.4029 -13.6698
35.5347 30.1194
35.6664 68.6413
35.7982 89.0481
35.9299 84.3504
36.0617 56.6377
36.1935 16.2564
36.3252 -23.057
36.457 -50.5301
36.5887 -62.5219
36.7205 -62.2146
36.8522 -55.5808
36.984 -46.8164
37.1157 -36.4258
37.2475 -22.7892
37.3792 -5.28454
37.511 13.906
37.6427 30.7188
37.7745 41.8052
37.9062 46.4261
38.038 46.1109
38.1697 42.6469
38.3015 36.3979
38.4332 26.4891
38.565 12.5604
38.6967 -3.69344
38.8285 -18.7869
38.9603 -29.4425
39.092 -34.6538
39.2238 -36.0368
39.3555 -36.1635
39.4873 -36.3028
39.619 -35.4729
39.7508 -31.5411
39.8825 -23.3518
40.0143 -12.0321
40.146 -0.405615
40.2778 8.91084
40.4095 15.0884
40.5413 19.1022
40.673 22.3642
40.8048 25.3145
40.9365 27.2022
41.0683 27.0953
41.2 25.0099
41.3318 22.0026
41.4635 19.1237
41.5953 16.275
41.727 12.1661
41.8588 5.55397
41.9906 -3.29659
42.1223 -12.3046
42.2541 -18.842
42.3858 -21.6045
42.5176 -21.5127
42.6493 -20.8502
42.7811 -21.3323
42.9128 -22.7189
43.0446 -23.1185
43.1763 -20.6952
43.3081 -15.3193
43.4398 -8.79467
43.5716 -3.52284
43.7033 -0.752485
43.8351 0.17783
43.9668 1.10766
44.0986 3.56619
44.2303 7.75648
44.3621 12.6762
44.4938 17.0235
44.6256 19.9904
44.7574 21.3696
44.8891 21.1548
45.0209 19.2508
45.1526 15.6541
45.2844 10.8553
45.4161 5.91042
45.5479 1.93205
45.6796 -0.642409
45.8114 -2.35267
45.9431 -4.25647
46.0749 -7.03537
46.2066 -10.3865
46.3384 -13.2011
46.4701 -14.3872
46.6019 -13.6843
46.7336 -11.8445
46.8654 -10.07
46.9971 -9.15787
47.1289 -8.98502
47.2606 -8.67603
47.3924 -7.29561
47.5242 -4.55964
47.6559 -1.07976
47.7877 2.00861
47.9194 3.77127
48.0512 4.05995
48.1829 3.56184
48.3147 3.28819
48.4464 3.87559
48.5782 5.21318
48.7099 6.65836
48.8417 7.63327
48.9734 8.08138
49.1052 8.39304
49.2369 8.89598
49.3687 9.42239
49.5004 9.40453
49.6322 8.4363
49.7639 6.74373
49.8957 5.04146
50.0274 3.83935
50.1592 2.86193
50.2909 1.228
50.4227 -1.66105
50.5545 -5.33172
50.6862 -8.39354
50.818 -9.66055
50.9497 -9.28702
51.0815 -8.80007
51.2132 -9.82731
51.345 -12.5482
51.4767 -15.2838
51.6085 -15.7249
51.7402 -12.8292
51.872 -7.74467
52.0037 -2.90707
52.1355 -0.0713939
52.2672 0.998805
52.399 2.04425
52.5307 4.51466
52.6625 8.13506
52.7942 11.1415
52.926 11.9272
53.0577 10.5349
53.1895 8.60498
53.3213 7.86371
53.453 8.59817
53.5848 9.53625
53.7165 9.17286
53.8483 7.20688
53.98 4.69865
54.1118 2.85936
54.2435 1.75298
54.3753 0.275149
54.507 -2.5208
54.6388 -6.0838
54.7705 -8.45413
54.9023 -7.88271
55.034 -4.55331
55.1658 -0.755865
55.2975 0.790326
55.4293 -0.930412
55.561 -4.48828
55.6928 -7.28009
55.8245 -7.66059
55.9563 -6.07745
56.0881 -4.33672
56.2198 -3.83256
56.3516 -4.41671
56.4833 -4.83961
56.6151 -4.15526
56.7468 -2.63554
56.8786 -1.34375
57.0103 -0.903187
57.1421 -0.777213
57.2738 0.189149
57.4056 2.52284
57.5373 5.45355
57.6691 7.52757
57.8008 7.91792
57.9326 7.13415
58.0643 6.42476
58.1961 6.47694
58.3278 6.74083
58.4596 6.09591
58.5913 4.21219
58.7231 2.19136
58.8548 1.71053
58.9866 3.36897
59.1184 5.82799
59.2501 6.71001
59.3819 4.59707
59.5136 0.354999
59.6454 -3.48879
59.7771 -4.85587
59.9089 -3.86807
60.0406 -2.65453
60.1724 -3.36011
60.3041 -6.14189
60.4359 -8.98003
60.5676 -9.49779
60.6994 -7.15325
60.8311 -3.80631
60.9629 -2.12349
61.0946 -3.2418
61.2264 -5.78812
61.3581 -7.12335
61.4899 -5.67045
61.6216 -2.22525
61.7534 0.89263
61.8852 2.00462
62.0169 1.52689
62.1487 1.38719
62.2804 3.00281
62.4122 5.77011
62.5439 7.53482
62.6757 6.64148
62.8074 3.64354
62.9392 1.02048
63.0709 1.07399
63.2027 3.8798
63.3344 7.16738
63.4662 8.26745
63.5979 6.38896
63.7297 3.19203
63.8614 1.18315
63.9932 1.4369
64.1249 2.72624
64.2567 2.80563
64.3884 0.596984
64.5202 -2.77
64.652 -4.99695
64.7837 -4.7138
64.9155 -2.6577
65.0472 -0.876168
65.179 -0.782779
65.3107 -1.94415
65.4425 -2.71019
65.5742 -1.98707
65.706 -0.359992
65.8377 0.544763
65.9695 -0.207896
66.1012 -1.8192
66.233 -2.52259
66.3647 -1.45676
66.4965 0.242832
66.6282 0.355107
66.76 -2.23763
66.8917 -6.16402
67.0235 -8.44987
67.1552 -7.04639
67.287 -2.73982
67.4187 1.38408
67.5505 2.56075
67.6823 0.744751
67.814 -1.39459
67.9458 -0.913606
68.0775 2.71358
68.2093 7.08056
68.341 8.97028
68.4728 7.18553
68.6045 3.54506
68.7363 1.20013
68.868 1.85559
68.9998 4.40927
69.1315 6.14452
69.2633 5.25426
69.395 2.33487
69.5268 -0.431505
69.6585 -1.47207
69.7903 -1.22114
69.922 -1.40977
70.0538 -3.02598
70.1855 -5.01966
70.3173 -5.1011
70.4491 -1.94781
70.5808 3.26239
70.7126 7.50121
70.8443 8.22829
70.9761 5.36416
71.1078 1.17656
71.2396 -1.74648
71.3713 -2.57321
71.5031 -2.54351
71.6348 -3.402
71.7666 -5.54506
71.8983 -7.642
72.0301 -8.01252
72.1618 -6.35947
72.2936 -4.15034
72.4253 -3.26177
72.5571 -4.17123
72.6888 -5.41967
72.8206 -4.88375
72.9523 -1.71139
73.0841 2.83751
73.2159 6.39342
73.3476 7.39744
73.4794 6.2246
73.6111 4.58415
73.7429 3.86314
73.8746 3.98997
74.0064 3.81201
74.1381 2.50583
74.2699 0.57879
74.4016 -0.535068
74.5334 0.112794
74.6651 1.96259
74.7969 3.35684
74.9286 3.05427
75.0604 1.42878
75.1921 0.18232
75.3239 0.777569
75.4556 3.0219
75.5874 5.14218
75.7191 5.33166
75.8509 3.36979
75.9826 0.809197
76.1144 -0.474966
76.2462 -0.0493741
76.3779 0.65525
76.5097 -0.289622
76.6414 -3.37664
76.7732 -6.96718
76.9049 -8.56343
77.0367 -6.98383
77.1684 -3.50136
77.3002 -0.874254
77.4319 -1.06317
77.5637 -3.61327
77.6954 -6.10412
77.8272 -6.24522
77.9589 -3.76134
78.0907 -0.451879
78.2224 1.52137
78.3542 1.49986
78.4859 0.681094
78.6177 0.755382
78.7494 2.20639
78.8812 3.89497
79.013 4.2623
79.1447 2.93213
79.2765 1.13911
79.4082 0.571239
79.54 1.75492
79.6717 3.55056
79.8035 4.2537
79.9352 3.25015
80.067 1.63972
80.1987 1.22751
80.3305 2.83367
80.4622 5.50657
80.594 7.34915
80.7257 7.14339
80.8575 5.24853
80.9892 3.01016
81.121 1.37272
81.2527 0.109155
81.3845 -1.61583
81.5162 -4.02164
81.648 -6.17951
81.7797 -6.80761
81.9115 -5.63126
82.0433 -3.88351
82.175 -3.30265
82.3068 -4.48041
82.4385 -6.15303
82.5703 -6.22654
82.702 -3.6976
82.8338 0.278344
82.9655 3.20654
83.0973 3.28774
83.229 0.881196
83.3608 -1.87323
83.4925 -2.88102
83.6243 -1.71474
83.756 0.337323
83.8878 1.66513
84.0195 1.76936
84.1513 1.43951
84.283 1.68422
84.4148 2.60005
84.5465 3.31108
84.6783 2.95998
84.8101 1.67442
84.9418 0.508515
85.0736 0.437853
85.2053 1.44613
85.3371 2.61866
85.4688 3.1078
85.6006 2.94853
85.7323 2.88291
85.8641 3.4043
85.9958 4.06421
86.1276 3.82895
86.2593 2.17603
86.3911 -0.197428
86.5228 -1.85542
86.6546 -1.91256
86.7863 -0.890155
86.9181 -0.252666
87.0498 -1.00806
87.1816 -2.70402
87.3133 -3.81881
87.4451 -3.2144
87.5769 -1.26998
87.7086 0.412686
87.8404 0.4809
87.9721 -0.916581
88.1039 -2.30139
88.2356 -2.33564
88.3674 -1.02662
88.4991 0.231771
88.6309 0.0921177
88.7626 -1.33215
88.8944 -2.5227
89.0261 -1.88084
89.1579 0.529513
89.2896 3.04065
89.4214 3.72753
89.5531 2.26136
89.6849 0.180342
89.8166 -0.557772
89.9484 0.703928
90.0801 2.60205
90.2119 3.06829
90.3436 1.29937
90.4754 -1.46422
90.6072 -2.98959
90.7389 -1.94126
90.8707 0.884122
91.0024 3.29933
91.1342 3.62346
91.2659 2.15886
91.3977 0.588354
91.5294 0.600555
91.6612 2.14392
91.7929 3.68396
91.9247 3.59138
92.0564 1.67506
92.1882 -0.7685
92.3199 -2.23794
92.4517 -2.06601
92.5834 -1.20632
92.7152 -0.891415
92.8469 -1.54364
92.9787 -2.53544
93.1104 -2.64389
93.2422 -1.57189
93.374 0.0246634
93.5057 0.9434
93.6375 0.752805
93.7692 -0.106325
93.901 -0.647834
94.0327 -0.385212
94.1645 0.315993
94.2962 0.744575
94.428 0.429639
94.5597 -0.309057
94.6915 -0.846271
94.8232 -0.770524
94.955 -0.368609
95.0867 -0.123401
95.2185 -0.13285
95.3502 -0.184264
95.482 0.121153
95.6137 0.722378
95.7455 1.17879
95.8772 1.15893
96.009 0.61059
96.1408 0.282358
96.2725 0.577012
96.4043 1.43556
96.536 2.07319
96.6678 1.72597
96.7995 0.516736
96.9313 -0.605134
97.063 -0.538235
97.1948 0.77501
97.3265 2.38962
97.4583 3.02433
97.59 2.00378
97.7218 0.00398817
97.8535 -1.63469
97.9853 -2.01513
98.117 -1.28353
98.2488 -0.344059
98.3805 -0.0494596
98.5123 -0.413891
98.644 -0.666666
98.7758 -0.0725764
98.9075 1.14678
99.0393 2.11449
99.1711 1.8231
99.3028 0.183344
99.4346 -1.91275
99.5663 -3.27908
99.6981 -3.25068
99.8298 -2.18508
99.9616 -0.979168
100.093 -0.320427
100.225 -0.266373
100.357 -0.107642
100.489 0.552516
100.62 1.57693
100.752 2.36222
100.884 2.25829
101.016 1.25878
101.147 -0.0126167
101.279 -0.913907
101.411 -1.08464
101.543 -0.711227
101.674 -0.254999
101.806 0.031531
101.938 0.217915
102.07 0.619779
102.201 1.36649
102.333 1.91256
102.465 1.98425
102.597 1.45182
102.728 0.555022
102.86 -0.301078
102.992 -0.684881
103.124 -0.7362
103.255 -0.794286
103.387 -1.02206
103.519 -1.30061
103.651 -1.26041
103.782 -0.61979
103.914 0.436532
104.046 1.40278
104.178 1.75547
104.309 1.3384
104.441 0.442822
104.573 -0.411918
104.705 -0.870049
104.836 -0.933828
104.968 -0.712923
105.1 -0.335804
105.232 0.0729659
105.363 0.486012
105.495 0.841797
105.627 1.00131
105.759 0.783077
105.89 0.164089
106.022 -0.636849
106.154 -1.27541
106.286 -1.38775
106.417 -1.0059
106.549 -0.399321
106.681 0.183613
106.813 0.530887
106.944 0.699886
107.076 0.784936
107.208 0.909168
107.34 0.969903
107.471 0.867425
107.603 0.431963
107.735 -0.167745
107.867 -0.746759
107.998 -1.05174
108.13 -1.07267
108.262 -0.829086
108.394 -0.479331
108.525 -0.0971684
108.657 0.234499
108.789 0.507903
108.921 0.751915
109.052 0.885455
109.184 0.899127
109.316 0.689096
109.448 0.425353
109.579 0.18208
109.711 0.0235509
109.843 0.0308559
109.975 0.0688235
110.106 0.121354
110.238 0.181137
110.37 0.207506
110.502 0.166805
110.634 0.0527632
110.765 -0.201355
110.897 -0.441104
111.029 -0.62598
111.161 -0.61762
111.292 -0.41093
111.424 -0.126052
111.556 0.0463319
111.688 0.144429
111.819 0.0868626
111.951 -0.0395128
112.083 -0.111087
112.215 -0.0899852
112.346 -0.0230377
112.478 -0.0381421
112.61 -0.124648
112.742 -0.174405
112.873 -0.0526388
113.005 0.179226
113.137 0.31377
113.269 0.286132
113.4 0.0662527
113.532 -0.112745
113.664 -0.200646
113.796 -0.140059
113.927 -0.00146137
114.059 0.0635954
114.191 0.0201212
114.323 -0.0927053
114.454 -0.155692
114.586 -0.0466674
114.718 0.0995364
114.85 0.136164
114.981 0.126445
115.113 0.0411689
115.245 -0.0044015
115.377 0.0250049
115.508 0.0552415
115.64 0.0816574
115.772 -0.0306016
115.904 -0.138371
116.035 -0.203577
116.167 -0.146608
116.299 -0.0571789
116.431 0.0646673
116.562 0.0812359
116.694 0.00199463
116.826 -0.0124133
116.958 0.0030349
117.089 0.0186361
117.221 0.0145953
117.353 -0.01748
117.485 -0.141648
117.616 -0.122075
117.748 -0.0662227
117.88 -0.0235239
118.012 0.00395836
118.143 -0.00223302
118.275 -0.0421005
118.407 -0.058118
118.539 -0.0265808
118.67 0.00268725
118.802 0.0129518
118.934 0.0396053
119.066 -0.0182818
119.197 -0.0208395
119.329 -0.0175511
119.461 -0.00884378
119.593 -0.0134859
119.724 -0.0341328
119.856 -0.0245511
119.988 -0.0289179
120.12 -0.029664
120.251 -0.015611
120.383 0.00408058
120.515 7.71409e-05
120.647 0.0126909
120.778 -0.00697555
120.91 -0.00461348
121.042 -0.0187451
121.174 -0.0179829
121.305 -0.00652355
121.437 0.00594512
121.569 -0.00593009
121.701 -0.0150683
121.832 -0.012316
121.964 -0.0122987
122.096 -0.0147513
122.228 -0.0147513
122.359 -0.0147513
122.491 -0.0147513
122.623 -0.0147513
122.755 -0.0147513
122.886 -0.0147513
123.018 -0.0147513
123.15 -0.0147513
123.282 -0.0147513
123.413 -0.0147513
123.545 -0.0147513
123.677 -0.0147513
123.809 -0.0147513
123.94 -0.0147513
124.072 -0.0147513
124.204 -0.0147513
124.336 -0.0147513
124.467 -0.0147513
124.599 -0.0147513
124.731 -0.0147513
124.863 -0.0147513
124.995 -0.0147513
125.126 -0.0147513
125.258 -0.0147513
125.39 -0.0147513
125.522 -0.0147513
125.653 -0.0147513
125.785 -0.0147513
125.917 -0.0147513
126.049 -0.0147513
126.18 -0.0147513
126.312 -0.0147513
126.444 -0.0147513
126.576 -0.0147513
126.707 -0.0147513
126.839 -0.0147513
126.971 -0.0147513
127.103 -0.0147513
127.234 -0.0147513
127.366 -0.0147513
127.498 -0.0147513
127.63 -0.0147513
127.761 -0.0147513
127.893 -0.0147513
128.025 -0.0147513
128.157 -0.0147513
128.288 -0.0147513
128.42 -0.0147513
128.552 -0.0147513
128.684 -0.0147513
128.815 -0.0147513
128.947 -0.0147513
129.079 -0.0147513
129.211 -0.0147513
129.342 -0.0147513
129.474 -0.0147513
129.606 -0.0147513
129.738 -0.0147513
129.869 -0.0147513
130.001 -0.0147513
130.133 -0.0147513
130.265 -0.0147513
130.396 -0.0147513
130.528 -0.0147513
130.66 -0.0147513
130.792 -0.0147513
130.923 -0.0147513
131.055 -0.0147513
131.187 -0.0147513
131.319 -0.0147513
131.45 -0.0147513
131.582 -0.0147513
131.714 -0.0147513
131.846 -0.0147513
131.977 -0.0147513
132.109 -0.0147513
132.241 -0.0147513
132.373 -0.0147513
132.504 -0.0147513
132.636 -0.0147513
132.768 -0.0147513
132.9 -0.0147513
133.031 -0.0147513
133.163 -0.0147513
133.295 -0.0147513
133.427 -0.0147513
133.558 -0.0147513
