-6.25273 -0.459956
-6.12098 -0.328496
-5.98923 -0.131104
-5.85748 0.0592351
-5.72572 0.167486
-5.59397 0.223218
-5.46222 0.179679
-5.33047 0.177369
-5.19871 0.155439
-5.06696 0.154105
-4.93521 0.143704
-4.80346 0.138935
-4.6717 0.165271
-4.53995 0.134079
-4.4082 0.0467569
-4.27645 -0.0512013
-4.1447 -0.126574
-4.01294 -0.101589
-3.88119 0.0343254
-3.74944 0.174921
-3.61769 0.284498
-3.48593 0.284977
-3.35418 0.174998
-3.22243 0.0107206
-3.09068 -0.117433
-2.95892 -0.212715
-2.82717 -0.154858
-2.69542 -0.0271534
-2.56367 0.184719
-2.43192 0.429353
-2.30016 0.598128
-2.16841 0.66539
-2.03666 0.612244
-1.90491 0.483569
-1.77315 0.331366
-1.6414 0.224385
-1.50965 0.14817
-1.3779 0.0810793
-1.24614 0.00795081
-1.11439 -0.0556282
-0.98264 -0.0915187
-0.850888 -0.098089
-0.719135 -0.114621
-0.587383 -0.19863
-0.455631 -0.309463
-0.323879 -0.390813
-0.192126 -0.367072
-0.0603739 -0.248285
0.0713784 -0.0362379
0.203131 0.159383
0.334883 0.302609
0.466635 0.372883
0.598388 0.408113
0.73014 0.425345
0.861892 0.468324
0.993645 0.49598
1.1254 0.427349
1.25715 0.289081
1.3889 0.150584
1.52065 0.0965022
1.65241 0.0347602
1.78416 0.0555582
1.91591 0.0205335
2.04766 0.0118083
2.17942 0.00424397
2.31117 -0.013328
2.44292 0.0104222
2.57467 0.0528433
2.70642 0.192216
2.83818 0.300819
2.96993 0.356724
3.10168 0.380397
3.23343 0.300745
3.36519 0.174423
3.49694 0.102045
3.62869 0.10632
3.76044 0.159888
3.8922 0.209576
4.02395 0.221961
4.1557 0.167257
4.28745 0.00477483
4.4192 -0.140875
4.55096 -0.288985
4.68271 -0.398114
4.81446 -0.371045
4.94621 -0.277507
5.07797 -0.140656
5.20972 0.0409125
5.34147 0.230033
5.47322 0.361631
5.60498 0.461616
5.73673 0.51937
5.86848 0.536482
6.00023 0.563208
6.13198 0.548055
6.26374 0.432177
6.39549 0.300229
6.52724 0.158523
6.65899 0.125107
6.79075 0.188863
6.9225 0.36947
7.05425 0.506002
7.186 0.538532
7.31776 0.465183
7.44951 0.324068
7.58126 0.144239
7.71301 -0.0561528
7.84476 -0.186525
7.97652 -0.251283
8.10827 -0.203825
8.24002 -0.0448034
8.37177 0.121601
8.50353 0.283688
8.63528 0.391602
8.76703 0.453372
8.89878 0.456223
9.03054 0.429422
9.16229 0.348562
9.29404 0.241816
9.42579 0.10221
9.55754 -0.0339908
9.6893 -0.0746494
9.82105 -0.0261114
9.9528 0.0090604
10.0846 -0.008468
10.2163 -0.158959
10.3481 -0.310047
10.4798 -0.355714
10.6116 -0.179583
10.7433 0.177561
10.8751 0.524538
11.0068 0.778444
11.1386 0.928421
11.2703 0.9457
11.4021 0.895698
11.5338 0.806357
11.6656 0.630009
11.7973 0.395397
11.9291 0.195954
12.0608 0.047092
12.1926 -0.0480441
12.3243 -0.151091
12.4561 -0.262353
12.5878 -0.358438
12.7196 -0.35563
12.8514 -0.20836
12.9831 0.043219
13.1149 0.294407
13.2466 0.452928
13.3784 0.498561
13.5101 0.472346
13.6419 0.428563
13.7736 0.380696
13.9054 0.32588
14.0371 0.282079
14.1689 0.293272
14.3006 0.382071
14.4324 0.498777
14.5641 0.533083
14.6959 0.396501
14.8276 0.106991
14.9594 -0.205942
15.0911 -0.387956
15.2229 -0.365299
15.3546 -0.180096
15.4864 0.0641851
15.6182 0.283983
15.7499 0.447521
15.8817 0.545995
16.0134 0.560777
16.1452 0.479216
16.2769 0.341936
16.4087 0.251533
16.5404 0.303523
16.6722 0.489309
16.8039 0.670911
16.9357 0.67366
17.0674 0.429234
17.1992 0.0415722
17.3309 -0.289554
17.4627 -0.421932
17.5944 -0.364214
17.7262 -0.231991
17.8579 -0.122408
17.9897 -0.0363126
18.1214 0.0815823
18.2532 0.24146
18.3849 0.366029
18.5167 0.360411
18.6485 0.222515
18.7802 0.0718705
18.912 0.0551245
19.0437 0.215232
19.1755 0.453603
19.3072 0.62357
19.439 0.661768
19.5707 0.627459
19.7025 0.616265
19.8342 0.643773
19.966 0.622219
20.0977 0.452945
20.2295 0.135769
20.3612 -0.218378
20.493 -0.480264
20.6247 -0.599067
20.7565 -0.604143
20.8882 -0.523435
21.02 -0.324848
21.1517 0.0405473
21.2835 0.536276
21.4153 1.00214
21.547 1.24584
21.6788 1.19038
21.8105 0.930544
21.9423 0.634896
22.074 0.38823
22.2058 0.137088
22.3375 -0.203419
22.4693 -0.596829
22.601 -0.860978
22.7328 -0.818928
22.8645 -0.482862
22.9963 -0.0771398
23.128 0.142281
23.2598 0.107906
23.3915 -0.0130056
23.5233 0.00784604
23.655 0.238323
23.7868 0.535222
23.9185 0.707048
24.0503 0.714176
24.1821 0.695925
24.3138 0.800267
24.4456 1.00317
24.5773 1.11654
24.7091 0.981156
24.8408 0.638485
24.9726 0.292609
25.1043 0.0979288
25.2361 0.0017575
25.3678 -0.180635
25.4996 -0.532066
25.6313 -0.897623
25.7631 -1.01239
25.8948 -0.77449
26.0266 -0.370798
26.1583 -0.0998701
26.2901 -0.0596562
26.4218 -0.035041
26.5536 0.267404
26.6853 0.86066
26.8171 1.38248
26.9488 1.41011
27.0806 0.900898
27.2124 0.302955
27.3441 0.174649
27.4759 0.646158
27.6076 1.24823
27.7394 1.2978
27.8711 0.479448
28.0029 -0.94233
28.1346 -2.46321
28.2664 -3.81388
28.3981 -4.96932
28.5299 -5.58719
28.6616 -4.50238
28.7934 -0.107908
28.9251 8.21891
29.0569 18.5472
29.1886 26.0888
29.3204 24.9473
29.4521 11.3139
29.5839 -13.6463
29.7156 -43.018
29.8474 -66.1816
29.9792 -72.9114
30.1109 -57.7528
30.2427 -22.8002
30.3744 22.3563
30.5062 63.6962
30.6379 87.8671
30.7697 87.3612
30.9014 63.4657
31.0332 25.4264
31.1649 -13.9339
31.2967 -43.9131
31.4284 -59.8637
31.5602 -63.3668
31.6919 -59.0982
31.8237 -50.9374
31.9554 -40.0603
32.0872 -25.9143
32.2189 -8.6273
32.3507 9.55383
32.4824 25.0659
32.6142 35.2288
32.746 39.7944
32.8777 40.5051
33.0095 39.1909
33.1412 36.209
33.273 30.5864
33.4047 21.557
33.5365 9.9046
33.6682 -2.20215
33.8 -12.6947
33.9317 -20.9592
34.0635 -27.7748
34.1952 -33.9369
34.327 -38.9316
34.4587 -40.9645
34.5905 -38.3616
34.7222 -31.076
34.854 -20.9495
34.9857 -10.5241
35.1175 -1.47098
35.2492 6.05034
35.381 12.7244
35.5127 18.8983
35.6445 24.017
35.7763 27.0917
35.908 27.6124
36.0398 25.9855
36.1715 23.1367
36.3033 19.7525
36.435 15.911
36.5668 11.3821
36.6985 6.1918
36.8303 0.838232
36.962 -4.03143
37.0938 -8.10497
37.2255 -11.5372
37.3573 -14.617
37.489 -17.3425
37.6208 -19.3493
37.7525 -20.2481
37.8843 -20.0013
38.016 -18.9453
38.1478 -17.4442
38.2795 -15.5415
38.4113 -12.965
38.5431 -9.47144
38.6748 -5.17846
38.8066 -0.560794
38.9383 3.86247
39.0701 7.82273
39.2018 11.302
39.3336 14.2857
39.4653 16.5679
39.5971 17.8319
39.7288 17.9226
39.8606 17.0141
39.9923 15.4865
40.1241 13.6242
40.2558 11.4356
40.3876 8.7693
40.5193 5.6016
40.6511 2.20303
40.7828 -0.984521
40.9146 -3.64249
41.0463 -5.76857
41.1781 -7.60827
41.3099 -9.41701
41.4416 -11.2758
41.5734 -13.083
41.7051 -14.6474
41.8369 -15.7332
41.9686 -16.0251
42.1004 -15.1394
42.2321 -12.8016
42.3639 -9.12796
42.4956 -4.77313
42.6274 -0.742216
42.7591 2.07744
42.8909 3.36226
43.0226 3.46393
43.1544 3.12402
43.2861 3.02324
43.4179 3.48528
43.5496 4.48438
43.6814 5.84877
43.8131 7.43545
43.9449 9.14619
44.0766 10.8356
44.2084 12.2523
44.3402 13.0911
44.4719 13.1134
44.6037 12.2338
44.7354 10.5215
44.8672 8.14413
44.9989 5.30951
45.1307 2.23154
45.2624 -0.894109
45.3942 -3.91187
45.5259 -6.70775
45.6577 -9.17457
45.7894 -11.1674
45.9212 -12.5069
46.0529 -13.0591
46.1847 -12.8407
46.3164 -12.0552
46.4482 -11.0068
46.5799 -9.94481
46.7117 -8.95225
46.8434 -7.95514
46.9752 -6.8179
47.107 -5.4255
47.2387 -3.69229
47.3705 -1.53756
47.5022 1.08536
47.634 4.08375
47.7657 7.13281
47.8975 9.71977
48.0292 11.3515
48.161 11.8034
48.2927 11.2287
48.4245 10.0454
48.5562 8.69012
48.688 7.42241
48.8197 6.29889
48.9515 5.28076
49.0832 4.34169
49.215 3.48204
49.3467 2.67529
49.4785 1.84443
49.6102 0.919966
49.742 -0.074324
49.8737 -1.00984
50.0055 -1.75245
50.1373 -2.29506
50.269 -2.79894
50.4008 -3.49017
50.5325 -4.48329
50.6643 -5.66893
50.796 -6.75144
50.9278 -7.40686
51.0595 -7.45162
51.1913 -6.92335
51.323 -6.04723
51.4548 -5.12574
51.5865 -4.40766
51.7183 -3.98225
51.85 -3.73563
51.9818 -3.39961
52.1135 -2.69171
52.2453 -1.48524
52.377 0.0959535
52.5088 1.73549
52.6405 3.11074
52.7723 4.08024
52.9041 4.73537
53.0358 5.28175
53.1676 5.85183
53.2993 6.40142
53.4311 6.76564
53.5628 6.81216
53.6946 6.55244
53.8263 6.11997
53.9581 5.64711
54.0898 5.15644
54.2216 4.55871
54.3533 3.74777
54.4851 2.70202
54.6168 1.50805
54.7486 0.300002
54.8803 -0.821711
55.0121 -1.8243
55.1438 -2.71479
55.2756 -3.49054
55.4073 -4.11672
55.5391 -4.54506
55.6709 -4.75117
55.8026 -4.75864
55.9344 -4.63501
56.0661 -4.46564
56.1979 -4.31953
56.3296 -4.22071
56.4614 -4.13718
56.5931 -3.99588
56.7249 -3.72049
56.8566 -3.27139
56.9884 -2.66043
57.1201 -1.93068
57.2519 -1.12134
57.3836 -0.252616
57.5154 0.654546
57.6471 1.54672
57.7789 2.33522
57.9106 2.9383
58.0424 3.3377
58.1741 3.59631
58.3059 3.81317
58.4376 4.04813
58.5694 4.27923
58.7012 4.42828
58.8329 4.42985
58.9647 4.28204
59.0964 4.03846
59.2282 3.7574
59.3599 3.46052
59.4917 3.13605
59.6234 2.77203
59.7552 2.37655
59.8869 1.96167
60.0187 1.51274
60.1504 0.984209
60.2822 0.336141
60.4139 -0.420349
60.5457 -1.21487
60.6774 -1.95947
60.8092 -2.6043
60.9409 -3.15687
61.0727 -3.64958
61.2044 -4.08925
61.3362 -4.43742
61.468 -4.63746
61.5997 -4.65944
61.7315 -4.52012
61.8632 -4.26361
61.995 -3.92628
62.1267 -3.51853
62.2585 -3.03209
62.3902 -2.45529
62.522 -1.77909
62.6537 -0.999515
62.7855 -0.134664
62.9172 0.743915
63.049 1.49825
63.1807 1.96867
63.3125 2.07614
63.4442 1.92311
63.576 1.80794
63.7077 2.10745
63.8395 3.06577
63.9712 4.60014
64.103 6.24518
64.2348 7.29701
64.3665 7.11879
64.4983 5.47773
64.63 2.74396
64.7618 -0.178883
64.8935 -2.2037
65.0253 -2.55061
65.157 -1.13246
65.2888 1.38606
65.4205 3.90919
65.5523 5.43944
65.684 5.51285
65.8158 4.30175
65.9475 2.37008
66.0793 0.289984
66.211 -1.61316
66.3428 -3.25968
66.4745 -4.64514
66.6063 -5.69782
66.738 -6.29121
66.8698 -6.36949
67.0015 -6.03722
67.1333 -5.50986
67.2651 -4.96464
67.3968 -4.42865
67.5286 -3.80351
67.6603 -2.99682
67.7921 -2.03555
67.9238 -1.06243
68.0556 -0.230413
68.1873 0.400988
68.3191 0.878956
68.4508 1.28593
68.5826 1.66457
68.7143 2.00865
68.8461 2.31239
68.9778 2.6127
69.1096 2.97276
69.2413 3.42112
69.3731 3.90497
69.5048 4.30059
69.6366 4.47026
69.7683 4.32261
69.9001 3.84647
70.0319 3.12031
70.1636 2.30719
70.2954 1.62485
70.4271 1.27125
70.5589 1.31813
70.6906 1.63692
70.8224 1.93218
70.9541 1.8933
71.0859 1.37773
71.2176 0.495999
71.3494 -0.468711
71.4811 -1.24795
71.6129 -1.74163
71.7446 -2.03017
71.8764 -2.25723
72.0081 -2.49567
72.1399 -2.70653
72.2716 -2.8057
72.4034 -2.75887
72.5351 -2.61453
72.6669 -2.45641
72.7987 -2.33376
72.9304 -2.23841
73.0622 -2.14054
73.1939 -2.03474
73.3257 -1.94422
73.4574 -1.88089
73.5892 -1.80716
73.7209 -1.64338
73.8527 -1.31825
73.9844 -0.818203
74.1162 -0.194402
74.2479 0.473805
74.3797 1.12514
74.5114 1.73828
74.6432 2.32239
74.7749 2.89303
74.9067 3.45108
75.0384 3.97037
75.1702 4.39423
75.3019 4.64532
75.4337 4.65375
75.5654 4.3946
75.6972 3.90967
75.829 3.29196
75.9607 2.63877
76.0925 2.00757
76.2242 1.40695
76.356 0.822663
76.4877 0.247151
76.6195 -0.316178
76.7512 -0.868207
76.883 -1.4169
77.0147 -1.94979
77.1465 -2.40134
77.2782 -2.66283
77.41 -2.65072
77.5417 -2.38733
77.6735 -2.01843
77.8052 -1.73597
77.937 -1.65728
78.0687 -1.75741
78.2005 -1.90909
78.3322 -1.98996
78.464 -1.95892
78.5958 -1.83918
78.7275 -1.64155
78.8593 -1.32127
78.991 -0.824541
79.1228 -0.181407
79.2545 0.458129
79.3863 0.903051
79.518 1.06199
79.6498 1.02238
79.7815 0.983397
79.9133 1.12463
80.045 1.44508
80.1768 1.79963
80.3085 2.02357
80.4403 2.06231
80.572 2.01224
80.7038 1.95111
80.8355 1.97266
80.9673 2.04603
81.099 2.09927
81.2308 2.08337
81.3626 2.00417
81.4943 1.86251
81.6261 1.60415
81.7578 1.18114
81.8896 0.60534
82.0213 -0.0180084
82.1531 -0.551741
82.2848 -0.918037
82.4166 -1.07684
82.5483 -1.07089
82.6801 -0.984442
82.8118 -0.792297
82.9436 -0.570306
83.0753 -0.308955
83.2071 -0.113222
83.3388 -0.0931775
83.4706 -0.228154
83.6023 -0.430767
83.7341 -0.61911
83.8658 -0.743469
83.9976 -0.779055
84.1293 -0.825255
84.2611 -0.845046
84.3929 -0.871814
84.5246 -0.859556
84.6564 -0.836685
84.7881 -0.774578
84.9199 -0.691592
85.0516 -0.48753
85.1834 -0.227418
85.3151 0.0725144
85.4469 0.368493
85.5786 0.609689
85.7104 0.822644
85.8421 1.01704
85.9739 1.13959
86.1056 1.21153
86.2374 1.2521
86.3691 1.19827
86.5009 1.19323
86.6326 1.27591
86.7644 1.38283
86.8961 1.48561
87.0279 1.41788
87.1597 1.16151
87.2914 0.800948
87.4232 0.430305
87.5549 0.111978
87.6867 -0.0705817
87.8184 -0.148282
87.9502 -0.214193
88.0819 -0.253574
88.2137 -0.245511
88.3454 -0.136521
88.4772 -0.0402795
88.6089 0.0198335
88.7407 -0.00541843
88.8724 -0.106284
89.0042 -0.210486
89.1359 -0.324375
89.2677 -0.428929
89.3994 -0.552634
89.5312 -0.737372
89.6629 -0.822224
89.7947 -0.770231
89.9265 -0.53127
90.0582 -0.216459
90.19 0.0432214
90.3217 0.207255
90.4535 0.267837
90.5852 0.252426
90.717 0.236913
90.8487 0.235558
90.9805 0.193381
91.1122 0.127174
91.244 0.102844
91.3757 0.135581
91.5075 0.202176
91.6392 0.254418
91.771 0.262665
91.9027 0.198922
92.0345 0.118634
92.1662 0.0820643
92.298 0.182531
92.4297 0.32777
92.5615 0.462854
92.6932 0.574619
92.825 0.620887
92.9568 0.641964
93.0885 0.659829
93.2203 0.610703
93.352 0.539492
93.4838 0.438474
93.6155 0.350113
93.7473 0.278591
93.879 0.223954
94.0108 0.17031
94.1425 0.102548
94.2743 0.042681
94.406 -0.0441352
94.5378 -0.0881224
94.6695 -0.201063
94.8013 -0.29275
94.933 -0.369346
95.0648 -0.371005
95.1965 -0.310107
95.3283 -0.252011
95.46 -0.169368
95.5918 -0.0982666
95.7236 -0.0586523
95.8553 -0.0146346
95.9871 0.010495
96.1188 -0.00358233
96.2506 -0.0204633
96.3823 -0.0801183
96.5141 -0.130425
96.6458 -0.135995
96.7776 -0.0946805
96.9093 -0.055147
97.0411 0.00230018
97.1728 -0.0319809
97.3046 -0.0573121
97.4363 -0.0808752
97.5681 -0.0828535
97.6998 -0.0257482
97.8316 0.0459384
97.9633 0.13096
98.0951 0.223652
98.2268 0.328466
98.3586 0.397703
98.4904 0.421763
98.6221 0.395367
98.7539 0.350426
98.8856 0.327149
99.0174 0.344495
99.1491 0.36758
99.2809 0.348296
99.4126 0.283439
99.5444 0.170402
99.6761 0.0779682
99.8079 0.0468971
99.9396 0.0967192
100.071 0.1209
100.203 0.0914547
100.335 -0.0135406
100.467 -0.118424
100.598 -0.160286
100.73 -0.109692
100.862 -0.0577124
100.994 -0.0523295
101.125 -0.0557066
101.257 -0.0528746
101.389 -0.0287052
101.521 -0.0170185
101.652 0.0531191
101.784 0.0280324
101.916 0.00164982
102.048 -0.0994862
102.179 -0.205108
102.311 -0.262091
102.443 -0.303888
102.575 -0.305064
102.706 -0.341721
102.838 -0.289557
102.97 -0.153992
103.102 -0.00902034
103.233 0.165819
103.365 0.304844
103.497 0.349012
103.629 0.332422
103.76 0.30381
103.892 0.282617
104.024 0.242794
104.156 0.179641
104.287 0.151097
104.419 0.0855741
104.551 0.0546831
104.683 0.0473343
104.814 -0.0199003
104.946 -0.0678203
105.078 -0.0718564
105.21 -0.0560995
105.341 -0.032797
105.473 0.0124834
105.605 0.0363079
105.737 0.0716174
105.868 0.145309
106 0.198489
106.132 0.231178
106.264 0.253798
106.395 0.194604
106.527 0.134034
106.659 0.0613672
106.791 0.037589
106.922 -0.00148284
107.054 0.000293694
107.186 0.0109029
107.318 0.00432302
107.45 -0.0248937
107.581 -0.0510134
107.713 -0.0452692
107.845 -0.0608768
107.977 -0.0574373
108.108 -0.0559365
108.24 -0.0652575
108.372 -0.0360346
108.504 -0.0296776
108.635 -0.0405255
108.767 -0.0680439
108.899 -0.0618665
109.031 -0.0316018
109.162 0.0288011
109.294 0.0638974
109.426 0.0903068
109.558 0.125964
109.689 0.129848
109.821 0.0983578
109.953 0.0594836
110.085 -0.0199049
110.216 -0.0494571
110.348 -0.0534979
110.48 -0.00510465
110.612 0.034539
110.743 0.0396356
110.875 0.0629178
111.007 0.0722522
111.139 0.0446759
111.27 0.0384797
111.402 0.0238134
111.534 -0.0172238
111.666 -0.0335167
111.797 -0.0234318
111.929 -0.0250406
112.061 -0.0153939
112.193 -0.0110984
112.324 0.00177659
112.456 0.000575617
112.588 0.0035338
112.72 0.00671282
112.851 0.00898617
112.983 0.00906084
113.115 0.00745644
113.247 0.00573918
113.378 0.00498821
113.51 0.00724791
113.642 0.00724791
113.774 0.00724791
113.905 0.00724791
114.037 0.00724791
114.169 0.00724791
114.301 0.00724791
114.432 0.00724791
114.564 0.00724791
114.696 0.00724791
114.828 0.00724791
114.959 0.00724791
115.091 0.00724791
115.223 0.00724791
115.355 0.00724791
115.486 0.00724791
115.618 0.00724791
115.75 0.00724791
115.882 0.00724791
116.013 0.00724791
116.145 0.00724791
116.277 0.00724791
116.409 0.00724791
116.54 0.00724791
116.672 0.00724791
116.804 0.00724791
116.936 0.00724791
117.067 0.00724791
117.199 0.00724791
117.331 0.00724791
117.463 0.00724791
117.594 0.00724791
117.726 0.00724791
117.858 0.00724791
117.99 0.00724791
118.121 0.00724791
118.253 0.00724791
118.385 0.00724791
118.517 0.00724791
118.648 0.00724791
118.78 0.00724791
118.912 0.00724791
119.044 0.00724791
119.175 0.00724791
119.307 0.00724791
119.439 0.00724791
119.571 0.00724791
119.702 0.00724791
119.834 0.00724791
119.966 0.00724791
120.098 0.00724791
120.229 0.00724791
120.361 0.00724791
120.493 0.00724791
120.625 0.00724791
120.756 0.00724791
120.888 0.00724791
121.02 0.00724791
121.152 0.00724791
121.283 0.00724791
121.415 0.00724791
121.547 0.00724791
121.679 0.00724791
121.811 0.00724791
121.942 0.00724791
122.074 0.00724791
122.206 0.00724791
122.338 0.00724791
122.469 0.00724791
122.601 0.00724791
122.733 0.00724791
122.865 0.00724791
122.996 0.00724791
123.128 0.00724791
123.26 0.00724791
123.392 0.00724791
123.523 0.00724791
123.655 0.00724791
123.787 0.00724791
123.919 0.00724791
124.05 0.00724791
124.182 0.00724791
124.314 0.00724791
124.446 0.00724791
124.577 0.00724791
124.709 0.00724791
124.841 0.00724791
124.973 0.00724791
125.104 0.00724791
125.236 0.00724791
125.368 0.00724791
125.5 0.00724791
125.631 0.00724791
125.763 0.00724791
125.895 0.00724791
126.027 0.00724791
126.158 0.00724791
126.29 0.00724791
126.422 0.00724791
126.554 0.00724791
126.685 0.00724791
126.817 0.00724791
126.949 0.00724791
127.081 0.00724791
127.212 0.00724791
127.344 0.00724791
127.476 0.00724791
127.608 0.00724791
127.739 0.00724791
127.871 0.00724791
128.003 0.00724791
128.135 0.00724791
128.266 0.00724791
128.398 0.00724791
128.53 0.00724791
