-5.20594 0.0842748
-5.07419 -0.0710652
-4.94244 -0.206617
-4.81069 -0.195704
-4.67893 -0.123031
-4.54718 -0.0467124
-4.41543 0.0440895
-4.28368 0.0257678
-4.15192 0.0392785
-4.02017 0.0356133
-3.88842 0.00577774
-3.75667 -0.0487983
-3.62492 -0.0219805
-3.49316 0.0288927
-3.36141 0.133798
-3.22966 0.293045
-3.09791 0.43101
-2.96615 0.488513
-2.8344 0.454097
-2.70265 0.369474
-2.5709 0.22274
-2.43914 0.134977
-2.30739 0.109786
-2.17564 0.0334443
-2.04389 -0.0429538
-1.91214 -0.0552302
-1.78038 0.00677243
-1.64863 0.111584
-1.51688 0.205356
-1.38513 0.204645
-1.25337 0.136889
-1.12162 0.0802745
-0.989869 0.0250728
-0.858117 0.0246534
-0.726365 0.0189861
-0.594613 0.0215413
-0.46286 0.0130977
-0.331108 0.0215137
-0.199356 0.0546347
-0.0676033 0.112915
0.064149 0.241044
0.195901 0.29403
0.327654 0.314187
0.459406 0.340908
0.591158 0.347751
0.722911 0.426397
0.854663 0.454345
0.986415 0.461394
1.11817 0.447829
1.24992 0.380366
1.38167 0.306677
1.51342 0.314423
1.64518 0.132567
1.77693 0.00696689
1.90868 -0.0485608
2.04043 0.0506904
2.17219 0.223742
2.30394 0.41633
2.43569 0.41916
2.56744 0.330462
2.6992 0.231574
2.83095 0.1605
2.9627 0.166606
3.09445 0.120533
3.2262 -0.016577
3.35796 -0.224196
3.48971 -0.349892
3.62146 -0.342707
3.75321 -0.207985
3.88497 -0.0722365
4.01672 0.0566974
4.14847 0.150294
4.28022 0.297169
4.41198 0.48744
4.54373 0.727351
4.67548 0.856827
4.80723 0.754417
4.93898 0.512999
5.07074 0.133199
5.20249 -0.16237
5.33424 -0.271869
5.46599 -0.241405
5.59775 -0.140963
5.7295 0.0455698
5.86125 0.208761
5.993 0.386857
6.12476 0.48106
6.25651 0.422363
6.38826 0.253126
6.52001 0.0755672
6.65176 0.0367649
6.78352 0.0167674
6.91527 0.106441
7.04702 0.194483
7.17877 0.31534
7.31053 0.453998
7.44228 0.660874
7.57403 0.798338
7.70578 0.83434
7.83754 0.642233
7.96929 0.401105
8.10104 0.23543
8.23279 0.138696
8.36454 0.169203
8.4963 0.139477
8.62805 0.0824506
8.7598 -0.0306343
8.89155 -0.0510871
9.02331 -0.100139
9.15506 -0.141593
9.28681 -0.292068
9.41856 -0.520613
9.55032 -0.615467
9.68207 -0.492539
9.81382 -0.0829335
9.94557 0.407378
10.0773 0.909141
10.2091 1.21844
10.3408 1.41148
10.4726 1.45759
10.6043 1.32875
10.7361 1.11004
10.8678 0.729774
10.9996 0.291398
11.1313 -0.00503124
11.2631 -0.112084
11.3948 -0.0323069
11.5266 0.0794141
11.6584 0.0720333
11.7901 -0.00706453
11.9219 -0.0823494
12.0536 0.00137657
12.1854 0.165421
12.3171 0.30905
12.4489 0.256299
12.5806 0.0883671
12.7124 -0.102721
12.8441 -0.055527
12.9759 0.109872
13.1076 0.24733
13.2394 0.257322
13.3711 0.14659
13.5029 -0.028075
13.6346 -0.0748889
13.7664 -0.0418796
13.8981 0.0444447
14.0299 0.181958
14.1616 0.43165
14.2934 0.758881
14.4252 1.10503
14.5569 1.26106
14.6887 1.06476
14.8204 0.616759
14.9522 0.205859
15.0839 0.0351933
15.2157 0.108614
15.3474 0.264989
15.4792 0.385095
15.6109 0.442233
15.7427 0.459151
15.8744 0.619686
16.0062 0.75962
16.1379 0.765648
16.2697 0.51796
16.4014 0.136401
16.5332 -0.143728
16.6649 -0.224062
16.7967 -0.167363
16.9284 -0.1643
17.0602 -0.300738
17.1919 -0.452069
17.3237 -0.40381
17.4555 -0.10846
17.5872 0.274068
17.719 0.491093
17.8507 0.513206
17.9825 0.400702
18.1142 0.405319
18.246 0.578713
18.3777 0.785011
18.5095 0.802071
18.6412 0.573807
18.773 0.262195
18.9047 0.0899365
19.0365 0.125671
19.1682 0.235944
19.3 0.248488
19.4317 0.149952
19.5635 0.107378
19.6952 0.290103
19.827 0.679136
19.9587 1.06377
20.0905 1.22893
20.2223 1.1397
20.354 0.938417
20.4858 0.7712
20.6175 0.63868
20.7493 0.430869
20.881 0.0991147
21.0128 -0.236067
21.1445 -0.375267
21.2763 -0.244332
21.408 0.00573081
21.5398 0.122266
21.6715 -0.0150125
21.8033 -0.282592
21.935 -0.435752
22.0668 -0.338593
22.1985 -0.0701463
22.3303 0.187517
22.462 0.342723
22.5938 0.455843
22.7255 0.612928
22.8573 0.771676
22.9891 0.775152
23.1208 0.538048
23.2526 0.200723
23.3843 0.0554392
23.5161 0.283586
23.6478 0.758816
23.7796 1.12942
23.9113 1.12007
24.0431 0.765701
24.1748 0.350706
24.3066 0.122137
24.4383 0.0727258
24.5701 0.0102615
24.7018 -0.175938
24.8336 -0.351346
24.9653 -0.264694
25.0971 0.160961
25.2288 0.692175
25.3606 0.971088
25.4923 0.851096
25.6241 0.539742
25.7558 0.393827
25.8876 0.569212
26.0194 0.881013
26.1511 1.01226
26.2829 0.844756
26.4146 0.559738
26.5464 0.405778
26.6781 0.394668
26.8099 0.271177
26.9416 -0.190992
27.0734 -0.879709
27.2051 -1.37315
27.3369 -1.31232
27.4686 -0.748449
27.6004 -0.0988041
27.7321 0.259402
27.8639 0.344049
27.9956 0.500778
28.1274 0.981498
28.2591 1.61927
28.3909 1.9618
28.5226 1.74181
28.6544 1.18758
28.7862 0.820902
28.9179 0.924267
29.0497 1.22805
29.1814 1.16639
29.3132 0.463825
29.4449 -0.54853
29.5767 -1.23002
29.7084 -1.25006
29.8402 -0.890019
29.9719 -0.704909
30.1037 -0.896286
30.2354 -1.07026
30.3672 -0.66399
30.4989 0.392383
30.6307 1.49568
30.7624 1.91002
30.8942 1.4977
31.0259 0.867662
31.1577 0.746519
31.2894 1.2043
31.4212 1.56453
31.553 1.14079
31.6847 0.0503737
31.8165 -0.788737
31.9482 -0.557289
32.08 0.557243
32.2117 1.4195
32.3435 0.990963
32.4752 -0.672142
32.607 -2.5173
32.7387 -3.61259
32.8705 -4.0573
33.0022 -4.56023
33.134 -4.96208
33.2657 -3.33183
33.3975 2.91923
33.5292 14.2727
33.661 26.9072
33.7927 33.3538
33.9245 26.2574
34.0562 3.0153
34.188 -31.7502
34.3197 -67.415
34.4515 -91.3432
34.5833 -93.3681
34.715 -69.0464
34.8468 -21.3302
34.9785 39.154
35.1103 95.6732
35.242 129.731
35.3738 127.953
35.5055 88.803
35.6373 24.8758
35.769 -41.8727
35.9008 -90.2477
36.0325 -109.523
36.1643 -102.759
36.296 -82.0059
36.4278 -59.275
36.5595 -39.8128
36.6913 -21.796
36.823 -1.29587
36.9548 22.4231
37.0865 45.5905
37.2183 62.9123
37.3501 71.4974
37.4818 72.139
37.6136 67.3022
37.7453 58.275
37.8771 44.3758
38.0088 24.7695
38.1406 0.813108
38.2723 -23.5546
38.4041 -43.8347
38.5358 -57.5073
38.6676 -64.8058
38.7993 -67.2471
38.9311 -65.5683
39.0628 -59.1203
39.1946 -47.1685
39.3263 -30.6257
39.4581 -12.3722
39.5898 4.24037
39.7216 17.3367
39.8533 27.1719
39.9851 35.0406
40.1168 41.6046
40.2486 46.2077
40.3804 47.6438
40.5121 45.4279
40.6439 40.2562
40.7756 33.289
40.9074 25.1043
41.0391 15.4422
41.1709 3.98655
41.3026 -8.64517
41.4344 -20.7323
41.5661 -30.3139
41.6979 -36.3077
41.8296 -38.9147
41.9614 -39.0649
42.0931 -37.5343
42.2249 -34.5485
42.3566 -30.0924
42.4884 -24.4284
42.6201 -18.2057
42.7519 -12.0614
42.8836 -6.18082
43.0154 -0.308367
43.1472 5.79376
43.2789 11.9167
43.4107 17.439
43.5424 21.7712
43.6742 24.75
43.8059 26.5974
43.9377 27.5238
44.0694 27.4095
44.2012 25.8981
44.3329 22.798
44.4647 18.3803
44.5964 13.2765
44.7282 8.08099
44.8599 3.03904
44.9917 -1.91036
45.1234 -6.82564
45.2552 -11.5133
45.3869 -15.567
45.5187 -18.6256
45.6504 -20.5918
45.7822 -21.6342
45.914 -22.0186
46.0457 -21.9432
46.1775 -21.4757
46.3092 -20.5501
46.441 -18.9508
46.5727 -16.3153
46.7045 -12.2676
46.8362 -6.7094
46.968 -0.104985
47.0997 6.50012
47.2315 11.843
47.3632 15.014
47.495 15.8732
47.6267 15.0479
47.7585 13.5407
47.8902 12.2358
48.022 11.5965
48.1537 11.6537
48.2855 12.1727
48.4172 12.8287
48.549 13.3063
48.6807 13.3441
48.8125 12.763
48.9443 11.4776
49.076 9.47018
49.2078 6.74299
49.3395 3.30551
49.4713 -0.773999
49.603 -5.29582
49.7348 -9.91734
49.8665 -14.2342
49.9983 -17.8922
50.13 -20.6356
50.2618 -22.2714
50.3935 -22.6277
50.5253 -21.5991
50.657 -19.2679
50.7888 -15.9783
50.9205 -12.2491
51.0523 -8.55166
51.184 -5.11891
51.3158 -1.94058
51.4475 1.0639
51.5793 3.86899
51.7111 6.33465
51.8428 8.36602
51.9746 10.0654
52.1063 11.6981
52.2381 13.4694
52.3698 15.2989
52.5016 16.7926
52.6333 17.4469
52.7651 16.9271
52.8968 15.219
53.0286 12.5855
53.1603 9.4134
53.2921 6.08685
53.4238 2.93371
53.5556 0.200016
53.6873 -1.99395
53.8191 -3.68561
53.9508 -5.02085
54.0826 -6.11987
54.2143 -6.96151
54.3461 -7.40832
54.4779 -7.37797
54.6096 -7.01522
54.7414 -6.68967
54.8731 -6.78518
55.0049 -7.43594
55.1366 -8.42234
55.2684 -9.30821
55.4001 -9.70087
55.5319 -9.43127
55.6636 -8.5496
55.7954 -7.20357
55.9271 -5.54273
56.0589 -3.71494
56.1906 -1.89317
56.3224 -0.238108
56.4541 1.2035
56.5859 2.55535
56.7176 4.02392
56.8494 5.70328
56.9811 7.43588
57.1129 8.87145
57.2446 9.70086
57.3764 9.88096
57.5082 9.66443
57.6399 9.4109
57.7717 9.33499
57.9034 9.38671
58.0352 9.33366
58.1669 8.94834
58.2987 8.14107
58.4304 6.95747
58.5622 5.48523
58.6939 3.77431
58.8257 1.83207
58.9574 -0.325005
59.0892 -2.62105
59.2209 -4.90957
59.3527 -6.99963
59.4844 -8.70174
59.6162 -9.88081
59.7479 -10.5023
59.8797 -10.6455
60.0114 -10.4595
60.1432 -10.0746
60.275 -9.52846
60.4067 -8.76915
60.5385 -7.73709
60.6702 -6.45468
60.802 -5.03822
60.9337 -3.61805
61.0655 -2.24333
61.1972 -0.866874
61.329 0.572395
61.4607 2.05138
61.5925 3.45037
61.7242 4.64249
61.856 5.59653
61.9877 6.38766
62.1195 7.10213
62.2512 7.73022
62.383 8.15533
62.5147 8.25084
62.6465 7.98921
62.7782 7.45868
62.91 6.78056
63.0418 6.02038
63.1735 5.18474
63.3053 4.29577
63.437 3.44593
63.5688 2.75586
63.7005 2.267
63.8323 1.88184
63.964 1.42593
64.0958 0.782944
64.2275 -0.0252059
64.3593 -0.889085
64.491 -1.73662
64.6228 -2.59896
64.7545 -3.54685
64.8863 -4.56618
65.018 -5.51162
65.1498 -6.20097
65.2815 -6.56559
65.4133 -6.70606
65.545 -6.78995
65.6768 -6.88492
65.8085 -6.88698
65.9403 -6.61125
66.0721 -5.95489
66.2038 -4.97602
66.3356 -3.82391
66.4673 -2.60592
66.5991 -1.33162
66.7308 0.0186266
66.8626 1.39148
66.9943 2.65046
67.1261 3.67787
67.2578 4.47768
67.3896 5.15539
67.5213 5.77804
67.6531 6.25593
67.7848 6.38842
67.9166 6.06662
68.0483 5.46399
68.1801 5.02869
68.3118 5.24022
68.4436 6.27854
68.5753 7.822
68.7071 9.10371
68.8389 9.20436
68.9706 7.45471
69.1024 3.79442
69.2341 -1.05513
69.3659 -5.7208
69.4976 -8.64862
69.6294 -8.78543
69.7611 -6.15165
69.8929 -1.94107
70.0246 1.99918
70.1564 4.06604
70.2881 3.64894
70.4199 1.27544
70.5516 -1.8894
70.6834 -4.79012
70.8151 -6.94808
70.9469 -8.40391
71.0786 -9.32693
71.2104 -9.70385
71.3421 -9.36245
71.4739 -8.23131
71.6057 -6.52444
71.7374 -4.6476
71.8692 -2.91747
72.0009 -1.36779
72.1327 0.179426
72.2644 1.86311
72.3962 3.60163
72.5279 5.14325
72.6597 6.27572
72.7914 6.97731
72.9232 7.37157
73.0549 7.55579
73.1867 7.49409
73.3184 7.08601
73.4502 6.33252
73.5819 5.42074
73.7137 4.6303
73.8454 4.13946
73.9772 3.90093
74.1089 3.6854
74.2407 3.23975
74.3724 2.42701
74.5042 1.26636
74.636 -0.10183
74.7677 -1.45853
74.8995 -2.53851
75.0312 -3.0945
75.163 -3.01638
75.2947 -2.44216
75.4265 -1.74867
75.5582 -1.37625
75.69 -1.582
75.8217 -2.29669
75.9535 -3.19322
76.0852 -3.90914
76.217 -4.25009
76.3487 -4.23574
76.4805 -3.99578
76.6122 -3.6399
76.744 -3.21338
76.8757 -2.7403
77.0075 -2.26943
77.1392 -1.85631
77.271 -1.50418
77.4028 -1.14204
77.5345 -0.679833
77.6663 -0.0933749
77.798 0.546905
77.9298 1.13643
78.0615 1.62958
78.1933 2.07599
78.325 2.56734
78.4568 3.14794
78.5885 3.772
78.7203 4.33926
78.852 4.76621
78.9838 5.02766
79.1155 5.14565
79.2473 5.15514
79.379 5.08424
79.5108 4.95167
79.6425 4.758
79.7743 4.46436
79.906 3.98792
80.0378 3.24533
80.1696 2.22676
80.3013 1.03588
80.4331 -0.155736
80.5648 -1.21484
80.6966 -2.1233
80.8283 -2.95265
80.9601 -3.75801
81.0918 -4.49307
81.2236 -5.03083
81.3553 -5.27112
81.4871 -5.2278
81.6188 -5.00697
81.7506 -4.69739
81.8823 -4.28578
82.0141 -3.68816
82.1458 -2.87135
82.2776 -1.94368
82.4093 -1.11705
82.5411 -0.564339
82.6728 -0.296744
82.8046 -0.167091
82.9363 0.0123345
83.0681 0.348211
83.1999 0.839022
83.3316 1.43731
83.4634 2.09655
83.5951 2.83595
83.7269 3.57983
83.8586 4.18421
83.9904 4.52256
84.1221 4.5667
84.2539 4.41969
84.3856 4.23541
84.5174 4.09363
84.6491 3.94295
84.7809 3.66068
84.9126 3.1699
85.0444 2.4824
85.1761 1.81335
85.3079 1.14068
85.4396 0.559306
85.5714 0.0844635
85.7031 -0.261128
85.8349 -0.495617
85.9667 -0.674845
86.0984 -0.936722
86.2302 -1.38928
86.3619 -2.10306
86.4937 -2.91846
86.6254 -3.55046
86.7572 -3.69929
86.8889 -3.48255
87.0207 -3.05757
87.1524 -2.66514
87.2842 -2.2829
87.4159 -1.9439
87.5477 -1.51294
87.6794 -0.994263
87.8112 -0.524221
87.9429 -0.168518
88.0747 0.0882799
88.2064 0.376501
88.3382 0.668804
88.4699 0.941189
88.6017 1.15075
88.7335 1.21557
88.8652 1.26612
88.997 1.36813
89.1287 1.53058
89.2605 1.67514
89.3922 1.79182
89.524 1.83157
89.6557 1.81497
89.7875 1.88626
89.9192 1.94465
90.051 2.09969
90.1827 2.15279
90.3145 2.08467
90.4462 1.94074
90.578 1.68974
90.7097 1.31775
90.8415 0.896933
90.9732 0.419614
91.105 -0.0162655
91.2367 -0.245536
91.3685 -0.308374
91.5002 -0.260412
91.632 -0.256252
91.7638 -0.403673
91.8955 -0.660248
92.0273 -0.999072
92.159 -1.32938
92.2908 -1.59705
92.4225 -1.8161
92.5543 -1.84535
92.686 -1.66013
92.8178 -1.27546
92.9495 -0.72736
93.0813 -0.282327
93.213 -0.0535861
93.3448 -0.0436825
93.4765 -0.172293
93.6083 -0.205868
93.74 -0.0364225
93.8718 0.26181
94.0035 0.652759
94.1353 0.945696
94.267 1.09511
94.3988 1.15417
94.5306 1.16315
94.6623 1.04917
94.7941 0.826892
94.9258 0.659919
95.0576 0.620583
95.1893 0.627738
95.3211 0.700675
95.4528 0.780079
95.5846 0.778485
95.7163 0.822993
95.8481 0.811638
95.9798 0.797803
96.1116 0.748083
96.2433 0.633374
96.3751 0.397269
96.5068 0.205598
96.6386 0.0984529
96.7703 0.0269017
96.9021 -0.0716448
97.0338 -0.240101
97.1656 -0.427034
97.2974 -0.514112
97.4291 -0.347617
97.5609 -0.0527619
97.6926 0.220006
97.8244 0.424362
97.9561 0.466537
98.0879 0.367408
98.2196 0.221306
98.3514 0.0746244
98.4831 -0.0923391
98.6149 -0.256012
98.7466 -0.40226
98.8784 -0.490961
99.0101 -0.431239
99.1419 -0.3152
99.2736 -0.202558
99.4054 -0.183127
99.5371 -0.188156
99.6689 -0.117088
99.8006 0.096846
99.9324 0.387486
100.064 0.550258
100.196 0.609544
100.328 0.533337
100.459 0.391391
100.591 0.306125
100.723 0.19419
100.855 0.12895
100.986 0.0605278
101.118 0.035906
101.25 0.148485
101.382 0.339608
101.513 0.426415
101.645 0.583466
101.777 0.564706
101.909 0.460949
102.04 0.301666
102.172 0.185641
102.304 0.0781732
102.436 0.0868975
102.567 0.100013
102.699 0.115325
102.831 0.173592
102.963 0.212884
103.094 0.265719
103.226 0.286957
103.358 0.270687
103.49 0.165053
103.621 0.0123416
103.753 -0.16931
103.885 -0.299599
104.017 -0.391341
104.148 -0.365393
104.28 -0.241833
104.412 -0.0267139
104.544 0.132933
104.675 0.208901
104.807 0.220842
104.939 0.131887
105.071 0.104145
105.202 0.0661155
105.334 -0.0214579
105.466 -0.121745
105.598 -0.183253
105.729 -0.224366
105.861 -0.156434
105.993 -0.0933296
106.125 -0.0390183
106.257 0.0264726
106.388 0.1163
106.52 0.244811
106.652 0.337379
106.784 0.47917
106.915 0.482834
107.047 0.409902
107.179 0.278898
107.311 0.200743
107.442 0.148198
107.574 0.162691
107.706 0.141032
107.838 0.167589
107.969 0.162517
108.101 0.152843
108.233 0.208698
108.365 0.197715
108.496 0.185047
108.628 0.0997989
108.76 0.0516534
108.892 -0.00841301
109.023 0.0341961
109.155 0.0224488
109.287 -0.0315315
109.419 -0.107329
109.55 -0.211597
109.682 -0.227519
109.814 -0.197462
109.946 -0.0856854
110.077 -0.0482192
110.209 0.00256286
110.341 0.0162632
110.473 0.0839913
110.604 0.216889
110.736 0.250718
110.868 0.240245
111 0.213623
111.131 0.18236
111.263 0.215737
111.395 0.230398
111.527 0.171315
111.658 0.0547983
111.79 -0.0993465
111.922 -0.170064
112.054 -0.187287
112.185 -0.14663
112.317 -0.148651
112.449 -0.146077
112.581 -0.15049
112.712 -0.0584674
112.844 -0.00481546
112.976 0.0670356
113.108 0.117006
113.239 0.114956
113.371 0.0898849
113.503 0.126748
113.635 0.133944
113.766 0.144281
113.898 0.120167
114.03 0.06259
114.162 -0.0142402
114.293 -0.0353567
114.425 -0.0452874
114.557 -0.0452938
114.689 -0.0159887
114.82 0.0150377
114.952 0.0122849
115.084 0.00480144
115.216 0.0184467
115.347 0.0502024
115.479 0.0415039
115.611 -0.00754247
115.743 -0.00828562
115.874 -0.0581098
116.006 -0.0587183
116.138 -0.0635232
116.27 -0.0417555
116.401 -0.0124679
116.533 -0.00213624
116.665 0.00980884
116.797 0.00674247
116.928 -0.000607542
117.06 -0.00250869
117.192 -0.000889035
117.324 -0.00895744
117.455 -0.00998981
117.587 -0.00278968
117.719 0.0235157
117.851 0.00177425
117.982 0.00490898
118.114 -0.00251621
118.246 -0.000820065
118.378 -0.00322368
118.509 -0.00322368
118.641 -0.00322368
118.773 -0.00322368
118.905 -0.00322368
119.036 -0.00322368
119.168 -0.00322368
119.3 -0.00322368
119.432 -0.00322368
119.563 -0.00322368
119.695 -0.00322368
119.827 -0.00322368
119.959 -0.00322368
120.09 -0.00322368
120.222 -0.00322368
120.354 -0.00322368
120.486 -0.00322368
120.618 -0.00322368
120.749 -0.00322368
120.881 -0.00322368
121.013 -0.00322368
121.145 -0.00322368
121.276 -0.00322368
121.408 -0.00322368
121.54 -0.00322368
121.672 -0.00322368
121.803 -0.00322368
121.935 -0.00322368
122.067 -0.00322368
122.199 -0.00322368
122.33 -0.00322368
122.462 -0.00322368
122.594 -0.00322368
122.726 -0.00322368
122.857 -0.00322368
122.989 -0.00322368
123.121 -0.00322368
123.253 -0.00322368
123.384 -0.00322368
123.516 -0.00322368
123.648 -0.00322368
123.78 -0.00322368
123.911 -0.00322368
124.043 -0.00322368
124.175 -0.00322368
124.307 -0.00322368
124.438 -0.00322368
124.57 -0.00322368
124.702 -0.00322368
124.834 -0.00322368
124.965 -0.00322368
125.097 -0.00322368
125.229 -0.00322368
125.361 -0.00322368
125.492 -0.00322368
125.624 -0.00322368
125.756 -0.00322368
125.888 -0.00322368
126.019 -0.00322368
126.151 -0.00322368
126.283 -0.00322368
126.415 -0.00322368
126.546 -0.00322368
126.678 -0.00322368
126.81 -0.00322368
126.942 -0.00322368
127.073 -0.00322368
127.205 -0.00322368
127.337 -0.00322368
127.469 -0.00322368
127.6 -0.00322368
127.732 -0.00322368
127.864 -0.00322368
127.996 -0.00322368
128.127 -0.00322368
128.259 -0.00322368
128.391 -0.00322368
128.523 -0.00322368
128.654 -0.00322368
128.786 -0.00322368
128.918 -0.00322368
129.05 -0.00322368
129.181 -0.00322368
129.313 -0.00322368
129.445 -0.00322368
129.577 -0.00322368
