-4.5446 0.907659
-4.41284 0.814005
-4.28109 0.649612
-4.14934 0.436826
-4.01759 0.289559
-3.88583 0.201274
-3.75408 0.212331
-3.62233 0.183658
-3.49058 0.19211
-3.35883 0.162091
-3.22707 0.151124
-3.09532 0.150976
-2.96357 0.151324
-2.83182 0.0986284
-2.70006 0.0447218
-2.56831 0.0312889
-2.43656 0.0133263
-2.30481 0.0359083
-2.17305 0.0471534
-2.0413 0.0405933
-1.90955 -0.0264105
-1.7778 -0.124283
-1.64605 -0.192066
-1.51429 -0.263218
-1.38254 -0.264192
-1.25079 -0.25503
-1.11904 -0.277694
-0.987284 -0.274817
-0.855531 -0.18722
-0.723779 -0.0777875
-0.592027 -0.0726691
-0.460275 -0.11979
-0.328522 -0.14038
-0.19677 -0.0351655
-0.0650176 0.184476
0.0667347 0.476159
0.198487 0.731684
0.330239 0.789709
0.461992 0.612552
0.593744 0.336626
0.725496 0.157882
0.857249 0.129375
0.989001 0.190826
1.12075 0.269328
1.25251 0.281502
1.38426 0.276827
1.51601 0.323235
1.64776 0.456924
1.77951 0.561553
1.91127 0.572746
2.04302 0.544772
2.17477 0.527503
2.30652 0.456067
2.43828 0.462467
2.57003 0.339755
2.70178 0.0398122
2.83353 -0.281273
2.96529 -0.503325
3.09704 -0.577744
3.22879 -0.489676
3.36054 -0.371864
3.49229 -0.252075
3.62405 -0.122078
3.7558 0.0929732
3.88755 0.308552
4.0193 0.43127
4.15106 0.344303
4.28281 0.15251
4.41456 -0.119674
4.54631 -0.246859
4.67807 -0.0784479
4.80982 0.274994
4.94157 0.638509
5.07332 0.853564
5.20507 0.918253
5.33683 0.851701
5.46858 0.704577
5.60033 0.472432
5.73208 0.239424
5.86384 0.0429137
5.99559 0.0575679
6.12734 0.170425
6.25909 0.29378
6.39085 0.291871
6.5226 0.0599122
6.65435 -0.182378
6.7861 -0.256704
6.91785 -0.115506
7.04961 0.13783
7.18136 0.336948
7.31311 0.380696
7.44486 0.300558
7.57662 0.26744
7.70837 0.421648
7.84012 0.65257
7.97187 0.785017
8.10363 0.765379
8.23538 0.633939
8.36713 0.567207
8.49888 0.596075
8.63063 0.560523
8.76239 0.375974
8.89414 0.086387
9.02589 -0.244994
9.15764 -0.455258
9.2894 -0.514367
9.42115 -0.494416
9.5529 -0.512924
9.68465 -0.559601
9.81641 -0.512977
9.94816 -0.278107
10.0799 0.117173
10.2117 0.515138
10.3434 0.799295
10.4752 0.932167
10.6069 0.98215
10.7387 0.972223
10.8704 0.829035
11.0022 0.524521
11.1339 0.0811522
11.2657 -0.352681
11.3974 -0.547244
11.5292 -0.482518
11.6609 -0.268655
11.7927 -0.113939
11.9244 -0.0676872
12.0562 -0.0283778
12.1879 0.139083
12.3197 0.449128
12.4515 0.776348
12.5832 0.986151
12.715 1.06679
12.8467 1.11334
12.9785 1.18036
13.1102 1.17432
13.242 0.925734
13.3737 0.387011
13.5055 -0.250792
13.6372 -0.668248
13.769 -0.674858
13.9007 -0.371936
14.0325 -0.0575638
14.1642 0.0409786
14.296 -0.0484036
14.4277 -0.112984
14.5595 0.00362474
14.6912 0.239945
14.823 0.393331
14.9547 0.341694
15.0865 0.16921
15.2182 0.0643241
15.35 0.106065
15.4818 0.175532
15.6135 0.0931737
15.7453 -0.165458
15.877 -0.414766
16.0088 -0.436294
16.1405 -0.207097
16.2723 0.0664307
16.404 0.155342
16.5358 0.0443009
16.6675 -0.0534472
16.7993 0.0756833
16.931 0.411643
17.0628 0.711552
17.1945 0.76086
17.3263 0.602852
17.458 0.500099
17.5898 0.661137
17.7215 1.01701
17.8533 1.2855
17.985 1.25831
18.1168 1.0069
18.2486 0.785175
18.3803 0.732072
18.5121 0.699336
18.6438 0.405249
18.7756 -0.235168
18.9073 -0.956862
19.0391 -1.3516
19.1708 -1.24055
19.3026 -0.830991
19.4343 -0.48913
19.5661 -0.362042
19.6978 -0.248367
19.8296 0.13902
19.9613 0.795055
20.0931 1.34414
20.2248 1.37228
20.3566 0.842342
20.4883 0.157577
20.6201 -0.208835
20.7518 -0.146926
20.8836 0.039485
21.0154 0.0121009
21.1471 -0.203938
21.2789 -0.242554
21.4106 0.170188
21.5424 0.839607
21.6741 1.21723
21.8059 0.928991
21.9376 0.178566
22.0694 -0.416164
22.2011 -0.414401
22.3329 0.0314897
22.4646 0.37645
22.5964 0.294996
22.7281 0.0452016
22.8599 0.16695
22.9916 0.815008
23.1234 1.46369
23.2551 1.37173
23.3869 0.382437
23.5186 -0.789803
23.6504 -1.1688
23.7821 -0.471625
23.9139 0.569609
24.0457 0.914632
24.1774 0.287017
24.3092 -0.4947
24.4409 -0.335293
24.5727 0.946606
24.7044 2.28375
24.8362 2.29166
24.9679 0.56943
25.0997 -1.96041
25.2314 -4.02934
25.3632 -5.23741
25.4949 -6.06723
25.6267 -6.51567
25.7584 -4.85919
25.8902 1.62027
26.0219 13.8198
26.1537 28.0787
26.2854 36.3313
26.4172 30.0239
26.5489 5.60455
26.6807 -32.1485
26.8125 -71.3086
26.9442 -97.6882
27.076 -100.379
27.2077 -75.2375
27.3395 -25.7622
27.4712 37.6023
27.603 99.0266
27.7347 140.403
27.8665 146.822
27.9982 113.224
28.13 48.5034
28.2617 -26.7179
28.3935 -88.9154
28.5252 -122.472
28.657 -125.763
28.7887 -108.736
28.9205 -84.2142
29.0522 -59.5616
29.184 -34.4786
29.3157 -5.41222
29.4475 28.1542
29.5793 61.1453
29.711 85.8197
29.8428 97.0267
29.9745 95.0104
30.1063 83.7237
30.238 66.848
30.3698 45.4906
30.5015 19.4398
30.6333 -9.80241
30.765 -37.654
30.8968 -58.4037
31.0285 -68.7947
31.1603 -69.939
31.292 -65.8406
31.4238 -59.9454
31.5555 -52.8298
31.6873 -42.8758
31.819 -28.9252
31.9508 -12.2031
32.0825 4.24327
32.2143 17.8452
32.346 28.2198
32.4778 36.7116
32.6096 44.3869
32.7413 50.5394
32.8731 53.1298
33.0048 50.6324
33.1366 43.4561
33.2683 33.6373
33.4001 23.2252
33.5318 12.9619
33.6636 2.42078
33.7953 -8.73322
33.9271 -19.7347
34.0588 -28.9508
34.1906 -35.0481
34.3223 -37.9023
34.4541 -38.4128
34.5858 -37.5162
34.7176 -35.429
34.8493 -31.8029
34.9811 -26.4973
35.1128 -20.0762
35.2446 -13.5026
35.3764 -7.37735
35.5081 -1.535
35.6399 4.58658
35.7716 11.1877
35.9034 17.7268
36.0351 23.2767
36.1669 27.2289
36.2986 29.6384
36.4304 30.9073
36.5621 31.1859
36.6939 30.1294
36.8256 27.2554
36.9574 22.5194
37.0891 16.5196
37.2209 10.1308
37.3526 3.93844
37.4844 -1.98151
37.6161 -7.76482
37.7479 -13.294
37.8796 -18.0605
38.0114 -21.4958
38.1432 -23.4389
38.2749 -24.2795
38.4067 -24.6427
38.5384 -24.9027
38.6702 -24.9391
38.8019 -24.2806
38.9337 -22.4345
39.0654 -19.1071
39.1972 -14.2271
39.3289 -7.92132
39.4607 -0.59556
39.5924 6.94119
39.7242 13.5398
39.8559 18.0899
39.9877 20.0467
40.1194 19.7328
40.2512 18.1604
40.3829 16.4702
40.5147 15.3746
40.6464 14.9605
40.7782 14.9079
40.9099 14.8692
41.0417 14.6895
41.1735 14.3472
41.3052 13.7476
41.437 12.6006
41.5687 10.5063
41.7005 7.18068
41.8322 2.65018
41.964 -2.71658
42.0957 -8.34585
42.2275 -13.6651
42.3592 -18.2566
42.491 -21.8887
42.6227 -24.4414
42.7545 -25.8061
42.8862 -25.8482
43.018 -24.4723
43.1497 -21.7384
43.2815 -17.9282
43.4132 -13.4874
43.545 -8.87143
43.6767 -4.40551
43.8085 -0.261452
43.9403 3.4545
44.072 6.6164
44.2038 9.1061
44.3355 10.9419
44.4673 12.3697
44.599 13.7781
44.7308 15.4476
44.8625 17.3079
44.9943 18.9074
45.126 19.6419
45.2578 19.0888
45.3895 17.2144
45.5213 14.3351
45.653 10.9056
45.7848 7.31332
45.9165 3.80301
46.0483 0.515723
46.18 -2.45248
46.3118 -5.03297
46.4435 -7.18703
46.5753 -8.88291
46.7071 -10.0558
46.8388 -10.613
46.9706 -10.5204
47.1023 -9.91127
47.2341 -9.10579
47.3658 -8.48472
47.4976 -8.29107
47.6293 -8.50979
47.7611 -8.91507
47.8928 -9.23212
48.0246 -9.27186
48.1563 -8.94631
48.2881 -8.20218
48.4198 -6.98409
48.5516 -5.2826
48.6833 -3.20449
48.8151 -0.95908
48.9468 1.26038
49.0786 3.39491
49.2103 5.50814
49.3421 7.63525
49.4738 9.63388
49.6056 11.2008
49.7374 12.0726
49.8691 12.2449
50.0009 12.0067
50.1326 11.7373
50.2644 11.6254
50.3961 11.5407
50.5279 11.1583
50.6596 10.2173
50.7914 8.69733
50.9231 6.78499
51.0549 4.6967
51.1866 2.52961
51.3184 0.258239
51.4501 -2.15457
51.5819 -4.65484
51.7136 -7.08949
51.8454 -9.27458
51.9771 -11.0602
52.1089 -12.3445
52.2406 -13.0591
52.3724 -13.1728
52.5042 -12.7198
52.6359 -11.8113
52.7677 -10.594
52.8994 -9.18211
53.0312 -7.62159
53.1629 -5.92346
53.2947 -4.12903
53.4264 -2.33672
53.5582 -0.659509
53.6899 0.844068
53.8217 2.19249
53.9534 3.43286
54.0852 4.57154
54.2169 5.55585
54.3487 6.32454
54.4804 6.87274
54.6122 7.26294
54.7439 7.5723
54.8757 7.83185
55.0074 8.01737
55.1392 8.09086
55.271 8.03696
55.4027 7.85069
55.5345 7.49692
55.6662 6.90402
55.798 6.0202
55.9297 4.88569
56.0615 3.64035
56.1932 2.44135
56.325 1.35745
56.4567 0.339869
56.5885 -0.698972
56.7202 -1.77403
56.852 -2.79509
56.9837 -3.64936
57.1155 -4.31966
57.2472 -4.91922
57.379 -5.60186
57.5107 -6.42671
57.6425 -7.29972
57.7742 -8.03933
57.906 -8.49682
58.0377 -8.61956
58.1695 -8.41516
58.3013 -7.87882
58.433 -6.97729
58.5648 -5.71148
58.6965 -4.18575
58.8283 -2.59689
58.96 -1.1352
59.0918 0.118284
59.2235 1.20835
59.3553 2.2296
59.487 3.23805
59.6188 4.22991
59.7505 5.18437
59.8823 6.09509
60.014 6.93483
60.1458 7.59037
60.2775 7.86799
60.4093 7.62282
60.541 6.93881
60.6728 6.19838
60.8045 5.92764
60.9363 6.46457
61.0681 7.64913
61.1998 8.75623
61.3316 8.76342
61.4633 6.85043
61.5951 2.88671
61.7268 -2.35148
61.8586 -7.37983
61.9903 -10.5767
62.1221 -10.8905
62.2538 -8.34754
62.3856 -4.08022
62.5173 0.171878
62.6491 2.84595
62.7808 3.20435
62.9126 1.50619
63.0443 -1.33693
63.1761 -4.33848
63.3078 -6.85983
63.4396 -8.66836
63.5713 -9.72684
63.7031 -9.98809
63.8349 -9.38821
63.9666 -7.99344
64.0984 -6.09422
64.2301 -4.10024
64.3619 -2.30097
64.4936 -0.703543
64.6254 0.899905
64.7571 2.69051
64.8889 4.61709
65.0206 6.39678
65.1524 7.70297
65.2841 8.36644
65.4159 8.43185
65.5476 8.0636
65.6794 7.42456
65.8111 6.63901
65.9429 5.83288
66.0746 5.15499
66.2064 4.71645
66.3381 4.49439
66.4699 4.30701
66.6016 3.90885
66.7334 3.14003
66.8652 2.01063
66.9969 0.665637
67.1287 -0.712991
67.2604 -1.96976
67.3922 -2.97154
67.5239 -3.59477
67.6557 -3.77353
67.7874 -3.59111
67.9192 -3.31145
68.0509 -3.26708
68.1827 -3.64755
68.3144 -4.34617
68.4462 -5.00337
68.5779 -5.23357
68.7097 -4.87065
68.8414 -4.05191
68.9732 -3.09482
69.1049 -2.2827
69.2367 -1.72534
69.3684 -1.37046
69.5002 -1.10879
69.632 -0.861872
69.7637 -0.595546
69.8955 -0.289757
70.0272 0.0753202
70.159 0.500338
70.2907 0.951369
70.4225 1.38267
70.5542 1.78223
70.686 2.18963
70.8177 2.66004
70.9495 3.20681
71.0812 3.78147
71.213 4.31258
71.3447 4.76215
71.4765 5.13907
71.6082 5.45469
71.74 5.66897
71.8717 5.68787
72.0035 5.42107
72.1352 4.84755
72.267 4.02979
72.3988 3.06968
72.5305 2.0537
72.6623 1.03508
72.794 0.0510645
72.9258 -0.865276
73.0575 -1.70376
73.1893 -2.50109
73.321 -3.32328
73.4528 -4.19984
73.5845 -5.06441
73.7163 -5.76888
73.848 -6.17509
73.9798 -6.24918
74.1115 -6.07082
74.2433 -5.74507
74.375 -5.2991
74.5068 -4.66386
74.6385 -3.76096
74.7703 -2.61309
74.902 -1.37244
75.0338 -0.239226
75.1655 0.656007
75.2973 1.30571
75.4291 1.78333
75.5608 2.16504
75.6926 2.49465
75.8243 2.80763
75.9561 3.1595
76.0878 3.60381
76.2196 4.13356
76.3513 4.65581
76.4831 5.04475
76.6148 5.23376
76.7466 5.25532
76.8783 5.1812
77.0101 5.01708
77.1418 4.66033
77.2736 3.97466
77.4053 2.92047
77.5371 1.62035
77.6688 0.282092
77.8006 -0.864749
77.9323 -1.74163
78.0641 -2.34158
78.1959 -2.66025
78.3276 -2.67433
78.4594 -2.4422
78.5911 -2.07557
78.7229 -1.86479
78.8546 -2.0342
78.9864 -2.61154
79.1181 -3.28688
79.2499 -3.70962
79.3816 -3.6898
79.5134 -3.29868
79.6451 -2.76559
79.7769 -2.17333
79.9086 -1.5653
80.0404 -0.974756
80.1721 -0.307495
80.3039 0.241684
80.4356 0.630017
80.5674 0.707636
80.6991 0.664976
80.8309 0.696753
80.9627 0.896377
81.0944 1.20889
81.2262 1.48023
81.3579 1.6168
81.4897 1.80766
81.6214 2.02666
81.7532 2.33133
81.8849 2.55589
82.0167 2.60029
82.1484 2.44123
82.2802 2.15704
82.4119 1.87828
82.5437 1.70657
82.6754 1.5766
82.8072 1.31312
82.9389 0.896066
83.0707 0.465147
83.2024 0.0556003
83.3342 -0.263294
83.4659 -0.479054
83.5977 -0.643846
83.7294 -0.693245
83.8612 -0.604167
83.993 -0.51749
84.1247 -0.474721
84.2565 -0.664048
84.3882 -1.02615
84.52 -1.49285
84.6517 -1.91785
84.7835 -2.07895
84.9152 -1.88256
85.047 -1.50772
85.1787 -1.04225
85.3105 -0.608629
85.4422 -0.351627
85.574 -0.251774
85.7057 -0.213616
85.8375 -0.257736
85.9692 -0.225063
86.101 -0.137345
86.2327 0.0689937
86.3645 0.338759
86.4962 0.60339
86.628 0.861008
86.7598 0.996145
86.8915 1.13451
87.0233 1.2472
87.155 1.24112
87.2868 1.17697
87.4185 1.10634
87.5503 1.15163
87.682 1.25059
87.8138 1.32996
87.9455 1.31193
88.0773 1.15117
88.209 0.850385
88.3408 0.518021
88.4725 0.187505
88.6043 -0.0432602
88.736 -0.243937
88.8678 -0.34188
88.9995 -0.368303
89.1313 -0.318349
89.263 -0.175762
89.3948 -0.0148611
89.5266 0.0608545
89.6583 -0.0731861
89.7901 -0.318853
89.9218 -0.478057
90.0536 -0.522028
90.1853 -0.513514
90.3171 -0.607975
90.4488 -0.79997
90.5806 -1.00659
90.7123 -1.10018
90.8441 -0.942581
90.9758 -0.533772
91.1076 -0.0411926
91.2393 0.254304
91.3711 0.45478
91.5028 0.39742
91.6346 0.256289
91.7663 0.163775
91.8981 0.171406
92.0298 0.220467
92.1616 0.235404
92.2933 0.201453
92.4251 0.196835
92.5569 0.20337
92.6886 0.229568
92.8204 0.381529
92.9521 0.593196
93.0839 0.733123
93.2156 0.774655
93.3474 0.748361
93.4791 0.598041
93.6109 0.46839
93.7426 0.357277
93.8744 0.313038
94.0061 0.28963
94.1379 0.257788
94.2696 0.138469
94.4014 0.0328981
94.5331 -0.0630937
94.6649 -0.135638
94.7966 -0.176139
94.9284 -0.246814
95.0601 -0.417043
95.1919 -0.505724
95.3237 -0.54359
95.4554 -0.513833
95.5872 -0.467037
95.7189 -0.428021
95.8507 -0.33825
95.9824 -0.209042
96.1142 0.00361703
96.2459 0.187771
96.3777 0.354076
96.5094 0.348173
96.6412 0.281335
96.7729 0.201009
96.9047 0.183075
97.0364 0.204967
97.1682 0.228498
97.2999 0.152062
97.4317 -0.0192838
97.5634 -0.144191
97.6952 -0.218285
97.8269 -0.230028
97.9587 -0.247849
98.0905 -0.246901
98.2222 -0.191152
98.354 -0.0632565
98.4857 0.168215
98.6175 0.334298
98.7492 0.392297
98.881 0.371589
99.0127 0.298454
99.1445 0.201837
99.2762 0.147473
99.408 0.191297
99.5397 0.240641
99.6715 0.281727
99.8032 0.336081
99.935 0.449734
100.067 0.524473
100.198 0.427845
100.33 0.174097
100.462 -0.113719
100.594 -0.306574
100.725 -0.361053
100.857 -0.294209
100.989 -0.20607
101.121 -0.208003
101.253 -0.257951
101.384 -0.295566
101.516 -0.268073
101.648 -0.215247
101.78 -0.14263
101.911 -0.0955876
102.043 -0.114928
102.175 -0.139049
102.307 -0.0244587
102.438 0.0478674
102.57 0.151791
102.702 0.256059
102.834 0.269261
102.965 0.231553
103.097 0.215023
103.229 0.200046
103.361 0.229531
103.492 0.263974
103.624 0.300834
103.756 0.285539
103.888 0.247799
104.019 0.14986
104.151 0.0139823
104.283 -0.201649
104.415 -0.303937
104.546 -0.292039
104.678 -0.247697
104.81 -0.189056
104.942 -0.153843
105.073 -0.12544
105.205 -0.112929
105.337 -0.0766088
105.469 -0.0268059
105.6 0.0482339
105.732 0.0948801
105.864 0.162199
105.996 0.159761
106.127 0.18254
106.259 0.175445
106.391 0.115729
106.523 0.0871425
106.654 0.0301089
106.786 -0.0189314
106.918 -0.0276208
107.05 -0.0197796
107.181 -0.0442874
107.313 -0.10372
107.445 -0.132862
107.577 -0.110315
107.708 -0.0804305
107.84 -0.0235351
107.972 0.0508356
108.104 0.0927377
108.235 0.119434
108.367 0.0868444
108.499 0.0203162
108.631 0.00555551
108.762 0.0166196
108.894 -0.00139286
109.026 0.0060902
109.158 0.0145509
109.289 0.0240643
109.421 0.0160869
109.553 0.0114673
109.685 0.0136939
109.816 0.017631
109.948 0.0228513
110.08 0.0210918
110.212 0.0239097
110.343 0.0162783
110.475 0.0138208
110.607 0.00589903
110.739 -0.00205915
110.87 0.00860953
111.002 -0.000291805
111.134 -0.00925975
111.266 0.00816205
111.397 0.00956604
111.529 0.0178979
111.661 0.00849352
111.793 0.00849352
111.924 0.00849352
112.056 0.00849352
112.188 0.00849352
112.32 0.00849352
112.451 0.00849352
112.583 0.00849352
112.715 0.00849352
112.847 0.00849352
112.978 0.00849352
113.11 0.00849352
113.242 0.00849352
113.374 0.00849352
113.505 0.00849352
113.637 0.00849352
113.769 0.00849352
113.901 0.00849352
114.032 0.00849352
114.164 0.00849352
114.296 0.00849352
114.428 0.00849352
114.559 0.00849352
114.691 0.00849352
114.823 0.00849352
114.955 0.00849352
115.086 0.00849352
115.218 0.00849352
115.35 0.00849352
115.482 0.00849352
115.614 0.00849352
115.745 0.00849352
115.877 0.00849352
116.009 0.00849352
116.141 0.00849352
116.272 0.00849352
116.404 0.00849352
116.536 0.00849352
116.668 0.00849352
116.799 0.00849352
116.931 0.00849352
117.063 0.00849352
117.195 0.00849352
117.326 0.00849352
117.458 0.00849352
117.59 0.00849352
117.722 0.00849352
117.853 0.00849352
117.985 0.00849352
118.117 0.00849352
118.249 0.00849352
118.38 0.00849352
118.512 0.00849352
118.644 0.00849352
118.776 0.00849352
118.907 0.00849352
119.039 0.00849352
119.171 0.00849352
119.303 0.00849352
119.434 0.00849352
119.566 0.00849352
119.698 0.00849352
119.83 0.00849352
119.961 0.00849352
120.093 0.00849352
120.225 0.00849352
120.357 0.00849352
120.488 0.00849352
120.62 0.00849352
120.752 0.00849352
120.884 0.00849352
121.015 0.00849352
121.147 0.00849352
121.279 0.00849352
121.411 0.00849352
121.542 0.00849352
121.674 0.00849352
121.806 0.00849352
121.938 0.00849352
122.069 0.00849352
122.201 0.00849352
122.333 0.00849352
122.465 0.00849352
122.596 0.00849352
122.728 0.00849352
122.86 0.00849352
122.992 0.00849352
123.123 0.00849352
123.255 0.00849352
123.387 0.00849352
123.519 0.00849352
123.65 0.00849352
123.782 0.00849352
123.914 0.00849352
124.046 0.00849352
124.177 0.00849352
124.309 0.00849352
124.441 0.00849352
124.573 0.00849352
124.704 0.00849352
124.836 0.00849352
124.968 0.00849352
125.1 0.00849352
125.231 0.00849352
125.363 0.00849352
125.495 0.00849352
125.627 0.00849352
125.758 0.00849352
125.89 0.00849352
126.022 0.00849352
126.154 0.00849352
126.285 0.00849352
126.417 0.00849352
126.549 0.00849352
126.681 0.00849352
126.812 0.00849352
126.944 0.00849352
127.076 0.00849352
127.208 0.00849352
127.339 0.00849352
127.471 0.00849352
127.603 0.00849352
127.735 0.00849352
127.866 0.00849352
127.998 0.00849352
128.13 0.00849352
128.262 0.00849352
128.393 0.00849352
128.525 0.00849352
128.657 0.00849352
128.789 0.00849352
128.92 0.00849352
129.052 0.00849352
129.184 0.00849352
129.316 0.00849352
129.447 0.00849352
129.579 0.00849352
129.711 0.00849352
129.843 0.00849352
129.975 0.00849352
130.106 0.00849352
130.238 0.00849352
