-3.51561 1.80564
-3.38386 2.74591
-3.25211 3.46578
-3.12036 3.81107
-2.9886 3.59963
-2.85685 2.91587
-2.7251 1.82651
-2.59335 0.52236
-2.46159 -0.83305
-2.32984 -2.06239
-2.19809 -2.98302
-2.06634 -3.36824
-1.93459 -2.98898
-1.80283 -1.79217
-1.67108 -0.0566336
-1.53933 1.57138
-1.40758 2.48288
-1.27582 2.43351
-1.14407 1.56246
-1.01232 0.354688
-0.880567 -0.786148
-0.748815 -1.67987
-0.617062 -2.3747
-0.48531 -2.96795
-0.353558 -3.24671
-0.221805 -3.02743
-0.0900531 -2.07795
0.0416993 -0.4281
0.173452 1.60994
0.305204 3.50497
0.436956 4.74552
0.568708 5.03803
0.700461 4.33603
0.832213 2.80138
0.963965 0.822247
1.09572 -1.17431
1.22747 -2.78497
1.35922 -3.6064
1.49097 -3.44485
1.62273 -2.29601
1.75448 -0.405352
1.88623 1.85292
2.01798 3.85632
2.14974 5.2841
2.28149 5.80399
2.41324 5.31316
2.54499 4.07136
2.67675 2.14952
2.8085 -0.114536
2.94025 -2.41762
3.072 -4.4526
3.20375 -5.9008
3.33551 -6.4748
3.46726 -6.03158
3.59901 -4.72935
3.73076 -2.8964
3.86252 -0.951551
3.99427 0.782514
4.12602 2.11336
4.25777 2.94068
4.38953 3.2338
4.52128 3.02742
4.65303 2.43757
4.78478 1.66469
4.91653 0.915303
5.04829 0.311344
5.18004 -0.137907
5.31179 -0.472718
5.44354 -0.699275
5.5753 -0.719928
5.70705 -0.454661
5.8388 0.0869194
5.97055 0.764966
6.10231 1.3786
6.23406 1.77352
6.36581 1.89311
6.49756 1.74829
6.62931 1.37345
6.76107 0.842919
6.89282 0.331017
7.02457 0.109733
7.15632 0.40611
7.28808 1.18552
7.41983 2.05019
7.55158 2.40188
7.68333 1.81375
7.81509 0.356888
7.94684 -1.38063
8.07859 -2.62939
8.21034 -2.90591
8.34209 -2.28649
8.47385 -1.31103
8.6056 -0.611373
8.73735 -0.535459
8.8691 -1.00024
9.00086 -1.61694
9.13261 -1.95735
9.26436 -1.78378
9.39611 -1.1365
9.52787 -0.270911
9.65962 0.50021
9.79137 0.978663
9.92312 1.17968
10.0549 1.293
10.1866 1.51623
10.3184 1.87138
10.4501 2.15636
10.5819 2.09649
10.7136 1.59023
10.8454 0.836848
10.9771 0.212417
11.1089 -0.0194015
11.2406 0.0910688
11.3724 0.258944
11.5041 0.265037
11.6359 0.198083
11.7677 0.394299
11.8994 1.10456
12.0312 2.18574
12.1629 3.11269
12.2947 3.32799
12.4264 2.64194
12.5582 1.35033
12.6899 -0.00872615
12.8217 -1.02629
12.9534 -1.61153
13.0852 -1.89501
13.2169 -2.01527
13.3487 -2.0246
13.4804 -1.96709
13.6122 -1.96732
13.7439 -2.16002
13.8757 -2.49844
14.0074 -2.66647
14.1392 -2.26065
14.2709 -1.1378
14.4027 0.384187
14.5345 1.69497
14.6662 2.32283
14.798 2.26497
14.9297 1.93053
15.0615 1.75905
15.1932 1.86777
15.325 2.03408
15.4567 1.98737
15.5885 1.69513
15.7202 1.36208
15.852 1.16917
15.9837 1.04334
16.1155 0.706897
16.2472 -0.0386983
16.379 -1.07889
16.5107 -2.03094
16.6425 -2.51698
16.7742 -2.40312
16.906 -1.80626
17.0377 -0.920683
17.1695 0.121338
17.3013 1.22768
17.433 2.25074
17.5648 2.99184
17.6965 3.33835
17.8283 3.37042
17.96 3.27186
18.0918 3.09981
18.2235 2.66425
18.3553 1.68906
18.487 0.116388
18.6188 -1.78756
18.7505 -3.68812
18.8823 -5.53078
19.014 -7.49363
19.1458 -9.38141
19.2775 -9.96372
19.4093 -7.1156
19.541 0.828294
19.6728 13.1395
19.8045 25.619
19.9363 31.5969
20.068 24.9761
20.1998 3.8477
20.3316 -27.3849
20.4633 -58.7459
20.5951 -78.1762
20.7268 -76.3007
20.8586 -50.4635
20.9903 -6.36944
21.1221 43.4105
21.2538 83.6846
21.3856 102.158
21.5173 94.0184
21.6491 63.4875
21.7808 21.4981
21.9126 -19.3944
22.0443 -50.1525
22.1761 -67.7345
22.3078 -73.9499
22.4396 -72.1172
22.5713 -64.2201
22.7031 -50.4624
22.8348 -30.9704
22.9666 -7.66213
23.0984 15.5957
23.2301 34.7152
23.3619 47.4403
23.4936 53.9523
23.6254 55.6556
23.7571 53.4293
23.8889 47.0025
24.0206 35.9193
24.1524 20.9856
24.2841 4.64518
24.4159 -10.2027
24.5476 -21.8974
24.6794 -30.6663
24.8111 -37.6517
24.9429 -43.2644
25.0746 -46.4296
25.2064 -45.4347
25.3381 -39.5794
25.4699 -30.0945
25.6016 -19.4883
25.7334 -9.91278
25.8652 -1.97824
25.9969 5.05164
26.1287 12.039
26.2604 18.9347
26.3922 24.8153
26.5239 28.7856
26.6557 30.755
26.7874 31.3261
26.9192 30.9796
27.0509 29.4335
27.1827 25.8502
27.3144 19.7075
27.4462 11.5016
27.5779 2.62547
27.7097 -5.464
27.8414 -12.0442
27.9732 -17.2479
28.1049 -21.5231
28.2367 -25.0148
28.3684 -27.4148
28.5002 -28.3065
28.6319 -27.5687
28.7637 -25.4379
28.8955 -22.2392
29.0272 -18.134
29.159 -13.1617
29.2907 -7.494
29.4225 -1.58185
29.5542 4.0018
29.686 8.87914
29.8177 13.0167
29.9495 16.5469
30.0812 19.4427
30.213 21.3837
30.3447 21.9635
30.4765 21.049
30.6082 18.9445
30.74 16.2053
30.8717 13.2694
31.0035 10.2386
31.1352 6.97985
31.267 3.41541
31.3987 -0.281145
31.5305 -3.74942
31.6623 -6.67931
31.794 -8.99835
31.9258 -10.87
32.0575 -12.5483
32.1893 -14.2268
32.321 -15.9598
32.4528 -17.6265
32.5845 -18.8968
32.7163 -19.2396
32.848 -18.07
32.9798 -15.0477
33.1115 -10.3746
33.2433 -4.85404
33.375 0.397971
33.5068 4.4523
33.6385 6.96391
33.7703 8.22
33.902 8.84277
34.0338 9.38302
34.1655 10.0741
34.2973 10.8488
34.4291 11.5198
34.5608 11.9439
34.6926 12.0723
34.8243 11.9115
34.9561 11.4784
35.0878 10.793
35.2196 9.88736
35.3513 8.79343
35.4831 7.50876
35.6148 5.97405
35.7466 4.08918
35.8783 1.75786
36.0101 -1.06924
36.1418 -4.36763
36.2736 -8.01713
36.4053 -11.7758
36.5371 -15.2694
36.6688 -18.0363
36.8006 -19.6401
36.9323 -19.8137
37.0641 -18.5573
37.1958 -16.1394
37.3276 -13.0045
37.4594 -9.63545
37.5911 -6.42765
37.7229 -3.60065
37.8546 -1.16093
37.9864 1.07041
38.1181 3.35289
38.2499 5.86609
38.3816 8.5665
38.5134 11.153
38.6451 13.1806
38.7769 14.2669
38.9086 14.2661
39.0404 13.3126
39.1721 11.7253
39.3039 9.85616
39.4356 7.98288
39.5674 6.28068
39.6991 4.84149
39.8309 3.68866
39.9626 2.77525
40.0944 1.99528
40.2262 1.23283
40.3579 0.428058
40.4897 -0.39438
40.6214 -1.16931
40.7532 -1.88066
40.8849 -2.62373
41.0167 -3.57999
41.1484 -4.9083
41.2802 -6.61859
41.4119 -8.50876
41.5437 -10.207
41.6754 -11.3035
41.8072 -11.5117
41.9389 -10.7881
42.0707 -9.35189
42.2024 -7.58861
42.3342 -5.87284
42.4659 -4.39926
42.5977 -3.12013
42.7294 -1.83407
42.8612 -0.372352
42.993 1.24572
43.1247 2.80343
43.2565 4.03474
43.3882 4.82034
43.52 5.28241
43.6517 5.70413
43.7835 6.33439
43.9152 7.22239
44.047 8.19669
44.1787 8.98837
44.3105 9.39409
44.4422 9.36211
44.574 8.96055
44.7057 8.28083
44.8375 7.36475
44.9692 6.2047
45.101 4.79656
45.2327 3.18663
45.3645 1.46968
45.4962 -0.256733
45.628 -1.93971
45.7597 -3.57896
45.8915 -5.18627
46.0233 -6.72493
46.155 -8.07471
46.2868 -9.05394
46.4185 -9.49299
46.5503 -9.31746
46.682 -8.58882
46.8138 -7.47691
46.9455 -6.18601
47.0773 -4.88696
47.209 -3.69614
47.3408 -2.69525
47.4725 -1.94715
47.6043 -1.47217
47.736 -1.20045
47.8678 -0.959226
47.9995 -0.538639
48.1313 0.190482
48.263 1.19486
48.3948 2.30751
48.5265 3.35265
48.6583 4.2645
48.7901 5.09557
48.9218 5.90643
49.0536 6.64022
49.1853 7.10664
49.3171 7.10519
49.4488 6.58836
49.5806 5.7214
49.7123 4.78138
49.8441 3.97781
49.9758 3.34417
50.1076 2.78256
50.2393 2.20642
50.3711 1.64396
50.5028 1.21101
50.6346 0.987262
50.7663 0.916665
50.8981 0.82411
51.0298 0.530703
51.1616 -0.0353302
51.2933 -0.820861
51.4251 -1.72123
51.5569 -2.66568
51.6886 -3.63957
51.8204 -4.63832
51.9521 -5.61039
52.0839 -6.44687
52.2156 -7.02359
52.3474 -7.2556
52.4791 -7.12304
52.6109 -6.66083
52.7426 -5.93175
52.8744 -5.00106
53.0061 -3.91688
53.1379 -2.69867
53.2696 -1.34758
53.4014 0.109436
53.5331 1.56027
53.6649 2.78775
53.7966 3.53976
53.9284 3.67996
54.0601 3.33174
54.1919 2.90149
54.3236 2.92645
54.4554 3.80335
54.5872 5.53797
54.7189 7.65643
54.8507 9.34079
54.9824 9.74607
55.1142 8.37541
55.2459 5.35775
55.3777 1.49224
55.5094 -2.0011
55.6412 -3.95894
55.7729 -3.7811
55.9047 -1.70892
56.0364 1.29237
56.1682 4.00032
56.2999 5.49075
56.4317 5.46783
56.5634 4.21247
56.6952 2.25329
56.8269 0.0312019
56.9587 -2.2211
57.0904 -4.37414
57.2222 -6.24558
57.354 -7.57605
57.4857 -8.1632
57.6175 -8.01647
57.7492 -7.37441
57.881 -6.55732
58.0127 -5.77826
58.1445 -5.0637
58.2762 -4.32523
58.408 -3.48963
58.5397 -2.56379
58.6715 -1.59864
58.8032 -0.623891
58.935 0.359051
59.0667 1.32056
59.1985 2.16308
59.3302 2.77066
59.462 3.12351
59.5937 3.36746
59.7255 3.74882
59.8572 4.44026
59.989 5.38928
60.1208 6.31513
60.2525 6.86493
60.3843 6.81612
60.516 6.185
60.6478 5.18426
60.7795 4.08691
60.9113 3.10296
61.043 2.33478
61.1748 1.79964
61.3065 1.46619
61.4383 1.26874
61.57 1.10518
61.7018 0.845807
61.8335 0.367603
61.9653 -0.396645
62.097 -1.41756
62.2288 -2.55731
62.3605 -3.59889
62.4923 -4.31835
62.624 -4.58144
62.7558 -4.41947
62.8875 -4.02946
63.0193 -3.67723
63.1511 -3.54936
63.2828 -3.65038
63.4146 -3.82156
63.5463 -3.86938
63.6781 -3.70361
63.8098 -3.37597
63.9416 -2.99562
64.0733 -2.60491
64.2051 -2.13158
64.3368 -1.46066
64.4686 -0.557482
64.6003 0.474303
64.7321 1.4547
64.8638 2.25415
64.9956 2.8728
65.1273 3.40766
65.2591 3.94613
65.3908 4.48526
65.5226 4.94256
65.6543 5.23495
65.7861 5.34538
65.9179 5.32055
66.0496 5.21485
66.1814 5.04124
66.3131 4.77012
66.4449 4.363
66.5766 3.79886
66.7084 3.07349
66.8401 2.19191
66.9719 1.18065
67.1036 0.112728
67.2354 -0.893777
67.3671 -1.72843
67.4989 -2.362
67.6306 -2.87284
67.7624 -3.38469
67.8941 -3.95238
68.0259 -4.48843
68.1576 -4.80174
68.2894 -4.72998
68.4211 -4.26722
68.5529 -3.5878
68.6847 -2.94762
68.8164 -2.53603
68.9482 -2.38115
69.0799 -2.36113
69.2117 -2.29498
69.3434 -2.04158
69.4752 -1.55081
69.6069 -0.858055
69.7387 -0.048821
69.8704 0.776411
70.0022 1.52497
70.1339 2.12589
70.2657 2.54139
70.3974 2.77719
70.5292 2.8864
70.6609 2.96106
70.7927 3.08717
70.9244 3.31543
71.0562 3.58622
71.1879 3.76961
71.3197 3.71262
71.4514 3.34549
71.5832 2.74875
71.715 2.15948
71.8467 1.7376
71.9785 1.54974
72.1102 1.42935
72.242 1.11019
72.3737 0.474924
72.5055 -0.39141
72.6372 -1.20593
72.769 -1.71198
72.9007 -1.85276
73.0325 -1.67516
73.1642 -1.3872
73.296 -1.19848
73.4277 -1.09902
73.5595 -1.00767
73.6912 -0.91444
73.823 -0.910021
73.9547 -1.03916
74.0865 -1.25026
74.2182 -1.46015
74.35 -1.57219
74.4818 -1.58487
74.6135 -1.51154
74.7453 -1.47873
74.877 -1.48752
75.0088 -1.44833
75.1405 -1.18945
75.2723 -0.7596
75.404 -0.177544
75.5358 0.364026
75.6675 0.738386
75.7993 0.952314
75.931 1.11741
76.0628 1.22333
76.1945 1.31739
76.3263 1.36438
76.458 1.40851
76.5898 1.46367
76.7215 1.54482
76.8533 1.60566
76.985 1.63253
77.1168 1.74593
77.2486 1.92622
77.3803 2.14405
77.5121 2.35839
77.6438 2.42903
77.7756 2.25844
77.9073 1.71541
78.0391 0.986812
78.1708 0.237327
78.3026 -0.406484
78.4343 -0.903703
78.5661 -1.30192
78.6978 -1.63103
78.8296 -1.80513
78.9613 -1.73643
79.0931 -1.45247
79.2248 -1.03381
79.3566 -0.691034
79.4883 -0.440892
79.6201 -0.352985
79.7518 -0.30332
79.8836 -0.25126
80.0153 -0.188541
80.1471 -0.187002
80.2789 -0.285667
80.4106 -0.460003
80.5424 -0.628272
80.6741 -0.640144
80.8059 -0.523641
80.9376 -0.356323
81.0694 -0.195602
81.2011 -0.131213
81.3329 -0.123703
81.4646 -0.151616
81.5964 -0.0744877
81.7281 0.0981694
81.8599 0.380828
81.9916 0.718916
82.1234 1.01419
82.2551 1.17452
82.3869 1.24389
82.5186 1.16507
82.6504 1.15035
82.7821 1.19921
82.9139 1.32738
83.0457 1.4293
83.1774 1.501
83.3092 1.3897
83.4409 1.10601
83.5727 0.75075
83.7044 0.351502
83.8362 0.0597505
83.9679 -0.119814
84.0997 -0.0859633
84.2314 0.0304215
84.3632 0.0747394
84.4949 -0.0396917
84.6267 -0.378714
84.7584 -0.842367
84.8902 -1.25808
85.0219 -1.51946
85.1537 -1.52511
85.2854 -1.24777
85.4172 -0.839461
85.5489 -0.388536
85.6807 -0.0076656
85.8125 0.245306
85.9442 0.361383
86.076 0.360161
86.2077 0.252128
86.3395 0.0879629
86.4712 -0.0343273
86.603 -0.0494212
86.7347 0.0592855
86.8665 0.183345
86.9982 0.215797
87.13 0.16974
87.2617 0.0697046
87.3935 0.0383549
87.5252 0.0808363
87.657 0.202556
87.7887 0.384942
87.9205 0.552237
88.0522 0.629076
88.184 0.625576
88.3157 0.531696
88.4475 0.426977
88.5792 0.302934
88.711 0.243727
88.8428 0.235705
88.9745 0.299074
89.1063 0.354966
89.238 0.383523
89.3698 0.372945
89.5015 0.308535
89.6333 0.196987
89.765 0.000652707
89.8968 -0.276362
90.0285 -0.560095
90.1603 -0.764076
90.292 -0.788044
90.4238 -0.631176
90.5555 -0.361026
90.6873 -0.0694619
90.819 0.137051
90.9508 0.273216
91.0825 0.312667
91.2143 0.2903
91.346 0.228246
91.4778 0.185407
91.6096 0.100231
91.7413 -0.0170253
91.8731 -0.130545
92.0048 -0.217923
92.1366 -0.28074
92.2683 -0.315855
92.4001 -0.303883
92.5318 -0.227607
92.6636 -0.141032
92.7953 -0.0151494
92.9271 0.137378
93.0588 0.234682
93.1906 0.203151
93.3223 0.0947823
93.4541 -0.0330481
93.5858 -0.139354
93.7176 -0.114195
93.8493 0.0211307
93.9811 0.149434
94.1128 0.236818
94.2446 0.27151
94.3764 0.274175
94.5081 0.206404
94.6399 0.185138
94.7716 0.156653
94.9034 0.118626
95.0351 0.0845918
95.1669 0.0265345
95.2986 -0.0595453
95.4304 -0.121868
95.5621 -0.131974
95.6939 -0.0853973
95.8256 -0.0449913
95.9574 0.0394516
96.0891 0.0942279
96.2209 0.112544
96.3526 0.0938768
96.4844 0.057141
96.6161 0.0580307
96.7479 0.11749
96.8796 0.160782
97.0114 0.201243
97.1431 0.147266
97.2749 0.0841186
97.4067 0.0324549
97.5384 0.00416295
97.6702 -0.037483
97.8019 -0.0902737
97.9337 -0.115058
98.0654 -0.0976293
98.1972 -0.072687
98.3289 -0.100087
98.4607 -0.140613
98.5924 -0.16735
98.7242 -0.187467
98.8559 -0.16153
98.9877 -0.135447
99.1194 -0.109701
99.2512 -0.0926155
99.3829 -0.0653128
99.5147 0.0265278
99.6464 0.0716789
99.7782 0.120766
99.9099 0.138841
100.042 0.128695
100.173 0.0888972
100.305 0.0527026
100.437 0.0423309
100.569 0.0411407
100.7 0.0408061
100.832 0.0618555
100.964 0.0650724
101.096 0.055867
101.227 0.0673377
101.359 0.0591073
101.491 0.0509834
101.623 0.0412143
101.754 0.0442189
101.886 0.0095379
102.018 0.0482621
102.15 0.0265592
102.281 0.00116409
102.413 0.0243391
102.545 -0.0319495
102.677 -0.0120356
102.808 0.00340355
102.94 -0.00804177
103.072 -0.0286559
103.204 -0.0261711
103.336 -0.000958325
103.467 0.00656703
103.599 0.00991993
103.731 -0.00256821
103.863 -0.009277
103.994 -0.0102007
104.126 -0.01006
104.258 -0.00585194
104.39 -0.00155209
104.521 -0.00154906
104.653 -0.00122157
104.785 -0.000664946
104.917 -0.000398986
105.048 -0.0012668
105.18 -0.00385792
105.312 -0.00781166
105.444 -0.00127433
105.575 -0.00127433
105.707 -0.00127433
105.839 -0.00127433
105.971 -0.00127433
106.102 -0.00127433
106.234 -0.00127433
106.366 -0.00127433
106.498 -0.00127433
106.629 -0.00127433
106.761 -0.00127433
106.893 -0.00127433
107.025 -0.00127433
107.156 -0.00127433
107.288 -0.00127433
107.42 -0.00127433
107.552 -0.00127433
107.683 -0.00127433
107.815 -0.00127433
107.947 -0.00127433
108.079 -0.00127433
108.21 -0.00127433
108.342 -0.00127433
108.474 -0.00127433
108.606 -0.00127433
108.737 -0.00127433
108.869 -0.00127433
109.001 -0.00127433
109.133 -0.00127433
109.264 -0.00127433
109.396 -0.00127433
109.528 -0.00127433
109.66 -0.00127433
109.791 -0.00127433
109.923 -0.00127433
110.055 -0.00127433
110.187 -0.00127433
110.318 -0.00127433
110.45 -0.00127433
110.582 -0.00127433
110.714 -0.00127433
110.845 -0.00127433
110.977 -0.00127433
111.109 -0.00127433
111.241 -0.00127433
111.372 -0.00127433
111.504 -0.00127433
111.636 -0.00127433
111.768 -0.00127433
111.899 -0.00127433
112.031 -0.00127433
112.163 -0.00127433
112.295 -0.00127433
112.426 -0.00127433
112.558 -0.00127433
112.69 -0.00127433
112.822 -0.00127433
112.953 -0.00127433
113.085 -0.00127433
113.217 -0.00127433
113.349 -0.00127433
113.48 -0.00127433
113.612 -0.00127433
113.744 -0.00127433
113.876 -0.00127433
114.007 -0.00127433
114.139 -0.00127433
114.271 -0.00127433
114.403 -0.00127433
114.534 -0.00127433
114.666 -0.00127433
114.798 -0.00127433
114.93 -0.00127433
115.061 -0.00127433
115.193 -0.00127433
115.325 -0.00127433
115.457 -0.00127433
115.588 -0.00127433
115.72 -0.00127433
115.852 -0.00127433
115.984 -0.00127433
116.115 -0.00127433
116.247 -0.00127433
116.379 -0.00127433
116.511 -0.00127433
116.642 -0.00127433
116.774 -0.00127433
116.906 -0.00127433
117.038 -0.00127433
117.169 -0.00127433
117.301 -0.00127433
117.433 -0.00127433
117.565 -0.00127433
117.697 -0.00127433
117.828 -0.00127433
117.96 -0.00127433
118.092 -0.00127433
118.224 -0.00127433
118.355 -0.00127433
118.487 -0.00127433
118.619 -0.00127433
118.751 -0.00127433
118.882 -0.00127433
119.014 -0.00127433
119.146 -0.00127433
119.278 -0.00127433
119.409 -0.00127433
119.541 -0.00127433
119.673 -0.00127433
119.805 -0.00127433
119.936 -0.00127433
120.068 -0.00127433
120.2 -0.00127433
120.332 -0.00127433
120.463 -0.00127433
120.595 -0.00127433
120.727 -0.00127433
120.859 -0.00127433
120.99 -0.00127433
121.122 -0.00127433
121.254 -0.00127433
121.386 -0.00127433
121.517 -0.00127433
121.649 -0.00127433
121.781 -0.00127433
121.913 -0.00127433
122.044 -0.00127433
122.176 -0.00127433
122.308 -0.00127433
122.44 -0.00127433
122.571 -0.00127433
122.703 -0.00127433
122.835 -0.00127433
122.967 -0.00127433
123.098 -0.00127433
123.23 -0.00127433
123.362 -0.00127433
123.494 -0.00127433
123.625 -0.00127433
123.757 -0.00127433
123.889 -0.00127433
124.021 -0.00127433
124.152 -0.00127433
124.284 -0.00127433
124.416 -0.00127433
124.548 -0.00127433
124.679 -0.00127433
124.811 -0.00127433
124.943 -0.00127433
125.075 -0.00127433
125.206 -0.00127433
125.338 -0.00127433
125.47 -0.00127433
125.602 -0.00127433
125.733 -0.00127433
125.865 -0.00127433
125.997 -0.00127433
126.129 -0.00127433
126.26 -0.00127433
126.392 -0.00127433
126.524 -0.00127433
126.656 -0.00127433
126.787 -0.00127433
126.919 -0.00127433
127.051 -0.00127433
127.183 -0.00127433
127.314 -0.00127433
127.446 -0.00127433
127.578 -0.00127433
127.71 -0.00127433
127.841 -0.00127433
127.973 -0.00127433
128.105 -0.00127433
128.237 -0.00127433
128.368 -0.00127433
128.5 -0.00127433
128.632 -0.00127433
128.764 -0.00127433
128.895 -0.00127433
129.027 -0.00127433
129.159 -0.00127433
129.291 -0.00127433
129.422 -0.00127433
129.554 -0.00127433
129.686 -0.00127433
129.818 -0.00127433
129.949 -0.00127433
130.081 -0.00127433
130.213 -0.00127433
130.345 -0.00127433
130.476 -0.00127433
130.608 -0.00127433
130.74 -0.00127433
130.872 -0.00127433
131.003 -0.00127433
131.135 -0.00127433
131.267 -0.00127433
