-4.57938 3.76872
-4.44763 7.94072
-4.31588 9.55355
-4.18413 7.59432
-4.05237 2.66832
-3.92062 -3.5585
-3.78887 -8.83696
-3.65712 -11.7129
-3.52537 -11.827
-3.39361 -9.90058
-3.26186 -6.96351
-3.13011 -3.59351
-2.99836 0.190771
-2.8666 4.64302
-2.73485 9.81697
-2.6031 14.9451
-2.47135 18.5618
-2.33959 18.9702
-2.20784 15.1718
-2.07609 7.22567
-1.94434 -2.96677
-1.81259 -12.6314
-1.68083 -19.0857
-1.54908 -20.6545
-1.41733 -17.1483
-1.28558 -9.88631
-1.15382 -1.11994
-1.02207 7.05595
-0.890319 13.324
-0.758567 17.0435
-0.626815 18.2181
-0.495063 16.8232
-0.36331 12.6463
-0.231558 5.67095
-0.0998056 -3.34198
0.0319467 -12.7739
0.163699 -20.5426
0.295451 -24.7939
0.427204 -24.608
0.558956 -20.4619
0.690708 -13.8927
0.822461 -6.71482
0.954213 -0.254294
1.08597 4.83129
1.21772 8.42188
1.34947 10.7932
1.48122 12.2655
1.61297 13.1653
1.74473 13.5403
1.87648 13.1796
2.00823 11.548
2.13998 8.13841
2.27174 3.00983
2.40349 -2.87738
2.53524 -7.81691
2.66699 -10.2019
2.79875 -9.36889
2.9305 -5.9601
3.06225 -1.50804
3.194 2.41941
3.32575 4.88332
3.45751 5.65984
3.58926 4.9028
3.72101 2.86527
3.85276 -0.024596
3.98452 -2.92794
4.11627 -4.66958
4.24802 -4.337
4.37977 -2.04682
4.51153 0.808082
4.64328 2.2324
4.77503 0.90724
4.90678 -2.79298
5.03853 -6.81496
5.17029 -8.54792
5.30204 -6.37146
5.43379 -0.680718
5.56554 6.20234
5.6973 11.1508
5.82905 11.771
5.9608 7.58794
6.09255 0.318178
6.22431 -6.91623
6.35606 -11.0955
6.48781 -10.8038
6.61956 -6.89971
6.75131 -1.90701
6.88307 1.57251
7.01482 2.4371
7.14657 1.60011
7.27832 1.09641
7.41008 2.45994
7.54183 5.59472
7.67358 8.95305
7.80533 10.782
7.93709 10.3732
8.06884 8.33829
8.20059 5.82555
8.33234 3.49094
8.46409 1.15063
8.59585 -1.66638
8.7276 -4.89342
8.85935 -7.6626
8.9911 -8.86052
9.12286 -7.98859
9.25461 -5.56461
9.38636 -2.75799
9.51811 -0.628465
9.64987 0.397568
9.78162 0.504322
9.91337 0.127809
10.0451 -0.332686
10.1769 -0.569151
10.3086 -0.354655
10.4404 0.331773
10.5721 1.12261
10.7039 1.31764
10.8356 0.323934
10.9674 -1.78328
11.0991 -4.07612
11.2309 -5.22808
11.3626 -4.33744
11.4944 -1.51524
11.6261 2.18819
11.7579 5.41732
11.8897 7.21258
12.0214 7.34233
12.1532 6.20548
12.2849 4.54066
12.4167 3.15703
12.5484 2.70328
12.6802 3.41324
12.8119 4.90374
12.9437 6.23528
13.0754 6.33433
13.2072 4.56507
13.3389 1.05577
13.4707 -3.43328
13.6024 -7.91772
13.7342 -11.495
13.8659 -13.3884
13.9977 -12.9522
14.1294 -9.93266
14.2612 -4.90296
14.3929 0.632392
14.5247 4.8703
14.6565 6.80628
14.7882 6.90347
14.92 6.6129
15.0517 7.00956
15.1835 7.72959
15.3152 7.2671
15.447 4.46681
15.5787 -0.175359
15.7105 -4.7523
15.8422 -7.63779
15.974 -9.0016
16.1057 -10.4584
16.2375 -12.8699
16.3692 -14.321
16.501 -10.6019
16.6327 1.43512
16.7645 19.9771
16.8962 37.1557
17.028 42.3374
17.1597 28.1254
17.2915 -4.71496
17.4233 -46.5011
17.555 -82.3466
17.6868 -98.0524
17.8185 -85.3014
17.9503 -44.514
18.082 14.848
18.2138 76.3358
18.3455 120.957
18.4773 133.588
18.609 109.347
18.7408 56.5614
18.8725 -6.3002
19.0043 -59.0119
19.136 -88.8274
19.2678 -95.0254
19.3995 -86.1809
19.5313 -72.597
19.663 -59.5455
19.7948 -45.8166
19.9265 -27.6052
20.0583 -3.69907
20.19 22.4758
20.3218 45.1641
20.4536 60.3372
20.5853 67.7808
20.7171 69.7331
20.8488 67.8399
20.9806 61.4624
21.1123 48.7527
21.2441 29.1907
21.3758 5.06178
21.5076 -19.4168
21.6393 -40.3365
21.7711 -55.6416
21.9028 -64.8962
22.0346 -68.0526
22.1663 -64.8309
22.2981 -55.3942
22.4298 -41.4166
22.5616 -26.081
22.6933 -12.5856
22.8251 -2.30735
22.9568 5.74114
23.0886 13.6227
23.2204 22.4615
23.3521 31.4289
23.4839 38.5
23.6156 42.1595
23.7474 42.4851
23.8791 40.7513
24.0109 38.0877
24.1426 34.4935
24.2744 29.0236
24.4061 20.82
24.5379 9.97873
24.6696 -2.4271
24.8014 -14.9754
24.9331 -26.4603
25.0649 -35.9492
25.1966 -42.5392
25.3284 -45.3415
25.4601 -43.8998
25.5919 -38.6866
25.7236 -31.133
25.8554 -23.0316
25.9872 -15.7174
26.1189 -9.61757
26.2507 -4.42202
26.3824 0.391287
26.5142 5.14218
26.6459 9.87648
26.7777 14.495
26.9094 18.8136
27.0412 22.4765
27.1729 24.8977
27.3047 25.4292
27.4364 23.7293
27.5682 20.0788
27.6999 15.387
27.8317 10.8439
27.9634 7.41024
28.0952 5.41072
28.2269 4.41172
28.3587 3.43267
28.4904 1.42664
28.6222 -2.14173
28.7539 -6.89947
28.8857 -11.6354
29.0175 -14.9167
29.1492 -15.9578
29.281 -15.1767
29.4127 -13.9864
29.5445 -13.8763
29.6762 -15.3833
29.808 -17.6744
29.9397 -19.0391
30.0715 -17.9276
30.2032 -13.8131
30.335 -7.36364
30.4667 0.0367639
30.5985 6.96414
30.7302 12.3975
30.862 15.8354
30.9937 17.263
31.1255 17.1153
31.2572 16.1761
31.389 15.2766
31.5207 14.8447
31.6525 14.6056
31.7843 13.7415
31.916 11.4875
32.0478 7.75926
32.1795 3.32925
32.3113 -0.590588
32.443 -3.04377
32.5748 -3.79838
32.7065 -3.32329
32.8383 -2.41535
32.97 -1.8313
33.1018 -2.13861
33.2335 -3.70983
33.3653 -6.66237
33.497 -10.6957
33.6288 -15.0033
33.7605 -18.4626
33.8923 -20.0841
34.024 -19.4437
34.1558 -16.8066
34.2875 -12.8947
34.4193 -8.51938
34.5511 -4.34361
34.6828 -0.835383
34.8146 1.73799
34.9463 3.41493
35.0781 4.67317
35.2098 6.35744
35.3416 9.26913
35.4733 13.5973
35.6051 18.5983
35.7368 22.8252
35.8686 24.8256
36.0003 23.8678
36.1321 20.2416
36.2638 14.996
36.3956 9.36262
36.5273 4.26218
36.6591 0.124671
36.7908 -3.01909
36.9226 -5.36268
37.0543 -7.19132
37.1861 -8.78003
37.3178 -10.2712
37.4496 -11.5625
37.5814 -12.3169
37.7131 -12.1613
37.8449 -10.9834
37.9766 -9.11792
38.1084 -7.25847
38.2401 -6.12264
38.3719 -6.07305
38.5036 -6.92412
38.6354 -8.02973
38.7671 -8.5747
38.8989 -7.90906
39.0306 -5.79175
39.1624 -2.48287
39.2941 1.32968
39.4259 4.76204
39.5576 7.07402
39.6894 7.9879
39.8211 7.80932
39.9529 7.23792
40.0846 6.93836
40.2164 7.12767
40.3482 7.46507
40.4799 7.34589
40.6117 6.41112
40.7434 4.90477
40.8752 3.59709
41.0069 3.2999
41.1387 4.30956
41.2704 6.18293
41.4022 8.01539
41.5339 9.01625
41.6657 8.95351
41.7974 8.14554
41.9292 7.03794
42.0609 5.73501
42.1927 3.88838
42.3244 1.04494
42.4562 -2.83684
42.5879 -7.1514
42.7197 -10.924
42.8514 -13.4128
42.9832 -14.5681
43.115 -14.985
43.2467 -15.3853
43.3785 -16.036
43.5102 -16.5405
43.642 -16.1309
43.7737 -14.1973
43.9055 -10.6563
44.0372 -5.94808
44.169 -0.7692
44.3007 4.19182
44.4325 8.36183
44.5642 11.2924
44.696 12.719
44.8277 12.6945
44.9595 11.6515
45.0912 10.2358
45.223 8.95536
45.3547 7.90221
45.4865 6.80025
45.6182 5.36691
45.75 3.6852
45.8817 2.24207
46.0135 1.56793
46.1453 1.77498
46.277 2.40816
46.4088 2.77152
46.5405 2.48238
46.6723 1.79376
46.804 1.40157
46.9358 1.87075
47.0675 3.1251
47.1993 4.39762
47.331 4.68448
47.4628 3.37753
47.5945 0.644223
47.7263 -2.67138
47.858 -5.52169
47.9898 -7.18314
48.1215 -7.53682
48.2533 -6.99232
48.385 -6.16099
48.5168 -5.50071
48.6485 -5.13369
48.7803 -4.91317
48.9121 -4.65881
49.0438 -4.3766
49.1756 -4.2923
49.3073 -4.66266
49.4391 -5.50147
49.5708 -6.44037
49.7026 -6.8588
49.8343 -6.21576
49.9661 -4.35547
50.0978 -1.57498
50.2296 1.57387
50.3613 4.57673
50.4931 7.12436
50.6248 9.07314
50.7566 10.307
50.8883 10.6832
51.0201 10.1442
51.1518 8.90089
51.2836 7.50113
51.4153 6.66422
51.5471 6.92872
51.6789 8.29774
51.8106 10.0885
51.9424 11.1053
52.0741 10.1146
52.2059 6.45595
52.3376 0.517775
52.4694 -6.20411
52.6011 -11.6036
52.7329 -13.8687
52.8646 -12.3577
52.9964 -7.9435
53.1281 -2.58242
53.2599 1.66423
53.3916 3.57306
53.5234 3.11911
53.6551 1.127
53.7869 -1.42802
53.9186 -3.93137
54.0504 -6.16174
54.1821 -7.99155
54.3139 -9.148
54.4456 -9.29442
54.5774 -8.336
54.7092 -6.61994
54.8409 -4.79681
54.9727 -3.4278
55.1044 -2.65476
55.2362 -2.18635
55.3679 -1.57121
55.4997 -0.500873
55.6314 1.08611
55.7632 3.09961
55.8949 5.40578
56.0267 7.79598
56.1584 9.87194
56.2902 11.0533
56.4219 10.8373
56.5537 9.18951
56.6854 6.75762
56.8172 4.66097
56.9489 3.90866
57.0807 4.79247
57.2124 6.66169
57.3442 8.2528
57.476 8.38723
57.6077 6.61534
57.7395 3.42662
57.8712 -0.0758833
58.003 -2.81362
58.1347 -4.28904
58.2665 -4.74432
58.3982 -4.8723
58.53 -5.31009
58.6617 -6.2611
58.7935 -7.46895
58.9252 -8.4976
59.057 -9.05568
59.1887 -9.10371
59.3205 -8.69767
59.4522 -7.76794
59.584 -6.09378
59.7157 -3.54583
59.8475 -0.394287
59.9792 2.62883
60.111 4.64928
60.2428 5.16119
60.3745 4.34561
60.5063 2.93783
60.638 1.73437
60.7698 1.11359
60.9015 0.920196
61.0333 0.757365
61.165 0.407348
61.2968 0.0296003
61.4285 0.00561388
61.5603 0.601976
61.692 1.74847
61.8238 3.09396
61.9555 4.25551
62.0873 5.03789
62.219 5.46699
62.3508 5.66046
62.4825 5.68124
62.6143 5.49688
62.746 5.05257
62.8778 4.37319
63.0095 3.60424
63.1413 2.95843
63.2731 2.59373
63.4048 2.48225
63.5366 2.34366
63.6683 1.71227
63.8001 0.159116
63.9318 -2.41031
64.0636 -5.56022
64.1953 -8.40624
64.3271 -9.99969
64.4588 -9.82084
64.5906 -8.07024
64.7223 -5.55188
64.8541 -3.21346
64.9858 -1.64777
65.1176 -0.874842
65.2493 -0.508159
65.3811 -0.132986
65.5128 0.394286
65.6446 0.910306
65.7763 1.13719
65.9081 0.91952
66.0399 0.338752
66.1716 -0.33519
66.3034 -0.783215
66.4351 -0.771665
66.5669 -0.229218
66.6986 0.742912
66.8304 1.9204
66.9621 3.04932
67.0939 3.94576
67.2256 4.54646
67.3574 4.87946
67.4891 4.98729
67.6209 4.87992
67.7526 4.56478
67.8844 4.11437
68.0161 3.67584
68.1479 3.37344
68.2796 3.17249
68.4114 2.85667
68.5431 2.15716
68.6749 0.996283
68.8067 -0.397071
68.9384 -1.60561
69.0702 -2.35939
69.2019 -2.6575
69.3337 -2.79474
69.4654 -3.1004
69.5972 -3.55302
69.7289 -3.81013
69.8607 -3.42478
69.9924 -2.22844
70.1242 -0.595824
70.2559 0.848392
70.3877 1.63033
70.5194 1.63383
70.6512 1.13437
70.7829 0.49573
70.9147 0.116184
71.0464 -0.0518741
71.1782 -0.189923
71.3099 -0.554189
71.4417 -1.3742
71.5734 -2.38813
71.7052 -3.13398
71.837 -3.41763
71.9687 -3.04583
72.1005 -2.1798
72.2322 -1.00408
72.364 0.369005
72.4957 1.49206
72.6275 2.22114
72.7592 2.71643
72.891 3.20576
73.0227 3.80918
73.1545 4.69522
73.2862 5.32469
73.418 5.38372
73.5497 4.77806
73.6815 3.42371
73.8132 1.8209
73.945 0.394676
74.0767 -0.607878
74.2085 -1.08881
74.3402 -1.18154
74.472 -0.936189
74.6038 -0.608554
74.7355 -0.383337
74.8673 -0.243365
74.999 -0.0781912
75.1308 0.0823942
75.2625 0.0935795
75.3943 0.0421137
75.526 -0.0277494
75.6578 -0.158562
75.7895 -0.424271
75.9213 -0.895111
76.053 -1.63639
76.1848 -2.48597
76.3165 -2.98014
76.4483 -2.85134
76.58 -2.12258
76.7118 -1.01938
76.8435 -0.0645009
76.9753 0.392993
77.107 0.474297
77.2388 0.2409
77.3706 -0.0325528
77.5023 -0.31851
77.6341 -0.641721
77.7658 -0.894229
77.8976 -0.924341
78.0293 -0.626426
78.1611 0.234
78.2928 1.34347
78.4246 2.07965
78.5563 2.72492
78.6881 2.75901
78.8198 2.63927
78.9516 2.82859
79.0833 3.10855
79.2151 3.2422
79.3468 2.62465
79.4786 1.83727
79.6103 0.982813
79.7421 0.41216
79.8738 0.275558
80.0056 0.385944
80.1373 0.360797
80.2691 0.247795
80.4009 -0.414383
80.5326 -1.417
80.6644 -2.27137
80.7961 -2.63008
80.9279 -2.32582
81.0596 -1.41068
81.1914 -0.107227
81.3231 0.969151
81.4549 1.55309
81.5866 1.32237
81.7184 0.23571
81.8501 -1.42057
81.9819 -2.9463
82.1136 -3.76362
82.2454 -3.65171
82.3771 -2.69084
82.5089 -1.15872
82.6406 0.0769333
82.7724 1.01056
82.9041 1.62085
83.0359 1.9748
83.1677 2.13517
83.2994 2.07674
83.4312 1.8817
83.5629 1.44514
83.6947 1.19903
83.8264 1.07688
83.9582 0.905493
84.0899 0.607947
84.2217 0.192934
84.3534 -0.151736
84.4852 -0.139244
84.6169 0.261763
84.7487 0.779764
84.8804 1.23067
85.0122 1.43151
85.1439 1.18807
85.2757 0.676444
85.4074 0.0589385
85.5392 -0.479809
85.6709 -0.892526
85.8027 -0.969386
85.9344 -0.885638
86.0662 -0.698728
86.198 -0.481921
86.3297 -0.150209
86.4615 0.282923
86.5932 0.58415
86.725 0.70247
86.8567 0.496837
86.9885 -0.0743467
87.1202 -0.787921
87.252 -1.45237
87.3837 -1.74939
87.5155 -1.58215
87.6472 -0.974875
87.779 -0.0842411
87.9107 0.815411
88.0425 1.41606
88.1742 1.57484
88.306 1.30059
88.4377 0.805348
88.5695 0.270935
88.7012 -0.0949477
88.833 -0.311206
88.9648 -0.356876
89.0965 -0.249405
89.2283 -0.0999503
89.36 -0.0449247
89.4918 0.026163
89.6235 -0.0360355
89.7553 0.0100245
89.887 0.0946469
90.0188 0.231624
90.1505 0.383045
90.2823 0.434886
90.414 0.299412
90.5458 0.120482
90.6775 -0.105086
90.8093 -0.28673
90.941 -0.283456
91.0728 -0.161284
91.2045 -0.0321666
91.3363 0.100388
91.468 0.125899
91.5998 0.0593228
91.7316 -0.00232504
91.8633 -0.0221425
91.9951 0.179968
92.1268 0.487137
92.2586 0.691175
92.3903 0.682177
92.5221 0.503223
92.6538 0.0856026
92.7856 -0.211846
92.9173 -0.324035
93.0491 -0.343206
93.1808 -0.250357
93.3126 -0.206524
93.4443 -0.205786
93.5761 -0.197895
93.7078 -0.156972
93.8396 -0.069181
93.9713 -0.01854
94.1031 -0.00310674
94.2348 -0.0125393
94.3666 -0.0187596
94.4983 0.076747
94.6301 0.170985
94.7619 0.205842
94.8936 0.185207
95.0254 0.119801
95.1571 0.105471
95.2889 0.146578
95.4206 0.145099
95.5524 0.0479088
95.6841 -0.10324
95.8159 -0.255686
95.9476 -0.430847
96.0794 -0.440475
96.2111 -0.359969
96.3429 -0.177473
96.4746 -0.000946724
96.6064 0.153109
96.7381 0.291008
96.8699 0.35598
97.0016 0.354027
97.1334 0.337605
97.2651 0.284041
97.3969 0.244699
97.5287 0.211414
97.6604 0.179821
97.7922 0.060099
97.9239 0.0353188
98.0557 -0.0370625
98.1874 -0.161652
98.3192 -0.245119
98.4509 -0.221744
98.5827 -0.165278
98.7144 -0.148466
98.8462 -0.109944
98.9779 -0.0463306
99.1097 -0.0131711
99.2414 0.0669452
99.3732 0.0924793
99.5049 0.0334678
99.6367 -0.0364478
99.7684 -0.0430414
99.9002 -0.0355388
100.032 -0.0551711
100.164 -0.065496
100.295 -0.0351853
100.427 -0.0227652
100.559 -0.0372756
100.691 -0.0467526
100.822 -0.0208871
100.954 -0.00778342
101.086 -0.0194425
101.218 -0.00959893
101.349 -0.00889148
101.481 0.00019445
101.613 -0.0201217
101.745 -0.0195948
101.876 -0.0179627
102.008 -0.016992
102.14 -0.0187219
102.272 -0.0253555
102.403 -0.0189215
102.535 -0.0189215
102.667 -0.0189215
102.799 -0.0189215
102.93 -0.0189215
103.062 -0.0189215
103.194 -0.0189215
103.326 -0.0189215
103.458 -0.0189215
103.589 -0.0189215
103.721 -0.0189215
103.853 -0.0189215
103.985 -0.0189215
104.116 -0.0189215
104.248 -0.0189215
104.38 -0.0189215
104.512 -0.0189215
104.643 -0.0189215
104.775 -0.0189215
104.907 -0.0189215
105.039 -0.0189215
105.17 -0.0189215
105.302 -0.0189215
105.434 -0.0189215
105.566 -0.0189215
105.697 -0.0189215
105.829 -0.0189215
105.961 -0.0189215
106.093 -0.0189215
106.224 -0.0189215
106.356 -0.0189215
106.488 -0.0189215
106.62 -0.0189215
106.751 -0.0189215
106.883 -0.0189215
107.015 -0.0189215
107.147 -0.0189215
107.278 -0.0189215
107.41 -0.0189215
107.542 -0.0189215
107.674 -0.0189215
107.805 -0.0189215
107.937 -0.0189215
108.069 -0.0189215
108.201 -0.0189215
108.332 -0.0189215
108.464 -0.0189215
108.596 -0.0189215
108.728 -0.0189215
108.859 -0.0189215
108.991 -0.0189215
109.123 -0.0189215
109.255 -0.0189215
109.386 -0.0189215
109.518 -0.0189215
109.65 -0.0189215
109.782 -0.0189215
109.913 -0.0189215
110.045 -0.0189215
110.177 -0.0189215
110.309 -0.0189215
110.44 -0.0189215
110.572 -0.0189215
110.704 -0.0189215
110.836 -0.0189215
110.967 -0.0189215
111.099 -0.0189215
111.231 -0.0189215
111.363 -0.0189215
111.494 -0.0189215
111.626 -0.0189215
111.758 -0.0189215
111.89 -0.0189215
112.021 -0.0189215
112.153 -0.0189215
112.285 -0.0189215
112.417 -0.0189215
112.548 -0.0189215
112.68 -0.0189215
112.812 -0.0189215
112.944 -0.0189215
113.075 -0.0189215
113.207 -0.0189215
113.339 -0.0189215
113.471 -0.0189215
113.602 -0.0189215
113.734 -0.0189215
113.866 -0.0189215
113.998 -0.0189215
114.129 -0.0189215
114.261 -0.0189215
114.393 -0.0189215
114.525 -0.0189215
114.656 -0.0189215
114.788 -0.0189215
114.92 -0.0189215
115.052 -0.0189215
115.183 -0.0189215
115.315 -0.0189215
115.447 -0.0189215
115.579 -0.0189215
115.71 -0.0189215
115.842 -0.0189215
115.974 -0.0189215
116.106 -0.0189215
116.237 -0.0189215
116.369 -0.0189215
116.501 -0.0189215
116.633 -0.0189215
116.764 -0.0189215
116.896 -0.0189215
117.028 -0.0189215
117.16 -0.0189215
117.291 -0.0189215
117.423 -0.0189215
117.555 -0.0189215
117.687 -0.0189215
117.819 -0.0189215
117.95 -0.0189215
118.082 -0.0189215
118.214 -0.0189215
118.346 -0.0189215
118.477 -0.0189215
118.609 -0.0189215
118.741 -0.0189215
118.873 -0.0189215
119.004 -0.0189215
119.136 -0.0189215
119.268 -0.0189215
119.4 -0.0189215
119.531 -0.0189215
119.663 -0.0189215
119.795 -0.0189215
119.927 -0.0189215
120.058 -0.0189215
120.19 -0.0189215
120.322 -0.0189215
120.454 -0.0189215
120.585 -0.0189215
120.717 -0.0189215
120.849 -0.0189215
120.981 -0.0189215
121.112 -0.0189215
121.244 -0.0189215
121.376 -0.0189215
121.508 -0.0189215
121.639 -0.0189215
121.771 -0.0189215
121.903 -0.0189215
122.035 -0.0189215
122.166 -0.0189215
122.298 -0.0189215
122.43 -0.0189215
122.562 -0.0189215
122.693 -0.0189215
122.825 -0.0189215
122.957 -0.0189215
123.089 -0.0189215
123.22 -0.0189215
123.352 -0.0189215
123.484 -0.0189215
123.616 -0.0189215
123.747 -0.0189215
123.879 -0.0189215
124.011 -0.0189215
124.143 -0.0189215
124.274 -0.0189215
124.406 -0.0189215
124.538 -0.0189215
124.67 -0.0189215
124.801 -0.0189215
124.933 -0.0189215
125.065 -0.0189215
125.197 -0.0189215
125.328 -0.0189215
125.46 -0.0189215
125.592 -0.0189215
125.724 -0.0189215
125.855 -0.0189215
125.987 -0.0189215
126.119 -0.0189215
126.251 -0.0189215
126.382 -0.0189215
126.514 -0.0189215
126.646 -0.0189215
126.778 -0.0189215
126.909 -0.0189215
127.041 -0.0189215
127.173 -0.0189215
127.305 -0.0189215
127.436 -0.0189215
127.568 -0.0189215
127.7 -0.0189215
127.832 -0.0189215
127.963 -0.0189215
128.095 -0.0189215
128.227 -0.0189215
128.359 -0.0189215
128.49 -0.0189215
128.622 -0.0189215
128.754 -0.0189215
128.886 -0.0189215
129.017 -0.0189215
129.149 -0.0189215
129.281 -0.0189215
129.413 -0.0189215
129.544 -0.0189215
129.676 -0.0189215
129.808 -0.0189215
129.94 -0.0189215
130.071 -0.0189215
130.203 -0.0189215
