-6.16054 -0.0406276
-6.02878 -0.0275789
-5.89703 -0.0261643
-5.76528 -0.0301341
-5.63353 -0.0052507
-5.50177 0.0276015
-5.37002 0.0568608
-5.23827 0.0245756
-5.10652 -0.0745866
-4.97476 -0.144905
-4.84301 -0.182334
-4.71126 -0.140178
-4.57951 -0.0430004
-4.44776 0.0554408
-4.316 0.103905
-4.18425 0.10398
-4.0525 0.119364
-3.92075 0.120988
-3.78899 0.129276
-3.65724 0.107423
-3.52549 0.032344
-3.39374 -0.0438411
-3.26198 -0.107066
-3.13023 -0.143376
-2.99848 -0.106593
-2.86673 -0.0125384
-2.73498 0.0990381
-2.60322 0.187819
-2.47147 0.203943
-2.33972 0.238674
-2.20797 0.209663
-2.07621 0.17222
-1.94446 0.121741
-1.81271 0.0394335
-1.68096 -0.0494107
-1.5492 -0.125083
-1.41745 -0.140831
-1.2857 -0.088854
-1.15395 -0.0416971
-1.0222 -0.0112562
-0.890443 0.0157214
-0.758691 0.0254637
-0.626939 -0.00990201
-0.495186 -0.027743
-0.363434 -0.0573831
-0.231682 -0.0588005
-0.0999293 -0.0877778
0.031823 -0.0602578
0.163575 -0.0150004
0.295328 0.0857913
0.42708 0.166709
0.558832 0.178995
0.690584 0.141286
0.822337 0.0873077
0.954089 0.0834616
1.08584 0.15156
1.21759 0.223495
1.34935 0.293532
1.4811 0.256046
1.61285 0.126844
1.7446 -0.0140687
1.87636 -0.0702638
2.00811 -0.0226862
2.13986 0.0441576
2.27161 0.112217
2.40336 0.144423
2.53512 0.163855
2.66687 0.159092
2.79862 0.121681
2.93037 0.0490441
3.06213 0.00374601
3.19388 0.0408004
3.32563 0.120132
3.45738 0.226621
3.58914 0.259144
3.72089 0.215689
3.85264 0.0718451
3.98439 -0.00396254
4.11614 -0.0252987
4.2479 0.0419253
4.37965 0.129739
4.5114 0.230301
4.64315 0.256241
4.77491 0.20076
4.90666 0.161331
5.03841 0.135032
5.17016 0.12236
5.30192 0.140963
5.43367 0.176916
5.56542 0.193822
5.69717 0.146427
5.82892 0.0650461
5.96068 0.0113113
6.09243 0.00819602
6.22418 -0.000776906
6.35593 0.00628317
6.48769 -0.00919238
6.61944 -0.0543355
6.75119 -0.106485
6.88294 -0.17209
7.0147 -0.169411
7.14645 -0.0996145
7.2782 0.00346461
7.40995 0.174024
7.5417 0.306307
7.67346 0.421848
7.80521 0.517408
7.93696 0.583258
8.06871 0.623048
8.20047 0.596344
8.33222 0.502969
8.46397 0.327546
8.59572 0.134303
8.72748 -0.10445
8.85923 -0.300203
8.99098 -0.467418
9.12273 -0.547393
9.25448 -0.461776
9.38624 -0.208937
9.51799 0.0624852
9.64974 0.23808
9.78149 0.302672
9.91325 0.22904
10.045 0.218678
10.1768 0.269649
10.3085 0.407921
10.4403 0.540232
10.572 0.620844
10.7038 0.553592
10.8355 0.437047
10.9673 0.282365
11.099 0.172428
11.2308 0.0330025
11.3625 -0.0796184
11.4943 -0.220543
11.626 -0.337469
11.7578 -0.41326
11.8895 -0.437763
12.0213 -0.397849
12.153 -0.312815
12.2848 -0.186962
12.4165 0.0253949
12.5483 0.239658
12.68 0.471183
12.8118 0.594145
12.9435 0.597108
13.0753 0.50646
13.2071 0.425547
13.3388 0.338143
13.4706 0.287894
13.6023 0.263353
13.7341 0.258351
13.8658 0.284014
13.9976 0.38034
14.1293 0.43441
14.2611 0.414814
14.3928 0.284479
14.5246 0.109812
14.6563 -0.0875885
14.7881 -0.127786
14.9198 -0.0764013
15.0516 0.00806778
15.1833 0.0221863
15.3151 0.0247342
15.4468 0.0229908
15.5786 0.0809396
15.7103 0.184082
15.8421 0.335305
15.9739 0.484638
16.1056 0.571349
16.2374 0.586134
16.3691 0.496486
16.5009 0.349787
16.6326 0.140244
16.7644 -0.137735
16.8961 -0.313189
17.0279 -0.331885
17.1596 -0.206027
17.2914 0.0072586
17.4231 0.196461
17.5549 0.270836
17.6866 0.310138
17.8184 0.367863
17.9501 0.405205
18.0819 0.418853
18.2136 0.360969
18.3454 0.219948
18.4771 0.124917
18.6089 0.152593
18.7407 0.276596
18.8724 0.45315
19.0042 0.567961
19.1359 0.542649
19.2677 0.479896
19.3994 0.409532
19.5312 0.365181
19.6629 0.2859
19.7947 0.140141
19.9264 -0.0242118
20.0582 -0.111169
20.1899 -0.118621
20.3217 -0.00873983
20.4534 0.109059
20.5852 0.202147
20.7169 0.271436
20.8487 0.332111
20.9804 0.371316
21.1122 0.353035
21.2439 0.223523
21.3757 0.0257458
21.5074 -0.137352
21.6392 -0.178944
21.771 -0.0887061
21.9027 0.0401859
22.0345 0.107989
22.1662 0.0893385
22.298 0.041593
22.4297 0.035512
22.5615 0.084205
22.6932 0.143037
22.825 0.174307
22.9567 0.200574
23.0885 0.283925
23.2202 0.450615
23.352 0.642999
23.4837 0.755649
23.6155 0.724987
23.7472 0.584046
23.879 0.427786
24.0107 0.324924
24.1425 0.26493
24.2742 0.189118
24.406 0.066044
24.5378 -0.0717952
24.6695 -0.166223
24.8013 -0.19892
24.933 -0.207679
25.0648 -0.23439
25.1965 -0.265504
25.3283 -0.237566
25.46 -0.108398
25.5918 0.0834014
25.7235 0.242742
25.8553 0.309621
25.987 0.322947
26.1188 0.382031
26.2505 0.536513
26.3823 0.716816
26.514 0.784189
26.6458 0.659269
26.7775 0.403189
26.9093 0.167257
27.041 0.0580234
27.1728 0.0509416
27.3046 0.0369701
27.4363 -0.0495995
27.5681 -0.156759
27.6998 -0.17131
27.8316 -0.0452715
27.9633 0.143477
28.0951 0.263251
28.2268 0.259392
28.3586 0.205852
28.4903 0.221592
28.6221 0.338948
28.7538 0.463586
28.8856 0.470088
29.0173 0.333308
29.1491 0.156571
29.2808 0.0666799
29.4126 0.087628
29.5443 0.127516
29.6761 0.090409
29.8078 -0.0118971
29.9396 -0.0742577
30.0713 -0.0251019
30.2031 0.0777226
30.3349 0.0998438
30.4666 -0.0127383
30.5984 -0.143382
30.7301 -0.0967626
30.8619 0.201889
30.9936 0.602974
31.1254 0.846527
31.2571 0.797602
31.3889 0.572744
31.5206 0.42566
31.6524 0.500287
31.7841 0.696635
31.9159 0.782219
32.0476 0.630275
32.1794 0.335874
32.3111 0.0920414
32.4429 -0.0341229
32.5746 -0.174397
32.7064 -0.491446
32.8381 -0.947645
32.9699 -1.27415
33.1017 -1.20185
33.2334 -0.729958
33.3652 -0.145702
33.4969 0.244348
33.6287 0.402919
33.7604 0.563364
33.8922 0.929978
34.0239 1.39419
34.1557 1.59306
34.2874 1.28686
34.4192 0.672796
34.5509 0.273618
34.6827 0.456101
34.8144 1.03586
34.9462 1.38094
35.0779 0.945492
35.2097 -0.277382
35.3414 -1.82419
35.4732 -3.24264
35.6049 -4.40815
35.7367 -5.24003
35.8685 -5.07241
36.0002 -2.49688
36.132 3.72818
36.2637 13.066
36.3955 22.1449
36.5272 25.4701
36.659 18.0025
36.7907 -1.67959
36.9225 -29.5217
37.0542 -56.676
37.186 -72.5765
37.3177 -69.065
37.4495 -43.861
37.5812 -2.06218
37.713 44.9186
37.8447 82.8226
37.9765 99.4666
38.1082 89.3809
38.24 56.0973
38.3717 10.7114
38.5035 -32.8797
38.6352 -63.7368
38.767 -77.5875
38.8988 -76.6805
39.0305 -66.4558
39.1623 -51.6509
39.294 -34.4248
39.4258 -15.1916
39.5575 5.30684
39.6893 24.8415
39.821 40.4073
39.9528 49.9221
40.0845 53.2176
40.2163 51.4693
40.348 45.7791
40.4798 36.3851
40.6115 23.245
40.7433 7.30352
40.875 -8.96758
41.0068 -22.4854
41.1385 -31.2433
41.2703 -35.3143
41.402 -36.3119
41.5338 -35.8302
41.6656 -34.2519
41.7973 -30.879
41.9291 -25.0852
42.0608 -17.3002
42.1926 -8.91355
42.3243 -1.27736
42.4561 5.1844
42.5878 10.9395
42.7196 16.5082
42.8513 21.6914
42.9831 25.5976
43.1148 27.3742
43.2466 26.8917
43.3783 24.7403
43.5101 21.6182
43.6418 17.7635
43.7736 12.9715
43.9053 7.11334
44.0371 0.586863
44.1688 -5.75584
44.3006 -11.107
44.4323 -15.1288
44.5641 -17.9336
44.6959 -19.73
44.8276 -20.5535
44.9594 -20.3467
45.0911 -19.2295
45.2229 -17.5807
45.3546 -15.7761
45.4864 -13.8327
45.6181 -11.3583
45.7499 -7.91955
45.8816 -3.51066
46.0134 1.32095
46.1451 5.82063
46.2769 9.52192
46.4086 12.4365
46.5404 14.7957
46.6721 16.6408
46.8039 17.6909
46.9356 17.6153
47.0674 16.418
47.1991 14.5291
47.3309 12.489
47.4627 10.5249
47.5944 8.42137
47.7262 5.80504
47.8579 2.56708
47.9897 -0.969838
48.1214 -4.27625
48.2532 -7.00242
48.3849 -9.17354
48.5167 -11.0525
48.6484 -12.8425
48.7802 -14.508
48.9119 -15.8254
49.0437 -16.5364
49.1754 -16.4214
49.3072 -15.2691
49.4389 -12.883
49.5707 -9.23981
49.7024 -4.70985
49.8342 -0.102682
49.9659 3.61134
50.0977 5.77579
50.2295 6.38891
50.3612 6.05405
50.493 5.58199
50.6247 5.54782
50.7565 6.10259
50.8882 7.09679
51.02 8.32304
51.1517 9.64338
51.2835 10.9363
51.4152 11.9903
51.547 12.5032
51.6787 12.214
51.8105 11.0472
51.9422 9.13912
52.074 6.72931
52.2057 4.0216
52.3375 1.12551
52.4692 -1.90181
52.601 -4.98202
52.7327 -7.98175
52.8645 -10.7264
52.9962 -13.022
53.128 -14.663
53.2598 -15.4491
53.3915 -15.2448
53.5233 -14.0672
53.655 -12.1335
53.7868 -9.81288
53.9185 -7.49345
54.0503 -5.44248
54.182 -3.73782
54.3138 -2.28667
54.4455 -0.892169
54.5773 0.673623
54.709 2.59509
54.8408 4.92553
54.9725 7.50878
55.1043 9.97369
55.236 11.8506
55.3678 12.775
55.4995 12.658
55.6313 11.708
55.763 10.2865
55.8948 8.7058
56.0266 7.11236
56.1583 5.51444
56.2901 3.89552
56.4218 2.29795
56.5536 0.81467
56.6853 -0.476035
56.8171 -1.55259
56.9488 -2.43058
57.0806 -3.11791
57.2123 -3.60739
57.3441 -3.92168
57.4758 -4.15974
57.6076 -4.48056
57.7393 -5.01656
57.8711 -5.77851
58.0028 -6.62856
58.1346 -7.34455
58.2663 -7.7285
58.3981 -7.68777
58.5298 -7.24959
58.6616 -6.52098
58.7934 -5.62898
58.9251 -4.6663
59.0569 -3.65237
59.1886 -2.52208
59.3204 -1.16118
59.4521 0.509004
59.5839 2.43702
59.7156 4.40631
59.8474 6.10546
59.9791 7.27602
60.1109 7.84362
60.2426 7.9402
60.3744 7.80202
60.5061 7.61903
60.6379 7.44177
60.7696 7.19874
60.9014 6.78911
61.0331 6.16724
61.1649 5.3593
61.2966 4.41916
61.4284 3.37702
61.5601 2.2275
61.6919 0.959528
61.8237 -0.405905
61.9554 -1.80419
62.0872 -3.14808
62.2189 -4.36082
62.3507 -5.39611
62.4824 -6.23381
62.6142 -6.8587
62.7459 -7.24032
62.8777 -7.33133
63.0094 -7.09093
63.1412 -6.52283
63.2729 -5.70162
63.4047 -4.7611
63.5364 -3.84066
63.6682 -3.019
63.7999 -2.28157
63.9317 -1.54804
64.0634 -0.740877
64.1952 0.157521
64.3269 1.10072
64.4587 2.02106
64.5905 2.87255
64.7222 3.63274
64.854 4.26958
64.9857 4.71971
65.1175 4.91612
65.2492 4.85015
65.381 4.60907
65.5127 4.34284
65.6445 4.17515
65.7762 4.12732
65.908 4.11573
66.0397 4.02101
66.1715 3.76763
66.3032 3.35236
66.435 2.81433
66.5667 2.19219
66.6985 1.51428
66.8302 0.820151
66.962 0.171775
67.0937 -0.375363
67.2255 -0.820857
67.3573 -1.23456
67.489 -1.71012
67.6208 -2.28909
67.7525 -2.9222
67.8843 -3.50401
68.016 -3.94974
68.1478 -4.2449
68.2795 -4.42696
68.4113 -4.52522
68.543 -4.52256
68.6748 -4.37493
68.8065 -4.06235
68.9383 -3.61446
69.07 -3.08375
69.2018 -2.49774
69.3335 -1.84364
69.4653 -1.10209
69.597 -0.291584
69.7288 0.527819
69.8605 1.29712
69.9923 1.9982
70.124 2.6394
70.2558 3.19467
70.3876 3.56577
70.5193 3.63199
70.6511 3.37389
70.7828 2.97329
70.9146 2.78386
71.0463 3.15119
71.1781 4.17697
71.3098 5.57631
71.4416 6.73259
71.5733 6.94309
71.7051 5.74669
71.8368 3.18212
71.9686 -0.147636
72.1003 -3.25461
72.2321 -5.13827
72.3638 -5.20435
72.4956 -3.53449
72.6273 -0.857469
72.7591 1.78194
72.8908 3.4871
73.0226 3.85261
73.1544 3.01074
73.2861 1.40316
73.4179 -0.526228
73.5496 -2.50268
73.6814 -4.38373
73.8131 -6.02024
73.9449 -7.1856
74.0766 -7.65047
74.2084 -7.32812
74.3401 -6.34704
74.4719 -4.97954
74.6036 -3.48929
74.7354 -2.02772
74.8671 -0.649992
74.9989 0.597115
75.1306 1.62304
75.2624 2.33334
75.3941 2.71461
75.5259 2.86853
75.6576 2.95131
75.7894 3.0705
75.9212 3.23252
76.0529 3.38227
76.1847 3.48596
76.3164 3.57114
76.4482 3.68689
76.5799 3.82967
76.7117 3.91235
76.8434 3.80951
76.9752 3.43849
77.1069 2.80843
77.2387 2.00746
77.3704 1.15637
77.5022 0.374676
77.6339 -0.22863
77.7657 -0.565676
77.8974 -0.605223
78.0292 -0.414978
78.1609 -0.163131
78.2927 -0.0534717
78.4244 -0.226111
78.5562 -0.692119
78.6879 -1.34648
78.8197 -2.04069
78.9515 -2.65354
79.0832 -3.11456
79.215 -3.38657
79.3467 -3.44876
79.4785 -3.30543
79.6102 -3.00472
79.742 -2.63243
79.8737 -2.27235
80.0055 -1.96336
80.1372 -1.69195
80.269 -1.42418
80.4007 -1.14135
80.5325 -0.84298
80.6642 -0.519887
80.796 -0.13662
80.9277 0.346165
81.0595 0.925476
81.1912 1.53574
81.323 2.08513
81.4547 2.52197
81.5865 2.86901
81.7183 3.18912
81.85 3.51221
81.9818 3.79388
82.1135 3.94801
82.2453 3.92383
82.377 3.75342
82.5088 3.52288
82.6405 3.29406
82.7723 3.05117
82.904 2.72172
83.0358 2.24927
83.1675 1.64747
83.2993 0.986462
83.431 0.329568
83.5628 -0.315797
83.6945 -0.98765
83.8263 -1.71354
83.958 -2.46399
84.0898 -3.15496
84.2215 -3.68957
84.3533 -3.99821
84.4851 -4.0506
84.6168 -3.84944
84.7486 -3.43056
84.8803 -2.87368
85.0121 -2.29984
85.1438 -1.83423
85.2756 -1.54797
85.4073 -1.42206
85.5391 -1.36501
85.6708 -1.27064
85.8026 -1.06817
85.9343 -0.729979
86.0661 -0.248257
86.1978 0.377965
86.3296 1.12225
86.4613 1.90085
86.5931 2.58021
86.7248 3.03788
86.8566 3.23608
86.9883 3.24447
87.1201 3.18685
87.2518 3.15309
87.3836 3.14714
87.5154 3.10713
87.6471 2.96818
87.7789 2.70729
87.9106 2.33967
88.0424 1.89025
88.1741 1.38395
88.3059 0.86442
88.4376 0.378179
88.5694 0.0459515
88.7011 -0.159935
88.8329 -0.336666
88.9646 -0.641224
89.0964 -1.17151
89.2281 -1.83643
89.3599 -2.43029
89.4916 -2.7368
89.6234 -2.67493
89.7551 -2.33518
89.8869 -1.89455
90.0186 -1.53751
90.1504 -1.28063
90.2822 -1.12208
90.4139 -1.00745
90.5457 -0.968186
90.6774 -0.961003
90.8092 -0.973812
90.9409 -0.899544
91.0727 -0.605544
91.2044 -0.156911
91.3362 0.322689
91.4679 0.754438
91.5997 1.00765
91.7314 1.12331
91.8632 1.13829
91.9949 1.11401
92.1267 1.08824
92.2584 1.08393
92.3902 1.15992
92.5219 1.22653
92.6537 1.3122
92.7854 1.39169
92.9172 1.38646
93.049 1.26054
93.1807 1.07805
93.3125 0.860781
93.4442 0.640611
93.576 0.460425
93.7077 0.338747
93.8395 0.257525
93.9712 0.257948
94.103 0.30913
94.2347 0.36391
94.3665 0.332917
94.4982 0.193766
94.63 -0.0454986
94.7617 -0.286239
94.8935 -0.463413
95.0252 -0.628399
95.157 -0.771832
95.2887 -0.945219
95.4205 -1.12265
95.5522 -1.23193
95.684 -1.19864
95.8157 -1.01967
95.9475 -0.785792
96.0793 -0.519886
96.211 -0.298391
96.3428 -0.123159
96.4745 0.0202022
96.6063 0.10207
96.738 0.152059
96.8698 0.201326
97.0015 0.227409
97.1333 0.235712
97.265 0.230024
97.3968 0.215833
97.5285 0.234377
97.6603 0.214377
97.792 0.264393
97.9238 0.335429
98.0555 0.413888
98.1873 0.497085
98.319 0.560145
98.4508 0.608199
98.5825 0.620083
98.7143 0.588594
98.8461 0.561335
98.9778 0.525573
99.1096 0.468727
99.2413 0.427262
99.3731 0.444821
99.5048 0.44485
99.6366 0.424219
99.7683 0.329133
99.9001 0.244661
100.032 0.140035
100.164 0.0811983
100.295 -0.00188368
100.427 -0.104438
100.559 -0.223948
100.691 -0.351674
100.822 -0.43243
100.954 -0.449687
101.086 -0.415
101.218 -0.332055
101.349 -0.294415
101.481 -0.251598
101.613 -0.198205
101.745 -0.142212
101.876 -0.111334
102.008 -0.0983032
102.14 -0.0385757
102.272 0.0393469
102.403 0.121495
102.535 0.145603
102.667 0.110174
102.799 0.0481802
102.93 0.0188139
103.062 0.0172215
103.194 0.00543355
103.326 -0.0178612
103.457 -0.108008
103.589 -0.203916
103.721 -0.272425
103.853 -0.203052
103.984 -0.0861936
104.116 0.104359
104.248 0.277309
104.38 0.420821
104.511 0.493015
104.643 0.57457
104.775 0.680436
104.907 0.705918
105.038 0.634715
105.17 0.46666
105.302 0.225037
105.434 -0.012315
105.565 -0.164249
105.697 -0.184792
105.829 -0.131133
105.961 -0.0821044
106.092 -0.0530914
106.224 0.0200063
106.356 0.0874982
106.488 0.124594
106.619 0.0862509
106.751 -0.0378528
106.883 -0.158748
107.015 -0.259573
107.146 -0.292749
107.278 -0.252585
107.41 -0.236923
107.542 -0.182128
107.673 -0.112181
107.805 -0.019297
107.937 0.0774385
108.069 0.114267
108.2 0.0866736
108.332 0.00705156
108.464 -0.0486613
108.596 -0.0872549
108.727 -0.0648417
108.859 -0.0768325
108.991 -0.0849078
109.123 -0.0703816
109.254 -0.0304756
109.386 0.0313945
109.518 0.141956
109.65 0.237917
109.781 0.225431
109.913 0.171286
110.045 0.0250984
110.177 -0.0723741
110.309 -0.123988
110.44 -0.126206
110.572 -0.13974
110.704 -0.0972151
110.836 -0.0399393
110.967 0.0902868
111.099 0.216052
111.231 0.348985
111.363 0.366987
111.494 0.320925
111.626 0.218923
111.758 0.115819
111.89 0.0347339
112.021 -0.0435269
112.153 -0.108387
112.285 -0.144077
112.417 -0.185071
112.548 -0.173906
112.68 -0.196489
112.812 -0.196337
112.944 -0.175479
113.075 -0.109171
113.207 -0.0343042
113.339 0.0867759
113.471 0.174084
113.602 0.189624
113.734 0.130445
113.866 0.023249
113.998 -0.131492
114.129 -0.222369
114.261 -0.256208
114.393 -0.220546
114.525 -0.152711
114.656 -0.00862326
114.788 0.0727753
114.92 0.1292
115.052 0.141801
115.183 0.153684
115.315 0.112899
115.447 0.0740715
115.579 0.0321649
115.71 0.0118317
115.842 -0.0235178
115.974 -0.0633386
116.106 -0.0687239
116.237 -0.0475615
116.369 -0.000621338
116.501 -0.011129
116.633 -0.0636653
116.764 -0.0656849
116.896 -0.0575208
117.028 -0.00650713
117.16 0.0741883
117.291 0.120345
117.423 0.118325
117.555 0.117168
117.687 0.084801
117.818 0.0320564
117.95 0.00551065
118.082 -0.0395399
118.214 -0.0890797
118.345 -0.0899468
118.477 -0.0718056
118.609 -0.0385798
118.741 0.0129439
118.872 0.0228768
119.004 0.00737826
119.136 0.0257221
119.268 0.0287335
119.399 0.041436
119.531 0.0287758
119.663 0.00865397
119.795 -0.00592692
119.926 -0.014762
120.058 -0.029302
120.19 -0.00347776
120.322 -0.00373415
120.453 0.00590007
120.585 0.00754194
120.717 0.00403343
120.849 0.00398582
120.98 0.00929031
121.112 0.00353809
121.244 0.00271592
121.376 0.000747007
121.507 -0.00113206
121.639 0.00240571
121.771 0.00240571
121.903 0.00240571
122.034 0.00240571
122.166 0.00240571
122.298 0.00240571
122.43 0.00240571
122.561 0.00240571
122.693 0.00240571
122.825 0.00240571
122.957 0.00240571
123.088 0.00240571
123.22 0.00240571
123.352 0.00240571
123.484 0.00240571
123.615 0.00240571
123.747 0.00240571
123.879 0.00240571
124.011 0.00240571
124.142 0.00240571
124.274 0.00240571
124.406 0.00240571
124.538 0.00240571
124.67 0.00240571
124.801 0.00240571
124.933 0.00240571
125.065 0.00240571
125.197 0.00240571
125.328 0.00240571
125.46 0.00240571
125.592 0.00240571
125.724 0.00240571
125.855 0.00240571
125.987 0.00240571
126.119 0.00240571
126.251 0.00240571
126.382 0.00240571
126.514 0.00240571
126.646 0.00240571
126.778 0.00240571
126.909 0.00240571
127.041 0.00240571
127.173 0.00240571
127.305 0.00240571
127.436 0.00240571
127.568 0.00240571
127.7 0.00240571
127.832 0.00240571
127.963 0.00240571
128.095 0.00240571
128.227 0.00240571
128.359 0.00240571
128.49 0.00240571
128.622 0.00240571
