-5.21663 0.440981
-5.08488 0.52587
-4.95313 0.712883
-4.82137 0.828871
-4.68962 0.840703
-4.55787 0.759238
-4.42612 0.608167
-4.29436 0.46994
-4.16261 0.405248
-4.03086 0.40904
-3.89911 0.371225
-3.76735 0.267615
-3.6356 0.150633
-3.50385 0.0774293
-3.3721 0.0070887
-3.24035 -0.0977292
-3.10859 -0.332259
-2.97684 -0.630721
-2.84509 -0.794053
-2.71334 -0.700932
-2.58158 -0.440815
-2.44983 -0.142214
-2.31808 0.0517196
-2.18633 0.122112
-2.05457 0.175932
-1.92282 0.36268
-1.79107 0.616725
-1.65932 0.815371
-1.52757 0.868101
-1.39581 0.819091
-1.26406 0.6123
-1.13231 0.51833
-1.00056 0.452702
-0.868804 0.391246
-0.737052 0.292676
-0.605299 0.121491
-0.473547 -0.13052
-0.341795 -0.391639
-0.210042 -0.665399
-0.0782901 -0.901105
0.0534622 -0.941293
0.185215 -0.679624
0.316967 -0.164817
0.448719 0.422633
0.580471 0.834839
0.712224 0.889967
0.843976 0.693709
0.975728 0.454516
1.10748 0.390557
1.23923 0.511858
1.37099 0.637667
1.50274 0.637561
1.63449 0.597162
1.76624 0.443449
1.89799 0.470166
2.02975 0.583599
2.1615 0.62994
2.29325 0.532936
2.425 0.422222
2.55676 0.44652
2.68851 0.542706
2.82026 0.590521
2.95201 0.406683
3.08377 -0.111477
3.21552 -0.714948
3.34727 -1.10341
3.47902 -1.12907
3.61077 -0.864043
3.74253 -0.559692
3.87428 -0.287919
4.00603 -0.0653945
4.13778 0.256311
4.26954 0.545256
4.40129 0.789296
4.53304 0.851846
4.66479 0.814509
4.79655 0.734022
4.9283 0.733886
5.06005 0.73053
5.1918 0.674675
5.32355 0.455053
5.45531 0.0971496
5.58706 -0.149864
5.71881 -0.130938
5.85056 0.0869572
5.98232 0.354
6.11407 0.512048
6.24582 0.604245
6.37757 0.75925
6.50933 0.994246
6.64108 1.19219
6.77283 1.11837
6.90458 0.741242
7.03633 0.241823
7.16809 -0.112643
7.29984 -0.202484
7.43159 -0.153272
7.56334 -0.198517
7.6951 -0.434572
7.82685 -0.744271
7.9586 -0.872783
8.09035 -0.689443
8.22211 -0.287861
8.35386 0.11995
8.48561 0.395407
8.61736 0.551132
8.74911 0.655015
8.88087 0.695641
9.01262 0.580203
9.14437 0.275633
9.27612 -0.074478
9.40788 -0.218073
9.53963 -0.0135318
9.67138 0.413673
9.80313 0.751794
9.93489 0.766379
10.0666 0.501661
10.1984 0.225542
10.3301 0.172433
10.4619 0.334871
10.5936 0.50006
10.7254 0.47882
10.8572 0.287875
10.9889 0.10999
11.1207 0.0954331
11.2524 0.226944
11.3842 0.384395
11.5159 0.515225
11.6477 0.697983
11.7794 1.01206
11.9112 1.35995
12.0429 1.46697
12.1747 1.10619
12.3064 0.342274
12.4382 -0.465368
12.5699 -0.936127
12.7017 -0.972459
12.8334 -0.803953
12.9652 -0.731346
13.0969 -0.828524
13.2287 -0.898839
13.3604 -0.717587
13.4922 -0.296796
13.6239 0.110722
13.7557 0.272897
13.8875 0.22631
14.0192 0.242111
14.151 0.538847
14.2827 1.04199
14.4145 1.4452
14.5462 1.51111
14.678 1.29501
14.8097 1.05636
14.9415 0.959035
15.0732 0.891931
15.205 0.614845
15.3367 0.0768348
15.4685 -0.449531
15.6002 -0.59376
15.732 -0.260831
15.8637 0.241115
15.9955 0.477327
16.1272 0.304218
16.259 0.000808646
16.3907 -0.0313248
16.5225 0.304591
16.6543 0.69483
16.786 0.752767
16.9178 0.45117
17.0495 0.183253
17.1813 0.362779
17.313 0.963635
17.4448 1.4863
17.5765 1.41247
17.7083 0.700707
17.84 -0.18069
17.9718 -0.717455
18.1035 -0.828621
18.2353 -0.864121
18.367 -1.13576
18.4988 -1.50244
18.6305 -1.48341
18.7623 -0.80341
18.894 0.219684
19.0258 0.905223
19.1575 0.868741
19.2893 0.428555
19.4211 0.296119
19.5528 0.828924
19.6846 1.62301
19.8163 1.91406
19.9481 1.41184
20.0798 0.685804
20.2116 0.628596
20.3433 1.48302
20.4751 2.43779
20.6068 2.2781
20.7386 0.492602
20.8703 -2.28448
21.0021 -4.95661
21.1338 -7.0006
21.2656 -8.59035
21.3973 -9.46731
21.5291 -7.76153
21.6608 -0.515805
21.7926 13.6365
21.9243 31.4102
22.0561 44.292
22.1878 41.9805
22.3196 18.3983
22.4514 -23.4499
22.5831 -71.1287
22.7149 -107.472
22.8466 -117.745
22.9784 -95.5124
23.1101 -44.7624
23.2419 21.783
23.3736 86.716
23.5054 132.795
23.6371 147.636
23.7689 127.41
23.9006 78.3016
24.0324 14.5595
24.1641 -46.7025
24.2959 -91.8179
24.4276 -114.796
24.5594 -117.381
24.6911 -105.52
24.8229 -85.0434
24.9546 -59.3764
25.0864 -30.088
25.2182 1.21884
25.3499 31.7885
25.4817 58.2273
25.6134 77.7897
25.7452 89.052
25.8769 91.5428
26.0087 85.1414
26.1404 70.2121
26.2722 48.4133
26.4039 23.0933
26.5357 -1.62995
26.6674 -22.7081
26.7992 -39.4152
26.9309 -52.828
27.0627 -63.9001
27.1944 -71.8389
27.3262 -74.2933
27.4579 -69.2381
27.5897 -56.8935
27.7214 -39.9817
27.8532 -22.119
27.985 -5.76068
28.1167 8.61553
28.2485 21.6376
28.3802 33.544
28.512 43.5122
28.6437 50.2761
28.7755 53.2109
28.9072 52.7238
29.039 49.6288
29.1707 44.2608
29.3025 36.3143
29.4342 25.5825
29.566 12.8119
29.6977 -0.250223
29.8295 -11.7399
29.9612 -20.7047
30.093 -27.3691
30.2247 -32.4808
30.3565 -36.4279
30.4882 -38.9385
30.62 -39.5184
30.7517 -38.0572
30.8835 -34.9551
31.0153 -30.7062
31.147 -25.4617
31.2788 -19.0775
31.4105 -11.5884
31.5423 -3.56222
31.674 4.10152
31.8058 10.7699
31.9375 16.4753
32.0693 21.6911
32.201 26.6786
32.3328 31.033
32.4645 33.8688
32.5963 34.4705
32.728 32.8024
32.8598 29.4378
32.9915 25.0383
33.1233 19.9182
33.255 14.0828
33.3868 7.62099
33.5185 0.990086
33.6503 -5.12555
33.7821 -10.2453
33.9138 -14.3865
34.0456 -17.9465
34.1773 -21.3038
34.3091 -24.5062
34.4408 -27.2702
34.5726 -29.1833
34.7043 -29.8463
34.8361 -28.8547
34.9678 -25.7899
35.0996 -20.4258
35.2313 -13.1027
35.3631 -4.93374
35.4948 2.46447
35.6266 7.66887
35.7583 10.1373
35.8901 10.4093
36.0218 9.69637
36.1536 9.18504
36.2853 9.5316
36.4171 10.8024
36.5489 12.7369
36.6806 15.0213
36.8124 17.3749
36.9441 19.49
37.0759 20.9938
37.2076 21.5232
37.3394 20.8498
37.4711 18.9368
37.6029 15.8894
37.7346 11.8653
37.8664 7.03005
37.9981 1.57357
38.1299 -4.26014
38.2616 -10.1673
38.3934 -15.7927
38.5251 -20.7307
38.6569 -24.5375
38.7886 -26.8056
38.9204 -27.3046
39.0521 -26.1067
39.1839 -23.5845
39.3156 -20.2562
39.4474 -16.5804
39.5792 -12.8481
39.7109 -9.21968
39.8427 -5.80851
39.9744 -2.68361
40.1062 0.223386
40.2379 3.17068
40.3697 6.47993
40.5014 10.2612
40.6332 14.2032
40.7649 17.641
40.8967 19.898
41.0284 20.6572
41.1602 20.0809
41.2919 18.6079
41.4237 16.6289
41.5554 14.3153
41.6872 11.7038
41.8189 8.89137
41.9507 6.11307
42.0824 3.62476
42.2142 1.52754
42.346 -0.272726
42.4777 -1.92581
42.6095 -3.46497
42.7412 -4.78393
42.873 -5.78756
43.0047 -6.55701
43.1365 -7.34908
43.2682 -8.41051
43.4 -9.76783
43.5317 -11.1761
43.6635 -12.2625
43.7952 -12.7375
43.927 -12.5154
44.0587 -11.6991
44.1905 -10.497
44.3222 -9.15057
44.454 -7.87474
44.5857 -6.77261
44.7175 -5.74105
44.8492 -4.4655
44.981 -2.58393
45.1128 0.0427766
45.2445 3.15442
45.3763 6.18211
45.508 8.57426
45.6398 10.1176
45.7715 11.0009
45.9033 11.5844
46.035 12.0864
46.1668 12.4559
46.2985 12.5123
46.4303 12.1826
46.562 11.5916
46.6938 10.9242
46.8255 10.209
46.9573 9.25124
47.089 7.78802
47.2208 5.72378
47.3525 3.22787
47.4843 0.614555
47.616 -1.87092
47.7478 -4.16384
47.8795 -6.30946
48.0113 -8.30866
48.1431 -10.0416
48.2748 -11.3331
48.4066 -12.0761
48.5383 -12.2877
48.6701 -12.0555
48.8018 -11.4497
48.9336 -10.4962
49.0653 -9.22579
49.1971 -7.72715
49.3288 -6.13494
49.4606 -4.56462
49.5923 -3.06681
49.7241 -1.64856
49.8558 -0.328299
49.9876 0.848457
50.1193 1.85723
50.2511 2.74926
50.3828 3.63606
50.5146 4.59833
50.6463 5.60218
50.7781 6.51092
50.9099 7.19096
51.0416 7.6141
51.1734 7.85869
51.3051 8.01187
51.4369 8.07337
51.5686 7.95742
51.7004 7.58789
51.8321 6.98709
51.9639 6.26872
52.0956 5.54578
52.2274 4.84838
52.3591 4.12826
52.4909 3.33084
52.6226 2.44765
52.7544 1.49475
52.8861 0.455795
53.0179 -0.725487
53.1496 -2.0747
53.2814 -3.50802
53.4131 -4.84361
53.5449 -5.91753
53.6767 -6.70398
53.8084 -7.31815
53.9402 -7.88571
54.0719 -8.39699
54.2037 -8.68922
54.3354 -8.58329
54.4672 -8.05131
54.5989 -7.25583
54.7307 -6.41872
54.8624 -5.63598
54.9942 -4.80407
55.1259 -3.7187
55.2577 -2.25321
55.3894 -0.466084
55.5212 1.43059
55.6529 3.1803
55.7847 4.5619
55.9164 5.40399
56.0482 5.59583
56.1799 5.16564
56.3117 4.39949
56.4434 3.87046
56.5752 4.25773
56.707 5.97852
56.8387 8.82571
56.9705 11.8617
57.1022 13.7059
57.234 13.1341
57.3657 9.71649
57.4975 4.16455
57.6292 -1.83066
57.761 -6.24956
57.8927 -7.61312
58.0245 -5.65193
58.1562 -1.42093
58.288 3.21911
58.4197 6.47888
58.5515 7.39083
58.6832 6.03674
58.815 3.20493
58.9467 -0.206124
59.0785 -3.60754
59.2102 -6.74413
59.342 -9.45101
59.4738 -11.46
59.6055 -12.4603
59.7373 -12.3331
59.869 -11.2965
60.0008 -9.78954
60.1325 -8.18134
60.2643 -6.56767
60.396 -4.83358
60.5278 -2.90457
60.6595 -0.931726
60.7913 0.772462
60.923 1.98323
61.0548 2.75333
61.1865 3.35851
61.3183 4.05013
61.45 4.84755
61.5818 5.55823
61.7135 5.99349
61.8453 6.16863
61.977 6.30263
62.1088 6.62579
62.2406 7.17297
62.3723 7.73408
62.5041 7.98116
62.6358 7.65111
62.7676 6.65717
62.8993 5.10168
63.0311 3.24233
63.1628 1.44792
63.2946 0.116769
63.4263 -0.47353
63.5581 -0.334038
63.6898 0.179443
63.8216 0.514567
63.9533 0.216318
64.0851 -0.825965
64.2168 -2.3514
64.3486 -3.92324
64.4803 -5.17967
64.6121 -5.95561
64.7438 -6.23438
64.8756 -6.04549
65.0073 -5.44246
65.1391 -4.56907
65.2709 -3.69669
65.4026 -3.12932
65.5344 -3.0165
65.6661 -3.23636
65.7979 -3.47456
65.9296 -3.45294
66.0614 -3.11876
66.1931 -2.63462
66.3249 -2.18832
66.4566 -1.8022
66.5884 -1.31298
66.7201 -0.528968
66.8519 0.589376
66.9836 1.88781
67.1154 3.13802
67.2471 4.19494
67.3789 5.05199
67.5106 5.7687
67.6424 6.36655
67.7741 6.8009
67.9059 7.02194
68.0377 7.04289
68.1694 6.93421
68.3012 6.74817
68.4329 6.45308
68.5647 5.94543
68.6964 5.12965
68.8282 3.9929
68.9599 2.61636
69.0917 1.12922
69.2234 -0.343237
69.3552 -1.7014
69.4869 -2.87219
69.6187 -3.81633
69.7504 -4.5433
69.8822 -5.1051
70.0139 -5.55136
70.1457 -5.8744
70.2774 -5.9996
70.4092 -5.84369
70.5409 -5.39686
70.6727 -4.75305
70.8045 -4.05609
70.9362 -3.40831
71.068 -2.82476
71.1997 -2.2698
71.3315 -1.73046
71.4632 -1.24611
71.595 -0.863062
71.7267 -0.564918
71.8585 -0.257587
71.9902 0.167673
72.122 0.751576
72.2537 1.44479
72.3855 2.16499
72.5172 2.87018
72.649 3.5703
72.7807 4.26667
72.9125 4.88803
73.0442 5.29974
73.176 5.38877
73.3077 5.1666
73.4395 4.70108
73.5712 4.10714
73.703 3.56143
73.8348 3.06576
73.9665 2.58236
74.0983 2.15668
74.23 1.877
74.3618 1.68328
74.4935 1.30879
74.6253 0.638236
74.757 -0.332638
74.8888 -1.48831
75.0205 -2.41281
75.1523 -3.04432
75.284 -3.22332
75.4158 -3.08906
75.5475 -2.77648
75.6793 -2.41316
75.811 -2.04566
75.9428 -1.76064
76.0745 -1.46854
76.2063 -1.2748
76.338 -1.12774
76.4698 -1.05337
76.6016 -1.01425
76.7333 -0.985922
76.8651 -1.03263
76.9968 -1.12618
77.1286 -1.22823
77.2603 -1.18869
77.3921 -1.06326
77.5238 -0.819315
77.6556 -0.509468
77.7873 -0.173198
77.9191 0.158924
78.0508 0.507404
78.1826 0.95301
78.3143 1.42692
78.4461 1.93418
78.5778 2.32377
78.7096 2.42412
78.8413 2.38773
78.9731 2.18521
79.1048 2.03233
79.2366 1.8639
79.3684 1.82006
79.5001 1.84728
79.6319 1.90626
79.7636 1.92082
79.8954 1.80659
80.0271 1.59422
80.1589 1.14197
80.2906 0.581569
80.4224 0.0737912
80.5541 -0.260025
80.6859 -0.463228
80.8176 -0.586476
80.9494 -0.712429
81.0811 -0.840367
81.2129 -0.931997
81.3446 -0.99489
81.4764 -1.04055
81.6081 -1.06418
81.7399 -1.11514
81.8716 -1.14735
82.0034 -1.03918
82.1351 -0.963004
82.2669 -0.840674
82.3987 -0.839709
82.5304 -0.859737
82.6622 -0.878213
82.7939 -0.915944
82.9257 -0.96528
83.0574 -0.862404
83.1892 -0.732344
83.3209 -0.387622
83.4527 -0.114199
83.5844 0.117359
83.7162 0.31242
83.8479 0.543443
83.9797 0.751458
84.1114 0.973369
84.2432 1.11772
84.3749 1.16093
84.5067 1.1768
84.6384 1.12115
84.7702 1.17248
84.9019 1.23639
85.0337 1.32007
85.1655 1.22346
85.2972 0.962248
85.429 0.591114
85.5607 0.287989
85.6925 0.0712535
85.8242 -0.0135923
85.956 -0.0410231
86.0877 -0.0459992
86.2195 0.00237448
86.3512 0.108984
86.483 0.352951
86.6147 0.607581
86.7465 0.852617
86.8782 0.909868
87.01 0.819328
87.1417 0.441299
87.2735 -0.109899
87.4052 -0.611228
87.537 -0.960705
87.6687 -1.08412
87.8005 -1.08069
87.9323 -0.975344
88.064 -0.747031
88.1958 -0.554461
88.3275 -0.399149
88.4593 -0.325053
88.591 -0.247999
88.7228 -0.233174
88.8545 -0.222103
88.9863 -0.175772
89.118 -0.0662647
89.2498 0.0326156
89.3815 0.0668535
89.5133 -0.0259486
89.645 -0.141694
89.7768 -0.207252
89.9085 -0.213881
90.0403 -0.137162
90.172 0.00764941
90.3038 0.201039
90.4355 0.401481
90.5673 0.551245
90.699 0.599018
90.8308 0.589471
90.9626 0.556982
91.0943 0.519622
91.2261 0.464836
91.3578 0.489699
91.4896 0.560761
91.6213 0.653926
91.7531 0.741494
91.8848 0.710078
92.0166 0.554714
92.1483 0.322064
92.2801 0.0469507
92.4118 -0.195594
92.5436 -0.308665
92.6753 -0.322531
92.8071 -0.262017
92.9388 -0.185931
93.0706 -0.0741786
93.2023 -0.0589612
93.3341 -0.123752
93.4658 -0.202664
93.5976 -0.244098
93.7294 -0.278832
93.8611 -0.265338
93.9929 -0.247935
94.1246 -0.1959
94.2564 -0.178408
94.3881 -0.138763
94.5199 -0.208052
94.6516 -0.236464
94.7834 -0.236619
94.9151 -0.171976
95.0469 -0.197602
95.1786 -0.241718
95.3104 -0.348779
95.4421 -0.482401
95.5739 -0.504592
95.7056 -0.346089
95.8374 -0.0530011
95.9691 0.245213
96.1009 0.486996
96.2326 0.616057
96.3644 0.620151
96.4961 0.523639
96.6279 0.399564
96.7597 0.263152
96.8914 0.208765
97.0232 0.248908
97.1549 0.302455
97.2867 0.298678
97.4184 0.248311
97.5502 0.130461
97.6819 0.000378223
97.8137 -0.0719822
97.9454 -0.0607091
98.0772 -0.0398517
98.2089 -0.0112098
98.3407 -0.00995643
98.4724 -0.0544061
98.6042 -0.155855
98.7359 -0.121796
98.8677 -0.107457
98.9994 -0.0245429
99.1312 0.0618536
99.2629 0.101036
99.3947 0.0999241
99.5265 0.0939116
99.6582 0.0522802
99.79 0.0240338
99.9217 0.0381841
100.053 0.0566179
100.185 0.062445
100.317 0.0605404
100.449 0.0258885
100.58 -0.0515575
100.712 -0.121246
100.844 -0.196578
100.976 -0.248398
101.107 -0.301542
101.239 -0.350578
101.371 -0.342851
101.503 -0.267612
101.634 -0.210146
101.766 -0.0105017
101.898 0.0844946
102.03 0.103135
102.161 0.0864326
102.293 0.0812884
102.425 0.0591532
102.557 0.00160906
102.689 -0.0205048
102.82 -0.0404843
102.952 -0.0581227
103.084 0.00111202
103.216 0.0713776
103.347 0.113081
103.479 0.114883
103.611 0.0772897
103.743 0.0724762
103.874 0.0566724
104.006 0.0646645
104.138 0.0161017
104.27 0.0342095
104.401 0.0244147
104.533 0.0266417
104.665 -0.0146043
104.797 -0.0236786
104.928 -0.0235293
105.06 0.0250934
105.192 0.0235247
105.324 -0.00524139
105.455 0.00222056
105.587 0.00540367
105.719 -0.0052062
105.851 -0.00606779
105.982 -0.0215843
106.114 -0.019606
106.246 -0.0104771
106.378 -0.00527583
106.509 0.00532009
106.641 -0.00655289
106.773 -0.00536351
106.905 -0.00744624
107.036 -0.010799
107.168 -0.0119729
107.3 -0.00931217
107.432 -0.00455771
107.563 -0.00132516
107.695 -0.00847661
107.827 -0.00847661
107.959 -0.00847661
108.09 -0.00847661
108.222 -0.00847661
108.354 -0.00847661
108.486 -0.00847661
108.617 -0.00847661
108.749 -0.00847661
108.881 -0.00847661
109.013 -0.00847661
109.144 -0.00847661
109.276 -0.00847661
109.408 -0.00847661
109.54 -0.00847661
109.671 -0.00847661
109.803 -0.00847661
109.935 -0.00847661
110.067 -0.00847661
110.198 -0.00847661
110.33 -0.00847661
110.462 -0.00847661
110.594 -0.00847661
110.725 -0.00847661
110.857 -0.00847661
110.989 -0.00847661
111.121 -0.00847661
111.252 -0.00847661
111.384 -0.00847661
111.516 -0.00847661
111.648 -0.00847661
111.779 -0.00847661
111.911 -0.00847661
112.043 -0.00847661
112.175 -0.00847661
112.306 -0.00847661
112.438 -0.00847661
112.57 -0.00847661
112.702 -0.00847661
112.833 -0.00847661
112.965 -0.00847661
113.097 -0.00847661
113.229 -0.00847661
113.36 -0.00847661
113.492 -0.00847661
113.624 -0.00847661
113.756 -0.00847661
113.887 -0.00847661
114.019 -0.00847661
114.151 -0.00847661
114.283 -0.00847661
114.414 -0.00847661
114.546 -0.00847661
114.678 -0.00847661
114.81 -0.00847661
114.941 -0.00847661
115.073 -0.00847661
115.205 -0.00847661
115.337 -0.00847661
115.468 -0.00847661
115.6 -0.00847661
115.732 -0.00847661
115.864 -0.00847661
115.995 -0.00847661
116.127 -0.00847661
116.259 -0.00847661
116.391 -0.00847661
116.523 -0.00847661
116.654 -0.00847661
116.786 -0.00847661
116.918 -0.00847661
117.05 -0.00847661
117.181 -0.00847661
117.313 -0.00847661
117.445 -0.00847661
117.577 -0.00847661
117.708 -0.00847661
117.84 -0.00847661
117.972 -0.00847661
118.104 -0.00847661
118.235 -0.00847661
118.367 -0.00847661
118.499 -0.00847661
118.631 -0.00847661
118.762 -0.00847661
118.894 -0.00847661
119.026 -0.00847661
119.158 -0.00847661
119.289 -0.00847661
119.421 -0.00847661
119.553 -0.00847661
119.685 -0.00847661
119.816 -0.00847661
119.948 -0.00847661
120.08 -0.00847661
120.212 -0.00847661
120.343 -0.00847661
120.475 -0.00847661
120.607 -0.00847661
120.739 -0.00847661
120.87 -0.00847661
121.002 -0.00847661
121.134 -0.00847661
121.266 -0.00847661
121.397 -0.00847661
121.529 -0.00847661
121.661 -0.00847661
121.793 -0.00847661
121.924 -0.00847661
122.056 -0.00847661
122.188 -0.00847661
122.32 -0.00847661
122.451 -0.00847661
122.583 -0.00847661
122.715 -0.00847661
122.847 -0.00847661
122.978 -0.00847661
123.11 -0.00847661
123.242 -0.00847661
123.374 -0.00847661
123.505 -0.00847661
123.637 -0.00847661
123.769 -0.00847661
123.901 -0.00847661
124.032 -0.00847661
124.164 -0.00847661
124.296 -0.00847661
124.428 -0.00847661
124.559 -0.00847661
124.691 -0.00847661
124.823 -0.00847661
124.955 -0.00847661
125.086 -0.00847661
125.218 -0.00847661
125.35 -0.00847661
125.482 -0.00847661
125.613 -0.00847661
125.745 -0.00847661
125.877 -0.00847661
126.009 -0.00847661
126.14 -0.00847661
126.272 -0.00847661
126.404 -0.00847661
126.536 -0.00847661
126.667 -0.00847661
126.799 -0.00847661
126.931 -0.00847661
127.063 -0.00847661
127.194 -0.00847661
127.326 -0.00847661
127.458 -0.00847661
127.59 -0.00847661
127.721 -0.00847661
127.853 -0.00847661
127.985 -0.00847661
128.117 -0.00847661
128.248 -0.00847661
128.38 -0.00847661
128.512 -0.00847661
128.644 -0.00847661
128.775 -0.00847661
128.907 -0.00847661
129.039 -0.00847661
129.171 -0.00847661
129.302 -0.00847661
129.434 -0.00847661
129.566 -0.00847661
