-6.03826 -0.229084
-5.9065 -0.320664
-5.77475 -0.337276
-5.643 -0.328148
-5.51125 -0.275572
-5.37949 -0.218718
-5.24774 -0.124837
-5.11599 -0.0274926
-4.98424 0.0926962
-4.85249 0.264044
-4.72073 0.46357
-4.58898 0.643035
-4.45723 0.808334
-4.32548 0.977231
-4.19372 1.00787
-4.06197 0.907158
-3.93022 0.61839
-3.79847 0.137172
-3.66671 -0.326648
-3.53496 -0.813399
-3.40321 -1.05866
-3.27146 -1.0552
-3.13971 -0.825116
-3.00795 -0.382733
-2.8762 0.174471
-2.74445 0.699605
-2.6127 1.13681
-2.48094 1.38734
-2.34919 1.48183
-2.21744 1.32707
-2.08569 1.01527
-1.95393 0.583651
-1.82218 0.116205
-1.69043 -0.360179
-1.55868 -0.83892
-1.42693 -1.21601
-1.29517 -1.43145
-1.16342 -1.45376
-1.03167 -1.276
-0.899916 -0.959669
-0.768164 -0.644965
-0.636411 -0.299302
-0.504659 0.0649458
-0.372907 0.432137
-0.241155 0.771129
-0.109402 1.04672
0.0223501 1.25152
0.154102 1.35961
0.285855 1.28792
0.417607 1.06347
0.549359 0.803405
0.681112 0.534916
0.812864 0.363617
0.944616 0.293704
1.07637 0.280542
1.20812 0.33393
1.33987 0.390041
1.47163 0.335539
1.60338 0.170396
1.73513 -0.118352
1.86688 -0.462668
1.99863 -0.726658
2.13039 -0.838607
2.26214 -0.734969
2.39389 -0.434742
2.52564 0.0205356
2.6574 0.465934
2.78915 0.849931
2.9209 1.08752
3.05265 1.06231
3.18441 0.747146
3.31616 0.271017
3.44791 -0.195955
3.57966 -0.582618
3.71141 -0.748072
3.84317 -0.747163
3.97492 -0.668961
4.10667 -0.63867
4.23842 -0.564398
4.37018 -0.448526
4.50193 -0.253697
4.63368 -0.0671856
4.76543 0.124018
4.89719 0.34554
5.02894 0.627937
5.16069 0.937786
5.29244 1.2104
5.42419 1.40396
5.55595 1.51953
5.6877 1.56813
5.81945 1.60081
5.9512 1.6819
6.08296 1.7138
6.21471 1.45751
6.34646 0.908063
6.47821 0.246194
6.60997 -0.40043
6.74172 -0.8931
6.87347 -1.21507
7.00522 -1.47628
7.13697 -1.60267
7.26873 -1.62431
7.40048 -1.42491
7.53223 -1.0661
7.66398 -0.658368
7.79574 -0.280101
7.92749 0.0499565
8.05924 0.399158
8.19099 0.862674
8.32275 1.37091
8.4545 1.84978
8.58625 2.09464
8.718 2.00992
8.84975 1.69915
8.98151 1.13545
9.11326 0.447589
9.24501 -0.251662
9.37676 -0.980369
9.50852 -1.52498
9.64027 -1.75683
9.77202 -1.65633
9.90377 -1.22176
10.0355 -0.648772
10.1673 -0.0438285
10.299 0.505399
10.4308 0.981658
10.5625 1.40114
10.6943 1.66574
10.826 1.78585
10.9578 1.75897
11.0895 1.65032
11.2213 1.52429
11.353 1.44786
11.4848 1.2688
11.6166 0.995759
11.7483 0.51747
11.8801 -0.0451441
12.0118 -0.598786
12.1436 -1.07644
12.2753 -1.41752
12.4071 -1.64566
12.5388 -1.66504
12.6706 -1.45862
12.8023 -1.05528
12.9341 -0.551724
13.0658 -0.193271
13.1976 0.0468693
13.3293 0.201502
13.4611 0.411559
13.5928 0.721655
13.7246 1.00753
13.8563 1.14572
13.9881 1.10109
14.1198 0.991402
14.2516 0.974577
14.3834 1.08297
14.5151 1.17533
14.6469 1.05982
14.7786 0.675264
14.9104 0.158225
15.0421 -0.26671
15.1739 -0.465973
15.3056 -0.47702
15.4374 -0.426387
15.5691 -0.383947
15.7009 -0.30486
15.8326 -0.108006
15.9644 0.205988
16.0961 0.529895
16.2279 0.744229
16.3596 0.825913
16.4914 0.852503
16.6231 0.899549
16.7549 0.947227
16.8866 0.903063
17.0184 0.718471
17.1501 0.468193
17.2819 0.29475
17.4137 0.26489
17.5454 0.287986
17.6772 0.192448
17.8089 -0.104956
17.9407 -0.503784
18.0724 -0.797645
18.2042 -0.851825
18.3359 -0.707511
18.4677 -0.515412
18.5994 -0.375693
18.7312 -0.25257
18.8629 -0.0465022
18.9947 0.263617
19.1264 0.569965
19.2582 0.73735
19.3899 0.748493
19.5217 0.730752
19.6534 0.824337
19.7852 1.0237
19.9169 1.16103
20.0487 1.0588
20.1805 0.702826
20.3122 0.26239
20.444 -0.0609072
20.5757 -0.199829
20.7075 -0.237395
20.8392 -0.26877
20.971 -0.269426
21.1027 -0.118677
21.2345 0.246299
21.3662 0.719674
21.498 1.09258
21.6297 1.23726
21.7615 1.21537
21.8932 1.18818
22.025 1.21748
22.1567 1.17316
22.2885 0.860191
22.4202 0.245237
22.552 -0.456416
22.6837 -0.941297
22.8155 -1.07873
22.9473 -1.01188
23.079 -0.992937
23.2108 -1.11753
23.3425 -1.22997
23.4743 -1.09645
23.606 -0.664195
23.7378 -0.132083
23.8695 0.245505
24.0013 0.416942
24.133 0.577849
24.2648 0.947983
24.3965 1.5125
24.5283 2.00503
24.66 2.15892
24.7918 1.96582
24.9235 1.66518
25.0553 1.47112
25.187 1.33024
25.3188 0.98364
25.4505 0.285566
25.5823 -0.557496
25.714 -1.10515
25.8458 -1.07212
25.9776 -0.604599
26.1093 -0.152515
26.2411 -0.0503338
26.3728 -0.222974
26.5046 -0.312187
26.6363 -0.0854507
26.7681 0.307628
26.8998 0.506888
27.0316 0.356537
27.1633 0.103931
27.2951 0.141043
27.4268 0.546738
27.5586 0.936432
27.6903 0.830089
27.8221 0.190617
27.9538 -0.446167
28.0856 -0.448621
28.2173 0.262795
28.3491 1.05978
28.4808 1.14482
28.6126 0.274193
28.7444 -1.06458
28.8761 -2.20157
29.0079 -2.94972
29.1396 -3.58956
29.2714 -4.07615
29.4031 -3.3148
29.5349 0.456741
29.6666 8.05142
29.7984 17.6253
29.9301 24.4618
30.0619 22.9075
30.1936 9.52723
30.3254 -14.4117
30.4571 -42.5879
30.5889 -65.5358
30.7206 -73.8293
30.8524 -61.3607
30.9841 -27.9267
31.1159 19.4718
31.2476 67.4418
31.3794 99.8693
31.5112 104.024
31.6429 76.6873
31.7747 26.7288
31.9064 -28.2455
32.0382 -70.0706
32.1699 -88.5071
32.3017 -84.8916
32.4334 -68.887
32.5652 -50.9693
32.6969 -36.0656
32.8287 -22.4709
32.9604 -5.90308
33.0922 15.2333
33.2239 37.6801
33.3557 55.5218
33.4874 64.341
33.6192 63.6941
33.7509 56.2179
33.8827 44.7742
34.0144 30.4891
34.1462 13.2627
34.2779 -6.20907
34.4097 -25.2256
34.5415 -40.0441
34.6732 -48.1777
34.805 -49.9054
34.9367 -47.6413
35.0685 -43.7894
35.2002 -39.011
35.332 -32.307
35.4637 -22.5966
35.5955 -10.2101
35.7272 3.00455
35.859 14.8602
35.9907 24.0766
36.1225 30.5303
36.2542 34.5496
36.386 36.1826
36.5177 35.2097
36.6495 31.7516
36.7812 26.6524
36.913 21.0777
37.0447 15.6433
37.1765 9.95878
37.3083 3.1233
37.44 -5.20629
37.5718 -14.1386
37.7035 -21.9039
37.8353 -26.9611
37.967 -28.9227
38.0988 -28.5699
38.2305 -27.0558
38.3623 -25.0538
38.494 -22.5365
38.6258 -19.207
38.7575 -15.0351
38.8893 -10.3715
39.021 -5.62232
39.1528 -0.914439
39.2845 3.86975
39.4163 8.74252
39.548 13.3475
39.6798 17.0902
39.8115 19.5537
39.9433 20.7933
40.0751 21.2175
40.2068 21.1715
40.3386 20.62
40.4703 19.2193
40.6021 16.6856
40.7338 13.0961
40.8656 8.85286
40.9973 4.37952
41.1291 -0.12723
41.2608 -4.65417
41.3926 -9.10971
41.5243 -13.1415
41.6561 -16.2505
41.7878 -18.1211
41.9196 -18.8646
42.0513 -18.9425
42.1831 -18.8178
42.3148 -18.618
42.4466 -18.068
42.5783 -16.7131
42.7101 -14.2267
42.8418 -10.5757
42.9736 -5.99148
43.1054 -0.861727
43.2371 4.32523
43.3689 8.98441
43.5006 12.4984
43.6324 14.4144
43.7641 14.6879
43.8959 13.7763
44.0276 12.4533
44.1594 11.4244
44.2911 10.9961
44.4229 11.0189
44.5546 11.1133
44.6864 10.9722
44.8181 10.4965
44.9499 9.69529
45.0816 8.5002
45.2134 6.7142
45.3451 4.16857
45.4769 0.946917
45.6086 -2.55324
45.7404 -5.81802
45.8722 -8.53386
46.0039 -10.7581
46.1357 -12.7863
46.2674 -14.8147
46.3992 -16.6761
46.5309 -17.8739
46.6627 -17.8919
46.7944 -16.5354
46.9262 -14.0428
47.0579 -10.9107
47.1897 -7.60256
47.3214 -4.37635
47.4532 -1.3247
47.5849 1.48041
47.7167 3.91675
47.8484 5.8859
47.9802 7.43569
48.1119 8.77646
48.2437 10.1404
48.3754 11.5919
48.5072 12.9512
48.639 13.896
48.7707 14.1507
48.9025 13.6121
49.0342 12.3397
49.166 10.4696
49.2977 8.15905
49.4295 5.60171
49.5612 3.0493
49.693 0.758797
49.8247 -1.12661
49.9565 -2.65823
50.0882 -4.02664
50.22 -5.3903
50.3517 -6.7239
50.4835 -7.81844
50.6152 -8.43652
50.747 -8.49228
50.8787 -8.11068
51.0105 -7.53525
51.1422 -6.9825
51.274 -6.56441
51.4057 -6.30859
51.5375 -6.20344
51.6693 -6.19155
51.801 -6.12354
51.9328 -5.76136
52.0645 -4.8885
52.1963 -3.46778
52.328 -1.70721
52.4598 0.0530311
52.5915 1.56639
52.7233 2.84044
52.855 4.09441
52.9868 5.5428
53.1185 7.18083
53.2503 8.74469
53.382 9.8719
53.5138 10.3285
53.6455 10.1313
53.7773 9.49664
53.909 8.6831
54.0408 7.8565
54.1725 7.05046
54.3043 6.20673
54.4361 5.23416
54.5678 4.04898
54.6996 2.60158
54.8313 0.904511
54.9631 -0.948514
55.0948 -2.7992
55.2266 -4.48244
55.3583 -5.89178
55.4901 -7.0064
55.6218 -7.86365
55.7536 -8.50543
55.8853 -8.94045
56.0171 -9.13974
56.1488 -9.05173
56.2806 -8.61966
56.4123 -7.80339
56.5441 -6.61477
56.6758 -5.15294
56.8076 -3.59961
56.9393 -2.14844
57.0711 -0.901561
57.2029 0.18427
57.3346 1.24097
57.4664 2.35292
57.5981 3.45455
57.7299 4.36116
57.8616 4.92009
57.9934 5.15424
58.1251 5.26427
58.2569 5.4752
58.3886 5.8533
58.5204 6.25123
58.6521 6.42901
58.7839 6.24561
58.9156 5.75923
59.0474 5.1624
59.1791 4.62452
59.3109 4.18334
59.4426 3.76342
59.5744 3.27569
59.7061 2.69004
59.8379 2.02287
59.9696 1.28017
60.1014 0.437895
60.2332 -0.51237
60.3649 -1.50753
60.4967 -2.42148
60.6284 -3.14594
60.7602 -3.67098
60.8919 -4.08494
61.0237 -4.49089
61.1554 -4.91877
61.2872 -5.31451
61.4189 -5.60807
61.5507 -5.78248
61.6824 -5.86943
61.8142 -5.87831
61.9459 -5.73959
62.0777 -5.33223
62.2094 -4.57937
62.3412 -3.52437
62.4729 -2.3143
62.6047 -1.10537
62.7364 0.0243653
62.8682 1.08366
63 2.10795
63.1317 3.1022
63.2635 4.041
63.3952 4.90711
63.527 5.70373
63.6587 6.40879
63.7905 6.91702
63.9222 7.05266
64.054 6.68346
64.1857 5.86768
64.3175 4.91096
64.4492 4.25608
64.581 4.24337
64.7127 4.8743
64.8445 5.72102
64.9762 6.0509
65.108 5.13201
65.2397 2.60081
65.3715 -1.26768
65.5032 -5.53559
65.635 -8.89356
65.7668 -10.1929
65.8985 -8.98873
66.0303 -5.80104
66.162 -1.91485
66.2938 1.20684
66.4255 2.58013
66.5573 2.0608
66.689 0.235182
66.8208 -2.02796
66.9525 -4.03949
67.0843 -5.4923
67.216 -6.36435
67.3478 -6.70043
67.4795 -6.48743
67.6113 -5.69634
67.743 -4.39461
67.8748 -2.78474
68.0065 -1.12101
68.1383 0.416946
68.27 1.77896
68.4018 2.99114
68.5335 4.06078
68.6653 4.93319
68.7971 5.52981
68.9288 5.81552
69.0606 5.82476
69.1923 5.6292
69.3241 5.29118
69.4558 4.85188
69.5876 4.35562
69.7193 3.86688
69.8511 3.44628
69.9828 3.10128
70.1146 2.76281
70.2463 2.32002
70.3781 1.69177
70.5098 0.879953
70.6416 -0.0318821
70.7733 -0.921905
70.9051 -1.67434
71.0368 -2.19972
71.1686 -2.44224
71.3003 -2.39821
71.4321 -2.14387
71.5639 -1.83922
71.6956 -1.67716
71.8274 -1.79082
71.9591 -2.17653
72.0909 -2.69013
72.2226 -3.12436
72.3544 -3.31605
72.4861 -3.21421
72.6179 -2.87461
72.7496 -2.40196
72.8814 -1.88974
73.0131 -1.39466
73.1449 -0.946255
73.2766 -0.567297
73.4084 -0.281266
73.5401 -0.101278
73.6719 -0.0110649
73.8036 0.0462904
73.9354 0.160387
74.0671 0.424023
74.1989 0.892082
74.3307 1.55
74.4624 2.31404
74.5942 3.06891
74.7259 3.72114
74.8577 4.23138
74.9894 4.60269
75.1212 4.8388
75.2529 4.91329
75.3847 4.78144
75.5164 4.42519
75.6482 3.8872
75.7799 3.25643
75.9117 2.61179
76.0434 1.97168
76.1752 1.29439
76.3069 0.529732
76.4387 -0.323209
76.5704 -1.2007
76.7022 -2.00943
76.8339 -2.6768
76.9657 -3.17484
77.0974 -3.50849
77.2292 -3.69292
77.361 -3.74629
77.4927 -3.69719
77.6245 -3.58457
77.7562 -3.43796
77.888 -3.25487
78.0197 -3.00405
78.1515 -2.65959
78.2832 -2.23527
78.415 -1.78155
78.5467 -1.34264
78.6785 -0.914427
78.8102 -0.448618
78.942 0.0952545
79.0737 0.698926
79.2055 1.2886
79.3372 1.79425
79.469 2.20981
79.6007 2.59411
79.7325 3.008
79.8642 3.4459
79.996 3.82734
80.1278 4.05709
80.2595 4.0975
80.3913 3.98619
80.523 3.7873
80.6548 3.52087
80.7865 3.17225
80.9183 2.69256
81.05 2.07756
81.1818 1.33973
81.3135 0.607876
81.4453 -0.102204
81.577 -0.737802
81.7088 -1.24264
81.8405 -1.55135
81.9723 -1.6245
82.104 -1.54815
82.2358 -1.43355
82.3675 -1.49035
82.4993 -1.79775
82.631 -2.2806
82.7628 -2.74965
82.8946 -2.98631
83.0263 -2.9158
83.1581 -2.52301
83.2898 -1.93274
83.4216 -1.2456
83.5533 -0.498531
83.6851 0.138455
83.8168 0.66101
83.9486 0.972917
84.0803 1.0929
84.2121 1.08727
84.3438 1.07498
84.4756 1.09355
84.6073 1.10224
84.7391 1.08004
84.8708 1.01228
85.0026 0.970631
85.1343 0.970718
85.2661 1.05395
85.3978 1.15786
85.5296 1.21177
85.6613 1.24727
85.7931 1.28996
85.9249 1.38261
86.0566 1.42079
86.1884 1.32745
86.3201 1.06368
86.4519 0.683008
86.5836 0.362205
86.7154 0.209897
86.8471 0.164263
86.9789 0.151184
87.1106 0.102294
87.2424 0.0385007
87.3741 0.0148715
87.5059 0.0524997
87.6376 0.0951576
87.7694 0.101886
87.9011 -0.00420533
88.0329 -0.191636
88.1646 -0.420541
88.2964 -0.660742
88.4281 -0.915485
88.5599 -1.20453
88.6917 -1.34358
88.8234 -1.32512
88.9552 -1.15883
89.0869 -0.842938
89.2187 -0.481569
89.3504 -0.208519
89.4822 -0.0795964
89.6139 -0.0639528
89.7457 0.0315637
89.8774 0.206109
90.0092 0.446558
90.1409 0.616223
90.2727 0.721709
90.4044 0.785788
90.5362 0.865731
90.6679 0.923572
90.7997 0.939462
90.9314 0.825939
91.0632 0.624709
91.1949 0.484376
91.3267 0.411668
91.4585 0.442708
91.5902 0.460467
91.722 0.446892
91.8537 0.337506
91.9855 0.248223
92.1172 0.197414
92.249 0.260999
92.3807 0.322356
92.5125 0.375262
92.6442 0.378379
92.776 0.318948
92.9077 0.307026
93.0395 0.314665
93.1712 0.308897
93.303 0.26651
93.4347 0.187668
93.5665 0.126392
93.6982 0.0742814
93.83 0.0138129
93.9617 -0.104718
94.0935 -0.255759
94.2252 -0.453671
94.357 -0.563621
94.4888 -0.558654
94.6205 -0.429034
94.7523 -0.280778
94.884 -0.137041
95.0158 -0.0270086
95.1475 0.0344224
95.2793 0.0630238
95.411 0.066724
95.5428 -0.00229529
95.6745 -0.167804
95.8063 -0.258594
95.938 -0.255399
96.0698 -0.110131
96.2015 0.153598
96.3333 0.329703
96.465 0.527449
96.5968 0.591569
96.7285 0.597126
96.8603 0.570757
96.992 0.461427
97.1238 0.283432
97.2556 0.126043
97.3873 0.0120172
97.5191 0.00209245
97.6508 0.0101899
97.7826 0.0825173
97.9143 0.127054
98.0461 0.161718
98.1778 0.178201
98.3096 0.204051
98.4413 0.259081
98.5731 0.267791
98.7048 0.225887
98.8366 0.166167
98.9683 0.103556
99.1001 0.0498025
99.2318 0.0556486
99.3636 0.0296242
99.4953 -0.0034278
99.6271 0.0218017
99.7588 0.142083
99.8906 0.304845
100.022 0.372947
100.154 0.267958
100.286 0.0833849
100.418 -0.0923574
100.549 -0.234468
100.681 -0.276401
100.813 -0.293277
100.945 -0.28815
101.076 -0.217951
101.208 -0.112095
101.34 0.0228683
101.472 0.18301
101.603 0.263768
101.735 0.258787
101.867 0.187607
101.999 0.0593255
102.13 -0.0720339
102.262 -0.20563
102.394 -0.309764
102.526 -0.359056
102.657 -0.240824
102.789 -0.0216084
102.921 0.201466
103.053 0.368818
103.184 0.442933
103.316 0.396146
103.448 0.27299
103.58 0.202419
103.711 0.124797
103.843 0.052897
103.975 -0.00840754
104.107 0.0216727
104.238 0.0591303
104.37 0.118694
104.502 0.139508
104.634 0.165017
104.765 0.166921
104.897 0.151641
105.029 0.127872
105.161 0.118131
105.292 0.118967
105.424 0.105501
105.556 0.0758985
105.688 0.0803019
105.819 0.112977
105.951 0.0654911
106.083 -0.0838619
106.215 -0.189113
106.346 -0.216279
106.478 -0.200666
106.61 -0.114572
106.742 -0.0385643
106.873 -0.0345284
107.005 -0.0459676
107.137 -0.115797
107.269 -0.108168
107.4 -0.0658243
107.532 0.0202874
107.664 0.103366
107.796 0.124732
107.927 0.0966027
108.059 0.0628273
108.191 0.030946
108.323 0.0444184
108.454 0.0199728
108.586 -0.0131241
108.718 -0.0329397
108.85 -0.0924839
108.982 -0.0653226
109.113 -0.0110787
109.245 -0.00580985
109.377 0.0347937
109.509 0.0308663
109.64 0.00711569
109.772 0.0177586
109.904 0.000250505
110.036 -0.000299345
110.167 -0.015464
110.299 -0.0193834
110.431 -0.00425879
110.563 -0.00946221
110.694 0.00321157
110.826 -0.0236821
110.958 -0.0587829
111.09 -0.0673115
111.221 -0.0257693
111.353 -0.00897306
111.485 0.0346123
111.617 -0.00472423
111.748 -0.0224629
111.88 -0.0436405
112.012 -0.0408616
112.144 -0.0140103
112.275 -0.0123182
112.407 0.00335315
112.539 -0.00665321
112.671 -0.00628345
112.802 0.000964047
112.934 -0.0273099
113.066 -0.00585519
113.198 -0.019349
113.329 -0.0182754
113.461 -0.0152095
113.593 -0.0200087
113.725 -0.0120772
113.856 -0.00966421
113.988 -0.00966421
114.12 -0.00966421
114.252 -0.00966421
114.383 -0.00966421
114.515 -0.00966421
114.647 -0.00966421
114.779 -0.00966421
114.91 -0.00966421
115.042 -0.00966421
115.174 -0.00966421
115.306 -0.00966421
115.437 -0.00966421
115.569 -0.00966421
115.701 -0.00966421
115.833 -0.00966421
115.964 -0.00966421
116.096 -0.00966421
116.228 -0.00966421
116.36 -0.00966421
116.491 -0.00966421
116.623 -0.00966421
116.755 -0.00966421
116.887 -0.00966421
117.018 -0.00966421
117.15 -0.00966421
117.282 -0.00966421
117.414 -0.00966421
117.545 -0.00966421
117.677 -0.00966421
117.809 -0.00966421
117.941 -0.00966421
118.072 -0.00966421
118.204 -0.00966421
118.336 -0.00966421
118.468 -0.00966421
118.599 -0.00966421
118.731 -0.00966421
118.863 -0.00966421
118.995 -0.00966421
119.126 -0.00966421
119.258 -0.00966421
119.39 -0.00966421
119.522 -0.00966421
119.653 -0.00966421
119.785 -0.00966421
119.917 -0.00966421
120.049 -0.00966421
120.18 -0.00966421
120.312 -0.00966421
120.444 -0.00966421
120.576 -0.00966421
120.707 -0.00966421
120.839 -0.00966421
120.971 -0.00966421
121.103 -0.00966421
121.234 -0.00966421
121.366 -0.00966421
121.498 -0.00966421
121.63 -0.00966421
121.761 -0.00966421
121.893 -0.00966421
122.025 -0.00966421
122.157 -0.00966421
122.288 -0.00966421
122.42 -0.00966421
122.552 -0.00966421
122.684 -0.00966421
122.815 -0.00966421
122.947 -0.00966421
123.079 -0.00966421
123.211 -0.00966421
123.343 -0.00966421
123.474 -0.00966421
123.606 -0.00966421
123.738 -0.00966421
123.87 -0.00966421
124.001 -0.00966421
124.133 -0.00966421
124.265 -0.00966421
124.397 -0.00966421
124.528 -0.00966421
124.66 -0.00966421
124.792 -0.00966421
124.924 -0.00966421
125.055 -0.00966421
125.187 -0.00966421
125.319 -0.00966421
125.451 -0.00966421
125.582 -0.00966421
125.714 -0.00966421
125.846 -0.00966421
125.978 -0.00966421
126.109 -0.00966421
126.241 -0.00966421
126.373 -0.00966421
126.505 -0.00966421
126.636 -0.00966421
126.768 -0.00966421
126.9 -0.00966421
127.032 -0.00966421
127.163 -0.00966421
127.295 -0.00966421
127.427 -0.00966421
127.559 -0.00966421
127.69 -0.00966421
127.822 -0.00966421
127.954 -0.00966421
128.086 -0.00966421
128.217 -0.00966421
128.349 -0.00966421
128.481 -0.00966421
128.613 -0.00966421
128.744 -0.00966421
