-5.18433 -0.692865
-5.05258 -0.314564
-4.92082 0.0123512
-4.78907 0.15793
-4.65732 0.134594
-4.52557 0.0709803
-4.39382 0.0451732
-4.26206 0.105736
-4.13031 0.207504
-3.99856 0.292236
-3.86681 0.293807
-3.73505 0.203925
-3.6033 0.118077
-3.47155 0.0237129
-3.3398 -0.0873522
-3.20804 -0.218262
-3.07629 -0.337636
-2.94454 -0.446977
-2.81279 -0.441754
-2.68104 -0.304299
-2.54928 -0.097492
-2.41753 0.153667
-2.28578 0.488666
-2.15403 0.83832
-2.02227 1.18707
-1.89052 1.52104
-1.75877 1.77262
-1.62702 1.95593
-1.49526 2.06258
-1.36351 2.03876
-1.23176 1.8011
-1.10001 1.32796
-0.968255 0.578553
-0.836503 -0.250864
-0.704751 -1.07473
-0.572998 -1.59441
-0.441246 -1.84581
-0.309494 -1.85794
-0.177741 -1.76034
-0.0459891 -1.52313
0.0857632 -1.18509
0.217516 -0.811682
0.349268 -0.443785
0.48102 -0.170072
0.612772 0.0858324
0.744525 0.391064
0.876277 0.882915
1.00803 1.45441
1.13978 1.9615
1.27153 2.17234
1.40329 1.95478
1.53504 1.42288
1.66679 0.765172
1.79854 0.131771
1.9303 -0.382819
2.06205 -0.742606
2.1938 -0.963932
2.32555 -1.07329
2.4573 -1.02518
2.58906 -0.801051
2.72081 -0.470401
2.85256 -0.0550541
2.98431 0.437948
3.11607 1.00067
3.24782 1.69132
3.37957 2.32305
3.51132 2.67377
3.64308 2.62027
3.77483 2.17167
3.90658 1.53532
4.03833 0.811554
4.17008 0.164122
4.30184 -0.467902
4.43359 -1.00673
4.56534 -1.39052
4.69709 -1.59928
4.82885 -1.61586
4.9606 -1.44199
5.09235 -1.21082
5.2241 -0.951225
5.35586 -0.731409
5.48761 -0.448742
5.61936 -0.0578263
5.75111 0.354446
5.88286 0.721476
6.01462 1.06467
6.14637 1.40963
6.27812 1.67341
6.40987 1.82867
6.54163 1.70954
6.67338 1.2513
6.80513 0.646912
6.93688 0.133302
7.06864 -0.177771
7.20039 -0.27791
7.33214 -0.232285
7.46389 -0.157613
7.59564 -0.0633051
7.7274 0.0207095
7.85915 0.119946
7.9909 0.209144
8.12265 0.174313
8.25441 0.103099
8.38616 0.165331
8.51791 0.455312
8.64966 0.963189
8.78142 1.50602
8.91317 1.86882
9.04492 1.93651
9.17667 1.76423
9.30842 1.4634
9.44018 1.1629
9.57193 0.784591
9.70368 0.245973
9.83543 -0.43938
9.96719 -1.1623
10.0989 -1.75777
10.2307 -2.11299
10.3624 -2.18529
10.4942 -2.02902
10.6259 -1.64932
10.7577 -1.06069
10.8895 -0.292844
11.0212 0.513829
11.153 1.1738
11.2847 1.58053
11.4165 1.76817
11.5482 1.88472
11.68 2.00292
11.8117 2.04191
11.9435 1.89633
12.0752 1.52771
12.207 1.02917
12.3387 0.551197
12.4705 0.156367
12.6022 -0.200009
12.734 -0.588639
12.8657 -0.97383
12.9975 -1.19347
13.1292 -1.084
13.261 -0.633495
13.3927 -0.0100468
13.5245 0.565828
13.6563 0.981337
13.788 1.27205
13.9198 1.5174
14.0515 1.71375
14.1833 1.76265
14.315 1.58169
14.4468 1.20995
14.5785 0.786878
14.7103 0.423591
14.842 0.107471
14.9738 -0.251248
15.1055 -0.677136
15.2373 -1.04957
15.369 -1.18621
15.5008 -1.0186
15.6325 -0.681473
15.7643 -0.413908
15.896 -0.35797
16.0278 -0.446275
16.1595 -0.482706
16.2913 -0.328695
16.423 -0.00867539
16.5548 0.357252
16.6866 0.700572
16.8183 1.06033
16.9501 1.48653
17.0818 1.90721
17.2136 2.12524
17.3453 1.97548
17.4771 1.49298
17.6088 0.915475
17.7406 0.503355
17.8723 0.344786
18.0041 0.328528
18.1358 0.295093
18.2676 0.199081
18.3993 0.117922
18.5311 0.118534
18.6628 0.149904
18.7946 0.0949608
18.9263 -0.0726503
19.0581 -0.212706
19.1898 -0.131679
19.3216 0.216695
19.4534 0.65762
19.5851 0.942011
19.7169 0.972284
19.8486 0.869289
19.9804 0.802671
20.1121 0.764908
20.2439 0.546567
20.3756 -0.0328463
20.5074 -0.866859
20.6391 -1.56396
20.7709 -1.74818
20.9026 -1.38404
21.0344 -0.802707
21.1661 -0.391
21.2979 -0.242662
21.4296 -0.11411
21.5614 0.28051
21.6931 0.946297
21.8249 1.59289
21.9566 1.93684
22.0884 1.99073
22.2202 2.0196
22.3519 2.20433
22.4837 2.38068
22.6154 2.16232
22.7472 1.35198
22.8789 0.217452
23.0107 -0.680702
23.1424 -0.967918
23.2742 -0.768214
23.4059 -0.53085
23.5377 -0.54869
23.6694 -0.672197
23.8012 -0.522823
23.9329 0.023733
24.0647 0.619081
24.1964 0.757685
24.3282 0.317763
24.4599 -0.257917
24.5917 -0.378413
24.7234 0.0824977
24.8552 0.628594
24.9869 0.649321
25.1187 0.095279
25.2505 -0.405301
25.3822 -0.174018
25.514 0.750975
25.6457 1.51927
25.7775 1.20553
25.9092 -0.329927
26.041 -2.33609
26.1727 -3.92455
26.3045 -4.83031
26.4362 -5.25009
26.568 -4.83524
26.6997 -2.04733
26.8315 4.92612
26.9632 15.9027
27.095 26.9063
27.2267 30.8764
27.3585 21.2424
27.4902 -3.61499
27.622 -38.0123
27.7537 -70.4897
27.8855 -88.4495
28.0173 -83.3099
28.149 -53.7043
28.2808 -5.8598
28.4125 48.221
28.5443 93.8349
28.676 117.441
28.8078 110.924
28.9395 75.0518
29.0713 20.1464
29.203 -37.3686
29.3348 -81.5766
29.4665 -103.456
29.5983 -103.357
29.73 -88.3168
29.8618 -66.4821
29.9935 -42.7139
30.1253 -18.0603
30.257 7.53969
30.3888 32.4093
30.5205 52.811
30.6523 65.1553
30.7841 68.3997
30.9158 64.3368
31.0476 55.6583
31.1793 43.7978
31.3111 28.6188
31.4428 10.0665
31.5746 -10.0573
31.7063 -28.1317
31.8381 -40.6928
31.9698 -46.5767
32.1016 -47.2948
32.2333 -45.3746
32.3651 -42.2544
32.4968 -37.5992
32.6286 -30.4343
32.7603 -20.7692
32.8921 -10.0534
33.0238 -0.0922981
33.1556 8.3863
33.2873 16.0298
33.4191 23.7271
33.5508 31.1984
33.6826 36.7403
33.8144 38.4234
33.9461 35.6438
34.0779 29.6127
34.2096 22.3917
34.3414 15.4127
34.4731 8.7987
34.6049 1.94405
34.7366 -5.3752
34.8684 -12.4792
35.0001 -18.2667
35.1319 -22.108
35.2636 -24.2305
35.3954 -25.2776
35.5271 -25.5746
35.6589 -24.87
35.7906 -22.7691
35.9224 -19.3477
36.0541 -15.2779
36.1859 -11.3299
36.3176 -7.75606
36.4494 -4.17165
36.5812 -0.0327262
36.7129 4.76646
36.8447 9.73351
36.9764 14.1486
37.1082 17.5526
37.2399 19.8893
37.3717 21.246
37.5034 21.5528
37.6352 20.5959
37.7669 18.3224
37.8987 15.0748
38.0304 11.4636
38.1622 7.96494
38.2939 4.63259
38.4257 1.2058
38.5574 -2.48998
38.6892 -6.24013
38.8209 -9.52482
38.9527 -11.9069
39.0844 -13.3639
39.2162 -14.2768
39.348 -15.1102
39.4797 -16.0707
39.6115 -16.9936
39.7432 -17.473
39.875 -17.0672
40.0067 -15.4373
40.1385 -12.4255
40.2702 -8.1473
40.402 -3.08677
40.5337 1.92922
40.6655 5.98117
40.7972 8.45149
40.929 9.31798
41.0607 9.12938
41.1925 8.6698
41.3242 8.54624
41.456 8.96637
41.5877 9.79742
41.7195 10.7801
41.8512 11.6986
41.983 12.4082
42.1147 12.7724
42.2465 12.6194
42.3783 11.7688
42.51 10.0993
42.6418 7.59975
42.7735 4.38469
42.9053 0.683275
43.037 -3.19296
43.1688 -6.91522
43.3005 -10.2262
43.4323 -12.9993
43.564 -15.21
43.6958 -16.8265
43.8275 -17.7155
43.9593 -17.6646
44.091 -16.5299
44.2228 -14.3913
44.3545 -11.5739
44.4863 -8.5062
44.618 -5.5286
44.7498 -2.80274
44.8815 -0.365153
45.0133 1.77321
45.1451 3.60716
45.2768 5.20924
45.4086 6.77579
45.5403 8.53202
45.6721 10.5275
45.8038 12.4962
45.9356 13.936
46.0673 14.3821
46.1991 13.6701
46.3308 11.9898
46.4626 9.71179
46.5943 7.16256
46.7261 4.53972
46.8578 1.99705
46.9896 -0.245545
47.1213 -1.92295
47.2531 -2.87914
47.3848 -3.20215
47.5166 -3.19271
47.6483 -3.17782
47.7801 -3.3289
47.9119 -3.63309
48.0436 -4.01319
48.1754 -4.45519
48.3071 -5.01637
48.4389 -5.72537
48.5706 -6.49765
48.7024 -7.16262
48.8341 -7.57121
48.9659 -7.6696
49.0976 -7.4714
49.2294 -6.97967
49.3611 -6.16289
49.4929 -5.01641
49.6246 -3.62706
49.7564 -2.13955
49.8881 -0.632738
50.0199 0.964762
50.1516 2.8001
50.2834 4.89635
50.4151 7.00885
50.5469 8.70025
50.6786 9.6069
50.8104 9.68375
50.9422 9.21719
51.0739 8.59442
51.2057 8.031
51.3374 7.48329
51.4692 6.79111
51.6009 5.885
51.7327 4.85333
51.8644 3.82444
51.9962 2.80961
52.1279 1.68396
52.2597 0.330715
52.3914 -1.20023
52.5232 -2.68713
52.6549 -3.8999
52.7867 -4.77941
52.9184 -5.46423
53.0502 -6.14438
53.1819 -6.88299
53.3137 -7.56553
53.4454 -8.00418
53.5772 -8.0813
53.709 -7.79914
53.8407 -7.21521
53.9725 -6.35827
54.1042 -5.22224
54.236 -3.8345
54.3677 -2.3082
54.4995 -0.8074
54.6312 0.546506
54.763 1.73119
54.8947 2.78517
55.0265 3.71911
55.1582 4.47492
55.29 4.97865
55.4217 5.23033
55.5535 5.33101
55.6852 5.40974
55.817 5.5173
55.9487 5.58922
56.0805 5.51268
56.2122 5.23009
56.344 4.78111
56.4758 4.25246
56.6075 3.6979
56.7393 3.11265
56.871 2.48057
57.0028 1.83177
57.1345 1.24007
57.2663 0.758651
57.398 0.362142
57.5298 -0.0408776
57.6615 -0.533646
57.7933 -1.12668
57.925 -1.76144
58.0568 -2.36879
58.1885 -2.91668
58.3203 -3.40207
58.452 -3.81019
58.5838 -4.10066
58.7155 -4.24497
58.8473 -4.27278
58.979 -4.2637
59.1108 -4.27465
59.2425 -4.26785
59.3743 -4.11749
59.5061 -3.70393
59.6378 -3.01756
59.7696 -2.1784
59.9013 -1.35113
60.0331 -0.628869
60.1648 0.0169259
60.2966 0.688268
60.4283 1.46857
60.5601 2.36649
60.6918 3.32353
60.8236 4.24698
60.9553 5.0218
61.0871 5.50613
61.2188 5.56173
61.3506 5.14729
61.4823 4.42378
61.6141 3.76529
61.7458 3.60669
61.8776 4.17728
62.0093 5.2779
62.1411 6.26617
62.2729 6.30594
62.4046 4.78044
62.5364 1.66304
62.6681 -2.35605
62.7999 -6.07883
62.9316 -8.27442
63.0634 -8.2109
63.1951 -5.98762
63.3269 -2.49316
63.4586 0.998025
63.5904 3.37903
63.7221 4.11898
63.8539 3.33041
63.9856 1.52314
64.1174 -0.73771
64.2491 -3.03364
64.3809 -5.07854
64.5126 -6.60582
64.6444 -7.33666
64.7761 -7.0947
64.9079 -5.96011
65.0396 -4.293
65.1714 -2.56521
65.3032 -1.11448
65.4349 -0.0100554
65.5667 0.878339
65.6984 1.69177
65.8302 2.44731
65.9619 3.05847
66.0937 3.45709
66.2254 3.67735
66.3572 3.82163
66.4889 3.95854
66.6207 4.06932
66.7524 4.09756
66.8842 4.03985
67.0159 3.96886
67.1477 3.9534
67.2794 3.95409
67.4112 3.80869
67.5429 3.33838
67.6747 2.48904
67.8064 1.38632
67.9382 0.263813
68.07 -0.664938
68.2017 -1.28459
68.3335 -1.569
68.4652 -1.5382
68.597 -1.25154
68.7287 -0.839621
68.8605 -0.508816
68.9922 -0.464829
69.124 -0.789597
69.2557 -1.37408
69.3875 -1.97902
69.5192 -2.38687
69.651 -2.52486
69.7827 -2.4654
69.9145 -2.32101
70.0462 -2.14074
70.178 -1.89892
70.3097 -1.56814
70.4415 -1.18744
70.5732 -0.85174
70.705 -0.636308
70.8368 -0.536687
70.9685 -0.483403
71.1003 -0.410067
71.232 -0.300139
71.3638 -0.166215
71.4955 0.00800919
71.6273 0.291642
71.759 0.761671
71.8908 1.42898
72.0225 2.20838
72.1543 2.96384
72.286 3.58796
72.4178 4.04532
72.5495 4.3502
72.6813 4.51301
72.813 4.51251
72.9448 4.31487
73.0765 3.91017
73.2083 3.32677
73.34 2.61711
73.4718 1.84153
73.6035 1.0694
73.7353 0.382899
73.8671 -0.146488
73.9988 -0.507554
74.1306 -0.78052
74.2623 -1.10284
74.3941 -1.57752
74.5258 -2.19284
74.6576 -2.8239
74.7893 -3.31738
74.9211 -3.58553
75.0528 -3.62948
75.1846 -3.48371
75.3163 -3.1522
75.4481 -2.61149
75.5798 -1.87999
75.7116 -1.07586
75.8433 -0.388224
75.9751 0.0292323
76.1068 0.152356
76.2386 0.0843653
76.3703 -0.0365544
76.5021 -0.129975
76.6339 -0.182688
76.7656 -0.180951
76.8974 -0.0521295
77.0291 0.309089
77.1609 0.946172
77.2926 1.77122
77.4244 2.59616
77.5561 3.24463
77.6879 3.64703
77.8196 3.83893
77.9514 3.87678
78.0831 3.76445
78.2149 3.45185
78.3466 2.9071
78.4784 2.20172
78.6101 1.4888
78.7419 0.853213
78.8736 0.436108
79.0054 0.243662
79.1371 0.249586
79.2689 0.369362
79.4007 0.484526
79.5324 0.439733
79.6642 0.0523623
79.7959 -0.685499
79.9277 -1.61286
80.0594 -2.44786
80.1912 -2.93857
80.3229 -2.9907
80.4547 -2.71901
80.5864 -2.32654
80.7182 -1.89477
80.8499 -1.37947
80.9817 -0.799386
81.1134 -0.24221
81.2452 0.248997
81.3769 0.427012
81.5087 0.330823
81.6404 0.0902914
81.7722 -0.113629
81.9039 -0.200884
82.0357 -0.128421
82.1674 0.0841873
82.2992 0.313696
82.431 0.554035
82.5627 0.847338
82.6945 1.0925
82.8262 1.28595
82.958 1.32575
83.0897 1.17992
83.2215 1.03237
83.3532 0.923202
83.485 0.915965
83.6167 0.98438
83.7485 1.16056
83.8802 1.38564
84.012 1.61464
84.1437 1.85926
84.2755 1.90535
84.4072 1.85214
84.539 1.61369
84.6707 1.26047
84.8025 0.805759
84.9342 0.367567
85.066 -0.0677223
85.1978 -0.470686
85.3295 -0.798446
85.4613 -1.06408
85.593 -1.26341
85.7248 -1.36302
85.8565 -1.42642
85.9883 -1.40617
86.12 -1.2603
86.2518 -0.969295
86.3835 -0.649552
86.5153 -0.339159
86.647 -0.165588
86.7788 -0.116379
86.9105 -0.124053
87.0423 -0.11168
87.174 -0.0477478
87.3058 0.0358431
87.4375 0.0459912
87.5693 0.0454436
87.701 0.0802772
87.8328 0.201068
87.9646 0.359244
88.0963 0.598545
88.2281 0.79128
88.3598 0.89065
88.4916 0.966123
88.6233 1.01395
88.7551 0.985936
88.8868 0.878784
89.0186 0.713069
89.1503 0.499246
89.2821 0.313962
89.4138 0.200474
89.5456 0.115131
89.6773 0.157945
89.8091 0.227123
89.9408 0.339957
90.0726 0.515835
90.2043 0.687924
90.3361 0.783355
90.4678 0.795123
90.5996 0.740629
90.7313 0.636877
90.8631 0.507969
90.9949 0.348446
91.1266 0.159975
91.2584 -0.142824
91.3901 -0.464454
91.5219 -0.673238
91.6536 -0.691091
91.7854 -0.565424
91.9171 -0.406929
92.0489 -0.333045
92.1806 -0.367048
92.3124 -0.371493
92.4441 -0.279488
92.5759 -0.0953969
92.7076 0.0682665
92.8394 0.170416
92.9711 0.147514
93.1029 0.10735
93.2346 0.0981339
93.3664 0.097588
93.4981 0.0750213
93.6299 0.0213133
93.7617 -0.0593372
93.8934 -0.0859786
94.0252 -0.0272973
94.1569 0.138142
94.2887 0.32627
94.4204 0.412856
94.5522 0.453871
94.6839 0.48351
94.8157 0.482737
94.9474 0.485867
95.0792 0.408353
95.2109 0.278385
95.3427 0.148636
95.4744 0.0613968
95.6062 0.0746338
95.7379 0.14815
95.8697 0.234486
96.0014 0.298085
96.1332 0.376768
96.2649 0.495061
96.3967 0.554934
96.5285 0.527123
96.6602 0.388605
96.792 0.183718
96.9237 -0.00770387
97.0555 -0.0761808
97.1872 -0.0937033
97.319 -0.120051
97.4507 -0.142573
97.5825 -0.140298
97.7142 -0.129619
97.846 -0.0579645
97.9777 0.00437977
98.1095 -0.0289496
98.2412 -0.117018
98.373 -0.206135
98.5047 -0.210483
98.6365 -0.102488
98.7682 0.0521449
98.9 0.118214
99.0317 0.125397
99.1635 0.0582325
99.2952 0.0906614
99.427 0.088425
99.5588 0.0784321
99.6905 -0.0142985
99.8223 -0.117122
99.954 -0.21364
100.086 -0.198119
100.218 -0.0404806
100.349 0.143499
100.481 0.286338
100.613 0.301675
100.745 0.273067
100.876 0.225405
101.008 0.258284
101.14 0.298754
101.272 0.298997
101.403 0.25583
101.535 0.15283
101.667 0.0391401
101.799 -0.0299975
101.93 -0.0706788
102.062 -0.12496
102.194 -0.16875
102.326 -0.12104
102.457 0.0116895
102.589 0.161746
102.721 0.275947
102.853 0.278899
102.984 0.185508
103.116 0.0843842
103.248 -0.0504899
103.38 -0.137442
103.511 -0.15613
103.643 -0.139741
103.775 -0.0938012
103.907 -0.0767834
104.038 -0.0158409
104.17 0.0141598
104.302 0.0752338
104.434 0.0836632
104.565 0.0282592
104.697 -0.0269489
104.829 -0.059456
104.961 -0.112951
105.092 -0.141582
105.224 -0.166189
105.356 -0.10152
105.488 -0.0158401
105.619 0.0297873
105.751 0.0509132
105.883 0.0504304
106.015 0.00785445
106.146 -0.0590782
106.278 -0.0664654
106.41 -0.0800011
106.542 -0.0660684
106.673 -0.00677101
106.805 0.0193917
106.937 -0.00526949
107.069 -0.0159401
107.2 0.00462846
107.332 0.0187265
107.464 0.0288012
107.596 0.00853573
107.727 0.0133943
107.859 0.021656
107.991 0.00311202
108.123 0.0190034
108.254 0.0258379
108.386 0.00295356
108.518 -0.00451422
108.65 0.00213464
108.781 0.0172838
108.913 0.0170708
109.045 -0.000159334
109.177 -0.022132
109.308 -0.00748846
109.44 -0.00369726
109.572 0.0156114
109.704 0.0326897
109.835 0.0221827
109.967 0.00174039
110.099 -0.00801541
110.231 0.00247727
110.362 0.0039047
110.494 0.0111309
110.626 0.0107321
110.758 0.0189498
110.889 0.0178595
111.021 0.00734013
111.153 -0.00433507
111.285 -0.00755651
111.416 0.00803582
111.548 0.0154826
111.68 0.00746406
111.812 0.00761689
111.943 0.00824391
112.075 0.00942856
112.207 0.0108356
112.339 0.00793924
112.47 0.00793924
112.602 0.00793924
112.734 0.00793924
112.866 0.00793924
112.997 0.00793924
113.129 0.00793924
113.261 0.00793924
113.393 0.00793924
113.524 0.00793924
113.656 0.00793924
113.788 0.00793924
113.92 0.00793924
114.052 0.00793924
114.183 0.00793924
114.315 0.00793924
114.447 0.00793924
114.579 0.00793924
114.71 0.00793924
114.842 0.00793924
114.974 0.00793924
115.106 0.00793924
115.237 0.00793924
115.369 0.00793924
115.501 0.00793924
115.633 0.00793924
115.764 0.00793924
115.896 0.00793924
116.028 0.00793924
116.16 0.00793924
116.291 0.00793924
116.423 0.00793924
116.555 0.00793924
116.687 0.00793924
116.818 0.00793924
116.95 0.00793924
117.082 0.00793924
117.214 0.00793924
117.345 0.00793924
117.477 0.00793924
117.609 0.00793924
117.741 0.00793924
117.872 0.00793924
118.004 0.00793924
118.136 0.00793924
118.268 0.00793924
118.399 0.00793924
118.531 0.00793924
118.663 0.00793924
118.795 0.00793924
118.926 0.00793924
119.058 0.00793924
119.19 0.00793924
119.322 0.00793924
119.453 0.00793924
119.585 0.00793924
119.717 0.00793924
119.849 0.00793924
119.98 0.00793924
120.112 0.00793924
120.244 0.00793924
120.376 0.00793924
120.507 0.00793924
120.639 0.00793924
120.771 0.00793924
120.903 0.00793924
121.034 0.00793924
121.166 0.00793924
121.298 0.00793924
121.43 0.00793924
121.561 0.00793924
121.693 0.00793924
121.825 0.00793924
121.957 0.00793924
122.088 0.00793924
122.22 0.00793924
122.352 0.00793924
122.484 0.00793924
122.615 0.00793924
122.747 0.00793924
122.879 0.00793924
123.011 0.00793924
123.142 0.00793924
123.274 0.00793924
123.406 0.00793924
123.538 0.00793924
123.669 0.00793924
123.801 0.00793924
123.933 0.00793924
124.065 0.00793924
124.196 0.00793924
124.328 0.00793924
124.46 0.00793924
124.592 0.00793924
124.723 0.00793924
124.855 0.00793924
124.987 0.00793924
125.119 0.00793924
125.25 0.00793924
125.382 0.00793924
125.514 0.00793924
125.646 0.00793924
125.777 0.00793924
125.909 0.00793924
126.041 0.00793924
126.173 0.00793924
126.304 0.00793924
126.436 0.00793924
126.568 0.00793924
126.7 0.00793924
126.831 0.00793924
126.963 0.00793924
127.095 0.00793924
127.227 0.00793924
127.358 0.00793924
127.49 0.00793924
127.622 0.00793924
127.754 0.00793924
127.885 0.00793924
128.017 0.00793924
128.149 0.00793924
128.281 0.00793924
128.413 0.00793924
128.544 0.00793924
128.676 0.00793924
128.808 0.00793924
128.94 0.00793924
129.071 0.00793924
129.203 0.00793924
129.335 0.00793924
129.467 0.00793924
129.598 0.00793924
