-1.05652 4.36536
-0.924765 3.05866
-0.793013 1.72776
-0.661261 0.984636
-0.529508 0.734523
-0.397756 0.11597
-0.266004 -1.57929
-0.134252 -4.04971
-0.00249925 -5.992
0.129253 -6.18995
0.261005 -4.36994
0.392758 -1.63716
0.52451 0.409755
0.656262 1.07054
0.788015 0.805588
0.919767 0.823705
1.05152 1.63384
1.18327 2.55535
1.31502 2.49052
1.44678 1.10051
1.57853 -0.515895
1.71028 -0.781457
1.84203 0.923895
1.97379 3.36021
2.10554 4.36451
2.23729 2.76065
2.36904 -0.307078
2.50079 -2.26413
2.63255 -1.37532
2.7643 1.77658
2.89605 4.41874
3.0278 4.03875
3.15956 0.559769
3.29131 -3.34548
3.42306 -4.65086
3.55481 -2.49627
3.68657 1.08263
3.81832 2.94298
3.95007 1.78315
4.08182 -0.773819
4.21357 -1.79296
4.34533 0.372933
4.47708 4.18818
4.60883 6.26679
4.74058 4.09213
4.87234 -1.56538
5.00409 -7.36708
5.13584 -10.1121
5.26759 -9.08447
5.39935 -6.37243
5.5311 -4.47305
5.66285 -4.08171
5.7946 -3.73426
5.92635 -1.45113
6.05811 3.01246
6.18986 7.57541
6.32161 9.43162
6.45336 7.45803
6.58512 3.19938
6.71687 -0.437395
6.84862 -1.53019
6.98037 -0.326603
7.11213 1.42049
7.24388 2.17504
7.37563 1.82743
7.50738 1.38128
7.63913 1.5778
7.77089 2.29582
7.90264 2.67137
8.03439 2.21774
8.16614 1.25756
8.2979 0.49059
8.42965 0.109264
8.5614 -0.380779
8.69315 -1.50678
8.82491 -2.92523
8.95666 -3.44783
9.08841 -2.10802
9.22016 0.708143
9.35191 3.23676
9.48367 3.6442
9.61542 1.57679
9.74717 -1.56579
9.87892 -3.8078
10.0107 -4.22874
10.1424 -3.50481
10.2742 -2.90402
10.4059 -2.80454
10.5377 -2.27687
10.6694 -0.222777
10.8012 3.04623
10.9329 5.48024
11.0647 4.80095
11.1964 0.643293
11.3282 -4.65666
11.46 -7.54742
11.5917 -5.92886
11.7235 -0.778019
11.8552 4.65772
11.987 7.40603
12.1187 6.8816
12.2505 4.84452
12.3822 3.4361
12.514 3.19275
12.6457 2.83474
12.7775 0.900669
12.9092 -2.42688
13.041 -5.10229
13.1727 -4.87234
13.3045 -1.31483
13.4362 3.59782
13.568 6.9347
13.6997 6.98508
13.8315 4.31708
13.9632 0.92893
14.095 -1.57913
14.2267 -3.10648
14.3585 -4.53915
14.4903 -6.3122
14.622 -7.57823
14.7538 -6.85958
14.8855 -3.57828
15.0173 1.032
15.149 4.58748
15.2808 5.29097
15.4125 3.24409
15.5443 0.212252
15.676 -1.88957
15.8078 -2.41201
15.9395 -2.08771
16.0713 -1.91018
16.203 -1.97575
16.3348 -1.44609
16.4665 0.364811
16.5983 2.91919
16.73 4.5699
16.8618 3.9035
16.9935 1.1314
17.1253 -1.80137
17.2571 -2.61649
17.3888 -0.477489
17.5206 3.36339
17.6523 6.57547
17.7841 7.5098
17.9158 6.20321
18.0476 3.87928
18.1793 1.58771
18.3111 -0.650419
18.4428 -3.41043
18.5746 -6.67568
18.7063 -9.19845
18.8381 -9.20725
18.9698 -5.94052
19.1016 -0.610317
19.2333 4.18585
19.3651 6.23134
19.4968 5.19977
19.6286 2.67642
19.7603 0.745097
19.8921 0.394449
20.0239 1.05205
20.1556 1.4696
20.2874 0.990326
20.4191 0.00722638
20.5509 -0.700822
20.6826 -0.975161
20.8144 -1.56813
20.9461 -3.40462
21.0779 -6.50313
21.2096 -9.55251
21.3414 -10.5207
21.4731 -7.78713
21.6049 -0.987049
21.7366 8.77797
21.8684 19.0921
22.0001 26.4173
22.1319 26.5412
22.2636 15.8801
22.3954 -6.24557
22.5271 -35.4351
22.6589 -62.007
22.7906 -74.0206
22.9224 -62.7601
23.0542 -27.8863
23.1859 20.9506
23.3177 67.4661
23.4494 95.5835
23.5812 96.2077
23.7129 70.5012
23.8447 28.3633
23.9764 -16.5451
24.1082 -52.3884
24.2399 -72.7879
24.3717 -77.4375
24.5034 -70.253
24.6352 -56.4973
24.7669 -40.3369
24.8987 -23.7378
25.0304 -6.85533
25.1622 10.6059
25.2939 28.0088
25.4257 43.275
25.5574 53.5841
25.6892 56.8078
25.821 52.6774
25.9527 42.8671
26.0845 29.965
26.2162 16.1208
26.348 2.34913
26.4797 -11.1173
26.6115 -23.8976
26.7432 -34.8591
26.875 -42.3939
27.0067 -45.334
27.1385 -43.7093
27.2702 -38.6992
27.402 -31.8197
27.5337 -24.0149
27.6655 -15.3693
27.7972 -5.61603
27.929 5.04057
28.0607 15.4972
28.1925 24.0879
28.3242 29.4369
28.456 31.1959
28.5878 30.1423
28.7195 27.6056
28.8513 24.6609
28.983 21.6446
29.1148 18.2594
29.2465 14.0868
29.3783 9.05595
29.51 3.51907
29.6418 -2.05966
29.7735 -7.46789
29.9053 -12.8005
30.037 -18.1344
30.1688 -23.1139
30.3005 -26.8565
30.4323 -28.3475
30.564 -27.0746
30.6958 -23.4219
30.8275 -18.5031
30.9593 -13.5491
31.091 -9.30656
31.2228 -5.85673
31.3545 -2.88758
31.4863 -0.0836554
31.6181 2.72435
31.7498 5.69382
31.8816 9.10414
32.0133 13.2026
32.1451 17.8082
32.2768 22.0571
32.4086 24.6497
32.5403 24.5512
32.6721 21.6607
32.8038 16.9136
32.9356 11.7078
33.0673 7.08236
33.1991 3.26591
33.3308 -0.113299
33.4626 -3.41926
33.5943 -6.56033
33.7261 -9.06617
33.8578 -10.5685
33.9896 -11.2229
34.1213 -11.688
34.2531 -12.6706
34.3849 -14.3943
34.5166 -16.384
34.6484 -17.6935
34.7801 -17.3959
34.9119 -15.029
35.0436 -10.7833
35.1754 -5.40268
35.3071 0.0976858
35.4389 4.75152
35.5706 7.88687
35.7024 9.23747
35.8341 8.93118
35.9659 7.42002
36.0976 5.41129
36.2294 3.78288
36.3611 3.3948
36.4929 4.75083
36.6246 7.63845
36.7564 11.0313
36.8881 13.4724
37.0199 13.8276
37.1517 11.947
37.2834 8.73184
37.4152 5.50746
37.5469 3.15023
37.6787 1.64307
37.8104 0.381151
37.9422 -1.10068
38.0739 -2.67902
38.2057 -3.89684
38.3374 -4.6528
38.4692 -5.58861
38.6009 -7.6731
38.7327 -11.2449
38.8644 -15.3662
38.9962 -18.1717
39.1279 -18.0624
39.2597 -14.8275
39.3914 -9.7846
39.5232 -4.83069
39.6549 -1.19739
39.7867 1.09745
39.9184 2.76966
40.0502 4.33338
40.182 5.61575
40.3137 6.11859
40.4455 5.78287
40.5772 5.33356
40.709 5.80139
40.8407 7.61878
40.9725 10.1138
41.1042 11.8902
41.236 11.805
41.3677 9.74883
41.4995 6.62955
41.6312 3.64757
41.763 1.50651
41.8947 0.164676
42.0265 -0.797556
42.1582 -1.63329
42.29 -2.21116
42.4217 -2.25315
42.5535 -1.73073
42.6852 -1.01981
42.817 -0.678027
42.9488 -1.05739
43.0805 -2.08845
43.2123 -3.39442
43.344 -4.60418
43.4758 -5.58525
43.6075 -6.41508
43.7393 -7.1467
43.871 -7.60163
44.0028 -7.40355
44.1345 -6.2664
44.2663 -4.3222
44.398 -2.19502
44.5298 -0.684583
44.6615 -0.227823
44.7933 -0.533294
44.925 -0.719394
45.0568 0.0733526
45.1885 2.02702
45.3203 4.47321
45.452 6.37853
45.5838 7.12
45.7156 6.90853
45.8473 6.4964
45.9791 6.43389
46.1108 6.56351
46.2426 6.24138
46.3743 5.09321
46.5061 3.56712
46.6378 2.68117
46.7696 3.10794
46.9013 4.41669
47.0331 5.23553
47.1648 4.29357
47.2966 1.47125
47.4283 -2.07829
47.5601 -4.86224
47.6918 -6.20068
47.8236 -6.5615
47.9553 -6.81607
48.0871 -7.19125
48.2188 -6.99465
48.3506 -5.43478
48.4823 -2.7426
48.6141 -0.412049
48.7459 -0.144752
48.8776 -2.33361
49.0094 -5.46957
49.1411 -7.13064
49.2729 -5.82007
49.4046 -2.12454
49.5364 1.78591
49.6681 3.86992
49.7999 3.67105
49.9316 2.34178
50.0634 1.37015
50.1951 1.26515
50.3269 1.38261
50.4586 0.926145
50.5904 0.0407608
50.7221 -0.131021
50.8539 1.47386
50.9856 4.65042
51.1174 7.79253
51.2491 9.02609
51.3809 7.6568
51.5127 4.68297
51.6444 1.94935
51.7762 0.702178
51.9079 0.783599
52.0397 1.08084
52.1714 0.72241
52.3032 -0.0986354
52.4349 -0.387657
52.5667 0.598536
52.6984 2.49835
52.8302 3.97293
52.9619 3.71593
53.0937 1.48963
53.2254 -1.66811
53.3572 -4.20978
53.4889 -5.1741
53.6207 -4.75345
53.7524 -3.95705
53.8842 -3.72944
54.0159 -4.26561
54.1477 -5.02665
54.2795 -5.34868
54.4112 -5.0699
54.543 -4.63594
54.6747 -4.61741
54.8065 -5.08135
54.9382 -5.3851
55.07 -4.61036
55.2017 -2.31486
55.3335 1.0095
55.4652 4.17228
55.597 6.06327
55.7287 6.37682
55.8605 5.7183
55.9922 5.03159
56.124 4.84482
56.2557 4.96945
56.3875 4.87663
56.5192 4.36436
56.651 3.86042
56.7827 4.03439
56.9145 5.04127
57.0462 6.10855
57.178 5.93434
57.3098 3.67197
57.4415 -0.267691
57.5733 -4.2748
57.705 -6.47392
57.8368 -5.86379
57.9685 -2.85973
58.1003 1.07054
58.232 4.30939
58.3638 5.85712
58.4955 5.54474
58.6273 3.77276
58.759 1.1476
58.8908 -1.72016
59.0225 -4.28128
59.1543 -6.1366
59.286 -7.17829
59.4178 -7.6275
59.5495 -7.83323
59.6813 -7.9371
59.813 -7.70391
59.9448 -6.72082
60.0766 -4.82935
60.2083 -2.40091
60.3401 -0.173869
60.4718 1.23618
60.6036 1.73263
60.7353 1.70357
60.8671 1.62475
60.9988 1.69931
61.1306 1.86576
61.2623 2.10673
61.3941 2.66746
61.5258 3.88355
61.6576 5.74317
61.7893 7.64011
61.9211 8.65237
62.0528 8.19212
62.1846 6.48026
62.3163 4.40461
62.4481 2.85415
62.5798 2.09633
62.7116 1.72581
62.8434 1.18863
62.9751 0.362131
63.1069 -0.360318
63.2386 -0.5417
63.3704 -0.250455
63.5021 -0.125913
63.6339 -0.85807
63.7656 -2.54153
63.8974 -4.49755
64.0291 -5.74027
64.1609 -5.68703
64.2926 -4.51305
64.4244 -2.89746
64.5561 -1.45829
64.6879 -0.410214
64.8196 0.300014
64.9514 0.622564
65.0831 0.262805
65.2149 -1.02902
65.3466 -3.01335
65.4784 -4.85164
65.6101 -5.54353
65.7419 -4.60818
65.8737 -2.44368
66.0054 -0.0477289
66.1372 1.67458
66.2689 2.44676
66.4007 2.59654
66.5324 2.57793
66.6642 2.53012
66.7959 2.27577
66.9277 1.70554
67.0594 1.11318
67.1912 1.09755
67.3229 2.0779
67.4547 3.8625
67.5864 5.69022
67.7182 6.74339
67.8499 6.70068
67.9817 5.86164
68.1134 4.76542
68.2452 3.6825
68.3769 2.45677
68.5087 0.827808
68.6405 -1.10339
68.7722 -2.74861
68.904 -3.41607
69.0357 -2.8876
69.1675 -1.66851
69.2992 -0.66233
69.431 -0.528705
69.5627 -1.2621
69.6945 -2.32567
69.8262 -3.17675
69.958 -3.68419
70.0897 -4.06901
70.2215 -4.47185
70.3532 -4.6183
70.485 -3.968
70.6167 -2.26427
70.7485 0.0187189
70.8802 1.80446
71.012 2.11318
71.1437 0.810738
71.2755 -1.20652
71.4073 -2.57693
71.539 -2.37919
71.6708 -0.703448
71.8025 1.50943
71.9343 3.18117
72.066 3.78715
72.1978 3.53728
72.3295 3.01337
72.4613 2.64833
72.593 2.4829
72.7248 2.32611
72.8565 2.0815
72.9883 1.89673
73.12 2.00563
73.2518 2.43818
73.3835 2.89585
73.5153 2.93313
73.647 2.30617
73.7788 1.19534
73.9105 0.106385
74.0423 -0.484211
74.174 -0.468778
74.3058 -0.172926
74.4376 -0.096804
74.5693 -0.529827
74.7011 -1.32826
74.8328 -2.02017
74.9646 -2.15449
75.0963 -1.64622
75.2281 -0.808376
75.3598 -0.141392
75.4916 0.0529671
75.6233 -0.1609
75.7551 -0.467748
75.8868 -0.644211
76.0186 -0.742439
76.1503 -1.00093
76.2821 -1.57529
76.4138 -2.26963
76.5456 -2.64818
76.6773 -2.24075
76.8091 -1.12273
76.9408 0.179875
77.0726 1.00591
77.2044 1.24067
77.3361 1.05366
77.4679 0.866593
77.5996 0.908368
77.7314 1.11864
77.8631 1.24367
77.9949 1.14994
78.1266 1.0346
78.2584 1.16977
78.3901 1.5816
78.5219 1.94087
78.6536 1.76937
78.7854 0.967903
78.9171 -0.0187592
79.0489 -0.432253
79.1806 0.0916653
79.3124 1.33236
79.4441 2.5766
79.5759 3.14219
79.7076 2.75522
79.8394 1.76896
79.9712 0.663288
80.1029 -0.231908
80.2347 -0.805447
80.3664 -1.04171
80.4982 -0.909706
80.6299 -0.331371
80.7617 0.531393
80.8934 1.10941
81.0252 0.754943
81.1569 -0.705562
81.2887 -2.76131
81.4204 -4.35237
81.5522 -4.54503
81.6839 -3.39834
81.8157 -1.47324
81.9474 0.219072
82.0792 1.15273
82.2109 1.38738
82.3427 1.32044
82.4744 1.24341
82.6062 0.934671
82.7379 0.269578
82.8697 -0.732548
83.0015 -1.61075
83.1332 -1.88078
83.265 -1.38287
83.3967 -0.502668
83.5285 0.346408
83.6602 0.893502
83.792 1.2393
83.9237 1.54309
84.0555 1.88649
84.1872 2.03641
84.319 1.75172
84.4507 1.24182
84.5825 0.778569
84.7142 0.871071
84.846 1.48407
84.9777 2.17693
85.1095 2.37482
85.2412 1.86431
85.373 0.950991
85.5047 0.183957
85.6365 -0.255918
85.7683 -0.532746
85.9 -0.887338
86.0318 -1.45182
86.1635 -1.85028
86.2953 -1.55077
86.427 -0.614354
86.5588 0.554375
86.6905 1.06495
86.8223 0.584961
86.954 -0.570918
87.0858 -1.73902
87.2175 -2.31416
87.3493 -2.15785
87.481 -1.56918
87.6128 -0.873851
87.7445 -0.332453
87.8763 0.174157
88.008 0.740967
88.1398 1.19966
88.2715 1.23057
88.4033 0.763976
88.5351 0.0798071
88.6668 -0.324171
88.7986 -0.319221
88.9303 0.0139479
89.0621 0.23359
89.1938 0.166607
89.3256 0.0060739
89.4573 -0.00331884
89.5891 0.289946
89.7208 0.692489
89.8526 0.915694
89.9843 0.715089
90.1161 0.308254
90.2478 0.20306
90.3796 0.515833
90.5113 1.02752
90.6431 1.26586
90.7748 1.0441
90.9066 0.527464
91.0383 0.134244
91.1701 0.155007
91.3018 0.408506
91.4336 0.482751
91.5654 0.114658
91.6971 -0.478666
91.8289 -0.861282
91.9606 -0.628933
92.0924 -0.00309125
92.2241 0.463609
92.3559 0.296082
92.4876 -0.306611
92.6194 -1.00799
92.7511 -1.10655
92.8829 -0.735259
93.0146 -0.278127
93.1464 -0.10868
93.2781 -0.29859
93.4099 -0.534738
93.5416 -0.369813
93.6734 0.182123
93.8051 0.808836
93.9369 0.933864
94.0686 0.426943
94.2004 -0.342407
94.3322 -0.814024
94.4639 -0.659383
94.5957 -0.0505513
94.7274 0.442079
94.8592 0.582851
94.9909 0.374708
95.1227 0.166372
95.2544 0.169275
95.3862 0.351074
95.5179 0.440934
95.6497 0.314341
95.7814 0.0381926
95.9132 -0.179973
96.0449 -0.110492
96.1767 0.074075
96.3084 0.194138
96.4402 0.154305
96.5719 0.1064
96.7037 0.193026
96.8354 0.455245
96.9672 0.807643
97.099 0.916992
97.2307 0.703212
97.3625 0.303206
97.4942 -0.0415909
97.626 -0.0970312
97.7577 0.0477263
97.8895 0.137711
98.0212 0.0227762
98.153 -0.250852
98.2847 -0.481602
98.4165 -0.520179
98.5482 -0.393927
98.68 -0.208835
98.8117 -0.173587
98.9435 -0.29368
99.0752 -0.349028
99.207 -0.197654
99.3387 0.141705
99.4705 0.407912
99.6022 0.428412
99.734 0.197753
99.8657 -0.124787
99.9975 -0.344199
100.129 -0.267926
100.261 -0.0315079
100.393 0.167511
100.525 0.22783
100.656 0.109372
100.788 0.0274117
100.92 0.0219916
101.052 0.0835166
101.183 0.130311
101.315 0.0610074
101.447 -0.0482381
101.579 -0.0966772
101.71 0.0293254
101.842 0.23416
101.974 0.366293
102.106 0.314225
102.237 0.131784
102.369 -0.0982413
102.501 -0.243853
102.633 -0.180454
102.764 -0.065977
102.896 0.00633612
103.028 -0.020934
103.16 -0.0567575
103.291 -0.0867556
103.423 -0.0474807
103.555 0.0287554
103.687 0.0593611
103.818 0.054242
103.95 -0.00524043
104.082 -0.0825313
104.214 -0.0467517
104.345 0.0145372
104.477 0.0808395
104.609 0.056274
104.741 0.0256409
104.872 -0.0241774
105.004 -0.0576932
105.136 -0.0271634
105.268 -0.00379626
105.399 0.0403698
105.531 0.0337091
105.663 -0.0276851
105.795 -0.041786
105.926 0.00998956
106.058 0.0667128
106.19 0.0601688
106.322 0.0112963
106.453 -0.020904
106.585 -0.0234617
106.717 -0.0215795
106.849 -0.000518288
106.98 0.0235057
107.112 0.0237674
107.244 0.013171
107.376 0.00491394
107.507 -0.0187384
107.639 0.00784044
107.771 0.0131239
107.903 0.0192664
108.034 0.0102769
108.166 0.00342728
108.298 -0.000642923
108.43 0.00826841
108.561 0.00925597
108.693 0.00908737
108.825 0.00732883
108.957 0.00600175
109.088 0.00742507
109.22 0.0055757
109.352 0.00230522
109.484 0.00824382
109.615 0.00815485
109.747 0.00817503
109.879 0.00832445
110.011 0.00792031
110.142 0.00792031
110.274 0.00792031
110.406 0.00792031
110.538 0.00792031
110.669 0.00792031
110.801 0.00792031
110.933 0.00792031
111.065 0.00792031
111.196 0.00792031
111.328 0.00792031
111.46 0.00792031
111.592 0.00792031
111.723 0.00792031
111.855 0.00792031
111.987 0.00792031
112.119 0.00792031
112.25 0.00792031
112.382 0.00792031
112.514 0.00792031
112.646 0.00792031
112.777 0.00792031
112.909 0.00792031
113.041 0.00792031
113.173 0.00792031
113.304 0.00792031
113.436 0.00792031
113.568 0.00792031
113.7 0.00792031
113.831 0.00792031
113.963 0.00792031
114.095 0.00792031
114.227 0.00792031
114.359 0.00792031
114.49 0.00792031
114.622 0.00792031
114.754 0.00792031
114.886 0.00792031
115.017 0.00792031
115.149 0.00792031
115.281 0.00792031
115.413 0.00792031
115.544 0.00792031
115.676 0.00792031
115.808 0.00792031
115.94 0.00792031
116.071 0.00792031
116.203 0.00792031
116.335 0.00792031
116.467 0.00792031
116.598 0.00792031
116.73 0.00792031
116.862 0.00792031
116.994 0.00792031
117.125 0.00792031
117.257 0.00792031
117.389 0.00792031
117.521 0.00792031
117.652 0.00792031
117.784 0.00792031
117.916 0.00792031
118.048 0.00792031
118.179 0.00792031
118.311 0.00792031
118.443 0.00792031
118.575 0.00792031
118.706 0.00792031
118.838 0.00792031
118.97 0.00792031
119.102 0.00792031
119.233 0.00792031
119.365 0.00792031
119.497 0.00792031
119.629 0.00792031
119.76 0.00792031
119.892 0.00792031
120.024 0.00792031
120.156 0.00792031
120.287 0.00792031
120.419 0.00792031
120.551 0.00792031
120.683 0.00792031
120.814 0.00792031
120.946 0.00792031
121.078 0.00792031
121.21 0.00792031
121.341 0.00792031
121.473 0.00792031
121.605 0.00792031
121.737 0.00792031
121.868 0.00792031
122 0.00792031
122.132 0.00792031
122.264 0.00792031
122.395 0.00792031
122.527 0.00792031
122.659 0.00792031
122.791 0.00792031
122.922 0.00792031
123.054 0.00792031
123.186 0.00792031
123.318 0.00792031
123.449 0.00792031
123.581 0.00792031
123.713 0.00792031
123.845 0.00792031
123.976 0.00792031
124.108 0.00792031
124.24 0.00792031
124.372 0.00792031
124.503 0.00792031
124.635 0.00792031
124.767 0.00792031
124.899 0.00792031
125.03 0.00792031
125.162 0.00792031
125.294 0.00792031
125.426 0.00792031
125.557 0.00792031
125.689 0.00792031
125.821 0.00792031
125.953 0.00792031
126.084 0.00792031
126.216 0.00792031
126.348 0.00792031
126.48 0.00792031
126.611 0.00792031
126.743 0.00792031
126.875 0.00792031
127.007 0.00792031
127.138 0.00792031
127.27 0.00792031
127.402 0.00792031
127.534 0.00792031
127.665 0.00792031
127.797 0.00792031
127.929 0.00792031
128.061 0.00792031
128.192 0.00792031
128.324 0.00792031
128.456 0.00792031
128.588 0.00792031
128.72 0.00792031
128.851 0.00792031
128.983 0.00792031
129.115 0.00792031
129.247 0.00792031
129.378 0.00792031
129.51 0.00792031
129.642 0.00792031
129.774 0.00792031
129.905 0.00792031
130.037 0.00792031
130.169 0.00792031
130.301 0.00792031
130.432 0.00792031
130.564 0.00792031
130.696 0.00792031
130.828 0.00792031
130.959 0.00792031
131.091 0.00792031
131.223 0.00792031
131.355 0.00792031
131.486 0.00792031
131.618 0.00792031
131.75 0.00792031
131.882 0.00792031
132.013 0.00792031
132.145 0.00792031
132.277 0.00792031
132.409 0.00792031
132.54 0.00792031
132.672 0.00792031
132.804 0.00792031
132.936 0.00792031
133.067 0.00792031
133.199 0.00792031
133.331 0.00792031
133.463 0.00792031
133.594 0.00792031
133.726 0.00792031
