-2.99135 0.683876
-2.8596 1.30376
-2.72784 1.77997
-2.59609 2.01981
-2.46434 1.98092
-2.33259 1.62563
-2.20083 1.01512
-2.06908 0.22933
-1.93733 -0.541058
-1.80558 -1.13691
-1.67382 -1.52348
-1.54207 -1.66558
-1.41032 -1.43114
-1.27857 -0.98026
-1.14682 -0.384391
-1.01506 0.285746
-0.883311 0.837141
-0.751559 1.16591
-0.619806 1.2432
-0.488054 1.07429
-0.356302 0.740003
-0.22455 0.383235
-0.0927973 0.0817829
0.038955 -0.231569
0.170707 -0.542089
0.30246 -0.810177
0.434212 -0.977347
0.565964 -0.930753
0.697717 -0.619537
0.829469 0.0138285
0.961221 0.761814
1.09297 1.33986
1.22473 1.6521
1.35648 1.67356
1.48823 1.3956
1.61998 1.0437
1.75174 0.52847
1.88349 -0.092377
2.01524 -0.748538
2.14699 -1.34521
2.27874 -1.72052
2.4105 -1.8103
2.54225 -1.58878
2.674 -1.10395
2.80575 -0.49219
2.93751 0.170544
3.06926 0.804009
3.20101 1.37335
3.33276 1.79177
3.46451 1.93984
3.59627 1.71981
3.72802 1.11039
3.85977 0.273509
3.99152 -0.632391
4.12328 -1.31367
4.25503 -1.55606
4.38678 -1.27395
4.51853 -0.604457
4.65029 0.352514
4.78204 1.3107
4.91379 1.98727
5.04554 2.24127
5.17729 2.08919
5.30905 1.61653
5.4408 0.961841
5.57255 0.258266
5.7043 -0.435915
5.83606 -1.05442
5.96781 -1.67806
6.09956 -2.1454
6.23131 -2.4487
6.36307 -2.39211
6.49482 -1.9962
6.62657 -1.20786
6.75832 -0.220945
6.89007 0.834315
7.02183 1.77986
7.15358 2.46339
7.28533 2.77599
7.41708 2.61325
7.54884 2.16006
7.68059 1.54391
7.81234 0.90289
7.94409 0.345916
8.07585 -0.205317
8.2076 -0.796427
8.33935 -1.42766
8.4711 -1.98778
8.60285 -2.33795
8.73461 -2.2007
8.86636 -1.67163
8.99811 -0.887385
9.12986 0.0088667
9.26162 0.840738
9.39337 1.56059
9.52512 2.09381
9.65687 2.31937
9.78863 2.28186
9.92038 1.99796
10.0521 1.46852
10.1839 0.811836
10.3156 0.145055
10.4474 -0.494421
10.5791 -0.928782
10.7109 -1.10385
10.8426 -0.988479
10.9744 -0.625158
11.1061 -0.169926
11.2379 0.255986
11.3697 0.672743
11.5014 1.09359
11.6332 1.51595
11.7649 1.89099
11.8967 2.06791
12.0284 1.84538
12.1602 1.25417
12.2919 0.384533
12.4237 -0.534238
12.5554 -1.41815
12.6872 -2.2239
12.8189 -2.82093
12.9507 -3.17823
13.0824 -3.18052
13.2142 -2.5728
13.3459 -1.44374
13.4777 0.045291
13.6094 1.50562
13.7412 2.53224
13.8729 2.89494
14.0047 2.69321
14.1365 2.03646
14.2682 1.15846
14.4 0.28859
14.5317 -0.320274
14.6635 -0.564988
14.7952 -0.39657
14.927 0.164226
15.0587 1.01079
15.1905 1.93739
15.3222 2.81562
15.454 3.42351
15.5857 3.4783
15.7175 2.85991
15.8492 1.48508
15.981 -0.336883
16.1127 -2.06183
16.2445 -3.27822
16.3762 -3.66821
16.508 -3.24238
16.6397 -2.20138
16.7715 -0.822342
16.9033 0.639607
17.035 1.88703
17.1668 2.77701
17.2985 3.10233
17.4303 2.91949
17.562 2.23073
17.6938 1.20421
17.8255 -0.0798853
17.9573 -1.52178
18.089 -2.91445
18.2208 -4.00255
18.3525 -4.54022
18.4843 -4.3072
18.616 -3.43511
18.7478 -2.10344
18.8795 -0.593335
19.0113 1.02408
19.143 2.62605
19.2748 3.99986
19.4065 4.92252
19.5383 5.15944
19.67 4.71337
19.8018 3.73218
19.9336 2.57866
20.0653 1.49545
20.1971 0.599909
20.3288 -0.190928
20.4606 -0.890454
20.5923 -1.34059
20.7241 -1.30862
20.8558 -0.774188
20.9876 0.0098952
21.1193 0.657556
21.2511 0.898858
21.3828 0.784523
21.5146 0.553199
21.6463 0.410642
21.7781 0.342625
21.9098 0.207156
22.0416 -0.042035
22.1733 -0.282011
22.3051 -0.280129
22.4368 -0.0162054
22.5686 0.210604
22.7004 -0.0136664
22.8321 -0.879751
22.9639 -2.08107
23.0956 -2.98274
23.2274 -3.02448
23.3591 -2.08247
23.4909 -0.522431
23.6226 1.05324
23.7544 2.13953
23.8861 2.519
24.0179 2.25652
24.1496 1.59773
24.2814 0.871336
24.4131 0.401294
24.5449 0.392542
24.6766 0.819421
24.8084 1.4197
24.9401 1.85342
25.0719 1.93459
25.2036 1.74264
25.3354 1.50382
25.4672 1.34657
25.5989 1.16985
25.7307 0.765063
25.8624 0.080854
25.9942 -0.637353
26.1259 -0.994044
26.2577 -0.75955
26.3894 -0.0643848
26.5212 0.709031
26.6529 1.22868
26.7847 1.42067
26.9164 1.4035
27.0482 1.25483
27.1799 0.881823
27.3117 0.142332
27.4434 -0.915512
27.5752 -1.96698
27.7069 -2.59813
27.8387 -2.60258
27.9704 -2.10559
28.1022 -1.40808
28.2339 -0.727193
28.3657 -0.10074
28.4975 0.475505
28.6292 0.878813
28.761 0.901728
28.8927 0.503059
29.0245 -0.00583376
29.1562 -0.100296
29.288 0.547556
29.4197 1.74794
29.5515 2.8854
29.6832 3.37543
29.815 3.0877
29.9467 2.36554
30.0785 1.6587
30.2102 1.14788
30.342 0.714444
30.4737 0.228611
30.6055 -0.203805
30.7372 -0.332771
30.869 -0.0996937
31.0007 0.172999
31.1325 0.000627026
31.2643 -0.807453
31.396 -1.90651
31.5278 -2.65781
31.6595 -2.64134
31.7913 -1.94925
31.923 -0.991981
32.0548 -0.0499372
32.1865 0.941933
32.3183 2.15769
32.45 3.48302
32.5818 4.44396
32.7135 4.59752
32.8453 3.98401
32.977 3.11524
33.1088 2.44058
33.2405 1.82615
33.3723 0.642925
33.504 -1.54441
33.6358 -4.37114
33.7675 -6.83111
33.8993 -8.11702
34.031 -8.27574
34.1628 -7.883
34.2946 -6.93484
34.4263 -4.13928
34.5581 2.30372
34.6898 12.6402
34.8216 23.8267
34.9533 29.8891
35.0851 24.7276
35.2168 5.83491
35.3486 -23.4099
35.4803 -54.2881
35.6121 -75.7576
35.7438 -78.3632
35.8756 -57.5524
36.0073 -15.6906
36.1391 37.52
36.2708 86.7309
36.4026 115.27
36.5343 111.474
36.6661 74.4774
36.7978 15.9059
36.9296 -44.5501
37.0614 -88.0417
37.1931 -104.997
37.3249 -98.012
37.4566 -77.7014
37.5884 -54.8195
37.7201 -34.283
37.8519 -14.801
37.9836 6.75216
38.1154 30.5442
38.2471 52.5673
38.3789 67.4844
38.5106 72.5428
38.6424 69.0232
38.7741 60.2724
38.9059 48.5002
39.0376 33.4002
39.1694 13.6867
39.3011 -10.1483
39.4329 -34.5917
39.5646 -54.58
39.6964 -66.3781
39.8282 -69.4029
39.9599 -65.6554
40.0917 -57.6069
40.2234 -46.5673
40.3552 -32.7946
40.4869 -16.8036
40.6187 -0.284109
40.7504 14.3753
40.8822 25.4664
41.0139 32.8694
41.1457 37.6396
41.2774 40.7392
41.4092 42.1519
41.5409 41.1485
41.6727 37.3
41.8044 31.147
41.9362 23.8605
42.0679 16.2814
42.1997 8.34079
42.3314 -0.54167
42.4632 -10.4633
42.5949 -20.4207
42.7267 -28.6854
42.8585 -33.8619
42.9902 -35.7169
43.122 -35.1076
43.2537 -33.1645
43.3855 -30.4818
43.5172 -26.9578
43.649 -22.2717
43.7807 -16.4462
43.9125 -9.97949
44.0442 -3.51388
44.176 2.56082
44.3077 8.18996
44.4395 13.4075
44.5712 18.065
44.703 21.8145
44.8347 24.3301
44.9665 25.5179
45.0982 25.5053
45.23 24.4521
45.3617 22.3968
45.4935 19.298
45.6253 15.2108
45.757 10.4006
45.8888 5.26427
46.0205 0.130045
46.1523 -4.86975
46.284 -9.72697
46.4158 -14.3489
46.5475 -18.4069
46.6793 -21.3951
46.811 -22.88
46.9428 -22.766
47.0745 -21.3869
47.2063 -19.3495
47.338 -17.2221
47.4698 -15.2501
47.6015 -13.2571
47.7333 -10.7814
47.865 -7.36693
47.9968 -2.85445
48.1285 2.47073
48.2603 7.93588
48.3921 12.7033
48.5238 16.0508
48.6556 17.5986
48.7873 17.4118
48.9191 15.9588
49.0508 13.9427
49.1826 12.0556
49.3143 10.736
49.4461 10.0357
49.5778 9.66659
49.7096 9.20948
49.8413 8.35927
49.9731 7.04882
50.1048 5.38154
50.2366 3.4529
50.3683 1.22911
50.5001 -1.40575
50.6318 -4.482
50.7636 -7.81953
50.8953 -11.0728
51.0271 -13.9128
51.1588 -16.182
51.2906 -17.8835
51.4224 -19.0252
51.5541 -19.4797
51.6859 -19.0064
51.8176 -17.42
51.9494 -14.7506
52.0811 -11.2484
52.2129 -7.24142
52.3446 -2.99567
52.4764 1.2913
52.6081 5.38395
52.7399 8.94248
52.8716 11.6177
53.0034 13.2583
53.1351 14.0428
53.2669 14.3864
53.3986 14.6664
53.5304 14.9714
53.6621 15.0695
53.7939 14.6046
53.9256 13.3489
54.0574 11.323
54.1892 8.73506
54.3209 5.84371
54.4527 2.87955
54.5844 0.0514981
54.7162 -2.43748
54.8479 -4.4364
54.9797 -5.92537
55.1114 -7.02946
55.2432 -7.91669
55.3749 -8.65276
55.5067 -9.1497
55.6384 -9.27297
55.7702 -9.02083
55.9019 -8.6087
56.0337 -8.36436
56.1654 -8.50425
56.2972 -8.96586
56.4289 -9.42302
56.5607 -9.46016
56.6924 -8.76996
56.8242 -7.25326
56.956 -5.00684
57.0877 -2.2658
57.2195 0.643544
57.3512 3.35092
57.483 5.52897
57.6147 7.01143
57.7465 7.86634
57.8782 8.34742
58.01 8.73341
58.1417 9.16235
58.2735 9.57944
58.4052 9.82493
58.537 9.77577
58.6687 9.42258
58.8005 8.83614
58.9322 8.07957
59.064 7.15955
59.1957 6.05532
59.3275 4.78241
59.4592 3.41839
59.591 2.06267
59.7227 0.768541
59.8545 -0.491918
59.9863 -1.80471
60.118 -3.25674
60.2498 -4.88597
60.3815 -6.65889
60.5133 -8.46901
60.645 -10.1469
60.7768 -11.4848
60.9085 -12.2828
61.0403 -12.404
61.172 -11.8122
61.3038 -10.571
61.4355 -8.8152
61.5673 -6.71772
61.699 -4.47082
61.8308 -2.26705
61.9625 -0.263423
62.0943 1.46249
62.226 2.92657
62.3578 4.19497
62.4895 5.30691
62.6213 6.22797
62.7531 6.87996
62.8848 7.22265
63.0166 7.30714
63.1483 7.24322
63.2801 7.10847
63.4118 6.89179
63.5436 6.53612
63.6753 6.043
63.8071 5.52693
63.9388 5.14405
64.0706 4.94282
64.2023 4.77619
64.3341 4.37658
64.4658 3.55053
64.5976 2.33215
64.7293 0.960401
64.8611 -0.301999
64.9928 -1.3494
65.1246 -2.25907
65.2563 -3.15227
65.3881 -4.03098
65.5199 -4.74642
65.6516 -5.12598
65.7834 -5.13685
65.9151 -4.93479
66.0469 -4.75666
66.1786 -4.75486
66.3104 -4.9119
66.4421 -5.08846
66.5739 -5.13985
66.7056 -4.99586
66.8374 -4.65836
66.9691 -4.15613
67.1009 -3.51856
67.2326 -2.78312
67.3644 -1.99945
67.4961 -1.20007
67.6279 -0.359738
67.7596 0.603372
67.8914 1.76557
68.0231 3.12144
68.1549 4.56357
68.2866 5.93732
68.4184 7.11328
68.5502 8.00248
68.6819 8.50456
68.8137 8.46473
68.9454 7.72758
69.0772 6.28921
69.2089 4.43724
69.3407 2.73689
69.4724 1.81136
69.6042 2.01111
69.7359 3.15873
69.8677 4.53081
69.9994 5.11831
70.1312 4.06967
70.2629 1.13001
70.3947 -3.12744
70.5264 -7.4212
70.6582 -10.2396
70.7899 -10.5036
70.9217 -8.10114
71.0534 -3.98949
71.1852 0.229185
71.317 3.05036
71.4487 3.71332
71.5805 2.39855
71.7122 -0.0773698
71.844 -2.80004
71.9757 -5.15396
72.1075 -6.87928
72.2392 -7.88462
72.371 -8.07461
72.5027 -7.36349
72.6345 -5.82076
72.7662 -3.75347
72.898 -1.59897
73.0297 0.301614
73.1615 1.85463
73.2932 3.16353
73.425 4.33935
73.5567 5.35691
73.6885 6.08325
73.8202 6.42905
73.952 6.45705
74.0838 6.33393
74.2155 6.17651
74.3473 5.95167
74.479 5.53641
74.6108 4.88292
74.7425 4.12371
74.8743 3.50133
75.006 3.17011
75.1378 3.04062
75.2695 2.80795
75.4013 2.15165
75.533 0.95532
75.6648 -0.614317
75.7965 -2.21105
75.9283 -3.50206
76.06 -4.31227
76.1918 -4.64668
76.3235 -4.61831
76.4553 -4.36116
76.587 -3.9857
76.7188 -3.57826
76.8505 -3.2103
76.9823 -2.93081
77.1141 -2.74371
77.2458 -2.59318
77.3776 -2.37762
77.5093 -1.99522
77.6411 -1.40256
77.7728 -0.654227
77.9046 0.105873
78.0363 0.708024
78.1681 1.04552
78.2998 1.13484
78.4316 1.10429
78.5633 1.11494
78.6951 1.2677
78.8268 1.56045
78.9586 1.91798
79.0903 2.25929
79.2221 2.54321
79.3538 2.76341
79.4856 2.91607
79.6173 2.98481
79.7491 2.95961
79.8809 2.86214
80.0126 2.73993
80.1444 2.62764
80.2761 2.51647
80.4079 2.37042
80.5396 2.17896
80.6714 1.98947
80.8031 1.87398
80.9349 1.84978
81.0666 1.82853
81.1984 1.65326
81.3301 1.20446
81.4619 0.48813
81.5936 -0.369977
81.7254 -1.21662
81.8571 -1.96561
81.9889 -2.61466
82.1206 -3.18443
82.2524 -3.65394
82.3841 -3.96276
82.5159 -4.07313
82.6477 -4.01733
82.7794 -3.86832
82.9112 -3.65363
83.0429 -3.30013
83.1747 -2.67778
83.3064 -1.71895
83.4382 -0.514222
83.5699 0.700719
83.7017 1.66139
83.8334 2.20576
83.9652 2.33066
84.0969 2.15581
84.2287 1.84857
84.3604 1.56984
84.4922 1.4528
84.6239 1.58559
84.7557 1.9792
84.8874 2.54401
85.0192 3.11479
85.1509 3.52732
85.2827 3.69633
85.4144 3.63455
85.5462 3.40249
85.678 3.04097
85.8097 2.54933
85.9415 1.92031
86.0732 1.18392
86.205 0.4083
86.3367 -0.340766
86.4685 -1.02994
86.6002 -1.63762
86.732 -2.10528
86.8637 -2.32738
86.9955 -2.21611
87.1272 -1.79515
87.259 -1.22937
87.3907 -0.741816
87.5225 -0.472379
87.6542 -0.395171
87.786 -0.366471
87.9177 -0.26001
88.0495 -0.0688619
88.1812 0.142024
88.313 0.213465
88.4448 0.177037
88.5765 0.126312
88.7083 0.121749
88.84 0.119756
88.9718 0.0170882
89.1035 -0.243937
89.2353 -0.582068
89.367 -0.812093
89.4988 -0.80444
89.6305 -0.557052
89.7623 -0.150572
89.894 0.220364
90.0258 0.457766
90.1575 0.615858
90.2893 0.666224
90.421 0.743871
90.5528 0.94459
90.6845 1.25128
90.8163 1.62192
90.948 2.00996
91.0798 2.29824
91.2116 2.25521
91.3433 1.85392
91.4751 1.28348
91.6068 0.689844
91.7386 0.274118
91.8703 0.137348
92.0021 0.229157
92.1338 0.407838
92.2656 0.64392
92.3973 0.872012
92.5291 1.05399
92.6608 1.1096
92.7926 0.941547
92.9243 0.657363
93.0561 0.269238
93.1878 -0.185229
93.3196 -0.5898
93.4513 -0.99009
93.5831 -1.4092
93.7148 -1.74522
93.8466 -2.00456
93.9783 -2.10211
94.1101 -2.00595
94.2419 -1.70096
94.3736 -1.2456
94.5054 -0.665975
94.6371 0.0449821
94.7689 0.841556
94.9006 1.50053
95.0324 1.78585
95.1641 1.63922
95.2959 1.19883
95.4276 0.732194
95.5594 0.399644
95.6911 0.205251
95.8229 0.0674379
95.9546 -0.0434966
96.0864 -0.166361
96.2181 -0.123295
96.3499 0.0551604
96.4816 0.427448
96.6134 0.750734
96.7451 0.919572
96.8769 0.946277
97.0087 0.855546
97.1404 0.746107
97.2722 0.692951
97.4039 0.661773
97.5357 0.595833
97.6674 0.549165
97.7992 0.587992
97.9309 0.779758
98.0627 1.01053
98.1944 1.11681
98.3262 1.04475
98.4579 0.792683
98.5897 0.315239
98.7214 -0.149872
98.8532 -0.524475
98.9849 -0.809608
99.1167 -0.921126
99.2484 -0.858161
99.3802 -0.676932
99.5119 -0.45498
99.6437 -0.320938
99.7755 -0.405807
99.9072 -0.690306
100.039 -0.944946
100.171 -1.01764
100.302 -0.834059
100.434 -0.409234
100.566 0.130896
100.698 0.672925
100.829 1.03099
100.961 1.21086
101.093 1.26909
101.225 1.14687
101.356 0.870641
101.488 0.595208
101.62 0.276264
101.752 0.100379
101.883 0.00037038
102.015 -0.116307
102.147 -0.262427
102.279 -0.396311
102.41 -0.37305
102.542 -0.158693
102.674 0.149748
102.806 0.435255
102.938 0.575837
103.069 0.598195
103.201 0.574015
103.333 0.587139
103.465 0.642343
103.596 0.672301
103.728 0.625679
103.86 0.460246
103.992 0.302901
104.123 0.181316
104.255 0.101974
104.387 0.0342357
104.519 0.0172914
104.65 -0.05031
104.782 -0.133019
104.914 -0.187783
105.046 -0.230216
105.177 -0.291768
105.309 -0.333714
105.441 -0.310429
105.573 -0.219131
105.704 -0.0863074
105.836 -0.0127846
105.968 0.0729395
106.1 0.0846701
106.231 0.149131
106.363 0.181891
106.495 0.22707
106.627 0.166236
106.758 0.0814953
106.89 -0.0226947
107.022 -0.107034
107.154 -0.169342
107.285 -0.220751
107.417 -0.178277
107.549 -0.119481
107.681 0.00491258
107.812 0.183731
107.944 0.303685
108.076 0.341713
108.208 0.272743
108.339 0.167232
108.471 0.117683
108.603 0.200843
108.735 0.234074
108.866 0.249507
108.998 0.233831
109.13 0.194115
109.262 0.223628
109.393 0.304136
109.525 0.414424
109.657 0.555726
109.789 0.597106
109.92 0.51876
110.052 0.395643
110.184 0.221223
110.316 -0.00299656
110.447 -0.181191
110.579 -0.334992
110.711 -0.379855
110.843 -0.307694
110.974 -0.186043
111.106 -0.0670231
111.238 -0.0030022
111.37 -0.0462974
111.501 -0.119091
111.633 -0.137444
111.765 -0.107212
111.897 -0.0661902
112.028 -0.000533342
112.16 0.019371
112.292 0.0378655
112.424 0.0236174
112.555 0.0197821
112.687 0.0121237
112.819 -0.10155
112.951 -0.215107
113.082 -0.208183
113.214 -0.150201
113.346 0.0124794
113.478 0.140183
113.609 0.179596
113.741 0.157708
113.873 0.135362
114.005 0.0647042
114.136 0.0256417
114.268 0.0183304
114.4 0.0395783
114.532 0.0313654
114.663 0.0280359
114.795 0.0306761
114.927 0.0150961
115.059 -0.0253123
115.19 -0.0316069
115.322 -0.0483482
115.454 -0.0673399
115.586 -0.0465079
115.717 -0.0492778
115.849 0.00673942
115.981 0.067788
116.113 0.0443572
116.244 0.00222417
116.376 -0.0676341
116.508 -0.107953
116.64 -0.0962296
116.771 -0.0487591
116.903 -0.020148
117.035 0.0140734
117.167 -0.0119372
117.299 -0.00821083
117.43 -0.0397886
117.562 -0.0298703
117.694 -0.0357439
117.826 -0.0362256
117.957 -0.021173
118.089 -0.0208277
118.221 -0.0265763
118.353 -0.00854309
118.484 -0.0344474
118.616 -0.0273377
118.748 -0.0229579
118.88 0.0221375
119.011 0.020601
119.143 -0.00832476
119.275 -0.00464412
119.407 0.00849061
119.538 0.0278215
119.67 -0.00296013
119.802 -0.0219487
119.934 -0.0358731
120.065 -0.0110707
120.197 -0.00209275
120.329 0.00093988
120.461 0.00237653
120.592 0.00523091
120.724 -0.00557877
120.856 -0.00901503
120.988 -0.00220498
121.119 -0.00031142
121.251 0.000195596
121.383 -0.00928236
121.515 -0.0122245
121.646 -0.00910696
121.778 -0.000117082
121.91 0.00469151
122.042 -0.00767464
122.173 -0.00810616
122.305 -0.00670596
122.437 -0.00354285
122.569 -9.06404e-05
122.7 -0.00659994
122.832 -0.00659994
122.964 -0.00659994
123.096 -0.00659994
123.227 -0.00659994
123.359 -0.00659994
123.491 -0.00659994
123.623 -0.00659994
123.754 -0.00659994
123.886 -0.00659994
124.018 -0.00659994
124.15 -0.00659994
124.281 -0.00659994
124.413 -0.00659994
124.545 -0.00659994
124.677 -0.00659994
124.808 -0.00659994
124.94 -0.00659994
125.072 -0.00659994
125.204 -0.00659994
125.335 -0.00659994
125.467 -0.00659994
125.599 -0.00659994
125.731 -0.00659994
125.862 -0.00659994
125.994 -0.00659994
126.126 -0.00659994
126.258 -0.00659994
126.389 -0.00659994
126.521 -0.00659994
126.653 -0.00659994
126.785 -0.00659994
126.916 -0.00659994
127.048 -0.00659994
127.18 -0.00659994
127.312 -0.00659994
127.443 -0.00659994
127.575 -0.00659994
127.707 -0.00659994
127.839 -0.00659994
127.97 -0.00659994
128.102 -0.00659994
128.234 -0.00659994
128.366 -0.00659994
128.497 -0.00659994
128.629 -0.00659994
128.761 -0.00659994
128.893 -0.00659994
129.024 -0.00659994
129.156 -0.00659994
129.288 -0.00659994
129.42 -0.00659994
129.551 -0.00659994
129.683 -0.00659994
129.815 -0.00659994
129.947 -0.00659994
130.078 -0.00659994
130.21 -0.00659994
130.342 -0.00659994
130.474 -0.00659994
130.605 -0.00659994
130.737 -0.00659994
130.869 -0.00659994
131.001 -0.00659994
131.132 -0.00659994
131.264 -0.00659994
131.396 -0.00659994
131.528 -0.00659994
131.66 -0.00659994
131.791 -0.00659994
