-5.06826 0.131912
-4.93651 0.149601
-4.80476 0.17844
-4.673 0.196463
-4.54125 0.208917
-4.4095 0.181199
-4.27775 0.136157
-4.14599 0.0909368
-4.01424 0.0964138
-3.88249 0.106901
-3.75074 0.126015
-3.61898 0.148032
-3.48723 0.159185
-3.35548 0.167006
-3.22373 0.221025
-3.09198 0.251598
-2.96022 0.252389
-2.82847 0.178066
-2.69672 0.0595249
-2.56497 -0.0583946
-2.43321 -0.175801
-2.30146 -0.261136
-2.16971 -0.324286
-2.03796 -0.351516
-1.9062 -0.268196
-1.77445 -0.138563
-1.6427 0.0147056
-1.51095 0.14086
-1.3792 0.209868
-1.24744 0.246338
-1.11569 0.294857
-0.983939 0.373696
-0.852186 0.436406
-0.720434 0.455913
-0.588682 0.419122
-0.45693 0.335388
-0.325177 0.236656
-0.193425 0.176687
-0.0616726 0.180569
0.0700797 0.195022
0.201832 0.201469
0.333584 0.253241
0.465337 0.325347
0.597089 0.384625
0.728841 0.396442
0.860594 0.336971
0.992346 0.222153
1.1241 0.069474
1.25585 -0.0512614
1.3876 -0.131476
1.51936 -0.178991
1.65111 -0.165624
1.78286 -0.160396
1.91461 -0.130939
2.04636 -0.0619793
2.17812 0.0233171
2.30987 0.0974185
2.44162 0.105308
2.57337 0.0683284
2.70513 0.00100702
2.83688 -0.0536999
2.96863 -0.10073
3.10038 -0.0701897
3.23214 -0.0274913
3.36389 0.0749203
3.49564 0.211886
3.62739 0.349965
3.75914 0.447859
3.8909 0.516068
4.02265 0.539637
4.1544 0.555684
4.28615 0.535642
4.41791 0.492917
4.54966 0.405417
4.68141 0.237107
4.81316 0.0491883
4.94492 -0.0952085
5.07667 -0.152965
5.20842 -0.129678
5.34017 -0.0729922
5.47192 -0.0230413
5.60368 -0.0125569
5.73543 0.000692248
5.86718 0.0201696
5.99893 0.0255159
6.13069 -0.00975545
6.26244 -0.0687049
6.39419 -0.11435
6.52594 -0.0830395
6.6577 0.0601774
6.78945 0.29607
6.9212 0.546015
7.05295 0.743792
7.1847 0.855649
7.31646 0.881901
7.44821 0.829252
7.57996 0.692422
7.71171 0.466139
7.84347 0.172678
7.97522 -0.129163
8.10697 -0.369946
8.23872 -0.510164
8.37047 -0.558304
8.50223 -0.549825
8.63398 -0.508216
8.76573 -0.426136
8.89748 -0.283743
9.02924 -0.0839352
9.16099 0.132254
9.29274 0.30677
9.42449 0.403119
9.55625 0.427394
9.688 0.414792
9.81975 0.397119
9.9515 0.381579
10.0833 0.356196
10.215 0.310522
10.3468 0.24886
10.4785 0.185658
10.6103 0.132529
10.742 0.0922542
10.8738 0.0636387
11.0055 0.0478818
11.1373 0.0475458
11.269 0.0608696
11.4008 0.0812991
11.5325 0.105179
11.6643 0.138154
11.796 0.189405
11.9278 0.256464
12.0595 0.317061
12.1913 0.340715
12.323 0.312682
12.4548 0.247269
12.5865 0.175441
12.7183 0.117354
12.8501 0.0675217
12.9818 0.00873453
13.1136 -0.0594107
13.2453 -0.108981
13.3771 -0.104971
13.5088 -0.0403299
13.6406 0.0518109
13.7723 0.124853
13.9041 0.160812
14.0358 0.186028
14.1676 0.243002
14.2993 0.344697
14.4311 0.456503
14.5628 0.5242
14.6946 0.520026
14.8263 0.460888
14.9581 0.382089
15.0898 0.296751
15.2216 0.186049
15.3533 0.0317587
15.4851 -0.144673
15.6169 -0.282479
15.7486 -0.327245
15.8804 -0.278227
16.0121 -0.187725
16.1439 -0.10986
16.2756 -0.0489824
16.4074 0.0391257
16.5391 0.192894
16.6709 0.392763
16.8026 0.56653
16.9344 0.6497
17.0661 0.640802
17.1979 0.594987
17.3296 0.56205
17.4614 0.533577
17.5931 0.45618
17.7249 0.299392
17.8566 0.107153
17.9884 -0.0257225
18.1201 -0.0358506
18.2519 0.0460376
18.3837 0.115188
18.5154 0.0792575
18.6472 -0.0697388
18.7789 -0.262785
18.9107 -0.425237
19.0424 -0.534892
19.1742 -0.608942
19.3059 -0.641686
19.4377 -0.570316
19.5694 -0.317389
19.7012 0.125411
19.8329 0.658201
19.9647 1.12553
20.0964 1.41626
20.2282 1.51653
20.3599 1.46792
20.4917 1.2798
20.6234 0.893522
20.7552 0.243949
20.8869 -0.636819
21.0187 -1.57531
21.1504 -2.31751
21.2822 -2.63894
21.414 -2.40807
21.5457 -1.56926
21.6775 -0.108617
21.8092 1.91027
21.941 4.23669
22.0727 6.35323
22.2045 7.54558
22.3362 7.13512
22.468 4.75398
22.5997 0.507497
22.7315 -5.03523
22.8632 -10.9548
22.995 -16.0995
23.1267 -19.1953
23.2585 -19.0332
23.3902 -14.8017
23.522 -6.48633
23.6537 4.87481
23.7855 17.2736
23.9172 28.1666
24.049 35.0755
24.1808 36.1183
24.3125 30.354
24.4443 17.9764
24.576 0.419374
24.7078 -19.6767
24.8395 -38.7853
24.9713 -53.1811
25.103 -59.8494
25.2348 -57.2728
25.3665 -45.7681
25.4983 -27.2885
25.63 -4.87927
25.7618 17.9357
25.8935 37.6869
26.0253 51.4436
26.157 57.3099
26.2888 54.8515
26.4205 45.224
26.5523 30.8231
26.684 14.5362
26.8158 -1.0693
26.9476 -14.2487
27.0793 -24.1337
27.2111 -30.498
27.3428 -33.5144
27.4746 -33.6523
27.6063 -31.6394
27.7381 -28.3232
27.8698 -24.3959
28.0016 -20.1378
28.1333 -15.3883
28.2651 -9.79987
28.3968 -3.20468
28.5286 4.15656
28.6603 11.6722
28.7921 18.5778
28.9238 24.168
29.0556 27.8899
29.1873 29.3591
29.3191 28.4025
29.4508 25.1527
29.5826 20.1011
29.7143 14
29.8461 7.62151
29.9779 1.5199
30.1096 -4.04802
30.2414 -9.01339
30.3731 -13.3208
30.5049 -16.8433
30.6366 -19.4314
30.7684 -21.0076
30.9001 -21.5867
31.0319 -21.2031
31.1636 -19.8377
31.2954 -17.4444
31.4271 -14.0717
31.5589 -9.96686
31.6906 -5.5509
31.8224 -1.26686
31.9541 2.58247
32.0859 5.88695
32.2176 8.65556
32.3494 10.9087
32.4811 12.6374
32.6129 13.8412
32.7447 14.5715
32.8764 14.9069
33.0082 14.872
33.1399 14.3849
33.2717 13.2963
33.4034 11.5017
33.5352 9.03208
33.6669 6.0532
33.7987 2.78915
33.9304 -0.551332
34.0622 -3.7871
34.1939 -6.73416
34.3257 -9.19944
34.4574 -11.0347
34.5892 -12.2103
34.7209 -12.8311
34.8527 -13.0606
34.9844 -13.0052
35.1162 -12.6494
35.2479 -11.8898
35.3797 -10.6307
35.5114 -8.85746
35.6432 -6.64285
35.775 -4.10682
35.9067 -1.38992
36.0385 1.33577
36.1702 3.85094
36.302 5.91835
36.4337 7.36307
36.5655 8.1512
36.6972 8.40415
36.829 8.33638
36.9607 8.16527
37.0925 8.05378
37.2242 8.10212
37.356 8.35363
37.4877 8.77679
37.6195 9.23032
37.7512 9.45972
37.883 9.16227
38.0147 8.10049
38.1465 6.19692
38.2782 3.55361
38.41 0.398775
38.5418 -2.98691
38.6735 -6.31509
38.8053 -9.30308
38.937 -11.6909
39.0688 -13.2867
39.2005 -14.0202
39.3323 -13.9598
39.464 -13.2677
39.5958 -12.1206
39.7275 -10.6509
39.8593 -8.94017
39.991 -7.04773
40.1228 -5.03168
40.2545 -2.94162
40.3863 -0.802075
40.518 1.3786
40.6498 3.56786
40.7815 5.67163
40.9133 7.54088
41.045 9.02566
41.1768 10.0347
41.3086 10.5523
41.4403 10.6053
41.5721 10.2188
41.7038 9.40755
41.8356 8.20856
41.9673 6.7182
42.0991 5.08833
42.2308 3.47833
42.3626 2.00147
42.4943 0.708352
42.6261 -0.38758
42.7578 -1.27756
42.8896 -1.95399
43.0213 -2.43588
43.1531 -2.78882
43.2848 -3.10866
43.4166 -3.47537
43.5483 -3.91547
43.6801 -4.40406
43.8118 -4.89952
43.9436 -5.37356
44.0753 -5.80777
44.2071 -6.16525
44.3389 -6.37292
44.4706 -6.33996
44.6024 -6.00111
44.7341 -5.3485
44.8659 -4.42714
44.9976 -3.30381
45.1294 -2.04177
45.2611 -0.701792
45.3929 0.641363
45.5246 1.89554
45.6564 2.97504
45.7881 3.83548
45.9199 4.48865
46.0516 4.98277
46.1834 5.36445
46.3151 5.65279
46.4469 5.8424
46.5786 5.92412
46.7104 5.89977
46.8421 5.77823
46.9739 5.56161
47.1057 5.23839
47.2374 4.79017
47.3692 4.20297
47.5009 3.47157
47.6327 2.59652
47.7644 1.58378
47.8962 0.453376
48.0279 -0.749805
48.1597 -1.95708
48.2914 -3.09341
48.4232 -4.09964
48.5549 -4.94213
48.6867 -5.60449
48.8184 -6.07387
48.9502 -6.33833
49.0819 -6.39785
49.2137 -6.27402
49.3454 -6.00254
49.4772 -5.61021
49.6089 -5.09616
49.7407 -4.43647
49.8725 -3.61056
50.0042 -2.62771
50.136 -1.53238
50.2677 -0.387277
50.3995 0.747515
50.5312 1.82171
50.663 2.78891
50.7947 3.60332
50.9265 4.23039
51.0582 4.6639
51.19 4.93046
51.3217 5.07214
51.4535 5.11977
51.5852 5.08008
51.717 4.94681
51.8487 4.72244
51.9805 4.42675
52.1122 4.08277
52.244 3.69553
52.3757 3.24728
52.5075 2.71657
52.6392 2.10356
52.771 1.43662
52.9028 0.753645
53.0345 0.0769112
53.1663 -0.594086
53.298 -1.26625
53.4298 -1.93196
53.5615 -2.56629
53.6933 -3.14449
53.825 -3.65945
53.9568 -4.1182
54.0885 -4.51964
54.2203 -4.83665
54.352 -5.02327
54.4838 -5.04192
54.6155 -4.88453
54.7473 -4.56767
54.879 -4.10894
55.0108 -3.51234
55.1425 -2.78077
55.2743 -1.94345
55.406 -1.06674
55.5378 -0.230296
55.6696 0.514793
55.8013 1.16869
55.9331 1.76461
56.0648 2.32675
56.1966 2.84434
56.3283 3.28598
56.4601 3.63809
56.5918 3.9263
56.7236 4.19482
56.8553 4.46034
56.9871 4.68327
57.1188 4.78453
57.2506 4.69348
57.3823 4.38505
57.5141 3.87719
57.6458 3.19963
57.7776 2.37222
57.9093 1.41853
58.0411 0.40113
58.1728 -0.56083
58.3046 -1.31875
58.4364 -1.75391
58.5681 -1.82842
58.6999 -1.59577
58.8316 -1.17376
58.9634 -0.708465
59.0951 -0.352923
59.2269 -0.256427
59.3586 -0.543156
59.4904 -1.27009
59.6221 -2.38317
59.7539 -3.7062
59.8856 -4.98115
60.0174 -5.94384
60.1491 -6.39624
60.2809 -6.2442
60.4126 -5.49767
60.5444 -4.25233
60.6761 -2.67032
60.8079 -0.959899
60.9396 0.656202
61.0714 1.9867
61.2031 2.91655
61.3349 3.42797
61.4667 3.58692
61.5984 3.50583
61.7302 3.30508
61.8619 3.08861
61.9937 2.93274
62.1254 2.87854
62.2572 2.92317
62.3889 3.01755
62.5207 3.08003
62.6524 3.02689
62.7842 2.80612
62.9159 2.41738
63.0477 1.90904
63.1794 1.35735
63.3112 0.840544
63.4429 0.418353
63.5747 0.120567
63.7064 -0.0560229
63.8382 -0.143278
63.9699 -0.190383
64.1017 -0.248187
64.2335 -0.355006
64.3652 -0.529592
64.497 -0.772306
64.6287 -1.0703
64.7605 -1.40157
64.8922 -1.73667
65.024 -2.04093
65.1557 -2.28008
65.2875 -2.42786
65.4192 -2.47159
65.551 -2.41279
65.6827 -2.26443
65.8145 -2.04804
65.9462 -1.79173
66.078 -1.52676
66.2097 -1.28038
66.3415 -1.06747
66.4732 -0.886809
66.605 -0.725331
66.7367 -0.566687
66.8685 -0.396325
67.0003 -0.199034
67.132 0.0460552
67.2638 0.363593
67.3955 0.769734
67.5273 1.25757
67.659 1.7937
67.7908 2.33148
67.9225 2.83162
68.0543 3.27268
68.186 3.64291
68.3178 3.92199
68.4495 4.0723
68.5813 4.05152
68.713 3.83868
68.8448 3.45158
68.9765 2.93942
69.1083 2.35487
69.24 1.72766
69.3718 1.06027
69.5035 0.34739
69.6353 -0.398732
69.767 -1.13856
69.8988 -1.81811
70.0306 -2.3925
70.1623 -2.8412
70.2941 -3.16535
70.4258 -3.37307
70.5576 -3.46698
70.6893 -3.4435
70.8211 -3.30206
70.9528 -3.05444
71.0846 -2.72614
71.2163 -2.34906
71.3481 -1.9514
71.4798 -1.55164
71.6116 -1.15901
71.7433 -0.778256
71.8751 -0.413911
72.0068 -0.0705578
72.1386 0.250731
72.2703 0.556333
72.4021 0.859818
72.5338 1.17557
72.6656 1.50925
72.7974 1.84597
72.9291 2.17336
73.0609 2.46153
73.1926 2.68885
73.3244 2.84264
73.4561 2.90681
73.5879 2.8902
73.7196 2.77605
73.8514 2.565
73.9831 2.26522
74.1149 1.89246
74.2466 1.49795
74.3784 1.06415
74.5101 0.618125
74.6419 0.170046
74.7736 -0.264537
74.9054 -0.62332
75.0371 -0.927606
75.1689 -1.17704
75.3006 -1.34245
75.4324 -1.49994
75.5642 -1.6203
75.6959 -1.69348
75.8277 -1.70535
75.9594 -1.64521
76.0912 -1.50928
76.2229 -1.34972
76.3547 -1.16324
76.4864 -0.960655
76.6182 -0.744118
76.7499 -0.548257
76.8817 -0.408133
77.0134 -0.343356
77.1452 -0.331838
77.2769 -0.327848
77.4087 -0.333508
77.5404 -0.299824
77.6722 -0.220752
77.8039 -0.0809518
77.9357 0.102415
78.0674 0.33368
78.1992 0.597694
78.3309 0.889226
78.4627 1.16948
78.5945 1.35542
78.7262 1.46137
78.858 1.48582
78.9897 1.48954
79.1215 1.43453
79.2532 1.36697
79.385 1.23041
79.5167 1.05391
79.6485 0.91358
79.7802 0.769251
79.912 0.614935
80.0437 0.476277
80.1755 0.322649
80.3072 0.203121
80.439 0.0709283
80.5707 -0.0523165
80.7025 -0.153086
80.8342 -0.233414
80.966 -0.351771
81.0977 -0.467497
81.2295 -0.549832
81.3613 -0.620268
81.493 -0.674499
81.6248 -0.713269
81.7565 -0.725477
81.8883 -0.700398
82.02 -0.61629
82.1518 -0.534376
82.2835 -0.451261
82.4153 -0.385804
82.547 -0.297131
82.6788 -0.225903
82.8105 -0.176286
82.9423 -0.138752
83.074 -0.102806
83.2058 -0.0547871
83.3375 -0.0357247
83.4693 0.00746658
83.601 0.0893523
83.7328 0.204617
83.8645 0.312932
83.9963 0.403634
84.1281 0.474356
84.2598 0.514038
84.3916 0.541712
84.5233 0.5421
84.6551 0.560522
84.7868 0.548612
84.9186 0.533015
85.0503 0.47287
85.1821 0.430236
85.3138 0.381798
85.4456 0.345709
85.5773 0.29881
85.7091 0.232265
85.8408 0.132076
85.9726 0.0359445
86.1043 -0.0345837
86.2361 -0.062898
86.3678 -0.0732707
86.4996 -0.0187941
86.6313 0.0647404
86.7631 0.137781
86.8948 0.199778
87.0266 0.220111
87.1584 0.181551
87.2901 0.0952845
87.4219 0.0218169
87.5536 -0.0815652
87.6854 -0.166376
87.8171 -0.21959
87.9489 -0.230406
88.0806 -0.22272
88.2124 -0.199128
88.3441 -0.182895
88.4759 -0.190273
88.6076 -0.218905
88.7394 -0.234943
88.8711 -0.236273
89.0029 -0.217379
89.1346 -0.154985
89.2664 -0.0582955
89.3981 0.0479523
89.5299 0.12903
89.6616 0.147103
89.7934 0.108715
89.9252 0.0507029
90.0569 0.0292963
90.1887 0.00878862
90.3204 0.0330195
90.4522 0.110555
90.5839 0.212566
90.7157 0.323745
90.8474 0.396427
90.9792 0.433242
91.1109 0.404827
91.2427 0.379005
91.3744 0.310751
91.5062 0.254376
91.6379 0.20113
91.7697 0.15129
91.9014 0.120047
92.0332 0.0960965
92.1649 0.053898
92.2967 0.030696
92.4284 0.0291536
92.5602 0.048763
92.692 0.0696822
92.8237 0.0979945
92.9555 0.104572
93.0872 0.0967083
93.219 0.0990316
93.3507 0.0424767
93.4825 -0.0303792
93.6142 -0.121447
93.746 -0.202557
93.8777 -0.271173
94.0095 -0.306756
94.1412 -0.295505
94.273 -0.230448
94.4047 -0.157026
94.5365 -0.106144
94.6682 -0.0774624
94.8 -0.0555946
94.9317 -0.00484137
95.0635 0.0313398
95.1952 0.0614845
95.327 0.0794794
95.4587 0.0584037
95.5905 0.0353359
95.7223 0.0117862
95.854 -0.00201605
95.9858 -0.0432843
96.1175 -0.0662159
96.2493 -0.0746374
96.381 -0.0545718
96.5128 0.0169524
96.6445 0.125576
96.7763 0.190981
96.908 0.239794
97.0398 0.245864
97.1715 0.247251
97.3033 0.227734
97.435 0.166245
97.5668 0.0890707
97.6985 -0.00285043
97.8303 -0.0584101
97.962 -0.0542406
98.0938 -0.0565137
98.2255 -0.0355904
98.3573 -0.0316273
98.4891 -0.046609
98.6208 -0.0609307
98.7526 -0.0687601
98.8843 -0.0771639
99.0161 -0.0954549
99.1478 -0.102698
99.2796 -0.104839
99.4113 -0.0969766
99.5431 -0.0647748
99.6748 -0.00702309
99.8066 0.0379431
99.9383 0.0378003
100.07 0.0348789
100.202 0.0516946
100.334 0.0488309
100.465 0.050447
100.597 0.0573091
100.729 0.0539781
100.861 0.0335619
100.992 -0.00376703
101.124 -0.0209988
101.256 -0.033123
101.388 -0.0277997
101.519 -0.0119649
101.651 -0.0366875
101.783 -0.0370759
101.915 -0.0309244
102.046 -0.024407
102.178 -0.011923
102.31 -0.00536911
102.442 0.016017
102.573 0.0259284
102.705 0.0347565
102.837 0.0344632
102.969 0.0549822
103.1 0.0367945
103.232 0.0477952
103.364 0.0387702
103.496 0.0239759
103.627 0.0123321
103.759 0.0153406
103.891 0.00557322
104.023 0.00401337
104.154 -0.00887753
104.286 0.000405287
104.418 -0.00089678
104.55 -0.0172538
104.681 -0.0133714
104.813 -0.00882815
104.945 -0.00324096
105.077 0.0022482
105.208 0.00501497
105.34 0.00605569
105.472 0.000846719
105.604 0.0103938
105.735 0.00819298
105.867 0.00264879
105.999 0.00147872
106.131 0.00825151
106.262 0.00808054
106.394 0.00868566
106.526 0.0101463
106.658 0.0120764
106.789 0.00871849
106.921 0.00871849
107.053 0.00871849
107.185 0.00871849
107.316 0.00871849
107.448 0.00871849
107.58 0.00871849
107.712 0.00871849
107.843 0.00871849
107.975 0.00871849
108.107 0.00871849
108.239 0.00871849
108.37 0.00871849
108.502 0.00871849
108.634 0.00871849
108.766 0.00871849
108.897 0.00871849
109.029 0.00871849
109.161 0.00871849
109.293 0.00871849
109.424 0.00871849
109.556 0.00871849
109.688 0.00871849
109.82 0.00871849
109.952 0.00871849
110.083 0.00871849
110.215 0.00871849
110.347 0.00871849
110.479 0.00871849
110.61 0.00871849
110.742 0.00871849
110.874 0.00871849
111.006 0.00871849
111.137 0.00871849
111.269 0.00871849
111.401 0.00871849
111.533 0.00871849
111.664 0.00871849
111.796 0.00871849
111.928 0.00871849
112.06 0.00871849
112.191 0.00871849
112.323 0.00871849
112.455 0.00871849
112.587 0.00871849
112.718 0.00871849
112.85 0.00871849
112.982 0.00871849
113.114 0.00871849
113.245 0.00871849
113.377 0.00871849
113.509 0.00871849
113.641 0.00871849
113.772 0.00871849
113.904 0.00871849
114.036 0.00871849
114.168 0.00871849
114.299 0.00871849
114.431 0.00871849
114.563 0.00871849
114.695 0.00871849
114.826 0.00871849
114.958 0.00871849
115.09 0.00871849
115.222 0.00871849
115.353 0.00871849
115.485 0.00871849
115.617 0.00871849
115.749 0.00871849
115.88 0.00871849
116.012 0.00871849
116.144 0.00871849
116.276 0.00871849
116.407 0.00871849
116.539 0.00871849
116.671 0.00871849
116.803 0.00871849
116.934 0.00871849
117.066 0.00871849
117.198 0.00871849
117.33 0.00871849
117.461 0.00871849
117.593 0.00871849
117.725 0.00871849
117.857 0.00871849
117.988 0.00871849
118.12 0.00871849
118.252 0.00871849
118.384 0.00871849
118.515 0.00871849
118.647 0.00871849
118.779 0.00871849
118.911 0.00871849
119.042 0.00871849
119.174 0.00871849
119.306 0.00871849
119.438 0.00871849
119.569 0.00871849
119.701 0.00871849
119.833 0.00871849
119.965 0.00871849
120.096 0.00871849
120.228 0.00871849
120.36 0.00871849
120.492 0.00871849
120.623 0.00871849
120.755 0.00871849
120.887 0.00871849
121.019 0.00871849
121.15 0.00871849
121.282 0.00871849
121.414 0.00871849
121.546 0.00871849
121.677 0.00871849
121.809 0.00871849
121.941 0.00871849
122.073 0.00871849
122.204 0.00871849
122.336 0.00871849
122.468 0.00871849
122.6 0.00871849
122.731 0.00871849
122.863 0.00871849
122.995 0.00871849
123.127 0.00871849
123.258 0.00871849
123.39 0.00871849
123.522 0.00871849
123.654 0.00871849
123.785 0.00871849
123.917 0.00871849
124.049 0.00871849
124.181 0.00871849
124.313 0.00871849
124.444 0.00871849
124.576 0.00871849
124.708 0.00871849
124.84 0.00871849
124.971 0.00871849
125.103 0.00871849
125.235 0.00871849
125.367 0.00871849
125.498 0.00871849
125.63 0.00871849
125.762 0.00871849
125.894 0.00871849
126.025 0.00871849
126.157 0.00871849
126.289 0.00871849
126.421 0.00871849
126.552 0.00871849
126.684 0.00871849
126.816 0.00871849
126.948 0.00871849
127.079 0.00871849
127.211 0.00871849
127.343 0.00871849
127.475 0.00871849
127.606 0.00871849
127.738 0.00871849
127.87 0.00871849
128.002 0.00871849
128.133 0.00871849
128.265 0.00871849
128.397 0.00871849
128.529 0.00871849
128.66 0.00871849
128.792 0.00871849
128.924 0.00871849
129.056 0.00871849
129.187 0.00871849
129.319 0.00871849
129.451 0.00871849
129.583 0.00871849
129.714 0.00871849
