-4.05486 0.0255204
-3.92311 0.0714207
-3.79136 0.0879635
-3.65961 0.10413
-3.52785 0.0749612
-3.3961 0.0372405
-3.26435 -0.0785382
-3.1326 -0.090509
-3.00084 -0.0320939
-2.86909 0.0718034
-2.73734 0.100653
-2.60559 0.155281
-2.47384 0.171154
-2.34208 0.197837
-2.21033 0.206578
-2.07858 0.190467
-1.94683 0.158526
-1.81507 0.0839248
-1.68332 0.00997595
-1.55157 0.0177823
-1.41982 0.052342
-1.28806 0.0470454
-1.15631 0.0278718
-1.02456 -0.0239582
-0.892808 -0.11795
-0.761055 -0.144992
-0.629303 -0.0329717
-0.497551 0.0831575
-0.365798 0.288305
-0.234046 0.450194
-0.102294 0.558926
0.0294585 0.595231
0.161211 0.539137
0.292963 0.404928
0.424715 0.183938
0.556468 0.0163592
0.68822 -0.0854011
0.819972 -0.112847
0.951725 -0.0637839
1.08348 -0.0172823
1.21523 -0.0238086
1.34698 -0.0246328
1.47873 -0.0285805
1.61049 -0.0347845
1.74224 -0.0072382
1.87399 0.00277504
2.00574 0.0252914
2.1375 0.0385753
2.26925 0.0699318
2.401 0.104243
2.53275 0.20977
2.6645 0.30085
2.79626 0.339557
2.92801 0.365858
3.05976 0.436773
3.19151 0.493161
3.32327 0.471709
3.45502 0.38169
3.58677 0.231237
3.71852 0.0363648
3.85028 -0.120045
3.98203 -0.109804
4.11378 -0.0689779
4.24553 -0.00244323
4.37728 -0.0142506
4.50904 0.0296039
4.64079 0.123434
4.77254 0.257505
4.90429 0.347131
5.03605 0.379863
5.1678 0.40759
5.29955 0.478672
5.4313 0.475032
5.56306 0.467801
5.69481 0.381712
5.82656 0.233746
5.95831 0.0870233
6.09006 -0.00319251
6.22182 0.0120063
6.35357 0.0284317
6.48532 -0.00556205
6.61707 -0.0594402
6.74883 -0.148096
6.88058 -0.231866
7.01233 -0.279986
7.14408 -0.247841
7.27584 -0.189221
7.40759 -0.0769388
7.53934 0.103906
7.67109 0.402906
7.80284 0.713673
7.9346 0.937373
8.06635 0.966441
8.1981 0.850302
8.32985 0.686675
8.46161 0.546423
8.59336 0.433567
8.72511 0.316206
8.85686 0.105329
8.98862 -0.00113302
9.12037 -0.0462799
9.25212 0.0796607
9.38387 0.290286
9.51562 0.476142
9.64738 0.448995
9.77913 0.226509
9.91088 0.00729178
10.0426 -0.121556
10.1744 -0.133611
10.3061 -0.0667517
10.4379 -0.07172
10.5696 -0.141636
10.7014 -0.201156
10.8331 -0.172827
10.9649 -0.0134459
11.0967 0.22327
11.2284 0.438289
11.3602 0.631461
11.4919 0.793111
11.6237 0.802428
11.7554 0.639318
11.8872 0.371057
12.0189 0.0750917
12.1507 -0.0788385
12.2824 -0.0378015
12.4142 0.0890119
12.5459 0.214424
12.6777 0.183002
12.8094 0.118198
12.9412 0.103215
13.0729 0.221691
13.2047 0.441507
13.3364 0.592012
13.4682 0.624577
13.5999 0.519237
13.7317 0.43711
13.8635 0.428231
13.9952 0.418449
14.127 0.293938
14.2587 0.0361793
14.3905 -0.263576
14.5222 -0.435117
14.654 -0.372854
14.7857 -0.188561
14.9175 -0.0353041
15.0492 0.0113012
15.181 0.046553
15.3127 0.134676
15.4445 0.403896
15.5762 0.721121
15.708 0.90062
15.8397 0.811633
15.9715 0.541381
16.1032 0.252134
16.235 0.0889006
16.3667 0.0814137
16.4985 0.118618
16.6302 0.156885
16.762 0.222768
16.8938 0.342736
17.0255 0.450699
17.1573 0.483831
17.289 0.353494
17.4208 0.107888
17.5525 -0.110914
17.6843 -0.186223
17.816 -0.115127
17.9478 0.00321956
18.0795 0.100453
18.2113 0.199004
18.343 0.366555
18.4748 0.603623
18.6065 0.799414
18.7383 0.819175
18.87 0.641172
19.0018 0.397334
19.1335 0.263343
19.2653 0.300193
19.397 0.404869
19.5288 0.419848
19.6606 0.289056
19.7923 0.101644
19.9241 -0.015652
20.0558 -0.0369639
20.1876 -0.0556798
20.3193 -0.164178
20.4511 -0.329819
20.5828 -0.409957
20.7146 -0.298607
20.8463 -0.0489349
20.9781 0.167786
21.1098 0.234815
21.2416 0.215601
21.3733 0.292508
21.5051 0.570593
21.6368 0.945388
21.7686 1.17711
21.9003 1.10555
22.0321 0.793819
22.1638 0.459465
22.2956 0.267743
22.4274 0.200285
22.5591 0.127231
22.6909 -0.00768539
22.8226 -0.0999741
22.9544 0.00171039
23.0861 0.300573
23.2179 0.594635
23.3496 0.639788
23.4814 0.381063
23.6131 0.016959
23.7449 -0.17629
23.8766 -0.08997
24.0084 0.143645
24.1401 0.312378
24.2719 0.340466
24.4036 0.330469
24.5354 0.396181
24.6671 0.483808
24.7989 0.395906
24.9306 0.0108634
25.0624 -0.53447
25.1941 -0.91239
25.3259 -0.880237
25.4577 -0.495949
25.5894 -0.0523767
25.7212 0.20736
25.8529 0.304694
25.9847 0.453727
26.1164 0.786739
26.2482 1.17609
26.3799 1.34942
26.5117 1.17883
26.6434 0.83095
26.7752 0.606021
26.9069 0.628466
27.0387 0.720748
27.1704 0.605447
27.3022 0.226303
27.4339 -0.162674
27.5657 -0.254006
27.6974 -0.0274379
27.8292 0.19835
27.9609 0.084252
28.0927 -0.359362
28.2245 -0.749007
28.3562 -0.700216
28.488 -0.221678
28.6197 0.28638
28.7515 0.442342
28.8832 0.274365
29.015 0.166508
29.1467 0.402456
29.2785 0.801589
29.4102 0.877511
29.542 0.396982
29.6737 -0.254599
29.8055 -0.35581
29.9372 0.425628
30.069 1.58352
30.2007 2.11016
30.3325 1.35336
30.4642 -0.435522
30.596 -2.41324
30.7277 -3.96725
30.8595 -5.10256
30.9913 -5.8558
31.123 -5.31712
31.2548 -1.545
31.3865 6.91967
31.5183 18.7719
31.65 28.8621
31.7818 29.834
31.9135 16.095
32.0453 -12.1612
32.177 -47.5078
32.3088 -77.5361
32.4405 -89.7299
32.5723 -76.5664
32.704 -38.671
32.8358 14.9453
32.9675 69.4037
33.0993 108.459
33.231 119.84
33.3628 99.7605
33.4945 54.6488
33.6263 -1.21264
33.758 -51.5099
33.8898 -84.4206
34.0216 -96.3673
34.1533 -91.1612
34.2851 -75.6957
34.4168 -55.4838
34.5486 -32.9421
34.6803 -8.7942
34.8121 15.5242
34.9438 36.9825
35.0756 52.2953
35.2073 59.9626
35.3391 60.9224
35.4708 57.2112
35.6026 50.0155
35.7343 39.0466
35.8661 23.7928
35.9978 5.31283
36.1296 -13.3234
36.2613 -28.5307
36.3931 -38.3468
36.5248 -43.2958
36.6566 -45.2608
36.7884 -45.4964
36.9201 -43.6317
37.0519 -38.4716
37.1836 -29.6659
37.3154 -18.5536
37.4471 -7.38466
37.5789 2.27541
37.7106 10.4087
37.8424 17.9119
37.9741 25.1806
38.1059 31.3369
38.2376 34.828
38.3694 34.7631
38.5011 31.6782
38.6329 27.034
38.7646 21.9977
38.8964 16.6897
39.0281 10.5413
39.1599 3.2911
39.2916 -4.41639
39.4234 -11.3882
39.5552 -16.7729
39.6869 -20.5742
39.8187 -23.328
39.9504 -25.3488
40.0822 -26.3456
40.2139 -25.7682
40.3457 -23.4736
40.4774 -19.9948
40.6092 -16.138
40.7409 -12.3332
40.8727 -8.39752
41.0044 -3.92721
41.1362 1.11012
41.2679 6.1871
41.3997 10.5974
41.5314 13.9886
41.6632 16.5061
41.7949 18.4382
41.9267 19.7747
42.0584 20.1573
42.1902 19.2673
42.3219 17.2288
42.4537 14.5879
42.5855 11.875
42.7172 9.18776
42.849 6.213
42.9807 2.65887
43.1125 -1.33867
43.2442 -5.23297
43.376 -8.47584
43.5077 -10.9107
43.6395 -12.7879
43.7712 -14.433
43.903 -15.9247
44.0347 -17.0748
44.1665 -17.6525
44.2982 -17.5511
44.43 -16.7079
44.5617 -14.9205
44.6935 -11.8667
44.8252 -7.43584
44.957 -2.10241
45.0887 3.06301
45.2205 6.88131
45.3523 8.7323
45.484 8.8867
45.6158 8.24534
45.7475 7.71344
45.8793 7.70963
46.011 8.13979
46.1428 8.73826
46.2745 9.39604
46.4063 10.1887
46.538 11.1491
46.6698 12.0651
46.8015 12.5158
46.9333 12.1058
47.065 10.6738
47.1968 8.31469
47.3285 5.24757
47.4603 1.68931
47.592 -2.16261
47.7238 -6.07664
47.8555 -9.76808
47.9873 -12.9531
48.1191 -15.415
48.2508 -17.0107
48.3826 -17.629
48.5143 -17.1837
48.6461 -15.6862
48.7778 -13.3382
48.9096 -10.5283
49.0413 -7.69372
49.1731 -5.13366
49.3048 -2.91824
49.4366 -0.948665
49.5683 0.90956
49.7001 2.74586
49.8318 4.6166
49.9636 6.57423
50.0953 8.6235
50.2271 10.6207
50.3588 12.2375
50.4906 13.0847
50.6223 12.9432
50.7541 11.9213
50.8858 10.3934
51.0176 8.7571
51.1494 7.20193
51.2811 5.66916
51.4129 4.0083
51.5446 2.16846
51.6764 0.258381
51.8081 -1.54409
51.9399 -3.10939
52.0716 -4.37776
52.2034 -5.29088
52.3351 -5.75001
52.4669 -5.68792
52.5986 -5.20493
52.7304 -4.62184
52.8621 -4.35453
52.9939 -4.67361
53.1256 -5.52605
53.2574 -6.55575
53.3891 -7.30401
53.5209 -7.44197
53.6526 -6.8897
53.7844 -5.78651
53.9162 -4.38037
54.0479 -2.92058
54.1797 -1.58601
54.3114 -0.441865
54.4432 0.571727
54.5749 1.59302
54.7067 2.73085
54.8384 3.95659
54.9702 5.08893
55.1019 5.90746
55.2337 6.31815
55.3654 6.43195
55.4972 6.47973
55.6289 6.62771
55.7607 6.84907
55.8924 6.95933
56.0242 6.77675
56.1559 6.26066
56.2877 5.51011
56.4194 4.6411
56.5512 3.67073
56.6829 2.51968
56.8147 1.12374
56.9465 -0.458075
57.0782 -2.04176
57.21 -3.42144
57.3417 -4.48299
57.4735 -5.23681
57.6052 -5.76132
57.737 -6.12479
57.8687 -6.35221
58.0005 -6.44355
58.1322 -6.40015
58.264 -6.22425
58.3957 -5.90102
58.5275 -5.39692
58.6592 -4.68609
58.791 -3.78011
58.9227 -2.73001
59.0545 -1.60088
59.1862 -0.44983
59.318 0.67043
59.4497 1.69648
59.5815 2.56083
59.7133 3.22826
59.845 3.72695
59.9768 4.13142
60.1085 4.49924
60.2403 4.81698
60.372 5.01257
60.5038 5.02924
60.6355 4.89113
60.7673 4.69154
60.899 4.50824
61.0308 4.32625
61.1625 4.04715
61.2943 3.58273
61.426 2.94689
61.5578 2.25852
61.6895 1.65212
61.8213 1.18004
61.953 0.794317
62.0848 0.414489
62.2165 0.00432716
62.3483 -0.420931
62.4801 -0.85596
62.6118 -1.35825
62.7436 -2.0222
62.8753 -2.88682
63.0071 -3.86328
63.1388 -4.75672
63.2706 -5.37082
63.4023 -5.60886
63.5341 -5.49343
63.6658 -5.10662
63.7976 -4.52059
63.9293 -3.78178
64.0611 -2.94386
64.1928 -2.09225
64.3246 -1.31826
64.4563 -0.66344
64.5881 -0.0930901
64.7198 0.468974
64.8516 1.07457
64.9833 1.71448
65.1151 2.33775
65.2468 2.89455
65.3786 3.3504
65.5104 3.66173
65.6421 3.75878
65.7739 3.58776
65.9056 3.20334
66.0374 2.83143
66.1691 2.81402
66.3009 3.42355
66.4326 4.64006
66.5644 6.038
66.6961 6.88762
66.8279 6.46133
66.9596 4.41528
67.0914 1.05448
67.2231 -2.68019
67.3549 -5.54566
67.4866 -6.52949
67.6184 -5.32896
67.7501 -2.51432
67.8819 0.736149
68.0136 3.19689
68.1454 4.13471
68.2772 3.52515
68.4089 1.86394
68.5407 -0.236621
68.6724 -2.36006
68.8042 -4.32366
68.9359 -6.00936
69.0677 -7.21506
69.1994 -7.69348
69.3312 -7.33529
69.4629 -6.29962
69.5947 -4.94119
69.7264 -3.58106
69.8582 -2.32148
69.9899 -1.06671
70.1217 0.282554
70.2534 1.65352
70.3852 2.81205
70.5169 3.5448
70.6487 3.83571
70.7804 3.87226
70.9122 3.88318
71.044 3.96526
71.1757 4.05404
71.3075 4.04575
71.4392 3.93472
71.571 3.83007
71.7027 3.84398
71.8345 3.9687
71.9662 4.05988
72.098 3.93302
72.2297 3.47782
72.3615 2.69908
72.4932 1.68233
72.625 0.551443
72.7567 -0.536895
72.8885 -1.39236
73.0202 -1.84414
73.152 -1.84811
73.2837 -1.56124
73.4155 -1.28859
73.5472 -1.30829
73.679 -1.69746
73.8107 -2.29886
73.9425 -2.85426
74.0743 -3.18862
74.206 -3.29262
74.3378 -3.25264
74.4695 -3.11901
74.6013 -2.84929
74.733 -2.37568
74.8648 -1.71784
74.9965 -1.01958
75.1283 -0.467723
75.26 -0.166886
75.3918 -0.0812249
75.5235 -0.0835045
75.6553 -0.0523414
75.787 0.0711407
75.9188 0.29688
76.0505 0.624263
76.1823 1.04893
76.314 1.5369
76.4458 2.01508
76.5775 2.41108
76.7093 2.71157
76.8411 2.97327
76.9728 3.26156
77.1046 3.56998
77.2363 3.80351
77.3681 3.851
77.4998 3.68139
77.6316 3.36912
77.7633 3.02096
77.8951 2.67547
78.0268 2.27531
78.1586 1.74045
78.2903 1.0684
78.4221 0.359002
78.5538 -0.263612
78.6856 -0.756465
78.8173 -1.18808
78.9491 -1.66555
79.0808 -2.22999
79.2126 -2.81735
79.3443 -3.31171
79.4761 -3.62822
79.6079 -3.7448
79.7396 -3.66758
79.8714 -3.3891
80.0031 -2.89994
80.1349 -2.2448
80.2666 -1.55161
80.3984 -0.980778
80.5301 -0.624513
80.6619 -0.446296
80.7936 -0.321046
80.9254 -0.141823
81.0571 0.105157
81.1889 0.363258
81.3206 0.594788
81.4524 0.841416
81.5841 1.19254
81.7159 1.69334
81.8476 2.28491
81.9794 2.83544
82.1111 3.23108
82.2429 3.43988
82.3746 3.49554
82.5064 3.43041
82.6382 3.23345
82.7699 2.87423
82.9017 2.36174
83.0334 1.77227
83.1652 1.21754
83.2969 0.786782
83.4287 0.515976
83.5604 0.398126
83.6922 0.400392
83.8239 0.455264
83.9557 0.454168
84.0874 0.223353
84.2192 -0.327355
84.3509 -1.14757
84.4827 -2.03763
84.6144 -2.65061
84.7462 -2.8612
84.8779 -2.66085
85.0097 -2.25685
85.1414 -1.7821
85.2732 -1.3479
85.405 -0.946075
85.5367 -0.527013
85.6685 -0.165305
85.8002 0.0542139
85.932 0.11867
86.0637 0.0598012
86.1955 0.0309671
86.3272 0.0750354
86.459 0.157196
86.5907 0.175196
86.7225 0.0847197
86.8542 -0.0649162
86.986 -0.179877
87.1177 -0.142835
87.2495 0.0434877
87.3812 0.289565
87.513 0.565185
87.6447 0.938333
87.7765 1.35676
87.9082 1.7918
88.04 2.19588
88.1718 2.32582
88.3035 2.21754
88.4353 1.90087
88.567 1.56571
88.6988 1.2669
88.8305 0.98085
88.9623 0.780488
89.094 0.650934
89.2258 0.560518
89.3575 0.483489
89.4893 0.347221
89.621 0.169698
89.7528 -0.142909
89.8845 -0.543196
90.0163 -0.845491
90.148 -1.03142
90.2798 -1.06359
90.4115 -1.00953
90.5433 -0.96182
90.675 -0.92909
90.8068 -0.898919
90.9385 -0.851762
91.0703 -0.860663
91.2021 -0.840416
91.3338 -0.766725
91.4656 -0.659479
91.5973 -0.529444
91.7291 -0.353025
91.8608 -0.154334
91.9926 -0.0240307
92.1243 0.0312421
92.2561 0.0645458
92.3878 0.203726
92.5196 0.394996
92.6513 0.59834
92.7831 0.755881
92.9148 0.755742
93.0466 0.743906
93.1783 0.68664
93.3101 0.627922
93.4418 0.592364
93.5736 0.545291
93.7053 0.602635
93.8371 0.73666
93.9689 0.915242
94.1006 1.09049
94.2324 1.13219
94.3641 0.993689
94.4959 0.698962
94.6276 0.442034
94.7594 0.244773
94.8911 0.105684
95.0229 -0.0224659
95.1546 -0.129309
95.2864 -0.158207
95.4181 -0.140365
95.5499 -0.0835159
95.6816 0.0453941
95.8134 0.0959423
95.9451 0.0571421
96.0769 -0.0386649
96.2086 -0.0740304
96.3404 -0.114343
96.4721 -0.183484
96.6039 -0.34374
96.7357 -0.463229
96.8674 -0.610807
96.9992 -0.677671
97.1309 -0.657309
97.2627 -0.513547
97.3944 -0.417128
97.5262 -0.306879
97.6579 -0.192237
97.7897 -0.0258946
97.9214 0.163496
98.0532 0.311972
98.1849 0.432569
98.3167 0.524277
98.4484 0.552266
98.5802 0.557248
98.7119 0.528542
98.8437 0.372895
98.9754 0.1335
99.1072 -0.0559724
99.2389 -0.160607
99.3707 -0.187218
99.5024 -0.046478
99.6342 0.0732407
99.766 0.220982
99.8977 0.373071
100.029 0.532807
100.161 0.681907
100.293 0.753699
100.425 0.742031
100.556 0.566234
100.688 0.323099
100.82 0.0949075
100.952 -0.0958821
101.083 -0.197723
101.215 -0.188545
101.347 -0.128189
101.479 -0.00476637
101.61 0.14877
101.742 0.230136
101.874 0.241144
102.006 0.166916
102.137 0.0950273
102.269 0.0449588
102.401 0.00661149
102.533 -0.157768
102.665 -0.387435
102.796 -0.567464
102.928 -0.605543
103.06 -0.491612
103.192 -0.245492
103.323 0.0171481
103.455 0.149615
103.587 0.157838
103.719 0.167439
103.85 0.230945
103.982 0.233838
104.114 0.214356
104.246 0.0862486
104.377 -0.0270082
104.509 -0.142982
104.641 -0.155739
104.773 -0.0682783
104.904 0.0921876
105.036 0.230417
105.168 0.27531
105.3 0.232531
105.431 0.261601
105.563 0.265148
105.695 0.261337
105.827 0.228977
105.958 0.183997
106.09 0.167088
106.222 0.144338
106.354 0.131389
106.485 0.0731415
106.617 -0.074296
106.749 -0.192528
106.881 -0.192678
107.012 -0.0677179
107.144 0.0617685
107.276 0.149931
107.408 0.15138
107.539 0.120963
107.671 0.0667877
107.803 0.0433067
107.935 0.00453805
108.066 -0.054243
108.198 -0.151416
108.33 -0.229922
108.462 -0.218851
108.593 -0.114036
108.725 0.00571358
108.857 0.132317
108.989 0.0969643
109.12 0.0729989
109.252 0.0428766
109.384 0.0365115
109.516 -0.00736263
109.647 -0.0341964
109.779 -0.0364568
109.911 -0.0541871
110.043 -0.0286199
110.174 0.0225732
110.306 0.0211797
110.438 0.00384785
110.57 -0.0363339
110.701 -0.0670562
110.833 -0.0557389
110.965 -0.0268609
111.097 0.00144874
111.228 0.0388347
111.36 0.0359839
111.492 -0.015572
111.624 -0.0199212
111.755 0.0130031
111.887 0.0328062
112.019 0.0614914
112.151 0.0645932
112.282 0.0533819
112.414 0.065701
112.546 0.0376227
112.678 0.0308312
112.809 -0.0253919
112.941 -0.0658695
113.073 -0.07653
113.205 -0.0767885
113.336 -0.0486124
113.468 -0.0504314
113.6 -0.0277545
113.732 -0.0176927
113.863 -0.000878405
113.995 0.0290296
114.127 0.0510095
114.259 0.0357034
114.39 0.00756483
114.522 -0.0121313
114.654 -0.0329108
114.786 -0.0268064
114.917 -0.0157953
115.049 -0.0165072
115.181 -0.0489671
115.313 -0.0242461
115.444 -0.0125943
115.576 0.00034737
115.708 -0.00230138
115.84 0.000499067
115.971 -0.00446899
116.103 0.00361509
116.235 0.0152644
116.367 0.0030268
116.498 -0.00156859
116.63 -0.00553617
116.762 -0.0142239
116.894 -0.0231257
117.026 -0.00653372
117.157 -0.00684453
117.289 -0.00679764
117.421 -0.00626479
117.553 -0.00523045
117.684 -0.00378616
117.816 -0.0063988
117.948 -0.0063988
118.08 -0.0063988
118.211 -0.0063988
118.343 -0.0063988
118.475 -0.0063988
118.607 -0.0063988
118.738 -0.0063988
118.87 -0.0063988
119.002 -0.0063988
119.134 -0.0063988
119.265 -0.0063988
119.397 -0.0063988
119.529 -0.0063988
119.661 -0.0063988
119.792 -0.0063988
119.924 -0.0063988
120.056 -0.0063988
120.188 -0.0063988
120.319 -0.0063988
120.451 -0.0063988
120.583 -0.0063988
120.715 -0.0063988
120.846 -0.0063988
120.978 -0.0063988
121.11 -0.0063988
121.242 -0.0063988
121.373 -0.0063988
121.505 -0.0063988
121.637 -0.0063988
121.769 -0.0063988
121.9 -0.0063988
122.032 -0.0063988
122.164 -0.0063988
122.296 -0.0063988
122.427 -0.0063988
122.559 -0.0063988
122.691 -0.0063988
122.823 -0.0063988
122.954 -0.0063988
123.086 -0.0063988
123.218 -0.0063988
123.35 -0.0063988
123.481 -0.0063988
123.613 -0.0063988
123.745 -0.0063988
123.877 -0.0063988
124.008 -0.0063988
124.14 -0.0063988
124.272 -0.0063988
124.404 -0.0063988
124.535 -0.0063988
124.667 -0.0063988
124.799 -0.0063988
124.931 -0.0063988
125.062 -0.0063988
125.194 -0.0063988
125.326 -0.0063988
125.458 -0.0063988
125.589 -0.0063988
125.721 -0.0063988
125.853 -0.0063988
125.985 -0.0063988
126.116 -0.0063988
126.248 -0.0063988
126.38 -0.0063988
126.512 -0.0063988
126.643 -0.0063988
126.775 -0.0063988
126.907 -0.0063988
127.039 -0.0063988
127.17 -0.0063988
127.302 -0.0063988
127.434 -0.0063988
127.566 -0.0063988
127.697 -0.0063988
127.829 -0.0063988
127.961 -0.0063988
128.093 -0.0063988
128.224 -0.0063988
128.356 -0.0063988
128.488 -0.0063988
128.62 -0.0063988
128.751 -0.0063988
128.883 -0.0063988
129.015 -0.0063988
129.147 -0.0063988
129.278 -0.0063988
129.41 -0.0063988
129.542 -0.0063988
129.674 -0.0063988
129.805 -0.0063988
129.937 -0.0063988
130.069 -0.0063988
130.201 -0.0063988
130.332 -0.0063988
130.464 -0.0063988
130.596 -0.0063988
130.728 -0.0063988
