-4.5425 0.323241
-4.41074 0.338008
-4.27899 0.354883
-4.14724 0.47841
-4.01549 0.589182
-3.88374 0.625258
-3.75198 0.509614
-3.62023 0.275699
-3.48848 -0.0392927
-3.35673 -0.243145
-3.22497 -0.373987
-3.09322 -0.441726
-2.96147 -0.428897
-2.82972 -0.43036
-2.69796 -0.415382
-2.56621 -0.352513
-2.43446 -0.278003
-2.30271 -0.179934
-2.17096 -0.0647783
-2.0392 0.110484
-1.90745 0.378878
-1.7757 0.699619
-1.64395 0.997613
-1.51219 1.12361
-1.38044 1.05125
-1.24869 0.766408
-1.11694 0.397183
-0.985184 0.0249115
-0.853432 -0.33495
-0.72168 -0.535123
-0.589927 -0.617644
-0.458175 -0.530575
-0.326423 -0.345865
-0.194671 -0.146158
-0.0629182 0.0519915
0.0688341 0.0443919
0.200586 -0.0294522
0.332339 -0.12004
0.464091 -0.120833
0.595843 -0.119332
0.727596 -0.0491222
0.859348 0.0267576
0.9911 0.202599
1.12285 0.380736
1.2546 0.580519
1.38636 0.680239
1.51811 0.62093
1.64986 0.488967
1.78161 0.31313
1.91337 0.169987
2.04512 0.0512883
2.17687 -0.0958558
2.30862 -0.312793
2.44038 -0.490597
2.57213 -0.582225
2.70388 -0.546637
2.83563 -0.392257
2.96738 -0.149846
3.09914 0.0567647
3.23089 0.188491
3.36264 0.346461
3.49439 0.499424
3.62615 0.647458
3.7579 0.72025
3.88965 0.670609
4.0214 0.56868
4.15316 0.450158
4.28491 0.47452
4.41666 0.523116
4.54841 0.56045
4.68016 0.458802
4.81192 0.320588
4.94367 0.123094
5.07542 -0.0614013
5.20717 -0.307496
5.33893 -0.568764
5.47068 -0.750504
5.60243 -0.822751
5.73418 -0.767314
5.86594 -0.629362
5.99769 -0.472596
6.12944 -0.328925
6.26119 -0.184781
6.39294 0.00822594
6.5247 0.277411
6.65645 0.557621
6.7882 0.787218
6.91995 0.906501
7.05171 0.916292
7.18346 0.830232
7.31521 0.711635
7.44696 0.619836
7.57872 0.535252
7.71047 0.309749
7.84222 0.0162015
7.97397 -0.189692
8.10572 -0.330092
8.23748 -0.316417
8.36923 -0.252034
8.50098 -0.0849121
8.63273 0.0698529
8.76449 0.294441
8.89624 0.500855
9.02799 0.688539
9.15974 0.751613
9.2915 0.729904
9.42325 0.667793
9.555 0.606146
9.68675 0.535436
9.8185 0.401392
9.95026 0.194557
10.082 -0.0709304
10.2138 -0.275603
10.3455 -0.365575
10.4773 -0.392796
10.609 -0.459574
10.7408 -0.561214
10.8725 -0.665279
11.0043 -0.654364
11.136 -0.455022
11.2678 -0.143391
11.3995 0.165795
11.5313 0.396284
11.663 0.561492
11.7948 0.699371
11.9265 0.766151
12.0583 0.795216
12.19 0.696673
12.3218 0.464654
12.4536 0.209388
12.5853 0.10059
12.7171 0.195079
12.8488 0.355341
12.9806 0.386904
13.1123 0.31271
13.2441 0.151275
13.3758 0.079444
13.5076 0.148318
13.6393 0.296189
13.7711 0.401003
13.9028 0.389992
14.0346 0.353675
14.1663 0.296473
14.2981 0.268822
14.4298 0.207328
14.5616 0.0573031
14.6933 -0.175645
14.8251 -0.384026
14.9568 -0.406013
15.0886 -0.27201
15.2203 -0.0500532
15.3521 0.0912432
15.4839 0.187526
15.6156 0.294689
15.7474 0.465065
15.8791 0.658288
16.0109 0.756744
16.1426 0.707056
16.2744 0.544131
16.4061 0.350577
16.5379 0.182922
16.6696 -0.0251765
16.8014 -0.328877
16.9331 -0.701924
17.0649 -1.00226
17.1966 -1.0718
17.3284 -0.869927
17.4601 -0.505365
17.5919 -0.130542
17.7236 0.195511
17.8554 0.53544
17.9871 0.965954
18.1189 1.45135
18.2507 1.83709
18.3824 1.97556
18.5142 1.85318
18.6459 1.58269
18.7777 1.26698
18.9094 0.882335
19.0412 0.315719
19.1729 -0.471611
19.3047 -1.32434
19.4364 -1.95689
19.5682 -2.15851
19.6999 -1.94881
19.8317 -1.53384
19.9634 -1.1076
20.0952 -0.695572
20.2269 -0.189663
20.3587 0.474404
20.4904 1.19086
20.6222 1.74422
20.7539 1.99236
20.8857 1.9781
21.0175 1.85141
21.1492 1.68775
21.281 1.40198
21.4127 0.858774
21.5445 0.0686391
21.6762 -0.741798
21.808 -1.27585
21.9397 -1.39753
22.0715 -1.22283
22.2032 -0.983507
22.335 -0.802467
22.4667 -0.604558
22.5985 -0.242414
22.7302 0.304765
22.862 0.870708
22.9937 1.23927
23.1255 1.33007
23.2572 1.23865
23.389 1.10006
23.5207 0.935785
23.6525 0.656254
23.7842 0.211567
23.916 -0.288361
24.0478 -0.635413
24.1795 -0.714907
24.3113 -0.619954
24.443 -0.551558
24.5748 -0.598663
24.7065 -0.635095
24.8383 -0.458466
24.97 -0.0353937
25.1018 0.413712
25.2335 0.603711
25.3653 0.469956
25.497 0.250986
25.6288 0.263041
25.7605 0.581437
25.8923 0.956061
26.024 1.05947
26.1558 0.821034
26.2875 0.500076
26.4193 0.41378
26.551 0.59814
26.6828 0.761752
26.8146 0.593115
26.9463 0.105641
27.0781 -0.350184
27.2098 -0.437582
27.3416 -0.188289
27.4733 0.0198772
27.6051 -0.142633
27.7368 -0.596839
27.8686 -0.919366
28.0003 -0.783716
28.1321 -0.320247
28.2638 0.00289359
28.3956 -0.120012
28.5273 -0.4712
28.6591 -0.49547
28.7908 0.12157
28.9226 1.07581
29.0543 1.69241
29.1861 1.58628
29.3178 1.06419
29.4496 0.822059
29.5814 1.20733
29.7131 1.79573
29.8449 1.74744
29.9766 0.611274
30.1084 -1.24395
30.2401 -3.02518
30.3719 -4.3001
30.5036 -5.25055
30.6354 -5.98774
30.7671 -5.60611
30.8989 -2.19741
31.0306 5.646
31.1624 16.7543
31.2941 26.5254
31.4259 28.4749
31.5576 17.6421
31.6894 -6.13736
31.8211 -37.085
31.9529 -65.0948
32.0846 -79.2247
32.2164 -71.5669
32.3481 -40.3355
32.4799 8.51931
32.6117 61.8363
32.7434 102.579
32.8752 115.801
33.0069 95.2522
33.1387 47.1235
33.2704 -11.9445
33.4022 -62.3858
33.5339 -90.8058
33.6657 -95.22
33.7974 -83.3633
33.9292 -65.7241
34.0609 -48.5176
34.1927 -31.4131
34.3244 -10.8387
34.4562 14.629
34.5879 41.4742
34.7197 63.0737
34.8514 74.1484
34.9832 73.9019
35.1149 65.4773
35.2467 52.7488
35.3785 37.5698
35.5102 19.7324
35.642 -0.853171
35.7737 -22.2263
35.9055 -40.664
36.0372 -52.8791
36.169 -58.0272
36.3007 -57.7198
36.4325 -54.1938
36.5642 -48.4409
36.696 -39.9541
36.8277 -28.0873
36.9595 -13.5298
37.0912 1.56551
37.223 14.8539
37.3547 25.2
37.4865 32.9238
37.6182 38.806
37.75 42.9319
37.8817 44.4891
38.0135 42.6076
38.1453 37.3197
38.277 29.6862
38.4088 21.0248
38.5405 12.0524
38.6723 2.76345
38.804 -6.92013
38.9358 -16.4545
39.0675 -24.6581
39.1993 -30.3894
39.331 -33.2638
39.4628 -33.7568
39.5945 -32.665
39.7263 -30.4808
39.858 -27.2375
39.9898 -22.8544
40.1215 -17.5337
40.2533 -11.7817
40.385 -6.07275
40.5168 -0.550148
40.6485 4.91274
40.7803 10.3696
40.912 15.5505
41.0438 19.9629
41.1756 23.2266
41.3073 25.286
41.4391 26.291
41.5708 26.2987
41.7026 25.1349
41.8343 22.5812
41.9661 18.699
42.0978 13.9428
42.2296 8.91876
42.3613 4.00103
42.4931 -0.828993
42.6248 -5.76245
42.7566 -10.7696
42.8883 -15.4075
43.0201 -19.0186
43.1518 -21.1527
43.2836 -21.8543
43.4153 -21.5905
43.5471 -20.9052
43.6788 -20.0873
43.8106 -19.0726
43.9424 -17.5695
44.0741 -15.2435
44.2059 -11.8345
44.3376 -7.21974
44.4694 -1.50708
44.6011 4.84194
44.7329 10.983
44.8646 15.8853
44.9964 18.7279
45.1281 19.2832
45.2599 18.0283
45.3916 15.8929
45.5234 13.796
45.6551 12.2616
45.7869 11.328
45.9186 10.7393
46.0504 10.2268
46.1821 9.66133
46.3139 9.00143
46.4456 8.13698
46.5774 6.80266
46.7092 4.66556
46.8409 1.53958
46.9727 -2.43126
47.1044 -6.76688
47.2362 -10.8436
47.3679 -14.1634
47.4997 -16.5245
47.6314 -17.9929
47.7632 -18.7221
47.8949 -18.7744
48.0267 -18.0789
48.1584 -16.5364
48.2902 -14.1653
48.4219 -11.1558
48.5537 -7.7963
48.6854 -4.34856
48.8172 -0.981486
48.9489 2.19783
49.0807 5.0801
49.2124 7.54841
49.3442 9.55099
49.4759 11.1736
49.6077 12.6123
49.7395 14.0305
49.8712 15.3978
50.003 16.4414
50.1347 16.76
50.2665 16.0288
50.3982 14.162
50.53 11.3468
50.6617 7.9596
50.7935 4.4399
50.9252 1.18149
51.057 -1.54364
51.1887 -3.63538
51.3205 -5.17531
51.4522 -6.3678
51.584 -7.41562
51.7157 -8.39453
51.8475 -9.21426
51.9792 -9.69943
52.111 -9.72955
52.2427 -9.32898
52.3745 -8.64455
52.5063 -7.84775
52.638 -7.05532
52.7698 -6.3254
52.9015 -5.69849
53.0333 -5.20907
53.165 -4.83857
53.2968 -4.464
53.4285 -3.8821
53.5603 -2.92075
53.692 -1.55324
53.8238 0.0898965
53.9555 1.83019
54.0873 3.5739
54.219 5.34168
54.3508 7.16329
54.4825 8.93729
54.6143 10.3991
54.746 11.2478
54.8778 11.3376
55.0095 10.7769
55.1413 9.85369
55.2731 8.85016
55.4048 7.89199
55.5366 6.93318
55.6683 5.8567
55.8001 4.58807
55.9318 3.13732
56.0636 1.56696
56.1953 -0.0563144
56.3271 -1.67966
56.4588 -3.25716
56.5906 -4.75049
56.7223 -6.14681
56.8541 -7.46529
56.9858 -8.72268
57.1176 -9.87121
57.2493 -10.7632
57.3811 -11.1882
57.5128 -10.9709
57.6446 -10.069
57.7763 -8.60385
57.9081 -6.8125
58.0398 -4.95547
58.1716 -3.23385
58.3034 -1.74382
58.4351 -0.471433
58.5669 0.678408
58.6986 1.82412
58.8304 3.03606
58.9621 4.28678
59.0939 5.45984
59.2256 6.41927
59.3574 7.09213
59.4891 7.49934
59.6209 7.71085
59.7526 7.76835
59.8844 7.64836
60.0161 7.29924
60.1479 6.71264
60.2796 5.95625
60.4114 5.13409
60.5431 4.31481
60.6749 3.50105
60.8066 2.66867
60.9384 1.82989
61.0702 1.04677
61.2019 0.373672
61.3337 -0.213927
61.4654 -0.823982
61.5972 -1.56711
61.7289 -2.45849
61.8607 -3.39391
61.9924 -4.22505
62.1242 -4.86602
62.2559 -5.3358
62.3877 -5.70547
62.5194 -6.01051
62.6512 -6.21552
62.7829 -6.25873
62.9147 -6.12003
63.0464 -5.83678
63.1782 -5.45248
63.3099 -4.95835
63.4417 -4.29619
63.5734 -3.42425
63.7052 -2.37778
63.837 -1.25816
63.9687 -0.158285
64.1005 0.900429
64.2322 1.95496
64.364 3.02659
64.4957 4.06629
64.6275 4.98039
64.7592 5.71111
64.891 6.2825
65.0227 6.75225
65.1545 7.10813
65.2862 7.21813
65.418 6.90933
65.5497 6.13597
65.6815 5.10288
65.8132 4.22365
65.945 3.90583
66.0767 4.28023
66.2085 5.03792
66.3402 5.48496
66.472 4.8165
66.6037 2.50763
66.7355 -1.34565
66.8673 -5.91134
66.999 -9.84381
67.1308 -11.8106
67.2625 -11.1094
67.3943 -8.05341
67.526 -3.876
67.6578 -0.164307
67.7895 1.87698
67.9213 1.91153
68.053 0.448757
68.1848 -1.60805
68.3165 -3.49834
68.4483 -4.88038
68.58 -5.74726
68.7118 -6.16211
68.8435 -6.08319
68.9753 -5.40624
69.107 -4.12974
69.2388 -2.44868
69.3705 -0.675405
69.5023 0.938963
69.6341 2.32168
69.7658 3.54353
69.8976 4.685
70.0293 5.73337
70.1611 6.58881
70.2928 7.14602
70.4246 7.35884
70.5563 7.23671
70.6881 6.80417
70.8198 6.08751
70.9516 5.14752
71.0833 4.11208
71.2151 3.15155
71.3468 2.39695
71.4786 1.86339
71.6103 1.44417
71.7421 0.980993
71.8738 0.353856
72.0056 -0.470262
72.1373 -1.44255
72.2691 -2.45844
72.4008 -3.3753
72.5326 -4.03134
72.6644 -4.29504
72.7961 -4.1439
72.9279 -3.71899
73.0596 -3.29106
73.1914 -3.12981
73.3231 -3.3498
73.4549 -3.83874
73.5866 -4.32118
73.7184 -4.51399
73.8501 -4.26814
73.9819 -3.61302
74.1136 -2.69876
74.2454 -1.69955
74.3771 -0.747427
74.5089 0.080109
74.6406 0.743238
74.7724 1.22868
74.9041 1.55506
75.0359 1.77869
75.1676 1.98093
75.2994 2.23638
75.4312 2.57996
75.5629 2.99317
75.6947 3.41761
75.8264 3.7882
75.9582 4.06818
76.0899 4.2655
76.2217 4.41801
76.3534 4.55242
76.4852 4.6436
76.6169 4.60801
76.7487 4.34632
76.8804 3.81122
77.0122 3.04959
77.1439 2.18095
77.2757 1.32348
77.4074 0.524216
77.5392 -0.250298
77.6709 -1.05692
77.8027 -1.90343
77.9344 -2.72326
78.0662 -3.41637
78.198 -3.91661
78.3297 -4.22777
78.4615 -4.40538
78.5932 -4.51178
78.725 -4.58761
78.8567 -4.65293
78.9885 -4.71328
79.1202 -4.74508
79.252 -4.6708
79.3837 -4.36472
79.5155 -3.71314
79.6472 -2.69819
79.779 -1.43737
79.9107 -0.135489
80.0425 1.02312
80.1742 1.96163
80.306 2.71347
80.4377 3.35003
80.5695 3.90364
80.7012 4.34988
80.833 4.65046
80.9647 4.8026
81.0965 4.84383
81.2283 4.81403
81.36 4.71993
81.4918 4.53844
81.6235 4.24935
81.7553 3.85688
81.887 3.37733
82.0188 2.81282
82.1505 2.1489
82.2823 1.38503
82.414 0.564404
82.5458 -0.235148
82.6775 -0.94693
82.8093 -1.56485
82.941 -2.07463
83.0728 -2.48526
83.2045 -2.75746
83.3363 -2.84876
83.468 -2.78289
83.5998 -2.67765
83.7315 -2.72073
83.8633 -2.99133
83.9951 -3.38563
84.1268 -3.67145
84.2586 -3.67536
84.3903 -3.36909
84.5221 -2.86742
84.6538 -2.30703
84.7856 -1.70213
84.9173 -1.01296
85.0491 -0.146241
85.1808 0.845495
85.3126 1.7925
85.4443 2.45419
85.5761 2.75937
85.7078 2.7273
85.8396 2.53805
85.9713 2.21768
86.1031 1.96649
86.2348 1.83349
86.3666 1.8394
86.4983 1.90826
86.6301 1.94368
86.7619 1.93544
86.8936 1.78833
87.0254 1.56419
87.1571 1.36359
87.2889 1.28793
87.4206 1.33053
87.5524 1.25721
87.6841 0.982777
87.8159 0.571042
87.9476 0.0792898
88.0794 -0.314017
88.2111 -0.529001
88.3429 -0.643987
88.4746 -0.74409
88.6064 -0.947153
88.7381 -1.18303
88.8699 -1.31541
89.0016 -1.25179
89.1334 -1.04479
89.2651 -0.963115
89.3969 -0.96072
89.5286 -1.03274
89.6604 -1.25268
89.7922 -1.51143
89.9239 -1.66913
90.0557 -1.69408
90.1874 -1.48208
90.3192 -1.06787
90.4509 -0.560076
90.5827 -0.0151073
90.7144 0.421954
90.8462 0.69227
90.9779 0.74157
91.1097 0.677402
91.2414 0.62027
91.3732 0.669525
91.5049 0.802566
91.6367 1.0256
91.7684 1.25626
91.9002 1.40755
92.0319 1.43486
92.1637 1.35161
92.2954 1.19847
92.4272 0.972492
92.559 0.752237
92.6907 0.58397
92.8225 0.469484
92.9542 0.329359
93.086 0.262901
93.2177 0.184469
93.3495 0.21174
93.4812 0.221736
93.613 0.235858
93.7447 0.198109
93.8765 0.0558611
94.0082 -0.148319
94.14 -0.332801
94.2717 -0.458309
94.4035 -0.547004
94.5352 -0.58618
94.667 -0.644751
94.7987 -0.70482
94.9305 -0.705464
95.0622 -0.672318
95.194 -0.590994
95.3258 -0.466809
95.4575 -0.422499
95.5893 -0.412239
95.721 -0.34967
95.8528 -0.285192
95.9845 -0.173921
96.1163 -0.106148
96.248 -0.106054
96.3798 -0.165496
96.5115 -0.162799
96.6433 -0.130622
96.775 0.0247276
96.9068 0.253527
97.0385 0.437022
97.1703 0.607364
97.302 0.730765
97.4338 0.797105
97.5655 0.849869
97.6973 0.868296
97.829 0.857037
97.9608 0.787375
98.0925 0.635748
98.2243 0.421768
98.3561 0.172206
98.4878 -0.00568736
98.6196 -0.092376
98.7513 -0.0502812
98.8831 0.0190531
99.0148 0.0529312
99.1466 0.0691278
99.2783 -0.00620235
99.4101 -0.036039
99.5418 -0.0244364
99.6736 0.0388877
99.8053 0.0787061
99.9371 -0.0440063
100.069 -0.166979
100.201 -0.327736
100.332 -0.40887
100.464 -0.406778
100.596 -0.244605
100.728 -0.0840773
100.859 0.0451731
100.991 0.012406
101.123 -0.0811458
101.255 -0.256589
101.386 -0.410079
101.518 -0.479913
101.65 -0.495849
101.782 -0.400426
101.913 -0.226415
102.045 -0.0132836
102.177 0.185133
102.309 0.337989
102.44 0.367055
102.572 0.334759
102.704 0.293024
102.836 0.251171
102.967 0.163014
103.099 0.0809142
103.231 0.0418525
103.363 -0.00755896
103.494 -0.0150641
103.626 -0.0324593
103.758 -0.0740161
103.89 -0.121474
104.021 -0.173631
104.153 -0.145592
104.285 -0.129335
104.417 -0.0484457
104.548 0.0217547
104.68 0.124749
104.812 0.157125
104.944 0.19546
105.075 0.205618
105.207 0.253004
105.339 0.272852
105.471 0.200315
105.602 0.0865698
105.734 -0.0177642
105.866 -0.0760242
105.998 -0.103237
106.129 -0.137869
106.261 -0.184567
106.393 -0.216722
106.525 -0.209124
106.656 -0.141064
106.788 -0.0733787
106.92 -0.0485071
107.052 -0.0672386
107.183 -0.0566133
107.315 -0.00275765
107.447 0.024632
107.579 -0.0338418
107.71 -0.0818053
107.842 -0.141939
107.974 -0.23959
108.106 -0.238152
108.237 -0.204145
108.369 -0.0936348
108.501 -0.0256914
108.633 0.0927307
108.764 0.18225
108.896 0.299913
109.028 0.362276
109.16 0.390317
109.291 0.330695
109.423 0.209892
109.555 0.0767078
109.687 -0.0295478
109.819 -0.094608
109.95 -0.150298
110.082 -0.181735
110.214 -0.215277
110.346 -0.229924
110.477 -0.189803
110.609 -0.0829501
110.741 0.0148247
110.873 0.0941581
111.004 0.132139
111.136 0.122197
111.268 0.106121
111.4 0.0908286
111.531 0.070103
111.663 0.0383154
111.795 0.0187331
111.927 0.0743355
112.058 0.104346
112.19 0.108321
112.322 0.0896175
112.454 0.0607957
112.585 0.0118084
112.717 -0.0549362
112.849 -0.0950651
112.981 -0.0705143
113.112 -0.0769132
113.244 -0.0584316
113.376 -0.0499572
113.508 -0.0333339
113.639 -0.0127485
113.771 0.00405772
113.903 0.0212889
114.035 -0.00877523
114.166 -0.00542954
114.298 0.0026099
114.43 0.0123189
114.562 0.00688503
114.693 0.00340198
114.825 0.0157737
114.957 0.000876984
115.089 -0.000426618
115.22 -0.020205
115.352 0.000639105
115.484 0.00585876
115.616 0.00372072
115.747 -0.00442592
115.879 -0.0138365
116.011 -0.00790442
116.143 -0.000613991
116.274 0.00349723
116.406 0.00826543
116.538 -0.000238131
116.67 -0.000238131
116.801 -0.000238131
116.933 -0.000238131
117.065 -0.000238131
117.197 -0.000238131
117.328 -0.000238131
117.46 -0.000238131
117.592 -0.000238131
117.724 -0.000238131
117.855 -0.000238131
117.987 -0.000238131
118.119 -0.000238131
118.251 -0.000238131
118.382 -0.000238131
118.514 -0.000238131
118.646 -0.000238131
118.778 -0.000238131
118.909 -0.000238131
119.041 -0.000238131
119.173 -0.000238131
119.305 -0.000238131
119.436 -0.000238131
119.568 -0.000238131
119.7 -0.000238131
119.832 -0.000238131
119.963 -0.000238131
120.095 -0.000238131
120.227 -0.000238131
120.359 -0.000238131
120.49 -0.000238131
120.622 -0.000238131
120.754 -0.000238131
120.886 -0.000238131
121.017 -0.000238131
121.149 -0.000238131
121.281 -0.000238131
121.413 -0.000238131
121.544 -0.000238131
121.676 -0.000238131
121.808 -0.000238131
121.94 -0.000238131
122.071 -0.000238131
122.203 -0.000238131
122.335 -0.000238131
122.467 -0.000238131
122.598 -0.000238131
122.73 -0.000238131
122.862 -0.000238131
122.994 -0.000238131
123.125 -0.000238131
123.257 -0.000238131
123.389 -0.000238131
123.521 -0.000238131
123.652 -0.000238131
123.784 -0.000238131
123.916 -0.000238131
124.048 -0.000238131
124.18 -0.000238131
124.311 -0.000238131
124.443 -0.000238131
124.575 -0.000238131
124.707 -0.000238131
124.838 -0.000238131
124.97 -0.000238131
125.102 -0.000238131
125.234 -0.000238131
125.365 -0.000238131
125.497 -0.000238131
125.629 -0.000238131
125.761 -0.000238131
125.892 -0.000238131
126.024 -0.000238131
126.156 -0.000238131
126.288 -0.000238131
126.419 -0.000238131
126.551 -0.000238131
126.683 -0.000238131
126.815 -0.000238131
126.946 -0.000238131
127.078 -0.000238131
127.21 -0.000238131
127.342 -0.000238131
127.473 -0.000238131
127.605 -0.000238131
127.737 -0.000238131
127.869 -0.000238131
128 -0.000238131
128.132 -0.000238131
128.264 -0.000238131
128.396 -0.000238131
128.527 -0.000238131
128.659 -0.000238131
128.791 -0.000238131
128.923 -0.000238131
129.054 -0.000238131
129.186 -0.000238131
129.318 -0.000238131
129.45 -0.000238131
129.581 -0.000238131
129.713 -0.000238131
129.845 -0.000238131
129.977 -0.000238131
130.108 -0.000238131
130.24 -0.000238131
