-4.2301 0.899046
-4.09835 0.809365
-3.9666 0.692385
-3.83484 0.662425
-3.70309 0.66549
-3.57134 0.700952
-3.43959 0.656647
-3.30783 0.465798
-3.17608 0.20672
-3.04433 -0.0048155
-2.91258 -0.185055
-2.78082 -0.346422
-2.64907 -0.452864
-2.51732 -0.480393
-2.38557 -0.323639
-2.25382 -0.0262806
-2.12206 0.331832
-1.99031 0.5664
-1.85856 0.585941
-1.72681 0.451051
-1.59505 0.327971
-1.4633 0.328511
-1.33155 0.432308
-1.1998 0.562192
-1.06804 0.5724
-0.936292 0.549183
-0.80454 0.511549
-0.672788 0.412566
-0.541035 0.199746
-0.409283 -0.194841
-0.277531 -0.710986
-0.145779 -1.14203
-0.0140262 -1.35001
0.117726 -1.19613
0.249478 -0.816449
0.381231 -0.35906
0.512983 0.109204
0.644735 0.599697
0.776488 1.11169
0.90824 1.6667
1.03999 2.05416
1.17174 2.08
1.3035 1.83864
1.43525 1.34019
1.567 0.837294
1.69875 0.440021
1.83051 0.162191
1.96226 -0.0455826
2.09401 -0.161992
2.22576 -0.221394
2.35752 -0.194366
2.48927 -0.234936
2.62102 -0.327716
2.75277 -0.497965
2.88452 -0.619266
3.01628 -0.56437
3.14803 -0.3117
3.27978 -0.054231
3.41153 0.0603157
3.54329 -0.0182334
3.67504 -0.149971
3.80679 -0.144505
3.93854 0.0630838
4.0703 0.379595
4.20205 0.639385
4.3338 0.775877
4.46555 0.849914
4.5973 0.97583
4.72906 1.12426
4.86081 1.18082
4.99256 1.05612
5.12431 0.735818
5.25607 0.38733
5.38782 0.143378
5.51957 -0.00406946
5.65132 -0.174921
5.78308 -0.448068
5.91483 -0.726413
6.04658 -0.855597
6.17833 -0.697858
6.31008 -0.306549
6.44184 0.132171
6.57359 0.463382
6.70534 0.677281
6.83709 0.864866
6.96885 1.07741
7.1006 1.24973
7.23235 1.26984
7.3641 1.11106
7.49586 0.870547
7.62761 0.662165
7.75936 0.479683
7.89111 0.191662
8.02286 -0.306046
8.15462 -0.931348
8.28637 -1.42674
8.41812 -1.55134
8.54987 -1.27679
8.68163 -0.796716
8.81338 -0.343162
8.94513 0.00405842
9.07688 0.328353
9.20864 0.7146
9.34039 1.10468
9.47214 1.33684
9.60389 1.32825
9.73564 1.19229
9.8674 1.14117
9.99915 1.25639
10.1309 1.36905
10.2627 1.19717
10.3944 0.624624
10.5262 -0.154269
10.6579 -0.780296
10.7897 -1.03257
10.9214 -0.994256
11.0532 -0.921353
11.1849 -0.955565
11.3167 -0.979017
11.4484 -0.757504
11.5802 -0.215877
11.7119 0.449424
11.8437 0.943046
11.9754 1.14766
12.1072 1.21152
12.2389 1.35336
12.3707 1.59537
12.5024 1.71651
12.6342 1.4854
12.7659 0.927083
12.8977 0.330242
13.0295 -0.028362
13.1612 -0.156991
13.293 -0.321972
13.4247 -0.733148
13.5565 -1.26765
13.6882 -1.53712
13.82 -1.2542
13.9517 -0.534041
14.0835 0.183584
14.2152 0.524947
14.347 0.497329
14.4787 0.416949
14.6105 0.540214
14.7422 0.795913
14.874 0.90143
15.0057 0.726198
15.1375 0.488297
15.2692 0.54196
15.401 0.963971
15.5327 1.39334
15.6645 1.33768
15.7963 0.664632
15.928 -0.228657
16.0598 -0.769056
16.1915 -0.744066
16.3233 -0.473679
16.455 -0.433922
16.5868 -0.723978
16.7185 -0.948409
16.8503 -0.657963
16.982 0.111712
17.1138 0.799573
17.2455 0.865233
17.3773 0.370735
17.509 -0.03666
17.6408 0.22645
17.7725 1.04965
17.9043 1.69972
18.036 1.56951
18.1678 0.846839
18.2995 0.37073
18.4313 0.759752
18.563 1.68795
18.6948 2.09591
18.8266 1.18448
18.9583 -0.806976
19.0901 -2.86402
19.2218 -4.23704
19.3536 -5.09072
19.4853 -5.90894
19.6171 -6.15278
19.7488 -3.72964
19.8806 3.61628
20.0123 15.6525
20.1441 27.9291
20.2758 32.8993
20.4076 23.7789
20.5393 -1.12899
20.6711 -36.4071
20.8028 -71.0017
20.9346 -92.2263
21.0663 -90.2294
21.1981 -61.3723
21.3298 -10.0088
21.4616 51.5211
21.5934 105.297
21.7251 133.151
21.8569 123.893
21.9886 79.1789
22.1204 14.0791
22.2521 -49.2246
22.3839 -91.7499
22.5156 -106.039
22.6474 -97.4332
22.7791 -77.9825
22.9109 -57.7623
23.0426 -39.7476
23.1744 -21.1217
23.3061 1.29787
23.4379 26.6298
23.5696 49.9764
23.7014 66.1503
23.8331 73.2559
23.9649 72.9922
24.0966 67.9203
24.2284 58.7054
24.3602 44.0254
24.4919 23.0199
24.6237 -2.33306
24.7554 -27.3518
24.8872 -47.2472
25.0189 -59.8129
25.1507 -65.874
25.2824 -67.3671
25.4142 -65.0907
25.5459 -58.259
25.6777 -46.0656
25.8094 -29.4965
25.9412 -11.4851
26.0729 4.7793
26.2047 17.7803
26.3364 28.0654
26.4682 36.8665
26.5999 44.3866
26.7317 49.3877
26.8634 50.3492
26.9952 46.9458
27.1269 40.3877
27.2587 32.3682
27.3905 23.7336
27.5222 14.1813
27.654 3.20529
27.7857 -8.72654
27.9175 -19.9598
28.0492 -28.6157
28.181 -33.8097
28.3127 -36.0207
28.4445 -36.3719
28.5762 -35.5933
28.708 -33.6277
28.8397 -30.1086
28.9715 -25.0802
29.1032 -19.1846
29.235 -13.1743
29.3667 -7.32147
29.4985 -1.36155
29.6302 4.98266
29.762 11.4594
29.8937 17.2947
30.0255 21.7393
30.1573 24.6015
30.289 26.2471
30.4208 27.096
30.5525 27.1439
30.6843 25.9853
30.816 23.2943
30.9478 19.2613
31.0795 14.5461
31.2113 9.79648
31.343 5.2049
31.4748 0.523346
31.6065 -4.50038
31.7383 -9.69774
31.87 -14.4676
32.0018 -18.1744
32.1335 -20.5836
32.2653 -21.9564
32.397 -22.7604
32.5288 -23.2756
32.6605 -23.4088
32.7923 -22.7979
32.9241 -21.0411
33.0558 -17.8661
33.1876 -13.1975
33.3193 -7.21331
33.4511 -0.433334
33.5828 6.25667
33.7146 11.7886
33.8463 15.3076
33.9781 16.5736
34.1098 16.0869
34.2416 14.8216
34.3733 13.7226
34.5051 13.2889
34.6368 13.4794
34.7686 13.9354
34.9003 14.2966
35.0321 14.3755
35.1638 14.1123
35.2956 13.4203
35.4273 12.0964
35.5591 9.88965
35.6908 6.67274
35.8226 2.5764
35.9544 -2.02471
36.0861 -6.66812
36.2179 -10.9905
36.3496 -14.8153
36.4814 -18.0903
36.6131 -20.7428
36.7449 -22.5817
36.8766 -23.3345
37.0084 -22.7947
37.1401 -20.9604
37.2719 -18.0527
37.4036 -14.4075
37.5354 -10.3381
37.6671 -6.08112
37.7989 -1.84649
37.9306 2.11814
38.0624 5.55263
38.1941 8.3077
38.3259 10.4572
38.4576 12.2721
38.5894 14.0371
38.7212 15.8332
38.8529 17.4486
38.9847 18.4824
39.1164 18.5584
39.2482 17.4976
39.3799 15.3633
39.5117 12.406
39.6434 8.98933
39.7752 5.53254
39.9069 2.43717
40.0387 -0.0312368
40.1704 -1.85856
40.3022 -3.28892
40.4339 -4.66811
40.5657 -6.20333
40.6974 -7.81258
40.8292 -9.18438
40.9609 -10.003
41.0927 -10.1618
41.2244 -9.8072
41.3562 -9.21206
41.488 -8.60929
41.6197 -8.1207
41.7515 -7.79124
41.8832 -7.63479
42.015 -7.61438
42.1467 -7.58823
42.2785 -7.3214
42.4102 -6.6044
42.542 -5.39256
42.6737 -3.82711
42.8055 -2.0959
42.9372 -0.254332
43.069 1.81304
43.2007 4.22906
43.3325 6.89596
43.4642 9.42463
43.596 11.32
43.7277 12.2933
43.8595 12.4481
43.9912 12.1851
44.123 11.9008
44.2547 11.7219
44.3865 11.465
44.5183 10.8208
44.65 9.5912
44.7818 7.80435
44.9135 5.66586
45.0453 3.43059
45.177 1.30157
45.3088 -0.608973
45.4405 -2.28527
45.5723 -3.80478
45.704 -5.30903
45.8358 -6.92579
45.9675 -8.66924
46.0993 -10.3916
46.231 -11.8377
46.3628 -12.7702
46.4945 -13.0717
46.6263 -12.7522
46.758 -11.8825
46.8898 -10.5363
47.0215 -8.79645
47.1533 -6.79474
47.2851 -4.71115
47.4168 -2.70452
47.5486 -0.835167
47.6803 0.933258
47.8121 2.63992
47.9438 4.23002
48.0756 5.56187
48.2073 6.52576
48.3391 7.1623
48.4708 7.65193
48.6026 8.16471
48.7343 8.70027
48.8661 9.07068
48.9978 9.05271
49.1296 8.57805
49.2613 7.7924
49.3931 6.93502
49.5248 6.15336
49.6566 5.41804
49.7883 4.59919
49.9201 3.61342
50.0518 2.49866
50.1836 1.36264
50.3154 0.280116
50.4471 -0.746556
50.5789 -1.7318
50.7106 -2.63276
50.8424 -3.35231
50.9741 -3.82681
51.1059 -4.10963
51.2376 -4.35817
51.3694 -4.72661
51.5011 -5.25875
51.6329 -5.87201
51.7646 -6.43248
51.8964 -6.83847
52.0281 -7.03915
52.1599 -6.99612
52.2916 -6.65751
52.4234 -5.9896
52.5551 -5.03366
52.6869 -3.9147
52.8186 -2.77454
52.9504 -1.68469
53.0822 -0.622236
53.2139 0.469332
53.3457 1.59984
53.4774 2.71692
53.6092 3.76624
53.7409 4.7508
53.8727 5.70798
54.0044 6.61331
54.1362 7.31461
54.2679 7.59489
54.3997 7.34895
54.5314 6.7385
54.6632 6.17809
54.7949 6.11944
54.9267 6.75129
55.0584 7.80008
55.1902 8.56164
55.3219 8.17048
55.4537 6.0012
55.5854 2.03838
55.7172 -2.95562
55.849 -7.60025
55.9807 -10.3925
56.1125 -10.3698
56.2442 -7.61814
56.376 -3.31388
56.5077 0.788204
56.6395 3.16834
56.7712 3.19588
56.903 1.25739
57.0347 -1.65596
57.1665 -4.56518
57.2982 -6.90536
57.43 -8.52421
57.5617 -9.42419
57.6935 -9.55323
57.8252 -8.82399
57.957 -7.28302
58.0887 -5.20949
58.2205 -3.01411
58.3522 -1.02036
58.484 0.674934
58.6157 2.14909
58.7475 3.48397
58.8793 4.65279
59.011 5.55827
59.1428 6.15408
59.2745 6.50342
59.4063 6.70889
59.538 6.79341
59.6698 6.66853
59.8015 6.23612
59.9333 5.52828
60.065 4.74299
60.1968 4.12787
60.3285 3.80557
60.4603 3.68596
60.592 3.52882
60.7238 3.09327
60.8555 2.2571
60.9873 1.04567
61.119 -0.400506
61.2508 -1.86193
61.3825 -3.06954
61.5143 -3.76636
61.6461 -3.81931
61.7778 -3.32458
61.9096 -2.60801
62.0413 -2.07817
62.1731 -2.00779
62.3048 -2.39145
62.4366 -2.97998
62.5683 -3.45991
62.7001 -3.64205
62.8318 -3.53342
62.9636 -3.27083
63.0953 -2.99662
63.2271 -2.77534
63.3588 -2.58911
63.4906 -2.38046
63.6223 -2.09314
63.7541 -1.69095
63.8858 -1.16538
64.0176 -0.54184
64.1493 0.123098
64.2811 0.764288
64.4129 1.34011
64.5446 1.84748
64.6764 2.30588
64.8081 2.72845
64.9399 3.11253
65.0716 3.45863
65.2034 3.79061
65.3351 4.1438
65.4669 4.524
65.5986 4.88003
65.7304 5.12776
65.8621 5.21149
65.9939 5.14284
66.1256 4.97103
66.2574 4.70684
66.3891 4.277
66.5209 3.56582
66.6526 2.51863
66.7844 1.21602
66.9161 -0.152473
67.0479 -1.39696
67.1796 -2.42576
67.3114 -3.25624
67.4432 -3.94645
67.5749 -4.52593
67.7067 -4.98933
67.8384 -5.33766
67.9702 -5.59776
68.1019 -5.7807
68.2337 -5.8219
68.3654 -5.58508
68.4972 -4.95853
68.6289 -3.97221
68.7607 -2.82427
68.8924 -1.7748
69.0242 -0.984522
69.1559 -0.430306
69.2877 0.0379267
69.4194 0.559102
69.5512 1.16616
69.6829 1.80374
69.8147 2.41404
69.9464 2.98944
70.0782 3.54188
70.21 4.03792
70.3417 4.38738
70.4735 4.51242
70.6052 4.43027
70.737 4.2586
70.8687 4.1265
71.0005 4.06982
71.1322 4.0072
71.264 3.81445
71.3957 3.42183
71.5275 2.84606
71.6592 2.14622
71.791 1.37185
71.9227 0.555481
72.0545 -0.203035
72.1862 -0.778092
72.318 -1.07949
72.4497 -1.18316
72.5815 -1.32114
72.7132 -1.74534
72.845 -2.57674
72.9768 -3.62405
73.1085 -4.52024
73.2403 -4.90993
73.372 -4.72633
73.5038 -4.11431
73.6355 -3.35087
73.7673 -2.57374
73.899 -1.80297
74.0308 -1.02129
74.1625 -0.264009
74.2943 0.354072
74.426 0.7576
74.5578 0.974776
74.6895 1.04695
74.8213 1.05285
74.953 1.05514
75.0848 1.05692
75.2165 1.05575
75.3483 1.07478
75.48 1.0676
75.6118 1.06589
75.7435 1.09335
75.8753 1.20196
76.0071 1.40536
76.1388 1.69078
76.2706 2.02894
76.4023 2.3401
76.5341 2.4542
76.6658 2.37133
76.7976 2.1402
76.9293 1.86908
77.0611 1.64363
77.1928 1.5131
77.3246 1.2874
77.4563 0.887957
77.5881 0.400697
77.7198 -0.049711
77.8516 -0.336921
77.9833 -0.488552
78.1151 -0.584089
78.2468 -0.786183
78.3786 -1.08972
78.5103 -1.38975
78.6421 -1.71393
78.7739 -1.9864
78.9056 -2.18256
79.0374 -2.22385
79.1691 -2.09804
79.3009 -1.74225
79.4326 -1.23045
79.5644 -0.665904
79.6961 -0.152428
79.8279 0.155502
79.9596 0.277743
80.0914 0.283567
80.2231 0.284712
80.3549 0.258772
80.4866 0.274299
80.6184 0.347198
80.7501 0.550712
80.8819 0.844862
81.0136 1.15873
81.1454 1.32931
81.2771 1.2902
81.4089 1.201
81.5407 0.987046
81.6724 0.827829
81.8042 0.683124
81.9359 0.530773
82.0677 0.457085
82.1994 0.46489
82.3312 0.587842
82.4629 0.759081
82.5947 0.864213
82.7264 0.777013
82.8582 0.572324
82.9899 0.265843
83.1217 -0.0166698
83.2534 -0.191428
83.3852 -0.326136
83.5169 -0.380075
83.6487 -0.425426
83.7804 -0.436271
83.9122 -0.377591
84.0439 -0.206279
84.1757 -0.0609616
84.3074 -0.0136772
84.4392 -0.0502074
84.571 -0.0776366
84.7027 -0.150805
84.8345 -0.120156
84.9662 -0.119922
85.098 -0.170053
85.2297 -0.167492
85.3615 -0.162964
85.4932 -0.119466
85.625 -0.0780113
85.7567 -0.0558489
85.8885 -0.0765486
86.0202 -0.104127
86.152 -0.131064
86.2837 -0.0411762
86.4155 0.0684976
86.5472 0.183499
86.679 0.24806
86.8107 0.236846
86.9425 0.299232
87.0742 0.358574
87.206 0.332856
87.3378 0.235694
87.4695 0.0973374
87.6013 -0.0217848
87.733 -0.0275481
87.8648 0.057096
87.9965 0.184958
88.1283 0.313401
88.26 0.355817
88.3918 0.371204
88.5235 0.367185
88.6553 0.434572
88.787 0.479189
88.9188 0.479463
89.0505 0.438414
89.1823 0.301585
89.314 0.237125
89.4458 0.178106
89.5775 0.119158
89.7093 0.0554141
89.841 -0.0184749
89.9728 -0.0777678
90.1046 -0.113384
90.2363 -0.120421
90.3681 -0.212852
90.4998 -0.344716
90.6316 -0.469417
90.7633 -0.496217
90.8951 -0.419268
91.0268 -0.231902
91.1586 0.0209032
91.2903 0.144976
91.4221 0.220546
91.5538 0.24536
91.6856 0.282078
91.8173 0.293572
91.9491 0.197196
92.0808 0.0801314
92.2126 -0.0349601
92.3443 -0.104608
92.4761 -0.117397
92.6078 -0.07065
92.7396 -0.0158258
92.8713 -0.0260094
93.0031 -0.063921
93.1349 -0.040324
93.2666 0.0710261
93.3984 0.234877
93.5301 0.381489
93.6619 0.390989
93.7936 0.264212
93.9254 0.0902205
94.0571 -0.0444559
94.1889 -0.0780496
94.3206 0.0265194
94.4524 0.0721151
94.5841 0.108821
94.7159 0.154097
94.8476 0.149931
94.9794 0.149111
95.1111 0.145322
95.2429 0.211251
95.3746 0.224263
95.5064 0.255723
95.6381 0.207328
95.7699 0.145026
95.9017 0.0235057
96.0334 -0.0753836
96.1652 -0.121477
96.2969 -0.0437659
96.4287 0.0379694
96.5604 0.0807529
96.6922 0.0820359
96.8239 0.0147237
96.9557 -0.129379
97.0874 -0.252522
97.2192 -0.305362
97.3509 -0.289546
97.4827 -0.171491
97.6144 -0.0213119
97.7462 0.1402
97.8779 0.216769
98.0097 0.204203
98.1414 0.133182
98.2732 0.061922
98.4049 0.0276621
98.5367 0.0431078
98.6685 0.0876683
98.8002 0.0950738
98.932 0.106423
99.0637 0.0476543
99.1955 -0.0247396
99.3272 -0.0391939
99.459 -0.0120662
99.5907 0.0434538
99.7225 0.0946944
99.8542 0.0989077
99.986 0.111706
100.118 0.0731555
100.249 0.0393309
100.381 0.0133579
100.513 -0.0157283
100.645 -0.033438
100.776 0.000923641
100.908 0.00687933
101.04 0.0273614
101.172 0.0932126
101.303 0.0802336
101.435 0.104516
101.567 0.0966939
101.699 0.0669813
101.831 0.0244416
101.962 0.000785053
102.094 -0.0232453
102.226 -0.00182408
102.358 -2.03737e-05
102.489 0.0406016
102.621 0.0231989
102.753 0.000500529
102.885 -0.0135161
103.016 -0.00945162
103.148 -0.0124748
103.28 0.00934253
103.412 0.0193272
103.543 0.0258053
103.675 0.0278134
103.807 0.0257538
103.939 0.0249876
104.07 0.0179182
104.202 0.0109146
104.334 0.00677257
104.466 0.0143396
104.597 0.0137836
104.729 0.0229669
104.861 0.0311048
104.993 0.0151159
105.124 0.0148902
105.256 0.0137658
105.388 0.0128866
105.52 0.0141676
105.651 0.0188171
105.783 0.0261178
105.915 0.0145847
106.047 0.0145847
106.178 0.0145847
106.31 0.0145847
106.442 0.0145847
106.574 0.0145847
106.705 0.0145847
106.837 0.0145847
106.969 0.0145847
107.101 0.0145847
107.232 0.0145847
107.364 0.0145847
107.496 0.0145847
107.628 0.0145847
107.759 0.0145847
107.891 0.0145847
108.023 0.0145847
108.155 0.0145847
108.286 0.0145847
108.418 0.0145847
108.55 0.0145847
108.682 0.0145847
108.813 0.0145847
108.945 0.0145847
109.077 0.0145847
109.209 0.0145847
109.34 0.0145847
109.472 0.0145847
109.604 0.0145847
109.736 0.0145847
109.867 0.0145847
109.999 0.0145847
110.131 0.0145847
110.263 0.0145847
110.394 0.0145847
110.526 0.0145847
110.658 0.0145847
110.79 0.0145847
110.921 0.0145847
111.053 0.0145847
111.185 0.0145847
111.317 0.0145847
111.448 0.0145847
111.58 0.0145847
111.712 0.0145847
111.844 0.0145847
111.975 0.0145847
112.107 0.0145847
112.239 0.0145847
112.371 0.0145847
112.502 0.0145847
112.634 0.0145847
112.766 0.0145847
112.898 0.0145847
113.029 0.0145847
113.161 0.0145847
113.293 0.0145847
113.425 0.0145847
113.556 0.0145847
113.688 0.0145847
113.82 0.0145847
113.952 0.0145847
114.083 0.0145847
114.215 0.0145847
114.347 0.0145847
114.479 0.0145847
114.61 0.0145847
114.742 0.0145847
114.874 0.0145847
115.006 0.0145847
115.137 0.0145847
115.269 0.0145847
115.401 0.0145847
115.533 0.0145847
115.664 0.0145847
115.796 0.0145847
115.928 0.0145847
116.06 0.0145847
116.192 0.0145847
116.323 0.0145847
116.455 0.0145847
116.587 0.0145847
116.719 0.0145847
116.85 0.0145847
116.982 0.0145847
117.114 0.0145847
117.246 0.0145847
117.377 0.0145847
117.509 0.0145847
117.641 0.0145847
117.773 0.0145847
117.904 0.0145847
118.036 0.0145847
118.168 0.0145847
118.3 0.0145847
118.431 0.0145847
118.563 0.0145847
118.695 0.0145847
118.827 0.0145847
118.958 0.0145847
119.09 0.0145847
119.222 0.0145847
119.354 0.0145847
119.485 0.0145847
119.617 0.0145847
119.749 0.0145847
119.881 0.0145847
120.012 0.0145847
120.144 0.0145847
120.276 0.0145847
120.408 0.0145847
120.539 0.0145847
120.671 0.0145847
120.803 0.0145847
120.935 0.0145847
121.066 0.0145847
121.198 0.0145847
121.33 0.0145847
121.462 0.0145847
121.593 0.0145847
121.725 0.0145847
121.857 0.0145847
121.989 0.0145847
122.12 0.0145847
122.252 0.0145847
122.384 0.0145847
122.516 0.0145847
122.647 0.0145847
122.779 0.0145847
122.911 0.0145847
123.043 0.0145847
123.174 0.0145847
123.306 0.0145847
123.438 0.0145847
123.57 0.0145847
123.701 0.0145847
123.833 0.0145847
123.965 0.0145847
124.097 0.0145847
124.228 0.0145847
124.36 0.0145847
124.492 0.0145847
124.624 0.0145847
124.755 0.0145847
124.887 0.0145847
125.019 0.0145847
125.151 0.0145847
125.282 0.0145847
125.414 0.0145847
125.546 0.0145847
125.678 0.0145847
125.809 0.0145847
125.941 0.0145847
126.073 0.0145847
126.205 0.0145847
126.336 0.0145847
126.468 0.0145847
126.6 0.0145847
126.732 0.0145847
126.863 0.0145847
126.995 0.0145847
127.127 0.0145847
127.259 0.0145847
127.39 0.0145847
127.522 0.0145847
127.654 0.0145847
127.786 0.0145847
127.917 0.0145847
128.049 0.0145847
128.181 0.0145847
128.313 0.0145847
128.444 0.0145847
128.576 0.0145847
128.708 0.0145847
128.84 0.0145847
128.971 0.0145847
129.103 0.0145847
129.235 0.0145847
129.367 0.0145847
129.498 0.0145847
129.63 0.0145847
129.762 0.0145847
129.894 0.0145847
130.025 0.0145847
130.157 0.0145847
130.289 0.0145847
130.421 0.0145847
130.553 0.0145847
