-2.84979 -1.16388
-2.71804 -1.55544
-2.58629 -1.69031
-2.45454 -1.54206
-2.32278 -1.09719
-2.19103 -0.487195
-2.05928 0.156049
-1.92753 0.798485
-1.79578 1.3922
-1.66402 1.88432
-1.53227 2.23289
-1.40052 2.35323
-1.26877 2.21366
-1.13701 1.74406
-1.00526 1.11223
-0.873509 0.415017
-0.741757 -0.315354
-0.610005 -1.14949
-0.478252 -2.02728
-0.3465 -2.76482
-0.214748 -3.16706
-0.0829954 -3.044
0.0487569 -2.26013
0.180509 -1.06984
0.312262 0.178866
0.444014 1.09007
0.575766 1.46586
0.707518 1.37391
0.839271 1.05702
0.971023 0.640479
1.10278 0.27325
1.23453 0.0505054
1.36628 0.00412122
1.49803 0.174618
1.62978 0.468367
1.76154 0.862253
1.89329 1.27942
2.02504 1.64661
2.15679 1.82522
2.28855 1.78898
2.4203 1.54223
2.55205 0.994899
2.6838 0.262093
2.81556 -0.605223
2.94731 -1.33006
3.07906 -1.79116
3.21081 -1.89081
3.34256 -1.63078
3.47432 -1.02543
3.60607 -0.148884
3.73782 0.865506
3.86957 1.87633
4.00133 2.57733
4.13308 2.68572
4.26483 2.098
4.39658 0.952705
4.52834 -0.418826
4.66009 -1.6595
4.79184 -2.51933
4.92359 -2.98323
5.05534 -3.05468
5.1871 -2.76361
5.31885 -2.11204
5.4506 -1.20661
5.58235 -0.174096
5.71411 0.748517
5.84586 1.44886
5.97761 1.877
6.10936 2.03993
6.24112 2.07065
6.37287 1.97203
6.50462 1.76916
6.63637 1.50824
6.76812 1.22457
6.89988 0.914479
7.03163 0.512334
7.16338 0.0903421
7.29513 -0.347073
7.42689 -0.705923
7.55864 -0.871593
7.69039 -0.763104
7.82214 -0.386349
7.9539 0.0862182
8.08565 0.51005
8.2174 0.733127
8.34915 0.690856
8.4809 0.401597
8.61266 -0.031674
8.74441 -0.428437
8.87616 -0.581537
9.00791 -0.36724
9.13967 0.140979
9.27142 0.6589
9.40317 0.836006
9.53492 0.489351
9.66668 -0.241207
9.79843 -0.953142
9.93018 -1.23681
10.0619 -0.948954
10.1937 -0.304594
10.3254 0.275117
10.4572 0.439729
10.5889 0.112752
10.7207 -0.499393
10.8524 -1.06078
10.9842 -1.29186
11.116 -1.07627
11.2477 -0.464702
11.3795 0.380505
11.5112 1.25199
11.643 1.95587
11.7747 2.35707
11.9065 2.39874
12.0382 2.08619
12.17 1.4544
12.3017 0.562237
12.4335 -0.467002
12.5652 -1.40339
12.697 -1.94633
12.8287 -1.86701
12.9605 -1.17458
13.0922 -0.161169
13.224 0.749357
13.3557 1.26161
13.4875 1.37974
13.6192 1.3487
13.751 1.41499
13.8827 1.61166
14.0145 1.74669
14.1463 1.58817
14.278 1.06708
14.4098 0.318768
14.5415 -0.450463
14.6733 -1.12192
14.805 -1.69521
14.9368 -2.18643
15.0685 -2.52878
15.2003 -2.59659
15.332 -2.32796
15.4638 -1.80493
15.5955 -1.19174
15.7273 -0.588984
15.859 0.0383572
15.9908 0.771424
16.1225 1.57407
16.2543 2.23561
16.386 2.5032
16.5178 2.29221
16.6495 1.77098
16.7813 1.23037
16.9131 0.858919
17.0448 0.636105
17.1766 0.433422
17.3083 0.199722
17.4401 0.0261633
17.5718 0.0222473
17.7036 0.145204
17.8353 0.184894
17.9671 -0.0541006
18.0988 -0.547256
18.2306 -1.0364
18.3623 -1.23595
18.4941 -1.0632
18.6258 -0.670028
18.7576 -0.256986
18.8893 0.125918
19.0211 0.580503
19.1528 1.1719
19.2846 1.76996
19.4163 2.11271
19.5481 2.03965
19.6799 1.6445
19.8116 1.16916
19.9434 0.73978
20.0751 0.230413
20.2069 -0.585388
20.3386 -1.75481
20.4704 -3.05942
20.6021 -4.2373
20.7339 -5.24285
20.8656 -6.14262
20.9974 -6.59779
21.1291 -5.44036
21.2609 -1.03258
21.3926 7.42069
21.5244 18.3411
21.6561 27.2894
21.7879 28.3696
21.9196 17.1813
22.0514 -6.17584
22.1831 -35.8285
22.3149 -61.5694
22.4466 -72.6121
22.5784 -62.1059
22.7102 -30.4596
22.8419 14.0377
22.9737 57.7764
23.1054 86.7639
23.2372 92.0107
23.3689 72.9827
23.5007 37.4003
23.6324 -2.60484
23.7642 -35.9778
23.8959 -56.9088
24.0277 -65.5659
24.1594 -65.5261
24.2912 -60.1384
24.4229 -50.4785
24.5547 -36.0081
24.6864 -16.8124
24.8182 4.83007
24.9499 24.962
25.0817 40.017
25.2134 48.594
25.3452 51.4917
25.477 50.2155
25.6087 45.4853
25.7405 37.0965
25.8722 25.0542
26.004 10.655
26.1357 -3.70498
26.2675 -15.9037
26.3992 -25.3444
26.531 -32.8559
26.6627 -39.3024
26.7945 -44.2156
26.9262 -45.7833
27.058 -42.2737
27.1897 -33.647
27.3215 -21.9174
27.4532 -9.95297
27.585 0.240604
27.7167 8.34171
27.8485 15.1237
27.9802 21.2015
28.112 26.3176
28.2438 29.6943
28.3755 30.9051
28.5073 30.2982
28.639 28.5681
28.7708 25.985
28.9025 22.1272
29.0343 16.4221
29.166 8.9649
29.2978 0.79454
29.4295 -6.66846
29.5613 -12.5175
29.693 -16.7886
29.8248 -20.0919
29.9565 -22.8566
30.0883 -24.9055
30.22 -25.6855
30.3518 -24.8409
30.4835 -22.5414
30.6153 -19.2963
30.747 -15.5188
30.8788 -11.3081
31.0105 -6.62699
31.1423 -1.61357
31.2741 3.34797
31.4058 7.87828
31.5376 11.8797
31.6693 15.5047
31.8011 18.8149
31.9328 21.4819
32.0646 22.8712
32.1963 22.4822
32.3281 20.3568
32.4598 17.0841
32.5916 13.3998
32.7233 9.74444
32.8551 6.15203
32.9868 2.50286
33.1186 -1.16243
33.2503 -4.58053
33.3821 -7.47674
33.5138 -9.79153
33.6456 -11.6762
33.7773 -13.2789
33.9091 -14.5659
34.0409 -15.3704
34.1726 -15.5974
34.3044 -15.3327
34.4361 -14.7068
34.5679 -13.6462
34.6996 -11.8097
34.8314 -8.8513
34.9631 -4.828
35.0949 -0.378089
35.2266 3.54167
35.3584 6.19863
35.4901 7.49376
35.6219 7.92843
35.7536 8.18201
35.8854 8.65433
36.0171 9.31263
36.1489 9.89459
36.2806 10.2292
36.4124 10.3875
36.5441 10.5722
36.6759 10.8877
36.8077 11.2075
36.9394 11.2287
37.0712 10.6395
37.2029 9.25589
37.3347 7.05418
37.4664 4.12906
37.5982 0.648096
37.7299 -3.16331
37.8617 -7.02482
37.9934 -10.6212
38.1252 -13.6423
38.2569 -15.8255
38.3887 -16.9896
38.5204 -17.0649
38.6522 -16.1194
38.7839 -14.361
38.9157 -12.0919
39.0474 -9.62164
39.1792 -7.18208
39.3109 -4.89094
39.4427 -2.76856
39.5744 -0.771375
39.7062 1.19184
39.838 3.24954
39.9697 5.51955
40.1015 8.00957
40.2332 10.5229
40.365 12.6633
40.4967 13.982
40.6285 14.1959
40.7602 13.3365
40.892 11.724
41.0237 9.78843
41.1555 7.86738
41.2872 6.10843
41.419 4.50714
41.5507 3.00904
41.6825 1.58239
41.8142 0.229035
41.946 -1.03245
42.0777 -2.17014
42.2095 -3.13207
42.3412 -3.86506
42.473 -4.37017
42.6048 -4.75091
42.7365 -5.19212
42.8683 -5.85792
43 -6.77343
43.1318 -7.78094
43.2635 -8.60765
43.3953 -8.996
43.527 -8.80844
43.6588 -8.05506
43.7905 -6.8597
43.9223 -5.41061
44.054 -3.91596
44.1858 -2.54986
44.3175 -1.38258
44.4493 -0.334503
44.581 0.784826
44.7128 2.14144
44.8445 3.72544
44.9763 5.30676
45.108 6.55665
45.2398 7.26042
45.3716 7.4613
45.5033 7.42026
45.6351 7.42251
45.7668 7.58307
45.8986 7.79609
46.0303 7.84641
46.1621 7.5715
46.2938 6.94014
46.4256 6.00833
46.5573 4.82626
46.6891 3.39915
46.8208 1.73335
46.9526 -0.0924636
47.0843 -1.91435
47.2161 -3.54931
47.3478 -4.88346
47.4796 -5.90632
47.6113 -6.6691
47.7431 -7.21321
47.8748 -7.5326
48.0066 -7.59215
48.1383 -7.37151
48.2701 -6.89026
48.4019 -6.20051
48.5336 -5.36706
48.6654 -4.45776
48.7971 -3.543
48.9289 -2.68621
49.0606 -1.91888
49.1924 -1.21978
49.3241 -0.524006
49.4559 0.235773
49.5876 1.08502
49.7194 1.99336
49.8511 2.8969
49.9829 3.73124
50.1146 4.44659
50.2464 5.00246
50.3781 5.36396
50.5099 5.51655
50.6416 5.48741
50.7734 5.3442
50.9051 5.15872
51.0369 4.96072
51.1687 4.72349
51.3004 4.3979
51.4322 3.96485
51.5639 3.45539
51.6957 2.91748
51.8274 2.36144
51.9592 1.74059
52.0909 0.99276
52.2227 0.109019
52.3544 -0.834493
52.4862 -1.71573
52.6179 -2.44712
52.7497 -3.02853
52.8814 -3.52764
53.0132 -4.00695
53.1449 -4.46368
53.2767 -4.83484
53.4084 -5.06022
53.5402 -5.14349
53.6719 -5.15414
53.8037 -5.16542
53.9354 -5.17937
54.0672 -5.10177
54.199 -4.78929
54.3307 -4.13461
54.4625 -3.12845
54.5942 -1.85906
54.726 -0.458235
54.8577 0.959401
54.9895 2.31888
55.1212 3.55854
55.253 4.58509
55.3847 5.25713
55.5165 5.42617
55.6482 5.02424
55.78 4.15131
55.9117 3.10531
56.0435 2.31886
56.1752 2.20834
56.307 2.98424
56.4387 4.50035
56.5705 6.22228
56.7022 7.36588
56.834 7.19152
56.9658 5.35586
57.0975 2.15725
57.2293 -1.48322
57.361 -4.35616
57.4928 -5.49235
57.6245 -4.62325
57.7563 -2.31201
57.888 0.336502
58.0198 2.22792
58.1515 2.77185
58.2833 2.04054
58.415 0.546174
58.5468 -1.16021
58.6785 -2.77564
58.8103 -4.25473
58.942 -5.61122
59.0738 -6.7303
59.2055 -7.36446
59.3373 -7.3033
59.469 -6.55268
59.6008 -5.36028
59.7326 -4.06622
59.8643 -2.90504
59.9961 -1.91187
60.1278 -0.982579
60.2596 -0.00850772
60.3913 1.03375
60.5231 2.08919
60.6548 3.08329
60.7866 3.95704
60.9183 4.6541
61.0501 5.10294
61.1818 5.24495
61.3136 5.10072
61.4453 4.80751
61.5771 4.56903
61.7088 4.53289
61.8406 4.68236
61.9723 4.82842
62.1041 4.71353
62.2358 4.15571
62.3676 3.14037
62.4993 1.81712
62.6311 0.428366
62.7629 -0.774682
62.8946 -1.59527
63.0264 -1.93569
63.1581 -1.83218
63.2899 -1.46613
63.4216 -1.12227
63.5534 -1.08546
63.6851 -1.51551
63.8169 -2.3686
63.9486 -3.4142
64.0804 -4.33886
64.2121 -4.87775
64.3439 -4.90806
64.4756 -4.47169
64.6074 -3.73592
64.7391 -2.92137
64.8709 -2.22417
65.0026 -1.75237
65.1344 -1.49506
65.2661 -1.33987
65.3979 -1.1374
65.5297 -0.78271
65.6614 -0.267547
65.7932 0.328418
65.9249 0.898902
66.0567 1.3803
66.1884 1.78184
66.3202 2.1614
66.4519 2.57124
66.5837 3.01446
66.7154 3.43844
66.8472 3.76246
66.9789 3.91804
67.1107 3.88009
67.2424 3.67844
67.3742 3.3884
67.5059 3.10398
67.6377 2.90086
67.7694 2.80225
67.9012 2.76346
68.0329 2.68497
68.1647 2.45021
68.2965 1.97149
68.4282 1.22555
68.56 0.266625
68.6917 -0.78596
68.8235 -1.78288
68.9552 -2.59402
69.087 -3.15476
69.2187 -3.48597
69.3505 -3.67124
69.4822 -3.79848
69.614 -3.90062
69.7457 -3.93639
69.8775 -3.82696
70.0092 -3.52268
70.141 -3.0503
70.2727 -2.50586
70.4045 -2.00139
70.5362 -1.60644
70.668 -1.32357
70.7997 -1.10393
70.9315 -0.878993
71.0632 -0.582747
71.195 -0.160615
71.3268 0.420248
71.4585 1.15091
71.5903 1.96407
71.722 2.74387
71.8538 3.36814
71.9855 3.75935
72.1173 3.90985
72.249 3.8662
72.3808 3.69037
72.5125 3.43017
72.6443 3.11484
72.776 2.76561
72.9078 2.40081
73.0395 2.03093
73.1713 1.65645
73.303 1.27922
73.4348 0.916784
73.5665 0.596836
73.6983 0.349722
73.83 0.0885998
73.9618 -0.249147
74.0936 -0.715552
74.2253 -1.27772
74.3571 -1.78276
74.4888 -2.11147
74.6206 -2.19912
74.7523 -2.11143
74.8841 -1.99319
75.0158 -1.94755
75.1476 -1.9328
75.2793 -1.89975
75.4111 -1.75125
75.5428 -1.50121
75.6746 -1.2462
75.8063 -1.07208
75.9381 -1.01932
76.0698 -1.01575
76.2016 -0.976232
76.3333 -0.844004
76.4651 -0.667017
76.5968 -0.434243
76.7286 -0.219312
76.8604 0.0480969
76.9921 0.430294
77.1239 0.828007
77.2556 1.1979
77.3874 1.44228
77.5191 1.61777
77.6509 1.72982
77.7826 1.87191
77.9144 1.87225
78.0461 1.84655
78.1779 1.7831
78.3096 1.65885
78.4414 1.57466
78.5731 1.49495
78.7049 1.45844
78.8366 1.40427
78.9684 1.40974
79.1001 1.41937
79.2319 1.42502
79.3636 1.40097
79.4954 1.13747
79.6271 0.607185
79.7589 -0.136459
79.8907 -1.04331
80.0224 -1.88084
80.1542 -2.46864
80.2859 -2.78388
80.4177 -2.89014
80.5494 -2.78762
80.6812 -2.51613
80.8129 -2.13046
80.9447 -1.59835
81.0764 -1.02556
81.2082 -0.545385
81.3399 -0.201613
81.4717 0.0889703
81.6034 0.335427
81.7352 0.515201
81.8669 0.636933
81.9987 0.650558
82.1304 0.575063
82.2622 0.41767
82.3939 0.227659
82.5257 0.0224875
82.6575 -0.05485
82.7892 -0.0455939
82.921 0.0603939
83.0527 0.309353
83.1845 0.579726
83.3162 0.839916
83.448 1.01566
83.5797 1.11347
83.7115 1.15691
83.8432 1.13743
83.975 1.11238
84.1067 1.09977
84.2385 1.08357
84.3702 1.07214
84.502 1.01733
84.6337 0.916695
84.7655 0.793446
84.8972 0.579941
85.029 0.272144
85.1607 -0.0263412
85.2925 -0.341326
85.4243 -0.590233
85.556 -0.823753
85.6878 -0.9334
85.8195 -1.02855
85.9513 -1.00527
86.083 -0.974472
86.2148 -0.98838
86.3465 -0.98595
86.4783 -1.01159
86.61 -0.922007
86.7418 -0.776115
86.8735 -0.601088
87.0053 -0.433735
87.137 -0.23381
87.2688 -0.0139904
87.4005 0.232756
87.5323 0.469505
87.664 0.64394
87.7958 0.696021
87.9275 0.559166
88.0593 0.327701
88.191 0.0495715
88.3228 -0.124886
88.4546 -0.142524
88.5863 -0.0311278
88.7181 0.0853032
88.8498 0.109724
88.9816 0.169152
89.1133 0.235933
89.2451 0.39901
89.3768 0.558516
89.5086 0.685982
89.6403 0.737102
89.7721 0.738556
89.9038 0.676208
90.0356 0.620716
90.1673 0.523608
90.2991 0.362405
90.4308 0.165573
90.5626 -0.0458281
90.6943 -0.111695
90.8261 -0.148284
90.9578 -0.114083
91.0896 -0.112398
91.2214 -0.18329
91.3531 -0.321785
91.4849 -0.424585
91.6166 -0.441293
91.7484 -0.444892
91.8801 -0.378609
92.0119 -0.34545
92.1436 -0.288449
92.2754 -0.244954
92.4071 -0.186246
92.5389 -0.0817442
92.6706 -0.068834
92.8024 -0.123363
92.9341 -0.212353
93.0659 -0.272207
93.1976 -0.220694
93.3294 -0.130883
93.4611 0.0156244
93.5929 0.14682
93.7246 0.183382
93.8564 0.170483
93.9882 0.115631
94.1199 0.0366341
94.2517 -0.0195138
94.3834 -0.0545029
94.5152 -0.0660087
94.6469 -0.0190859
94.7787 0.0770858
94.9104 0.172511
95.0422 0.205463
95.1739 0.161274
95.3057 0.140873
95.4374 0.173525
95.5692 0.264766
95.7009 0.356334
95.8327 0.450416
95.9644 0.511217
96.0962 0.478509
96.2279 0.367084
96.3597 0.15496
96.4914 -0.124311
96.6232 -0.327976
96.7549 -0.481225
96.8867 -0.476708
97.0185 -0.362108
97.1502 -0.235747
97.282 -0.120245
97.4137 -0.0718876
97.5455 -0.0676397
97.6772 -0.103237
97.809 -0.106752
97.9407 -0.0608165
98.0725 -0.033717
98.2042 -0.0263629
98.336 -0.00598023
98.4677 0.0210889
98.5995 0.0466402
98.7312 0.0193472
98.863 0.0113502
98.9947 -0.0438983
99.1265 -0.114401
99.2582 -0.166145
99.39 -0.137212
99.5217 -0.0815422
99.6535 -0.055456
99.7853 -0.00268478
99.917 0.122766
100.049 0.221151
100.181 0.304397
100.312 0.304766
100.444 0.246883
100.576 0.175993
100.708 0.110576
100.839 0.0178902
100.971 -0.0301661
101.103 -0.059047
101.235 -0.09347
101.366 -0.11179
101.498 -0.121599
101.63 -0.0508241
101.762 0.0341177
101.893 0.0861431
102.025 0.0727719
102.157 0.0687257
102.289 0.0613017
102.42 0.0117897
102.552 -0.00291457
102.684 -0.0444082
102.816 -0.0213024
102.947 -0.0195382
103.079 -0.00118014
103.211 0.00823326
103.343 0.00699147
103.474 -0.0206637
103.606 -0.0396847
103.738 -0.0100436
103.87 0.00370817
104.001 0.00465825
104.133 -0.0034599
104.265 -0.0152467
104.397 -0.0141341
104.528 0.00146516
104.66 0.0165662
104.792 -0.00493518
104.924 -0.0137905
105.055 -0.019466
105.187 -0.011344
105.319 -0.0125978
105.451 0.00174603
105.582 -0.00550981
105.714 0.00323382
105.846 -0.00583714
105.978 -0.0206528
106.109 0.00142336
106.241 -0.00281025
106.373 0.00555692
106.505 0.0187769
106.636 0.0125893
106.768 -0.0143592
106.9 -0.0367789
107.032 0.000796983
107.163 0.00698698
107.295 0.00231787
107.427 -0.00980577
107.559 -0.0121603
107.69 -0.00378685
107.822 -0.0106319
107.954 0.00168284
108.086 0.00168284
108.217 0.00168284
108.349 0.00168284
108.481 0.00168284
108.613 0.00168284
108.744 0.00168284
108.876 0.00168284
109.008 0.00168284
109.14 0.00168284
109.271 0.00168284
109.403 0.00168284
109.535 0.00168284
109.667 0.00168284
109.798 0.00168284
109.93 0.00168284
110.062 0.00168284
110.194 0.00168284
110.325 0.00168284
110.457 0.00168284
110.589 0.00168284
110.721 0.00168284
110.852 0.00168284
110.984 0.00168284
111.116 0.00168284
111.248 0.00168284
111.379 0.00168284
111.511 0.00168284
111.643 0.00168284
111.775 0.00168284
111.906 0.00168284
112.038 0.00168284
112.17 0.00168284
112.302 0.00168284
112.433 0.00168284
112.565 0.00168284
112.697 0.00168284
112.829 0.00168284
112.96 0.00168284
113.092 0.00168284
113.224 0.00168284
113.356 0.00168284
113.487 0.00168284
113.619 0.00168284
113.751 0.00168284
113.883 0.00168284
114.015 0.00168284
114.146 0.00168284
114.278 0.00168284
114.41 0.00168284
114.542 0.00168284
114.673 0.00168284
114.805 0.00168284
114.937 0.00168284
115.069 0.00168284
115.2 0.00168284
115.332 0.00168284
115.464 0.00168284
115.596 0.00168284
115.727 0.00168284
115.859 0.00168284
115.991 0.00168284
116.123 0.00168284
116.254 0.00168284
116.386 0.00168284
116.518 0.00168284
116.65 0.00168284
116.781 0.00168284
116.913 0.00168284
117.045 0.00168284
117.177 0.00168284
117.308 0.00168284
117.44 0.00168284
117.572 0.00168284
117.704 0.00168284
117.835 0.00168284
117.967 0.00168284
118.099 0.00168284
118.231 0.00168284
118.362 0.00168284
118.494 0.00168284
118.626 0.00168284
118.758 0.00168284
118.889 0.00168284
119.021 0.00168284
119.153 0.00168284
119.285 0.00168284
119.416 0.00168284
119.548 0.00168284
119.68 0.00168284
119.812 0.00168284
119.943 0.00168284
120.075 0.00168284
120.207 0.00168284
120.339 0.00168284
120.47 0.00168284
120.602 0.00168284
120.734 0.00168284
120.866 0.00168284
120.997 0.00168284
121.129 0.00168284
121.261 0.00168284
121.393 0.00168284
121.524 0.00168284
121.656 0.00168284
121.788 0.00168284
121.92 0.00168284
122.051 0.00168284
122.183 0.00168284
122.315 0.00168284
122.447 0.00168284
122.578 0.00168284
122.71 0.00168284
122.842 0.00168284
122.974 0.00168284
123.105 0.00168284
123.237 0.00168284
123.369 0.00168284
123.501 0.00168284
123.632 0.00168284
123.764 0.00168284
123.896 0.00168284
124.028 0.00168284
124.159 0.00168284
124.291 0.00168284
124.423 0.00168284
124.555 0.00168284
124.686 0.00168284
124.818 0.00168284
124.95 0.00168284
125.082 0.00168284
125.213 0.00168284
125.345 0.00168284
125.477 0.00168284
125.609 0.00168284
125.74 0.00168284
125.872 0.00168284
126.004 0.00168284
126.136 0.00168284
126.267 0.00168284
126.399 0.00168284
126.531 0.00168284
126.663 0.00168284
126.794 0.00168284
126.926 0.00168284
127.058 0.00168284
127.19 0.00168284
127.321 0.00168284
127.453 0.00168284
127.585 0.00168284
127.717 0.00168284
127.848 0.00168284
127.98 0.00168284
128.112 0.00168284
128.244 0.00168284
128.376 0.00168284
128.507 0.00168284
128.639 0.00168284
128.771 0.00168284
128.903 0.00168284
129.034 0.00168284
129.166 0.00168284
129.298 0.00168284
129.43 0.00168284
129.561 0.00168284
129.693 0.00168284
129.825 0.00168284
129.957 0.00168284
130.088 0.00168284
130.22 0.00168284
130.352 0.00168284
130.484 0.00168284
130.615 0.00168284
130.747 0.00168284
130.879 0.00168284
131.011 0.00168284
131.142 0.00168284
131.274 0.00168284
131.406 0.00168284
131.538 0.00168284
131.669 0.00168284
131.801 0.00168284
131.933 0.00168284
