-5.03544 0.577978
-4.90369 0.383301
-4.77194 0.131888
-4.64018 -0.104916
-4.50843 -0.258177
-4.37668 -0.27699
-4.24493 -0.170549
-4.11317 -0.030453
-3.98142 0.130039
-3.84967 0.288326
-3.71792 0.351967
-3.58616 0.395443
-3.45441 0.398265
-3.32266 0.328871
-3.19091 0.227453
-3.05916 0.15025
-2.9274 0.0534533
-2.79565 -0.0531111
-2.6639 -0.0883293
-2.53215 -0.0921529
-2.40039 -0.0350254
-2.26864 0.135361
-2.13689 0.337912
-2.00514 0.518914
-1.87338 0.581319
-1.74163 0.574778
-1.60988 0.428543
-1.47813 0.198731
-1.34638 -0.0366428
-1.21462 -0.328261
-1.08287 -0.604007
-0.951119 -0.788807
-0.819366 -0.82933
-0.687614 -0.688453
-0.555862 -0.406145
-0.424109 -0.0319882
-0.292357 0.28363
-0.160605 0.55089
-0.0288524 0.751392
0.1029 0.839502
0.234652 0.759788
0.366405 0.582902
0.498157 0.356092
0.629909 0.24737
0.761661 0.26601
0.893414 0.402543
1.02517 0.507255
1.15692 0.446628
1.28867 0.203427
1.42042 -0.106609
1.55218 -0.303686
1.68393 -0.365645
1.81568 -0.312962
1.94743 -0.284246
2.07918 -0.270689
2.21094 -0.221015
2.34269 -0.0443953
2.47444 0.287594
2.60619 0.684626
2.73795 1.003
2.8697 1.14696
3.00145 1.11465
3.1332 0.957843
3.26496 0.712841
3.39671 0.381108
3.52846 -0.0259214
3.66021 -0.439029
3.79196 -0.746662
3.92372 -0.868855
4.05547 -0.816111
4.18722 -0.669742
4.31897 -0.500838
4.45073 -0.31084
4.58248 -0.0555263
4.71423 0.274089
4.84598 0.603073
4.97774 0.814153
5.10949 0.842984
5.24124 0.731374
5.37299 0.583006
5.50474 0.465965
5.6365 0.361693
5.76825 0.211675
5.9 0.010202
6.03175 -0.158693
6.16351 -0.1857
6.29526 -0.0420161
6.42701 0.179188
6.55876 0.329206
6.69052 0.316015
6.82227 0.159279
6.95402 -0.0516191
7.08577 -0.238543
7.21752 -0.367827
7.34928 -0.4155
7.48103 -0.328421
7.61278 -0.050807
7.74453 0.395672
7.87629 0.867349
8.00804 1.16012
8.13979 1.14342
8.27154 0.850592
8.4033 0.440923
8.53505 0.0691217
8.6668 -0.213852
8.79855 -0.441473
8.9303 -0.63156
9.06206 -0.725871
9.19381 -0.642114
9.32556 -0.382836
9.45731 -0.0749155
9.58907 0.119511
9.72082 0.141807
9.85257 0.0846274
9.98432 0.0944027
10.1161 0.223587
10.2478 0.383256
10.3796 0.444706
10.5113 0.381977
10.6431 0.301165
10.7748 0.320726
10.9066 0.428983
11.0383 0.477741
11.1701 0.332317
11.3018 0.0285476
11.4336 -0.232672
11.5654 -0.263004
11.6971 -0.0663642
11.8289 0.16079
11.9606 0.213927
12.0924 0.0684721
12.2241 -0.11357
12.3559 -0.157424
12.4876 -0.0447274
12.6194 0.0964516
12.7511 0.160203
12.8829 0.196371
13.0146 0.352107
13.1464 0.676738
13.2781 1.00721
13.4099 1.08108
13.5416 0.783834
13.6734 0.278919
13.8051 -0.128917
13.9369 -0.275321
14.0686 -0.280674
14.2004 -0.403165
14.3321 -0.74472
14.4639 -1.11493
14.5957 -1.20446
14.7274 -0.898238
14.8592 -0.402652
14.9909 -0.0433364
15.1227 0.0654901
15.2544 0.132436
15.3862 0.450572
15.5179 1.0484
15.6497 1.60447
15.7814 1.74155
15.9132 1.41532
16.0449 0.988035
16.1767 0.880593
16.3084 1.13304
16.4402 1.31941
16.5719 0.91648
16.7037 -0.240178
16.8354 -1.8716
16.9672 -3.59351
17.0989 -5.23294
17.2307 -6.65196
17.3625 -7.16174
17.4942 -5.23194
17.626 0.799849
17.7577 11.1098
17.8895 22.944
18.0212 30.7187
18.153 28.2161
18.2847 11.9976
18.4165 -15.8455
18.5482 -47.3271
18.68 -71.0889
18.8117 -76.8216
18.9435 -59.669
19.0752 -22.7067
19.207 23.6306
19.3387 65.1186
19.4705 89.0248
19.6022 88.9529
19.734 67.0437
19.8657 32.4024
19.9975 -3.47748
20.1293 -31.8145
20.261 -49.3722
20.3928 -57.7235
20.5245 -60.0286
20.6563 -57.9658
20.788 -51.0043
20.9198 -38.1273
21.0515 -20.1129
21.1833 -0.19149
21.315 17.5182
21.4468 30.3795
21.5785 38.3473
21.7103 42.963
21.842 45.3087
21.9738 44.8604
22.1055 40.2314
22.2373 30.9777
22.369 18.652
22.5008 6.04095
22.6325 -4.73631
22.7643 -13.5124
22.896 -21.5592
23.0278 -29.7799
23.1596 -37.3077
23.2913 -41.8266
23.4231 -41.3487
23.5548 -35.8674
23.6866 -27.4475
23.8183 -18.7257
23.9501 -11.1602
24.0818 -4.4778
24.2136 2.39203
24.3453 9.90017
24.4771 17.272
24.6088 23.1244
24.7406 26.5834
24.8723 27.8296
25.0041 27.6659
25.1358 26.6487
25.2676 24.6525
25.3993 21.2187
25.5311 16.2487
25.6628 10.3212
25.7946 4.35089
25.9264 -1.03367
26.0581 -5.78212
26.1899 -10.1532
26.3216 -14.2142
26.4534 -17.6274
26.5851 -19.9077
26.7169 -20.8565
26.8486 -20.7279
26.9804 -19.9792
27.1121 -18.87
27.2439 -17.2938
27.3756 -14.9685
27.5074 -11.7619
27.6391 -7.83861
27.7709 -3.53367
27.9026 0.863642
28.0344 5.18077
28.1661 9.24914
28.2979 12.7837
28.4296 15.4334
28.5614 16.9813
28.6932 17.4968
28.8249 17.2719
28.9567 16.5894
29.0884 15.5314
29.2202 14.0003
29.3519 11.9141
29.4837 9.37582
29.6154 6.65443
29.7472 3.99916
29.8789 1.46304
30.0107 -1.10995
30.1424 -3.9325
30.2742 -7.08586
30.4059 -10.4234
30.5377 -13.5931
30.6694 -16.1235
30.8012 -17.528
30.9329 -17.43
31.0647 -15.7186
31.1964 -12.6809
31.3282 -8.99788
31.4599 -5.53372
31.5917 -2.9889
31.7235 -1.60662
31.8552 -1.11633
31.987 -0.946017
32.1187 -0.556904
32.2505 0.313278
32.3822 1.62411
32.514 3.18583
32.6457 4.84461
32.7775 6.56458
32.9092 8.37455
33.041 10.2501
33.1727 12.0344
33.3045 13.4584
33.4362 14.2433
33.568 14.2146
33.6997 13.3535
33.8315 11.7584
33.9632 9.55428
34.095 6.82732
34.2267 3.64263
34.3585 0.131237
34.4903 -3.43556
34.622 -6.67118
34.7538 -9.20909
34.8855 -10.8618
35.0173 -11.6844
35.149 -11.8934
35.2808 -11.7109
35.4125 -11.2617
35.5443 -10.5929
35.676 -9.76483
35.8078 -8.89174
35.9395 -8.06626
36.0713 -7.23374
36.203 -6.15576
36.3348 -4.54123
36.4665 -2.27074
36.5983 0.460398
36.73 3.20432
36.8618 5.48941
36.9935 7.04622
37.1253 7.87646
37.2571 8.15133
37.3888 8.05808
37.5206 7.724
37.6523 7.24314
37.7841 6.72646
37.9158 6.29191
38.0476 5.9968
38.1793 5.79142
38.3111 5.55685
38.4428 5.20102
38.5746 4.72198
38.7063 4.17697
38.8381 3.59015
38.9698 2.89478
39.1016 1.97204
39.2333 0.754713
39.3651 -0.698165
39.4968 -2.22027
39.6286 -3.62894
39.7603 -4.80998
39.8921 -5.73912
40.0238 -6.44909
40.1556 -6.98975
40.2874 -7.40858
40.4191 -7.73674
40.5509 -7.95998
40.6826 -7.99044
40.8144 -7.68509
40.9461 -6.92888
41.0779 -5.73303
41.2096 -4.26178
41.3414 -2.74744
41.4731 -1.35063
41.6049 -0.0794426
41.7366 1.16475
41.8684 2.45896
42.0001 3.765
42.1319 4.95229
42.2636 5.90669
42.3954 6.61669
42.5271 7.15551
42.6589 7.58283
42.7906 7.86626
42.9224 7.89811
43.0542 7.58678
43.1859 6.93208
43.3177 6.0178
43.4494 4.94142
43.5812 3.75933
43.7129 2.49884
43.8447 1.20978
43.9764 -0.0149479
44.1082 -1.08316
44.2399 -1.96975
44.3717 -2.73199
44.5034 -3.44841
44.6352 -4.13447
44.7669 -4.71507
44.8987 -5.08082
45.0304 -5.17525
45.1622 -5.03431
45.2939 -4.7499
45.4257 -4.40204
45.5574 -4.02516
45.6892 -3.62796
45.8209 -3.22738
45.9527 -2.84901
46.0845 -2.49432
46.2162 -2.12007
46.348 -1.66605
46.4797 -1.11134
46.6115 -0.501028
46.7432 0.0896301
46.875 0.621239
47.0067 1.11864
47.1385 1.62984
47.2702 2.15674
47.402 2.63201
47.5337 2.97164
47.6655 3.15325
47.7972 3.2402
47.929 3.32374
48.0607 3.44016
48.1925 3.54746
48.3242 3.58673
48.456 3.56409
48.5877 3.56362
48.7195 3.66776
48.8513 3.85692
48.983 3.9869
49.1148 3.87343
49.2465 3.41337
49.3783 2.64007
49.51 1.67478
49.6418 0.632199
49.7735 -0.429306
49.9053 -1.47922
50.037 -2.45922
50.1688 -3.2749
50.3005 -3.85201
50.4323 -4.19879
50.564 -4.40411
50.6958 -4.56405
50.8275 -4.70287
50.9593 -4.7607
51.091 -4.65487
51.2228 -4.3527
51.3545 -3.88981
51.4863 -3.33107
51.6181 -2.72959
51.7498 -2.13132
51.8816 -1.60753
52.0133 -1.24969
52.1451 -1.09038
52.2768 -0.999713
52.4086 -0.665086
52.5403 0.275728
52.6721 1.99342
52.8038 4.26537
52.9356 6.46375
53.0673 7.77969
53.1991 7.58979
53.3308 5.78471
53.4626 2.89133
53.5943 -0.0862571
53.7261 -2.05457
53.8578 -2.2865
53.9896 -0.737332
54.1213 1.93994
54.2531 4.70213
54.3848 6.59444
54.5166 7.14363
54.6484 6.45676
54.7801 5.0038
54.9119 3.26544
55.0436 1.49679
55.1754 -0.260127
55.3071 -1.99051
55.4389 -3.55048
55.5706 -4.68918
55.7024 -5.2201
55.8341 -5.17327
55.9659 -4.78271
56.0976 -4.31786
56.2294 -3.90803
56.3611 -3.50698
56.4929 -3.01001
56.6246 -2.39977
56.7564 -1.78353
56.8881 -1.29892
57.0199 -0.991032
57.1516 -0.783183
57.2834 -0.565223
57.4152 -0.307603
57.5469 -0.0879116
57.6787 -0.00440908
57.8104 -0.0602206
57.9422 -0.128923
58.0739 -0.036602
58.2057 0.308368
58.3374 0.844616
58.4692 1.39831
58.6009 1.79647
58.7327 1.96696
58.8644 1.96456
58.9962 1.924
59.1279 1.98388
59.2597 2.22369
59.3914 2.63276
59.5232 3.11221
59.6549 3.50826
59.7867 3.67155
59.9184 3.52245
60.0502 3.08913
60.182 2.49333
60.3137 1.89022
60.4455 1.39866
60.5772 1.06087
60.709 0.844152
60.8407 0.668333
60.9725 0.436517
61.1042 0.0619863
61.236 -0.502901
61.3677 -1.23753
61.4995 -2.04297
61.6312 -2.7721
61.763 -3.29459
61.8947 -3.55934
62.0265 -3.61081
62.1582 -3.54858
62.29 -3.46238
62.4217 -3.39031
62.5535 -3.3215
62.6852 -3.22479
62.817 -3.06949
62.9487 -2.82495
63.0805 -2.45574
63.2123 -1.93441
63.344 -1.2689
63.4758 -0.516297
63.6075 0.239594
63.7393 0.934908
63.871 1.55753
64.0028 2.135
64.1345 2.69047
64.2663 3.20907
64.398 3.64618
64.5298 3.96654
64.6615 4.17222
64.7933 4.29018
64.925 4.33243
65.0568 4.27093
65.1885 4.05474
65.3203 3.65375
65.452 3.08705
65.5838 2.41012
65.7155 1.67759
65.8473 0.921116
65.9791 0.163015
66.1108 -0.554401
66.2426 -1.16239
66.3743 -1.59737
66.5061 -1.84457
66.6378 -1.95236
66.7696 -2.00221
66.9013 -2.06068
67.0331 -2.15399
67.1648 -2.27934
67.2966 -2.42963
67.4283 -2.59887
67.5601 -2.76295
67.6918 -2.86352
67.8236 -2.82416
67.9553 -2.59521
68.0871 -2.19049
68.2188 -1.68184
68.3506 -1.15479
68.4823 -0.663413
68.6141 -0.212763
68.7459 0.192634
68.8776 0.549884
69.0094 0.847362
69.1411 1.07325
69.2729 1.28939
69.4046 1.53025
69.5364 1.7879
69.6681 2.0571
69.7999 2.30665
69.9316 2.50681
70.0634 2.64437
70.1951 2.69765
70.3269 2.57661
70.4586 2.22577
70.5904 1.7217
70.7221 1.05964
70.8539 0.405658
70.9856 -0.0694286
71.1174 -0.297722
71.2491 -0.321408
71.3809 -0.22408
71.5126 -0.121166
71.6444 -0.0489129
71.7762 -0.0142267
71.9079 -0.0490855
72.0397 -0.152031
72.1714 -0.345189
72.3032 -0.550119
72.4349 -0.673755
72.5667 -0.698556
72.6984 -0.675415
72.8302 -0.668905
72.9619 -0.815079
73.0937 -1.06992
73.2254 -1.32235
73.3572 -1.47646
73.4889 -1.49032
73.6207 -1.37909
73.7524 -1.18875
73.8842 -0.983914
74.0159 -0.755289
74.1477 -0.455123
74.2794 -0.130391
74.4112 0.205361
74.543 0.479447
74.6747 0.696625
74.8065 0.821479
74.9382 0.812687
75.07 0.728292
75.2017 0.657346
75.3335 0.583852
75.4652 0.616303
75.597 0.712934
75.7287 0.896592
75.8605 1.10261
75.9922 1.1853
76.124 1.09346
76.2557 0.830623
76.3875 0.47796
76.5192 0.161143
76.651 -0.116055
76.7827 -0.346879
76.9145 -0.553482
77.0462 -0.71013
77.178 -0.725873
77.3098 -0.617597
77.4415 -0.362292
77.5733 -0.00851603
77.705 0.346749
77.8368 0.574583
77.9685 0.674046
78.1003 0.627765
78.232 0.468222
78.3638 0.240132
78.4955 0.0592104
78.6273 -0.131332
78.759 -0.227974
78.8908 -0.249065
79.0225 -0.24843
79.1543 -0.249171
79.286 -0.278966
79.4178 -0.372438
79.5495 -0.436781
79.6813 -0.471987
79.813 -0.466643
79.9448 -0.384914
80.0765 -0.229486
80.2083 -0.00157992
80.3401 0.189359
80.4718 0.3064
80.6036 0.304814
80.7353 0.246928
80.8671 0.133933
80.9988 0.0680754
81.1306 0.0280328
81.2623 0.0523349
81.3941 0.134198
81.5258 0.21882
81.6576 0.316091
81.7893 0.367163
81.9211 0.372756
82.0528 0.277627
82.1846 0.0784337
82.3163 -0.0957733
82.4481 -0.180836
82.5798 -0.0975512
82.7116 0.0634285
82.8433 0.259604
82.9751 0.388055
83.1069 0.450759
83.2386 0.491559
83.3704 0.477604
83.5021 0.459844
83.6339 0.341055
83.7656 0.203009
83.8974 0.0388329
84.0291 -0.0792338
84.1609 -0.133543
84.2926 -0.144131
84.4244 -0.112625
84.5561 -0.0118713
84.6879 0.0323076
84.8196 0.00888827
84.9514 -0.0189396
85.0831 -0.0688538
85.2149 -0.123359
85.3466 -0.167284
85.4784 -0.251941
85.6101 -0.321332
85.7419 -0.351293
85.8737 -0.34003
86.0054 -0.252279
86.1372 -0.147942
86.2689 -0.0471292
86.4007 -0.0248667
86.5324 -0.0246537
86.6642 -0.0606366
86.7959 -0.126689
86.9277 -0.175493
87.0594 -0.154353
87.1912 -0.13432
87.3229 -0.0718023
87.4547 0.0369538
87.5864 0.109358
87.7182 0.210418
87.8499 0.229144
87.9817 0.167852
88.1134 0.0325115
88.2452 -0.0572192
88.3769 -0.0999281
88.5087 -0.0848713
88.6404 -0.029233
88.7722 0.0473258
88.904 0.104128
89.0357 0.120363
89.1675 0.100017
89.2992 0.060681
89.431 0.0259633
89.5627 0.0893811
89.6945 0.165812
89.8262 0.226995
89.958 0.237225
90.0897 0.144975
90.2215 0.00552847
90.3532 -0.119295
90.485 -0.162058
90.6167 -0.181745
90.7485 -0.121405
90.8802 -0.0327164
91.012 0.0169629
91.1437 0.0818988
91.2755 0.0947536
91.4072 0.0878803
91.539 -0.0195901
91.6708 -0.132078
91.8025 -0.271504
91.9343 -0.398057
92.066 -0.475272
92.1978 -0.50817
92.3295 -0.531409
92.4613 -0.503079
92.593 -0.403587
92.7248 -0.25703
92.8565 -0.0466396
92.9883 0.136735
93.12 0.287531
93.2518 0.358137
93.3835 0.349811
93.5153 0.239695
93.647 0.129204
93.7788 0.0263068
93.9105 -0.0254477
94.0423 -0.0503303
94.174 -0.0325828
94.3058 0.0098017
94.4376 0.0720861
94.5693 0.108629
94.7011 0.0669178
94.8328 0.0436726
94.9646 0.0300562
95.0963 0.0545083
95.2281 0.0738282
95.3598 0.0738117
95.4916 0.0722152
95.6233 0.075865
95.7551 0.084262
95.8868 0.125245
96.0186 0.141517
96.1503 0.115083
96.2821 0.128462
96.4138 0.106175
96.5456 0.0632957
96.6773 0.0294609
96.8091 -0.0201188
96.9408 -0.109984
97.0726 -0.164571
97.2043 -0.174091
97.3361 -0.20673
97.4679 -0.203357
97.5996 -0.170181
97.7314 -0.155466
97.8631 -0.116782
97.9949 -0.0767869
98.1266 -0.0158279
98.2584 -0.0222682
98.3901 -0.0153884
98.5219 -0.0154001
98.6536 -0.0650419
98.7854 -0.0809092
98.9171 -0.0863399
99.0489 -0.0844172
99.1806 -0.0598831
99.3124 -0.0287582
99.4441 0.00238909
99.5759 -0.00474921
99.7076 0.0209832
99.8394 0.0267865
99.9711 0.0112566
100.103 -0.00412559
100.235 0.0112176
100.366 0.00161354
100.498 0.00530232
100.63 -0.0212007
100.762 -0.0117517
100.893 -0.00271769
101.025 0.00789695
101.157 0.0142897
101.289 0.0155898
101.42 0.0147005
101.552 -0.0108063
101.684 -0.0113417
101.816 -0.0197217
101.947 0.000325161
102.079 0.00164812
102.211 -0.00181872
102.343 -0.00181872
102.474 -0.00181872
102.606 -0.00181872
102.738 -0.00181872
102.87 -0.00181872
103.001 -0.00181872
103.133 -0.00181872
103.265 -0.00181872
103.397 -0.00181872
103.528 -0.00181872
103.66 -0.00181872
103.792 -0.00181872
103.924 -0.00181872
104.055 -0.00181872
104.187 -0.00181872
104.319 -0.00181872
104.451 -0.00181872
104.582 -0.00181872
104.714 -0.00181872
104.846 -0.00181872
104.978 -0.00181872
105.109 -0.00181872
105.241 -0.00181872
105.373 -0.00181872
105.505 -0.00181872
105.636 -0.00181872
105.768 -0.00181872
105.9 -0.00181872
106.032 -0.00181872
106.164 -0.00181872
106.295 -0.00181872
106.427 -0.00181872
106.559 -0.00181872
106.691 -0.00181872
106.822 -0.00181872
106.954 -0.00181872
107.086 -0.00181872
107.218 -0.00181872
107.349 -0.00181872
107.481 -0.00181872
107.613 -0.00181872
107.745 -0.00181872
107.876 -0.00181872
108.008 -0.00181872
108.14 -0.00181872
108.272 -0.00181872
108.403 -0.00181872
108.535 -0.00181872
108.667 -0.00181872
108.799 -0.00181872
108.93 -0.00181872
109.062 -0.00181872
109.194 -0.00181872
109.326 -0.00181872
109.457 -0.00181872
109.589 -0.00181872
109.721 -0.00181872
109.853 -0.00181872
109.984 -0.00181872
110.116 -0.00181872
110.248 -0.00181872
110.38 -0.00181872
110.511 -0.00181872
110.643 -0.00181872
110.775 -0.00181872
110.907 -0.00181872
111.038 -0.00181872
111.17 -0.00181872
111.302 -0.00181872
111.434 -0.00181872
111.565 -0.00181872
111.697 -0.00181872
111.829 -0.00181872
111.961 -0.00181872
112.092 -0.00181872
112.224 -0.00181872
112.356 -0.00181872
112.488 -0.00181872
112.619 -0.00181872
112.751 -0.00181872
112.883 -0.00181872
113.015 -0.00181872
113.146 -0.00181872
113.278 -0.00181872
113.41 -0.00181872
113.542 -0.00181872
113.673 -0.00181872
113.805 -0.00181872
113.937 -0.00181872
114.069 -0.00181872
114.2 -0.00181872
114.332 -0.00181872
114.464 -0.00181872
114.596 -0.00181872
114.727 -0.00181872
114.859 -0.00181872
114.991 -0.00181872
115.123 -0.00181872
115.254 -0.00181872
115.386 -0.00181872
115.518 -0.00181872
115.65 -0.00181872
115.781 -0.00181872
115.913 -0.00181872
116.045 -0.00181872
116.177 -0.00181872
116.308 -0.00181872
116.44 -0.00181872
116.572 -0.00181872
116.704 -0.00181872
116.835 -0.00181872
116.967 -0.00181872
117.099 -0.00181872
117.231 -0.00181872
117.362 -0.00181872
117.494 -0.00181872
117.626 -0.00181872
117.758 -0.00181872
117.889 -0.00181872
118.021 -0.00181872
118.153 -0.00181872
118.285 -0.00181872
118.416 -0.00181872
118.548 -0.00181872
118.68 -0.00181872
118.812 -0.00181872
118.943 -0.00181872
119.075 -0.00181872
119.207 -0.00181872
119.339 -0.00181872
119.47 -0.00181872
119.602 -0.00181872
119.734 -0.00181872
119.866 -0.00181872
119.997 -0.00181872
120.129 -0.00181872
120.261 -0.00181872
120.393 -0.00181872
120.525 -0.00181872
120.656 -0.00181872
120.788 -0.00181872
120.92 -0.00181872
121.052 -0.00181872
121.183 -0.00181872
121.315 -0.00181872
121.447 -0.00181872
121.579 -0.00181872
121.71 -0.00181872
121.842 -0.00181872
121.974 -0.00181872
122.106 -0.00181872
122.237 -0.00181872
122.369 -0.00181872
122.501 -0.00181872
122.633 -0.00181872
122.764 -0.00181872
122.896 -0.00181872
123.028 -0.00181872
123.16 -0.00181872
123.291 -0.00181872
123.423 -0.00181872
123.555 -0.00181872
123.687 -0.00181872
123.818 -0.00181872
123.95 -0.00181872
124.082 -0.00181872
124.214 -0.00181872
124.345 -0.00181872
124.477 -0.00181872
124.609 -0.00181872
124.741 -0.00181872
124.872 -0.00181872
125.004 -0.00181872
125.136 -0.00181872
125.268 -0.00181872
125.399 -0.00181872
125.531 -0.00181872
125.663 -0.00181872
125.795 -0.00181872
125.926 -0.00181872
126.058 -0.00181872
126.19 -0.00181872
126.322 -0.00181872
126.453 -0.00181872
126.585 -0.00181872
126.717 -0.00181872
126.849 -0.00181872
126.98 -0.00181872
127.112 -0.00181872
127.244 -0.00181872
127.376 -0.00181872
127.507 -0.00181872
127.639 -0.00181872
127.771 -0.00181872
127.903 -0.00181872
128.034 -0.00181872
128.166 -0.00181872
128.298 -0.00181872
128.43 -0.00181872
128.561 -0.00181872
128.693 -0.00181872
128.825 -0.00181872
128.957 -0.00181872
129.088 -0.00181872
129.22 -0.00181872
129.352 -0.00181872
129.484 -0.00181872
129.615 -0.00181872
129.747 -0.00181872
