-4.75244 -0.0516828
-4.62069 -0.0202413
-4.48894 -0.0131838
-4.35719 -0.0118415
-4.22543 -0.00352037
-4.09368 -0.0865649
-3.96193 -0.284708
-3.83018 -0.438212
-3.69842 -0.346368
-3.56667 0.00821916
-3.43492 0.576575
-3.30317 1.03784
-3.17141 1.23232
-3.03966 1.16361
-2.90791 0.981441
-2.77616 0.833738
-2.64441 0.736951
-2.51265 0.621525
-2.3809 0.406774
-2.24915 0.129316
-2.1174 -0.0298957
-1.98564 -0.0266658
-1.85389 -0.00363733
-1.72214 -0.0925716
-1.59039 -0.399012
-1.45863 -0.719199
-1.32688 -0.879176
-1.19513 -0.769465
-1.06338 -0.47133
-0.931625 -0.123496
-0.799873 0.178416
-0.668121 0.45634
-0.536368 0.763379
-0.404616 1.08326
-0.272864 1.32202
-0.141111 1.40274
-0.009359 1.34694
0.122393 1.24067
0.254146 1.11848
0.385898 0.902906
0.51765 0.485842
0.649403 -0.120822
0.781155 -0.730217
0.912907 -1.10093
1.04466 -1.1295
1.17641 -0.925034
1.30816 -0.687086
1.43992 -0.508908
1.57167 -0.307861
1.70342 0.046186
1.83517 0.543454
1.96693 0.993573
2.09868 1.18549
2.23043 1.08742
2.36218 0.876987
2.49393 0.764878
2.62569 0.791541
2.75744 0.806347
2.88919 0.646342
3.02094 0.320066
3.1527 -0.00203663
3.28445 -0.177363
3.4162 -0.246893
3.54795 -0.374368
3.67971 -0.624989
3.81146 -0.830629
3.94321 -0.715519
4.07496 -0.181215
4.20671 0.540226
4.33847 1.04653
4.47022 1.10726
4.60197 0.858577
4.73372 0.654488
4.86548 0.718553
4.99723 0.941642
5.12898 1.02261
5.26073 0.797416
5.39249 0.41033
5.52424 0.150103
5.65599 0.129442
5.78774 0.155369
5.91949 -0.0613792
6.05125 -0.571904
6.183 -1.08597
6.31475 -1.22233
6.4465 -0.86483
6.57826 -0.260941
6.71001 0.234076
6.84176 0.493646
6.97351 0.681904
7.10527 0.986318
7.23702 1.32938
7.36877 1.39973
7.50052 0.995775
7.63227 0.314579
7.76403 -0.157416
7.89578 -0.086817
8.02753 0.36809
8.15928 0.68858
8.29104 0.494759
8.42279 -0.0792917
8.55454 -0.521147
8.68629 -0.458615
8.81805 -0.0330752
8.9498 0.26184
9.08155 0.114655
9.2133 -0.255027
9.34505 -0.311279
9.47681 0.227811
9.60856 1.05819
9.74031 1.56027
9.87206 1.41185
10.0038 0.912015
10.1356 0.666724
10.2673 0.947558
10.3991 1.38837
10.5308 1.34878
10.6626 0.581191
10.7943 -0.490012
10.9261 -1.17594
11.0578 -1.19955
11.1896 -0.933476
11.3213 -0.947987
11.4531 -1.35258
11.5848 -1.64792
11.7166 -1.26867
11.8483 -0.243978
11.9801 0.757983
12.1119 1.0968
12.2436 0.84956
12.3754 0.756468
12.5071 1.41669
12.6389 2.55768
12.7706 3.19698
12.9024 2.61486
13.0341 1.16444
13.1659 0.0290769
13.2976 0.0848033
13.4294 0.990539
13.5611 1.47088
13.6929 0.560275
13.8246 -1.45166
13.9564 -3.37632
14.0881 -4.41734
14.2199 -4.9465
14.3516 -5.74329
14.4834 -6.34132
14.6151 -4.36892
14.7469 2.83484
14.8787 15.1822
15.0104 27.9516
15.1422 33.1709
15.2739 23.9219
15.4057 -1.17382
15.5374 -36.2572
15.6692 -70.2311
15.8009 -90.9119
15.9327 -89.0238
16.0644 -60.8744
16.1962 -9.94776
16.3279 52.4078
16.4597 108.279
16.5914 138.021
16.7232 128.274
16.8549 79.5098
16.9867 7.88972
17.1184 -61.2975
17.2502 -105.799
17.3819 -116.89
17.5137 -101.518
17.6454 -75.1238
17.7772 -50.7036
17.909 -31.9547
18.0407 -14.5657
18.1725 6.83124
18.3042 32.4751
18.436 56.874
18.5677 73.3098
18.6995 78.7961
18.8312 75.1797
18.963 66.1111
19.0947 53.3481
19.2265 36.0007
19.3582 13.1019
19.49 -13.3948
19.6217 -38.3643
19.7535 -56.4047
19.8852 -65.249
20.017 -66.643
20.1487 -64.0641
20.2805 -59.519
20.4122 -52.295
20.544 -40.5374
20.6758 -23.8993
20.8075 -4.71233
20.9393 13.2934
21.071 27.3879
21.2028 37.1689
21.3345 43.846
21.4663 48.45
21.598 50.7549
21.7298 49.7634
21.8615 45.0108
21.9933 37.2615
22.125 27.9491
22.2568 18.033
22.3885 7.48222
22.5203 -4.10936
22.652 -16.4316
22.7838 -28.0047
22.9155 -36.8365
23.0473 -41.6155
23.179 -42.4092
23.3108 -40.3519
23.4426 -36.71
23.5743 -32.1617
23.7061 -26.7814
23.8378 -20.52
23.9696 -13.6042
24.1013 -6.51082
24.2331 0.331744
24.3648 6.73201
24.4966 12.6311
24.6283 17.8798
24.7601 22.1844
24.8918 25.2879
25.0236 27.1765
25.1553 28.063
25.2871 28.1379
25.4188 27.3313
25.5506 25.3312
25.6823 21.8625
25.8141 16.9877
25.9458 11.1697
26.0776 5.05168
26.2093 -0.859565
26.3411 -6.36025
26.4729 -11.4678
26.6046 -16.1906
26.7364 -20.3464
26.8681 -23.5661
26.9999 -25.4759
27.1316 -25.9305
27.2634 -25.1322
27.3951 -23.5393
27.5269 -21.5946
27.6586 -19.4329
27.7904 -16.7707
27.9221 -13.0837
28.0539 -7.9911
28.1856 -1.60822
28.3174 5.36557
28.4491 11.8812
28.5809 16.9436
28.7126 19.9475
28.8444 20.8059
28.9761 19.8898
29.1079 17.8821
29.2397 15.6001
29.3714 13.778
29.5032 12.819
29.6349 12.6301
29.7667 12.6877
29.8984 12.3575
30.0302 11.277
30.1619 9.51426
30.2937 7.37693
30.4254 5.04333
30.5572 2.35669
30.6889 -1.01962
30.8207 -5.22342
30.9524 -9.94563
31.0842 -14.5487
31.2159 -18.4414
31.3477 -21.3618
31.4794 -23.3215
31.6112 -24.3116
31.7429 -24.1073
31.8747 -22.4033
32.0065 -19.1615
32.1382 -14.8123
32.27 -10.0775
32.4017 -5.54618
32.5335 -1.3872
32.6652 2.54646
32.797 6.34701
32.9287 9.79877
33.0605 12.5045
33.1922 14.267
33.324 15.3354
33.4557 16.2434
33.5875 17.3585
33.7192 18.5414
33.851 19.2194
33.9827 18.8041
34.1145 17.0868
34.2462 14.3064
34.378 10.902
34.5097 7.23039
34.6415 3.49101
34.7732 -0.154294
34.905 -3.47587
35.0368 -6.23515
35.1685 -8.33659
35.3003 -9.87583
35.432 -10.9987
35.5638 -11.7091
35.6955 -11.8459
35.8273 -11.2879
35.959 -10.1982
36.0908 -9.04865
36.2225 -8.3556
36.3543 -8.3312
36.486 -8.74119
36.6178 -9.07893
36.7495 -8.89316
36.8813 -8.00527
37.013 -6.49499
37.1448 -4.55679
37.2765 -2.40329
37.4083 -0.268536
37.54 1.59315
37.6718 3.01635
37.8036 4.08643
37.9353 5.16836
38.0671 6.68913
38.1988 8.79268
38.3306 11.1497
38.4623 13.1136
38.5941 14.1279
38.7258 14.0674
38.8576 13.2479
38.9893 12.1242
39.1211 10.9495
39.2528 9.6707
39.3846 8.09922
39.5163 6.15687
39.6481 3.96703
39.7798 1.74265
39.9116 -0.382993
40.0433 -2.41165
40.1751 -4.39194
40.3068 -6.30445
40.4386 -8.04301
40.5704 -9.49482
40.7021 -10.6173
40.8339 -11.4269
40.9656 -11.9217
41.0974 -12.0364
41.2291 -11.6853
41.3609 -10.8513
41.4926 -9.62772
41.6244 -8.17247
41.7561 -6.62288
41.8879 -5.05375
42.0196 -3.5002
42.1514 -1.99466
42.2831 -0.561677
42.4149 0.820229
42.5466 2.22633
42.6784 3.72598
42.8101 5.29954
42.9419 6.81786
43.0736 8.11733
43.2054 9.10424
43.3371 9.78622
43.4689 10.1998
43.6007 10.314
43.7324 10.0222
43.8642 9.24465
43.9959 8.04827
44.1277 6.65856
44.2594 5.34
44.3912 4.24534
44.5229 3.36189
44.6547 2.58362
44.7864 1.81813
44.9182 1.02029
45.0499 0.142701
45.1817 -0.904086
45.3134 -2.19763
45.4452 -3.68669
45.5769 -5.13724
45.7087 -6.23129
45.8404 -6.76498
45.9722 -6.7847
46.1039 -6.54172
46.2357 -6.30542
46.3675 -6.19719
46.4992 -6.17496
46.631 -6.14695
46.7627 -6.07709
46.8945 -5.97611
47.0262 -5.80986
47.158 -5.45066
47.2897 -4.7488
47.4215 -3.66404
47.5532 -2.32022
47.685 -0.916173
47.8167 0.427617
47.9485 1.73756
48.0802 3.10499
48.212 4.54041
48.3437 5.91462
48.4755 7.04558
48.6072 7.83611
48.739 8.31377
48.8707 8.52943
49.0025 8.4304
49.1343 7.86922
49.266 6.78282
49.3978 5.39417
49.5295 4.22632
49.6613 3.84883
49.793 4.49285
49.9248 5.79342
50.0565 6.85002
50.1883 6.60162
50.32 4.33631
50.4518 0.0961074
50.5835 -5.2076
50.7153 -10.0421
50.847 -12.8099
50.9788 -12.5217
51.1105 -9.29346
51.2423 -4.38241
51.374 0.323667
51.5058 3.1472
51.6375 3.34404
51.7693 1.30682
51.901 -1.83124
52.0328 -4.88827
52.1646 -7.16013
52.2963 -8.50188
52.4281 -9.04716
52.5598 -8.89118
52.6916 -8.00689
52.8233 -6.39545
52.9551 -4.25148
53.0868 -1.94005
53.2186 0.207051
53.3503 2.08197
53.4821 3.79714
53.6138 5.49388
53.7456 7.14331
53.8773 8.51838
54.0091 9.352
54.1408 9.53204
54.2726 9.16647
54.4043 8.48173
54.5361 7.6619
54.6678 6.76697
54.7996 5.77579
54.9314 4.68485
55.0631 3.56123
55.1949 2.50914
55.3266 1.59245
55.4584 0.785068
55.5901 -0.0139086
55.7219 -0.915406
55.8536 -1.96685
55.9854 -3.10466
56.1171 -4.1534
56.2489 -4.88141
56.3806 -5.10409
56.5124 -4.79366
56.6441 -4.12894
56.7759 -3.43588
56.9076 -3.03467
57.0394 -3.07898
57.1711 -3.48683
57.3029 -4.00245
57.4346 -4.33973
57.5664 -4.31207
57.6982 -3.88151
57.8299 -3.12842
57.9617 -2.18996
58.0934 -1.20899
58.2252 -0.301223
58.3569 0.46938
58.4887 1.10508
58.6204 1.6606
58.7522 2.19484
58.8839 2.71563
59.0157 3.16285
59.1474 3.44997
59.2792 3.53369
59.4109 3.45403
59.5427 3.31221
59.6744 3.20733
59.8062 3.18492
59.9379 3.23189
60.0697 3.30748
60.2014 3.37399
60.3332 3.40642
60.4649 3.39017
60.5967 3.32436
60.7285 3.22716
60.8602 3.12225
60.992 3.00057
61.1237 2.78825
61.2555 2.36465
61.3872 1.63749
61.519 0.623091
61.6507 -0.539398
61.7825 -1.6622
61.9142 -2.61614
62.046 -3.38399
62.1777 -4.02186
62.3095 -4.57452
62.4412 -5.02809
62.573 -5.33749
62.7047 -5.48515
62.8365 -5.49615
62.9682 -5.38633
63.1 -5.10052
63.2317 -4.52013
63.3635 -3.55593
63.4953 -2.25229
63.627 -0.806884
63.7588 0.520784
63.8905 1.54208
64.0223 2.21221
64.154 2.60358
64.2858 2.82719
64.4175 2.97871
64.5493 3.13573
64.681 3.36725
64.8128 3.70999
64.9445 4.12158
65.0763 4.4704
65.208 4.60069
65.3398 4.43504
65.4715 4.02663
65.6033 3.51035
65.735 2.99621
65.8668 2.50425
65.9985 1.99781
66.1303 1.47093
66.2621 0.990013
66.3938 0.602036
66.5256 0.388095
66.6573 0.220287
66.7891 -0.0423497
66.9208 -0.477356
67.0526 -1.0056
67.1843 -1.54508
67.3161 -1.98861
67.4478 -2.38862
67.5796 -2.91174
67.7113 -3.48938
67.8431 -3.93151
67.9748 -4.09915
68.1066 -3.86273
68.2383 -3.27268
68.3701 -2.51178
68.5018 -1.75411
68.6336 -1.04262
68.7653 -0.4329
68.8971 0.117139
69.0288 0.538823
69.1606 0.79936
69.2924 0.961166
69.4241 1.12663
69.5559 1.36973
69.6876 1.57485
69.8194 1.65857
69.9511 1.62876
70.0829 1.49799
70.2146 1.38528
70.3464 1.35721
70.4781 1.47443
70.6099 1.6341
70.7416 1.72586
70.8734 1.73736
71.0051 1.64822
71.1369 1.58257
71.2686 1.47162
71.4004 1.3459
71.5321 1.14437
71.6639 0.887414
71.7956 0.611648
71.9274 0.431373
72.0592 0.261754
72.1909 0.106314
72.3227 0.0375877
72.4544 0.0577055
72.5862 0.186802
72.7179 0.240945
72.8497 0.175259
72.9814 -0.228901
73.1132 -0.753311
73.2449 -1.30974
73.3767 -1.69467
73.5084 -1.90103
73.6402 -1.90014
73.7719 -1.75115
73.9037 -1.57265
74.0354 -1.30198
74.1672 -1.08409
74.2989 -0.85752
74.4307 -0.715362
74.5624 -0.579804
74.6942 -0.406863
74.826 -0.0695745
74.9577 0.42845
75.0895 0.921642
75.2212 1.25383
75.353 1.31404
75.4847 1.21356
75.6165 1.09528
75.7482 1.0166
75.88 0.979626
76.0117 0.89411
76.1435 0.804287
76.2752 0.816827
76.407 0.892661
76.5387 0.9789
76.6705 0.98097
76.8022 0.806279
76.934 0.456765
77.0657 0.0961508
77.1975 -0.0521328
77.3292 0.0760728
77.461 0.371368
77.5927 0.662537
77.7245 0.868442
77.8563 0.91633
77.988 0.84153
78.1198 0.721972
78.2515 0.546909
78.3833 0.18662
78.515 -0.138902
78.6468 -0.388474
78.7785 -0.607391
78.9103 -0.693761
79.042 -0.74923
79.1738 -0.795993
79.3055 -0.793241
79.4373 -0.719838
79.569 -0.605258
79.7008 -0.456545
79.8325 -0.434988
79.9643 -0.464386
80.096 -0.419316
80.2278 -0.199622
80.3595 0.0360744
80.4913 0.253135
80.6231 0.34381
80.7548 0.282225
80.8866 0.1578
81.0183 0.0655938
81.1501 0.139073
81.2818 0.305688
81.4136 0.499351
81.5453 0.609242
81.6771 0.634589
81.8088 0.584362
81.9406 0.540616
82.0723 0.401191
82.2041 0.194196
82.3358 -0.105508
82.4676 -0.238044
82.5993 -0.105062
82.7311 0.17455
82.8628 0.493038
82.9946 0.747847
83.1263 0.822709
83.2581 0.74537
83.3899 0.627821
83.5216 0.455824
83.6534 0.266853
83.7851 0.0567903
83.9169 -0.1307
84.0486 -0.212952
84.1804 -0.221462
84.3121 -0.117055
84.4439 -0.0545617
84.5756 -0.0393715
84.7074 -0.0865408
84.8391 -0.174886
84.9709 -0.213051
85.1026 -0.317539
85.2344 -0.366129
85.3661 -0.394538
85.4979 -0.422265
85.6296 -0.348107
85.7614 -0.17166
85.8931 -0.023574
86.0249 0.0273467
86.1566 0.0541007
86.2884 0.0391829
86.4202 0.0563895
86.5519 0.0789155
86.6837 0.161679
86.8154 0.117766
86.9472 -0.0136733
87.0789 -0.100197
87.2107 -0.0768695
87.3424 0.0818518
87.4742 0.290039
87.6059 0.406331
87.7377 0.477495
87.8694 0.401968
88.0012 0.34914
88.1329 0.279583
88.2647 0.246403
88.3964 0.242053
88.5282 0.209192
88.6599 0.244418
88.7917 0.235999
88.9234 0.198747
89.0552 0.12332
89.187 -0.0443372
89.3187 -0.228586
89.4505 -0.271422
89.5822 -0.162225
89.714 -0.0163348
89.8457 0.0723954
89.9775 0.0856482
90.1092 0.0924244
90.241 0.127059
90.3727 0.150086
90.5045 0.108302
90.6362 0.0598543
90.768 -0.0882084
90.8997 -0.248304
91.0315 -0.332733
91.1632 -0.283458
91.295 -0.150776
91.4267 -0.0643353
91.5585 0.0430639
91.6902 0.113639
91.822 0.158249
91.9538 0.19977
92.0855 0.159119
92.2173 0.148299
92.349 0.0525897
92.4808 -0.0446883
92.6125 -0.0699376
92.7443 -0.03842
92.876 0.0730669
93.0078 0.143158
93.1395 0.150232
93.2713 0.0958953
93.403 0.0729303
93.5348 0.0317092
93.6665 0.00416069
93.7983 -0.0248553
93.93 -0.0127888
94.0618 0.0995347
94.1935 0.202432
94.3253 0.226119
94.457 0.242208
94.5888 0.168485
94.7205 0.0599366
94.8523 -0.000779838
94.9841 -0.00837429
95.1158 -0.0272176
95.2476 0.038291
95.3793 0.0092915
95.5111 -0.017584
95.6428 0.00710177
95.7746 0.041935
95.9063 0.0811274
96.0381 0.10459
96.1698 0.0685652
96.3016 -0.0156712
96.4333 -0.0447134
96.5651 -0.0724407
96.6968 -0.0439578
96.8286 -0.0215247
96.9603 -0.0234292
97.0921 -0.034364
97.2238 -0.0347779
97.3556 -0.016601
97.4873 -0.00658949
97.6191 0.00431546
97.7509 0.033565
97.8826 0.0264338
98.0144 -0.00838106
98.1461 -0.0218951
98.2779 -0.0359125
98.4096 0.00393462
98.5414 0.0152226
98.6731 0.0208523
98.8049 0.0153947
98.9366 0.0167366
99.0684 0.0153761
99.2001 0.0159205
99.3319 0.0159205
99.4636 0.0159205
99.5954 0.0159205
99.7271 0.0159205
99.8589 0.0159205
99.9906 0.0159205
100.122 0.0159205
100.254 0.0159205
100.386 0.0159205
100.518 0.0159205
100.649 0.0159205
100.781 0.0159205
100.913 0.0159205
101.045 0.0159205
101.176 0.0159205
101.308 0.0159205
101.44 0.0159205
101.572 0.0159205
101.703 0.0159205
101.835 0.0159205
101.967 0.0159205
102.099 0.0159205
102.23 0.0159205
102.362 0.0159205
102.494 0.0159205
102.626 0.0159205
102.757 0.0159205
102.889 0.0159205
103.021 0.0159205
103.153 0.0159205
103.284 0.0159205
103.416 0.0159205
103.548 0.0159205
103.68 0.0159205
103.811 0.0159205
103.943 0.0159205
104.075 0.0159205
104.207 0.0159205
104.338 0.0159205
104.47 0.0159205
104.602 0.0159205
104.734 0.0159205
104.865 0.0159205
104.997 0.0159205
105.129 0.0159205
105.261 0.0159205
105.392 0.0159205
105.524 0.0159205
105.656 0.0159205
105.788 0.0159205
105.919 0.0159205
106.051 0.0159205
106.183 0.0159205
106.315 0.0159205
106.447 0.0159205
106.578 0.0159205
106.71 0.0159205
106.842 0.0159205
106.974 0.0159205
107.105 0.0159205
107.237 0.0159205
107.369 0.0159205
107.501 0.0159205
107.632 0.0159205
107.764 0.0159205
107.896 0.0159205
108.028 0.0159205
108.159 0.0159205
108.291 0.0159205
108.423 0.0159205
108.555 0.0159205
108.686 0.0159205
108.818 0.0159205
108.95 0.0159205
109.082 0.0159205
109.213 0.0159205
109.345 0.0159205
109.477 0.0159205
109.609 0.0159205
109.74 0.0159205
109.872 0.0159205
110.004 0.0159205
110.136 0.0159205
110.267 0.0159205
110.399 0.0159205
110.531 0.0159205
110.663 0.0159205
110.794 0.0159205
110.926 0.0159205
111.058 0.0159205
111.19 0.0159205
111.321 0.0159205
111.453 0.0159205
111.585 0.0159205
111.717 0.0159205
111.848 0.0159205
111.98 0.0159205
112.112 0.0159205
112.244 0.0159205
112.375 0.0159205
112.507 0.0159205
112.639 0.0159205
112.771 0.0159205
112.902 0.0159205
113.034 0.0159205
113.166 0.0159205
113.298 0.0159205
113.429 0.0159205
113.561 0.0159205
113.693 0.0159205
113.825 0.0159205
113.956 0.0159205
114.088 0.0159205
114.22 0.0159205
114.352 0.0159205
114.483 0.0159205
114.615 0.0159205
114.747 0.0159205
114.879 0.0159205
115.01 0.0159205
115.142 0.0159205
115.274 0.0159205
115.406 0.0159205
115.537 0.0159205
115.669 0.0159205
115.801 0.0159205
115.933 0.0159205
116.064 0.0159205
116.196 0.0159205
116.328 0.0159205
116.46 0.0159205
116.591 0.0159205
116.723 0.0159205
116.855 0.0159205
116.987 0.0159205
117.118 0.0159205
117.25 0.0159205
117.382 0.0159205
117.514 0.0159205
117.645 0.0159205
117.777 0.0159205
117.909 0.0159205
118.041 0.0159205
118.172 0.0159205
118.304 0.0159205
118.436 0.0159205
118.568 0.0159205
118.699 0.0159205
118.831 0.0159205
118.963 0.0159205
119.095 0.0159205
119.226 0.0159205
119.358 0.0159205
119.49 0.0159205
119.622 0.0159205
119.753 0.0159205
119.885 0.0159205
120.017 0.0159205
120.149 0.0159205
120.28 0.0159205
120.412 0.0159205
120.544 0.0159205
120.676 0.0159205
120.808 0.0159205
120.939 0.0159205
121.071 0.0159205
121.203 0.0159205
121.335 0.0159205
121.466 0.0159205
121.598 0.0159205
121.73 0.0159205
121.862 0.0159205
121.993 0.0159205
122.125 0.0159205
122.257 0.0159205
122.389 0.0159205
122.52 0.0159205
122.652 0.0159205
122.784 0.0159205
122.916 0.0159205
123.047 0.0159205
123.179 0.0159205
123.311 0.0159205
123.443 0.0159205
123.574 0.0159205
123.706 0.0159205
123.838 0.0159205
123.97 0.0159205
124.101 0.0159205
124.233 0.0159205
124.365 0.0159205
124.497 0.0159205
124.628 0.0159205
124.76 0.0159205
124.892 0.0159205
125.024 0.0159205
125.155 0.0159205
125.287 0.0159205
125.419 0.0159205
125.551 0.0159205
125.682 0.0159205
125.814 0.0159205
125.946 0.0159205
126.078 0.0159205
126.209 0.0159205
126.341 0.0159205
126.473 0.0159205
126.605 0.0159205
126.736 0.0159205
126.868 0.0159205
127 0.0159205
127.132 0.0159205
127.263 0.0159205
127.395 0.0159205
127.527 0.0159205
127.659 0.0159205
127.79 0.0159205
127.922 0.0159205
128.054 0.0159205
128.186 0.0159205
128.317 0.0159205
128.449 0.0159205
128.581 0.0159205
128.713 0.0159205
128.844 0.0159205
128.976 0.0159205
129.108 0.0159205
129.24 0.0159205
129.371 0.0159205
129.503 0.0159205
129.635 0.0159205
129.767 0.0159205
129.898 0.0159205
130.03 0.0159205
