-5.37294 -0.465488
-5.24118 -0.457006
-5.10943 -0.430767
-4.97768 -0.383479
-4.84593 -0.265254
-4.71417 -0.131269
-4.58242 0.0739211
-4.45067 0.288111
-4.31892 0.470753
-4.18716 0.621579
-4.05541 0.614318
-3.92366 0.499966
-3.79191 0.330614
-3.66016 0.107814
-3.5284 -0.113431
-3.39665 -0.380658
-3.2649 -0.547121
-3.13315 -0.574609
-3.00139 -0.455048
-2.86964 -0.241765
-2.73789 0.018256
-2.60614 0.18075
-2.47438 0.259364
-2.34263 0.319287
-2.21088 0.342692
-2.07913 0.389706
-1.94738 0.494756
-1.81562 0.569655
-1.68387 0.667658
-1.55212 0.816036
-1.42037 0.932787
-1.28861 0.962536
-1.15686 0.903164
-1.02511 0.68393
-0.893357 0.415904
-0.761605 0.300087
-0.629853 0.348504
-0.4981 0.445822
-0.366348 0.495933
-0.234596 0.386268
-0.102843 0.151636
0.0289089 -0.112065
0.160661 -0.295457
0.292414 -0.441715
0.424166 -0.528589
0.555918 -0.583947
0.68767 -0.627488
0.819423 -0.576372
0.951175 -0.417579
1.08293 -0.206213
1.21468 0.035693
1.34643 0.257358
1.47818 0.488575
1.60994 0.668679
1.74169 0.8657
1.87344 0.918575
2.00519 0.882748
2.13695 0.714938
2.2687 0.504012
2.40045 0.317475
2.5322 0.174022
2.66396 0.0977559
2.79571 0.0370212
2.92746 0.0251434
3.05921 0.0653245
3.19096 0.201648
3.32272 0.336514
3.45447 0.366736
3.58622 0.281951
3.71797 0.141488
3.84973 0.0473108
3.98148 0.12473
4.11323 0.34459
4.24498 0.593103
4.37674 0.758632
4.50849 0.850642
4.64024 0.840144
4.77199 0.803273
4.90374 0.704646
5.0355 0.479236
5.16725 0.134345
5.299 -0.190479
5.43075 -0.340942
5.56251 -0.308994
5.69426 -0.192967
5.82601 -0.127591
5.95776 -0.134706
6.08951 -0.200287
6.22127 -0.223849
6.35302 -0.193416
6.48477 -0.0429195
6.61652 0.139542
6.74828 0.323941
6.88003 0.573976
7.01178 0.782162
7.14353 0.874347
7.27529 0.847801
7.40704 0.677422
7.53879 0.472067
7.67054 0.317279
7.80229 0.288597
7.93405 0.381554
8.0658 0.473395
8.19755 0.539425
8.3293 0.521872
8.46106 0.508113
8.59281 0.488805
8.72456 0.454886
8.85631 0.343324
8.98807 0.185121
9.11982 -0.0092392
9.25157 -0.158276
9.38332 -0.258646
9.51507 -0.35203
9.64683 -0.415141
9.77858 -0.403484
9.91033 -0.248754
10.0421 0.048243
10.1738 0.383751
10.3056 0.616732
10.4373 0.692263
10.5691 0.649877
10.7008 0.633049
10.8326 0.705853
10.9644 0.806178
11.0961 0.813661
11.2279 0.681778
11.3596 0.496396
11.4914 0.394965
11.6231 0.422823
11.7549 0.473013
11.8866 0.378733
12.0184 0.0766627
12.1501 -0.314644
12.2819 -0.578779
12.4136 -0.571199
12.5454 -0.31994
12.6771 0.0250758
12.8089 0.330525
12.9406 0.56871
13.0724 0.785475
13.2041 1.00353
13.3359 1.17407
13.4676 1.22274
13.5994 1.1272
13.7311 0.933023
13.8629 0.692107
13.9947 0.40161
14.1264 0.0232425
14.2582 -0.43193
14.3899 -0.85249
14.5217 -1.08328
14.6534 -1.04808
14.7852 -0.815801
14.9169 -0.535304
15.0487 -0.298007
15.1804 -0.0670227
15.3122 0.253386
15.4439 0.68141
15.5757 1.10241
15.7074 1.36058
15.8392 1.40591
15.9709 1.33887
16.1027 1.2973
16.2344 1.29884
16.3662 1.20861
16.4979 0.879081
16.6297 0.327483
16.7615 -0.233573
16.8932 -0.55549
17.025 -0.553986
17.1567 -0.356264
17.2885 -0.154287
17.4202 -0.0193508
17.552 0.131535
17.6837 0.39095
17.8155 0.703976
17.9472 0.881271
18.079 0.783389
18.2107 0.48644
18.3425 0.243619
18.4742 0.261044
18.606 0.502242
18.7377 0.717153
18.8695 0.670988
19.0012 0.349328
19.133 -0.056469
19.2647 -0.353394
19.3965 -0.520475
19.5283 -0.675376
19.66 -0.885359
19.7918 -1.04289
19.9235 -0.95425
20.0553 -0.552472
20.187 -0.000263057
20.3188 0.443131
20.4505 0.663239
20.5823 0.785333
20.714 1.01409
20.8458 1.38181
20.9775 1.67839
21.1093 1.65408
21.241 1.29411
21.3728 0.871823
21.5045 0.705445
21.6363 0.853873
21.768 1.06313
21.8998 1.02429
22.0315 0.679803
22.1633 0.259928
22.295 0.0130707
22.4268 -0.0768174
22.5586 -0.269181
22.6903 -0.747431
22.8221 -1.34137
22.9538 -1.61516
23.0856 -1.27113
23.2173 -0.470324
23.3491 0.276601
23.4808 0.567212
23.6126 0.464565
23.7443 0.388113
23.8761 0.645388
24.0078 1.09188
24.1396 1.28616
24.2713 0.989434
24.4031 0.476674
24.5348 0.29798
24.6666 0.702031
24.7983 1.31675
24.9301 1.44939
25.0618 0.729216
25.1936 -0.566015
25.3254 -1.84759
25.4571 -2.84318
25.5889 -3.76594
25.7206 -4.714
25.8524 -4.8727
25.9841 -2.52437
26.1159 3.69883
26.2476 13.0518
26.3794 21.8542
26.5111 24.6015
26.6429 16.6676
26.7746 -2.88375
26.9064 -29.9478
27.0381 -56.164
27.1699 -71.4717
27.3016 -67.5611
27.4334 -41.3025
27.5651 2.84462
27.6969 52.6968
27.8286 91.5499
27.9604 104.458
28.0922 85.1759
28.2239 39.9301
28.3557 -14.8391
28.4874 -60.2349
28.6192 -83.9032
28.7509 -84.8713
28.8827 -71.4513
29.0144 -54.1636
29.1462 -38.9125
29.2779 -24.9903
29.4097 -8.47458
29.5414 12.499
29.6732 35.0649
29.8049 53.3616
29.9367 62.6735
30.0684 62.278
30.2002 54.8875
30.3319 43.7425
30.4637 30.2599
30.5954 14.2011
30.7272 -4.26291
30.8589 -22.9393
30.9907 -38.1767
31.1225 -47.1146
31.2542 -49.5175
31.386 -47.529
31.5177 -43.6466
31.6495 -38.7909
31.7812 -32.1165
31.913 -22.5166
32.0447 -10.2674
32.1765 2.70726
32.3082 14.0705
32.44 22.5604
32.5717 28.4005
32.7035 32.4394
32.8352 35.0052
32.967 35.5853
33.0987 33.5132
33.2305 28.8447
33.3622 22.5075
33.494 15.6059
33.6257 8.61987
33.7575 1.30042
33.8893 -6.66077
34.021 -14.8788
34.1528 -22.1927
34.2845 -27.3432
34.4163 -29.7901
34.548 -29.9515
34.6798 -28.7115
34.8115 -26.6941
34.9433 -23.9363
35.075 -20.1542
35.2068 -15.2493
35.3385 -9.56039
35.4703 -3.68628
35.602 1.86944
35.7338 6.87647
35.8655 11.2701
35.9973 14.9551
36.129 17.7659
36.2608 19.6089
36.3925 20.5886
36.5243 20.9366
36.656 20.7824
36.7878 19.994
36.9196 18.2637
37.0513 15.3805
37.1831 11.4482
37.3148 6.85997
37.4466 2.06319
37.5783 -2.66169
37.7101 -7.21979
37.8418 -11.5268
37.9736 -15.3298
38.1053 -18.2111
38.2371 -19.7932
38.3688 -19.9871
38.5006 -19.0884
38.6323 -17.6404
38.7641 -16.1491
38.8958 -14.8216
39.0276 -13.4746
39.1593 -11.6504
39.2911 -8.87433
39.4228 -4.92763
39.5546 -0.0130265
39.6864 5.25833
39.8181 10.0533
39.9499 13.5981
40.0816 15.4384
40.2134 15.5774
40.3451 14.4457
40.4769 12.7233
40.6086 11.0863
40.7404 9.97387
40.8721 9.46495
41.0039 9.31789
41.1356 9.14932
41.2674 8.65304
41.3991 7.72703
41.5309 6.43438
41.6626 4.84506
41.7944 2.90275
41.9261 0.44434
42.0579 -2.63044
42.1896 -6.18086
42.3214 -9.80176
42.4532 -12.9926
42.5849 -15.3907
42.7167 -16.8836
42.8484 -17.5289
42.9802 -17.3795
43.1119 -16.3942
43.2437 -14.517
43.3754 -11.8341
43.5072 -8.63822
43.6389 -5.31924
43.7707 -2.17096
43.9024 0.70877
44.0342 3.34033
44.1659 5.69849
44.2977 7.64168
44.4294 9.01977
44.5612 9.85957
44.6929 10.4315
44.8247 11.0952
44.9564 12.0242
45.0882 13.0321
45.2199 13.6512
45.3517 13.4109
45.4835 12.1115
45.6152 9.90724
45.747 7.17857
45.8787 4.32182
46.0105 1.6076
46.1422 -0.838159
46.274 -2.9807
46.4057 -4.82377
46.5375 -6.38174
46.6692 -7.65663
46.801 -8.61011
46.9327 -9.1587
47.0645 -9.22333
47.1962 -8.81493
47.328 -8.08665
47.4597 -7.29341
47.5915 -6.67227
47.7232 -6.32532
47.855 -6.18463
47.9867 -6.06893
48.1185 -5.775
48.2503 -5.1434
48.382 -4.08889
48.5138 -2.62329
48.6455 -0.879898
48.7773 0.898268
48.909 2.44785
49.0408 3.62837
49.1725 4.5184
49.3043 5.36606
49.436 6.39994
49.5678 7.63261
49.6995 8.81589
49.8313 9.596
49.963 9.75389
50.0948 9.34365
50.2265 8.62593
50.3583 7.86096
50.49 7.13245
50.6218 6.33199
50.7535 5.29086
50.8853 3.93201
51.0171 2.32089
51.1488 0.599001
51.2806 -1.11766
51.4123 -2.78272
51.5441 -4.3843
51.6758 -5.88287
51.8076 -7.18676
51.9393 -8.1835
52.0711 -8.794
52.2028 -9.00642
52.3346 -8.87299
52.4663 -8.48238
52.5981 -7.92585
52.7298 -7.26717
52.8616 -6.52196
52.9933 -5.65711
53.1251 -4.61872
53.2568 -3.37916
53.3886 -1.97285
53.5203 -0.492455
53.6521 0.953056
53.7838 2.28537
53.9156 3.47319
54.0474 4.5133
54.1791 5.40351
54.3109 6.13562
54.4426 6.70694
54.5744 7.12461
54.7061 7.38714
54.8379 7.46155
54.9696 7.29127
55.1014 6.84367
55.2331 6.16046
55.3649 5.35822
55.4966 4.56612
55.6284 3.84769
55.7601 3.17489
55.8919 2.47669
56.0236 1.71504
56.1554 0.915005
56.2871 0.123617
56.4189 -0.654332
56.5506 -1.46984
56.6824 -2.37043
56.8142 -3.32407
56.9459 -4.20713
57.0777 -4.87961
57.2094 -5.28563
57.3412 -5.48864
57.4729 -5.60919
57.6047 -5.72242
57.7364 -5.80698
57.8682 -5.78367
57.9999 -5.59641
58.1317 -5.25325
58.2634 -4.79291
58.3952 -4.22055
58.5269 -3.48568
58.6587 -2.52873
58.7904 -1.35086
58.9222 -0.0383174
59.0539 1.28123
59.1857 2.50697
59.3174 3.59618
59.4492 4.54052
59.581 5.32612
59.7127 5.92546
59.8445 6.32496
59.9762 6.54589
60.108 6.62031
60.2397 6.53728
60.3715 6.21954
60.5032 5.57729
60.635 4.61761
60.7667 3.5264
60.8985 2.64013
61.0302 2.29205
61.162 2.60227
61.2937 3.32811
61.4255 3.87574
61.5572 3.50758
61.689 1.68884
61.8207 -1.57053
61.9525 -5.56468
62.0842 -9.06978
62.216 -10.8371
62.3477 -10.1896
62.4795 -7.39824
62.6113 -3.59077
62.743 -0.213551
62.8748 1.65503
63.0065 1.73814
63.1383 0.513364
63.27 -1.21875
63.4018 -2.81622
63.5335 -4.01568
63.6653 -4.82319
63.797 -5.26368
63.9288 -5.24128
64.0605 -4.61124
64.1923 -3.35367
64.324 -1.65976
64.4558 0.155379
64.5875 1.82903
64.7193 3.25882
64.851 4.4644
64.9828 5.4672
65.1145 6.21713
65.2463 6.63027
65.3781 6.68316
65.5098 6.4564
65.6416 6.0794
65.7733 5.63093
65.9051 5.09352
66.0368 4.40434
66.1686 3.55086
66.3003 2.6186
66.4321 1.74647
66.5638 1.03051
66.6956 0.45938
66.8273 -0.0685391
66.9591 -0.666814
67.0908 -1.38376
67.2226 -2.17422
67.3543 -2.92379
67.4861 -3.49858
67.6178 -3.79538
67.7496 -3.78084
67.8813 -3.51237
68.0131 -3.12713
68.1449 -2.79047
68.2766 -2.61918
68.4084 -2.62196
68.5401 -2.6979
68.6719 -2.69801
68.8036 -2.51066
68.9354 -2.116
69.0671 -1.58071
69.1989 -1.00719
69.3306 -0.476869
69.4624 -0.0196117
69.5941 0.384298
69.7259 0.781323
69.8576 1.21501
69.9894 1.69864
70.1211 2.19912
70.2529 2.6426
70.3846 2.94551
70.5164 3.05734
70.6481 2.98907
70.7799 2.80804
70.9116 2.60448
71.0434 2.45488
71.1752 2.40395
71.3069 2.46518
71.4387 2.62397
71.5704 2.83397
71.7022 3.01696
71.8339 3.0831
71.9657 2.96953
72.0974 2.66971
72.2292 2.22475
72.3609 1.68004
72.4927 1.04673
72.6244 0.308491
72.7562 -0.527409
72.8879 -1.38323
73.0197 -2.12082
73.1514 -2.61365
73.2832 -2.82749
73.4149 -2.84353
73.5467 -2.80382
73.6784 -2.82283
73.8102 -2.93154
73.942 -3.0849
74.0737 -3.20756
74.2055 -3.23052
74.3372 -3.09853
74.469 -2.76781
74.6007 -2.22128
74.7325 -1.49688
74.8642 -0.694261
74.996 0.0651961
75.1277 0.703426
75.2595 1.22154
75.3912 1.67133
75.523 2.08623
75.6547 2.43682
75.7865 2.6555
75.9182 2.70929
76.05 2.65158
76.1817 2.60078
76.3135 2.66009
76.4452 2.84584
76.577 3.08175
76.7088 3.25665
76.8405 3.29219
76.9723 3.16969
77.104 2.91091
77.2358 2.54608
77.3675 2.09934
77.4993 1.58381
77.631 1.01189
77.7628 0.384132
77.8945 -0.316504
78.0263 -1.04128
78.158 -1.73691
78.2898 -2.21444
78.4215 -2.31515
78.5533 -2.11573
78.685 -1.74983
78.8168 -1.46097
78.9485 -1.4441
79.0803 -1.70067
79.212 -2.05019
79.3438 -2.26644
79.4755 -2.19462
79.6073 -1.88201
79.7391 -1.38701
79.8708 -0.947259
80.0026 -0.550669
80.1343 -0.228069
80.2661 0.0668984
80.3978 0.387159
80.5296 0.748697
80.6613 1.09198
80.7931 1.33654
80.9248 1.38371
81.0566 1.24105
81.1883 0.995919
81.3201 0.806733
81.4518 0.744805
81.5836 0.845976
81.7153 1.11206
81.8471 1.37558
81.9788 1.57033
82.1106 1.64338
82.2423 1.66357
82.3741 1.67433
82.5059 1.6584
82.6376 1.52908
82.7694 1.31371
82.9011 1.05717
83.0329 0.803915
83.1646 0.624314
83.2964 0.567489
83.4281 0.588814
83.5599 0.482374
83.6916 0.310207
83.8234 0.133462
83.9551 -0.0116456
84.0869 -0.0910188
84.2186 -0.251171
84.3504 -0.502091
84.4821 -0.801001
84.6139 -1.10611
84.7456 -1.34808
84.8774 -1.48068
85.0091 -1.50635
85.1409 -1.47608
85.2727 -1.41391
85.4044 -1.25856
85.5362 -1.00268
85.6679 -0.682998
85.7997 -0.384587
85.9314 -0.138526
86.0632 0.141732
86.1949 0.392985
86.3267 0.69193
86.4584 0.960414
86.5902 1.11699
86.7219 1.14948
86.8537 1.09801
86.9854 1.00823
87.1172 0.950486
87.2489 0.870362
87.3807 0.85352
87.5124 0.820096
87.6442 0.819668
87.7759 0.871772
87.9077 0.970707
88.0394 1.03722
88.1712 0.954488
88.303 0.782805
88.4347 0.592131
88.5665 0.459539
88.6982 0.404633
88.83 0.362133
88.9617 0.267685
89.0935 0.159776
89.2252 0.0732481
89.357 0.0607858
89.4887 0.0622199
89.6205 0.101337
89.7522 -0.0464529
89.884 -0.230927
90.0157 -0.373994
90.1475 -0.461027
90.2792 -0.441997
90.411 -0.382992
90.5427 -0.328647
90.6745 -0.304396
90.8062 -0.267227
90.938 -0.236564
91.0698 -0.239852
91.2015 -0.326412
91.3333 -0.428497
91.465 -0.518394
91.5968 -0.491071
91.7285 -0.361837
91.8603 -0.108706
91.992 0.18248
92.1238 0.420539
92.2555 0.553477
92.3873 0.67972
92.519 0.702775
92.6508 0.688136
92.7825 0.592606
92.9143 0.452131
93.046 0.328707
93.1778 0.263682
93.3095 0.257612
93.4413 0.304478
93.573 0.357662
93.7048 0.404994
93.8366 0.469897
93.9683 0.560675
94.1001 0.615839
94.2318 0.591131
94.3636 0.452667
94.4953 0.310109
94.6271 0.153239
94.7588 0.0696416
94.8906 0.0799968
95.0223 0.105215
95.1541 0.065842
95.2858 0.0532643
95.4176 0.0557303
95.5493 0.107847
95.6811 0.136715
95.8128 0.0180421
95.9446 -0.158183
96.0763 -0.360369
96.2081 -0.506983
96.3398 -0.516524
96.4716 -0.451649
96.6033 -0.310454
96.7351 -0.239594
96.8669 -0.207555
96.9986 -0.14608
97.1304 -0.0059971
97.2621 0.152087
97.3939 0.327779
97.5256 0.420995
97.6574 0.379595
97.7891 0.29649
97.9209 0.182388
98.0526 0.0390409
98.1844 -0.0264333
98.3161 -0.0448458
98.4479 -0.0341601
98.5796 0.045601
98.7114 0.153272
98.8431 0.20039
98.9749 0.253833
99.1066 0.306128
99.2384 0.293937
99.3701 0.265443
99.5019 0.268768
99.6337 0.264593
99.7654 0.277108
99.8972 0.296847
100.029 0.329213
100.161 0.344183
100.292 0.381293
100.424 0.360072
100.556 0.273966
100.688 0.175499
100.819 0.049662
100.951 -0.080107
101.083 -0.180206
101.215 -0.270146
101.346 -0.307764
101.478 -0.296734
101.61 -0.171795
101.742 -0.0687193
101.873 0.0541789
102.005 0.0566928
102.137 0.00550131
102.269 -0.0687217
102.4 -0.107463
102.532 -0.0815505
102.664 -0.0503614
102.796 -0.0132528
102.927 -0.0083047
103.059 -0.00518353
103.191 -0.0379657
103.323 -0.0613578
103.454 -0.0503654
103.586 -0.0189013
103.718 0.0418251
103.85 0.139935
103.981 0.205891
104.113 0.220757
104.245 0.19115
104.377 0.154802
104.508 0.108542
104.64 0.126585
104.772 0.138854
104.904 0.123308
105.035 0.0864683
105.167 0.0483311
105.299 -0.00126794
105.431 -0.0684293
105.563 -0.106546
105.694 -0.0947792
105.826 -0.0379884
105.958 -0.00272203
106.09 0.0162613
106.221 0.00566859
106.353 0.0240587
106.485 0.0118843
106.617 0.019899
106.748 0.0428874
106.88 -0.00160909
107.012 -0.0330046
107.144 -0.0302259
107.275 -0.0420168
107.407 -0.0383212
107.539 -0.045466
107.671 -0.0362834
107.802 -0.0244056
107.934 -0.0349268
108.066 -0.0289505
108.198 -0.0434958
108.329 -0.0195895
108.461 -0.00930909
108.593 0.0077234
108.725 0.00710318
108.856 0.0127183
108.988 -0.000482017
109.12 0.0104524
109.252 0.0149399
109.383 0.0136456
109.515 0.0205957
109.647 0.0127975
109.779 0.00543284
109.91 0.00337507
110.042 0.00756204
110.174 0.0143473
110.306 0.0184953
110.437 0.00787339
110.569 0.00909404
110.701 0.00909404
110.833 0.00909404
110.964 0.00909404
111.096 0.00909404
111.228 0.00909404
111.36 0.00909404
111.491 0.00909404
111.623 0.00909404
111.755 0.00909404
111.887 0.00909404
112.018 0.00909404
112.15 0.00909404
112.282 0.00909404
112.414 0.00909404
112.545 0.00909404
112.677 0.00909404
112.809 0.00909404
112.941 0.00909404
113.072 0.00909404
113.204 0.00909404
113.336 0.00909404
113.468 0.00909404
113.599 0.00909404
113.731 0.00909404
113.863 0.00909404
113.995 0.00909404
114.126 0.00909404
114.258 0.00909404
114.39 0.00909404
114.522 0.00909404
114.653 0.00909404
114.785 0.00909404
114.917 0.00909404
115.049 0.00909404
115.18 0.00909404
115.312 0.00909404
115.444 0.00909404
115.576 0.00909404
115.707 0.00909404
115.839 0.00909404
115.971 0.00909404
116.103 0.00909404
116.234 0.00909404
116.366 0.00909404
116.498 0.00909404
116.63 0.00909404
116.761 0.00909404
116.893 0.00909404
117.025 0.00909404
117.157 0.00909404
117.288 0.00909404
117.42 0.00909404
117.552 0.00909404
117.684 0.00909404
117.815 0.00909404
117.947 0.00909404
118.079 0.00909404
118.211 0.00909404
118.342 0.00909404
118.474 0.00909404
118.606 0.00909404
118.738 0.00909404
118.869 0.00909404
119.001 0.00909404
119.133 0.00909404
119.265 0.00909404
119.396 0.00909404
119.528 0.00909404
119.66 0.00909404
119.792 0.00909404
119.924 0.00909404
120.055 0.00909404
120.187 0.00909404
120.319 0.00909404
120.451 0.00909404
120.582 0.00909404
120.714 0.00909404
120.846 0.00909404
120.978 0.00909404
121.109 0.00909404
121.241 0.00909404
121.373 0.00909404
121.505 0.00909404
121.636 0.00909404
121.768 0.00909404
121.9 0.00909404
122.032 0.00909404
122.163 0.00909404
122.295 0.00909404
122.427 0.00909404
122.559 0.00909404
122.69 0.00909404
122.822 0.00909404
122.954 0.00909404
123.086 0.00909404
123.217 0.00909404
123.349 0.00909404
123.481 0.00909404
123.613 0.00909404
123.744 0.00909404
123.876 0.00909404
124.008 0.00909404
124.14 0.00909404
124.271 0.00909404
124.403 0.00909404
124.535 0.00909404
124.667 0.00909404
124.798 0.00909404
124.93 0.00909404
125.062 0.00909404
125.194 0.00909404
125.325 0.00909404
125.457 0.00909404
125.589 0.00909404
125.721 0.00909404
125.852 0.00909404
125.984 0.00909404
126.116 0.00909404
126.248 0.00909404
126.379 0.00909404
126.511 0.00909404
126.643 0.00909404
126.775 0.00909404
126.906 0.00909404
127.038 0.00909404
127.17 0.00909404
127.302 0.00909404
127.433 0.00909404
127.565 0.00909404
127.697 0.00909404
127.829 0.00909404
127.96 0.00909404
128.092 0.00909404
128.224 0.00909404
128.356 0.00909404
128.487 0.00909404
128.619 0.00909404
128.751 0.00909404
128.883 0.00909404
129.014 0.00909404
129.146 0.00909404
129.278 0.00909404
129.41 0.00909404
