-5.41351 -0.322918
-5.28176 -0.360306
-5.15001 -0.247805
-5.01826 -0.0413233
-4.8865 0.166338
-4.75475 0.319267
-4.623 0.36833
-4.49125 0.386105
-4.35949 0.408602
-4.22774 0.489913
-4.09599 0.63002
-3.96424 0.763707
-3.83248 0.819908
-3.70073 0.86114
-3.56898 0.934384
-3.43723 0.963212
-3.30548 0.869081
-3.17372 0.736587
-3.04197 0.59401
-2.91022 0.480537
-2.77847 0.344808
-2.64671 0.189434
-2.51496 -0.017765
-2.38321 -0.205034
-2.25146 -0.322435
-2.1197 -0.366503
-1.98795 -0.346254
-1.8562 -0.281746
-1.72445 -0.190137
-1.5927 -0.0281981
-1.46094 0.149149
-1.32919 0.385112
-1.19744 0.522212
-1.06569 0.545338
-0.933934 0.432403
-0.802181 0.309242
-0.670429 0.305033
-0.538677 0.483777
-0.406924 0.704901
-0.275172 0.849821
-0.14342 0.871133
-0.0116675 0.811934
0.120085 0.644769
0.251837 0.393704
0.383589 0.111009
0.515342 -0.137412
0.647094 -0.286268
0.778846 -0.197006
0.910599 0.0438194
1.04235 0.374062
1.1741 0.626934
1.30586 0.712419
1.43761 0.72469
1.56936 0.744256
1.70111 0.852532
1.83286 0.968222
1.96462 0.97561
2.09637 0.762031
2.22812 0.474407
2.35987 0.192547
2.49163 0.036944
2.62338 0.00298942
2.75513 -0.0871823
2.88688 -0.253225
3.01864 -0.369944
3.15039 -0.397
3.28214 -0.314803
3.41389 -0.142819
3.54564 0.00263413
3.6774 0.0980194
3.80915 0.188267
3.9409 0.362948
4.07265 0.619356
4.20441 0.77312
4.33616 0.77734
4.46791 0.681482
4.59966 0.55706
4.73142 0.545611
4.86317 0.676806
4.99492 0.823909
5.12667 0.853215
5.25842 0.784689
5.39018 0.70088
5.52193 0.699813
5.65368 0.720999
5.78543 0.687191
5.91719 0.516386
6.04894 0.25608
6.18069 0.0932309
6.31244 0.0890083
6.4442 0.129185
6.57595 0.0806129
6.7077 -0.108389
6.83945 -0.305639
6.9712 -0.310869
7.10296 -0.109039
7.23471 0.186062
7.36646 0.384728
7.49821 0.407567
7.62997 0.347681
7.76172 0.419319
7.89347 0.646369
8.02522 0.879727
8.15698 0.921114
8.28873 0.716349
8.42048 0.408501
8.55223 0.199211
8.68398 0.16006
8.81574 0.18279
8.94749 0.111802
9.07924 -0.0832689
9.21099 -0.272057
9.34275 -0.294538
9.4745 -0.115482
9.60625 0.158583
9.738 0.409044
9.86976 0.633649
10.0015 0.930572
10.1333 1.35489
10.265 1.80684
10.3968 2.08235
10.5285 2.04447
10.6603 1.74204
10.792 1.35133
10.9238 0.998994
11.0555 0.648754
11.1873 0.168945
11.319 -0.490078
11.4508 -1.19422
11.5825 -1.70702
11.7143 -1.87348
11.846 -1.72403
11.9778 -1.40498
12.1095 -1.02229
12.2413 -0.567226
12.373 0.00801029
12.5048 0.664851
12.6366 1.25578
12.7683 1.63788
12.9001 1.79845
13.0318 1.84828
13.1636 1.88236
13.2953 1.85822
13.4271 1.63244
13.5588 1.12732
13.6906 0.453005
13.8223 -0.152489
13.9541 -0.513873
14.0858 -0.647239
14.2176 -0.695692
14.3493 -0.744847
14.4811 -0.720262
14.6128 -0.480709
14.7446 -0.00582311
14.8763 0.533526
15.0081 0.912966
15.1398 1.06285
15.2716 1.12108
15.4034 1.26216
15.5351 1.47854
15.6669 1.55609
15.7986 1.28958
15.9304 0.72238
16.0621 0.149401
16.1939 -0.142684
16.3256 -0.143901
16.4574 -0.117648
16.5891 -0.315466
16.7209 -0.695902
16.8526 -0.942642
16.9844 -0.776144
17.1161 -0.24586
17.2479 0.300561
17.3796 0.547804
17.5114 0.5087
17.6431 0.481965
17.7749 0.717131
17.9066 1.13803
18.0384 1.41656
18.1702 1.31976
18.3019 0.961379
18.4337 0.686331
18.5654 0.706913
18.6972 0.880401
18.8289 0.873039
18.9607 0.5398
19.0924 0.105483
19.2242 -0.0658316
19.3559 0.120578
19.4877 0.35059
19.6194 0.210835
19.7512 -0.357044
19.8829 -0.945656
20.0147 -1.06452
20.1464 -0.639416
20.2782 -0.0982779
20.4099 0.0741595
20.5417 -0.13849
20.6734 -0.248114
20.8052 0.210757
20.9369 1.12982
21.0687 1.864
21.2005 1.87673
21.3322 1.34499
21.464 1.05025
21.5957 1.58579
21.7275 2.65051
21.8592 3.18387
21.991 2.27664
22.1227 -0.0200302
22.2545 -2.79708
22.3862 -5.16469
22.518 -6.89659
22.6497 -8.02211
22.7815 -7.73565
22.9132 -4.0147
23.045 4.99654
23.1767 18.4264
23.3085 31.0626
23.4402 34.6796
23.572 22.2931
23.7037 -7.04626
23.8355 -46.0951
23.9673 -81.5447
24.099 -99.401
24.2308 -90.7557
24.3625 -55.254
24.4943 -1.20488
24.626 57.0858
24.7578 103.538
24.8895 124.98
25.0213 115.263
25.153 77.4946
25.2848 23.1205
25.4165 -32.348
25.5483 -75.276
25.68 -98.5458
25.8118 -102.52
25.9435 -92.3035
26.0753 -73.6568
26.207 -50.4222
26.3388 -24.6474
26.4705 1.77319
26.6023 26.0886
26.7341 45.37
26.8658 58.0058
26.9976 64.3043
27.1293 65.4863
27.2611 62.0837
27.3928 53.4365
27.5246 38.8942
27.6563 19.5628
27.7881 -1.23213
27.9198 -19.4489
28.0516 -32.6156
28.1833 -40.9178
28.3151 -46.1773
28.4468 -49.7256
28.5786 -51.1265
28.7103 -48.8197
28.8421 -41.93
28.9738 -31.4531
29.1056 -19.7247
29.2373 -8.75105
29.3691 0.99743
29.5008 10.2734
29.6326 19.6639
29.7644 28.5366
29.8961 35.2951
30.0279 38.5977
30.1596 38.3215
30.2914 35.4177
30.4231 30.9457
30.5549 25.3157
30.6866 18.4267
30.8184 10.401
30.9501 2.03217
31.0819 -5.56414
31.2136 -11.7195
31.3454 -16.5833
31.4771 -20.708
31.6089 -24.2946
31.7406 -26.8891
31.8724 -27.8366
32.0041 -27.0009
32.1359 -24.9837
32.2676 -22.5992
32.3994 -20.1316
32.5312 -17.1307
32.6629 -12.9539
32.7947 -7.51385
32.9264 -1.49639
33.0582 4.14329
33.1899 8.88515
33.3217 12.8598
33.4534 16.4127
33.5852 19.5152
33.7169 21.6497
33.8487 22.2757
33.9804 21.3804
34.1122 19.5353
34.2439 17.3954
34.3757 15.1477
34.5074 12.4593
34.6392 8.95955
34.7709 4.75901
34.9027 0.480624
35.0344 -3.22265
35.1662 -6.18794
35.298 -8.80885
35.4297 -11.6149
35.5615 -14.7822
35.6932 -18.0013
35.825 -20.7293
35.9567 -22.4947
36.0885 -22.9603
36.2202 -21.8052
36.352 -18.7307
36.4837 -13.751
36.6155 -7.53671
36.7472 -1.39594
36.879 3.26952
37.0107 5.70814
37.1425 6.19782
37.2742 5.75926
37.406 5.44305
37.5377 5.75481
37.6695 6.60753
37.8012 7.70487
37.933 8.92155
38.0647 10.3424
38.1965 12.0048
38.3283 13.6679
38.46 14.8597
38.5918 15.1494
38.7235 14.379
38.8553 12.6641
38.987 10.215
39.1188 7.18457
39.2505 3.6717
39.3823 -0.180427
39.514 -4.13627
39.6458 -7.92783
39.7775 -11.3388
39.9093 -14.2069
40.041 -16.3522
40.1728 -17.5479
40.3045 -17.6141
40.4363 -16.5739
40.568 -14.7164
40.6998 -12.4811
40.8315 -10.2467
40.9633 -8.19247
41.0951 -6.32018
41.2268 -4.5616
41.3586 -2.83544
41.4903 -1.01448
41.6221 1.09579
41.7538 3.65461
41.8856 6.59296
42.0173 9.51061
42.1491 11.8143
42.2808 13.0415
42.4126 13.1266
42.5443 12.3924
42.6761 11.2809
42.8078 10.0624
42.9396 8.75801
43.0713 7.29705
43.2031 5.71334
43.3348 4.17771
43.4666 2.85636
43.5983 1.76948
43.7301 0.810508
43.8619 -0.100634
43.9936 -0.910731
44.1254 -1.50626
44.2571 -1.8995
44.3889 -2.32239
44.5206 -3.0982
44.6524 -4.38106
44.7841 -5.99624
44.9159 -7.53153
45.0476 -8.60347
45.1794 -9.07177
45.3111 -9.04246
45.4429 -8.70426
45.5746 -8.17597
45.7064 -7.48618
45.8381 -6.64383
45.9699 -5.67348
46.1016 -4.56605
46.2334 -3.22993
46.3651 -1.55215
46.4969 0.446472
46.6286 2.51638
46.7604 4.28052
46.8922 5.4858
47.0239 6.19103
47.1557 6.70675
47.2874 7.32273
47.4192 8.06189
47.5509 8.68219
47.6827 8.91746
47.8144 8.72366
47.9462 8.29776
48.0779 7.86059
48.2097 7.42287
48.3414 6.76395
48.4732 5.64079
48.6049 4.02303
48.7367 2.13406
48.8684 0.273571
49.0002 -1.39517
49.1319 -2.89427
49.2637 -4.29564
49.3954 -5.5644
49.5272 -6.55101
49.659 -7.13447
49.7907 -7.35724
49.9225 -7.40173
50.0542 -7.42397
50.186 -7.40781
50.3177 -7.18385
50.4495 -6.59478
50.5812 -5.64848
50.713 -4.51919
50.8447 -3.40828
50.9765 -2.4037
51.1082 -1.46133
51.24 -0.501687
51.3717 0.490377
51.5035 1.45656
51.6352 2.33297
51.767 3.10529
51.8987 3.79206
52.0305 4.38801
52.1622 4.84549
52.294 5.12312
52.4258 5.24737
52.5575 5.31018
52.6893 5.39291
52.821 5.4896
52.9528 5.50986
53.0845 5.36251
53.2163 5.0385
53.348 4.61266
53.4798 4.1673
53.6115 3.7179
53.7433 3.21323
53.875 2.60051
54.0068 1.88001
54.1385 1.0926
54.2703 0.262806
54.402 -0.629449
54.5338 -1.6097
54.6655 -2.64404
54.7973 -3.62579
54.929 -4.43922
55.0608 -5.03988
55.1925 -5.46638
55.3243 -5.76692
55.4561 -5.91652
55.5878 -5.81863
55.7196 -5.40182
55.8513 -4.72005
55.9831 -3.95029
56.1148 -3.27396
56.2466 -2.74162
56.3783 -2.2413
56.5101 -1.59824
56.6418 -0.717526
56.7736 0.34828
56.9053 1.44461
57.0371 2.40878
57.1688 3.12395
57.3006 3.51526
57.4323 3.5487
57.5641 3.28748
57.6958 2.97016
57.8276 2.99829
57.9593 3.75555
58.0911 5.32065
58.2229 7.26551
58.3546 8.72629
58.4864 8.77572
58.6181 6.91945
58.7499 3.43434
58.8816 -0.660578
59.0134 -4.0076
59.1451 -5.49098
59.2769 -4.70701
59.4086 -2.10151
59.5404 1.27231
59.6721 4.23206
59.8039 5.93008
59.9356 6.08346
60.0674 4.90178
60.1991 2.82334
60.3309 0.264212
60.4626 -2.46969
60.5944 -5.11214
60.7261 -7.34386
60.8579 -8.81377
60.9897 -9.28537
61.1214 -8.78409
61.2532 -7.60218
61.3849 -6.13503
61.5167 -4.66944
61.6484 -3.28576
61.7802 -1.93355
61.9119 -0.589711
62.0437 0.652367
62.1754 1.63462
62.3072 2.26173
62.4389 2.57586
62.5707 2.71396
62.7024 2.80204
62.8342 2.89343
62.9659 2.99935
63.0977 3.15661
63.2294 3.43983
63.3612 3.89076
63.4929 4.43371
63.6247 4.87212
63.7564 4.98866
63.8882 4.67364
64.02 3.98182
64.1517 3.08606
64.2835 2.18518
64.4152 1.44381
64.547 0.982411
64.6787 0.87133
64.8105 1.0877
64.9422 1.46336
65.074 1.702
65.2057 1.50601
65.3375 0.751019
65.4692 -0.420318
65.601 -1.66875
65.7327 -2.65047
65.8645 -3.19163
65.9962 -3.32773
66.128 -3.20775
66.2597 -2.96762
66.3915 -2.67804
66.5232 -2.38058
66.655 -2.13942
66.7868 -2.03555
66.9185 -2.10605
67.0503 -2.29665
67.182 -2.48488
67.3138 -2.5577
67.4455 -2.47239
67.5773 -2.24816
67.709 -1.90756
67.8408 -1.43462
67.9725 -0.793809
68.1043 0.0130393
68.236 0.915333
68.3678 1.80401
68.4995 2.59609
68.6313 3.27232
68.763 3.85574
68.8948 4.35852
69.0265 4.75249
69.1583 4.98956
69.29 5.04559
69.4218 4.94059
69.5535 4.71698
69.6853 4.40291
69.8171 3.99978
69.9488 3.50292
70.0806 2.92699
70.2123 2.30426
70.3441 1.65662
70.4758 0.974609
70.6076 0.231612
70.7393 -0.575165
70.8711 -1.39535
71.0028 -2.13801
71.1346 -2.71822
71.2663 -3.1
71.3981 -3.30398
71.5298 -3.38143
71.6616 -3.38127
71.7933 -3.33357
71.9251 -3.25041
72.0568 -3.13122
72.1886 -2.96508
72.3203 -2.73526
72.4521 -2.43121
72.5839 -2.06008
72.7156 -1.64283
72.8474 -1.19272
72.9791 -0.696259
73.1109 -0.12134
73.2426 0.545773
73.3744 1.26482
73.5061 1.94364
73.6379 2.48435
73.7696 2.83931
73.9014 3.03116
74.0331 3.12144
74.1649 3.15689
74.2966 3.1412
74.4284 3.04848
74.5601 2.83991
74.6919 2.55819
74.8236 2.25259
74.9554 1.97167
75.0871 1.82197
75.2189 1.81799
75.3507 1.83321
75.4824 1.91457
75.6142 1.84334
75.7459 1.55723
75.8777 0.990096
76.0094 0.217223
76.1412 -0.593366
76.2729 -1.3202
76.4047 -1.76592
76.5364 -1.9115
76.6682 -1.74084
76.7999 -1.39041
76.9317 -0.975605
77.0634 -0.601516
77.1952 -0.33448
77.3269 -0.321255
77.4587 -0.424057
77.5904 -0.627702
77.7222 -0.817916
77.8539 -0.976562
77.9857 -1.05375
78.1174 -1.13291
78.2492 -1.23774
78.381 -1.1748
78.5127 -0.978023
78.6445 -0.601713
78.7762 -0.136348
78.908 0.277956
79.0397 0.569005
79.1715 0.761062
79.3032 0.854461
79.435 0.983988
79.5667 1.09677
79.6985 1.16431
79.8302 1.20383
79.962 1.23586
80.0937 1.38548
80.2255 1.55762
80.3572 1.64407
80.489 1.63187
80.6207 1.58057
80.7525 1.60341
80.8842 1.72545
81.016 1.86825
81.1478 1.87774
81.2795 1.649
81.4113 1.1798
81.543 0.668137
81.6748 0.209917
81.8065 -0.196758
81.9383 -0.600288
82.07 -1.03669
82.2018 -1.43053
82.3335 -1.65908
82.4653 -1.54261
82.597 -1.07933
82.7288 -0.543714
82.8605 -0.0710777
82.9923 0.246939
83.124 0.366345
83.2558 0.434829
83.3875 0.439597
83.5193 0.33017
83.651 0.0383502
83.7828 -0.268333
83.9146 -0.518209
84.0463 -0.517283
84.1781 -0.289524
84.3098 0.00679589
84.4416 0.175269
84.5733 0.22674
84.7051 0.171005
84.8368 0.131959
84.9686 0.138338
85.1003 0.151794
85.2321 0.163802
85.3638 0.24259
85.4956 0.412884
85.6273 0.620192
85.7591 0.860475
85.8908 1.01691
86.0226 1.10635
86.1543 1.07306
86.2861 0.972136
86.4178 0.764524
86.5496 0.569764
86.6813 0.418643
86.8131 0.347705
86.9449 0.331356
87.0766 0.321097
87.2084 0.364909
87.3401 0.435022
87.4719 0.491417
87.6036 0.496502
87.7354 0.471857
87.8671 0.402214
87.9989 0.293999
88.1306 0.15628
88.2624 -0.10003
88.3941 -0.341147
88.5259 -0.480054
88.6576 -0.465685
88.7894 -0.329902
88.9211 -0.197071
89.0529 -0.135802
89.1846 -0.159775
89.3164 -0.1886
89.4481 -0.246566
89.5799 -0.269408
89.7117 -0.268622
89.8434 -0.289478
89.9752 -0.241157
90.1069 -0.0887639
90.2387 0.176498
90.3704 0.397685
90.5022 0.510727
90.6339 0.496106
90.7657 0.383729
90.8974 0.230206
91.0292 0.125216
91.1609 0.0315046
91.2927 -0.0242329
91.4244 -0.0534536
91.5562 0.0213755
91.6879 0.228174
91.8197 0.483437
91.9514 0.683565
92.0832 0.726962
92.2149 0.575593
92.3467 0.370978
92.4785 0.259405
92.6102 0.209748
92.742 0.289284
92.8737 0.351828
93.0055 0.37069
93.1372 0.320133
93.269 0.225127
93.4007 0.169513
93.5325 0.0978803
93.6642 0.0746928
93.796 0.0895708
93.9277 0.126194
94.0595 0.202923
94.1912 0.290716
94.323 0.292725
94.4547 0.222964
94.5865 0.202828
94.7182 0.202013
94.85 0.218623
94.9817 0.260273
95.1135 0.273338
95.2452 0.188592
95.377 0.0495915
95.5088 -0.110325
95.6405 -0.205759
95.7723 -0.243399
95.904 -0.259573
96.0358 -0.251862
96.1675 -0.184962
96.2993 -0.128472
96.431 -0.138718
96.5628 -0.162244
96.6945 -0.130633
96.8263 -0.0980572
96.958 -0.0374506
97.0898 0.0390897
97.2215 0.146929
97.3533 0.21269
97.485 0.233749
97.6168 0.182801
97.7485 0.103371
97.8803 0.0597278
98.012 0.0591647
98.1438 0.0796285
98.2756 0.119866
98.4073 0.164293
98.5391 0.291681
98.6708 0.410289
98.8026 0.552714
98.9343 0.615446
99.0661 0.607034
99.1978 0.512099
99.3296 0.350816
99.4613 0.13354
99.5931 -0.0412395
99.7248 -0.154285
99.8566 -0.223057
99.9883 -0.285918
100.12 -0.280991
100.252 -0.21925
100.384 -0.15564
100.515 -0.12101
100.647 -0.0828379
100.779 -0.0766323
100.911 -0.00772683
101.042 0.0594374
101.174 0.109066
101.306 0.131449
101.438 0.0872396
101.569 0.0388849
101.701 -0.00734948
101.833 -0.0206386
101.965 -0.0179175
102.096 0.0343721
102.228 0.0427246
102.36 0.0597082
102.492 0.0500846
102.623 -0.0110167
102.755 -0.0334874
102.887 -0.0290826
103.019 -0.0504667
103.15 -0.0321198
103.282 0.0331498
103.414 0.0797636
103.546 0.11028
103.677 0.116313
103.809 0.122197
103.941 0.115883
104.073 0.0815581
104.204 0.0894173
104.336 0.0873331
104.468 0.0489827
104.6 0.0363894
104.731 0.0283835
104.863 -0.00812258
104.995 -0.058508
105.127 -0.0871802
105.258 -0.0983418
105.39 -0.0727216
105.522 -0.0433264
105.654 -0.00359638
105.785 0.00248608
105.917 0.00167203
106.049 0.027514
106.181 0.035701
106.312 0.0227207
106.444 0.0131124
106.576 -0.00170467
106.708 -0.00407105
106.839 0.0031355
106.971 -0.00362374
107.103 0.00815696
107.235 0.0139546
107.366 0.00662576
107.498 -0.002351
107.63 0.0131719
107.762 0.0131719
107.893 0.0131719
108.025 0.0131719
108.157 0.0131719
108.289 0.0131719
108.42 0.0131719
108.552 0.0131719
108.684 0.0131719
108.816 0.0131719
108.947 0.0131719
109.079 0.0131719
109.211 0.0131719
109.343 0.0131719
109.474 0.0131719
109.606 0.0131719
109.738 0.0131719
109.87 0.0131719
110.002 0.0131719
110.133 0.0131719
110.265 0.0131719
110.397 0.0131719
110.529 0.0131719
110.66 0.0131719
110.792 0.0131719
110.924 0.0131719
111.056 0.0131719
111.187 0.0131719
111.319 0.0131719
111.451 0.0131719
111.583 0.0131719
111.714 0.0131719
111.846 0.0131719
111.978 0.0131719
112.11 0.0131719
112.241 0.0131719
112.373 0.0131719
112.505 0.0131719
112.637 0.0131719
112.768 0.0131719
112.9 0.0131719
113.032 0.0131719
113.164 0.0131719
113.295 0.0131719
113.427 0.0131719
113.559 0.0131719
113.691 0.0131719
113.822 0.0131719
113.954 0.0131719
114.086 0.0131719
114.218 0.0131719
114.349 0.0131719
114.481 0.0131719
114.613 0.0131719
114.745 0.0131719
114.876 0.0131719
115.008 0.0131719
115.14 0.0131719
115.272 0.0131719
115.403 0.0131719
115.535 0.0131719
115.667 0.0131719
115.799 0.0131719
115.93 0.0131719
116.062 0.0131719
116.194 0.0131719
116.326 0.0131719
116.457 0.0131719
116.589 0.0131719
116.721 0.0131719
116.853 0.0131719
116.984 0.0131719
117.116 0.0131719
117.248 0.0131719
117.38 0.0131719
117.511 0.0131719
117.643 0.0131719
117.775 0.0131719
117.907 0.0131719
118.038 0.0131719
118.17 0.0131719
118.302 0.0131719
118.434 0.0131719
118.565 0.0131719
118.697 0.0131719
118.829 0.0131719
118.961 0.0131719
119.092 0.0131719
119.224 0.0131719
119.356 0.0131719
119.488 0.0131719
119.619 0.0131719
119.751 0.0131719
119.883 0.0131719
120.015 0.0131719
120.146 0.0131719
120.278 0.0131719
120.41 0.0131719
120.542 0.0131719
120.673 0.0131719
120.805 0.0131719
120.937 0.0131719
121.069 0.0131719
121.2 0.0131719
121.332 0.0131719
121.464 0.0131719
121.596 0.0131719
121.727 0.0131719
121.859 0.0131719
121.991 0.0131719
122.123 0.0131719
122.254 0.0131719
122.386 0.0131719
122.518 0.0131719
122.65 0.0131719
122.781 0.0131719
122.913 0.0131719
123.045 0.0131719
123.177 0.0131719
123.308 0.0131719
123.44 0.0131719
123.572 0.0131719
123.704 0.0131719
123.835 0.0131719
123.967 0.0131719
124.099 0.0131719
124.231 0.0131719
124.363 0.0131719
124.494 0.0131719
124.626 0.0131719
124.758 0.0131719
124.89 0.0131719
125.021 0.0131719
125.153 0.0131719
125.285 0.0131719
125.417 0.0131719
125.548 0.0131719
125.68 0.0131719
125.812 0.0131719
125.944 0.0131719
126.075 0.0131719
126.207 0.0131719
126.339 0.0131719
126.471 0.0131719
126.602 0.0131719
126.734 0.0131719
126.866 0.0131719
126.998 0.0131719
127.129 0.0131719
127.261 0.0131719
127.393 0.0131719
127.525 0.0131719
127.656 0.0131719
127.788 0.0131719
127.92 0.0131719
128.052 0.0131719
128.183 0.0131719
128.315 0.0131719
128.447 0.0131719
128.579 0.0131719
128.71 0.0131719
128.842 0.0131719
128.974 0.0131719
129.106 0.0131719
129.237 0.0131719
129.369 0.0131719
