-1.26983 0.0791775
-1.13808 0.158649
-1.00633 0.235107
-0.874574 0.228178
-0.742822 0.238477
-0.611069 0.255699
-0.479317 0.265405
-0.347565 0.266113
-0.215813 0.284776
-0.0840602 0.238284
0.0476921 0.172578
0.179444 0.0874812
0.311197 -0.0133457
0.442949 -0.116577
0.574701 -0.230633
0.706454 -0.305185
0.838206 -0.355535
0.969958 -0.291509
1.10171 -0.158214
1.23346 0.0908337
1.36522 0.334609
1.49697 0.504644
1.62872 0.587825
1.76047 0.51465
1.89222 0.335533
2.02398 0.0620634
2.15573 -0.20708
2.28748 -0.403031
2.41923 -0.457718
2.55099 -0.411227
2.68274 -0.318592
2.81449 -0.190629
2.94624 -0.0172555
3.078 0.118208
3.20975 0.284211
3.3415 0.42759
3.47325 0.516379
3.605 0.450943
3.73676 0.360974
3.86851 0.190459
4.00026 0.0852966
4.13201 0.0342816
4.26377 -0.012514
4.39552 -0.0955929
4.52727 -0.158363
4.65902 -0.247488
4.79078 -0.300338
4.92253 -0.263076
5.05428 -0.167826
5.18603 -0.00321577
5.31778 0.222735
5.44954 0.436706
5.58129 0.658643
5.71304 0.783142
5.84479 0.739388
5.97655 0.491551
6.1083 0.160064
6.24005 -0.148308
6.3718 -0.360516
6.50356 -0.47894
6.63531 -0.513096
6.76706 -0.504181
6.89881 -0.445045
7.03056 -0.343627
7.16232 -0.205852
7.29407 -0.0512259
7.42582 0.143218
7.55757 0.333646
7.68933 0.546651
7.82108 0.753953
7.95283 0.902867
8.08458 0.855886
8.21634 0.570396
8.34809 0.19472
8.47984 -0.203576
8.61159 -0.406596
8.74334 -0.409957
8.8751 -0.224928
9.00685 0.00324658
9.1386 0.25626
9.27035 0.414538
9.40211 0.372998
9.53386 0.237202
9.66561 0.0714133
9.79736 -0.0257905
9.92911 -0.0318633
10.0609 0.0082717
10.1926 0.14698
10.3244 0.290022
10.4561 0.366524
10.5879 0.315753
10.7196 0.115862
10.8514 -0.120082
10.9831 -0.269705
11.1149 -0.290571
11.2466 -0.107893
11.3784 0.210636
11.5101 0.499477
11.6419 0.60084
11.7736 0.532479
11.9054 0.284481
12.0372 -0.07379
12.1689 -0.351249
12.3007 -0.46624
12.4324 -0.484308
12.5642 -0.40595
12.6959 -0.298148
12.8277 -0.142047
12.9594 0.0834841
13.0912 0.355994
13.2229 0.585905
13.3547 0.734183
13.4864 0.751571
13.6182 0.735482
13.7499 0.754174
13.8817 0.828062
14.0134 0.929539
14.1452 0.878443
14.2769 0.670977
14.4087 0.347562
14.5404 -0.0213033
14.6722 -0.32836
14.804 -0.610841
14.9357 -0.80146
15.0675 -0.887817
15.1992 -0.975606
15.331 -0.897458
15.4627 -0.620598
15.5945 -0.19409
15.7262 0.270409
15.858 0.762736
15.9897 1.13593
16.1215 1.36269
16.2532 1.44174
16.385 1.34939
16.5167 1.07678
16.6485 0.66826
16.7802 0.22686
16.912 -0.189173
17.0437 -0.556818
17.1755 -0.926548
17.3072 -1.15319
17.439 -1.18717
17.5707 -0.91612
17.7025 -0.392207
17.8343 0.298874
17.966 0.821002
18.0978 0.981323
18.2295 0.797721
18.3613 0.511047
18.493 0.310533
18.6248 0.35028
18.7565 0.641831
18.8883 0.94162
19.02 1.14029
19.1518 1.14614
19.2835 0.899708
19.4153 0.488327
19.547 0.0356298
19.6788 -0.370096
19.8105 -0.628003
19.9423 -0.666198
20.074 -0.537749
20.2058 -0.402446
20.3375 -0.417057
20.4693 -0.517116
20.6011 -0.625579
20.7328 -0.554318
20.8646 -0.295568
20.9963 0.092411
21.1281 0.484031
21.2598 0.825909
21.3916 1.12332
21.5233 1.35118
21.6551 1.43368
21.7868 1.27471
21.9186 0.852936
22.0503 0.229108
22.1821 -0.4125
22.3138 -0.8695
22.4456 -1.14462
22.5773 -1.10333
22.7091 -0.911511
22.8408 -0.580283
22.9726 -0.115092
23.1043 0.390505
23.2361 0.812388
23.3679 1.01156
23.4996 1.01962
23.6314 0.859902
23.7631 0.718721
23.8949 0.663635
24.0266 0.665309
24.1584 0.597361
24.2901 0.452624
24.4219 0.243322
24.5536 0.0303048
24.6854 -0.138116
24.8171 -0.244171
24.9489 -0.309028
25.0806 -0.326199
25.2124 -0.226874
25.3441 0.0171723
25.4759 0.326054
25.6076 0.537941
25.7394 0.508675
25.8711 0.239848
26.0029 -0.185911
26.1346 -0.573166
26.2664 -0.76959
26.3982 -0.701105
26.5299 -0.411034
26.6617 0.073495
26.7934 0.672213
26.9252 1.23573
27.0569 1.5631
27.1887 1.49896
27.3204 1.05098
27.4522 0.419924
27.5839 -0.107801
27.7157 -0.336857
27.8474 -0.274015
27.9792 -0.0902263
28.1109 0.0253186
28.2427 -0.00375126
28.3744 -0.117555
28.5062 -0.194223
28.6379 -0.139164
28.7697 0.0767646
28.9014 0.42687
29.0332 0.842911
29.165 1.21581
29.2967 1.40932
29.4285 1.31279
29.5602 0.908955
29.692 0.295298
29.8237 -0.371173
29.9555 -0.960799
30.0872 -1.40846
30.219 -1.67233
30.3507 -1.67706
30.4825 -1.33142
30.6142 -0.630714
30.746 0.256868
30.8777 1.03698
31.0095 1.47022
31.1412 1.54483
31.273 1.47717
31.4047 1.51919
31.5365 1.73205
31.6682 1.92585
31.8 1.81913
31.9318 1.27259
32.0635 0.392406
32.1953 -0.567534
32.327 -1.38577
32.4588 -1.96105
32.5905 -2.25755
32.7223 -2.21966
32.854 -1.7902
32.9858 -1.02594
33.1175 -0.162433
33.2493 0.493167
33.381 0.78113
33.5128 0.814238
33.6445 0.866293
33.7763 1.1094
33.908 1.4493
34.0398 1.62603
34.1715 1.48582
34.3033 1.15054
34.435 0.906583
34.5668 0.919016
34.6985 1.06209
34.8303 1.04438
34.9621 0.704096
35.0938 0.168312
35.2256 -0.293146
35.3573 -0.565924
35.4891 -0.816235
35.6208 -1.28899
35.7526 -1.97497
35.8843 -2.50629
36.0161 -2.42848
36.1478 -1.61118
36.2796 -0.395715
36.4113 0.679918
36.5431 1.31979
36.6748 1.64743
36.8066 1.96187
36.9383 2.34525
37.0701 2.54687
37.2018 2.27179
37.3336 1.56045
37.4653 0.828377
37.5971 0.483974
37.7289 0.503344
37.8606 0.418355
37.9924 -0.241214
38.1241 -1.49611
38.2559 -2.9263
38.3876 -4.10878
38.5194 -4.94291
38.6511 -5.39393
38.7829 -4.85772
38.9146 -1.96534
39.0464 4.52108
39.1781 14.0485
39.3099 23.1528
39.4416 26.1903
39.5734 18.0596
39.7051 -2.46671
39.8369 -30.8621
39.9686 -57.7596
40.1004 -72.4064
40.2321 -67.0582
40.3639 -40.3733
40.4956 1.52301
40.6274 46.671
40.7592 81.1274
40.8909 93.8627
41.0227 80.9715
41.1544 47.309
41.2862 4.45223
41.4179 -34.3628
41.5497 -59.8254
41.6814 -69.6126
41.8132 -67.3655
41.9449 -58.6944
42.0767 -47.2524
42.2084 -33.551
42.3402 -16.807
42.4719 2.33399
42.6037 20.8273
42.7354 34.841
42.8672 42.3578
42.9989 44.3211
43.1307 43.2939
43.2624 40.9253
43.3942 36.5904
43.526 28.4227
43.6577 15.7073
43.7895 0.347162
43.9212 -14.0016
44.053 -24.3654
44.1847 -30.2899
44.3165 -33.5143
44.4482 -35.9173
44.58 -37.6798
44.7117 -37.2739
44.8435 -33.122
44.9752 -25.2672
45.107 -15.5205
45.2387 -6.07026
45.3705 2.04912
45.5022 9.2328
45.634 16.2281
45.7657 22.8909
45.8975 28.0152
46.0292 30.342
46.161 29.6926
46.2928 27.1092
46.4245 23.8995
46.5563 20.5413
46.688 16.4854
46.8198 10.9768
46.9515 4.04535
47.0833 -3.28532
47.215 -9.71263
47.3468 -14.5609
47.4785 -18.0363
47.6103 -20.6884
47.742 -22.6981
47.8738 -23.7033
48.0055 -23.263
48.1373 -21.4118
48.269 -18.7129
48.4008 -15.7731
48.5325 -12.7358
48.6643 -9.26768
48.796 -5.03159
48.9278 -0.152399
49.0595 4.78137
49.1913 9.14808
49.3231 12.7001
49.4548 15.5541
49.5866 17.828
49.7183 19.3449
49.8501 19.7324
49.9818 18.8075
50.1136 16.8318
50.2453 14.355
50.3771 11.7888
50.5088 9.13369
50.6406 6.12398
50.7723 2.63895
50.9041 -1.03437
51.0358 -4.34708
51.1676 -6.90132
51.2993 -8.74001
51.4311 -10.2584
51.5628 -11.8452
51.6946 -13.5855
51.8263 -15.2466
51.9581 -16.4709
52.0899 -16.9379
52.2216 -16.3744
52.3534 -14.5215
52.4851 -11.2444
52.6169 -6.77885
52.7486 -1.88107
52.8804 2.36556
53.0121 5.06147
53.1439 5.98391
53.2756 5.68569
53.4074 5.11341
53.5391 5.03334
53.6709 5.68216
53.8026 6.84145
53.9344 8.1791
54.0661 9.52311
54.1979 10.8624
54.3296 12.1506
54.4614 13.1543
54.5931 13.5059
54.7249 12.9088
54.8567 11.3073
54.9884 8.8869
55.1202 5.93478
55.2519 2.6955
55.3837 -0.673936
55.5154 -4.05616
55.6472 -7.31137
55.7789 -10.2602
55.9107 -12.7073
56.0424 -14.4692
56.1742 -15.3938
56.3059 -15.389
56.4377 -14.4705
56.5694 -12.8041
56.7012 -10.6938
56.8329 -8.50007
56.9647 -6.51939
57.0964 -4.88726
57.2282 -3.54421
57.3599 -2.26967
57.4917 -0.76775
57.6234 1.21134
57.7552 3.73816
57.887 6.61182
58.0187 9.3783
58.1505 11.4907
58.2822 12.5508
58.414 12.4942
58.5457 11.5964
58.6775 10.2944
58.8092 8.94626
58.941 7.68976
59.0727 6.4725
59.2045 5.19048
59.3362 3.80808
59.468 2.37972
59.5997 0.997149
59.7315 -0.259927
59.8632 -1.32718
59.995 -2.14288
60.1267 -2.67251
60.2585 -2.97318
60.3902 -3.23271
60.522 -3.7144
60.6538 -4.61291
60.7855 -5.91247
60.9173 -7.35299
61.049 -8.53656
61.1808 -9.10923
61.3125 -8.91069
61.4443 -8.0203
61.576 -6.69804
61.7078 -5.26527
61.8395 -3.97639
61.9713 -2.92309
62.103 -2.00895
62.2348 -1.01979
62.3665 0.228144
62.4983 1.74246
62.63 3.31655
62.7618 4.64576
62.8935 5.52771
63.0253 5.99659
63.157 6.279
63.2888 6.59898
63.4206 6.98794
63.5523 7.25684
63.6841 7.15394
63.8158 6.57619
63.9476 5.65995
64.0793 4.68301
64.2111 3.86763
64.3428 3.24666
64.4746 2.68575
64.6063 2.01783
64.7381 1.16487
64.8698 0.158984
65.0016 -0.921116
65.1333 -2.01473
65.2651 -3.08435
65.3968 -4.07666
65.5286 -4.90072
65.6603 -5.45928
65.7921 -5.70734
65.9238 -5.68116
66.0556 -5.46993
66.1873 -5.15733
66.3191 -4.78463
66.4509 -4.35922
66.5826 -3.8871
66.7144 -3.39013
66.8461 -2.89248
66.9779 -2.39569
67.1096 -1.87111
67.2414 -1.27734
67.3731 -0.585309
67.5049 0.20868
67.6366 1.0841
67.7684 1.99962
67.9001 2.893
68.0319 3.68613
68.1636 4.30594
68.2954 4.71488
68.4271 4.92802
68.5589 4.99944
68.6906 4.98583
68.8224 4.91566
68.9541 4.78514
69.0859 4.57609
69.2177 4.27265
69.3494 3.86334
69.4812 3.33862
69.6129 2.70192
69.7447 1.99271
69.8764 1.2938
70.0082 0.698172
70.1399 0.246854
70.2717 -0.11332
70.4034 -0.507216
70.5352 -1.04984
70.6669 -1.76487
70.7987 -2.56783
70.9304 -3.32603
71.0622 -3.9436
71.1939 -4.40233
71.3257 -4.73295
71.4574 -4.95402
71.5892 -5.03936
71.7209 -4.94054
71.8527 -4.63643
71.9845 -4.15967
72.1162 -3.57698
72.248 -2.94528
72.3797 -2.28291
72.5115 -1.57391
72.6432 -0.791822
72.775 0.0789095
72.9067 1.02743
73.0385 1.99714
73.1702 2.86637
73.302 3.4603
73.4337 3.62589
73.5655 3.35472
73.6972 2.87515
73.829 2.6162
73.9607 3.00943
74.0925 4.20974
74.2242 5.90159
74.356 7.34064
74.4877 7.65861
74.6195 6.30193
74.7512 3.37822
74.883 -0.288614
75.0148 -3.45444
75.1465 -4.98047
75.2783 -4.33926
75.41 -1.84978
75.5418 1.47813
75.6735 4.40646
75.8053 5.99385
75.937 5.91514
76.0688 4.44254
76.2005 2.16234
76.3323 -0.357514
76.464 -2.74933
76.5958 -4.8244
76.7275 -6.4536
76.8593 -7.49949
76.991 -7.86261
77.1228 -7.57571
77.2545 -6.82997
77.3863 -5.88479
77.518 -4.9267
77.6498 -3.99349
77.7816 -3.02004
77.9133 -1.95399
78.0451 -0.83403
78.1768 0.230174
78.3086 1.14187
78.4403 1.87749
78.5721 2.47247
78.7038 2.96191
78.8356 3.34644
78.9673 3.61733
79.0991 3.80487
79.2308 3.98559
79.3626 4.22699
79.4943 4.51646
79.6261 4.74401
79.7578 4.76172
79.8896 4.4747
80.0213 3.89459
80.1531 3.12668
80.2848 2.31894
80.4166 1.61851
80.5484 1.14814
80.6801 0.978882
80.8119 1.08318
80.9436 1.29839
81.0754 1.35753
81.2071 1.00785
81.3389 0.15905
81.4706 -1.0433
81.6024 -2.28433
81.7341 -3.24931
81.8659 -3.78042
81.9976 -3.91852
82.1294 -3.82179
82.2611 -3.64331
82.3929 -3.46221
82.5246 -3.29648
82.6564 -3.15019
82.7881 -3.03261
82.9199 -2.93529
83.0516 -2.80808
83.1834 -2.57715
83.3151 -2.20001
83.4469 -1.70612
83.5787 -1.17857
83.7104 -0.686894
83.8422 -0.229062
83.9739 0.264607
84.1057 0.867775
84.2374 1.58892
84.3692 2.35385
84.5009 3.051
84.6327 3.59916
84.7644 3.98489
84.8962 4.2478
85.0279 4.43464
85.1597 4.56047
85.2914 4.60054
85.4232 4.50887
85.5549 4.24452
85.6867 3.79068
85.8184 3.16394
85.9502 2.41644
86.0819 1.63161
86.2137 0.908999
86.3455 0.335599
86.4772 -0.0507043
86.609 -0.289741
86.7407 -0.498755
86.8725 -0.829466
87.0042 -1.39028
87.136 -2.16951
87.2677 -3.01054
87.3995 -3.67145
87.5312 -3.95053
87.663 -3.80562
87.7947 -3.38465
87.9265 -2.93752
88.0582 -2.66363
88.19 -2.60029
88.3217 -2.62834
88.4535 -2.58072
88.5852 -2.3618
88.717 -1.98541
88.8487 -1.51712
88.9805 -0.990259
89.1123 -0.379629
89.244 0.346817
89.3758 1.15738
89.5075 1.94305
89.6393 2.57807
89.771 2.99745
89.9028 3.21921
90.0345 3.29669
90.1663 3.2565
90.298 3.08848
90.4298 2.79474
90.5615 2.43915
90.6933 2.13486
90.825 1.97209
90.9568 1.95341
91.0885 2.00015
91.2203 2.02275
91.352 1.9824
91.4838 1.88194
91.6155 1.70168
91.7473 1.36174
91.879 0.771962
92.0108 -0.0609838
92.1426 -0.972793
92.2743 -1.70458
92.4061 -2.06162
92.5378 -2.02868
92.6696 -1.77894
92.8013 -1.52788
92.9331 -1.38759
93.0648 -1.3339
93.1966 -1.27602
93.3283 -1.18847
93.4601 -1.09919
93.5918 -1.11746
93.7236 -1.2774
93.8553 -1.45711
93.9871 -1.53747
94.1188 -1.47191
94.2506 -1.35472
94.3823 -1.17393
94.5141 -0.986927
94.6458 -0.715176
94.7776 -0.35415
94.9094 0.16539
95.0411 0.64799
95.1729 1.08409
95.3046 1.35172
95.4364 1.51941
95.5681 1.69043
95.6999 1.90251
95.8316 2.12078
95.9634 2.30828
96.0951 2.35849
96.2269 2.28799
96.3586 2.13323
96.4904 1.86085
96.6221 1.596
96.7539 1.30088
96.8856 1.03827
97.0174 0.85832
97.1491 0.676645
97.2809 0.474467
97.4126 0.209649
97.5444 -0.12614
97.6762 -0.478944
97.8079 -0.798004
97.9397 -1.07886
98.0714 -1.32962
98.2032 -1.51036
98.3349 -1.5719
98.4667 -1.44913
98.5984 -1.23072
98.7302 -0.909649
98.8619 -0.624503
98.9937 -0.441018
99.1254 -0.296539
99.2572 -0.250978
99.3889 -0.244181
99.5207 -0.240071
99.6524 -0.241237
99.7842 -0.27789
99.9159 -0.254741
100.048 -0.202169
100.179 -0.119799
100.311 -0.0241219
100.443 0.0698922
100.575 0.197598
100.706 0.34999
100.838 0.562493
100.97 0.723725
101.102 0.834418
101.233 0.817557
101.365 0.790501
101.497 0.816154
101.629 0.862239
101.76 0.918374
101.892 0.881598
102.024 0.782851
102.156 0.662992
102.287 0.605996
102.419 0.602369
102.551 0.61827
102.683 0.571056
102.814 0.388109
102.946 0.094028
103.078 -0.119329
103.21 -0.245431
103.341 -0.260012
103.473 -0.23661
103.605 -0.166204
103.737 -0.188232
103.869 -0.191554
104 -0.271234
104.132 -0.413196
104.264 -0.585948
104.396 -0.726404
104.527 -0.805356
104.659 -0.680301
104.791 -0.391301
104.923 -0.0740656
105.054 0.174039
105.186 0.260192
105.318 0.205454
105.45 0.146597
105.581 0.0886285
105.713 0.0777701
105.845 0.0845784
105.977 0.0954908
106.108 0.0470759
106.24 -0.0345624
106.372 -0.100609
106.504 -0.104645
106.635 -0.0674314
106.767 0.00376991
106.899 0.0836691
107.031 0.191599
107.162 0.336736
107.294 0.504615
107.426 0.609754
107.558 0.638352
107.689 0.533963
107.821 0.317576
107.953 0.0400297
108.085 -0.158584
108.216 -0.207382
108.348 -0.181396
108.48 -0.0419651
108.612 0.0854363
108.743 0.222763
108.875 0.320795
109.007 0.40299
109.139 0.359899
109.27 0.231007
109.402 0.116896
109.534 -0.0214258
109.666 -0.141245
109.797 -0.238282
109.929 -0.278639
110.061 -0.229439
110.193 -0.213479
110.324 -0.227408
110.456 -0.267284
110.588 -0.288678
110.72 -0.236004
110.851 -0.157186
110.983 -0.100252
111.115 -0.0450905
111.247 -0.0396278
111.378 -0.0490489
111.51 -0.00608712
111.642 0.116129
111.774 0.201869
111.905 0.254589
112.037 0.294845
112.169 0.259129
112.301 0.152108
112.432 0.0484681
112.564 -0.0864528
112.696 -0.200893
112.828 -0.279864
112.959 -0.298338
113.091 -0.240933
113.223 -0.10279
113.355 0.0421358
113.486 0.184416
113.618 0.260785
113.75 0.285798
113.882 0.283552
114.013 0.239909
114.145 0.243096
114.277 0.239778
114.409 0.220704
114.54 0.209472
114.672 0.181349
114.804 0.194917
114.936 0.161883
115.067 0.0657603
115.199 0.0579025
115.331 0.0370419
115.463 -0.00395713
115.594 -0.061095
115.726 -0.109487
115.858 -0.211745
115.99 -0.253374
116.121 -0.221722
116.253 -0.148271
116.385 -0.0614142
116.517 0.0157111
116.648 0.0639906
116.78 0.054722
116.912 0.00666784
117.044 -0.0567224
117.175 -0.0516617
117.307 -0.058676
117.439 -0.0244917
117.571 0.0143854
117.703 0.0662387
117.834 0.0249542
117.966 -0.0258205
118.098 -0.0528934
118.23 -0.0378028
118.361 -0.0197207
118.493 0.0379771
118.625 0.0886255
118.757 0.0651343
118.888 0.0570135
119.02 0.0238902
119.152 -0.0237467
119.284 -0.0325798
119.415 -0.0387196
119.547 -0.0688216
119.679 -0.0832573
119.811 -0.0678408
119.942 -0.0575373
120.074 -0.0746703
120.206 -0.102877
120.338 -0.0914724
120.469 -0.0894146
120.601 -0.0491097
120.733 -0.0275897
120.865 0.000834252
120.996 0.0142836
121.128 0.022041
121.26 0.0135976
121.392 -0.0142015
121.523 -0.0331873
121.655 -0.026747
121.787 -0.00270269
121.919 0.00413731
122.05 0.00397466
122.182 -0.00498218
122.314 -0.0342747
122.446 0.0162383
122.577 -0.00224968
122.709 0.0123537
122.841 0.0227807
122.973 0.00315867
123.104 -0.0147131
123.236 -0.0216807
123.368 0.00284013
123.5 -0.00858691
123.631 0.00291933
123.763 -0.0092239
123.895 -0.0242548
124.027 -0.0353011
124.158 -0.00794624
124.29 -7.18196e-08
124.422 -0.00435613
124.554 -0.00781465
124.685 -0.00341572
124.817 -0.00728589
124.949 -0.0145256
125.081 -0.0107095
125.212 -0.0071808
125.344 -0.00708021
125.476 -0.00555968
125.608 -0.00147184
125.739 0.00480653
125.871 -0.0100248
126.003 -0.00748897
126.135 0.00155158
126.266 0.00833329
126.398 -0.0053531
126.53 -0.0053531
126.662 -0.0053531
126.793 -0.0053531
126.925 -0.0053531
127.057 -0.0053531
127.189 -0.0053531
127.32 -0.0053531
127.452 -0.0053531
127.584 -0.0053531
127.716 -0.0053531
127.847 -0.0053531
127.979 -0.0053531
128.111 -0.0053531
128.243 -0.0053531
128.374 -0.0053531
128.506 -0.0053531
128.638 -0.0053531
128.77 -0.0053531
128.901 -0.0053531
129.033 -0.0053531
129.165 -0.0053531
129.297 -0.0053531
129.428 -0.0053531
129.56 -0.0053531
129.692 -0.0053531
129.824 -0.0053531
129.955 -0.0053531
130.087 -0.0053531
130.219 -0.0053531
130.351 -0.0053531
130.482 -0.0053531
130.614 -0.0053531
130.746 -0.0053531
130.878 -0.0053531
131.009 -0.0053531
131.141 -0.0053531
131.273 -0.0053531
131.405 -0.0053531
131.536 -0.0053531
131.668 -0.0053531
131.8 -0.0053531
131.932 -0.0053531
132.064 -0.0053531
132.195 -0.0053531
132.327 -0.0053531
132.459 -0.0053531
132.591 -0.0053531
132.722 -0.0053531
132.854 -0.0053531
132.986 -0.0053531
133.118 -0.0053531
133.249 -0.0053531
133.381 -0.0053531
133.513 -0.0053531
