-4.20494 0.546987
-4.07319 0.205462
-3.94143 -0.109686
-3.80968 -0.266061
-3.67793 -0.290211
-3.54618 -0.131994
-3.41443 0.136356
-3.28267 0.271888
-3.15092 0.345528
-3.01917 0.308622
-2.88742 0.222797
-2.75566 0.192204
-2.62391 0.327111
-2.49216 0.575138
-2.36041 0.958634
-2.22865 1.29742
-2.0969 1.41031
-1.96515 1.23189
-1.8334 0.694467
-1.70165 -0.136902
-1.56989 -1.05022
-1.43814 -1.76663
-1.30639 -2.11228
-1.17464 -1.92057
-1.04288 -1.32978
-0.911131 -0.548009
-0.779379 0.27176
-0.647627 1.09368
-0.515874 1.8953
-0.384122 2.52026
-0.25237 2.79494
-0.120618 2.64903
0.0111348 2.17121
0.142887 1.47871
0.274639 0.847273
0.406392 0.225011
0.538144 -0.450522
0.669896 -1.24801
0.801649 -2.0233
0.933401 -2.62812
1.06515 -2.76965
1.19691 -2.46433
1.32866 -1.72545
1.46041 -0.762932
1.59216 0.224042
1.72391 1.13467
1.85567 1.89601
1.98742 2.42887
2.11917 2.73636
2.25092 2.76978
2.38268 2.51863
2.51443 2.03324
2.64618 1.39244
2.77793 0.666537
2.90969 -0.10339
3.04144 -0.807042
3.17319 -1.38825
3.30494 -1.78707
3.43669 -2.01779
3.56845 -2.0279
3.7002 -1.81765
3.83195 -1.34054
3.9637 -0.538988
4.09546 0.44296
4.22721 1.39639
4.35896 2.05475
4.49071 2.24012
4.62247 1.98098
4.75422 1.46358
4.88597 1.02787
5.01772 0.778594
5.14947 0.724556
5.28123 0.756539
5.41298 0.855053
5.54473 0.947874
5.67648 0.938711
5.80824 0.664661
5.93999 0.310377
6.07174 -0.180868
6.20349 -0.781624
6.33525 -1.29372
6.467 -1.66834
6.59875 -1.82055
6.7305 -1.78291
6.86225 -1.5199
6.99401 -1.03486
7.12576 -0.326857
7.25751 0.462102
7.38926 1.32766
7.52102 2.12075
7.65277 2.75433
7.78452 3.16107
7.91627 3.16397
8.04803 2.79155
8.17978 1.90899
8.31153 0.669922
8.44328 -0.610088
8.57503 -1.68333
8.70679 -2.29335
8.83854 -2.20678
8.97029 -1.55842
9.10204 -0.540758
9.2338 0.611974
9.36555 1.59465
9.4973 2.2115
9.62905 2.25909
9.76081 1.74793
9.89256 0.907939
10.0243 0.0189906
10.1561 -0.610524
10.2878 -0.913354
10.4196 -0.911726
10.5513 -0.742606
10.6831 -0.497938
10.8148 -0.250392
10.9466 -0.00567992
11.0783 0.204282
11.2101 0.405363
11.3418 0.632113
11.4736 1.01197
11.6053 1.58119
11.7371 2.18033
11.8688 2.51334
12.0006 2.31348
12.1323 1.55583
12.2641 0.459283
12.3959 -0.628933
12.5276 -1.41712
12.6594 -1.76456
12.7911 -1.65202
12.9229 -1.12536
13.0546 -0.264951
13.1864 0.698618
13.3181 1.4262
13.4499 1.61377
13.5816 1.21251
13.7134 0.523061
13.8451 0.0349911
13.9769 0.0944148
14.1086 0.650103
14.2404 1.28486
14.3721 1.51179
14.5039 1.10483
14.6356 0.223307
14.7674 -0.724522
14.8991 -1.33332
15.0309 -1.3794
15.1626 -0.855063
15.2944 0.0794727
15.4262 1.1465
15.5579 2.00102
15.6897 2.32882
15.8214 1.98765
15.9532 1.0959
16.0849 -0.0277498
16.2167 -1.04877
16.3484 -1.77541
16.4802 -2.15844
16.6119 -2.16237
16.7437 -1.68192
16.8754 -0.635473
17.0072 0.837603
17.1389 2.30542
17.2707 3.24707
17.4024 3.41159
17.5342 3.01766
17.6659 2.57758
17.7977 2.46129
17.9294 2.57259
18.0612 2.43187
18.193 1.60014
18.3247 0.0721
18.4565 -1.69794
18.5882 -3.13125
18.72 -3.8983
18.8517 -4.01522
18.9835 -3.64881
19.1152 -2.89376
19.247 -1.76504
19.3787 -0.373403
19.5105 0.968236
19.6422 1.88479
19.774 2.21757
19.9057 2.15346
20.0375 2.0497
20.1692 2.11269
20.301 2.24825
20.4327 2.22544
20.5645 1.96547
20.6962 1.63529
20.828 1.44331
20.9598 1.37209
21.0915 1.16933
21.2233 0.639405
21.355 -0.0759651
21.4868 -0.57165
21.6185 -0.589573
21.7503 -0.3549
21.882 -0.439123
22.0138 -1.20651
22.1455 -2.35857
22.2773 -3.06265
22.409 -2.61518
22.5408 -1.05439
22.6725 0.85033
22.8043 2.22864
22.936 2.76782
23.0678 2.79835
23.1995 2.78631
23.3313 2.79868
23.463 2.50025
23.5948 1.65054
23.7265 0.518716
23.8583 -0.285227
23.9901 -0.423362
24.1218 -0.227274
24.2536 -0.404683
24.3853 -1.31267
24.5171 -2.56229
24.6488 -3.41314
24.7806 -3.55785
24.9123 -3.39119
25.0441 -3.32862
25.1758 -2.808
25.3076 -0.18256
25.4393 5.93232
25.5711 14.7078
25.7028 22.2637
25.8346 23.0562
25.9663 12.9213
26.0981 -8.12554
26.2298 -35.0831
26.3616 -59.4848
26.4933 -72.2142
26.6251 -66.3571
26.7569 -39.5285
26.8886 4.39921
27.0204 54.7023
27.1521 95.6234
27.2839 111.456
27.4156 93.6312
27.5474 46.1062
27.6791 -14.9417
27.8109 -68.1765
27.9426 -97.387
28.0744 -98.7712
28.2061 -80.6729
28.3379 -56.3788
28.4696 -35.3681
28.6014 -19.0845
28.7331 -3.39856
28.8649 15.3117
28.9966 35.8719
29.1284 53.0183
29.2601 61.7551
29.3919 61.1216
29.5237 54.1753
29.6554 44.6839
29.7872 33.8887
29.9189 20.2905
30.0507 2.37273
30.1824 -18.5384
30.3142 -38.0465
30.4459 -51.3103
30.5777 -56.1621
30.7094 -54.0655
30.8412 -48.3332
30.9729 -41.4153
31.1047 -33.6164
31.2364 -24.0211
31.3682 -12.3513
31.4999 0.145759
31.6317 11.4814
31.7634 20.4027
31.8952 27.0422
32.0269 32.2026
32.1587 36.1412
32.2904 38.1298
32.4222 37.1844
32.554 33.1431
32.6857 26.9619
32.8175 19.9339
32.9492 12.6413
33.081 4.7054
33.2127 -4.41509
33.3445 -14.3679
33.4762 -23.6443
33.608 -30.3998
33.7397 -33.6405
33.8715 -33.7454
34.0032 -31.9417
34.135 -29.2817
34.2667 -26.0339
34.3985 -21.9043
34.5302 -16.7148
34.662 -10.8161
34.7937 -4.88936
34.9255 0.572536
35.0572 5.53995
35.189 10.2277
35.3208 14.6585
35.4525 18.4801
35.5843 21.2095
35.716 22.6292
35.8478 22.9165
35.9795 22.3856
36.1113 21.123
36.243 18.9018
36.3748 15.4715
36.5065 10.934
36.6383 5.82821
36.77 0.829528
36.9018 -3.66166
37.0335 -7.66492
37.1653 -11.3803
37.297 -14.8063
37.4288 -17.5817
37.5605 -19.2013
37.6923 -19.4156
37.824 -18.4644
37.9558 -16.9516
38.0876 -15.4659
38.2193 -14.2404
38.3511 -13.0736
38.4828 -11.5129
38.6146 -9.12877
38.7463 -5.71426
38.8781 -1.36169
39.0098 3.53979
39.1416 8.35187
39.2733 12.3082
39.4051 14.7409
39.5368 15.3564
39.6686 14.4076
39.8003 12.6162
39.9321 10.8455
40.0638 9.70135
40.1956 9.30437
40.3273 9.36133
40.4591 9.44923
40.5908 9.28498
40.7226 8.79332
40.8543 7.97015
40.9861 6.70928
41.1179 4.77767
41.2496 1.97784
41.3814 -1.64109
41.5131 -5.71431
41.6449 -9.70806
41.7766 -13.1722
41.9084 -15.9009
42.0401 -17.8866
42.1719 -19.1347
42.3036 -19.5198
42.4354 -18.821
42.5671 -16.9059
42.6989 -13.8977
42.8306 -10.1775
42.9624 -6.21775
43.0941 -2.38442
43.2259 1.14166
43.3576 4.29224
43.4894 6.99111
43.6211 9.11607
43.7529 10.5786
43.8847 11.4341
44.0164 11.9014
44.1482 12.25
44.2799 12.6293
44.4117 12.9635
44.5434 12.9829
44.6752 12.3686
44.8069 10.9219
44.9387 8.67546
45.0704 5.90433
45.2022 3.03726
45.3339 0.495578
45.4657 -1.48034
45.5974 -2.92954
45.7292 -4.11808
45.8609 -5.33875
45.9927 -6.6778
46.1244 -7.91623
46.2562 -8.65912
46.3879 -8.62013
46.5197 -7.85743
46.6515 -6.77982
46.7832 -5.91223
46.915 -5.59088
47.0467 -5.80216
47.1785 -6.25226
47.3102 -6.57527
47.442 -6.50827
47.5737 -5.93641
47.7055 -4.84745
47.8372 -3.29825
47.969 -1.43556
48.1007 0.487071
48.2325 2.17772
48.3642 3.45494
48.496 4.36589
48.6277 5.15563
48.7595 6.08413
48.8912 7.22321
49.023 8.39298
49.1547 9.28577
49.2865 9.67259
49.4182 9.52897
49.55 8.99795
49.6818 8.2485
49.8135 7.36062
49.9453 6.32084
50.077 5.10236
50.2088 3.73658
50.3405 2.30956
50.4723 0.896732
50.604 -0.497244
50.7358 -1.93904
50.8675 -3.50714
50.9993 -5.21302
51.131 -6.94832
51.2628 -8.48432
51.3945 -9.5309
51.5263 -9.84423
51.658 -9.34615
51.7898 -8.19249
51.9215 -6.7323
52.0533 -5.35637
52.185 -4.31274
52.3168 -3.60435
52.4486 -3.03633
52.5803 -2.37505
52.7121 -1.50265
52.8438 -0.464323
52.9756 0.601532
53.1073 1.57274
53.2391 2.40354
53.3708 3.11042
53.5026 3.72628
53.6343 4.27549
53.7661 4.77826
53.8978 5.25347
54.0296 5.69933
54.1613 6.07198
54.2931 6.29894
54.4248 6.32917
54.5566 6.17295
54.6883 5.88301
54.8201 5.48654
54.9518 4.93773
55.0836 4.15313
55.2154 3.11215
55.3471 1.92884
55.4789 0.812465
55.6106 -0.0669365
55.7424 -0.696045
55.8741 -1.21135
56.0059 -1.76858
56.1376 -2.40214
56.2694 -2.99798
56.4011 -3.39936
56.5329 -3.54604
56.6646 -3.5244
56.7964 -3.49525
56.9281 -3.5763
57.0599 -3.78287
57.1916 -4.05821
57.3234 -4.33597
57.4551 -4.56335
57.5869 -4.67711
57.7186 -4.5882
57.8504 -4.21976
57.9821 -3.5724
58.1139 -2.74321
58.2457 -1.86169
58.3774 -0.993153
58.5092 -0.103229
58.6409 0.878079
58.7727 1.9559
58.9044 3.03883
59.0362 4.01289
59.1679 4.84447
59.2997 5.59523
59.4314 6.3158
59.5632 6.91583
59.6949 7.1536
59.8267 6.79357
59.9584 5.82433
60.0902 4.5573
60.2219 3.50574
60.3537 3.10783
60.4854 3.46675
60.6172 4.25848
60.7489 4.844
60.8807 4.52209
61.0125 2.82589
61.1442 -0.225509
61.276 -4.01176
61.4077 -7.42854
61.5395 -9.27548
61.6712 -8.80286
61.803 -6.14616
61.9347 -2.35997
62.0665 1.03621
62.1982 2.77679
62.33 2.41605
62.4617 0.416379
62.5935 -2.24411
62.7252 -4.63761
62.857 -6.25522
62.9887 -7.01516
63.1205 -7.0345
63.2522 -6.42075
63.384 -5.23889
63.5157 -3.60697
63.6475 -1.76206
63.7793 -3.76848e-05
63.911 1.46235
64.0428 2.57777
64.1745 3.43924
64.3063 4.17309
64.438 4.85118
64.5698 5.47533
64.7015 6.00743
64.8333 6.39087
64.965 6.55037
65.0968 6.40561
65.2285 5.92381
65.3603 5.17837
65.492 4.34577
65.6238 3.61426
65.7555 3.06208
65.8873 2.60576
66.019 2.06786
66.1508 1.31231
66.2825 0.338581
66.4143 -0.731972
66.546 -1.74598
66.6778 -2.59321
66.8096 -3.20941
66.9413 -3.53468
67.0731 -3.50313
67.2048 -3.10141
67.3366 -2.45
67.4683 -1.81831
67.6001 -1.52721
67.7318 -1.78456
67.8636 -2.55764
67.9953 -3.56525
68.1271 -4.39385
68.2588 -4.67204
68.3906 -4.21866
68.5223 -3.10748
68.6541 -1.63181
68.7858 -0.186745
68.9176 0.886704
69.0493 1.43103
69.1811 1.51312
69.3128 1.35558
69.4446 1.20222
69.5764 1.20419
69.7081 1.39255
69.8399 1.73182
69.9716 2.18666
70.1034 2.73714
70.2351 3.34101
70.3669 3.90099
70.4986 4.29091
70.6304 4.43025
70.7621 4.33942
70.8939 4.11851
71.0256 3.86269
71.1574 3.58926
71.2891 3.24077
71.4209 2.75692
71.5526 2.14423
71.6844 1.47914
71.8161 0.847163
71.9479 0.279669
72.0796 -0.254598
72.2114 -0.804015
72.3432 -1.38357
72.4749 -1.96187
72.6067 -2.48308
72.7384 -2.89128
72.8702 -3.14019
73.0019 -3.20376
73.1337 -3.10535
73.2654 -2.94604
73.3972 -2.88304
73.5289 -3.0366
73.6607 -3.37799
73.7924 -3.69768
73.9242 -3.70965
74.0559 -3.23617
74.1877 -2.33515
74.3194 -1.26424
74.4512 -0.305313
74.5829 0.412399
74.7147 0.955152
74.8464 1.47723
74.9782 2.07172
75.1099 2.70794
75.2417 3.28892
75.3735 3.75064
75.5052 4.10111
75.637 4.37445
75.7687 4.56549
75.9005 4.62279
76.0322 4.5061
76.164 4.24101
76.2957 3.9062
76.4275 3.56275
76.5592 3.19827
76.691 2.74365
76.8227 2.14442
76.9545 1.41327
77.0862 0.614105
77.218 -0.196345
77.3497 -0.999114
77.4815 -1.78047
77.6132 -2.477
77.745 -2.97177
77.8767 -3.16521
78.0085 -3.0625
78.1403 -2.79164
78.272 -2.52684
78.4038 -2.37973
78.5355 -2.34894
78.6673 -2.35787
78.799 -2.32722
78.9308 -2.20733
79.0625 -1.95597
79.1943 -1.5177
79.326 -0.842577
79.4578 -0.0329451
79.5895 0.743234
79.7213 1.23243
79.853 1.35361
79.9848 1.20168
80.1165 1.02041
80.2483 0.995134
80.38 1.21443
80.5118 1.50456
80.6435 1.69915
80.7753 1.72624
80.9071 1.60132
81.0388 1.39872
81.1706 1.34004
81.3023 1.41045
81.4341 1.60954
81.5658 1.85114
81.6976 2.12671
81.8293 2.34533
81.9611 2.39159
82.0928 2.2382
82.2246 1.81169
82.3563 1.23516
82.4881 0.668756
82.6198 0.30695
82.7516 0.104748
82.8833 0.0397746
83.0151 -0.0444453
83.1468 -0.193366
83.2786 -0.392665
83.4103 -0.6579
83.5421 -0.947933
83.6738 -1.42269
83.8056 -1.90201
83.9374 -2.30505
84.0691 -2.45542
84.2009 -2.32733
84.3326 -1.98729
84.4644 -1.53792
84.5961 -1.06243
84.7279 -0.643369
84.8596 -0.220769
84.9914 0.186154
85.1231 0.463419
85.2549 0.655056
85.3866 0.760896
85.5184 0.916348
85.6501 1.04764
85.7819 1.12255
85.9136 1.11085
86.0454 1.03548
86.1771 0.977111
86.3089 1.0543
86.4406 1.21423
86.5724 1.34506
86.7042 1.33047
86.8359 1.19617
86.9677 0.948787
87.0994 0.652093
87.2312 0.446998
87.3629 0.284665
87.4947 0.200353
87.6264 0.198153
87.7582 0.310537
87.8899 0.50677
88.0217 0.744773
88.1534 0.893703
88.2852 0.828339
88.4169 0.615403
88.5487 0.30709
88.6804 0.0221152
88.8122 -0.203278
88.9439 -0.355502
89.0757 -0.490749
89.2074 -0.595283
89.3392 -0.584969
89.471 -0.565451
89.6027 -0.543
89.7345 -0.649125
89.8662 -0.817353
89.998 -0.93162
90.1297 -0.885465
90.2615 -0.666917
90.3932 -0.426914
90.525 -0.268504
90.6567 -0.251401
90.7885 -0.290124
90.9202 -0.154652
91.052 0.1865
91.1837 0.625614
91.3155 1.00201
91.4472 1.26295
91.579 1.39272
91.7107 1.41022
91.8425 1.33355
91.9742 1.178
92.106 0.926369
92.2377 0.57258
92.3695 0.179604
92.5013 -0.0963122
92.633 -0.233019
92.7648 -0.239003
92.8965 -0.115894
93.0283 0.0690337
93.16 0.26673
93.2918 0.518154
93.4235 0.670807
93.5553 0.82029
93.687 0.80785
93.8188 0.671335
93.9505 0.404386
94.0823 0.103439
94.214 -0.161623
94.3458 -0.367645
94.4775 -0.564108
94.6093 -0.611946
94.741 -0.521132
94.8728 -0.327526
95.0045 -0.0739687
95.1363 0.048715
95.2681 0.0294127
95.3998 -0.045927
95.5316 -0.112943
95.6633 -0.152848
95.7951 -0.179486
95.9268 -0.195582
96.0586 -0.202227
96.1903 -0.191901
96.3221 -0.0516776
96.4538 0.13431
96.5856 0.285771
96.7173 0.46401
96.8491 0.499417
96.9808 0.470946
97.1126 0.429235
97.2443 0.38004
97.3761 0.273743
97.5078 0.181236
97.6396 0.0703891
97.7713 0.0613694
97.9031 0.191761
98.0349 0.324889
98.1666 0.379998
98.2984 0.327652
98.4301 0.206696
98.5619 0.0846359
98.6936 0.0384013
98.8254 -0.0563943
98.9571 -0.180537
99.0889 -0.262069
99.2206 -0.207754
99.3524 -0.00770579
99.4841 0.250944
99.6159 0.484603
99.7476 0.599199
99.8794 0.546562
100.011 0.358628
100.143 0.189449
100.275 -0.00926912
100.406 -0.132922
100.538 -0.200175
100.67 -0.197641
100.802 -0.178573
100.933 -0.0840061
101.065 -0.027935
101.197 0.0338956
101.329 -0.00651782
101.46 -0.105343
101.592 -0.1774
101.724 -0.17562
101.856 -0.0809792
101.987 0.0873832
102.119 0.208971
102.251 0.2614
102.383 0.265583
102.514 0.23748
102.646 0.171719
102.778 0.0631537
102.91 -0.0476203
103.041 -0.15493
103.173 -0.195253
103.305 -0.163772
103.437 -0.0585025
103.568 0.0264284
103.7 0.0925807
103.832 0.14925
103.964 0.168126
104.095 0.190853
104.227 0.175383
104.359 0.104733
104.491 0.0119287
104.622 -0.0484639
104.754 -0.0173269
104.886 0.0100212
105.018 0.0439891
105.149 0.0526545
105.281 0.0657929
105.413 0.0411552
105.545 0.0100853
105.676 0.00912245
105.808 0.113973
105.94 0.0784223
106.072 -0.0106005
106.203 -0.0526166
106.335 -0.0900612
106.467 -0.0725268
106.599 -0.0662498
106.731 -0.0536846
106.862 -0.0630725
106.994 -0.0612826
107.126 -0.0507284
107.258 0.033894
107.389 0.0636963
107.521 0.0616595
107.653 0.0364556
107.785 0.00112907
107.916 0.051557
108.048 0.0500719
108.18 0.0742447
108.312 0.0671975
108.443 -0.0105059
108.575 -0.0453917
108.707 -0.00334482
108.839 -0.00841508
108.97 -0.00401733
109.102 0.00357518
109.234 -0.00242679
109.366 0.0159373
109.497 0.00489198
109.629 0.0047696
109.761 0.0122947
109.893 0.000548817
110.024 0.00458126
110.156 -0.011627
110.288 -0.00442069
110.42 -0.00541287
110.551 -0.00309592
110.683 -0.00684371
110.815 0.00470219
110.947 0.00653154
111.078 0.00501753
111.21 -0.0143459
111.342 -0.00655119
111.474 0.00741
111.605 0.0107297
111.737 0.00597009
111.869 -0.00218873
112.001 0.000373897
112.132 0.00258074
112.264 0.00465403
112.396 0.00501664
112.528 0.00238628
112.659 -0.00218786
112.791 -0.0055336
112.923 0.0024977
113.055 0.0024977
113.186 0.0024977
113.318 0.0024977
113.45 0.0024977
113.582 0.0024977
113.713 0.0024977
113.845 0.0024977
113.977 0.0024977
114.109 0.0024977
114.24 0.0024977
114.372 0.0024977
114.504 0.0024977
114.636 0.0024977
114.767 0.0024977
114.899 0.0024977
115.031 0.0024977
115.163 0.0024977
115.294 0.0024977
115.426 0.0024977
115.558 0.0024977
115.69 0.0024977
115.821 0.0024977
115.953 0.0024977
116.085 0.0024977
116.217 0.0024977
116.348 0.0024977
116.48 0.0024977
116.612 0.0024977
116.744 0.0024977
116.875 0.0024977
117.007 0.0024977
117.139 0.0024977
117.271 0.0024977
117.402 0.0024977
117.534 0.0024977
117.666 0.0024977
117.798 0.0024977
117.929 0.0024977
118.061 0.0024977
118.193 0.0024977
118.325 0.0024977
118.456 0.0024977
118.588 0.0024977
118.72 0.0024977
118.852 0.0024977
118.983 0.0024977
119.115 0.0024977
119.247 0.0024977
119.379 0.0024977
119.51 0.0024977
119.642 0.0024977
119.774 0.0024977
119.906 0.0024977
120.037 0.0024977
120.169 0.0024977
120.301 0.0024977
120.433 0.0024977
120.564 0.0024977
120.696 0.0024977
120.828 0.0024977
120.96 0.0024977
121.092 0.0024977
121.223 0.0024977
121.355 0.0024977
121.487 0.0024977
121.619 0.0024977
121.75 0.0024977
121.882 0.0024977
122.014 0.0024977
122.146 0.0024977
122.277 0.0024977
122.409 0.0024977
122.541 0.0024977
122.673 0.0024977
122.804 0.0024977
122.936 0.0024977
123.068 0.0024977
123.2 0.0024977
123.331 0.0024977
123.463 0.0024977
123.595 0.0024977
123.727 0.0024977
123.858 0.0024977
123.99 0.0024977
124.122 0.0024977
124.254 0.0024977
124.385 0.0024977
124.517 0.0024977
124.649 0.0024977
124.781 0.0024977
124.912 0.0024977
125.044 0.0024977
125.176 0.0024977
125.308 0.0024977
125.439 0.0024977
125.571 0.0024977
125.703 0.0024977
125.835 0.0024977
125.966 0.0024977
126.098 0.0024977
126.23 0.0024977
126.362 0.0024977
126.493 0.0024977
126.625 0.0024977
126.757 0.0024977
126.889 0.0024977
127.02 0.0024977
127.152 0.0024977
127.284 0.0024977
127.416 0.0024977
127.547 0.0024977
127.679 0.0024977
127.811 0.0024977
127.943 0.0024977
128.074 0.0024977
128.206 0.0024977
128.338 0.0024977
128.47 0.0024977
128.601 0.0024977
128.733 0.0024977
128.865 0.0024977
128.997 0.0024977
129.128 0.0024977
129.26 0.0024977
129.392 0.0024977
129.524 0.0024977
129.655 0.0024977
129.787 0.0024977
129.919 0.0024977
130.051 0.0024977
130.182 0.0024977
130.314 0.0024977
130.446 0.0024977
130.578 0.0024977
