-4.6342 0.354982
-4.50245 0.654086
-4.3707 0.893605
-4.23894 1.11694
-4.10719 1.19713
-3.97544 1.11859
-3.84369 0.950339
-3.71194 0.723122
-3.58018 0.461408
-3.44843 0.166417
-3.31668 -0.135855
-3.18493 -0.401328
-3.05317 -0.552176
-2.92142 -0.53696
-2.78967 -0.359672
-2.65792 -0.0995811
-2.52616 0.10929
-2.39441 0.294488
-2.26266 0.427128
-2.13091 0.483322
-1.99916 0.552006
-1.8674 0.550938
-1.73565 0.431372
-1.6039 0.256806
-1.47215 0.110803
-1.34039 0.0928035
-1.20864 0.128012
-1.07689 0.184672
-0.945137 0.163841
-0.813385 0.177379
-0.681633 0.17703
-0.54988 0.195049
-0.418128 0.248584
-0.286376 0.213534
-0.154623 0.139141
-0.0228711 0.110885
0.108881 0.116171
0.240634 0.242392
0.372386 0.434752
0.504138 0.558445
0.63589 0.589066
0.767643 0.557754
0.899395 0.564639
1.03115 0.541069
1.1629 0.46105
1.29465 0.284937
1.4264 0.0569768
1.55816 -0.0958614
1.68991 -0.0624692
1.82166 0.106322
1.95341 0.288458
2.08517 0.361822
2.21692 0.272244
2.34867 0.107515
2.48042 -0.0673649
2.61218 -0.187444
2.74393 -0.211118
2.87568 -0.127591
3.00743 0.00348108
3.13918 0.188265
3.27094 0.365294
3.40269 0.459176
3.53444 0.427968
3.66619 0.317762
3.79795 0.240934
3.9297 0.282869
4.06145 0.421947
4.1932 0.545635
4.32495 0.55426
4.45671 0.453416
4.58846 0.342735
4.72021 0.311897
4.85196 0.35026
4.98372 0.363884
5.11547 0.282675
5.24722 0.145126
5.37897 0.0693629
5.51073 0.13718
5.64248 0.309958
5.77423 0.463975
5.90598 0.508733
6.03773 0.465313
6.16949 0.424606
6.30124 0.433445
6.43299 0.434241
6.56474 0.326678
6.6965 0.0873385
6.82825 -0.183333
6.96 -0.343575
7.09175 -0.340734
7.22351 -0.252721
7.35526 -0.194559
7.48701 -0.188135
7.61876 -0.136659
7.75051 0.0630502
7.88227 0.386764
8.01402 0.674701
8.14577 0.769748
8.27752 0.667135
8.40928 0.520622
8.54103 0.492674
8.67278 0.596849
8.80453 0.691553
8.93629 0.630598
9.06804 0.415152
9.19979 0.191517
9.33154 0.100784
9.46329 0.140732
9.59505 0.184656
9.7268 0.132297
9.85855 0.025441
9.9903 -0.00102491
10.1221 0.118901
10.2538 0.288073
10.3856 0.334374
10.5173 0.198747
10.6491 0.0219948
10.7808 0.0237148
10.9126 0.283714
11.0443 0.648218
11.1761 0.864553
11.3078 0.8142
11.4396 0.608386
11.5713 0.449164
11.7031 0.40312
11.8348 0.328945
11.9666 0.0403304
12.0983 -0.465096
12.2301 -0.956943
12.3618 -1.16538
12.4936 -1.02264
12.6254 -0.702477
12.7571 -0.41752
12.8889 -0.192941
13.0206 0.13531
13.1524 0.689737
13.2841 1.34039
13.4159 1.76291
13.5476 1.73547
13.6794 1.3761
13.8111 1.05666
13.9429 1.05204
14.0746 1.26688
14.2064 1.324
14.3381 0.939745
14.4699 0.213803
14.6016 -0.461535
14.7334 -0.781948
14.8651 -0.80964
14.9969 -0.859975
15.1286 -1.11611
15.2604 -1.38553
15.3921 -1.27421
15.5239 -0.614468
15.6557 0.301766
15.7874 0.950592
15.9192 1.05441
16.0509 0.824157
16.1827 0.706976
16.3144 0.895002
16.4462 1.11623
16.5779 0.947603
16.7097 0.334653
16.8414 -0.24741
16.9732 -0.211765
17.1049 0.530591
17.2367 1.39514
17.3684 1.5941
17.5002 0.800951
17.6319 -0.659421
17.7637 -2.2643
17.8954 -3.83325
18.0272 -5.43438
18.1589 -6.60856
18.2907 -5.76453
18.4225 -0.76588
18.5542 9.19348
18.686 21.6569
18.8177 30.673
18.9495 29.1163
19.0812 12.6339
19.213 -17.0222
19.3447 -51.3764
19.4765 -77.9429
19.6082 -85.1108
19.74 -67.0372
19.8717 -26.5064
20.0035 25.3991
20.1352 72.831
20.267 100.802
20.3987 100.849
20.5305 74.2962
20.6622 31.3944
20.794 -13.4864
20.9257 -48.2095
21.0575 -67.3483
21.1893 -72.4924
21.321 -68.7997
21.4528 -60.6112
21.5845 -49.2147
21.7163 -33.8303
21.848 -14.2709
21.9798 7.34909
22.1115 27.2758
22.2433 42.2957
22.375 51.3261
22.5068 55.091
22.6385 54.4913
22.7703 49.4632
22.902 39.4695
23.0338 25.0137
23.1655 8.45758
23.2973 -6.92047
23.429 -18.9364
23.5608 -27.7422
23.6925 -35.0806
23.8243 -42.1604
23.956 -48.0691
24.0878 -50.1945
24.2196 -46.3242
24.3513 -36.5961
24.4831 -23.6297
24.6148 -10.7909
24.7466 -0.118041
24.8783 8.41766
25.0101 15.9477
25.1418 23.14
25.2736 29.4666
25.4053 33.7696
25.5371 35.3512
25.6688 34.4666
25.8006 31.8491
25.9323 27.8944
26.0641 22.3968
26.1958 15.082
26.3276 6.33743
26.4593 -2.64165
26.5911 -10.4717
26.7228 -16.3955
26.8546 -20.5648
26.9864 -23.5993
27.1181 -25.8995
27.2499 -27.3377
27.3816 -27.5116
27.5134 -26.2005
27.6451 -23.5514
27.7769 -19.8897
27.9086 -15.4524
28.0404 -10.369
28.1721 -4.87777
28.3039 0.535232
28.4356 5.30949
28.5674 9.1722
28.6991 12.3168
28.8309 15.1723
28.9626 17.9414
29.0944 20.3315
29.2261 21.7366
29.3579 21.7102
29.4896 20.2987
29.6214 17.9541
29.7531 15.1409
29.8849 12.0172
30.0167 8.46541
30.1484 4.39682
30.2802 0.00951498
30.4119 -4.24057
30.5437 -7.9077
30.6754 -10.8082
30.8072 -13.0541
30.9389 -14.8875
31.0707 -16.486
31.2024 -17.8707
31.3342 -18.9065
31.4659 -19.3194
31.5977 -18.7215
31.7294 -16.7181
31.8612 -13.1369
31.9929 -8.26782
32.1247 -2.90965
32.2564 1.89518
32.3882 5.31995
32.5199 7.11848
32.6517 7.65788
32.7835 7.62332
32.9152 7.62416
33.047 7.95883
33.1787 8.62838
33.3105 9.495
33.4422 10.4201
33.574 11.3021
33.7057 12.0487
33.8375 12.5533
33.9692 12.6978
34.101 12.3594
34.2327 11.4062
34.3645 9.70989
34.4962 7.19962
34.628 3.93437
34.7597 0.127382
34.8915 -3.91353
35.0232 -7.88625
35.155 -11.5469
35.2867 -14.6752
35.4185 -17.0128
35.5503 -18.2769
35.682 -18.2804
35.8138 -17.0716
35.9455 -14.958
36.0773 -12.3723
36.209 -9.67807
36.3408 -7.06362
36.4725 -4.58629
36.6043 -2.28067
36.736 -0.196429
36.8678 1.6733
36.9995 3.47026
37.1313 5.42118
37.263 7.6473
37.3948 9.9826
37.5265 11.9814
37.6583 13.1518
37.79 13.2524
37.9218 12.4281
38.0535 11.0854
38.1853 9.62226
38.317 8.22383
38.4488 6.85617
38.5806 5.40926
38.7123 3.83773
38.8441 2.19293
38.9758 0.566331
39.1076 -0.962894
39.2393 -2.32377
39.3711 -3.42928
39.5028 -4.19913
39.6346 -4.63599
39.7663 -4.88188
39.8981 -5.17561
40.0298 -5.7156
40.1616 -6.5239
40.2933 -7.41645
40.4251 -8.10183
40.5568 -8.33415
40.6886 -8.01915
40.8203 -7.22584
40.9521 -6.12803
41.0838 -4.92612
41.2156 -3.77855
41.3474 -2.74934
41.4791 -1.78433
41.6109 -0.743374
41.7426 0.50317
41.8744 1.96082
42.0061 3.46651
42.1379 4.76659
42.2696 5.67659
42.4014 6.20451
42.5331 6.53743
42.6649 6.8971
42.7966 7.37628
42.9284 7.87998
43.0601 8.20497
43.1919 8.18015
43.3236 7.75512
43.4554 6.98609
43.5871 5.95987
43.7189 4.73565
43.8506 3.34563
43.9824 1.83076
44.1142 0.261721
44.2459 -1.27667
44.3777 -2.7165
44.5094 -4.02044
44.6412 -5.16977
44.7729 -6.1455
44.9047 -6.92179
45.0364 -7.47056
45.1682 -7.76464
45.2999 -7.77637
45.4317 -7.4836
45.5634 -6.89075
45.6952 -6.05066
45.8269 -5.06088
45.9587 -4.02637
46.0904 -3.01398
46.2222 -2.03661
46.3539 -1.07815
46.4857 -0.130599
46.6174 0.795025
46.7492 1.68928
46.8809 2.56245
47.0127 3.42674
47.1445 4.25357
47.2762 4.95637
47.408 5.43405
47.5397 5.64802
47.6715 5.65951
47.8032 5.58092
47.935 5.47708
48.0667 5.30871
48.1985 4.97807
48.3302 4.43871
48.462 3.76373
48.5937 3.10225
48.7255 2.56153
48.8572 2.12831
48.989 1.70548
49.1207 1.225
49.2525 0.718921
49.3842 0.272167
49.516 -0.0960386
49.6477 -0.494122
49.7795 -1.08466
49.9113 -1.93188
50.043 -2.91441
50.1748 -3.79564
50.3065 -4.39768
50.4383 -4.72514
50.57 -4.92991
50.7018 -5.15477
50.8335 -5.40118
50.9653 -5.53433
51.097 -5.40433
51.2288 -4.96056
51.3605 -4.26125
51.4923 -3.39522
51.624 -2.41455
51.7558 -1.34586
51.8875 -0.246781
52.0193 0.780429
52.151 1.653
52.2828 2.38349
52.4145 3.06826
52.5463 3.77267
52.6781 4.41647
52.8098 4.79092
52.9416 4.73152
53.0733 4.31712
53.2051 3.91416
53.3368 3.99029
53.4686 4.80139
53.6003 6.16061
53.7321 7.44798
53.8638 7.86633
53.9956 6.81135
54.1273 4.18191
54.2591 0.499654
54.3908 -3.21847
54.5226 -5.81234
54.6543 -6.44535
54.7861 -4.99178
54.9178 -2.13382
55.0496 0.928368
55.1813 3.03141
55.3131 3.56268
55.4448 2.63583
55.5766 0.853448
55.7084 -1.13668
55.8401 -2.9663
55.9719 -4.56322
56.1036 -5.93867
56.2354 -6.99203
56.3671 -7.51439
56.4989 -7.35643
56.6306 -6.57105
56.7624 -5.38515
56.8941 -4.03661
57.0259 -2.64301
57.1576 -1.22206
57.2894 0.182373
57.4211 1.42502
57.5529 2.33263
57.6846 2.86026
57.8164 3.16591
57.9481 3.50856
58.0799 4.04558
58.2116 4.70765
58.3434 5.262
58.4752 5.50357
58.6069 5.40348
58.7387 5.09522
58.8704 4.73273
59.0022 4.36201
59.1339 3.91346
59.2657 3.29771
59.3974 2.49993
59.5292 1.5941
59.6609 0.692702
59.7927 -0.0988331
59.9244 -0.687241
60.0562 -0.989986
60.1879 -0.974723
60.3197 -0.725912
60.4514 -0.461286
60.5832 -0.439991
60.7149 -0.803217
60.8467 -1.47065
60.9784 -2.1894
61.1102 -2.70769
61.242 -2.93615
61.3737 -2.96996
61.5055 -2.96799
61.6372 -3.00634
61.769 -3.03276
61.9007 -2.94384
62.0325 -2.69494
62.1642 -2.33673
62.296 -1.95731
62.4277 -1.60156
62.5595 -1.24999
62.6912 -0.866742
62.823 -0.454217
62.9547 -0.0533005
63.0865 0.305042
63.2182 0.636662
63.35 0.985479
63.4817 1.37095
63.6135 1.76436
63.7452 2.12606
63.877 2.466
64.0087 2.85759
64.1405 3.37686
64.2723 4.01554
64.404 4.64863
64.5358 5.09152
64.6675 5.20232
64.7993 4.94847
64.931 4.39541
65.0628 3.64551
65.1945 2.78893
65.3263 1.89835
65.458 1.04549
65.5898 0.298691
65.7215 -0.307818
65.8533 -0.800605
65.985 -1.25376
66.1168 -1.73876
66.2485 -2.27837
66.3803 -2.84133
66.512 -3.37315
66.6438 -3.82566
66.7755 -4.15755
66.9073 -4.31758
67.0391 -4.24524
67.1708 -3.90446
67.3026 -3.32482
67.4343 -2.60811
67.5661 -1.8865
67.6978 -1.26235
67.8296 -0.775065
67.9613 -0.411256
68.0931 -0.134417
68.2248 0.0989439
68.3566 0.341612
68.4883 0.651884
68.6201 1.06524
68.7518 1.55907
68.8836 2.05117
69.0153 2.44938
69.1471 2.7189
69.2788 2.90691
69.4106 3.09475
69.5423 3.31916
69.6741 3.53222
69.8059 3.64515
69.9376 3.52118
70.0694 3.17449
70.2011 2.66424
70.3329 2.10792
70.4646 1.57744
70.5964 1.07222
70.7281 0.643479
70.8599 0.348479
70.9916 0.150364
71.1234 -0.0229612
71.2551 -0.289267
71.3869 -0.743865
71.5186 -1.31309
71.6504 -1.83889
71.7821 -2.22527
71.9139 -2.35219
72.0456 -2.32837
72.1774 -2.20943
72.3091 -2.04186
72.4409 -1.88381
72.5726 -1.65248
72.7044 -1.35524
72.8362 -0.976232
72.9679 -0.581004
73.0997 -0.268509
73.2314 -0.0931348
73.3632 -0.0902394
73.4949 -0.204014
73.6267 -0.394104
73.7584 -0.518258
73.8902 -0.398234
74.0219 -0.118236
74.1537 0.221917
74.2854 0.573711
74.4172 0.822728
74.5489 1.0253
74.6807 1.25235
74.8124 1.57054
74.9442 1.89686
75.0759 2.08376
75.2077 2.12862
75.3394 1.99266
75.4712 1.8119
75.603 1.65518
75.7347 1.49871
75.8665 1.31472
75.9982 1.15147
76.13 1.07969
76.2617 0.999997
76.3935 1.04929
76.5252 1.02185
76.657 0.846889
76.7887 0.464133
76.9205 -0.0739661
77.0522 -0.612322
77.184 -1.03853
77.3157 -1.34176
77.4475 -1.48159
77.5792 -1.50578
77.711 -1.47554
77.8427 -1.30869
77.9745 -1.06759
78.1062 -0.796083
78.238 -0.536305
78.3698 -0.412104
78.5015 -0.330428
78.6333 -0.321792
78.765 -0.317164
78.8968 -0.306846
79.0285 -0.342611
79.1603 -0.395163
79.292 -0.40583
79.4238 -0.29231
79.5555 -0.0935523
79.6873 0.206501
79.819 0.489495
79.9508 0.706678
80.0825 0.867795
80.2143 1.01298
80.346 1.09608
80.4778 1.05248
80.6095 0.906655
80.7413 0.767418
80.873 0.698316
81.0048 0.755733
81.1365 0.867242
81.2683 0.970946
81.4001 0.985111
81.5318 0.910328
81.6636 0.826141
81.7953 0.755397
81.9271 0.711285
82.0588 0.606084
82.1906 0.434621
82.3223 0.227139
82.4541 0.0404068
82.5858 -0.109258
82.7176 -0.300011
82.8493 -0.439584
82.9811 -0.562857
83.1128 -0.664424
83.2446 -0.674401
83.3763 -0.625403
83.5081 -0.451899
83.6398 -0.321953
83.7716 -0.267175
83.9033 -0.284889
84.0351 -0.276827
84.1669 -0.206636
84.2986 -0.115426
84.4304 -0.0347409
84.5621 0.0211159
84.6939 0.0207484
84.8256 0.0568046
84.9574 0.0908546
85.0891 0.105307
85.2209 0.105094
85.3526 0.104415
85.4844 0.135389
85.6161 0.187372
85.7479 0.201664
85.8796 0.229326
86.0114 0.185523
86.1431 0.112053
86.2749 0.159512
86.4066 0.278198
86.5384 0.471093
86.6701 0.614985
86.8019 0.662745
86.9337 0.609351
87.0654 0.561773
87.1972 0.473362
87.3289 0.369951
87.4607 0.236916
87.5924 0.0468185
87.7242 -0.0953149
87.8559 -0.157995
87.9877 -0.128902
88.1194 0.00759121
88.2512 0.120914
88.3829 0.245466
88.5147 0.317698
88.6464 0.337143
88.7782 0.314543
88.9099 0.193252
89.0417 -0.00725243
89.1734 -0.222253
89.3052 -0.35957
89.4369 -0.390156
89.5687 -0.34432
89.7004 -0.290938
89.8322 -0.215091
89.964 -0.126324
90.0957 -0.0151826
90.2275 0.0831087
90.3592 0.12961
90.491 0.150674
90.6227 0.101967
90.7545 0.0615679
90.8862 0.0150005
91.018 -0.00760864
91.1497 -0.023423
91.2815 -0.0586449
91.4132 -0.12417
91.545 -0.211272
91.6767 -0.215308
91.8085 -0.147546
91.9402 0.0105966
92.072 0.18819
92.2037 0.348969
92.3355 0.447823
92.4672 0.485149
92.599 0.507345
92.7308 0.45653
92.8625 0.337682
92.9943 0.203382
93.126 0.104072
93.2578 0.0326002
93.3895 0.0412855
93.5213 0.0471312
93.653 0.0738102
93.7848 0.127055
93.9165 0.188476
94.0483 0.251959
94.18 0.298732
94.3118 0.206601
94.4435 0.0719572
94.5753 -0.0899367
94.707 -0.186227
94.8388 -0.192607
94.9705 -0.162295
95.1023 -0.159176
95.234 -0.186924
95.3658 -0.172743
95.4976 -0.140021
95.6293 -0.01665
95.7611 0.0523121
95.8928 0.0994278
96.0246 0.121471
96.1563 0.111426
96.2881 0.117808
96.4198 0.144957
96.5516 0.167072
96.6833 0.143087
96.8151 0.0823183
96.9468 0.0153565
97.0786 -0.0259386
97.2103 -0.0493825
97.3421 -0.0723718
97.4738 -0.0612266
97.6056 -0.0753768
97.7373 -0.0549133
97.8691 0.0479084
98.0008 0.106401
98.1326 0.126884
98.2643 0.123368
98.3961 0.0901582
98.5279 0.0592955
98.6596 0.0135014
98.7914 0.0162953
98.9231 0.0219483
99.0549 0.0677225
99.1866 0.047444
99.3184 0.0551716
99.4501 0.0759342
99.5819 0.051795
99.7136 0.0528198
99.8454 0.0329618
99.9771 -0.01714
100.109 0.000708356
100.241 0.0124756
100.372 -0.0022412
100.504 -0.00517684
100.636 -0.00700414
100.768 0.00245752
100.899 -0.0232562
101.031 -0.019466
101.163 -0.0183245
101.295 -0.0159269
101.426 -0.00267075
101.558 0.0166712
101.69 0.0213108
101.822 0.0342171
101.953 0.0437053
102.085 0.0350348
102.217 0.0230994
102.349 -0.00824318
102.48 -0.0137514
102.612 0.0101297
102.744 0.0293134
102.876 0.0158571
103.007 0.0189029
103.139 0.0156341
103.271 0.0151939
103.403 0.0151939
103.534 0.0151939
103.666 0.0151939
103.798 0.0151939
103.93 0.0151939
104.061 0.0151939
104.193 0.0151939
104.325 0.0151939
104.457 0.0151939
104.588 0.0151939
104.72 0.0151939
104.852 0.0151939
104.984 0.0151939
105.115 0.0151939
105.247 0.0151939
105.379 0.0151939
105.511 0.0151939
105.642 0.0151939
105.774 0.0151939
105.906 0.0151939
106.038 0.0151939
106.169 0.0151939
106.301 0.0151939
106.433 0.0151939
106.565 0.0151939
106.696 0.0151939
106.828 0.0151939
106.96 0.0151939
107.092 0.0151939
107.224 0.0151939
107.355 0.0151939
107.487 0.0151939
107.619 0.0151939
107.751 0.0151939
107.882 0.0151939
108.014 0.0151939
108.146 0.0151939
108.278 0.0151939
108.409 0.0151939
108.541 0.0151939
108.673 0.0151939
108.805 0.0151939
108.936 0.0151939
109.068 0.0151939
109.2 0.0151939
109.332 0.0151939
109.463 0.0151939
109.595 0.0151939
109.727 0.0151939
109.859 0.0151939
109.99 0.0151939
110.122 0.0151939
110.254 0.0151939
110.386 0.0151939
110.517 0.0151939
110.649 0.0151939
110.781 0.0151939
110.913 0.0151939
111.044 0.0151939
111.176 0.0151939
111.308 0.0151939
111.44 0.0151939
111.571 0.0151939
111.703 0.0151939
111.835 0.0151939
111.967 0.0151939
112.098 0.0151939
112.23 0.0151939
112.362 0.0151939
112.494 0.0151939
112.625 0.0151939
112.757 0.0151939
112.889 0.0151939
113.021 0.0151939
113.152 0.0151939
113.284 0.0151939
113.416 0.0151939
113.548 0.0151939
113.679 0.0151939
113.811 0.0151939
113.943 0.0151939
114.075 0.0151939
114.206 0.0151939
114.338 0.0151939
114.47 0.0151939
114.602 0.0151939
114.733 0.0151939
114.865 0.0151939
114.997 0.0151939
115.129 0.0151939
115.26 0.0151939
115.392 0.0151939
115.524 0.0151939
115.656 0.0151939
115.787 0.0151939
115.919 0.0151939
116.051 0.0151939
116.183 0.0151939
116.314 0.0151939
116.446 0.0151939
116.578 0.0151939
116.71 0.0151939
116.841 0.0151939
116.973 0.0151939
117.105 0.0151939
117.237 0.0151939
117.368 0.0151939
117.5 0.0151939
117.632 0.0151939
117.764 0.0151939
117.895 0.0151939
118.027 0.0151939
118.159 0.0151939
118.291 0.0151939
118.422 0.0151939
118.554 0.0151939
118.686 0.0151939
118.818 0.0151939
118.949 0.0151939
119.081 0.0151939
119.213 0.0151939
119.345 0.0151939
119.476 0.0151939
119.608 0.0151939
119.74 0.0151939
119.872 0.0151939
120.003 0.0151939
120.135 0.0151939
120.267 0.0151939
120.399 0.0151939
120.53 0.0151939
120.662 0.0151939
120.794 0.0151939
120.926 0.0151939
121.057 0.0151939
121.189 0.0151939
121.321 0.0151939
121.453 0.0151939
121.585 0.0151939
121.716 0.0151939
121.848 0.0151939
121.98 0.0151939
122.112 0.0151939
122.243 0.0151939
122.375 0.0151939
122.507 0.0151939
122.639 0.0151939
122.77 0.0151939
122.902 0.0151939
123.034 0.0151939
123.166 0.0151939
123.297 0.0151939
123.429 0.0151939
123.561 0.0151939
123.693 0.0151939
123.824 0.0151939
123.956 0.0151939
124.088 0.0151939
124.22 0.0151939
124.351 0.0151939
124.483 0.0151939
124.615 0.0151939
124.747 0.0151939
124.878 0.0151939
125.01 0.0151939
125.142 0.0151939
125.274 0.0151939
125.405 0.0151939
125.537 0.0151939
125.669 0.0151939
125.801 0.0151939
125.932 0.0151939
126.064 0.0151939
126.196 0.0151939
126.328 0.0151939
126.459 0.0151939
126.591 0.0151939
126.723 0.0151939
126.855 0.0151939
126.986 0.0151939
127.118 0.0151939
127.25 0.0151939
127.382 0.0151939
127.513 0.0151939
127.645 0.0151939
127.777 0.0151939
127.909 0.0151939
128.04 0.0151939
128.172 0.0151939
128.304 0.0151939
128.436 0.0151939
128.567 0.0151939
128.699 0.0151939
128.831 0.0151939
128.963 0.0151939
129.094 0.0151939
129.226 0.0151939
129.358 0.0151939
129.49 0.0151939
129.621 0.0151939
129.753 0.0151939
129.885 0.0151939
130.017 0.0151939
130.148 0.0151939
