-6.91984 0.395347
-6.78808 0.35717
-6.65633 0.288117
-6.52458 0.234114
-6.39283 0.278115
-6.26108 0.415531
-6.12932 0.501601
-5.99757 0.462379
-5.86582 0.335992
-5.73407 0.257561
-5.60231 0.206145
-5.47056 0.209641
-5.33881 0.191395
-5.20706 0.155183
-5.0753 0.0816574
-4.94355 0.0760704
-4.8118 -0.0348511
-4.68005 -0.0873355
-4.5483 -0.16408
-4.41654 -0.299643
-4.28479 -0.346654
-4.15304 -0.379908
-4.02129 -0.351045
-3.88953 -0.28438
-3.75778 -0.220009
-3.62603 -0.096123
-3.49428 0.0811305
-3.36252 0.350822
-3.23077 0.603303
-3.09902 0.704041
-2.96727 0.747468
-2.83552 0.774404
-2.70376 0.800395
-2.57201 0.805638
-2.44026 0.723535
-2.30851 0.549035
-2.17675 0.355357
-2.045 0.16031
-1.91325 0.151486
-1.7815 0.172748
-1.64974 0.187526
-1.51799 0.136365
-1.38624 0.0862813
-1.25449 0.085279
-1.12274 0.195511
-0.990983 0.29868
-0.859231 0.353425
-0.727479 0.313668
-0.595726 0.27661
-0.463974 0.296188
-0.332222 0.402295
-0.20047 0.405298
-0.0687172 0.184141
0.0630351 -0.189387
0.194787 -0.492447
0.32654 -0.652477
0.458292 -0.63426
0.590044 -0.444841
0.721797 -0.252366
0.853549 -0.140772
0.985301 0.0151631
1.11705 0.199022
1.24881 0.352532
1.38056 0.426848
1.51231 0.357791
1.64406 0.196192
1.77582 0.0379639
1.90757 0.0846959
2.03932 0.310849
2.17107 0.620732
2.30282 0.797274
2.43458 0.863364
2.56633 0.884907
2.69808 0.887266
2.82983 0.917227
2.96159 0.887433
3.09334 0.678649
3.22509 0.431092
3.35684 0.258146
3.4886 0.196291
3.62035 0.0976473
3.7521 -0.10681
3.88385 -0.417497
4.0156 -0.687265
4.14736 -0.734447
4.27911 -0.537867
4.41086 -0.167066
4.54261 0.232119
4.67437 0.540388
4.80612 0.888019
4.93787 1.13722
5.06962 1.26923
5.20138 1.10196
5.33313 0.643267
5.46488 0.116788
5.59663 -0.277188
5.72838 -0.412942
5.86014 -0.317751
5.99189 -0.144786
6.12364 -0.0270065
6.25539 -0.0532207
6.38715 -0.063508
6.5189 -0.046657
6.65065 0.0312361
6.7824 0.105917
6.91415 0.102578
7.04591 0.116947
7.17766 0.264901
7.30941 0.507277
7.44116 0.846265
7.57292 1.02481
7.70467 1.10315
7.83642 1.12567
7.96817 1.21475
8.09993 1.25009
8.23168 1.15636
8.36343 0.784329
8.49518 0.323635
8.62693 -0.0666457
8.75869 -0.209732
8.89044 -0.188748
9.02219 -0.218245
9.15394 -0.420947
9.2857 -0.705832
9.41745 -0.856095
9.5492 -0.652134
9.68095 -0.205201
9.81271 0.261317
9.94446 0.567986
10.0762 0.691355
10.208 0.749428
10.3397 0.828393
10.4715 0.846051
10.6032 0.68079
10.735 0.324555
10.8667 -0.0602532
10.9985 -0.266322
11.1302 -0.235963
11.262 -0.107296
11.3937 -0.0546733
11.5255 -0.087661
11.6572 -0.0294614
11.789 0.285727
11.9207 0.794096
12.0525 1.20107
12.1842 1.2253
12.316 0.861001
12.4478 0.397896
12.5795 0.169605
12.7113 0.269271
12.843 0.503413
12.9748 0.615983
13.1065 0.546292
13.2383 0.459641
13.37 0.531249
13.5018 0.721226
13.6335 0.785179
13.7653 0.516194
13.897 -0.0304314
14.0288 -0.56365
14.1605 -0.810556
14.2923 -0.742212
14.424 -0.550573
14.5558 -0.417275
14.6875 -0.327494
14.8193 -0.123468
14.951 0.271225
15.0828 0.711597
15.2146 0.939873
15.3463 0.836996
15.4781 0.55089
15.6098 0.359442
15.7416 0.405367
15.8733 0.576909
16.0051 0.654195
16.1368 0.558033
16.2686 0.429322
16.4003 0.452854
16.5321 0.622486
16.6638 0.717827
16.7956 0.538021
16.9273 0.150206
17.0591 -0.12747
17.1908 -0.0205946
17.3226 0.416773
17.4543 0.825838
17.5861 0.868834
17.7178 0.53855
17.8496 0.142523
17.9813 -0.0176336
18.1131 0.0610067
18.2449 0.118485
18.3766 -0.0502396
18.5084 -0.34192
18.6401 -0.436544
18.7719 -0.146398
18.9036 0.347802
19.0354 0.637793
19.1671 0.477197
19.2989 0.0233282
19.4306 -0.319914
19.5624 -0.296743
19.6941 -0.023127
19.8259 0.186171
19.9576 0.188823
20.0894 0.173164
20.2211 0.424172
20.3529 0.952921
20.4846 1.41236
20.6164 1.42566
20.7481 0.996822
20.8799 0.551327
21.0117 0.523811
21.1434 0.897915
21.2752 1.18773
21.4069 0.912264
21.5387 0.0938129
21.6704 -0.739317
21.8022 -1.06592
21.9339 -0.877881
22.0657 -0.646474
22.1974 -0.775212
22.3292 -1.12019
22.4609 -1.11184
22.5927 -0.38286
22.7244 0.756084
22.8562 1.53459
22.9879 1.46165
23.1197 0.833693
23.2514 0.450999
23.3832 0.791432
23.5149 1.48962
23.6467 1.7002
23.7785 1.01311
23.9102 -0.0309745
24.042 -0.420509
24.1737 0.279195
24.3055 1.38074
24.4372 1.64998
24.569 0.475787
24.7007 -1.55243
24.8325 -3.27519
24.9642 -4.13205
25.096 -4.5417
25.2277 -4.93272
25.3595 -4.39871
25.4912 -0.674134
25.623 7.89631
25.7547 19.7238
25.8865 29.1053
26.0182 28.518
26.15 13.0213
26.2817 -16.0898
26.4135 -50.8196
26.5452 -79.3937
26.677 -90.6758
26.8088 -77.8828
26.9405 -40.6757
27.0723 14.1047
27.204 72.9329
27.3358 118.147
27.4675 133.344
27.5993 110.479
27.731 55.0486
27.8628 -14.7171
27.9945 -75.6207
28.1263 -110.412
28.258 -115.224
28.3898 -98.8556
28.5215 -74.8495
28.6533 -52.3334
28.785 -32.065
28.9168 -9.64465
29.0485 17.7833
29.1803 47.2783
29.312 71.5163
29.4438 84.0259
29.5756 83.4358
29.7073 73.3326
29.8391 58.4849
29.9708 41.2169
30.1026 21.0844
30.2343 -2.37933
30.3661 -26.917
30.4978 -47.6461
30.6296 -60.0029
30.7613 -62.8489
30.8931 -58.9714
31.0248 -52.6279
31.1566 -46.3599
31.2883 -39.7367
31.4201 -30.7778
31.5518 -18.4497
31.6836 -3.94287
31.8153 10.1773
31.9471 21.8627
32.0788 30.6866
32.2106 37.3242
32.3423 42.1873
32.4741 44.6704
32.6059 43.6979
32.7376 38.9306
32.8694 31.3895
33.0011 22.8852
33.1329 14.7912
33.2646 7.2715
33.3964 -0.403313
33.5281 -8.82063
33.6599 -17.6195
33.7916 -25.5657
33.9234 -31.3483
34.0551 -34.3703
34.1869 -34.9275
34.3186 -33.7588
34.4504 -31.4464
34.5821 -28.1516
34.7139 -23.7915
34.8456 -18.3861
34.9774 -12.2364
35.1091 -5.8196
35.2409 0.455167
35.3727 6.39898
35.5044 11.9939
35.6362 17.2092
35.7679 21.8433
35.8997 25.5125
36.0314 27.7906
36.1632 28.4023
36.2949 27.3447
36.4267 24.8667
36.5584 21.3346
36.6902 17.0814
36.8219 12.3363
36.9537 7.25351
37.0854 1.98262
37.2172 -3.29085
37.3489 -8.35232
37.4807 -12.9705
37.6124 -16.8841
37.7442 -19.7989
37.8759 -21.466
38.0077 -21.8442
38.1395 -21.2236
38.2712 -20.145
38.403 -19.0828
38.5347 -18.0795
38.6665 -16.636
38.7982 -14.0098
38.93 -9.76222
39.0617 -4.16421
39.1935 1.84589
39.3252 7.12515
39.457 10.8716
39.5887 12.8901
39.7205 13.4795
39.8522 13.1368
39.984 12.3447
40.1157 11.5297
40.2475 11.0683
40.3792 11.2006
40.511 11.882
40.6427 12.7475
40.7745 13.3008
40.9062 13.2127
41.038 12.4697
41.1698 11.2266
41.3015 9.50113
41.4333 7.02548
41.565 3.43651
41.6968 -1.33356
41.8285 -6.8186
41.9603 -12.1663
42.092 -16.5655
42.2238 -19.6023
42.3555 -21.2801
42.4873 -21.7598
42.619 -21.117
42.7508 -19.3496
42.8825 -16.5798
43.0143 -13.1868
43.146 -9.68421
43.2778 -6.43614
43.4095 -3.48715
43.5413 -0.675449
43.673 2.08584
43.8048 4.64757
43.9366 6.75029
44.0683 8.30818
44.2001 9.55117
44.3318 10.8539
44.4636 12.3863
44.5953 13.9046
44.7271 14.8815
44.8588 14.8724
44.9906 13.8082
45.1223 11.9945
45.2541 9.85851
45.3858 7.69076
45.5176 5.57506
45.6493 3.49724
45.7811 1.46932
45.9128 -0.453139
46.0446 -2.22852
46.1763 -3.8452
46.3081 -5.25262
46.4398 -6.29728
46.5716 -6.78259
46.7034 -6.64843
46.8351 -6.11708
46.9669 -5.64318
47.0986 -5.66443
47.2304 -6.33076
47.3621 -7.41841
47.4939 -8.48238
47.6256 -9.11256
47.7574 -9.10384
47.8891 -8.46148
48.0209 -7.31229
48.1526 -5.8339
48.2844 -4.2335
48.4161 -2.71676
48.5479 -1.39966
48.6796 -0.214409
48.8114 1.078
48.9431 2.72262
49.0749 4.75303
49.2066 6.90101
49.3384 8.72925
49.4701 9.89926
49.6019 10.3671
49.7337 10.3584
49.8654 10.1583
49.9972 9.89937
50.1289 9.51224
50.2607 8.85219
50.3924 7.8675
50.5242 6.66112
50.6559 5.40713
50.7877 4.20869
50.9194 3.01923
51.0512 1.68202
51.1829 0.0483865
51.3147 -1.91041
51.4464 -4.06123
51.5782 -6.14962
51.7099 -7.89493
51.8417 -9.0947
51.9734 -9.69176
52.1052 -9.77141
52.2369 -9.49028
52.3687 -8.98155
52.5005 -8.30125
52.6322 -7.44968
52.764 -6.43924
52.8957 -5.33866
53.0275 -4.24713
53.1592 -3.22243
53.291 -2.23586
53.4227 -1.20352
53.5545 -0.0682921
53.6862 1.14472
53.818 2.35004
53.9497 3.47292
54.0815 4.49271
54.2132 5.41414
54.345 6.20354
54.4767 6.76911
54.6085 7.02003
54.7402 6.95176
54.872 6.66825
55.0037 6.30916
55.1355 5.94666
55.2673 5.55117
55.399 5.05858
55.5308 4.46922
55.6625 3.87519
55.7943 3.38521
55.926 3.02155
56.0578 2.69258
56.1895 2.26773
56.3213 1.67823
56.453 0.944375
56.5848 0.112299
56.7165 -0.818765
56.8483 -1.88924
56.98 -3.09421
57.1118 -4.31718
57.2435 -5.37104
57.3753 -6.12535
57.507 -6.6007
57.6388 -6.93031
57.7705 -7.21542
57.9023 -7.40972
58.034 -7.34655
58.1658 -6.88672
58.2976 -6.04727
58.4293 -4.98952
58.5611 -3.8819
58.6928 -2.77251
58.8246 -1.59146
58.9563 -0.271061
59.0881 1.14276
59.2198 2.49788
59.3516 3.64659
59.4833 4.53958
59.6151 5.20809
59.7468 5.6639
59.8786 5.84139
60.0103 5.66833
60.1421 5.21641
60.2738 4.78199
60.4056 4.78342
60.5373 5.50741
60.6691 6.86487
60.8008 8.32385
60.9326 9.07853
61.0644 8.38212
61.1961 5.90074
61.3279 1.94533
61.4596 -2.52467
61.5914 -6.17417
61.7231 -7.79265
61.8549 -6.83959
61.9866 -3.76076
62.1184 0.143804
62.2501 3.28931
62.3819 4.52485
62.5136 3.59402
62.6454 1.08742
62.7771 -2.02602
62.9089 -4.93708
63.0406 -7.25793
63.1724 -8.92036
63.3041 -9.90866
63.4359 -10.1079
63.5676 -9.38523
63.6994 -7.78447
63.8312 -5.61749
63.9629 -3.3471
64.0947 -1.35364
64.2264 0.226
64.3582 1.47511
64.4899 2.54005
64.6217 3.48533
64.7534 4.26562
64.8852 4.80202
65.0169 5.07094
65.1487 5.13043
65.2804 5.08143
65.4122 5.01198
65.5439 4.96669
65.6757 4.94715
65.8074 4.92665
65.9392 4.86629
66.0709 4.7284
66.2027 4.48148
66.3344 4.08993
66.4662 3.49768
66.5979 2.63689
66.7297 1.48586
66.8615 0.15159
66.9932 -1.09949
67.125 -1.93014
67.2567 -2.12043
67.3885 -1.73379
67.5202 -1.12313
67.652 -0.743385
67.7837 -0.887769
67.9155 -1.53225
68.0472 -2.39205
68.179 -3.13007
68.3107 -3.55019
68.4425 -3.64594
68.5742 -3.51192
68.706 -3.23292
68.8377 -2.85255
68.9695 -2.41953
69.1012 -2.02815
69.233 -1.78668
69.3647 -1.73598
69.4965 -1.8015
69.6283 -1.83211
69.76 -1.69446
69.8918 -1.34085
70.0235 -0.802162
70.1553 -0.134018
70.287 0.617872
70.4188 1.40464
70.5505 2.14912
70.6823 2.76098
70.814 3.19484
70.9458 3.49402
71.0775 3.76439
71.2093 4.08906
71.341 4.45819
71.4728 4.77914
71.6045 4.95573
71.7363 4.95862
71.868 4.82074
71.9998 4.57021
72.1315 4.177
72.2633 3.57306
72.3951 2.72701
72.5268 1.69616
72.6586 0.601327
72.7903 -0.450781
72.9221 -1.42119
73.0538 -2.31969
73.1856 -3.14174
73.3173 -3.83331
73.4491 -4.32115
73.5808 -4.57259
73.7126 -4.61709
73.8443 -4.5053
73.9761 -4.25286
74.1078 -3.83553
74.2396 -3.24677
74.3713 -2.55627
74.5031 -1.89857
74.6348 -1.38877
74.7666 -1.03997
74.8983 -0.761951
75.0301 -0.445018
75.1618 -0.0507384
75.2936 0.373411
75.4254 0.761951
75.5571 1.10777
75.6889 1.46922
75.8206 1.90441
75.9524 2.40355
76.0841 2.88866
76.2159 3.2821
76.3476 3.54747
76.4794 3.72259
76.6111 3.83581
76.7429 3.86259
76.8746 3.73447
77.0064 3.41828
77.1381 2.93569
77.2699 2.36119
77.4016 1.77907
77.5334 1.22135
77.6651 0.721678
77.7969 0.32688
77.9286 0.0705203
78.0604 -0.0511465
78.1922 -0.159932
78.3239 -0.415559
78.4557 -0.840093
78.5874 -1.38811
78.7192 -1.92618
78.8509 -2.34528
78.9827 -2.58143
79.1144 -2.70545
79.2462 -2.64284
79.3779 -2.49325
79.5097 -2.22778
79.6414 -1.69951
79.7732 -1.12153
79.9049 -0.528672
80.0367 -0.110368
80.1684 0.116725
80.3002 0.23551
80.4319 0.262677
80.5637 0.276863
80.6954 0.2274
80.8272 0.15962
80.959 0.0470504
81.0907 0.0506933
81.2225 0.194105
81.3542 0.595408
81.486 1.07751
81.6177 1.52555
81.7495 1.88283
81.8812 2.13063
82.013 2.26085
82.1447 2.24813
82.2765 2.04562
82.4082 1.70451
82.54 1.33882
82.6717 1.04633
82.8035 0.825419
82.9352 0.673791
83.067 0.530256
83.1987 0.397489
83.3305 0.273142
83.4622 0.28319
83.594 0.320824
83.7257 0.291323
83.8575 0.0613273
83.9893 -0.295621
84.121 -0.696038
84.2528 -0.942327
84.3845 -1.07628
84.5163 -1.21922
84.648 -1.33221
84.7798 -1.34371
84.9115 -1.32908
85.0433 -1.05067
85.175 -0.652703
85.3068 -0.223231
85.4385 0.162315
85.5703 0.391788
85.702 0.508474
85.8338 0.576058
85.9655 0.563167
86.0973 0.552887
86.229 0.474116
86.3608 0.418166
86.4925 0.450349
86.6243 0.534597
86.7561 0.547792
86.8878 0.444583
87.0196 0.232681
87.1513 0.0793356
87.2831 0.0777778
87.4148 0.2307
87.5466 0.439092
87.6783 0.598398
87.8101 0.610346
87.9418 0.571135
88.0736 0.513447
88.2053 0.495847
88.3371 0.483524
88.4688 0.440134
88.6006 0.344386
88.7323 0.269077
88.8641 0.253492
88.9958 0.185914
89.1276 0.0656639
89.2593 -0.045306
89.3911 -0.14518
89.5229 -0.0951434
89.6546 0.0665015
89.7864 0.222199
89.9181 0.268612
90.0499 0.172322
90.1816 0.0892005
90.3134 0.00217235
90.4451 0.048371
90.5769 0.114484
90.7086 0.202028
90.8404 0.276015
90.9721 0.241771
91.1039 0.155725
91.2356 0.0267144
91.3674 -0.104395
91.4991 -0.247669
91.6309 -0.334072
91.7626 -0.338639
91.8944 -0.269994
92.0261 -0.0964132
92.1579 0.0765306
92.2896 0.204027
92.4214 0.293114
92.5532 0.412462
92.6849 0.481319
92.8167 0.476636
92.9484 0.387614
93.0802 0.240055
93.2119 0.0575717
93.3437 -0.0400734
93.4754 -0.00776938
93.6072 0.0340507
93.7389 -0.0298875
93.8707 -0.131615
94.0024 -0.153855
94.1342 -0.0204961
94.2659 0.19426
94.3977 0.44678
94.5294 0.571866
94.6612 0.559845
94.7929 0.442943
94.9247 0.351429
95.0564 0.254184
95.1882 0.300157
95.32 0.24676
95.4517 0.13772
95.5835 0.0519184
95.7152 -0.0768299
95.847 -0.132525
95.9787 -0.18265
96.1105 -0.229076
96.2422 -0.207642
96.374 -0.119933
96.5057 0.0579265
96.6375 0.205237
96.7692 0.288088
96.901 0.342657
97.0327 0.295811
97.1645 0.214133
97.2962 0.166229
97.428 0.15654
97.5597 0.167531
97.6915 0.152317
97.8232 0.0817587
97.955 0.040372
98.0868 -0.0935108
98.2185 -0.18262
98.3503 -0.24729
98.482 -0.239007
98.6138 -0.168184
98.7455 -0.0287629
98.8773 0.0843477
99.009 0.172947
99.1408 0.179246
99.2725 0.165781
99.4043 0.152877
99.536 0.179979
99.6678 0.173497
99.7995 0.164451
99.9313 0.150135
100.063 0.107164
100.195 0.0203639
100.327 0.0242953
100.458 0.128968
100.59 0.208474
100.722 0.254092
100.854 0.27723
100.985 0.207426
101.117 0.135975
101.249 0.105229
101.381 0.0642083
101.512 0.00882713
101.644 -0.0509203
101.776 -0.0501465
101.908 -0.0622522
102.039 -0.0721715
102.171 -0.111196
102.303 -0.0846543
102.435 -0.0381382
102.566 0.0201352
102.698 0.105447
102.83 0.13361
102.962 0.117917
103.093 0.158319
103.225 0.182536
103.357 0.163393
103.489 0.0727618
103.62 -0.0230976
103.752 -0.130067
103.884 -0.205481
104.016 -0.231429
104.147 -0.21759
104.279 -0.137696
104.411 -0.0249992
104.543 0.106972
104.674 0.271236
104.806 0.302922
104.938 0.307414
105.07 0.220047
105.201 0.136256
105.333 0.0705312
105.465 -0.0186802
105.597 -0.0804838
105.728 -0.0907413
105.86 -0.0721772
105.992 -0.0566063
106.124 -0.0656417
106.255 -0.0244125
106.387 -0.003898
106.519 0.0497773
106.651 0.0702302
106.782 0.0441919
106.914 0.033414
107.046 0.0292821
107.178 0.018808
107.309 0.0455968
107.441 -0.002776
107.573 0.0102581
107.705 0.00719038
107.836 0.026322
107.968 0.00867962
108.1 0.0171189
108.232 -0.0118763
108.363 0.00392269
108.495 -0.0139832
108.627 -0.00327602
108.759 -0.00185299
108.89 0.00104316
109.022 0.00980926
109.154 0.0135176
109.286 0.0101776
109.417 0.0239672
109.549 0.00521648
109.681 0.00532299
109.813 0.015018
109.944 0.0161909
110.076 0.0179153
110.208 0.0207297
110.34 0.0144005
110.471 0.0139112
110.603 0.0153343
110.735 0.0153343
110.867 0.0153343
110.998 0.0153343
111.13 0.0153343
111.262 0.0153343
111.394 0.0153343
111.525 0.0153343
111.657 0.0153343
111.789 0.0153343
111.921 0.0153343
112.052 0.0153343
112.184 0.0153343
112.316 0.0153343
112.448 0.0153343
112.58 0.0153343
112.711 0.0153343
112.843 0.0153343
112.975 0.0153343
113.107 0.0153343
113.238 0.0153343
113.37 0.0153343
113.502 0.0153343
113.634 0.0153343
113.765 0.0153343
113.897 0.0153343
114.029 0.0153343
114.161 0.0153343
114.292 0.0153343
114.424 0.0153343
114.556 0.0153343
114.688 0.0153343
114.819 0.0153343
114.951 0.0153343
115.083 0.0153343
115.215 0.0153343
115.346 0.0153343
115.478 0.0153343
115.61 0.0153343
115.742 0.0153343
115.873 0.0153343
116.005 0.0153343
116.137 0.0153343
116.269 0.0153343
116.4 0.0153343
116.532 0.0153343
116.664 0.0153343
116.796 0.0153343
116.927 0.0153343
117.059 0.0153343
117.191 0.0153343
117.323 0.0153343
117.454 0.0153343
117.586 0.0153343
117.718 0.0153343
117.85 0.0153343
117.981 0.0153343
118.113 0.0153343
118.245 0.0153343
118.377 0.0153343
118.508 0.0153343
118.64 0.0153343
118.772 0.0153343
118.904 0.0153343
119.035 0.0153343
119.167 0.0153343
119.299 0.0153343
119.431 0.0153343
119.562 0.0153343
119.694 0.0153343
119.826 0.0153343
119.958 0.0153343
120.089 0.0153343
120.221 0.0153343
120.353 0.0153343
120.485 0.0153343
120.616 0.0153343
120.748 0.0153343
120.88 0.0153343
121.012 0.0153343
121.143 0.0153343
121.275 0.0153343
121.407 0.0153343
121.539 0.0153343
121.67 0.0153343
121.802 0.0153343
121.934 0.0153343
122.066 0.0153343
122.197 0.0153343
122.329 0.0153343
122.461 0.0153343
122.593 0.0153343
122.724 0.0153343
122.856 0.0153343
122.988 0.0153343
123.12 0.0153343
123.251 0.0153343
123.383 0.0153343
123.515 0.0153343
123.647 0.0153343
123.778 0.0153343
123.91 0.0153343
124.042 0.0153343
124.174 0.0153343
124.305 0.0153343
124.437 0.0153343
124.569 0.0153343
124.701 0.0153343
124.832 0.0153343
124.964 0.0153343
125.096 0.0153343
125.228 0.0153343
125.359 0.0153343
125.491 0.0153343
125.623 0.0153343
125.755 0.0153343
125.886 0.0153343
126.018 0.0153343
126.15 0.0153343
126.282 0.0153343
126.413 0.0153343
126.545 0.0153343
126.677 0.0153343
126.809 0.0153343
126.941 0.0153343
127.072 0.0153343
127.204 0.0153343
127.336 0.0153343
127.468 0.0153343
127.599 0.0153343
127.731 0.0153343
127.863 0.0153343
