0.117668 0.092833
0.24942 0.133622
0.381173 0.172133
0.512925 0.216378
0.644677 0.259563
0.77643 0.31034
0.908182 0.353323
1.03993 0.381977
1.17169 0.372515
1.30344 0.305519
1.43519 0.231839
1.56694 0.161836
1.6987 0.17944
1.83045 0.237279
1.9622 0.299048
2.09395 0.319277
2.2257 0.33775
2.35746 0.292094
2.48921 0.248064
2.62096 0.125765
2.75271 -0.0495204
2.88447 -0.202642
3.01622 -0.254427
3.14797 -0.21998
3.27972 -0.0818823
3.41148 0.05442
3.54323 0.118728
3.67498 0.1073
3.80673 0.0368713
3.93848 -0.00418369
4.07024 0.0491801
4.20199 0.156427
4.33374 0.23676
4.46549 0.294807
4.59725 0.263841
4.729 0.311983
4.86075 0.340453
4.9925 0.371504
5.12426 0.348717
5.25601 0.259608
5.38776 0.115458
5.51951 0.0038717
5.65126 -0.0827256
5.78302 -0.0227445
5.91477 0.0894296
6.04652 0.278618
6.17827 0.467697
6.31003 0.639822
6.44178 0.684968
6.57353 0.575714
6.70528 0.338832
6.83704 0.0529082
6.96879 -0.133729
7.10054 -0.221387
7.23229 -0.171225
7.36404 -0.0418276
7.4958 0.0550539
7.62755 0.139801
7.7593 0.200877
7.89105 0.271558
8.02281 0.294364
8.15456 0.201304
8.28631 0.0838183
8.41806 -0.0166792
8.54982 -0.0578469
8.68157 -0.0869677
8.81332 -0.0871913
8.94507 -0.0669504
9.07682 -0.0438368
9.20858 0.0364206
9.34033 0.197607
9.47208 0.340422
9.60383 0.524214
9.73559 0.673452
9.86734 0.710145
9.99909 0.672438
10.1308 0.539411
10.2626 0.34012
10.3943 0.0941183
10.5261 -0.183032
10.6579 -0.380757
10.7896 -0.314901
10.9214 -0.105358
11.0531 0.150435
11.1849 0.29927
11.3166 0.318193
11.4484 0.301531
11.5801 0.351032
11.7119 0.419743
11.8436 0.47575
11.9754 0.416927
12.1071 0.245704
12.2389 0.0634587
12.3706 0.0389762
12.5024 0.160896
12.6341 0.360137
12.7659 0.408114
12.8976 0.300258
13.0294 0.0894413
13.1611 -0.0714219
13.2929 -0.116243
13.4247 -0.0213202
13.5564 0.0614316
13.6882 0.167927
13.8199 0.285059
13.9517 0.46237
14.0834 0.628502
14.2152 0.601391
14.3469 0.396058
14.4787 0.166586
14.6104 0.112753
14.7422 0.154927
14.8739 0.290557
15.0057 0.482584
15.1374 0.559813
15.2692 0.568103
15.4009 0.501758
15.5327 0.336588
15.6644 0.0876742
15.7962 -0.188296
15.9279 -0.449324
16.0597 -0.536305
16.1914 -0.249109
16.3232 0.30637
16.455 0.862289
16.5867 1.18694
16.7185 1.17611
16.8502 0.9285
16.982 0.707715
17.1137 0.470041
17.2455 0.218676
17.3772 -0.0754014
17.509 -0.425475
17.6407 -0.676586
17.7725 -0.734248
17.9042 -0.599979
18.036 -0.363911
18.1677 -0.176709
18.2995 -0.000914925
18.4312 0.252027
18.563 0.625737
18.6947 1.01483
18.8265 1.24237
18.9582 1.22811
19.09 1.07678
19.2218 0.98458
19.3535 1.04797
19.4853 1.165
19.617 1.13091
19.7488 0.834282
19.8805 0.359659
20.0123 -0.0983171
20.144 -0.409968
20.2758 -0.590959
20.4075 -0.717194
20.5393 -0.78926
20.671 -0.715546
20.8028 -0.443122
20.9345 -0.0837303
21.0663 0.134098
21.198 0.0736922
21.3298 -0.145697
21.4615 -0.220624
21.5933 0.0655212
21.725 0.623921
21.8568 1.11679
21.9886 1.24944
22.1203 1.02149
22.2521 0.695359
22.3838 0.520054
22.5156 0.493619
22.6473 0.403595
22.7791 0.094558
22.9108 -0.326415
23.0426 -0.571019
23.1743 -0.458804
23.3061 -0.109933
23.4378 0.168333
23.5696 0.190404
23.7013 0.0745091
23.8331 0.104085
23.9648 0.413308
24.0966 0.834046
24.2283 1.0749
24.3601 1.04467
24.4918 0.963803
24.6236 1.12166
24.7553 1.52177
24.8871 1.80271
25.0189 1.55511
25.1506 0.736658
25.2824 -0.242309
25.4141 -0.874154
25.5459 -1.00926
25.6776 -0.953039
25.8094 -1.10314
25.9411 -1.50079
26.0729 -1.76845
26.2046 -1.50888
26.3364 -0.751914
26.4681 0.030317
26.5999 0.374793
26.7316 0.281932
26.8634 0.188312
26.9951 0.474273
27.1269 1.02925
27.2586 1.36036
27.3904 1.15752
27.5221 0.711941
27.6539 0.692814
27.7857 1.44976
27.9174 2.54654
28.0492 3.04977
28.1809 2.33445
28.3127 0.60863
28.4444 -1.37263
28.5762 -3.06318
28.7079 -4.45253
28.8397 -5.49051
28.9714 -5.21112
29.1032 -1.76727
29.2349 6.05796
29.3667 16.7824
29.4984 25.4691
29.6302 25.5194
29.7619 12.365
29.8937 -13.1969
30.0254 -44.2279
30.1572 -69.9727
30.2889 -79.9443
30.4207 -67.7597
30.5525 -33.4424
30.6842 16.0366
30.816 67.8779
30.9477 106.433
31.0795 118.102
31.2112 96.9622
31.343 48.3773
31.4747 -12.2082
31.6065 -65.7199
31.7382 -98.0229
31.87 -105.542
32.0017 -94.5077
32.1335 -74.7827
32.2652 -53.0068
32.397 -29.9745
32.5287 -3.4883
32.6605 26.5116
32.7922 55.3051
32.924 75.5112
33.0557 81.9888
33.1875 75.2324
33.3192 60.483
33.451 43.5657
33.5828 27.1313
33.7145 10.2873
33.8463 -8.58125
33.978 -28.7271
34.1098 -46.5289
34.2415 -57.8337
34.3733 -60.8748
34.505 -57.1909
34.6368 -49.9687
34.7685 -41.5174
34.9003 -32.1031
35.032 -20.8654
35.1638 -7.60376
35.2955 6.35769
35.4273 18.8925
35.559 28.4849
35.6908 34.9319
35.8225 38.8166
35.9543 40.4842
36.086 39.624
36.2178 35.7974
36.3496 29.245
36.4813 21.0698
36.6131 12.5971
36.7448 4.57146
36.8766 -3.01871
37.0083 -10.3761
37.1401 -17.2241
37.2718 -22.7354
37.4036 -26.1218
37.5353 -27.2767
37.6671 -26.8365
37.7988 -25.6235
37.9306 -24.0284
38.0623 -21.8947
38.1941 -18.9233
38.3258 -15.1161
38.4576 -10.8025
38.5893 -6.2857
38.7211 -1.55212
38.8528 3.60444
38.9846 9.15855
39.1164 14.5864
39.2481 19.0675
39.3799 21.9914
39.5116 23.2979
39.6434 23.3475
39.7751 22.483
39.9069 20.7352
40.0386 17.9462
40.1704 14.145
40.3021 9.75341
40.4339 5.38453
40.5656 1.42152
40.6974 -2.20279
40.8291 -5.80017
40.9609 -9.48979
41.0926 -12.953
41.2244 -15.6194
41.3561 -17.1147
41.4879 -17.5604
41.6196 -17.4641
41.7514 -17.3104
41.8831 -17.2082
42.0149 -16.8573
42.1467 -15.795
42.2784 -13.6755
42.4102 -10.3864
42.5419 -6.01846
42.6737 -0.839401
42.8054 4.65977
42.9372 9.74074
43.0689 13.5687
43.2007 15.545
43.3324 15.6265
43.4642 14.3797
43.5959 12.6929
43.7277 11.3237
43.8594 10.5802
43.9912 10.3197
44.1229 10.1985
44.2547 9.94632
44.3864 9.46344
44.5182 8.72658
44.6499 7.64376
44.7817 6.01882
44.9135 3.6671
45.0452 0.584982
45.177 -2.97098
45.3087 -6.56876
45.4405 -9.79787
45.5722 -12.4442
45.704 -14.5237
45.8357 -16.1556
45.9675 -17.3707
46.0992 -17.9973
46.231 -17.7161
46.3627 -16.2535
46.4945 -13.5818
46.6262 -9.98857
46.758 -5.97345
46.8897 -2.05185
47.0215 1.40264
47.1532 4.20205
47.285 6.30279
47.4167 7.76298
47.5485 8.74256
47.6803 9.50598
47.812 10.3541
47.9438 11.4734
48.0755 12.7889
48.2073 13.945
48.339 14.4557
48.4708 13.9434
48.6025 12.3138
48.7343 9.7712
48.866 6.69745
48.9978 3.50194
49.1295 0.527336
49.2613 -1.98266
49.393 -3.89911
49.5248 -5.22952
49.6565 -6.11397
49.7883 -6.75547
49.92 -7.30193
50.0518 -7.75995
50.1835 -8.01373
50.3153 -7.93958
50.447 -7.5236
50.5788 -6.88912
50.7106 -6.22316
50.8423 -5.67511
50.9741 -5.30759
51.1058 -5.11005
51.2376 -5.02361
51.3693 -4.93605
51.5011 -4.67149
51.6328 -4.03423
51.7646 -2.91656
51.8963 -1.39288
52.0281 0.302199
52.1598 1.92586
52.2916 3.3954
52.4233 4.81974
52.5551 6.34883
52.6868 7.96311
52.8186 9.39566
52.9503 10.2748
53.0821 10.3806
53.2138 9.80318
53.3456 8.8689
53.4774 7.90224
53.6091 7.02388
53.7409 6.14092
53.8726 5.10679
54.0044 3.88583
54.1361 2.57622
54.2679 1.2935
54.3996 0.0478706
54.5314 -1.25887
54.6631 -2.7168
54.7949 -4.2889
54.9266 -5.80465
55.0584 -7.07098
55.1901 -7.99863
55.3219 -8.63495
55.4536 -9.0843
55.5854 -9.39324
55.7171 -9.49565
55.8489 -9.25103
55.9806 -8.53417
56.1124 -7.30934
56.2442 -5.65227
56.3759 -3.72552
56.5077 -1.7303
56.6394 0.147072
56.7712 1.78101
56.9029 3.12779
57.0347 4.20817
57.1664 5.06062
57.2982 5.70101
57.4299 6.12359
57.5617 6.34034
57.6934 6.41342
57.8252 6.43555
57.9569 6.46197
58.0887 6.45279
58.2204 6.2869
58.3522 5.84966
58.4839 5.12787
58.6157 4.23369
58.7474 3.33772
58.8792 2.56699
59.0109 1.94712
59.1427 1.42141
59.2745 0.912468
59.4062 0.367584
59.538 -0.236988
59.6697 -0.909353
59.8015 -1.63954
59.9332 -2.38141
60.065 -3.05152
60.1967 -3.56765
60.3285 -3.9048
60.4602 -4.11798
60.592 -4.3039
60.7237 -4.52907
60.8555 -4.78352
60.9872 -4.99462
61.119 -5.07916
61.2507 -4.9829
61.3825 -4.68131
61.5142 -4.16358
61.646 -3.43701
61.7777 -2.55465
61.9095 -1.62598
62.0413 -0.773408
62.173 -0.0524235
62.3048 0.596538
62.4365 1.30934
62.5683 2.19183
62.7 3.23095
62.8318 4.29745
62.9635 5.23192
63.0953 5.93081
63.227 6.35654
63.3588 6.47997
63.4905 6.24062
63.6223 5.59748
63.754 4.64674
63.8858 3.6918
64.0175 3.15844
64.1493 3.35935
64.281 4.24109
64.4128 5.28813
64.5445 5.67933
64.6763 4.64852
64.8081 1.88434
64.9398 -2.22483
65.0716 -6.63551
65.2033 -9.99944
65.3351 -11.1997
65.4668 -9.84532
65.5986 -6.47734
65.7303 -2.35404
65.8621 1.10372
65.9938 2.92056
66.1256 2.89899
66.2573 1.5166
66.3891 -0.490007
66.5208 -2.54311
66.6526 -4.37641
66.7843 -5.89383
66.9161 -6.93966
67.0478 -7.22585
67.1796 -6.48895
67.3113 -4.72729
67.4431 -2.29348
67.5748 0.253993
67.7066 2.43
67.8384 4.02319
67.9701 5.09152
68.1019 5.80163
68.2336 6.26799
68.3654 6.50703
68.4971 6.4953
68.6289 6.23717
68.7606 5.7718
68.8924 5.13502
69.0241 4.34016
69.1559 3.40998
69.2876 2.42413
69.4194 1.52134
69.5511 0.838793
69.6829 0.433203
69.8146 0.246016
69.9464 0.13465
70.0781 -0.0596579
70.2099 -0.450158
70.3416 -1.06663
70.4734 -1.83646
70.6052 -2.58835
70.7369 -3.10079
70.8687 -3.2034
71.0004 -2.88781
71.1322 -2.3453
71.2639 -1.87803
71.3957 -1.72345
71.5274 -1.9117
71.6592 -2.26212
71.7909 -2.51907
71.9227 -2.51713
72.0544 -2.25071
72.1862 -1.81518
72.3179 -1.2993
72.4497 -0.73666
72.5814 -0.147892
72.7132 0.393993
72.8449 0.765313
72.9767 0.876149
73.1084 0.760096
73.2402 0.576297
73.372 0.509675
73.5037 0.651108
73.6355 0.958342
73.7672 1.32358
73.899 1.67869
74.0307 2.04306
74.1625 2.48104
74.2942 3.01942
74.426 3.60286
74.5577 4.11825
74.6895 4.45448
74.8212 4.54405
74.953 4.36671
75.0847 3.93705
75.2165 3.3009
75.3482 2.53636
75.48 1.73607
75.6117 0.966913
75.7435 0.238658
75.8752 -0.481706
76.007 -1.21352
76.1387 -1.91466
76.2705 -2.49378
76.4023 -2.87964
76.534 -3.08598
76.6658 -3.20868
76.7975 -3.35272
76.9293 -3.55197
77.061 -3.75048
77.1928 -3.8541
77.3245 -3.79708
77.4563 -3.56307
77.588 -3.15594
77.7198 -2.57079
77.8515 -1.81038
77.9833 -0.933041
78.115 -0.0702245
78.2468 0.628128
78.3785 1.08961
78.5103 1.37443
78.642 1.63327
78.7738 1.99617
78.9055 2.48297
79.0373 3.00589
79.1691 3.4515
79.3008 3.76228
79.4326 3.94922
79.5643 4.04048
79.6961 4.03065
79.8278 3.88533
79.9596 3.5908
80.0913 3.18953
80.2231 2.75801
80.3548 2.34483
80.4866 1.92944
80.6183 1.44277
80.7501 0.831589
80.8818 0.109237
81.0136 -0.646443
81.1453 -1.33623
81.2771 -1.88098
81.4088 -2.23509
81.5406 -2.38393
81.6723 -2.35048
81.8041 -2.21206
81.9358 -2.09628
82.0676 -2.13091
82.1994 -2.36526
82.3311 -2.71977
82.4629 -3.01106
82.5946 -3.04421
82.7264 -2.71152
82.8581 -2.03517
82.9899 -1.13899
83.1216 -0.186037
83.2534 0.671353
83.3851 1.31386
83.5169 1.66697
83.6486 1.71953
83.7804 1.53939
83.9121 1.26014
84.0439 1.03018
84.1756 0.950824
84.3074 1.04467
84.4391 1.27175
84.5709 1.57128
84.7026 1.89054
84.8344 2.18436
84.9662 2.4025
85.0979 2.492
85.2297 2.41924
85.3614 2.18847
85.4932 1.83893
85.6249 1.41738
85.7567 0.960407
85.8884 0.512608
86.0202 0.0957655
86.1519 -0.239095
86.2837 -0.432427
86.4154 -0.52897
86.5472 -0.57891
86.6789 -0.642075
86.8107 -0.764354
86.9424 -0.856535
87.0742 -0.847316
87.2059 -0.715389
87.3377 -0.51227
87.4694 -0.4594
87.6012 -0.645796
87.733 -1.00285
87.8647 -1.36616
87.9965 -1.64157
88.1282 -1.72536
88.26 -1.61556
88.3917 -1.39275
88.5235 -1.0696
88.6552 -0.69096
88.787 -0.283667
88.9187 0.188243
89.0505 0.658265
89.1822 1.0838
89.314 1.40453
89.4457 1.55142
89.5775 1.52356
89.7092 1.30273
89.841 1.03213
89.9727 0.783688
90.1045 0.69124
90.2362 0.764881
90.368 0.921961
90.4997 0.961567
90.6315 0.954903
90.7633 0.822974
90.895 0.729878
91.0268 0.669573
91.1585 0.656608
91.2903 0.606769
91.422 0.50837
91.5538 0.356781
91.6855 0.203206
91.8173 0.144024
91.949 0.0901308
92.0808 -0.00796713
92.2125 -0.188153
92.3443 -0.406144
92.476 -0.619456
92.6078 -0.792866
92.7395 -0.869634
92.8713 -0.918687
93.003 -0.887506
93.1348 -0.792612
93.2665 -0.61891
93.3983 -0.42271
93.5301 -0.233299
93.6618 -0.142629
93.7936 -0.0661501
93.9253 -0.015952
94.0571 0.0262616
94.1888 0.0705607
94.3206 0.146968
94.4523 0.193391
94.5841 0.214854
94.7158 0.218178
94.8476 0.24868
94.9793 0.299111
95.1111 0.359268
95.2428 0.401206
95.3746 0.480395
95.5063 0.601078
95.6381 0.743145
95.7698 0.81082
95.9016 0.802193
96.0333 0.745483
96.1651 0.650371
96.2969 0.535837
96.4286 0.424327
96.5604 0.318498
96.6921 0.151316
96.8239 -0.0263374
96.9556 -0.151191
97.0874 -0.169282
97.2191 -0.134268
97.3509 -0.102183
97.4826 -0.111956
97.6144 -0.183919
97.7461 -0.306929
97.8779 -0.386275
98.0096 -0.380544
98.1414 -0.373871
98.2731 -0.359861
98.4049 -0.28564
98.5366 -0.175873
98.6684 -0.0815664
98.8001 -0.0426949
98.9319 -0.0459583
99.0636 -0.101513
99.1954 -0.137675
99.3272 -0.122245
99.4589 0.00805041
99.5907 0.2206
99.7224 0.401219
99.8542 0.473577
99.9859 0.471131
100.118 0.463807
100.249 0.453071
100.381 0.388014
100.513 0.26123
100.645 0.126713
100.776 0.0487409
100.908 0.0782843
101.04 0.174375
101.172 0.255964
101.303 0.265348
101.435 0.171862
101.567 0.0696344
101.699 -0.0237208
101.83 -0.0448326
101.962 -0.0308655
102.094 -0.0265185
102.226 -0.102592
102.357 -0.159695
102.489 -0.214579
102.621 -0.180275
102.753 -0.110091
102.884 -0.0864403
103.016 -0.13794
103.148 -0.172146
103.28 -0.176794
103.411 -0.106544
103.543 -0.00249687
103.675 0.0648083
103.807 0.097565
103.938 0.0924903
104.07 0.055011
104.202 0.0258296
104.334 0.0336703
104.465 0.0338649
104.597 0.104751
104.729 0.117146
104.861 0.178634
104.993 0.220034
105.124 0.230896
105.256 0.198523
105.388 0.154378
105.52 0.0895136
105.651 0.0715452
105.783 -0.00460296
105.915 -0.0542051
106.047 -0.113417
106.178 -0.123164
106.31 -0.117841
106.442 -0.0747112
106.574 -0.0419205
106.705 -0.0430578
106.837 -0.0545076
106.969 -0.0826611
107.101 -0.0429841
107.232 -0.000973944
107.364 0.000975979
107.496 -0.0107132
107.628 -0.065717
107.759 -0.10432
107.891 -0.122411
108.023 -0.0804747
108.155 0.0370262
108.286 0.109081
108.418 0.117986
108.55 0.0725693
108.682 0.0498408
108.813 0.0242707
108.945 -0.012695
109.077 -0.0313354
109.209 -0.0474245
109.34 -0.0628857
109.472 -0.00827743
109.604 -0.010017
109.736 -0.046167
109.867 -0.0467674
109.999 -0.0326339
110.131 0.0155832
110.263 0.0401692
110.394 0.0144571
110.526 -0.00800416
110.658 -0.00482139
110.79 -0.0544327
110.921 -0.0522184
111.053 -0.0382074
111.185 -0.0127094
111.317 -0.0003432
111.448 -0.0136032
111.58 -0.0411376
111.712 -0.0147092
111.844 0.00286697
111.975 0.00420027
112.107 -0.011821
112.239 -0.0143748
112.371 -0.022396
112.502 0.00215983
112.634 0.000130133
112.766 0.0269724
112.898 0.0178919
113.029 0.00474558
113.161 -0.0123824
113.293 -0.00838019
113.425 -0.0285775
113.556 0.00430852
113.688 0.0156254
113.82 0.0339974
113.952 0.0177321
114.083 -0.0186511
114.215 0.0136801
114.347 0.0653048
114.479 0.0670464
114.61 -0.0264109
114.742 -0.0348474
114.874 0.00983096
115.006 0.0129186
115.137 0.0312426
115.269 -0.00162904
115.401 -0.0351024
115.533 -0.0172591
115.664 0.0175298
115.796 0.00977533
115.928 0.0111384
116.06 0.0366236
116.191 0.0107041
116.323 -0.0171625
116.455 -0.0131619
116.587 -0.00130817
116.718 0.0224524
116.85 0.0564776
116.982 0.00897545
117.114 0.011023
117.245 0.0202753
117.377 0.0012393
117.509 -0.000829848
117.641 -0.00747748
117.772 0.00317412
117.904 0.0194184
118.036 0.00624992
118.168 0.00842295
118.299 0.00453766
118.431 0.00453766
118.563 0.00453766
118.695 0.00453766
118.826 0.00453766
118.958 0.00453766
119.09 0.00453766
119.222 0.00453766
119.354 0.00453766
119.485 0.00453766
119.617 0.00453766
119.749 0.00453766
119.881 0.00453766
120.012 0.00453766
120.144 0.00453766
120.276 0.00453766
120.408 0.00453766
120.539 0.00453766
120.671 0.00453766
120.803 0.00453766
120.935 0.00453766
121.066 0.00453766
121.198 0.00453766
121.33 0.00453766
121.462 0.00453766
121.593 0.00453766
121.725 0.00453766
121.857 0.00453766
121.989 0.00453766
122.12 0.00453766
122.252 0.00453766
122.384 0.00453766
122.516 0.00453766
122.647 0.00453766
122.779 0.00453766
122.911 0.00453766
123.043 0.00453766
123.174 0.00453766
123.306 0.00453766
123.438 0.00453766
123.57 0.00453766
123.701 0.00453766
123.833 0.00453766
123.965 0.00453766
124.097 0.00453766
124.228 0.00453766
124.36 0.00453766
124.492 0.00453766
124.624 0.00453766
124.755 0.00453766
124.887 0.00453766
125.019 0.00453766
125.151 0.00453766
125.282 0.00453766
125.414 0.00453766
125.546 0.00453766
125.678 0.00453766
125.809 0.00453766
125.941 0.00453766
126.073 0.00453766
126.205 0.00453766
126.336 0.00453766
126.468 0.00453766
126.6 0.00453766
126.732 0.00453766
126.863 0.00453766
126.995 0.00453766
127.127 0.00453766
127.259 0.00453766
127.39 0.00453766
127.522 0.00453766
127.654 0.00453766
127.786 0.00453766
127.917 0.00453766
128.049 0.00453766
128.181 0.00453766
128.313 0.00453766
128.444 0.00453766
128.576 0.00453766
128.708 0.00453766
128.84 0.00453766
128.971 0.00453766
129.103 0.00453766
129.235 0.00453766
129.367 0.00453766
129.498 0.00453766
129.63 0.00453766
129.762 0.00453766
129.894 0.00453766
130.025 0.00453766
130.157 0.00453766
130.289 0.00453766
130.421 0.00453766
130.552 0.00453766
130.684 0.00453766
130.816 0.00453766
130.948 0.00453766
131.079 0.00453766
131.211 0.00453766
131.343 0.00453766
131.475 0.00453766
131.606 0.00453766
131.738 0.00453766
131.87 0.00453766
132.002 0.00453766
132.133 0.00453766
132.265 0.00453766
132.397 0.00453766
132.529 0.00453766
132.66 0.00453766
132.792 0.00453766
132.924 0.00453766
133.056 0.00453766
133.187 0.00453766
133.319 0.00453766
133.451 0.00453766
133.583 0.00453766
133.715 0.00453766
133.846 0.00453766
133.978 0.00453766
134.11 0.00453766
134.242 0.00453766
134.373 0.00453766
134.505 0.00453766
134.637 0.00453766
134.769 0.00453766
134.9 0.00453766
