0.27027 -0.685067
0.402022 -0.60476
0.533775 -0.279894
0.665527 0.164089
0.797279 0.622024
0.929032 0.981702
1.06078 1.28362
1.19254 1.51903
1.32429 1.5707
1.45604 1.33585
1.58779 0.909132
1.71955 0.410328
1.8513 -0.00705847
1.98305 -0.215905
2.1148 -0.331416
2.24655 -0.384662
2.37831 -0.396631
2.51006 -0.361857
2.64181 -0.206711
2.77356 -0.0222868
2.90532 0.0364425
3.03707 -0.0814297
3.16882 -0.32076
3.30057 -0.456068
3.43233 -0.257509
3.56408 0.181037
3.69583 0.674055
3.82758 0.951927
3.95933 0.924691
4.09109 0.795366
4.22284 0.728689
4.35459 0.788982
4.48634 0.825606
4.6181 0.697232
4.74985 0.404165
4.8816 0.0991844
5.01335 -0.0309164
5.14511 -0.0404276
5.27686 -0.0827881
5.40861 -0.277651
5.54036 -0.502353
5.67211 -0.567746
5.80387 -0.293676
5.93562 0.220213
6.06737 0.753273
6.19912 1.02497
6.33088 0.98965
6.46263 0.86624
6.59438 0.842036
6.72613 1.01208
6.85789 1.21341
6.98964 1.30019
7.12139 1.19648
7.25314 0.977096
7.38489 0.7017
7.51665 0.348846
7.6484 -0.13793
7.78015 -0.687398
7.9119 -1.12202
8.04366 -1.16734
8.17541 -0.837865
8.30716 -0.403814
8.43891 -0.0965344
8.57067 -0.0483048
8.70242 -0.178081
8.83417 -0.192145
8.96592 0.00278432
9.09767 0.352103
9.22943 0.666067
9.36118 0.846741
9.49293 1.01478
9.62468 1.2093
9.75644 1.29292
9.88819 1.18088
10.0199 0.848866
10.1517 0.460547
10.2834 0.230444
10.4152 0.256524
10.5469 0.340492
10.6787 0.226079
10.8105 -0.148224
10.9422 -0.508031
11.074 -0.54195
11.2057 -0.158902
11.3375 0.390126
11.4692 0.731802
11.601 0.737336
11.7327 0.66814
11.8645 0.828294
11.9962 1.28378
12.128 1.76589
12.2597 1.89528
12.3915 1.53821
12.5232 0.905411
12.655 0.324349
12.7867 -0.0690077
12.9185 -0.39989
13.0502 -0.830767
13.182 -1.30499
13.3137 -1.55151
13.4455 -1.35768
13.5773 -0.818562
13.709 -0.282761
13.8408 -0.0324051
13.9725 -0.0227015
14.1043 0.0452503
14.236 0.390613
14.3678 0.907573
14.4995 1.26939
14.6313 1.27378
14.763 1.06119
14.8948 0.965969
15.0265 1.14984
15.1583 1.40597
15.29 1.35144
15.4218 0.817861
15.5535 0.035269
15.6853 -0.58355
15.817 -0.830754
15.9488 -0.853352
16.0805 -0.912074
16.2123 -1.02269
16.3441 -0.890072
16.4758 -0.232548
16.6076 0.842777
16.7393 1.83937
16.8711 2.29143
17.0028 2.19383
17.1346 1.98803
17.2663 2.09367
17.3981 2.45394
17.5298 2.56883
17.6616 1.99515
17.7933 0.804684
17.9251 -0.472415
18.0568 -1.35419
18.1886 -1.82236
18.3203 -2.20414
18.4521 -2.66205
18.5838 -2.88197
18.7156 -2.35819
18.8473 -1.01631
18.9791 0.510565
19.1108 1.33563
19.2426 1.12258
19.3744 0.431672
19.5061 0.20106
19.6379 0.831136
19.7696 1.78867
19.9014 2.16234
20.0331 1.6293
20.1649 0.830996
20.2966 0.726488
20.4284 1.55265
20.5601 2.47541
20.6919 2.34344
20.8236 0.803522
20.9554 -1.38631
21.0871 -3.19091
21.2189 -4.35586
21.3506 -5.40955
21.4824 -6.40498
21.6141 -5.72237
21.7459 -0.615837
21.8776 10.2419
22.0094 24.0436
22.1412 33.5511
22.2729 30.3128
22.4047 9.78795
22.5364 -24.8991
22.6682 -63.1075
22.7999 -90.731
22.9317 -95.8714
23.0634 -73.4063
23.1952 -26.9237
23.3269 32.0519
23.4587 87.0453
23.5904 121.358
23.7222 123.718
23.8539 92.9719
23.9857 39.2663
24.1174 -19.8057
24.2492 -66.764
24.3809 -91.5232
24.5127 -94.2185
24.6444 -82.2865
24.7762 -64.4049
24.908 -45.7372
25.0397 -27.2785
25.1715 -8.49619
25.3032 9.95066
25.435 25.9408
25.5667 37.769
25.6985 45.7338
25.8302 51.5114
25.962 55.8682
26.0937 57.123
26.2255 52.1415
26.3572 39.1534
26.489 19.8144
26.6207 -1.456
26.7525 -20.3095
26.8842 -34.9326
27.016 -46.0308
27.1477 -54.6323
27.2795 -60.046
27.4112 -60.035
27.543 -53.0147
27.6747 -40.074
27.8065 -24.7781
27.9383 -10.8342
28.07 0.283269
28.2018 9.65808
28.3335 19.0684
28.4653 28.7777
28.597 37.0042
28.7288 41.4027
28.8605 41.0366
28.9923 37.0143
29.124 31.371
29.2558 25.4123
29.3875 19.0732
29.5193 11.6884
29.651 3.19611
29.7828 -5.46993
29.9145 -13.0718
30.0463 -18.995
30.178 -23.4315
30.3098 -26.7244
30.4415 -28.6855
30.5733 -28.6794
30.7051 -26.3954
30.8368 -22.4542
30.9686 -18.144
31.1003 -14.4747
31.2321 -11.4515
31.3638 -8.26505
31.4956 -4.19513
31.6273 0.649721
31.7591 5.4319
31.8908 9.34729
32.0226 12.2545
32.1543 14.5785
32.2861 16.6689
32.4178 18.3286
32.5496 18.9977
32.6813 18.371
32.8131 16.7773
32.9448 14.9158
33.0766 13.2146
33.2083 11.4634
33.3401 9.08183
33.4719 5.74726
33.6036 1.76554
33.7354 -2.15315
33.8671 -5.46108
33.9989 -8.13284
34.1306 -10.5248
34.2624 -12.9457
34.3941 -15.3808
34.5259 -17.5709
34.6576 -19.247
34.7894 -20.1998
34.9211 -20.1338
35.0529 -18.5809
35.1846 -15.1387
35.3164 -9.93438
35.4481 -3.88689
35.5799 1.58223
35.7116 5.27673
35.8434 6.87108
35.9751 6.98974
36.1069 6.69604
36.2386 6.82377
36.3704 7.6382
36.5022 8.96028
36.6339 10.4941
36.7657 12.0181
36.8974 13.3435
37.0292 14.2154
37.1609 14.3528
37.2927 13.6169
37.4244 12.1219
37.5562 10.1481
37.6879 7.92559
37.8197 5.49294
37.9514 2.74821
38.0832 -0.382703
38.2149 -3.83589
38.3467 -7.43546
38.4784 -10.9713
38.6102 -14.2047
38.7419 -16.8026
38.8737 -18.3329
39.0054 -18.4246
39.1372 -17.0186
39.269 -14.4949
39.4007 -11.5327
39.5325 -8.77674
39.6642 -6.55655
39.796 -4.83968
39.9277 -3.39137
40.0595 -1.95284
40.1912 -0.301831
40.323 1.76369
40.4547 4.38124
40.5865 7.47611
40.7182 10.6423
40.85 13.2286
40.9817 14.6432
41.1135 14.6742
41.2452 13.5752
41.377 11.8563
41.5087 9.96774
41.6405 8.1306
41.7722 6.39984
41.904 4.81667
42.0358 3.45275
42.1675 2.30993
42.2993 1.22968
42.431 -0.0269074
42.5628 -1.55625
42.6945 -3.15793
42.8263 -4.43122
42.958 -5.07676
43.0898 -5.1517
43.2215 -5.05151
43.3533 -5.22884
43.485 -5.88464
43.6168 -6.87061
43.7485 -7.83936
43.8803 -8.47599
44.012 -8.6246
44.1438 -8.27062
44.2755 -7.4771
44.4073 -6.36375
44.539 -5.10632
44.6708 -3.87659
44.8025 -2.72101
44.9343 -1.4951
45.0661 0.0302541
45.1978 1.93226
45.3296 3.97334
45.4613 5.69597
45.5931 6.73903
45.7248 7.11787
45.8566 7.21238
45.9883 7.45442
46.1201 7.97682
46.2518 8.52496
46.3836 8.6973
46.5153 8.2906
46.6471 7.44828
46.7788 6.50543
46.9106 5.69828
47.0423 5.00166
47.1741 4.20826
47.3058 3.13341
47.4376 1.74354
47.5693 0.122728
47.7011 -1.63347
47.8329 -3.45856
47.9646 -5.25822
48.0964 -6.85241
48.2281 -8.01764
48.3599 -8.61235
48.4916 -8.66568
48.6234 -8.33828
48.7551 -7.79317
48.8869 -7.10307
49.0186 -6.27316
49.1504 -5.32997
49.2821 -4.35938
49.4139 -3.44376
49.5456 -2.57238
49.6774 -1.64017
49.8091 -0.557158
49.9409 0.63664
50.0726 1.77587
50.2044 2.70217
50.3361 3.39791
50.4679 3.98715
50.5997 4.60153
50.7314 5.24568
50.8632 5.7951
50.9949 6.12069
51.1267 6.20384
51.2584 6.12134
51.3902 5.92413
51.5219 5.55287
51.6537 4.89727
51.7854 3.94967
51.9172 2.89167
52.0489 2.00771
52.1807 1.4902
52.3124 1.31288
52.4442 1.28518
52.5759 1.22439
52.7077 1.07365
52.8394 0.861586
52.9712 0.570818
53.1029 0.0777766
53.2347 -0.754327
53.3664 -1.91717
53.4982 -3.20201
53.63 -4.31971
53.7617 -5.09336
53.8935 -5.54622
54.0252 -5.81063
54.157 -5.95863
54.2887 -5.92506
54.4205 -5.59095
54.5522 -4.92974
54.684 -4.06033
54.8157 -3.1548
54.9475 -2.30012
55.0792 -1.45597
55.211 -0.543396
55.3427 0.4379
55.4745 1.38879
55.6062 2.19952
55.738 2.83972
55.8697 3.34415
56.0015 3.71391
56.1332 3.86329
56.265 3.70951
56.3968 3.34807
56.5285 3.13305
56.6603 3.52687
56.792 4.77313
56.9238 6.61705
57.0555 8.29764
57.1873 8.86066
57.319 7.63177
57.4508 4.59488
57.5825 0.483811
57.7143 -3.45537
57.846 -5.93468
57.9778 -6.14442
58.1095 -4.11103
58.2413 -0.717368
58.373 2.6624
58.5048 4.76526
58.6365 4.97325
58.7683 3.48591
58.9 1.05568
59.0318 -1.50474
59.1636 -3.70044
59.2953 -5.40243
59.4271 -6.63324
59.5588 -7.35105
59.6906 -7.43856
59.8223 -6.86871
59.9541 -5.83672
60.0858 -4.68948
60.2176 -3.69676
60.3493 -2.87598
60.4811 -2.03677
60.6128 -1.00054
60.7446 0.214435
60.8763 1.40979
61.0081 2.39073
61.1398 3.12407
61.2716 3.71771
61.4033 4.25803
61.5351 4.6849
61.6668 4.83926
61.7986 4.63708
61.9303 4.19263
62.0621 3.76269
62.1939 3.55825
62.3256 3.5933
62.4574 3.69667
62.5891 3.65634
62.7209 3.3574
62.8526 2.81196
62.9844 2.10296
63.1161 1.33487
63.2479 0.636096
63.3796 0.162084
63.5114 0.0292374
63.6431 0.198385
63.7749 0.423035
63.9066 0.358673
64.0384 -0.210441
64.1701 -1.19951
64.3019 -2.25895
64.4336 -3.00269
64.5654 -3.24922
64.6971 -3.08906
64.8289 -2.75005
64.9607 -2.40417
65.0924 -2.08812
65.2242 -1.77836
65.3559 -1.50862
65.4877 -1.39103
65.6194 -1.51681
65.7512 -1.84286
65.8829 -2.18553
66.0147 -2.33402
66.1464 -2.1805
66.2782 -1.75613
66.4099 -1.16113
66.5417 -0.474781
66.6734 0.26749
66.8052 1.02945
66.9369 1.73519
67.0687 2.29518
67.2004 2.67592
67.3322 2.93753
67.4639 3.19332
67.5957 3.52478
67.7275 3.92804
67.8592 4.33102
67.991 4.64924
68.1227 4.81973
68.2545 4.79288
68.3862 4.51907
68.518 3.97148
68.6497 3.19391
68.7815 2.31508
68.9132 1.49058
69.045 0.805889
69.1767 0.223562
69.3085 -0.373813
69.4402 -1.07896
69.572 -1.88273
69.7037 -2.68274
69.8355 -3.35324
69.9672 -3.80298
70.099 -3.9801
70.2307 -3.85318
70.3625 -3.42313
70.4942 -2.77115
70.626 -2.08128
70.7578 -1.57649
70.8895 -1.3882
71.0213 -1.46117
71.153 -1.58618
71.2848 -1.54735
71.4165 -1.2661
71.5483 -0.824125
71.68 -0.357936
71.8118 0.0676972
71.9435 0.490135
72.0753 0.968507
72.207 1.48788
72.3388 1.95195
72.4705 2.27145
72.6023 2.4548
72.734 2.60534
72.8658 2.8244
72.9975 3.11271
73.1293 3.36141
73.261 3.43464
73.3928 3.26322
73.5246 2.87285
73.6563 2.34522
73.7881 1.77124
73.9198 1.24002
74.0516 0.844754
74.1833 0.657983
74.3151 0.671629
74.4468 0.761233
74.5786 0.736763
74.7103 0.465636
74.8421 -0.0282739
74.9738 -0.580754
75.1056 -1.01053
75.2373 -1.24202
75.3691 -1.32175
75.5008 -1.32807
75.6326 -1.27801
75.7643 -1.13137
75.8961 -0.88324
76.0278 -0.635318
76.1596 -0.551326
76.2914 -0.721153
76.4231 -1.06117
76.5549 -1.35546
76.6866 -1.41223
76.8184 -1.19925
76.9501 -0.842602
77.0819 -0.502555
77.2136 -0.251011
77.3454 -0.0585832
77.4771 0.120403
77.6089 0.273381
77.7406 0.350198
77.8724 0.350306
78.0041 0.370352
78.1359 0.534959
78.2676 0.887304
78.3994 1.32569
78.5311 1.6765
78.6629 1.83349
78.7946 1.83843
78.9264 1.79979
79.0581 1.84849
79.1899 1.95604
79.3217 1.97939
79.4534 1.8564
79.5852 1.62395
79.7169 1.3868
79.8487 1.18201
79.9804 0.997791
80.1122 0.79197
80.2439 0.522232
80.3757 0.182384
80.5074 -0.159198
80.6392 -0.48732
80.7709 -0.768541
80.9027 -0.985093
81.0344 -1.09599
81.1662 -1.01911
81.2979 -0.789355
81.4297 -0.491627
81.5614 -0.275165
81.6932 -0.266075
81.8249 -0.35844
81.9567 -0.468761
82.0885 -0.536638
82.2202 -0.532736
82.352 -0.511652
82.4837 -0.529015
82.6155 -0.498519
82.7472 -0.325082
82.879 -0.0690434
83.0107 0.173836
83.1425 0.301023
83.2742 0.374622
83.406 0.423571
83.5377 0.498378
83.6695 0.599138
83.8012 0.664383
83.933 0.616152
84.0647 0.511444
84.1965 0.497824
84.3282 0.641247
84.46 0.929922
84.5917 1.1987
84.7235 1.29905
84.8553 1.11932
84.987 0.884312
85.1188 0.667192
85.2505 0.52023
85.3823 0.331739
85.514 0.12276
85.6458 -0.0484895
85.7775 -0.082924
85.9093 0.0878364
86.041 0.350341
86.1728 0.491861
86.3045 0.431844
86.4363 0.207157
86.568 -0.0251053
86.6998 -0.141532
86.8315 -0.110229
86.9633 -0.00884955
87.095 0.0511507
87.2268 0.0643341
87.3585 0.026712
87.4903 -0.0168514
87.622 -0.0672662
87.7538 -0.181992
87.8856 -0.20742
88.0173 -0.214222
88.1491 -0.127878
88.2808 -0.0186283
88.4126 0.0295468
88.5443 -0.063402
88.6761 -0.265141
88.8078 -0.441617
88.9396 -0.483559
89.0713 -0.391155
89.2031 -0.194698
89.3348 0.0768249
89.4666 0.315875
89.5983 0.527126
89.7301 0.665197
89.8618 0.678522
89.9936 0.562825
90.1253 0.3602
90.2571 0.197848
90.3888 0.150548
90.5206 0.309336
90.6524 0.552909
90.7841 0.731849
90.9159 0.751094
91.0476 0.648521
91.1794 0.454143
91.3111 0.290218
91.4429 0.179014
91.5746 0.14199
91.7064 0.0542011
91.8381 0.00743509
91.9699 0.00361997
92.1016 0.0597083
92.2334 0.144824
92.3651 0.172958
92.4969 0.159212
92.6286 0.0960238
92.7604 0.065087
92.8921 0.0443865
93.0239 0.0522064
93.1556 -0.0332147
93.2874 -0.119074
93.4192 -0.199323
93.5509 -0.180317
93.6827 -0.084049
93.8144 -0.0326778
93.9462 -0.054012
94.0779 -0.0703954
94.2097 -0.0766801
94.3414 -0.00464263
94.4732 0.0882101
94.6049 0.152007
94.7367 0.106365
94.8684 0.0111167
95.0002 -0.119119
95.1319 -0.149259
95.2637 -0.0935598
95.3954 0.000789402
95.5272 4.63365e-05
95.6589 -0.0603979
95.7907 -0.0584101
95.9224 0.0185269
96.0542 0.177671
96.1859 0.305021
96.3177 0.379432
96.4495 0.421098
96.5812 0.388276
96.713 0.394405
96.8447 0.374107
96.9765 0.316833
97.1082 0.238541
97.24 0.223365
97.3717 0.247705
97.5035 0.28694
97.6352 0.310912
97.767 0.266609
97.8987 0.166262
98.0305 0.0351328
98.1622 -0.0705057
98.294 -0.147968
98.4257 -0.19802
98.5575 -0.231514
98.6892 -0.20034
98.821 -0.105216
98.9527 -0.00231983
99.0845 0.0700178
99.2163 0.0771754
99.348 0.0209959
99.4798 -0.00731649
99.6115 0.00963028
99.7433 0.0475044
99.875 0.112859
100.007 0.128126
100.139 0.0835278
100.27 0.0487195
100.402 0.076541
100.534 0.0887894
100.666 0.072046
100.797 -0.0133599
100.929 -0.0943932
101.061 -0.162948
101.193 -0.189386
101.324 -0.137108
101.456 -0.0249985
101.588 0.025861
101.72 0.0274809
101.851 0.0276059
101.983 0.011606
102.115 0.0499429
102.247 0.0593442
102.378 0.0201789
102.51 -0.00169378
102.642 -0.00793376
102.774 0.0316982
102.905 0.0885847
103.037 0.0790072
103.169 0.0288825
103.301 -0.0161128
103.432 -0.0485252
103.564 0.00745233
103.696 0.0620401
103.828 0.0834101
103.959 0.0840875
104.091 0.0421641
104.223 0.0278496
104.355 0.0315568
104.486 0.0463603
104.618 0.0338881
104.75 -0.00208888
104.882 -0.0218237
105.013 -0.0302864
105.145 0.00820517
105.277 0.0529534
105.409 0.0738679
105.54 0.0296292
105.672 -0.00520028
105.804 -0.0132925
105.936 0.0306042
106.067 0.0447673
106.199 0.0350642
106.331 0.0240143
106.463 0.00691434
106.594 0.0266799
106.726 0.0303611
106.858 0.0337249
106.99 0.0164431
107.121 0.016183
107.253 0.0285099
107.385 0.0417712
107.517 0.0346124
107.648 0.0142675
107.78 -0.00830258
107.912 0.0160846
108.044 0.0205261
108.175 0.014587
108.307 0.0286218
108.439 0.00894274
108.571 -0.012205
108.702 0.024762
108.834 0.0468339
108.966 0.0541659
109.098 0.0145063
109.229 -0.0211698
109.361 0.00222796
109.493 0.0196928
109.625 0.0176206
109.756 0.0395342
109.888 0.0338261
110.02 0.0169424
110.152 0.0102404
110.283 0.0315793
110.415 0.0357342
110.547 0.0274248
110.679 0.012381
110.81 0.0167158
110.942 0.0193309
111.074 0.028939
111.206 0.0298214
111.337 0.0158832
111.469 0.00803408
111.601 0.0221442
111.733 0.0210356
111.864 0.0194747
111.996 0.0222369
112.128 0.0222369
112.26 0.0222369
112.391 0.0222369
112.523 0.0222369
112.655 0.0222369
112.787 0.0222369
112.918 0.0222369
113.05 0.0222369
113.182 0.0222369
113.314 0.0222369
113.446 0.0222369
113.577 0.0222369
113.709 0.0222369
113.841 0.0222369
113.973 0.0222369
114.104 0.0222369
114.236 0.0222369
114.368 0.0222369
114.5 0.0222369
114.631 0.0222369
114.763 0.0222369
114.895 0.0222369
115.027 0.0222369
115.158 0.0222369
115.29 0.0222369
115.422 0.0222369
115.554 0.0222369
115.685 0.0222369
115.817 0.0222369
115.949 0.0222369
116.081 0.0222369
116.212 0.0222369
116.344 0.0222369
116.476 0.0222369
116.608 0.0222369
116.739 0.0222369
116.871 0.0222369
117.003 0.0222369
117.135 0.0222369
117.266 0.0222369
117.398 0.0222369
117.53 0.0222369
117.662 0.0222369
117.793 0.0222369
117.925 0.0222369
118.057 0.0222369
118.189 0.0222369
118.32 0.0222369
118.452 0.0222369
118.584 0.0222369
118.716 0.0222369
118.847 0.0222369
118.979 0.0222369
119.111 0.0222369
119.243 0.0222369
119.374 0.0222369
119.506 0.0222369
119.638 0.0222369
119.77 0.0222369
119.901 0.0222369
120.033 0.0222369
120.165 0.0222369
120.297 0.0222369
120.428 0.0222369
120.56 0.0222369
120.692 0.0222369
120.824 0.0222369
120.955 0.0222369
121.087 0.0222369
121.219 0.0222369
121.351 0.0222369
121.482 0.0222369
121.614 0.0222369
121.746 0.0222369
121.878 0.0222369
122.009 0.0222369
122.141 0.0222369
122.273 0.0222369
122.405 0.0222369
122.536 0.0222369
122.668 0.0222369
122.8 0.0222369
122.932 0.0222369
123.063 0.0222369
123.195 0.0222369
123.327 0.0222369
123.459 0.0222369
123.59 0.0222369
123.722 0.0222369
123.854 0.0222369
123.986 0.0222369
124.117 0.0222369
124.249 0.0222369
124.381 0.0222369
124.513 0.0222369
124.644 0.0222369
124.776 0.0222369
124.908 0.0222369
125.04 0.0222369
125.171 0.0222369
125.303 0.0222369
125.435 0.0222369
125.567 0.0222369
125.698 0.0222369
125.83 0.0222369
125.962 0.0222369
126.094 0.0222369
126.225 0.0222369
126.357 0.0222369
126.489 0.0222369
126.621 0.0222369
126.752 0.0222369
126.884 0.0222369
127.016 0.0222369
127.148 0.0222369
127.279 0.0222369
127.411 0.0222369
127.543 0.0222369
127.675 0.0222369
127.807 0.0222369
127.938 0.0222369
128.07 0.0222369
128.202 0.0222369
128.334 0.0222369
128.465 0.0222369
128.597 0.0222369
128.729 0.0222369
128.861 0.0222369
128.992 0.0222369
129.124 0.0222369
129.256 0.0222369
129.388 0.0222369
129.519 0.0222369
129.651 0.0222369
129.783 0.0222369
129.915 0.0222369
130.046 0.0222369
130.178 0.0222369
130.31 0.0222369
130.442 0.0222369
130.573 0.0222369
130.705 0.0222369
130.837 0.0222369
130.969 0.0222369
131.1 0.0222369
131.232 0.0222369
131.364 0.0222369
131.496 0.0222369
131.627 0.0222369
131.759 0.0222369
131.891 0.0222369
132.023 0.0222369
132.154 0.0222369
132.286 0.0222369
132.418 0.0222369
132.55 0.0222369
132.681 0.0222369
132.813 0.0222369
132.945 0.0222369
133.077 0.0222369
133.208 0.0222369
133.34 0.0222369
133.472 0.0222369
133.604 0.0222369
133.735 0.0222369
133.867 0.0222369
133.999 0.0222369
134.131 0.0222369
134.262 0.0222369
134.394 0.0222369
134.526 0.0222369
134.658 0.0222369
134.789 0.0222369
134.921 0.0222369
135.053 0.0222369
