-4.14424 0.580384
-4.01249 0.628298
-3.88074 0.73937
-3.74898 0.839358
-3.61723 0.853462
-3.48548 0.716863
-3.35373 0.407547
-3.22197 -0.0192512
-3.09022 -0.401757
-2.95847 -0.611095
-2.82672 -0.562153
-2.69496 -0.326485
-2.56321 0.0143381
-2.43146 0.315176
-2.29971 0.385268
-2.16796 0.0982279
-2.0362 -0.329148
-1.90445 -0.75484
-1.7727 -1.00591
-1.64095 -0.839387
-1.50919 -0.517776
-1.37744 -0.111995
-1.24569 0.27082
-1.11394 0.558409
-0.982185 0.799599
-0.850432 1.01173
-0.71868 1.216
-0.586928 1.27236
-0.455175 1.26295
-0.323423 1.12684
-0.191671 0.908212
-0.0599185 0.634996
0.0718338 0.352617
0.203586 -0.0493517
0.335338 -0.497786
0.467091 -0.841624
0.598843 -0.996616
0.730595 -0.896634
0.862348 -0.646802
0.9941 -0.316162
1.12585 0.0186512
1.2576 0.33356
1.38936 0.653609
1.52111 0.961359
1.65286 1.17877
1.78461 1.30753
1.91637 1.26679
2.04812 1.16914
2.17987 0.961125
2.31162 0.604652
2.44338 0.14675
2.57513 -0.464039
2.70688 -1.0792
2.83863 -1.37262
2.97038 -1.39808
3.10214 -1.256
3.23389 -1.10741
3.36564 -1.05263
3.49739 -0.924456
3.62915 -0.565299
3.7609 0.0497328
3.89265 0.748637
4.0244 1.31962
4.15616 1.60576
4.28791 1.55992
4.41966 1.39757
4.55141 1.29855
4.68316 1.27209
4.81492 1.21396
4.94667 1.07103
5.07842 0.783434
5.21017 0.420158
5.34193 0.0630909
5.47368 -0.249549
5.60543 -0.540514
5.73718 -0.680696
5.86894 -0.740015
6.00069 -0.738977
6.13244 -0.682904
6.26419 -0.660837
6.39594 -0.651357
6.5277 -0.613668
6.65945 -0.464265
6.7912 -0.118026
6.92295 0.298116
7.05471 0.676004
7.18646 0.939235
7.31821 1.18784
7.44996 1.49831
7.58172 1.80001
7.71347 2.06179
7.84522 1.9133
7.97697 1.28512
8.10872 0.332338
8.24048 -0.67039
8.37223 -1.46767
8.50398 -1.99478
8.63573 -2.22697
8.76749 -2.19528
8.89924 -1.81019
9.03099 -1.05128
9.16274 -0.0357157
9.2945 0.989165
9.42625 1.78709
9.558 2.22097
9.68975 2.36184
9.8215 2.29932
9.95326 2.05871
10.085 1.60674
10.2168 0.968865
10.3485 0.257081
10.4803 -0.33026
10.612 -0.681483
10.7438 -0.836425
10.8755 -0.907966
11.0073 -0.933696
11.139 -0.822992
11.2708 -0.469984
11.4025 0.0789988
11.5343 0.589929
11.666 0.801679
11.7978 0.644509
11.9295 0.305792
12.0613 0.0727175
12.193 0.098303
12.3248 0.309154
12.4566 0.526261
12.5883 0.65529
12.7201 0.743146
12.8518 0.853464
12.9836 0.917883
13.1153 0.752197
13.2471 0.247617
13.3788 -0.45505
13.5106 -1.00716
13.6423 -1.10203
13.7741 -0.713006
13.9058 -0.10244
14.0376 0.397734
14.1693 0.621863
14.3011 0.618247
14.4328 0.512344
14.5646 0.371382
14.6963 0.220227
14.8281 0.154338
14.9598 0.36041
15.0916 0.952661
15.2233 1.76544
15.3551 2.34832
15.4869 2.24479
15.6186 1.3467
15.7504 0.00417484
15.8821 -1.22643
16.0139 -1.97825
16.1456 -2.2605
16.2774 -2.29187
16.4091 -2.18404
16.5409 -1.81433
16.6726 -1.01267
16.8044 0.152564
16.9361 1.31754
17.0679 2.08471
17.1996 2.35185
17.3314 2.37032
17.4631 2.46159
17.5949 2.67117
17.7266 2.70818
17.8584 2.23232
17.9901 1.19974
18.1219 -0.0740939
18.2537 -1.18086
18.3854 -1.92933
18.5172 -2.38881
18.6489 -2.65855
18.7807 -2.6542
18.9124 -2.17385
19.0442 -1.18149
19.1759 0.0199928
19.3077 0.959599
19.4394 1.37911
19.5712 1.442
19.7029 1.54017
19.8347 1.87829
19.9664 2.25607
20.0982 2.27382
20.2299 1.74983
20.3617 0.915758
20.4934 0.191253
20.6252 -0.213848
20.7569 -0.440048
20.8887 -0.719539
21.0205 -1.02761
21.1522 -1.06895
21.284 -0.653847
21.4157 -0.0504995
21.5475 0.139336
21.6792 -0.448947
21.811 -1.47591
21.9427 -2.06597
22.0745 -1.53951
22.2062 -0.0408144
22.338 1.56278
22.4697 2.4433
22.6015 2.50451
22.7332 2.32904
22.865 2.4575
22.9967 2.76848
23.1285 2.62899
23.2602 1.66699
23.392 0.324045
23.5237 -0.468835
23.6555 -0.229374
23.7872 0.490613
23.919 0.546202
24.0508 -0.711234
24.1825 -2.79984
24.3143 -4.61097
24.446 -5.52245
24.5778 -5.85358
24.7095 -6.01267
24.8413 -5.1706
24.973 -1.12416
25.1048 7.85187
25.2365 20.3346
25.3683 30.6811
25.5 31.1314
25.6318 16.2446
25.7635 -13.1548
25.8953 -49.1566
26.027 -79.546
26.1588 -92.4135
26.2905 -80.259
26.4223 -42.4093
26.554 14.1464
26.6858 75.3557
26.8176 122.828
26.9493 139.403
27.0811 116.453
27.2128 59.2943
27.3446 -13.4249
27.4763 -77.5515
27.6081 -114.703
27.7398 -120.227
27.8716 -102.839
28.0033 -76.6523
28.1351 -51.6236
28.2668 -29.1603
28.3986 -5.14932
28.5303 23.2278
28.6621 53.0392
28.7938 76.9464
28.9256 88.5327
29.0573 86.6295
29.1891 75.087
29.3208 58.7953
29.4526 39.9571
29.5844 17.9151
29.7161 -7.79554
29.8479 -34.514
29.9796 -56.6816
30.1114 -69.1491
30.2431 -70.5968
30.3749 -64.0754
30.5066 -54.3483
30.6384 -44.4875
30.7701 -34.553
30.9019 -23.0547
31.0336 -9.40633
31.1654 4.99836
31.2971 17.8376
31.4289 27.7133
31.5606 34.9097
31.6924 40.456
31.8241 44.6109
31.9559 46.3484
32.0876 44.3112
32.2194 38.222
32.3511 29.3595
32.4829 19.6817
32.6147 10.4806
32.7464 1.80839
32.8782 -6.92011
33.0099 -15.8647
33.1417 -24.2834
33.2734 -31.0046
33.4052 -35.276
33.5369 -37.15
33.6687 -37.1293
33.8004 -35.5436
33.9322 -32.3177
34.0639 -27.3011
34.1957 -20.7356
34.3274 -13.3377
34.4592 -5.91895
34.5909 1.054
34.7227 7.52853
34.8544 13.5489
34.9862 18.927
35.1179 23.2483
35.2497 26.1762
35.3815 27.7045
35.5132 28.0808
35.645 27.4916
35.7767 25.8512
35.9085 22.925
36.0402 18.6605
36.172 13.3851
36.3037 7.66397
36.4355 1.95531
36.5672 -3.60067
36.699 -9.06278
36.8307 -14.3681
36.9625 -19.1291
37.0942 -22.7483
37.226 -24.7569
37.3577 -25.0928
37.4895 -24.1093
37.6212 -22.3388
37.753 -20.2081
37.8847 -17.88
38.0165 -15.258
38.1483 -12.0897
38.28 -8.10576
38.4118 -3.17824
38.5435 2.51913
38.6753 8.42432
38.807 13.6727
38.9388 17.3774
39.0705 18.9898
39.2023 18.5423
39.334 16.633
39.4658 14.1624
39.5975 11.9722
39.7293 10.5622
39.861 9.99375
39.9928 9.97847
40.1245 10.0772
40.2563 9.90539
40.388 9.25183
40.5198 8.06641
40.6515 6.34902
40.7833 4.04183
40.915 1.0289
41.0468 -2.73944
41.1786 -7.09767
41.3103 -11.6316
41.4421 -15.8121
41.5738 -19.1989
41.7056 -21.5516
41.8373 -22.7721
41.9691 -22.7712
42.1008 -21.4277
42.2326 -18.7129
42.3643 -14.8648
42.4961 -10.4143
42.6278 -5.98123
42.7596 -1.9799
42.8913 1.52425
43.0231 4.68665
43.1548 7.61141
43.2866 10.1941
43.4183 12.223
43.5501 13.6247
43.6818 14.5941
43.8136 15.4496
43.9454 16.328
44.0771 16.9928
44.2089 16.9465
44.3406 15.7682
44.4724 13.4077
44.6041 10.2175
44.7359 6.73397
44.8676 3.40826
44.9994 0.477308
45.1311 -2.00083
45.2629 -4.05906
45.3946 -5.77911
45.5264 -7.28091
45.6581 -8.66898
45.7899 -9.92719
45.9216 -10.8614
46.0534 -11.1953
46.1851 -10.7927
46.3169 -9.83348
46.4486 -8.77096
46.5804 -8.06867
46.7121 -7.90796
46.8439 -8.08769
46.9757 -8.17783
47.1074 -7.7849
47.2392 -6.72655
47.3709 -5.03183
47.5027 -2.84781
47.6344 -0.379917
47.7662 2.10465
47.8979 4.29372
48.0297 5.94103
48.1614 7.01938
48.2932 7.76645
48.4249 8.53044
48.5567 9.5015
48.6884 10.5434
48.8202 11.2799
48.9519 11.3777
49.0837 10.7972
49.2154 9.80462
49.3472 8.74752
49.4789 7.79008
49.6107 6.82631
49.7425 5.62219
49.8742 4.04443
50.006 2.18039
50.1377 0.267512
50.2695 -1.48504
50.4012 -3.02966
50.533 -4.47716
50.6647 -5.98285
50.7965 -7.61555
50.9282 -9.28832
51.06 -10.7732
51.1917 -11.7806
51.3235 -12.0692
51.4552 -11.5494
51.587 -10.3326
51.7187 -8.69285
51.8505 -6.94796
51.9822 -5.32596
52.114 -3.89919
52.2457 -2.61934
52.3775 -1.40905
52.5093 -0.227963
52.641 0.930206
52.7728 2.07944
52.9045 3.2567
53.0363 4.48432
53.168 5.72017
53.2998 6.85751
53.4315 7.78602
53.5633 8.45788
53.695 8.89231
53.8268 9.11424
53.9585 9.09333
54.0903 8.75185
54.222 8.03861
54.3538 6.99513
54.4855 5.74535
54.6173 4.41932
54.749 3.09011
54.8808 1.78771
55.0125 0.566972
55.1443 -0.45843
55.276 -1.17498
55.4078 -1.5793
55.5396 -1.82914
55.6713 -2.16579
55.8031 -2.75491
55.9348 -3.57495
56.0666 -4.4462
56.1983 -5.1719
56.3301 -5.66943
56.4618 -5.9892
56.5936 -6.22728
56.7253 -6.42615
56.8571 -6.54917
56.9888 -6.52849
57.1206 -6.3182
57.2523 -5.89818
57.3841 -5.24304
57.5158 -4.31356
57.6476 -3.09801
57.7793 -1.66558
57.9111 -0.168707
58.0428 1.22336
58.1746 2.40961
58.3064 3.39198
58.4381 4.24009
58.5699 5.02882
58.7016 5.80199
58.8334 6.56924
58.9651 7.29959
59.0969 7.89036
59.2286 8.14761
59.3604 7.8432
59.4921 6.86248
59.6239 5.35997
59.7556 3.7909
59.8874 2.74528
60.0191 2.64401
60.1509 3.4623
60.2826 4.6453
60.4144 5.28208
60.5461 4.47878
60.6779 1.7855
60.8096 -2.49778
60.9414 -7.2911
61.0732 -11.0589
61.2049 -12.422
61.3367 -10.8126
61.4684 -6.82481
61.6002 -2.01549
61.7319 1.79987
61.8637 3.38387
61.9954 2.56856
62.1272 0.137791
62.2589 -2.75931
62.3907 -5.23298
62.5224 -6.92333
62.6542 -7.84509
62.7859 -8.0618
62.9177 -7.51558
63.0494 -6.12744
63.1812 -4.00726
63.3129 -1.52345
63.4447 0.859741
63.5764 2.83703
63.7082 4.38444
63.8399 5.65615
63.9717 6.76921
64.1035 7.67355
64.2352 8.20268
64.367 8.22796
64.4987 7.76358
64.6305 6.94507
64.7622 5.93472
64.894 4.85794
65.0257 3.81093
65.1575 2.88871
65.2892 2.16775
65.421 1.64829
65.5527 1.22837
65.6845 0.762508
65.8162 0.16961
65.948 -0.506708
66.0797 -1.14446
66.2115 -1.65315
66.3432 -2.04239
66.475 -2.38849
66.6067 -2.74282
66.7385 -3.08212
66.8703 -3.35177
67.002 -3.54943
67.1338 -3.74938
67.2655 -4.02752
67.3973 -4.35401
67.529 -4.56429
67.6608 -4.45211
67.7925 -3.91467
67.9243 -3.02951
68.056 -2.00337
68.1878 -1.04342
68.3195 -0.257512
68.4513 0.352228
68.583 0.828619
68.7148 1.20491
68.8465 1.49974
68.9783 1.74079
69.11 1.97023
69.2418 2.21679
69.3735 2.46613
69.5053 2.66726
69.6371 2.77426
69.7688 2.78499
69.9006 2.74266
70.0323 2.70587
70.1641 2.71981
70.2958 2.80886
70.4276 2.97841
70.5593 3.20433
70.6911 3.4153
70.8228 3.50124
70.9546 3.36713
71.0863 3.00202
71.2181 2.49907
71.3498 1.99276
71.4816 1.55382
71.6133 1.13101
71.7451 0.596274
71.8768 -0.140923
72.0086 -1.04774
72.1403 -1.98322
72.2721 -2.79546
72.4038 -3.41178
72.5356 -3.85002
72.6674 -4.16039
72.7991 -4.3682
72.9309 -4.47046
73.0626 -4.46906
73.1944 -4.38212
73.3261 -4.20822
73.4579 -3.88598
73.5896 -3.31418
73.7214 -2.44038
73.8531 -1.34509
73.9849 -0.232551
74.1166 0.684381
74.2484 1.31743
74.3801 1.74231
74.5119 2.11266
74.6436 2.52755
74.7754 2.96769
74.9071 3.34479
75.0389 3.60211
75.1706 3.76538
75.3024 3.90247
75.4342 4.0428
75.5659 4.13953
75.6977 4.10603
75.8294 3.88287
75.9612 3.47132
76.0929 2.9161
76.2247 2.27398
76.3564 1.60617
76.4882 0.986442
76.6199 0.486553
76.7517 0.116902
76.8834 -0.165053
77.0152 -0.466397
77.1469 -0.88636
77.2787 -1.36294
77.4104 -1.75324
77.5422 -1.92212
77.6739 -1.93864
77.8057 -1.9518
77.9374 -2.16992
78.0692 -2.61676
78.201 -3.09857
78.3327 -3.35392
78.4645 -3.23897
78.5962 -2.80201
78.728 -2.28033
78.8597 -1.78355
78.9915 -1.3342
79.1232 -0.840949
79.255 -0.166545
79.3867 0.639598
79.5185 1.38813
79.6502 1.91807
79.782 2.24411
79.9137 2.32906
80.0455 2.22395
80.1772 1.96391
80.309 1.5928
80.4407 1.15452
80.5725 0.744859
80.7042 0.437265
80.836 0.341652
80.9677 0.514519
81.0995 0.859406
81.2313 1.34635
81.363 1.8759
81.4948 2.28908
81.6265 2.43144
81.7583 2.24223
81.89 1.7883
82.0218 1.28024
82.1535 0.800123
82.2853 0.486603
82.417 0.1927
82.5488 -0.211391
82.6805 -0.71828
82.8123 -1.14315
82.944 -1.29006
83.0758 -1.20681
83.2075 -1.00429
83.3393 -0.886401
83.471 -0.983349
83.6028 -1.22325
83.7345 -1.46937
83.8663 -1.66193
83.9981 -1.7062
84.1298 -1.65663
84.2616 -1.44088
84.3933 -1.02365
84.5251 -0.452946
84.6568 0.204262
84.7886 0.82797
84.9203 1.29422
85.0521 1.50846
85.1838 1.44818
85.3156 1.22884
85.4473 0.888042
85.5791 0.511421
85.7108 0.226953
85.8426 0.0648783
85.9743 0.127354
86.1061 0.316243
86.2378 0.557681
86.3696 0.679583
86.5013 0.741366
86.6331 0.713439
86.7649 0.710142
86.8966 0.674875
87.0284 0.634192
87.1601 0.657583
87.2919 0.645656
87.4236 0.555978
87.5554 0.496427
87.6871 0.457012
87.8189 0.416924
87.9506 0.31973
88.0824 0.198023
88.2141 0.0389793
88.3459 -0.0777792
88.4776 -0.120025
88.6094 -0.112092
88.7411 -0.16155
88.8729 -0.224527
89.0046 -0.250385
89.1364 -0.173759
89.2681 -0.167572
89.3999 -0.271077
89.5316 -0.47583
89.6634 -0.656588
89.7952 -0.682515
89.9269 -0.491969
90.0587 -0.303606
90.1904 -0.172653
90.3222 -0.114956
90.4539 -0.110665
90.5857 -0.120179
90.7174 -0.000455588
90.8492 0.187214
90.9809 0.428314
91.1127 0.620028
91.2444 0.761977
91.3762 0.826466
91.5079 0.851225
91.6397 0.755553
91.7714 0.589169
91.9032 0.32459
92.0349 0.125165
92.1667 0.0114551
92.2984 -0.0712795
92.4302 -0.133485
92.562 -0.10203
92.6937 -0.136851
92.8255 -0.150698
92.9572 -0.0733315
93.089 0.102952
93.2207 0.361196
93.3525 0.60318
93.4842 0.723756
93.616 0.719709
93.7477 0.593138
93.8795 0.447035
94.0112 0.237516
94.143 0.0109357
94.2747 -0.158569
94.4065 -0.243896
94.5382 -0.203152
94.67 -0.0943227
94.8017 -0.037854
94.9335 -0.0444562
95.0652 -0.0352784
95.197 0.0190082
95.3288 0.126836
95.4605 0.128666
95.5923 0.0819434
95.724 -0.0176812
95.8558 -0.161573
95.9875 -0.224248
96.1193 -0.226862
96.251 -0.176066
96.3828 -0.155978
96.5145 -0.213323
96.6463 -0.303558
96.778 -0.339752
96.9098 -0.308766
97.0415 -0.214889
97.1733 -0.103064
97.305 0.0547237
97.4368 0.21764
97.5685 0.343484
97.7003 0.427617
97.832 0.496012
97.9638 0.412366
98.0955 0.279413
98.2273 0.196757
98.3591 0.0555375
98.4908 0.0480537
98.6226 0.0566632
98.7543 0.0392078
98.8861 0.0473495
99.0178 0.0933967
99.1496 0.184609
99.2813 0.226816
99.4131 0.24697
99.5448 0.120887
99.6766 -0.0161869
99.8083 -0.0863721
99.9401 -0.0580611
100.072 -0.0167308
100.204 0.080832
100.335 0.169105
100.467 0.200735
100.599 0.208125
100.731 0.154013
100.862 0.0703929
100.994 -0.0659122
101.126 -0.201962
101.258 -0.270462
101.389 -0.270399
101.521 -0.242644
101.653 -0.22086
101.785 -0.272136
101.916 -0.277397
102.048 -0.262614
102.18 -0.152029
102.312 0.0080704
102.443 0.0697451
102.575 0.107478
102.707 0.158827
102.839 0.121884
102.97 0.128618
103.102 0.147759
103.234 0.129448
103.366 0.094
103.497 0.012333
103.629 -0.0448773
103.761 -0.0141278
103.893 0.108228
104.024 0.217564
104.156 0.243582
104.288 0.249295
104.42 0.222006
104.551 0.17541
104.683 0.134992
104.815 0.098997
104.947 0.011759
105.078 -0.0689917
105.21 -0.120765
105.342 -0.13409
105.474 -0.118652
105.605 -0.0627653
105.737 -0.0882445
105.869 -0.0905792
106.001 -0.0399452
106.132 0.0115651
106.264 0.0659741
106.396 0.075257
106.528 0.0758516
106.659 0.100045
106.791 0.09772
106.923 0.100572
107.055 0.0732283
107.186 0.0374649
107.318 -0.0240427
107.45 -0.0700937
107.582 -0.03666
107.713 -0.0766694
107.845 -0.0601677
107.977 -0.0202233
108.109 0.0155731
108.24 0.0416445
108.372 0.0360161
108.504 0.0299825
108.636 0.0023913
108.767 0.00256314
108.899 0.00456572
109.031 0.0106738
109.163 0.0179177
109.294 0.0212854
109.426 0.00860089
109.558 0.011784
109.69 0.0111196
109.822 0.01164
109.953 0.0145688
110.085 0.0190836
110.217 0.0118533
110.349 0.0118533
110.48 0.0118533
110.612 0.0118533
110.744 0.0118533
110.876 0.0118533
111.007 0.0118533
111.139 0.0118533
111.271 0.0118533
111.403 0.0118533
111.534 0.0118533
111.666 0.0118533
111.798 0.0118533
111.93 0.0118533
112.061 0.0118533
112.193 0.0118533
112.325 0.0118533
112.457 0.0118533
112.588 0.0118533
112.72 0.0118533
112.852 0.0118533
112.984 0.0118533
113.115 0.0118533
113.247 0.0118533
113.379 0.0118533
113.511 0.0118533
113.642 0.0118533
113.774 0.0118533
113.906 0.0118533
114.038 0.0118533
114.169 0.0118533
114.301 0.0118533
114.433 0.0118533
114.565 0.0118533
114.696 0.0118533
114.828 0.0118533
114.96 0.0118533
115.092 0.0118533
115.223 0.0118533
115.355 0.0118533
115.487 0.0118533
115.619 0.0118533
115.75 0.0118533
115.882 0.0118533
116.014 0.0118533
116.146 0.0118533
116.277 0.0118533
116.409 0.0118533
116.541 0.0118533
116.673 0.0118533
116.804 0.0118533
116.936 0.0118533
117.068 0.0118533
117.2 0.0118533
117.331 0.0118533
117.463 0.0118533
117.595 0.0118533
117.727 0.0118533
117.858 0.0118533
117.99 0.0118533
118.122 0.0118533
118.254 0.0118533
118.385 0.0118533
118.517 0.0118533
118.649 0.0118533
118.781 0.0118533
118.912 0.0118533
119.044 0.0118533
119.176 0.0118533
119.308 0.0118533
119.439 0.0118533
119.571 0.0118533
119.703 0.0118533
119.835 0.0118533
119.966 0.0118533
120.098 0.0118533
120.23 0.0118533
120.362 0.0118533
120.493 0.0118533
120.625 0.0118533
120.757 0.0118533
120.889 0.0118533
121.02 0.0118533
121.152 0.0118533
121.284 0.0118533
121.416 0.0118533
121.547 0.0118533
121.679 0.0118533
121.811 0.0118533
121.943 0.0118533
122.074 0.0118533
122.206 0.0118533
122.338 0.0118533
122.47 0.0118533
122.601 0.0118533
122.733 0.0118533
122.865 0.0118533
122.997 0.0118533
123.128 0.0118533
123.26 0.0118533
123.392 0.0118533
123.524 0.0118533
123.655 0.0118533
123.787 0.0118533
123.919 0.0118533
124.051 0.0118533
124.183 0.0118533
124.314 0.0118533
124.446 0.0118533
124.578 0.0118533
124.71 0.0118533
124.841 0.0118533
124.973 0.0118533
125.105 0.0118533
125.237 0.0118533
125.368 0.0118533
125.5 0.0118533
125.632 0.0118533
125.764 0.0118533
125.895 0.0118533
126.027 0.0118533
126.159 0.0118533
126.291 0.0118533
126.422 0.0118533
126.554 0.0118533
126.686 0.0118533
126.818 0.0118533
126.949 0.0118533
127.081 0.0118533
127.213 0.0118533
127.345 0.0118533
127.476 0.0118533
127.608 0.0118533
127.74 0.0118533
127.872 0.0118533
128.003 0.0118533
128.135 0.0118533
128.267 0.0118533
128.399 0.0118533
128.53 0.0118533
128.662 0.0118533
128.794 0.0118533
128.926 0.0118533
129.057 0.0118533
129.189 0.0118533
129.321 0.0118533
129.453 0.0118533
129.584 0.0118533
129.716 0.0118533
129.848 0.0118533
129.98 0.0118533
130.111 0.0118533
130.243 0.0118533
130.375 0.0118533
130.507 0.0118533
130.638 0.0118533
