-6.30435 0.0788159
-6.1726 0.170486
-6.04085 0.270217
-5.9091 0.30049
-5.77735 0.292586
-5.64559 0.270756
-5.51384 0.200445
-5.38209 0.193201
-5.25034 0.154301
-5.11858 0.106768
-4.98683 0.0463248
-4.85508 0.0885746
-4.72333 0.203216
-4.59157 0.292521
-4.45982 0.357166
-4.32807 0.293102
-4.19632 0.0804118
-4.06457 -0.085308
-3.93281 -0.188118
-3.80106 -0.243391
-3.66931 -0.19194
-3.53756 -0.0690118
-3.4058 0.0446351
-3.27405 0.174847
-3.1423 0.224915
-3.01055 0.179795
-2.87879 -0.0239969
-2.74704 -0.226746
-2.61529 -0.333489
-2.48354 -0.23894
-2.35179 0.0448306
-2.22003 0.373894
-2.08828 0.683605
-1.95653 0.872201
-1.82478 0.912999
-1.69302 0.824964
-1.56127 0.60056
-1.42952 0.25216
-1.29777 -0.0975443
-1.16601 -0.366683
-1.03426 -0.436066
-0.90251 -0.249704
-0.770758 0.080102
-0.639006 0.317749
-0.507253 0.415796
-0.375501 0.369011
-0.243749 0.334606
-0.111996 0.348403
0.0197559 0.42161
0.151508 0.485918
0.28326 0.455306
0.415013 0.486548
0.546765 0.564801
0.678517 0.603807
0.81027 0.526036
0.942022 0.299431
1.07377 -0.0963625
1.20553 -0.452836
1.33728 -0.639001
1.46903 -0.602267
1.60078 -0.375838
1.73254 -0.0515457
1.86429 0.185069
1.99604 0.310613
2.12779 0.319329
2.25955 0.202386
2.3913 0.0242211
2.52305 -0.167881
2.6548 -0.19834
2.78655 -0.00943225
2.91831 0.33504
3.05006 0.710283
3.18181 0.895561
3.31356 0.905467
3.44532 0.763905
3.57707 0.565614
3.70882 0.381664
3.84057 0.195911
3.97233 0.00408436
4.10408 -0.166028
4.23583 -0.252833
4.36758 -0.174974
4.49933 0.00669997
4.63109 0.193393
4.76284 0.260187
4.89459 0.21943
5.02634 0.140975
5.1581 0.0685054
5.28985 0.0477812
5.4216 0.0577472
5.55335 0.0732231
5.68511 0.120133
5.81686 0.209863
5.94861 0.339691
6.08036 0.450837
6.21211 0.479899
6.34387 0.408636
6.47562 0.296706
6.60737 0.185621
6.73912 0.0720974
6.87088 -0.0781791
7.00263 -0.256653
7.13438 -0.369505
7.26613 -0.293526
7.39788 0.00491176
7.52964 0.403274
7.66139 0.69045
7.79314 0.724213
7.92489 0.539102
8.05665 0.302933
8.1884 0.161751
8.32015 0.12077
8.4519 0.0728107
8.58366 -0.0616268
8.71541 -0.23016
8.84716 -0.290148
8.97891 -0.155758
9.11066 0.100508
9.24242 0.30007
9.37417 0.31836
9.50592 0.197212
9.63767 0.100435
9.76943 0.158429
9.90118 0.354222
10.0329 0.555458
10.1647 0.647647
10.2964 0.627982
10.4282 0.5716
10.5599 0.522251
10.6917 0.436558
10.8234 0.245556
10.9552 -0.0372924
11.0869 -0.288597
11.2187 -0.370572
11.3505 -0.257024
11.4822 -0.058201
11.614 0.0847225
11.7457 0.127769
11.8775 0.142697
12.0092 0.210754
12.141 0.311833
12.2727 0.33642
12.4045 0.214738
12.5362 0.0239447
12.668 -0.0538904
12.7997 0.10203
12.9315 0.422272
13.0632 0.690879
13.195 0.728699
13.3267 0.542655
13.4585 0.300271
13.5902 0.163119
13.722 0.149621
13.8537 0.157071
13.9855 0.100878
14.1173 0.00928057
14.249 -0.0295498
14.3808 6.76576e-05
14.5125 -0.00751303
14.6443 -0.170696
14.776 -0.461896
14.9078 -0.679798
15.0395 -0.60956
15.1713 -0.227554
15.303 0.256075
15.4348 0.571918
15.5665 0.619387
15.6983 0.52686
15.83 0.491221
15.9618 0.569211
16.0935 0.639214
16.2253 0.567759
16.357 0.392294
16.4888 0.309082
16.6205 0.463257
16.7523 0.760152
16.8841 0.912124
17.0158 0.696556
17.1476 0.173346
17.2793 -0.361883
17.4111 -0.647489
17.5428 -0.67656
17.6746 -0.6464
17.8063 -0.699499
17.9381 -0.741669
18.0698 -0.542719
18.2016 -0.0180792
18.3333 0.618592
18.4651 1.01887
18.5968 1.02842
18.7286 0.835778
18.8603 0.766892
18.9921 0.926643
19.1238 1.07085
19.2556 0.868348
19.3873 0.295242
19.5191 -0.266873
19.6508 -0.373984
19.7826 0.0173164
19.9144 0.448322
20.0461 0.355019
20.1779 -0.417906
20.3096 -1.51084
20.4414 -2.45679
20.5731 -3.13474
20.7049 -3.69586
20.8366 -3.94011
20.9684 -2.82235
21.1001 1.12932
21.2319 8.43387
21.3636 17.2596
21.4954 23.2872
21.6271 21.3883
21.7589 8.40343
21.8906 -14.5256
22.0224 -41.4073
22.1541 -62.995
22.2859 -69.9022
22.4176 -56.1625
22.5494 -22.1258
22.6812 24.3682
22.8129 69.4687
22.9447 97.7161
23.0764 98.2036
23.2082 69.7741
23.3399 22.1845
23.4717 -28.0738
23.6034 -65.4287
23.7352 -82.0505
23.8669 -79.8547
23.9987 -66.8563
24.1304 -50.8612
24.2622 -35.0531
24.3939 -18.172
24.5257 1.76013
24.6574 23.8129
24.7892 43.6974
24.9209 56.5554
25.0527 60.2771
25.1844 56.4441
25.3162 48.3312
25.448 38.0312
25.5797 25.3522
25.7115 9.29199
25.8432 -9.54649
25.975 -28.0316
26.1067 -42.025
26.2385 -49.0129
26.3702 -49.5343
26.502 -46.2417
26.6337 -41.5524
26.7655 -35.9846
26.8972 -28.4818
27.029 -18.1603
27.1607 -5.72796
27.2925 6.69104
27.4242 17.022
27.556 24.5561
27.6877 29.9609
27.8195 34.1333
27.9512 37.0764
28.083 37.8363
28.2147 35.4499
28.3465 29.9315
28.4783 22.3839
28.61 14.2125
28.7418 6.23446
28.8735 -1.52438
29.0053 -9.27707
29.137 -16.7988
29.2688 -23.2899
29.4005 -27.8595
29.5323 -30.1241
29.664 -30.3678
29.7958 -29.1793
29.9275 -26.962
30.0593 -23.7621
30.191 -19.4954
30.3228 -14.275
30.4545 -8.50396
30.5863 -2.68247
30.718 2.843
30.8498 7.94668
30.9815 12.59
31.1133 16.6677
31.2451 19.9913
31.3768 22.3919
31.5086 23.7946
31.6403 24.1782
31.7721 23.4855
31.9038 21.6172
32.0356 18.5485
32.1673 14.4564
32.2991 9.71635
32.4308 4.74846
32.5626 -0.154118
32.6943 -4.86103
32.8261 -9.2856
32.9578 -13.2423
33.0896 -16.4313
33.2213 -18.5716
33.3531 -19.5652
33.4848 -19.5484
33.6166 -18.7999
33.7483 -17.5915
33.8801 -16.09
34.0119 -14.3379
34.1436 -12.2695
34.2754 -9.72499
34.4071 -6.49397
34.5389 -2.43834
34.6706 2.32312
34.8024 7.29283
34.9341 11.6748
35.0659 14.6767
35.1976 15.8792
35.3294 15.4392
35.4611 13.9913
35.5929 12.3109
35.7246 10.9563
35.8564 10.0978
35.9881 9.58942
36.1199 9.17729
36.2516 8.67651
36.3834 8.01599
36.5151 7.16804
36.6469 6.05776
36.7786 4.53911
36.9104 2.4582
37.0422 -0.243974
37.1739 -3.46175
37.3057 -6.93399
37.4374 -10.3236
37.5692 -13.3141
37.7009 -15.6655
37.8327 -17.2086
37.9644 -17.8128
38.0962 -17.3825
38.2279 -15.9086
38.3597 -13.535
38.4914 -10.5667
38.6232 -7.37741
38.7549 -4.26378
38.8867 -1.34829
39.0184 1.39082
39.1502 3.98905
39.2819 6.38044
39.4137 8.40422
39.5454 9.93092
39.6772 10.9912
39.809 11.778
39.9407 12.4977
40.0725 13.1833
40.2042 13.6235
40.336 13.4738
40.4677 12.4729
40.5995 10.6079
40.7312 8.12426
40.863 5.39668
40.9947 2.76627
41.1265 0.440921
41.2582 -1.51663
41.39 -3.14997
41.5217 -4.55887
41.6535 -5.84614
41.7852 -7.05779
41.917 -8.13584
42.0487 -8.92618
42.1805 -9.2609
42.3122 -9.07426
42.444 -8.46858
42.5758 -7.67314
42.7075 -6.91949
42.8393 -6.3228
42.971 -5.84908
43.1028 -5.37463
43.2345 -4.77516
43.3663 -3.97805
43.498 -2.96469
43.6298 -1.75811
43.7615 -0.42548
43.8933 0.919509
44.025 2.15216
44.1568 3.21328
44.2885 4.16911
44.4203 5.18215
44.552 6.38346
44.6838 7.73154
44.8155 8.97733
44.9473 9.7853
45.079 9.93554
45.2108 9.45861
45.3425 8.60084
45.4743 7.6483
45.6061 6.74505
45.7378 5.83808
45.8696 4.77509
46.0013 3.46265
46.1331 1.95671
46.2648 0.423229
46.3966 -0.987658
46.5283 -2.25005
46.6601 -3.47259
46.7918 -4.80745
46.9236 -6.32417
47.0553 -7.93098
47.1871 -9.38984
47.3188 -10.4136
47.4506 -10.7896
47.5823 -10.464
47.7141 -9.54769
47.8458 -8.24821
47.9776 -6.77143
48.1093 -5.25088
48.2411 -3.73736
48.3729 -2.23927
48.5046 -0.772256
48.6364 0.62152
48.7681 1.89195
48.8999 3.01263
49.0316 3.9941
49.1634 4.8687
49.2951 5.66275
49.4269 6.37808
49.5586 6.99029
49.6904 7.45474
49.8221 7.71211
49.9539 7.69765
50.0856 7.36407
50.2174 6.71422
50.3491 5.82102
50.4809 4.81104
50.6126 3.81386
50.7444 2.90995
50.8761 2.11438
51.0079 1.40427
51.1397 0.759876
51.2714 0.179695
51.4032 -0.340803
51.5349 -0.837995
51.6667 -1.37787
51.7984 -2.01499
51.9302 -2.74646
52.0619 -3.50464
52.1937 -4.19936
52.3254 -4.77514
52.4572 -5.23465
52.5889 -5.61122
52.7207 -5.9185
52.8524 -6.12373
52.9842 -6.16562
53.1159 -5.99651
53.2477 -5.61001
53.3794 -5.03417
53.5112 -4.30399
53.6429 -3.44137
53.7747 -2.45634
53.9064 -1.35976
54.0382 -0.170865
54.17 1.08366
54.3017 2.36827
54.4335 3.62855
54.5652 4.78347
54.697 5.73802
54.8287 6.41765
54.9605 6.80029
55.0922 6.91516
55.224 6.80424
55.3557 6.4801
55.4875 5.9256
55.6192 5.14958
55.751 4.25929
55.8827 3.481
56.0145 3.0827
56.1462 3.21744
56.278 3.76885
56.4097 4.30104
56.5415 4.17675
56.6732 2.82728
56.805 0.0694417
56.9368 -3.68776
57.0685 -7.48565
57.2003 -10.1442
57.332 -10.7611
57.4638 -9.14425
57.5955 -5.93912
57.7273 -2.35572
57.859 0.373392
57.9908 1.51333
58.1225 1.05035
58.2543 -0.464882
58.386 -2.30338
58.5178 -3.90829
58.6495 -5.02176
58.7813 -5.59223
58.913 -5.6161
59.0448 -5.06867
59.1765 -3.95608
59.3083 -2.39675
59.44 -0.623742
59.5718 1.11084
59.7036 2.64771
59.8353 3.95263
59.9671 5.05069
60.0988 5.9355
60.2306 6.54198
60.3623 6.8029
60.4941 6.72503
60.6258 6.40341
60.7576 5.95473
60.8893 5.43148
61.0211 4.79943
61.1528 4.00345
61.2846 3.06404
61.4163 2.11523
61.5481 1.34128
61.6798 0.853816
61.8116 0.601064
61.9433 0.379398
62.0751 -0.0559901
62.2068 -0.850333
62.3386 -1.96223
62.4703 -3.17565
62.6021 -4.19787
62.7339 -4.78906
62.8656 -4.86156
62.9974 -4.5077
63.1291 -3.94913
63.2609 -3.43364
63.3926 -3.12726
63.5244 -3.05081
63.6561 -3.08926
63.7879 -3.06524
63.9196 -2.83559
64.0514 -2.35893
64.1831 -1.70173
64.3149 -0.987284
64.4466 -0.324211
64.5784 0.241437
64.7101 0.726092
64.8419 1.1697
64.9736 1.59116
65.1054 1.97107
65.2371 2.27132
65.3689 2.47165
65.5007 2.59081
65.6324 2.67404
65.7642 2.75827
65.8959 2.84664
66.0277 2.91646
66.1594 2.95417
66.2912 2.98377
66.4229 3.05777
66.5547 3.21181
66.6864 3.41915
66.8182 3.58548
66.9499 3.59315
67.0817 3.36212
67.2134 2.88237
67.3452 2.1983
67.4769 1.36813
67.6087 0.43865
67.7404 -0.545732
67.8722 -1.51881
68.0039 -2.38884
68.1357 -3.06932
68.2675 -3.52183
68.3992 -3.77389
68.531 -3.89709
68.6627 -3.96573
68.7945 -4.02917
68.9262 -4.10945
69.058 -4.20634
69.1897 -4.28795
69.3215 -4.27269
69.4532 -4.03461
69.585 -3.45523
69.7167 -2.50178
69.8485 -1.27492
69.9802 0.0194933
70.112 1.16369
70.2437 2.02291
70.3755 2.5784
70.5072 2.88898
70.639 3.02892
70.7707 3.05815
70.9025 3.03608
71.0342 3.04014
71.166 3.14716
71.2978 3.38135
71.4295 3.67857
71.5613 3.91212
71.693 3.97065
71.8248 3.82723
71.9565 3.54164
72.0883 3.19533
72.22 2.8167
72.3518 2.35528
72.4835 1.74827
72.6153 0.95758
72.747 0.0256261
72.8788 -0.942247
73.0105 -1.81765
73.1423 -2.49005
73.274 -2.8628
73.4058 -2.91318
73.5375 -2.68468
73.6693 -2.30608
73.801 -2.04666
73.9328 -2.02735
74.0646 -2.26559
74.1963 -2.67967
74.3281 -3.05574
74.4598 -3.22081
74.5916 -3.10194
74.7233 -2.71747
74.8551 -2.1828
74.9868 -1.49099
75.1186 -0.767347
75.2503 -0.0214885
75.3821 0.695945
75.5138 1.2615
75.6456 1.59721
75.7773 1.77237
75.9091 1.86159
76.0408 1.92444
76.1726 1.94573
76.3043 1.95682
76.4361 1.91362
76.5678 1.77956
76.6996 1.76741
76.8314 1.78018
76.9631 1.85469
77.0949 1.89523
77.2266 1.85342
77.3584 1.79051
77.4901 1.64874
77.6219 1.42847
77.7536 1.11176
77.8854 0.811686
78.0171 0.559839
78.1489 0.390354
78.2806 0.27739
78.4124 0.0957338
78.5441 -0.217591
78.6759 -0.609492
78.8076 -0.932307
78.9394 -1.18123
79.0711 -1.2894
79.2029 -1.31345
79.3346 -1.4541
79.4664 -1.6167
79.5981 -1.80527
79.7299 -1.83671
79.8617 -1.6861
79.9934 -1.41912
80.1252 -1.18272
80.2569 -1.00913
80.3887 -0.925941
80.5204 -0.867728
80.6522 -0.728077
80.7839 -0.488281
80.9157 -0.234691
81.0474 0.0551983
81.1792 0.348924
81.3109 0.613277
81.4427 0.874037
81.5744 1.12469
81.7062 1.35529
81.8379 1.57959
81.9697 1.74082
82.1014 1.80648
82.2332 1.78044
82.3649 1.63398
82.4967 1.36782
82.6285 1.1105
82.7602 0.899324
82.892 0.81491
83.0237 0.761736
83.1555 0.721817
83.2872 0.624795
83.419 0.450075
83.5507 0.256916
83.6825 0.103468
83.8142 0.0125373
83.946 -0.0982165
84.0777 -0.244924
84.2095 -0.478224
84.3412 -0.747323
84.473 -1.00434
84.6047 -1.1406
84.7365 -1.15889
84.8682 -1.03566
85 -0.851332
85.1317 -0.644297
85.2635 -0.495918
85.3952 -0.445653
85.527 -0.452399
85.6588 -0.462693
85.7905 -0.469292
85.9223 -0.401489
86.054 -0.26592
86.1858 -0.152273
86.3175 -0.0469301
86.4493 0.061641
86.581 0.165086
86.7128 0.267245
86.8445 0.311684
86.9763 0.307244
87.108 0.326312
87.2398 0.298322
87.3715 0.361693
87.5033 0.504041
87.635 0.631929
87.7668 0.70829
87.8985 0.736963
88.0303 0.680968
88.162 0.655492
88.2938 0.641397
88.4256 0.608475
88.5573 0.547993
88.6891 0.46297
88.8208 0.346884
88.9526 0.233315
89.0843 0.164185
89.2161 0.0508912
89.3478 -0.0599572
89.4796 -0.217507
89.6113 -0.36435
89.7431 -0.416131
89.8748 -0.339796
90.0066 -0.205655
90.1383 -0.0843682
90.2701 -0.0436462
90.4018 -0.106432
90.5336 -0.192195
90.6653 -0.302135
90.7971 -0.360912
90.9288 -0.346151
91.0606 -0.309942
91.1924 -0.232209
91.3241 -0.190741
91.4559 -0.157313
91.5876 -0.217693
91.7194 -0.347675
91.8511 -0.382726
91.9829 -0.299395
92.1146 -0.0993857
92.2464 0.0833295
92.3781 0.221243
92.5099 0.24998
92.6416 0.279175
92.7734 0.315564
92.9051 0.353619
93.0369 0.356054
93.1686 0.336207
93.3004 0.205704
93.4321 0.0664003
93.5639 0.0277787
93.6956 0.0354833
93.8274 0.131287
93.9591 0.185747
94.0909 0.196024
94.2227 0.161488
94.3544 0.137817
94.4862 0.191982
94.6179 0.168587
94.7497 0.107315
94.8814 0.00259409
95.0132 -0.0443842
95.1449 -0.0576743
95.2767 -0.0155686
95.4084 0.0621905
95.5402 0.0390953
95.6719 -0.027445
95.8037 -0.045869
95.9354 -0.0884793
96.0672 -0.0880222
96.1989 -0.0213256
96.3307 0.0187458
96.4624 0.0378235
96.5942 0.0926485
96.7259 0.106176
96.8577 0.0899111
96.9895 -0.0056802
97.1212 -0.0848575
97.253 -0.161951
97.3847 -0.153899
97.5165 -0.0774328
97.6482 0.0165682
97.78 0.107523
97.9117 0.108163
98.0435 0.0594124
98.1752 0.00600342
98.307 -0.0390942
98.4387 -0.0575524
98.5705 -0.0405518
98.7022 -0.0286125
98.834 0.0322503
98.9657 0.129297
99.0975 0.193145
99.2292 0.194768
99.361 0.193967
99.4927 0.147749
99.6245 0.102818
99.7563 0.0178846
99.888 -0.0514439
100.02 -0.100487
100.152 -0.0941135
100.283 0.0258718
100.415 0.0957504
100.547 0.110488
100.679 0.0933285
100.81 0.0416105
100.942 -0.0388421
101.074 -0.0514212
101.206 -0.0546807
101.337 -0.0453861
101.469 -0.0344569
101.601 -0.045699
101.733 -0.0884045
101.864 -0.0661792
101.996 -0.0171154
102.128 0.0206305
102.26 0.0363571
102.391 0.00424359
102.523 -0.00804244
102.655 -0.0296716
102.787 -0.0367989
102.918 -0.0206167
103.05 -0.0234709
103.182 0.00795016
103.314 0.000349216
103.445 -0.00435354
103.577 0.00752876
103.709 0.0207754
103.841 0.0356042
103.972 0.0318801
104.104 0.0164769
104.236 0.014326
104.368 0.00360758
104.499 0.00868719
104.631 0.0111394
104.763 0.0276126
104.895 0.0265096
105.026 0.00593806
105.158 0.00434589
105.29 0.005412
105.422 0.00736293
105.553 0.0124164
105.685 0.00744765
105.817 0.00771125
105.949 0.00660002
106.08 0.00419842
106.212 0.00134158
106.344 0.00654298
106.476 0.00654298
106.607 0.00654298
106.739 0.00654298
106.871 0.00654298
107.003 0.00654298
107.134 0.00654298
107.266 0.00654298
107.398 0.00654298
107.53 0.00654298
107.661 0.00654298
107.793 0.00654298
107.925 0.00654298
108.057 0.00654298
108.188 0.00654298
108.32 0.00654298
108.452 0.00654298
108.584 0.00654298
108.715 0.00654298
108.847 0.00654298
108.979 0.00654298
109.111 0.00654298
109.242 0.00654298
109.374 0.00654298
109.506 0.00654298
109.638 0.00654298
109.769 0.00654298
109.901 0.00654298
110.033 0.00654298
110.165 0.00654298
110.296 0.00654298
110.428 0.00654298
110.56 0.00654298
110.692 0.00654298
110.823 0.00654298
110.955 0.00654298
111.087 0.00654298
111.219 0.00654298
111.35 0.00654298
111.482 0.00654298
111.614 0.00654298
111.746 0.00654298
111.877 0.00654298
112.009 0.00654298
112.141 0.00654298
112.273 0.00654298
112.404 0.00654298
112.536 0.00654298
112.668 0.00654298
112.8 0.00654298
112.931 0.00654298
113.063 0.00654298
113.195 0.00654298
113.327 0.00654298
113.458 0.00654298
113.59 0.00654298
113.722 0.00654298
113.854 0.00654298
113.986 0.00654298
114.117 0.00654298
114.249 0.00654298
114.381 0.00654298
114.513 0.00654298
114.644 0.00654298
114.776 0.00654298
114.908 0.00654298
115.04 0.00654298
115.171 0.00654298
115.303 0.00654298
115.435 0.00654298
115.567 0.00654298
115.698 0.00654298
115.83 0.00654298
115.962 0.00654298
116.094 0.00654298
116.225 0.00654298
116.357 0.00654298
116.489 0.00654298
116.621 0.00654298
116.752 0.00654298
116.884 0.00654298
117.016 0.00654298
117.148 0.00654298
117.279 0.00654298
117.411 0.00654298
117.543 0.00654298
117.675 0.00654298
117.806 0.00654298
117.938 0.00654298
118.07 0.00654298
118.202 0.00654298
118.333 0.00654298
118.465 0.00654298
118.597 0.00654298
118.729 0.00654298
118.86 0.00654298
118.992 0.00654298
119.124 0.00654298
119.256 0.00654298
119.387 0.00654298
119.519 0.00654298
119.651 0.00654298
119.783 0.00654298
119.914 0.00654298
120.046 0.00654298
120.178 0.00654298
120.31 0.00654298
120.441 0.00654298
120.573 0.00654298
120.705 0.00654298
120.837 0.00654298
120.968 0.00654298
121.1 0.00654298
121.232 0.00654298
121.364 0.00654298
121.495 0.00654298
121.627 0.00654298
121.759 0.00654298
121.891 0.00654298
122.022 0.00654298
122.154 0.00654298
122.286 0.00654298
122.418 0.00654298
122.549 0.00654298
122.681 0.00654298
122.813 0.00654298
122.945 0.00654298
123.076 0.00654298
123.208 0.00654298
123.34 0.00654298
123.472 0.00654298
123.603 0.00654298
123.735 0.00654298
123.867 0.00654298
123.999 0.00654298
124.13 0.00654298
124.262 0.00654298
124.394 0.00654298
124.526 0.00654298
124.657 0.00654298
124.789 0.00654298
124.921 0.00654298
125.053 0.00654298
125.184 0.00654298
125.316 0.00654298
125.448 0.00654298
125.58 0.00654298
125.711 0.00654298
125.843 0.00654298
125.975 0.00654298
126.107 0.00654298
126.238 0.00654298
126.37 0.00654298
126.502 0.00654298
126.634 0.00654298
126.765 0.00654298
126.897 0.00654298
127.029 0.00654298
127.161 0.00654298
127.292 0.00654298
127.424 0.00654298
127.556 0.00654298
127.688 0.00654298
127.819 0.00654298
127.951 0.00654298
128.083 0.00654298
128.215 0.00654298
128.347 0.00654298
128.478 0.00654298
