-4.80714 0.21517
-4.67539 0.208197
-4.54363 0.148048
-4.41188 0.0877373
-4.28013 0.0338933
-4.14838 -0.0282101
-4.01662 -0.0825335
-3.88487 -0.0912271
-3.75312 -0.124414
-3.62137 -0.123958
-3.48961 -0.0508215
-3.35786 0.067297
-3.22611 0.176723
-3.09436 0.280916
-2.96261 0.301711
-2.83085 0.258985
-2.6991 0.184562
-2.56735 0.120694
-2.4356 0.0389652
-2.30384 -0.0467558
-2.17209 -0.153719
-2.04034 -0.267645
-1.90859 -0.325473
-1.77683 -0.296383
-1.64508 -0.162517
-1.51333 -0.00854667
-1.38158 0.155361
-1.24983 0.278709
-1.11807 0.368627
-0.986321 0.441957
-0.854568 0.451853
-0.722816 0.39371
-0.591064 0.281807
-0.459311 0.14627
-0.327559 0.0360954
-0.195807 -0.0439779
-0.0640545 -0.0665159
0.0676978 -0.0141007
0.19945 0.0954834
0.331202 0.227989
0.462955 0.331934
0.594707 0.37625
0.726459 0.352946
0.858212 0.219795
0.989964 0.0240511
1.12172 -0.153594
1.25347 -0.299376
1.38522 -0.322793
1.51697 -0.267358
1.64873 -0.190955
1.78048 -0.198184
1.91223 -0.168306
2.04398 -0.148454
2.17573 -0.0727702
2.30749 0.036038
2.43924 0.184233
2.57099 0.283207
2.70274 0.378467
2.8345 0.422587
2.96625 0.434915
3.098 0.421226
3.22975 0.406236
3.36151 0.329774
3.49326 0.264328
3.62501 0.206163
3.75676 0.125099
3.88851 0.0156948
4.02027 -0.114483
4.15202 -0.244497
4.28377 -0.282394
4.41552 -0.176186
4.54728 0.0539694
4.67903 0.260676
4.81078 0.369537
4.94253 0.363403
5.07429 0.244856
5.20604 0.167811
5.33779 0.106372
5.46954 0.116083
5.60129 0.0873086
5.73305 0.00513764
5.8648 0.0174864
5.99655 0.000236863
6.1283 -0.041594
6.26006 -0.0836758
6.39181 -0.14918
6.52356 -0.146712
6.65531 -0.0747921
6.78707 0.0486425
6.91882 0.201388
7.05057 0.295163
7.18232 0.277398
7.31407 0.200394
7.44583 0.196363
7.57758 0.241349
7.70933 0.352531
7.84108 0.444175
7.97284 0.494589
8.10459 0.479255
8.23634 0.441984
8.36809 0.372946
8.49985 0.256665
8.6316 0.0840564
8.76335 -0.0895455
8.8951 -0.210568
9.02685 -0.305076
9.15861 -0.34416
9.29036 -0.344167
9.42211 -0.303173
9.55386 -0.194237
9.68562 0.014836
9.81737 0.360839
9.94912 0.744342
10.0809 0.952949
10.2126 0.995924
10.3444 0.873661
10.4761 0.644636
10.6079 0.41799
10.7396 0.19196
10.8714 -0.0334272
11.0031 -0.286516
11.1349 -0.514712
11.2666 -0.620054
11.3984 -0.566962
11.5301 -0.464726
11.6619 -0.340756
11.7937 -0.218075
11.9254 -0.127646
12.0572 0.000351864
12.1889 0.20498
12.3207 0.454798
12.4524 0.646517
12.5842 0.776887
12.7159 0.820856
12.8477 0.796451
12.9794 0.749482
13.1112 0.739193
13.2429 0.708197
13.3747 0.66349
13.5064 0.596734
13.6382 0.526755
13.7699 0.438748
13.9017 0.207055
14.0334 -0.0469386
14.1652 -0.317925
14.2969 -0.490627
14.4287 -0.455861
14.5605 -0.280258
14.6922 -0.0981129
14.824 0.0271141
14.9557 -0.00278924
15.0875 -0.0759641
15.2192 -0.101795
15.351 -0.0878711
15.4827 -0.0313622
15.6145 -0.0168281
15.7462 0.016055
15.878 0.0772052
16.0097 0.203525
16.1415 0.375307
16.2732 0.446561
16.405 0.452296
16.5367 0.46237
16.6685 0.505138
16.8002 0.628723
16.932 0.739213
17.0637 0.803898
17.1955 0.740166
17.3272 0.590097
17.459 0.460231
17.5908 0.317038
17.7225 0.16517
17.8543 0.0209043
17.986 -0.111388
18.1178 -0.165855
18.2495 -0.067448
18.3813 0.133322
18.513 0.330799
18.6448 0.439908
18.7765 0.461938
18.9083 0.412261
19.04 0.358741
19.1718 0.265886
19.3035 0.13713
19.4353 -0.061623
19.567 -0.266453
19.6988 -0.39303
19.8305 -0.453409
19.9623 -0.471612
20.094 -0.524227
20.2258 -0.560756
20.3576 -0.523124
20.4893 -0.319096
20.6211 0.00350604
20.7528 0.338444
20.8846 0.584931
21.0163 0.704199
21.1481 0.772692
21.2798 0.869423
21.4116 0.994693
21.5433 1.07289
21.6751 1.03985
21.8068 0.918443
21.9386 0.797689
22.0703 0.734974
22.2021 0.687863
22.3338 0.555608
22.4656 0.294383
22.5973 -0.0142427
22.7291 -0.221507
22.8608 -0.246727
22.9926 -0.154848
23.1244 -0.093195
23.2561 -0.145263
23.3879 -0.246425
23.5196 -0.247601
23.6514 -0.0651977
23.7831 0.231133
23.9149 0.477944
24.0466 0.560941
24.1784 0.496685
24.3101 0.377697
24.4419 0.251282
24.5736 0.0705212
24.7054 -0.225811
24.8371 -0.592816
24.9689 -0.859871
25.1006 -0.853328
25.2324 -0.551136
25.3641 -0.114846
25.4959 0.240742
25.6276 0.420036
25.7594 0.498994
25.8911 0.615304
26.0229 0.814588
26.1547 1.00817
26.2864 1.07696
26.4182 1.00411
26.5499 0.89404
26.6817 0.85949
26.8134 0.899192
26.9452 0.897175
27.0769 0.744018
27.2087 0.450641
27.3404 0.134811
27.4722 -0.101728
27.6039 -0.269866
27.7357 -0.457267
27.8674 -0.699483
27.9992 -0.902549
28.1309 -0.910687
28.2627 -0.65734
28.3944 -0.243433
28.5262 0.142829
28.6579 0.386459
28.7897 0.524146
28.9215 0.664741
29.0532 0.842697
29.185 0.964971
29.3167 0.909006
29.4485 0.663693
29.5802 0.356096
29.712 0.130114
29.8437 0.00742161
29.9755 -0.114263
30.1072 -0.31841
30.239 -0.539275
30.3707 -0.598828
30.5025 -0.389578
30.6342 -0.0144766
30.766 0.27787
30.8977 0.317937
31.0295 0.180312
31.1612 0.115746
31.293 0.308402
31.4247 0.697578
31.5565 1.04194
31.6883 1.15727
31.82 1.0808
31.9518 0.994669
32.0835 0.998162
32.2153 0.98192
32.347 0.748752
32.4788 0.255633
32.6105 -0.291544
32.7423 -0.611926
32.874 -0.623303
33.0058 -0.523059
33.1375 -0.574101
33.2693 -0.808972
33.401 -0.970344
33.5328 -0.771699
33.6645 -0.219485
33.7963 0.348696
33.928 0.574918
34.0598 0.435466
34.1915 0.265886
34.3233 0.411037
34.455 0.85212
34.5868 1.20859
34.7186 1.13518
34.8503 0.710165
34.9821 0.391781
35.1138 0.553203
35.2456 1.05843
35.3773 1.33066
35.5091 0.872431
35.6408 -0.279391
35.7726 -1.62665
35.9043 -2.71171
36.0361 -3.45874
36.1678 -3.90569
36.2996 -3.57693
36.4313 -1.30281
36.5631 3.9507
36.6948 11.6308
36.8266 18.7338
36.9583 20.5871
37.0901 13.206
37.2218 -4.08164
37.3536 -27.375
37.4854 -49.1225
37.6171 -60.7806
37.7489 -55.9942
37.8806 -33.1436
38.0124 3.43979
38.1441 43.9857
38.2759 75.783
38.4076 87.4438
38.5394 73.6564
38.6711 38.1358
38.8029 -7.31908
38.9346 -47.8576
39.0664 -72.2555
39.1981 -77.4086
39.3299 -68.025
39.4616 -52.0905
39.5934 -35.5248
39.7251 -19.7091
39.8569 -3.06545
39.9886 15.3403
40.1204 33.5119
40.2522 47.3634
40.3839 53.6221
40.5157 52.0472
40.6474 45.0793
40.7792 35.4911
40.9109 24.344
41.0427 11.0721
41.1744 -4.60615
41.3062 -20.9682
41.4379 -34.5334
41.5697 -42.1598
41.7014 -43.1472
41.8332 -39.5137
41.9649 -34.2638
42.0967 -29.1977
42.2284 -24.0722
42.3602 -17.5916
42.4919 -9.10065
42.6237 0.589965
42.7554 9.82326
42.8872 17.3657
43.0189 23.0617
43.1507 27.366
43.2825 30.3878
43.4142 31.4883
43.546 29.8334
43.6777 25.316
43.8095 18.91
43.9412 12.0909
44.073 5.8577
44.2047 0.240405
44.3365 -5.31437
44.4682 -11.1044
44.6 -16.6741
44.7317 -21.0708
44.8635 -23.5562
44.9952 -24.1038
45.127 -23.2814
45.2587 -21.7073
45.3905 -19.6103
45.5222 -16.8436
45.654 -13.2454
45.7857 -8.94919
45.9175 -4.36591
46.0493 0.0886787
46.181 4.22685
46.3128 8.07314
46.4445 11.6568
46.5763 14.8374
46.708 17.3209
46.8398 18.8259
46.9715 19.2337
47.1033 18.6085
47.235 17.1106
47.3668 14.9065
47.4985 12.1445
47.6303 8.97555
47.762 5.55831
47.8938 2.03132
48.0255 -1.51314
48.1573 -5.00998
48.289 -8.3621
48.4208 -11.3924
48.5525 -13.8566
48.6843 -15.5197
48.8161 -16.2564
48.9478 -16.1177
49.0796 -15.3235
49.2113 -14.1727
49.3431 -12.8962
49.4748 -11.5185
49.6066 -9.81628
49.7383 -7.43034
49.8701 -4.10396
50.0018 0.0803148
50.1336 4.62
50.2653 8.74238
50.3971 11.7134
50.5288 13.1327
50.6606 13.0586
50.7923 11.925
50.9241 10.332
51.0558 8.83248
51.1876 7.79106
51.3193 7.32804
51.4511 7.33136
51.5828 7.52616
51.7146 7.5887
51.8464 7.26401
51.9781 6.42773
52.1099 5.06286
52.2416 3.19077
52.3734 0.83674
52.5051 -1.92867
52.6369 -4.92049
52.7686 -7.83814
52.9004 -10.3724
53.0321 -12.3466
53.1639 -13.761
53.2956 -14.6843
53.4274 -15.0835
53.5591 -14.7576
53.6909 -13.464
53.8226 -11.1435
53.9544 -8.05067
54.0861 -4.66487
54.2179 -1.44956
54.3496 1.34374
54.4814 3.68204
54.6132 5.60574
54.7449 7.10252
54.8767 8.12818
55.0084 8.73259
55.1402 9.12716
55.2719 9.58244
55.4037 10.2193
55.5354 10.8792
55.6672 11.2008
55.7989 10.8504
55.9307 9.71759
56.0624 7.93343
56.1942 5.73474
56.3259 3.32724
56.4577 0.866685
56.5894 -1.4687
56.7212 -3.44261
56.8529 -4.84345
56.9847 -5.62521
57.1164 -5.96282
57.2482 -6.14403
57.38 -6.37315
57.5117 -6.6488
57.6435 -6.81291
57.7752 -6.71422
57.907 -6.33703
58.0387 -5.79534
58.1705 -5.22651
58.3022 -4.6993
58.434 -4.21073
58.5657 -3.74113
58.6975 -3.28403
58.8292 -2.81668
58.961 -2.26229
59.0927 -1.51424
59.2245 -0.520642
59.3562 0.654119
59.488 1.8679
59.6197 3.01758
59.7515 4.12126
59.8832 5.27213
60.015 6.49276
60.1467 7.62679
60.2785 8.38693
60.4103 8.54001
60.542 8.07982
60.6738 7.23948
60.8055 6.33033
60.9373 5.54014
61.069 4.84843
61.2008 4.10626
61.3325 3.18866
61.4643 2.08479
61.596 0.86948
61.7278 -0.386346
61.8595 -1.66711
61.9913 -2.98334
62.123 -4.30564
62.2548 -5.53637
62.3865 -6.54838
62.5183 -7.25295
62.65 -7.63703
62.7818 -7.74461
62.9135 -7.62683
63.0453 -7.30306
63.1771 -6.75536
63.3088 -5.95078
63.4406 -4.87527
63.5723 -3.56588
63.7041 -2.12731
63.8358 -0.715296
63.9676 0.520978
64.0993 1.51292
64.2311 2.30987
64.3628 3.03839
64.4946 3.8002
64.6263 4.58409
64.7581 5.26644
64.8898 5.70498
65.0216 5.84807
65.1533 5.76568
65.2851 5.57799
65.4168 5.35005
65.5486 5.04982
65.6803 4.6029
65.8121 3.98399
65.9439 3.25361
66.0756 2.50791
66.2074 1.7985
66.3391 1.10706
66.4709 0.399112
66.6026 -0.303732
66.7344 -0.914533
66.8661 -1.35058
66.9979 -1.61314
67.1296 -1.79395
67.2614 -1.99735
67.3931 -2.25263
67.5249 -2.50308
67.6566 -2.68125
67.7884 -2.79244
67.9201 -2.91906
68.0519 -3.13839
68.1836 -3.43474
68.3154 -3.69503
68.4471 -3.79529
68.5789 -3.69579
68.7106 -3.45438
68.8424 -3.14858
68.9742 -2.78671
69.1059 -2.29724
69.2377 -1.60759
69.3694 -0.735019
69.5012 0.198751
69.6329 1.04438
69.7647 1.72342
69.8964 2.26355
70.0282 2.74928
70.1599 3.24252
70.2917 3.74319
70.4234 4.20831
70.5552 4.58919
70.6869 4.84072
70.8187 4.90502
70.9504 4.71491
71.0822 4.24908
71.2139 3.60761
71.3457 3.02874
71.4774 2.78977
71.6092 3.02176
71.741 3.55118
71.8727 3.8927
72.0045 3.4394
72.1362 1.77768
72.268 -1.03241
72.3997 -4.37253
72.5315 -7.25174
72.6632 -8.70349
72.795 -8.21713
72.9267 -5.99006
73.0585 -2.86105
73.1902 0.0539201
73.322 1.83901
73.4537 2.12144
73.5855 1.11742
73.7172 -0.598343
73.849 -2.42115
73.9807 -3.93839
74.1125 -4.95585
74.2442 -5.39474
74.376 -5.20007
74.5078 -4.34703
74.6395 -2.91479
74.7713 -1.12696
74.903 0.707194
75.0348 2.31929
75.1665 3.58037
75.2983 4.50091
75.43 5.14752
75.5618 5.55581
75.6935 5.70789
75.8253 5.5756
75.957 5.17475
76.0888 4.57766
76.2205 3.87945
76.3523 3.1555
76.484 2.44712
76.6158 1.77826
76.7475 1.17727
76.8793 0.678738
77.011 0.304099
77.1428 0.0389021
77.2745 -0.174837
77.4063 -0.424015
77.5381 -0.790216
77.6698 -1.30486
77.8016 -1.91178
77.9333 -2.46472
78.0651 -2.78105
78.1968 -2.74041
78.3286 -2.37397
78.4603 -1.87594
78.5921 -1.50973
78.7238 -1.4562
78.8556 -1.70328
78.9873 -2.05512
79.1191 -2.25612
79.2508 -2.14358
79.3826 -1.72777
79.5143 -1.15881
79.6461 -0.621975
79.7778 -0.240791
79.9096 -0.0406581
80.0413 0.0308552
80.1731 0.0631731
80.3049 0.148506
80.4366 0.355761
80.5684 0.706136
80.7001 1.1584
80.8319 1.62275
80.9636 2.00706
81.0954 2.26861
81.2271 2.43168
81.3589 2.55596
81.4906 2.68257
81.6224 2.80373
81.7541 2.87838
81.8859 2.87341
82.0176 2.78899
82.1494 2.64765
82.2811 2.46479
82.4129 2.23417
82.5446 1.94085
82.6764 1.58193
82.8081 1.16837
82.9399 0.706352
83.0717 0.184092
83.2034 -0.412979
83.3352 -1.06804
83.4669 -1.71562
83.5987 -2.2662
83.7304 -2.6574
83.8622 -2.88802
83.9939 -3.00533
84.1257 -3.05981
84.2574 -3.07041
84.3892 -3.02772
84.5209 -2.92096
84.6527 -2.75147
84.7844 -2.51623
84.9162 -2.18568
85.0479 -1.71364
85.1797 -1.08401
85.3114 -0.353557
85.4432 0.357908
85.5749 0.933505
85.7067 1.32959
85.8384 1.58941
85.9702 1.78967
86.102 1.97191
86.2337 2.12234
86.3655 2.2133
86.4972 2.25673
86.629 2.30936
86.7607 2.42144
86.8925 2.5816
87.0242 2.71059
87.156 2.74884
87.2877 2.67601
87.4195 2.5366
87.5512 2.37839
87.683 2.19386
87.8147 1.92037
87.9465 1.50421
88.0782 0.943214
88.21 0.324748
88.3417 -0.263935
88.4735 -0.778117
88.6052 -1.19627
88.737 -1.53909
88.8688 -1.77553
89.0005 -1.92237
89.1323 -1.99025
89.264 -2.08861
89.3958 -2.23638
89.5275 -2.45932
89.6593 -2.6678
89.791 -2.71685
89.9228 -2.48648
90.0545 -2.02671
90.1863 -1.45976
90.318 -0.900573
90.4498 -0.449273
90.5815 -0.103513
90.7133 0.227449
90.845 0.574794
90.9768 0.847671
91.1085 1.10372
91.2403 1.30667
91.372 1.46964
91.5038 1.58727
91.6356 1.6642
91.7673 1.6358
91.8991 1.50838
92.0308 1.36915
92.1626 1.28124
92.2943 1.2444
92.4261 1.25183
92.5578 1.26781
92.6896 1.27119
92.8213 1.28841
92.9531 1.26922
93.0848 1.27062
93.2166 1.19525
93.3483 1.05999
93.4801 0.823611
93.6118 0.523266
93.7436 0.178276
93.8753 -0.137902
94.0071 -0.450589
94.1388 -0.743105
94.2706 -0.978892
94.4023 -1.10989
94.5341 -1.0836
94.6659 -0.973919
94.7976 -0.887722
94.9294 -0.864605
95.0611 -0.891888
95.1929 -0.965943
95.3246 -1.0132
95.4564 -1.0497
95.5881 -1.13394
95.7199 -1.21973
95.8516 -1.18934
95.9834 -0.968753
96.1151 -0.584523
96.2469 -0.044515
96.3786 0.477875
96.5104 0.856495
96.6421 1.0838
96.7739 1.20476
96.9056 1.20158
97.0374 1.13542
97.1691 1.00024
97.3009 0.827971
97.4327 0.662009
97.5644 0.582579
97.6962 0.565034
97.8279 0.583224
97.9597 0.607291
98.0914 0.614725
98.2232 0.634899
98.3549 0.66218
98.4867 0.715266
98.6184 0.701577
98.7502 0.608903
98.8819 0.447592
99.0137 0.26551
99.1454 0.150667
99.2772 0.0875838
99.4089 0.0115697
99.5407 -0.122629
99.6724 -0.310767
99.8042 -0.467887
99.9359 -0.559697
100.068 -0.605551
100.199 -0.63282
100.331 -0.649379
100.463 -0.621688
100.595 -0.532302
100.726 -0.409981
100.858 -0.265236
100.99 -0.171135
101.122 -0.172097
101.253 -0.197661
101.385 -0.262647
101.517 -0.304315
101.649 -0.298225
101.78 -0.179369
101.912 -0.0755481
102.044 0.078403
102.176 0.219977
102.307 0.337358
102.439 0.374431
102.571 0.399432
102.703 0.392312
102.834 0.438419
102.966 0.51981
103.098 0.58549
103.23 0.56271
103.362 0.514488
103.493 0.426928
103.625 0.364432
103.757 0.361384
103.889 0.371158
104.02 0.342244
104.152 0.283037
104.284 0.199318
104.416 0.125442
104.547 0.0726162
104.679 0.075977
104.811 0.073586
104.943 0.0197591
105.074 -0.0447847
105.206 -0.176663
105.338 -0.278636
105.47 -0.395724
105.601 -0.439953
105.733 -0.404046
105.865 -0.419957
105.997 -0.355149
106.128 -0.240223
106.26 -0.141911
106.392 -0.0501948
106.524 -0.0192114
106.655 0.00189959
106.787 0.0372935
106.919 0.0473618
107.051 0.0385619
107.182 0.0385399
107.314 0.0571679
107.446 0.0609889
107.578 0.122675
107.709 0.182177
107.841 0.232007
107.973 0.231826
108.105 0.218101
108.236 0.200672
108.368 0.217673
108.5 0.257944
108.632 0.285636
108.763 0.242736
108.895 0.133452
109.027 0.0584302
109.159 0.0212512
109.29 0.0160835
109.422 0.00821574
109.554 -0.02355
109.686 -0.0701002
109.817 -0.146783
109.949 -0.202061
110.081 -0.12842
110.213 -0.0290969
110.344 0.0725694
110.476 0.163306
110.608 0.190557
110.74 0.17562
110.871 0.109604
111.003 0.0337087
111.135 -0.0400405
111.267 -0.123217
111.398 -0.207329
111.53 -0.214206
111.662 -0.189174
111.794 -0.156597
111.925 -0.0747339
112.057 0.0227344
112.189 0.0971119
112.321 0.121223
112.452 0.120984
112.584 0.0658962
112.716 0.0120999
112.848 -0.000869039
112.979 0.0113208
113.111 -0.0206333
113.243 -0.0540414
113.375 -0.0799442
113.506 -0.055924
113.638 0.00142647
113.77 0.0506614
113.902 0.14311
114.033 0.144201
114.165 0.135187
114.297 0.135018
114.429 0.110607
114.56 0.082186
114.692 0.0541129
114.824 -0.0153668
114.956 -0.0300421
115.087 -0.0200323
115.219 -0.000468543
115.351 0.0372569
115.483 0.0335162
115.614 0.0327039
115.746 -0.000989421
115.878 -0.0176335
116.01 -0.0310132
116.141 -0.0686876
116.273 -0.057978
116.405 -0.0560674
116.537 -0.0763104
116.668 -0.0662646
116.8 -0.0521286
116.932 -0.00482101
117.064 0.0121893
117.195 0.0363758
117.327 0.0598002
117.459 0.0413712
117.591 0.0444222
117.723 0.0454567
117.854 0.0117922
117.986 -0.0220257
118.118 -0.0387462
118.25 -0.0576207
118.381 -0.0599524
118.513 -0.0442767
118.645 -0.0228563
118.777 -0.0205102
118.908 -0.00938785
119.04 -0.0125076
119.172 0.00265669
119.304 -0.000731128
119.435 0.00615723
119.567 0.0103659
119.699 -0.00411186
119.831 -0.00422974
119.962 -0.00851823
120.094 0.00942274
120.226 0.0113194
120.358 0.017918
120.489 0.00692839
120.621 0.00563796
120.753 0.00877025
120.885 0.00300241
121.016 0.00300241
121.148 0.00300241
121.28 0.00300241
121.412 0.00300241
121.543 0.00300241
121.675 0.00300241
121.807 0.00300241
121.939 0.00300241
122.07 0.00300241
122.202 0.00300241
122.334 0.00300241
122.466 0.00300241
122.597 0.00300241
122.729 0.00300241
122.861 0.00300241
122.993 0.00300241
123.124 0.00300241
123.256 0.00300241
123.388 0.00300241
123.52 0.00300241
123.651 0.00300241
123.783 0.00300241
123.915 0.00300241
124.047 0.00300241
124.178 0.00300241
124.31 0.00300241
124.442 0.00300241
124.574 0.00300241
124.705 0.00300241
124.837 0.00300241
124.969 0.00300241
125.101 0.00300241
125.232 0.00300241
125.364 0.00300241
125.496 0.00300241
125.628 0.00300241
125.759 0.00300241
125.891 0.00300241
126.023 0.00300241
126.155 0.00300241
126.286 0.00300241
126.418 0.00300241
126.55 0.00300241
126.682 0.00300241
126.813 0.00300241
126.945 0.00300241
127.077 0.00300241
127.209 0.00300241
127.34 0.00300241
127.472 0.00300241
127.604 0.00300241
127.736 0.00300241
127.867 0.00300241
127.999 0.00300241
128.131 0.00300241
128.263 0.00300241
128.394 0.00300241
128.526 0.00300241
128.658 0.00300241
128.79 0.00300241
128.921 0.00300241
129.053 0.00300241
129.185 0.00300241
129.317 0.00300241
129.448 0.00300241
129.58 0.00300241
129.712 0.00300241
129.844 0.00300241
129.975 0.00300241
