-2.73385 0.649002
-2.6021 1.0065
-2.47034 1.33843
-2.33859 1.47306
-2.20684 1.45367
-2.07509 1.25067
-1.94334 0.948053
-1.81158 0.648917
-1.67983 0.381551
-1.54808 0.0907473
-1.41633 -0.179757
-1.28457 -0.40929
-1.15282 -0.492878
-1.02107 -0.411526
-0.889317 -0.202381
-0.757564 0.0382795
-0.625812 0.185176
-0.49406 0.26808
-0.362307 0.331654
-0.230555 0.420032
-0.0988029 0.472547
0.0329494 0.5052
0.164702 0.449963
0.296454 0.448576
0.428206 0.521462
0.559959 0.644499
0.691711 0.665082
0.823463 0.584068
0.955216 0.330357
1.08697 -0.0344311
1.21872 -0.362867
1.35047 -0.63484
1.48222 -0.8942
1.61398 -1.0465
1.74573 -1.1044
1.87748 -0.903532
2.00923 -0.464768
2.14099 0.129222
2.27274 0.771526
2.40449 1.31646
2.53624 1.62078
2.668 1.75052
2.79975 1.69737
2.9315 1.48418
3.06325 1.13047
3.195 0.70967
3.32676 0.379071
3.45851 0.312328
3.59026 0.448409
3.72201 0.544661
3.85377 0.380061
3.98552 -0.0819726
4.11727 -0.736145
4.24902 -1.31838
4.38078 -1.60423
4.51253 -1.54678
4.64428 -1.25631
4.77603 -0.820517
4.90778 -0.282271
5.03954 0.3098
5.17129 0.924583
5.30304 1.36696
5.43479 1.53896
5.56655 1.44769
5.6983 1.21877
5.83005 1.0168
5.9618 0.800635
6.09356 0.579686
6.22531 0.318583
6.35706 0.0700127
6.48881 -0.0570451
6.62056 -0.0569352
6.75232 -0.00883492
6.88407 -0.0428977
7.01582 -0.192503
7.14757 -0.364751
7.27933 -0.432871
7.41108 -0.313323
7.54283 -0.00715962
7.67458 0.373245
7.80634 0.776082
7.93809 1.20337
8.06984 1.62921
8.20159 1.92798
8.33334 1.92058
8.4651 1.51898
8.59685 0.828913
8.7286 0.0930781
8.86035 -0.487248
8.99211 -0.885181
9.12386 -1.20634
9.25561 -1.51838
9.38736 -1.73306
9.51912 -1.67168
9.65087 -1.25382
9.78262 -0.613524
9.91437 -0.0121994
10.0461 0.37725
10.1779 0.603993
10.3096 0.856633
10.4414 1.24664
10.5731 1.67531
10.7049 1.9161
10.8366 1.82475
10.9684 1.4634
11.1001 1.0201
11.2319 0.621608
11.3636 0.244618
11.4954 -0.18314
11.6272 -0.614141
11.7589 -0.849039
11.8907 -0.702827
12.0224 -0.209714
12.1542 0.354561
12.2859 0.681268
12.4177 0.680437
12.5494 0.534745
12.6812 0.505204
12.8129 0.682097
12.9447 0.922539
13.0764 1.02
13.2082 0.915788
13.3399 0.731283
13.4717 0.601009
13.6034 0.502501
13.7352 0.278913
13.8669 -0.165557
13.9987 -0.714705
14.1304 -1.11267
14.2622 -1.19926
14.394 -1.06336
14.5257 -0.94455
14.6575 -0.976436
14.7892 -1.03977
14.921 -0.885381
15.0527 -0.403169
15.1845 0.247403
15.3162 0.788677
15.448 1.10086
15.5797 1.3247
15.7115 1.67145
15.8432 2.13835
15.975 2.44494
16.1067 2.28346
16.2385 1.63864
16.3702 0.838507
16.502 0.263736
16.6337 0.00259717
16.7655 -0.190322
16.8972 -0.58157
17.029 -1.1188
17.1607 -1.43399
17.2925 -1.20864
17.4243 -0.528913
17.556 0.153307
17.6878 0.437554
17.8195 0.34967
17.9513 0.278461
18.083 0.528813
18.2148 0.961896
18.3465 1.12426
18.4783 0.758246
18.61 0.157367
18.7418 -0.0495573
18.8735 0.47838
19.0053 1.37866
19.137 1.82449
19.2688 1.21577
19.4005 -0.35066
19.5323 -2.27956
19.664 -4.0728
19.7958 -5.58991
19.9275 -6.59015
20.0593 -6.05118
20.1911 -2.26286
20.3228 5.82988
20.4546 16.7926
20.5863 25.9709
20.7181 27.0092
20.8498 15.2107
20.9816 -9.14612
21.1133 -39.6467
21.2451 -65.6326
21.3768 -76.3146
21.5086 -65.1853
21.6403 -32.8825
21.7721 12.5121
21.9038 57.8049
22.0356 88.9856
22.1673 96.1796
22.2991 77.4338
22.4308 39.5352
22.5626 -4.87628
22.6943 -42.7412
22.8261 -65.7903
22.9579 -72.7607
23.0896 -67.73
23.2214 -56.2023
23.3531 -41.8581
23.4849 -25.9238
23.6166 -8.79542
23.7484 8.16844
23.8801 22.507
24.0119 32.1551
24.1436 36.9369
24.2754 38.4801
24.4071 38.5712
24.5389 37.5075
24.6706 33.9981
24.8024 26.6707
24.9341 15.7151
25.0659 3.10512
25.1976 -8.77001
25.3294 -18.7195
25.4611 -27.087
25.5929 -34.5665
25.7246 -40.7363
25.8564 -43.8063
25.9882 -41.8935
26.1199 -34.677
26.2517 -23.9308
26.3834 -12.4698
26.5152 -2.45649
26.6469 5.51594
26.7787 11.9793
26.9104 17.4548
27.0422 21.7838
27.1739 24.4375
27.3057 25.2806
27.4374 24.8718
27.5692 23.9611
27.7009 22.7237
27.8327 20.5504
27.9644 16.643
28.0962 10.8532
28.2279 3.97704
28.3597 -2.74099
28.4914 -8.39597
28.6232 -12.7964
28.755 -16.1942
28.8867 -18.7716
29.0185 -20.4398
29.1502 -21.0764
29.282 -20.8303
29.4137 -20.075
29.5455 -19.023
29.6772 -17.4339
29.809 -14.7887
29.9407 -10.8187
30.0725 -5.88847
30.2042 -0.837258
30.336 3.58987
30.4677 7.19531
30.5995 10.2586
30.7312 13.0521
30.863 15.4441
30.9947 16.9768
31.1265 17.3143
31.2582 16.5939
31.39 15.3246
31.5218 13.9432
31.6535 12.4694
31.7853 10.5862
31.917 8.04278
32.0488 4.97209
32.1805 1.82463
32.3123 -0.992057
32.444 -3.41057
32.5758 -5.67735
32.7075 -8.07317
32.8393 -10.6649
32.971 -13.2789
33.1028 -15.6271
33.2345 -17.3888
33.3663 -18.1806
33.498 -17.5529
33.6298 -15.1783
33.7615 -11.1782
33.8933 -6.3062
34.025 -1.73577
34.1568 1.49316
34.2885 3.00223
34.4203 3.19717
34.5521 2.91595
34.6838 2.89585
34.8156 3.44866
34.9473 4.50414
35.0791 5.86461
35.2108 7.39408
35.3426 9.01183
35.4743 10.5858
35.6061 11.8956
35.7378 12.7188
35.8696 12.937
36.0013 12.5447
36.1331 11.5596
36.2648 9.94949
36.3966 7.66417
36.5283 4.74048
36.6601 1.36333
36.7918 -2.18254
36.9236 -5.61485
37.0553 -8.70381
37.1871 -11.2388
37.3189 -12.9932
37.4506 -13.781
37.5824 -13.5912
37.7141 -12.6677
37.8459 -11.4241
37.9776 -10.2262
38.1094 -9.20915
38.2411 -8.272
38.3729 -7.22919
38.5046 -5.96138
38.6364 -4.43288
38.7681 -2.6037
38.8999 -0.385103
39.0316 2.26209
39.1634 5.16096
39.2951 7.86897
39.4269 9.85101
39.5586 10.7747
39.6904 10.6975
39.8221 9.99275
39.9539 9.08391
40.0857 8.20644
40.2174 7.37037
40.3492 6.49905
40.4809 5.57535
40.6127 4.66026
40.7444 3.805
40.8762 2.98589
41.0079 2.14448
41.1397 1.28005
41.2714 0.472973
41.4032 -0.207017
41.5349 -0.817038
41.6667 -1.54646
41.7984 -2.57807
41.9302 -3.91959
42.0619 -5.36088
42.1937 -6.60028
42.3254 -7.42966
42.4572 -7.82346
42.5889 -7.87908
42.7207 -7.69543
42.8524 -7.31298
42.9842 -6.7478
43.116 -6.04235
43.2477 -5.24879
43.3795 -4.35742
43.5112 -3.26914
43.643 -1.87946
43.7747 -0.218572
43.9065 1.49219
44.0382 2.94943
44.17 3.97035
44.3017 4.61646
44.4335 5.1255
44.5652 5.70901
44.697 6.39191
44.8287 7.02513
44.9605 7.4383
45.0922 7.57723
45.224 7.50313
45.3557 7.27682
45.4875 6.8621
45.6192 6.15203
45.751 5.08894
45.8828 3.75293
46.0145 2.32743
46.1463 0.974959
46.278 -0.258606
46.4098 -1.42708
46.5415 -2.58397
46.6733 -3.70334
46.805 -4.6918
46.9368 -5.46341
47.0685 -5.99143
47.2003 -6.28812
47.332 -6.34864
47.4638 -6.13418
47.5955 -5.62212
47.7273 -4.87222
47.859 -4.03239
47.9908 -3.26451
48.1225 -2.65013
48.2543 -2.15726
48.386 -1.6921
48.5178 -1.1828
48.6496 -0.621661
48.7813 -0.0412895
48.9131 0.534667
49.0448 1.11081
49.1766 1.69632
49.3083 2.27445
49.4401 2.80495
49.5718 3.25807
49.7036 3.64107
49.8353 3.98517
49.9671 4.30368
50.0988 4.56311
50.2306 4.69758
50.3623 4.6554
50.4941 4.43886
50.6258 4.10816
50.7576 3.75245
50.8893 3.45148
51.0211 3.24549
51.1528 3.11628
51.2846 2.98089
51.4163 2.7083
51.5481 2.16863
51.6799 1.30024
51.8116 0.153809
51.9434 -1.1236
52.0751 -2.35985
52.2069 -3.43438
52.3386 -4.3049
52.4704 -4.97302
52.6021 -5.43072
52.7339 -5.64178
52.8656 -5.57251
52.9974 -5.23591
53.1291 -4.70283
53.2609 -4.06958
53.3926 -3.4144
53.5244 -2.77963
53.6561 -2.18246
53.7879 -1.626
53.9196 -1.0912
54.0514 -0.527351
54.1831 0.123478
54.3149 0.863996
54.4467 1.59108
54.5784 2.12323
54.7102 2.31972
54.8419 2.22019
54.9737 2.09222
55.1054 2.32188
55.2372 3.18836
55.3689 4.65012
55.5007 6.27441
55.6324 7.36843
55.7642 7.26838
55.8959 5.66626
56.0277 2.82753
56.1594 -0.420822
56.2912 -2.97004
56.4229 -3.89011
56.5547 -2.86398
56.6864 -0.358548
56.8182 2.58831
56.9499 4.86458
57.0817 5.78108
57.2135 5.2834
57.3452 3.79235
57.477 1.84173
57.6087 -0.204022
57.7405 -2.18262
57.8722 -3.98067
58.004 -5.40435
58.1357 -6.22339
58.2675 -6.34198
58.3992 -5.91194
58.531 -5.25448
58.6627 -4.642
58.7945 -4.129
58.9262 -3.57778
59.058 -2.8438
59.1897 -1.94242
59.3215 -1.04697
59.4532 -0.334147
59.585 0.166181
59.7167 0.576034
59.8485 1.03574
59.9802 1.56867
60.112 2.07112
60.2438 2.42472
60.3755 2.61292
60.5073 2.73087
60.639 2.8902
60.7708 3.11829
60.9025 3.34309
61.0343 3.46152
61.166 3.41423
61.2978 3.20358
61.4295 2.86545
61.5613 2.45019
61.693 2.03618
61.8248 1.73761
61.9565 1.65709
62.0883 1.79621
62.22 2.00591
62.3518 2.04821
62.4835 1.74597
62.6153 1.10645
62.747 0.313527
62.8788 -0.406503
63.0106 -0.930886
63.1423 -1.2797
63.2741 -1.53497
63.4058 -1.73634
63.5376 -1.85907
63.6693 -1.88362
63.8011 -1.86737
63.9328 -1.92839
64.0646 -2.14778
64.1963 -2.48804
64.3281 -2.81478
64.4598 -3.00638
64.5916 -3.04605
64.7233 -3.00601
64.8551 -2.94127
64.9868 -2.80133
65.1186 -2.45285
65.2503 -1.79786
65.3821 -0.878606
65.5138 0.128373
65.6456 1.02399
65.7773 1.70562
65.9091 2.19755
66.0409 2.58503
66.1726 2.92735
66.3044 3.22748
66.4361 3.46618
66.5679 3.6449
66.6996 3.78559
66.8314 3.89388
66.9631 3.93537
67.0949 3.85895
67.2266 3.64589
67.3584 3.33194
67.4901 2.97633
67.6219 2.6058
67.7536 2.18792
67.8854 1.65859
68.0171 0.977306
68.1489 0.162624
68.2806 -0.7144
68.4124 -1.56041
68.5441 -2.28346
68.6759 -2.80277
68.8077 -3.0611
68.9394 -3.05034
69.0712 -2.83225
69.2029 -2.52392
69.3347 -2.24255
69.4664 -2.046
69.5982 -1.91718
69.7299 -1.80447
69.8617 -1.67904
69.9934 -1.55512
70.1252 -1.45735
70.2569 -1.37307
70.3887 -1.24176
70.5204 -0.994947
70.6522 -0.608441
70.7839 -0.117715
70.9157 0.413645
71.0474 0.93592
71.1792 1.4242
71.3109 1.85621
71.4427 2.19344
71.5745 2.39642
71.7062 2.46188
71.838 2.43818
71.9697 2.39386
72.1015 2.36484
72.2332 2.33314
72.365 2.26089
72.4967 2.14476
72.6285 2.02969
72.7602 1.96019
72.892 1.9136
73.0237 1.78693
73.1555 1.46283
73.2872 0.904672
73.419 0.198917
73.5507 -0.492099
73.6825 -1.02498
73.8142 -1.33888
73.946 -1.44662
74.0777 -1.39314
74.2095 -1.18301
74.3412 -0.853556
74.473 -0.476858
74.6048 -0.164792
74.7365 -0.0193539
74.8683 -0.0669305
75 -0.285221
75.1318 -0.586983
75.2635 -0.902784
75.3953 -1.17736
75.527 -1.34844
75.6588 -1.32755
75.7905 -1.12841
75.9223 -0.730778
76.054 -0.219713
76.1858 0.186132
76.3175 0.39335
76.4493 0.421982
76.581 0.330871
76.7128 0.207682
76.8445 0.158144
76.9763 0.194401
77.108 0.310544
77.2398 0.49306
77.3716 0.746596
77.5033 1.00543
77.6351 1.21693
77.7668 1.31751
77.8986 1.30132
78.0303 1.24284
78.1621 1.23633
78.2938 1.3066
78.4256 1.38276
78.5573 1.41534
78.6891 1.28662
78.8208 1.02788
78.9526 0.702675
79.0843 0.314433
79.2161 -0.0991887
79.3478 -0.494255
79.4796 -0.781772
79.6113 -0.855637
79.7431 -0.732125
79.8748 -0.49043
80.0066 -0.251732
80.1384 -0.134822
80.2701 -0.0254396
80.4019 0.0971742
80.5336 0.194201
80.6654 0.264482
80.7971 0.210029
80.9289 0.0476131
81.0606 -0.105652
81.1924 -0.249373
81.3241 -0.310665
81.4559 -0.335393
81.5876 -0.341539
81.7194 -0.363457
81.8511 -0.330311
81.9829 -0.247729
82.1146 -0.0736553
82.2464 0.132282
82.3781 0.246077
82.5099 0.284975
82.6416 0.251199
82.7734 0.228437
82.9051 0.226503
83.0369 0.227304
83.1687 0.226093
83.3004 0.244662
83.4322 0.262826
83.5639 0.300281
83.6957 0.311135
83.8274 0.373579
83.9592 0.431718
84.0909 0.485788
84.2227 0.571662
84.3544 0.653497
84.4862 0.669378
84.6179 0.612726
84.7497 0.459764
84.8814 0.331514
85.0132 0.302144
85.1449 0.393745
85.2767 0.580672
85.4084 0.700863
85.5402 0.64286
85.6719 0.419234
85.8037 0.13215
85.9355 -0.158174
86.0672 -0.385213
86.199 -0.54152
86.3307 -0.568691
86.4625 -0.461318
86.5942 -0.279594
86.726 -0.105587
86.8577 -0.0385163
86.9895 -0.07618
87.1212 -0.18956
87.253 -0.304679
87.3847 -0.27784
87.5165 -0.155113
87.6482 -0.0272518
87.78 0.0114689
87.9117 0.00040103
88.0435 -0.00292589
88.1752 -0.0503316
88.307 -0.0596805
88.4387 -0.0925436
88.5705 -0.102293
88.7023 -0.0836262
88.834 0.0447299
88.9658 0.249494
89.0975 0.455313
89.2293 0.53334
89.361 0.443003
89.4928 0.319196
89.6245 0.208078
89.7563 0.157887
89.888 0.150348
90.0198 0.19956
90.1515 0.234599
90.2833 0.253361
90.415 0.289214
90.5468 0.346186
90.6785 0.438431
90.8103 0.442254
90.942 0.404514
91.0738 0.348895
91.2055 0.267435
91.3373 0.198235
91.469 0.097925
91.6008 -0.00879172
91.7326 -0.100044
91.8643 -0.136402
91.9961 -0.143968
92.1278 -0.104957
92.2596 -0.144299
92.3913 -0.229983
92.5231 -0.314283
92.6548 -0.347204
92.7866 -0.322811
92.9183 -0.273052
93.0501 -0.178138
93.1818 -0.110935
93.3136 -0.0253827
93.4453 0.0967454
93.5771 0.20411
93.7088 0.310451
93.8406 0.355474
93.9723 0.261194
94.1041 0.1054
94.2358 -0.0428302
94.3676 -0.0856704
94.4994 -0.0578506
94.6311 -0.026749
94.7629 -0.0458681
94.8946 -0.0487785
95.0264 -0.0654832
95.1581 -0.0174875
95.2899 0.0659485
95.4216 0.162941
95.5534 0.25056
95.6851 0.283456
95.8169 0.283959
95.9486 0.253386
96.0804 0.169081
96.2121 0.0851363
96.3439 -0.052059
96.4756 -0.142019
96.6074 -0.154433
96.7391 -0.147608
96.8709 -0.120553
97.0026 -0.0972069
97.1344 -0.102418
97.2662 -0.113443
97.3979 -0.0870351
97.5297 -0.0320149
97.6614 0.0922372
97.7932 0.138545
97.9249 0.152403
98.0567 0.164673
98.1884 0.176924
98.3202 0.173994
98.4519 0.161707
98.5837 0.0866426
98.7154 0.0170916
98.8472 -0.0198385
98.9789 0.0128171
99.1107 0.0699441
99.2424 0.0879967
99.3742 0.080919
99.5059 0.027119
99.6377 -0.0345585
99.7694 -0.0910676
99.9012 -0.10037
100.033 -0.125765
100.165 -0.0955799
100.296 -0.0833144
100.428 -0.0514776
100.56 -0.0120509
100.692 0.0614303
100.823 0.0507623
100.955 0.0184244
101.087 0.00590863
101.219 -0.0129119
101.35 -0.0104886
101.482 0.0330996
101.614 0.0127844
101.746 0.0104102
101.877 -0.0234445
102.009 -0.0152695
102.141 0.0346893
102.273 0.053375
102.404 0.0242333
102.536 0.027613
102.668 0.0150104
102.8 0.016582
102.932 0.00292113
103.063 -0.0282052
103.195 -0.0409461
103.327 -0.0121389
103.459 0.0089581
103.59 0.0252573
103.722 0.0467044
103.854 0.0499926
103.986 0.0065319
104.117 -0.0191087
104.249 -0.010567
104.381 0.00750058
104.513 0.0111466
104.644 0.0138971
104.776 0.00953407
104.908 0.00593187
105.04 0.0258568
105.171 0.0104928
105.303 0.00807286
105.435 0.00765059
105.567 0.0168896
105.698 0.0314553
105.83 0.0076831
105.962 0.0186865
106.094 0.0142971
106.225 0.00968455
106.357 0.0120091
106.489 0.00603445
106.621 0.009848
106.752 0.0123418
106.884 0.0142171
107.016 0.00614675
107.148 -0.0106152
107.279 -0.00992487
107.411 0.00830414
107.543 0.00777944
107.675 0.00777944
107.806 0.00777944
107.938 0.00777944
108.07 0.00777944
108.202 0.00777944
108.333 0.00777944
108.465 0.00777944
108.597 0.00777944
108.729 0.00777944
108.86 0.00777944
108.992 0.00777944
109.124 0.00777944
109.256 0.00777944
109.387 0.00777944
109.519 0.00777944
109.651 0.00777944
109.783 0.00777944
109.914 0.00777944
110.046 0.00777944
110.178 0.00777944
110.31 0.00777944
110.441 0.00777944
110.573 0.00777944
110.705 0.00777944
110.837 0.00777944
110.968 0.00777944
111.1 0.00777944
111.232 0.00777944
111.364 0.00777944
111.495 0.00777944
111.627 0.00777944
111.759 0.00777944
111.891 0.00777944
112.022 0.00777944
112.154 0.00777944
112.286 0.00777944
112.418 0.00777944
112.549 0.00777944
112.681 0.00777944
112.813 0.00777944
112.945 0.00777944
113.076 0.00777944
113.208 0.00777944
113.34 0.00777944
113.472 0.00777944
113.603 0.00777944
113.735 0.00777944
113.867 0.00777944
113.999 0.00777944
114.13 0.00777944
114.262 0.00777944
114.394 0.00777944
114.526 0.00777944
114.657 0.00777944
114.789 0.00777944
114.921 0.00777944
115.053 0.00777944
115.184 0.00777944
115.316 0.00777944
115.448 0.00777944
115.58 0.00777944
115.711 0.00777944
115.843 0.00777944
115.975 0.00777944
116.107 0.00777944
116.238 0.00777944
116.37 0.00777944
116.502 0.00777944
116.634 0.00777944
116.765 0.00777944
116.897 0.00777944
117.029 0.00777944
117.161 0.00777944
117.293 0.00777944
117.424 0.00777944
117.556 0.00777944
117.688 0.00777944
117.82 0.00777944
117.951 0.00777944
118.083 0.00777944
118.215 0.00777944
118.347 0.00777944
118.478 0.00777944
118.61 0.00777944
118.742 0.00777944
118.874 0.00777944
119.005 0.00777944
119.137 0.00777944
119.269 0.00777944
119.401 0.00777944
119.532 0.00777944
119.664 0.00777944
119.796 0.00777944
119.928 0.00777944
120.059 0.00777944
120.191 0.00777944
120.323 0.00777944
120.455 0.00777944
120.586 0.00777944
120.718 0.00777944
120.85 0.00777944
120.982 0.00777944
121.113 0.00777944
121.245 0.00777944
121.377 0.00777944
121.509 0.00777944
121.64 0.00777944
121.772 0.00777944
121.904 0.00777944
122.036 0.00777944
122.167 0.00777944
122.299 0.00777944
122.431 0.00777944
122.563 0.00777944
122.694 0.00777944
122.826 0.00777944
122.958 0.00777944
123.09 0.00777944
123.221 0.00777944
123.353 0.00777944
123.485 0.00777944
123.617 0.00777944
123.748 0.00777944
123.88 0.00777944
124.012 0.00777944
124.144 0.00777944
124.275 0.00777944
124.407 0.00777944
124.539 0.00777944
124.671 0.00777944
124.802 0.00777944
124.934 0.00777944
125.066 0.00777944
125.198 0.00777944
125.329 0.00777944
125.461 0.00777944
125.593 0.00777944
125.725 0.00777944
125.856 0.00777944
125.988 0.00777944
126.12 0.00777944
126.252 0.00777944
126.383 0.00777944
126.515 0.00777944
126.647 0.00777944
126.779 0.00777944
126.91 0.00777944
127.042 0.00777944
127.174 0.00777944
127.306 0.00777944
127.437 0.00777944
127.569 0.00777944
127.701 0.00777944
127.833 0.00777944
127.964 0.00777944
128.096 0.00777944
128.228 0.00777944
128.36 0.00777944
128.491 0.00777944
128.623 0.00777944
128.755 0.00777944
128.887 0.00777944
129.018 0.00777944
129.15 0.00777944
129.282 0.00777944
129.414 0.00777944
129.545 0.00777944
129.677 0.00777944
129.809 0.00777944
129.941 0.00777944
130.072 0.00777944
130.204 0.00777944
130.336 0.00777944
130.468 0.00777944
130.599 0.00777944
130.731 0.00777944
130.863 0.00777944
130.995 0.00777944
131.126 0.00777944
131.258 0.00777944
131.39 0.00777944
131.522 0.00777944
131.654 0.00777944
131.785 0.00777944
131.917 0.00777944
132.049 0.00777944
