-2.5443 0.265635
-2.41255 0.00551567
-2.2808 -0.227672
-2.14905 -0.315951
-2.01729 -0.247057
-1.88554 -0.191121
-1.75379 -0.249774
-1.62204 -0.371117
-1.49028 -0.437836
-1.35853 -0.27813
-1.22678 0.118524
-1.09503 0.495621
-0.963274 0.740085
-0.831522 0.784184
-0.69977 0.728198
-0.568017 0.69453
-0.436265 0.687703
-0.304513 0.607542
-0.17276 0.452348
-0.0410082 0.247433
0.0907441 0.0914698
0.222496 0.0583055
0.354249 0.0659803
0.486001 0.029934
0.617753 -0.0271645
0.749506 -0.0794096
0.881258 0.0632571
1.01301 0.381178
1.14476 0.710411
1.27651 0.852768
1.40827 0.696234
1.54002 0.297821
1.67177 -0.0176075
1.80352 -0.19621
1.93528 -0.261901
2.06703 -0.294394
2.19878 -0.241206
2.33053 -0.0946315
2.46229 0.245289
2.59404 0.58718
2.72579 0.760652
2.85754 0.748479
2.98929 0.582546
3.12105 0.476499
3.2528 0.589089
3.38455 0.679567
3.5163 0.680342
3.64806 0.450647
3.77981 0.132787
3.91156 -0.0488896
4.04331 0.0125002
4.17507 0.273808
4.30682 0.490013
4.43857 0.563541
4.57032 0.567551
4.70207 0.620238
4.83383 0.742997
4.96558 0.856232
5.09733 0.799105
5.22908 0.470435
5.36084 0.0743011
5.49259 -0.216047
5.62434 -0.265175
5.75609 -0.0856354
5.88785 0.0317737
6.0196 -0.00118846
6.15135 -0.0319175
6.2831 0.0414403
6.41485 0.196564
6.54661 0.271661
6.67836 0.234242
6.81011 0.0328275
6.94186 -0.0744797
7.07362 0.108931
7.20537 0.491056
7.33712 0.714836
7.46887 0.711125
7.60063 0.508242
7.73238 0.340723
7.86413 0.321322
7.99588 0.467944
8.12763 0.563224
8.25939 0.444879
8.39114 0.262319
8.52289 0.259674
8.65464 0.567213
8.7864 0.96301
8.91815 1.186
9.0499 1.08259
9.18165 0.793023
9.31341 0.608382
9.44516 0.671613
9.57691 0.85861
9.70866 0.92942
9.84041 0.788331
9.97217 0.572123
10.1039 0.476112
10.2357 0.512341
10.3674 0.47071
10.4992 0.137703
10.6309 -0.453488
10.7627 -1.01245
10.8944 -1.24648
11.0262 -1.12646
11.1579 -0.890876
11.2897 -0.783856
11.4214 -0.799836
11.5532 -0.700242
11.6849 -0.281989
11.8167 0.38775
11.9485 1.02024
12.0802 1.38626
12.212 1.53009
12.3437 1.68646
12.4755 1.98672
12.6072 2.27017
12.739 2.21161
12.8707 1.64426
13.0025 0.746641
13.1342 -0.100596
13.266 -0.639301
13.3977 -0.905239
13.5295 -1.08026
13.6612 -1.20472
13.793 -1.08122
13.9247 -0.492123
14.0565 0.496823
14.1882 1.48739
14.32 2.03991
14.4517 2.02931
14.5835 1.7094
14.7153 1.42309
14.847 1.26192
14.9788 1.02773
15.1105 0.523768
15.2423 -0.154284
15.374 -0.66068
15.5058 -0.746119
15.6375 -0.535605
15.7693 -0.417762
15.901 -0.635697
16.0328 -1.00567
16.1645 -1.08065
16.2963 -0.614848
16.428 0.148354
16.5598 0.68267
16.6915 0.6895
16.8233 0.392689
16.955 0.303401
17.0868 0.686478
17.2185 1.27943
17.3503 1.56321
17.482 1.30925
17.6138 0.82856
17.7456 0.651605
17.8773 0.965734
18.0091 1.40382
18.1408 1.41798
18.2726 0.853486
18.4043 0.114416
18.5361 -0.263289
18.6678 -0.180156
18.7996 -0.0640026
18.9313 -0.365072
19.0631 -0.990693
19.1948 -1.31489
19.3266 -0.805337
19.4583 0.369177
19.5901 1.41728
19.7218 1.66127
19.8536 1.19151
19.9853 0.741185
20.1171 0.882803
20.2488 1.38717
20.3806 1.46061
20.5124 0.660803
20.6441 -0.47654
20.7759 -0.841948
20.9076 0.125961
21.0394 1.72698
21.1711 2.49278
21.3029 1.4792
21.4346 -0.911081
21.5664 -3.40515
21.6981 -5.10181
21.8299 -6.06962
21.9616 -6.53123
22.0934 -5.50014
22.2251 -0.681031
22.3569 9.4936
22.4886 23.0056
22.6204 33.2722
22.7521 31.7674
22.8839 13.1677
23.0156 -20.3492
23.1474 -58.7565
23.2791 -88.1918
23.4109 -96.8428
23.5427 -79.4064
23.6744 -38.4354
23.8062 16.8652
23.9379 72.9602
24.0697 114.812
24.2014 129.571
24.3332 111.037
24.4649 63.1422
24.5967 -0.216734
24.7284 -60.1996
24.8602 -100.87
24.9919 -115.432
25.1237 -107.164
25.2554 -85.0258
25.3872 -57.5592
25.5189 -29.4063
25.6507 -2.05964
25.7824 23.1936
25.9142 43.5689
26.0459 55.9402
26.1777 59.3964
26.3095 56.3556
26.4412 50.8748
26.573 45.557
26.7047 39.8171
26.8365 30.9877
26.9682 17.1599
27.1 -0.793278
27.2317 -19.6085
27.3635 -35.7733
27.4952 -47.3531
27.627 -54.102
27.7587 -56.2901
27.8905 -53.8076
28.0222 -46.5132
28.154 -35.2659
28.2857 -22.2749
28.4175 -10.1194
28.5492 -0.221505
28.681 7.79699
28.8127 15.2583
28.9445 22.8837
29.0763 29.9892
29.208 35.0766
29.3398 37.125
29.4715 36.3048
29.6033 33.5275
29.735 29.4399
29.8668 23.9559
29.9985 16.7546
30.1303 8.12941
30.262 -0.775967
30.3938 -8.6316
30.5255 -14.8161
30.6573 -19.6398
30.789 -23.6983
30.9208 -27.0504
31.0525 -29.0671
31.1843 -29.0833
31.316 -27.1481
31.4478 -24.0848
31.5795 -20.7913
31.7113 -17.4938
31.843 -13.6996
31.9748 -8.87475
32.1066 -3.14281
32.2383 2.69336
32.3701 7.7977
32.5018 11.9349
32.6336 15.4559
32.7653 18.6881
32.8971 21.3938
33.0288 22.8728
33.1606 22.6076
33.2923 20.7906
33.4241 18.1927
33.5558 15.5033
33.6876 12.7953
33.8193 9.62954
33.9511 5.66575
34.0828 1.15769
34.2146 -3.15197
34.3463 -6.61492
34.4781 -9.16466
34.6098 -11.2649
34.7416 -13.4183
34.8734 -15.7273
35.0051 -17.8748
35.1369 -19.4346
35.2686 -20.1219
35.4004 -19.7557
35.5321 -18.0897
35.6639 -14.8492
35.7956 -10.065
35.9274 -4.40077
36.0591 0.931425
36.1909 4.73819
36.3226 6.50447
36.4544 6.62971
36.5861 6.06859
36.7179 5.69718
36.8496 5.90891
36.9814 6.6742
37.1131 7.86248
37.2449 9.44462
37.3766 11.4005
37.5084 13.4998
37.6402 15.249
37.7719 16.0995
37.9037 15.7359
38.0354 14.1842
38.1672 11.6758
38.2989 8.4382
38.4307 4.6223
38.5624 0.397302
38.6942 -3.94321
38.8259 -8.01514
38.9577 -11.4973
39.0894 -14.2437
39.2212 -16.2399
39.3529 -17.463
39.4847 -17.8111
39.6164 -17.1899
39.7482 -15.6684
39.8799 -13.5338
40.0117 -11.1732
40.1434 -8.88346
40.2752 -6.76826
40.4069 -4.78389
40.5387 -2.84228
40.6705 -0.853584
40.8022 1.30114
40.934 3.764
41.0657 6.58452
41.1975 9.56233
41.3292 12.2178
41.461 13.9844
41.5927 14.5181
41.7245 13.8921
41.8562 12.5224
41.988 10.8907
42.1197 9.29116
42.2515 7.77664
42.3832 6.2878
42.515 4.80074
42.6467 3.35953
42.7785 2.0096
42.9102 0.747854
43.042 -0.442198
43.1737 -1.52593
43.3055 -2.42767
43.4373 -3.13355
43.569 -3.78175
43.7008 -4.61898
43.8325 -5.82459
43.9643 -7.34232
44.096 -8.8694
44.2278 -10.0169
44.3595 -10.5097
44.4913 -10.279
44.623 -9.4187
44.7548 -8.0967
44.8865 -6.51266
45.0183 -4.89359
45.15 -3.44983
45.2818 -2.26679
45.4135 -1.22208
45.5453 -0.0494149
45.677 1.44805
45.8088 3.19572
45.9405 4.8502
46.0723 6.03811
46.2041 6.6435
46.3358 6.89337
46.4676 7.15878
46.5993 7.64203
46.7311 8.22165
46.8628 8.58008
46.9946 8.48381
47.1263 7.96027
47.2581 7.23031
47.3898 6.4874
47.5216 5.74113
47.6533 4.85516
47.7851 3.71192
47.9168 2.32845
48.0486 0.822303
48.1803 -0.710236
48.3121 -2.26125
48.4438 -3.8558
48.5756 -5.44324
48.7073 -6.85803
48.8391 -7.8943
48.9708 -8.42196
49.1026 -8.43902
49.2344 -8.03181
49.3661 -7.30685
49.4979 -6.36761
49.6296 -5.33546
49.7614 -4.35189
49.8931 -3.52298
50.0249 -2.84851
50.1566 -2.21747
50.2884 -1.49509
50.4201 -0.629891
50.5519 0.319682
50.6836 1.2608
50.8154 2.15944
50.9471 3.04747
51.0789 3.93383
51.2106 4.72063
51.3424 5.23137
51.4741 5.34655
51.6059 5.12383
51.7376 4.7813
51.8694 4.54719
52.0012 4.50668
52.1329 4.57681
52.2647 4.61609
52.3964 4.5519
52.5282 4.40741
52.6599 4.22507
52.7917 3.98891
52.9234 3.63536
53.0552 3.13286
53.1869 2.52794
53.3187 1.89288
53.4504 1.2259
53.5822 0.419891
53.7139 -0.64636
53.8457 -1.97107
53.9774 -3.38164
54.1092 -4.63199
54.2409 -5.55938
54.3727 -6.15685
54.5044 -6.50293
54.6362 -6.63351
54.768 -6.49338
54.8997 -6.01487
55.0315 -5.23378
55.1632 -4.31152
55.295 -3.43061
55.4267 -2.6635
55.5585 -1.94335
55.6902 -1.16092
55.822 -0.284264
55.9537 0.617686
56.0855 1.45733
56.2172 2.21081
56.349 2.89959
56.4807 3.49234
56.6125 3.85511
56.7442 3.84744
56.876 3.5108
57.0077 3.17186
57.1395 3.31935
57.2712 4.29118
57.403 5.97738
57.5347 7.75702
57.6665 8.73633
57.7983 8.16578
57.93 5.82042
58.0618 2.16676
58.1935 -1.75204
58.3253 -4.67538
58.457 -5.60965
58.5888 -4.25568
58.7205 -1.17667
58.8523 2.41472
58.984 5.18139
59.1158 6.23072
59.2475 5.41064
59.3793 3.19051
59.511 0.269278
59.6428 -2.7767
59.7745 -5.5821
59.9063 -7.85702
60.038 -9.26504
60.1698 -9.50486
60.3015 -8.54502
60.4333 -6.7694
60.5651 -4.84074
60.6968 -3.33933
60.8286 -2.44817
60.9603 -1.92714
61.0921 -1.3748
61.2238 -0.544653
61.3556 0.52944
61.4873 1.64445
61.6191 2.61551
61.7508 3.35633
61.8826 3.82446
62.0143 3.95675
62.1461 3.71096
62.2778 3.1825
62.4096 2.64976
62.5413 2.45203
62.6731 2.77171
62.8048 3.50305
62.9366 4.32366
63.0683 4.90453
63.2001 5.07936
63.3319 4.85372
63.4636 4.29957
63.5954 3.47864
63.7271 2.4738
63.8589 1.46105
63.9906 0.690714
64.1224 0.339863
64.2541 0.351498
64.3859 0.424149
64.5176 0.19581
64.6494 -0.51052
64.7811 -1.57396
64.9129 -2.67563
65.0446 -3.51193
65.1764 -3.94478
65.3081 -3.99809
65.4399 -3.75858
65.5716 -3.30367
65.7034 -2.71179
65.8351 -2.10218
65.9669 -1.62277
66.0986 -1.37752
66.2304 -1.36678
66.3622 -1.50743
66.4939 -1.71219
66.6257 -1.9396
66.7574 -2.15988
66.8892 -2.28247
67.0209 -2.14628
67.1527 -1.61381
67.2844 -0.693512
67.4162 0.433996
67.5479 1.52897
67.6797 2.45247
67.8114 3.22947
67.9432 3.96171
68.0749 4.68196
68.2067 5.29529
68.3384 5.66169
68.4702 5.72986
68.6019 5.58256
68.7337 5.34723
68.8654 5.06569
68.9972 4.6584
69.129 4.02016
69.2607 3.14853
69.3925 2.17276
69.5242 1.25253
69.656 0.448052
69.7877 -0.310062
69.9195 -1.12469
70.0512 -2.00845
70.183 -2.85283
70.3147 -3.51233
70.4465 -3.91291
70.5782 -4.08016
70.71 -4.07471
70.8417 -3.91832
70.9735 -3.59321
71.1052 -3.10832
71.237 -2.54882
71.3687 -2.04323
71.5005 -1.6742
71.6322 -1.4223
71.764 -1.1992
71.8958 -0.933449
72.0275 -0.619926
72.1593 -0.288528
72.291 0.0618567
72.4228 0.481042
72.5545 1.01078
72.6863 1.61531
72.818 2.1819
72.9498 2.60197
73.0815 2.85516
73.2133 3.01008
73.345 3.14006
73.4768 3.24053
73.6085 3.23398
73.7403 3.05632
73.872 2.73356
74.0038 2.3688
74.1355 2.05592
74.2673 1.81352
74.399 1.6069
74.5308 1.42527
74.6625 1.31523
74.7943 1.31801
74.9261 1.37021
75.0578 1.28688
75.1896 0.877281
75.3213 0.109995
75.4531 -0.821512
75.5848 -1.60483
75.7166 -2.00697
75.8483 -2.0043
75.9801 -1.74906
76.1118 -1.42432
76.2436 -1.1448
76.3753 -0.883259
76.5071 -0.652785
76.6388 -0.495505
76.7706 -0.453703
76.9023 -0.532791
77.0341 -0.681624
77.1658 -0.786909
77.2976 -0.802418
77.4293 -0.801839
77.5611 -0.791964
77.6929 -0.737176
77.8246 -0.522252
77.9564 -0.0670836
78.0881 0.448493
78.2199 0.9253
78.3516 1.18585
78.4834 1.19477
78.6151 1.07658
78.7469 1.0146
78.8786 1.03244
79.0104 1.09711
79.1421 1.15846
79.2739 1.18038
79.4056 1.22967
79.5374 1.32413
79.6691 1.44782
79.8009 1.48948
79.9326 1.41787
80.0644 1.30874
80.1961 1.19884
80.3279 1.16658
80.4597 1.12135
80.5914 1.03187
80.7232 0.782003
80.8549 0.399386
80.9867 0.10135
81.1184 -0.0791702
81.2502 -0.159684
81.3819 -0.271081
81.5137 -0.418489
81.6454 -0.646158
81.7772 -0.824242
81.9089 -0.959892
82.0407 -0.966468
82.1724 -0.963904
82.3042 -0.905538
82.4359 -0.755625
82.5677 -0.544248
82.6994 -0.23239
82.8312 0.116473
82.9629 0.352241
83.0947 0.386005
83.2264 0.302599
83.3582 0.206016
83.49 0.141278
83.6217 0.0967758
83.7535 0.150818
83.8852 0.253773
84.017 0.392264
84.1487 0.510614
84.2805 0.598199
84.4122 0.550384
84.544 0.409867
84.6757 0.262501
84.8075 0.250944
84.9392 0.337671
85.071 0.536314
85.2027 0.706711
85.3345 0.814577
85.4662 0.865936
85.598 0.905817
85.7297 0.912249
85.8615 0.807498
85.9932 0.628209
86.125 0.385413
86.2568 0.0949996
86.3885 -0.0714541
86.5203 -0.0968775
86.652 -0.0141449
86.7838 0.074945
86.9155 0.233739
87.0473 0.44509
87.179 0.609905
87.3108 0.725097
87.4425 0.718694
87.5743 0.471836
87.706 0.128563
87.8378 -0.199622
87.9695 -0.451247
88.1013 -0.578014
88.233 -0.612273
88.3648 -0.610011
88.4965 -0.555646
88.6283 -0.425772
88.76 -0.263817
88.8918 -0.0725136
89.0236 0.0952041
89.1553 0.159138
89.2871 0.175149
89.4188 0.160512
89.5506 0.180599
89.6823 0.186498
89.8141 0.101019
89.9458 -0.0081411
90.0776 -0.0471492
90.2093 -0.014968
90.3411 0.0706321
90.4728 0.200665
90.6046 0.281966
90.7363 0.332116
90.8681 0.350502
90.9998 0.466778
91.1316 0.579771
91.2633 0.667841
91.3951 0.626732
91.5268 0.417386
91.6586 0.214589
91.7903 0.137387
91.9221 0.156086
92.0539 0.204422
92.1856 0.263958
92.3174 0.331939
92.4491 0.443721
92.5809 0.503711
92.7126 0.540801
92.8444 0.44008
92.9761 0.253553
93.1079 0.0193125
93.2396 -0.187056
93.3714 -0.274995
93.5031 -0.255338
93.6349 -0.215268
93.7666 -0.197262
93.8984 -0.0929509
94.0301 0.0579302
94.1619 0.196738
94.2936 0.257615
94.4254 0.163502
94.5571 -0.00286893
94.6889 -0.156451
94.8207 -0.206495
94.9524 -0.159716
95.0842 -0.123035
95.2159 -0.0933003
95.3477 -0.142522
95.4794 -0.145253
95.6112 -0.128194
95.7429 -0.0575066
95.8747 0.0337385
96.0064 0.0949507
96.1382 0.0973712
96.2699 0.107169
96.4017 0.156031
96.5334 0.197133
96.6652 0.249013
96.7969 0.301366
96.9287 0.276672
97.0604 0.265314
97.1922 0.261332
97.3239 0.244387
97.4557 0.182359
97.5875 0.126957
97.7192 0.0986665
97.851 0.128418
97.9827 0.169001
98.1145 0.203528
98.2462 0.182991
98.378 0.101932
98.5097 0.0564819
98.6415 0.0582533
98.7732 0.0752912
98.905 0.151919
99.0367 0.181535
99.1685 0.176077
99.3002 0.145585
99.432 0.0971812
99.5637 0.0438078
99.6955 0.00711918
99.8272 -0.0574531
99.959 -0.103157
100.091 -0.0952494
100.222 -0.0504762
100.354 0.0311563
100.486 0.10157
100.618 0.103634
100.75 0.121176
100.881 0.10218
101.013 0.0694136
101.145 0.0168067
101.277 -0.0646896
101.408 -0.126736
101.54 -0.0969455
101.672 -0.101637
101.804 -0.0924164
101.935 -0.0821297
102.067 -0.0623935
102.199 -0.074792
102.331 -0.0454524
102.462 -0.0502092
102.594 -0.0216426
102.726 0.0103541
102.858 -0.0314389
102.989 -0.0619722
103.121 -0.0637324
103.253 -0.0707195
103.385 0.0490345
103.516 0.122527
103.648 0.156589
103.78 0.122327
103.912 0.0574215
104.043 0.024405
104.175 -0.00174694
104.307 0.00781885
104.439 0.00954361
104.57 -0.0122018
104.702 -0.0172687
104.834 0.0262408
104.966 0.0589483
105.097 0.0412944
105.229 0.027683
105.361 -0.00687268
105.493 0.0175683
105.624 0.0679351
105.756 0.036069
105.888 0.0148997
106.02 0.0214197
106.151 0.00644877
106.283 -0.00170695
106.415 0.00493822
106.547 0.0309629
106.678 -0.0126284
106.81 -0.00103603
106.942 0.0293799
107.074 0.0316046
107.205 0.00624907
107.337 0.0462465
107.469 0.0325101
107.601 0.00427202
107.732 -0.0239164
107.864 0.0121759
107.996 0.0283395
108.128 0.02089
108.259 0.0299281
108.391 0.0308924
108.523 0.0313387
108.655 0.0104276
108.786 0.0207864
108.918 0.0217852
109.05 0.0202457
109.182 0.0216286
109.313 0.0216286
109.445 0.0216286
109.577 0.0216286
109.709 0.0216286
109.84 0.0216286
109.972 0.0216286
110.104 0.0216286
110.236 0.0216286
110.367 0.0216286
110.499 0.0216286
110.631 0.0216286
110.763 0.0216286
110.894 0.0216286
111.026 0.0216286
111.158 0.0216286
111.29 0.0216286
111.421 0.0216286
111.553 0.0216286
111.685 0.0216286
111.817 0.0216286
111.948 0.0216286
112.08 0.0216286
112.212 0.0216286
112.344 0.0216286
112.475 0.0216286
112.607 0.0216286
112.739 0.0216286
112.871 0.0216286
113.002 0.0216286
113.134 0.0216286
113.266 0.0216286
113.398 0.0216286
113.529 0.0216286
113.661 0.0216286
113.793 0.0216286
113.925 0.0216286
114.056 0.0216286
114.188 0.0216286
114.32 0.0216286
114.452 0.0216286
114.583 0.0216286
114.715 0.0216286
114.847 0.0216286
114.979 0.0216286
115.111 0.0216286
115.242 0.0216286
115.374 0.0216286
115.506 0.0216286
115.638 0.0216286
115.769 0.0216286
115.901 0.0216286
116.033 0.0216286
116.165 0.0216286
116.296 0.0216286
116.428 0.0216286
116.56 0.0216286
116.692 0.0216286
116.823 0.0216286
116.955 0.0216286
117.087 0.0216286
117.219 0.0216286
117.35 0.0216286
117.482 0.0216286
117.614 0.0216286
117.746 0.0216286
117.877 0.0216286
118.009 0.0216286
118.141 0.0216286
118.273 0.0216286
118.404 0.0216286
118.536 0.0216286
118.668 0.0216286
118.8 0.0216286
118.931 0.0216286
119.063 0.0216286
119.195 0.0216286
119.327 0.0216286
119.458 0.0216286
119.59 0.0216286
119.722 0.0216286
119.854 0.0216286
119.985 0.0216286
120.117 0.0216286
120.249 0.0216286
120.381 0.0216286
120.512 0.0216286
120.644 0.0216286
120.776 0.0216286
120.908 0.0216286
121.039 0.0216286
121.171 0.0216286
121.303 0.0216286
121.435 0.0216286
121.566 0.0216286
121.698 0.0216286
121.83 0.0216286
121.962 0.0216286
122.093 0.0216286
122.225 0.0216286
122.357 0.0216286
122.489 0.0216286
122.62 0.0216286
122.752 0.0216286
122.884 0.0216286
123.016 0.0216286
123.147 0.0216286
123.279 0.0216286
123.411 0.0216286
123.543 0.0216286
123.674 0.0216286
123.806 0.0216286
123.938 0.0216286
124.07 0.0216286
124.201 0.0216286
124.333 0.0216286
124.465 0.0216286
124.597 0.0216286
124.728 0.0216286
124.86 0.0216286
124.992 0.0216286
125.124 0.0216286
125.255 0.0216286
125.387 0.0216286
125.519 0.0216286
125.651 0.0216286
125.782 0.0216286
125.914 0.0216286
126.046 0.0216286
126.178 0.0216286
126.309 0.0216286
126.441 0.0216286
126.573 0.0216286
126.705 0.0216286
126.836 0.0216286
126.968 0.0216286
127.1 0.0216286
127.232 0.0216286
127.363 0.0216286
127.495 0.0216286
127.627 0.0216286
127.759 0.0216286
127.89 0.0216286
128.022 0.0216286
128.154 0.0216286
128.286 0.0216286
128.417 0.0216286
128.549 0.0216286
128.681 0.0216286
128.813 0.0216286
128.944 0.0216286
129.076 0.0216286
129.208 0.0216286
129.34 0.0216286
129.472 0.0216286
129.603 0.0216286
129.735 0.0216286
129.867 0.0216286
129.999 0.0216286
130.13 0.0216286
130.262 0.0216286
130.394 0.0216286
130.526 0.0216286
130.657 0.0216286
130.789 0.0216286
130.921 0.0216286
131.053 0.0216286
131.184 0.0216286
131.316 0.0216286
131.448 0.0216286
131.58 0.0216286
131.711 0.0216286
131.843 0.0216286
131.975 0.0216286
132.107 0.0216286
132.238 0.0216286
