-4.77261 0.317982
-4.64086 0.187886
-4.50911 0.100468
-4.37736 0.102814
-4.2456 0.11628
-4.11385 0.209449
-3.9821 0.250528
-3.85035 0.196895
-3.71859 0.0218951
-3.58684 -0.129191
-3.45509 -0.170632
-3.32334 -0.0935697
-3.19158 0.0107983
-3.05983 0.119795
-2.92808 0.0930958
-2.79633 0.0344775
-2.66458 0.028262
-2.53282 0.0495185
-2.40107 0.14215
-2.26932 0.212479
-2.13757 0.221016
-2.00581 0.214357
-1.87406 0.210879
-1.74231 0.196418
-1.61056 0.168956
-1.4788 0.110997
-1.34705 0.0124401
-1.2153 -0.0629644
-1.08355 -0.0589186
-0.951796 0.0419142
-0.820043 0.108563
-0.688291 0.127703
-0.556539 0.119703
-0.424786 0.138847
-0.293034 0.249346
-0.161282 0.432113
-0.0295294 0.549889
0.102223 0.593124
0.233975 0.492834
0.365727 0.358491
0.49748 0.258138
0.629232 0.258129
0.760984 0.326378
0.892737 0.404032
1.02449 0.43473
1.15624 0.447376
1.28799 0.42697
1.41975 0.403331
1.5515 0.306772
1.68325 0.0927781
1.815 -0.183297
1.94676 -0.416382
2.07851 -0.616428
2.21026 -0.734826
2.34201 -0.805572
2.47376 -0.761181
2.60552 -0.572201
2.73727 -0.240639
2.86902 0.192845
3.00077 0.609052
3.13253 0.897363
3.26428 1.01721
3.39603 1.00141
3.52778 0.850115
3.65954 0.606232
3.79129 0.274727
3.92304 -0.103395
4.05479 -0.410008
4.18654 -0.51955
4.3183 -0.386635
4.45005 -0.0982735
4.5818 0.192706
4.71355 0.36934
4.84531 0.418048
4.97706 0.405196
5.10881 0.395578
5.24056 0.39582
5.37232 0.371736
5.50407 0.308639
5.63582 0.241624
5.76757 0.220694
5.89932 0.250515
6.03108 0.274792
6.16283 0.227996
6.29458 0.103016
6.42633 -0.0371833
6.55809 -0.119056
6.68984 -0.12917
6.82159 -0.122706
6.95334 -0.160096
7.0851 -0.236911
7.21685 -0.279537
7.3486 -0.211572
7.48035 -0.0243314
7.6121 0.216419
7.74386 0.42753
7.87561 0.566412
8.00736 0.63499
8.13911 0.64083
8.27087 0.573895
8.40262 0.432052
8.53437 0.260623
8.66612 0.142859
8.79788 0.129476
8.92963 0.174157
9.06138 0.155798
9.19313 -0.0117371
9.32488 -0.279602
9.45664 -0.479575
9.58839 -0.45754
9.72014 -0.207916
9.85189 0.119166
9.98365 0.348703
10.1154 0.426317
10.2472 0.440083
10.3789 0.503844
10.5107 0.626068
10.6424 0.700304
10.7742 0.624293
10.9059 0.417802
11.0377 0.208922
11.1694 0.09856
11.3012 0.0476628
11.4329 -0.0841563
11.5647 -0.376756
11.6964 -0.729316
11.8282 -0.916131
11.9599 -0.777752
12.0917 -0.364845
12.2234 0.107267
12.3552 0.448163
12.4869 0.637141
12.6187 0.784123
12.7504 0.960784
12.8822 1.09174
13.0139 1.02922
13.1457 0.733513
13.2775 0.358506
13.4092 0.133606
13.541 0.149559
13.6727 0.268758
13.8045 0.262633
13.9362 0.0440949
14.068 -0.243229
14.1997 -0.37563
14.3315 -0.286558
14.4632 -0.140169
14.595 -0.156638
14.7267 -0.367639
14.8585 -0.563747
14.9902 -0.501835
15.122 -0.164239
15.2537 0.205247
15.3855 0.338549
15.5172 0.213683
15.649 0.0714
15.7807 0.150878
15.9125 0.420534
16.0443 0.601522
16.176 0.47954
16.3078 0.180523
16.4395 0.0937273
16.5713 0.479296
16.703 1.14299
16.8348 1.52672
16.9665 1.15741
17.0983 0.0256377
17.23 -1.46949
17.3618 -2.91108
17.4935 -4.11023
17.6253 -4.86474
17.757 -4.47158
17.8888 -1.68005
18.0205 4.45544
18.1523 13.1916
18.284 21.2783
18.4158 23.7094
18.5475 16.0694
18.6793 -2.6759
18.8111 -28.5699
18.9428 -53.313
19.0746 -67.0693
19.2063 -62.3063
19.3381 -37.1453
19.4698 3.10124
19.6016 46.9762
19.7333 80.4887
19.8651 92.2625
19.9968 78.2123
20.1286 43.4443
20.2603 0.0730991
20.3921 -38.2302
20.5238 -62.1196
20.6556 -69.6279
20.7873 -64.9018
20.9191 -53.9668
21.0508 -40.7277
21.1826 -25.8496
21.3143 -8.67205
21.4461 10.0778
21.5778 27.3607
21.7096 39.4323
21.8414 44.391
21.9731 43.3047
22.1049 38.9502
22.2366 33.3942
22.3684 26.6314
22.5001 17.418
22.6319 5.3632
22.7636 -7.79409
22.8954 -18.9777
23.0271 -25.9315
23.1589 -28.7738
23.2906 -29.5549
23.4224 -30.2559
23.5541 -31.0422
23.6859 -30.2796
23.8176 -26.1846
23.9494 -18.5532
24.0811 -9.0607
24.2129 -0.0017519
24.3446 7.28658
24.4764 12.9401
24.6082 17.7489
24.7399 21.9649
24.8717 24.9112
25.0034 25.6746
25.1352 24.0894
25.2669 21.0044
25.3987 17.5862
25.5304 14.3633
25.6622 10.9246
25.7939 6.52138
25.9257 0.956189
26.0574 -5.07619
26.1892 -10.4633
26.3209 -14.4649
26.4527 -17.0873
26.5844 -18.78
26.7162 -19.8455
26.8479 -20.1617
26.9797 -19.4272
27.1114 -17.5969
27.2432 -15.0228
27.375 -12.1613
27.5067 -9.17256
27.6385 -5.8367
27.7702 -1.87912
27.902 2.61985
28.0337 7.13223
28.1655 10.9898
28.2972 13.795
28.429 15.565
28.5607 16.5247
28.6925 16.7978
28.8242 16.3086
28.956 14.9622
29.0877 12.8775
29.2195 10.412
29.3512 7.93993
29.483 5.60072
29.6147 3.25938
29.7465 0.712241
29.8782 -2.06146
30.01 -4.83043
30.1417 -7.27117
30.2735 -9.19707
30.4053 -10.6572
30.537 -11.8422
30.6688 -12.9011
30.8005 -13.8149
30.9323 -14.3891
31.064 -14.3282
31.1958 -13.3313
31.3275 -11.1988
31.4593 -7.95751
31.591 -3.96435
31.7228 0.107442
31.8545 3.46971
31.9863 5.55074
32.118 6.27084
32.2498 6.07467
32.3815 5.68238
32.5133 5.71277
32.645 6.41191
32.7768 7.62998
32.9085 9.00828
33.0403 10.2118
33.1721 11.0542
33.3038 11.4763
33.4356 11.4498
33.5673 10.9062
33.6991 9.74291
33.8308 7.88592
33.9626 5.35682
34.0943 2.29948
34.2261 -1.04555
34.3578 -4.40147
34.4896 -7.51748
34.6213 -10.202
34.7531 -12.3154
34.8848 -13.7421
35.0166 -14.3794
35.1483 -14.1684
35.2801 -13.1504
35.4118 -11.4972
35.5436 -9.47463
35.6753 -7.3495
35.8071 -5.30287
35.9389 -3.40671
36.0706 -1.66519
36.2024 -0.0640391
36.3341 1.42598
36.4659 2.88297
36.5976 4.43768
36.7294 6.19473
36.8611 8.10411
36.9929 9.89191
37.1246 11.1422
37.2564 11.5082
37.3881 10.9145
37.5199 9.60111
37.6516 7.97427
37.7834 6.37407
37.9151 4.9276
38.0469 3.57515
38.1786 2.21635
38.3104 0.840438
38.4421 -0.455629
38.5739 -1.54734
38.7056 -2.37
38.8374 -2.93973
38.9692 -3.31352
39.1009 -3.54915
39.2327 -3.70789
39.3644 -3.88049
39.4962 -4.18174
39.6279 -4.68939
39.7597 -5.36719
39.8914 -6.04331
40.0232 -6.479
40.1549 -6.49058
40.2867 -6.04355
40.4184 -5.2583
40.5502 -4.33083
40.6819 -3.42545
40.8137 -2.60253
40.9454 -1.81111
41.0772 -0.936937
41.2089 0.124114
41.3407 1.39877
41.4724 2.80191
41.6042 4.15359
41.736 5.24748
41.8677 5.94213
41.9995 6.225
42.1312 6.2079
42.263 6.05476
42.3947 5.88899
42.5265 5.7414
42.6582 5.56677
42.79 5.30399
42.9217 4.92508
43.0535 4.43572
43.1852 3.83652
43.317 3.08935
43.4487 2.12715
43.5805 0.906537
43.7122 -0.53501
43.844 -2.06224
43.9757 -3.48221
44.1075 -4.61941
44.2392 -5.38238
44.371 -5.78609
44.5027 -5.92241
44.6345 -5.90023
44.7663 -5.79022
44.898 -5.60211
45.0298 -5.30029
45.1615 -4.84153
45.2933 -4.2088
45.425 -3.42372
45.5568 -2.5378
45.6885 -1.61612
45.8203 -0.724784
45.952 0.0778537
46.0838 0.753973
46.2155 1.30386
46.3473 1.77476
46.479 2.24365
46.6108 2.77301
46.7425 3.36473
46.8743 3.9471
47.006 4.41001
47.1378 4.66668
47.2695 4.69837
47.4013 4.55221
47.5331 4.30012
47.6648 3.99577
47.7966 3.66061
47.9283 3.29885
48.0601 2.91607
48.1918 2.52011
48.3236 2.109
48.4553 1.66759
48.5871 1.18359
48.7188 0.667725
48.8506 0.15227
48.9823 -0.338154
49.1141 -0.817412
49.2458 -1.3359
49.3776 -1.93907
49.5093 -2.6191
49.6411 -3.30374
49.7728 -3.89519
49.9046 -4.3264
50.0363 -4.58678
50.1681 -4.69869
50.2999 -4.67234
50.4316 -4.48496
50.5634 -4.10284
50.6951 -3.52215
50.8269 -2.78816
50.9586 -1.97731
51.0904 -1.16348
51.2221 -0.400491
51.3539 0.272941
51.4856 0.82838
51.6174 1.26316
51.7491 1.62301
51.8809 1.99354
52.0126 2.44182
52.1444 2.94284
52.2761 3.36143
52.4079 3.53186
52.5396 3.39812
52.6714 3.11083
52.8031 2.98698
52.9349 3.32756
53.0666 4.19358
53.1984 5.28423
53.3302 6.0108
53.4619 5.75069
53.5937 4.16564
53.7254 1.42872
53.8572 -1.76149
53.9889 -4.41209
54.1207 -5.63408
54.2524 -5.03705
54.3842 -2.92553
54.5159 -0.178972
54.6477 2.14259
54.7794 3.2656
54.9112 2.99045
55.0429 1.65648
55.1747 -0.153023
55.3064 -1.9453
55.4382 -3.47849
55.5699 -4.69459
55.7017 -5.5523
55.8334 -5.94119
55.9652 -5.7513
56.097 -5.01081
56.2287 -3.9363
56.3605 -2.82503
56.4922 -1.87119
56.624 -1.06469
56.7557 -0.260018
56.8875 0.64847
57.0192 1.60132
57.151 2.40567
57.2827 2.88918
57.4145 3.03739
57.5462 2.99911
57.678 2.96585
57.8097 3.03643
57.9415 3.176
58.0732 3.28359
58.205 3.28889
58.3367 3.19006
58.4685 3.01533
58.6002 2.76614
58.732 2.4079
58.8638 1.91691
58.9955 1.33249
59.1273 0.758588
59.259 0.309285
59.3908 0.0435235
59.5225 -0.0607595
59.6543 -0.0822689
59.786 -0.111525
59.9178 -0.220024
60.0495 -0.450916
60.1813 -0.814865
60.313 -1.27922
60.4448 -1.76144
60.5765 -2.14797
60.7083 -2.34198
60.84 -2.31319
60.9718 -2.11326
61.1035 -1.84343
61.2353 -1.597
61.367 -1.41724
61.4988 -1.29496
61.6305 -1.19766
61.7623 -1.10204
61.8941 -1.00741
62.0258 -0.928308
62.1576 -0.87891
62.2893 -0.860083
62.4211 -0.851699
62.5528 -0.809683
62.6846 -0.671752
62.8163 -0.377508
62.9481 0.100274
63.0798 0.729896
63.2116 1.42109
63.3433 2.05811
63.4751 2.54943
63.6068 2.86419
63.7386 3.03365
63.8703 3.11866
64.0021 3.16583
64.1338 3.17979
64.2656 3.12625
64.3973 2.96046
64.5291 2.66147
64.6609 2.25059
64.7926 1.78311
64.9244 1.31927
65.0561 0.89365
65.1879 0.503944
65.3196 0.125985
65.4514 -0.258113
65.5831 -0.642933
65.7149 -1.00838
65.8466 -1.34443
65.9784 -1.6651
66.1101 -1.9926
66.2419 -2.32187
66.3736 -2.59982
66.5054 -2.74689
66.6371 -2.71216
66.7689 -2.51831
66.9006 -2.25438
67.0324 -2.01522
67.1641 -1.83406
67.2959 -1.66371
67.4277 -1.4227
67.5594 -1.06764
67.6912 -0.631158
67.8229 -0.195689
67.9547 0.170934
68.0864 0.461828
68.2182 0.723332
68.3499 1.00677
68.4817 1.32579
68.6134 1.65352
68.7452 1.95331
68.8769 2.20809
69.0087 2.42114
69.1404 2.59357
69.2722 2.7058
69.4039 2.72308
69.5357 2.61847
69.6674 2.39113
69.7992 2.06606
69.9309 1.68193
70.0627 1.28193
70.1944 0.911523
70.3262 0.612248
70.458 0.402829
70.5897 0.266777
70.7215 0.117145
70.8532 -0.120265
70.985 -0.484085
71.1167 -0.938764
71.2485 -1.37478
71.3802 -1.71591
71.512 -1.90481
71.6437 -1.91579
71.7755 -1.81483
71.9072 -1.60382
72.039 -1.35384
72.1707 -1.1208
72.3025 -0.862941
72.4342 -0.661917
72.566 -0.536097
72.6977 -0.521045
72.8295 -0.595653
72.9612 -0.649515
73.093 -0.689076
73.2248 -0.625918
73.3565 -0.475055
73.4883 -0.227982
73.62 0.0316235
73.7518 0.315097
73.8835 0.572098
74.0153 0.774871
74.147 0.976144
74.2788 1.13229
74.4105 1.26307
74.5423 1.33039
74.674 1.3371
74.8058 1.35121
74.9375 1.30088
75.0693 1.20769
75.201 1.07379
75.3328 0.895871
75.4645 0.76695
75.5963 0.687047
75.728 0.679569
75.8598 0.683918
75.9916 0.693666
76.1233 0.595283
76.2551 0.344067
76.3868 0.0247472
76.5186 -0.266277
76.6503 -0.487854
76.7821 -0.655518
76.9138 -0.766831
77.0456 -0.848183
77.1773 -0.824944
77.3091 -0.75057
77.4408 -0.641591
77.5726 -0.488492
77.7043 -0.36097
77.8361 -0.310672
77.9678 -0.305434
78.0996 -0.338874
78.2313 -0.371772
78.3631 -0.397248
78.4948 -0.43686
78.6266 -0.496087
78.7583 -0.473141
78.8901 -0.357484
79.0219 -0.13724
79.1536 0.119108
79.2854 0.35881
79.4171 0.465136
79.5489 0.471677
79.6806 0.419596
79.8124 0.325873
79.9441 0.258605
80.0759 0.239902
80.2076 0.310813
80.3394 0.433382
80.4711 0.645869
80.6029 0.834447
80.7346 0.975064
80.8664 1.00542
80.9981 0.923993
81.1299 0.719049
81.2616 0.487861
81.3934 0.257255
81.5251 0.0694057
81.6569 -0.0373069
81.7887 -0.0753888
81.9204 -0.0101774
82.0522 0.114018
82.1839 0.236457
82.3157 0.267111
82.4474 0.199826
82.5792 0.0647538
82.7109 -0.0950992
82.8427 -0.208597
82.9744 -0.268695
83.1062 -0.264241
83.2379 -0.226843
83.3697 -0.213183
83.5014 -0.214599
83.6332 -0.260302
83.7649 -0.304758
83.8967 -0.349645
84.0284 -0.38294
84.1602 -0.434998
84.2919 -0.466173
84.4237 -0.429269
84.5555 -0.320309
84.6872 -0.141903
84.819 0.018313
84.9507 0.118439
85.0825 0.169334
85.2142 0.225067
85.346 0.272614
85.4777 0.287134
85.6095 0.308586
85.7412 0.319382
85.873 0.294795
86.0047 0.280869
86.1365 0.264192
86.2682 0.257588
86.4 0.277018
86.5317 0.316027
86.6635 0.328563
86.7952 0.347751
86.927 0.351697
87.0587 0.327603
87.1905 0.320631
87.3222 0.30463
87.454 0.284781
87.5858 0.233354
87.7175 0.165529
87.8493 0.0755751
87.981 0.0209475
88.1128 0.0546023
88.2445 0.0469561
88.3763 0.0441993
88.508 0.0271469
88.6398 -0.046001
88.7715 -0.0942541
88.9033 -0.157843
89.035 -0.231059
89.1668 -0.29441
89.2985 -0.354403
89.4303 -0.372957
89.562 -0.325173
89.6938 -0.220522
89.8255 -0.0900187
89.9573 0.0152827
90.089 0.0617735
90.2208 0.0926325
90.3526 0.0657356
90.4843 -0.00779935
90.6161 -0.0464575
90.7478 -0.0489356
90.8796 -0.0627394
91.0113 -0.0386285
91.1431 -0.015121
91.2748 0.035856
91.4066 0.111665
91.5383 0.218163
91.6701 0.301763
91.8018 0.363578
91.9336 0.406659
92.0653 0.385875
92.1971 0.30322
92.3288 0.18173
92.4606 0.0753689
92.5923 -0.0126909
92.7241 -0.0657989
92.8558 -0.0649837
92.9876 -0.0602699
93.1194 -0.0351215
93.2511 0.0302732
93.3829 0.0657214
93.5146 0.0757819
93.6464 0.0456291
93.7781 0.0398074
93.9099 0.00786921
94.0416 0.0276767
94.1734 0.100243
94.3051 0.163118
94.4369 0.166094
94.5686 0.105728
94.7004 -0.00229627
94.8321 -0.0718758
94.9639 -0.142423
95.0956 -0.139774
95.2274 -0.0583191
95.3591 0.0520258
95.4909 0.119544
95.6226 0.107365
95.7544 0.113014
95.8861 0.0513409
96.0179 -0.0042747
96.1497 -0.0610766
96.2814 -0.0728408
96.4132 -0.0912876
96.5449 -0.102287
96.6767 -0.0909356
96.8084 -0.0377116
96.9402 -0.0229957
97.0719 0.0467496
97.2037 0.106028
97.3354 0.13996
97.4672 0.195218
97.5989 0.178512
97.7307 0.116704
97.8624 0.0379939
97.9942 -0.044699
98.1259 -0.0781529
98.2577 -0.0363136
98.3894 0.0249973
98.5212 0.058262
98.6529 0.0716587
98.7847 0.0671235
98.9165 0.0549395
99.0482 0.0164642
99.18 0.0153167
99.3117 0.00416665
99.4435 -0.0220172
99.5752 -0.034226
99.707 -0.0279138
99.8387 -0.00737437
99.9705 0.0544422
100.102 0.0576681
100.234 0.0533016
100.366 0.0175727
100.497 -0.00129079
100.629 -0.0114797
100.761 -0.00879344
100.893 -0.00328121
101.024 0.0148019
101.156 0.0132739
101.288 0.0184463
101.42 -0.00825809
101.551 -0.0246669
101.683 0.00030675
101.815 0.0359464
101.947 0.0274339
102.079 0.0275661
102.21 0.00793014
102.342 0.0170541
102.474 0.0184318
102.606 0.0207011
102.737 0.0297556
102.869 0.0241302
103.001 0.012613
103.133 0.00665628
103.264 0.00828163
103.396 0.00263613
103.528 0.0184578
103.66 0.0209451
103.791 0.0128827
103.923 0.0095361
104.055 0.0109172
104.187 0.014546
104.318 0.014546
104.45 0.014546
104.582 0.014546
104.714 0.014546
104.845 0.014546
104.977 0.014546
105.109 0.014546
105.241 0.014546
105.372 0.014546
105.504 0.014546
105.636 0.014546
105.768 0.014546
105.899 0.014546
106.031 0.014546
106.163 0.014546
106.295 0.014546
106.426 0.014546
106.558 0.014546
106.69 0.014546
106.822 0.014546
106.953 0.014546
107.085 0.014546
107.217 0.014546
107.349 0.014546
107.48 0.014546
107.612 0.014546
107.744 0.014546
107.876 0.014546
108.007 0.014546
108.139 0.014546
108.271 0.014546
108.403 0.014546
108.534 0.014546
108.666 0.014546
108.798 0.014546
108.93 0.014546
109.061 0.014546
109.193 0.014546
109.325 0.014546
109.457 0.014546
109.588 0.014546
109.72 0.014546
109.852 0.014546
109.984 0.014546
110.115 0.014546
110.247 0.014546
110.379 0.014546
110.511 0.014546
110.642 0.014546
110.774 0.014546
110.906 0.014546
111.038 0.014546
111.169 0.014546
111.301 0.014546
111.433 0.014546
111.565 0.014546
111.696 0.014546
111.828 0.014546
111.96 0.014546
112.092 0.014546
112.223 0.014546
112.355 0.014546
112.487 0.014546
112.619 0.014546
112.75 0.014546
112.882 0.014546
113.014 0.014546
113.146 0.014546
113.277 0.014546
113.409 0.014546
113.541 0.014546
113.673 0.014546
113.804 0.014546
113.936 0.014546
114.068 0.014546
114.2 0.014546
114.331 0.014546
114.463 0.014546
114.595 0.014546
114.727 0.014546
114.858 0.014546
114.99 0.014546
115.122 0.014546
115.254 0.014546
115.385 0.014546
115.517 0.014546
115.649 0.014546
115.781 0.014546
115.912 0.014546
116.044 0.014546
116.176 0.014546
116.308 0.014546
116.44 0.014546
116.571 0.014546
116.703 0.014546
116.835 0.014546
116.967 0.014546
117.098 0.014546
117.23 0.014546
117.362 0.014546
117.494 0.014546
117.625 0.014546
117.757 0.014546
117.889 0.014546
118.021 0.014546
118.152 0.014546
118.284 0.014546
118.416 0.014546
118.548 0.014546
118.679 0.014546
118.811 0.014546
118.943 0.014546
119.075 0.014546
119.206 0.014546
119.338 0.014546
119.47 0.014546
119.602 0.014546
119.733 0.014546
119.865 0.014546
119.997 0.014546
120.129 0.014546
120.26 0.014546
120.392 0.014546
120.524 0.014546
120.656 0.014546
120.787 0.014546
120.919 0.014546
121.051 0.014546
121.183 0.014546
121.314 0.014546
121.446 0.014546
121.578 0.014546
121.71 0.014546
121.841 0.014546
121.973 0.014546
122.105 0.014546
122.237 0.014546
122.368 0.014546
122.5 0.014546
122.632 0.014546
122.764 0.014546
122.895 0.014546
123.027 0.014546
123.159 0.014546
123.291 0.014546
123.422 0.014546
123.554 0.014546
123.686 0.014546
123.818 0.014546
123.949 0.014546
124.081 0.014546
124.213 0.014546
124.345 0.014546
124.476 0.014546
124.608 0.014546
124.74 0.014546
124.872 0.014546
125.003 0.014546
125.135 0.014546
125.267 0.014546
125.399 0.014546
125.53 0.014546
125.662 0.014546
125.794 0.014546
125.926 0.014546
126.057 0.014546
126.189 0.014546
126.321 0.014546
126.453 0.014546
126.584 0.014546
126.716 0.014546
126.848 0.014546
126.98 0.014546
127.111 0.014546
127.243 0.014546
127.375 0.014546
127.507 0.014546
127.638 0.014546
127.77 0.014546
127.902 0.014546
128.034 0.014546
128.165 0.014546
128.297 0.014546
128.429 0.014546
128.561 0.014546
128.692 0.014546
128.824 0.014546
128.956 0.014546
129.088 0.014546
129.219 0.014546
129.351 0.014546
129.483 0.014546
129.615 0.014546
129.746 0.014546
129.878 0.014546
130.01 0.014546
