-0.769684 -0.964701
-0.637932 -0.466461
-0.50618 0.0961901
-0.374427 0.468965
-0.242675 0.623246
-0.110923 0.526254
0.0208297 0.339563
0.152582 0.166555
0.284334 0.118305
0.416087 0.11301
0.547839 0.126858
0.679591 0.116173
0.811344 0.166078
0.943096 0.395095
1.07485 0.747362
1.2066 1.14741
1.33835 1.45375
1.47011 1.48857
1.60186 1.23642
1.73361 0.825375
1.86536 0.298092
1.99711 -0.275824
2.12887 -0.867004
2.26062 -1.42113
2.39237 -1.8442
2.52412 -2.11048
2.65588 -2.11447
2.78763 -1.89065
2.91938 -1.5591
3.05113 -1.15186
3.18289 -0.710248
3.31464 -0.19587
3.44639 0.572801
3.57814 1.29492
3.70989 1.94719
3.84165 2.32338
3.9734 2.36473
4.10515 2.16288
4.2369 1.88127
4.36866 1.52643
4.50041 1.20404
4.63216 0.899439
4.76391 0.629688
4.89566 0.32532
5.02742 -0.160375
5.15917 -0.849001
5.29092 -1.6534
5.42267 -2.28744
5.55443 -2.6357
5.68618 -2.58301
5.81793 -2.1141
5.94968 -1.31998
6.08144 -0.259327
6.21319 0.974324
6.34494 2.21349
6.47669 3.2635
6.60844 3.85284
6.7402 3.7736
6.87195 2.92209
7.0037 1.51397
7.13545 -0.00330786
7.26721 -1.3777
7.39896 -2.49816
7.53071 -3.37065
7.66246 -3.76895
7.79422 -3.54385
7.92597 -2.66738
8.05772 -1.34575
8.18947 -0.078639
8.32122 0.795803
8.45298 1.1731
8.58473 1.20142
8.71648 1.14979
8.84823 1.33529
8.97999 1.74961
9.11174 2.25711
9.24349 2.65941
9.37524 2.86473
9.507 2.82018
9.63875 2.42166
9.7705 1.53931
9.90225 0.256829
10.034 -1.11894
10.1658 -2.26324
10.2975 -2.92645
10.4293 -3.02035
10.561 -2.6748
10.6928 -1.93465
10.8245 -0.957726
10.9563 0.138847
11.088 1.16542
11.2198 1.97118
11.3515 2.40069
11.4833 2.37448
11.615 1.99249
11.7468 1.4028
11.8785 0.749972
12.0103 0.232651
12.142 -0.167455
12.2738 -0.464288
12.4055 -0.538262
12.5373 -0.413627
12.6691 -0.229335
12.8008 -0.0902261
12.9326 -0.298401
13.0643 -0.777239
13.1961 -1.4013
13.3278 -1.94079
13.4596 -2.23641
13.5913 -2.24919
13.7231 -1.82711
13.8548 -1.10567
13.9866 0.0482989
14.1183 1.4111
14.2501 2.72771
14.3818 3.55612
14.5136 3.77778
14.6453 3.28347
14.7771 2.37366
14.9088 1.39745
15.0406 0.633683
15.1723 0.214723
15.3041 0.124434
15.4358 0.39822
15.5676 0.898166
15.6994 1.5324
15.8311 1.85536
15.9629 1.82161
16.0946 1.34412
16.2264 0.515228
16.3581 -0.479928
16.4899 -1.52359
16.6216 -2.71189
16.7534 -3.81398
16.8851 -4.40057
17.0169 -4.16795
17.1486 -3.07648
17.2804 -1.43328
17.4121 0.275695
17.5439 1.61899
17.6756 2.45532
17.8074 2.84683
17.9391 2.94502
18.0709 2.73527
18.2026 2.20804
18.3344 1.41405
18.4662 0.627369
18.5979 0.131977
18.7297 -0.0567476
18.8614 -0.107202
18.9932 -0.38923
19.1249 -0.948617
19.2567 -1.51095
19.3884 -1.80954
19.5202 -1.5085
19.6519 -0.726866
19.7837 0.264085
19.9154 1.34614
20.0472 2.4691
20.1789 3.53959
20.3107 4.32787
20.4424 4.42246
20.5742 3.7098
20.7059 2.45761
20.8377 1.20437
20.9694 0.381197
21.1012 0.075071
21.233 -0.163872
21.3647 -0.660887
21.4965 -1.32623
21.6282 -1.73161
21.76 -1.60766
21.8917 -1.07173
22.0235 -0.555987
22.1552 -0.476121
22.287 -0.834459
22.4187 -1.32212
22.5505 -1.56207
22.6822 -1.46397
22.814 -1.15102
22.9457 -0.802562
23.0775 -0.447266
23.2092 -0.0938946
23.341 0.252664
23.4727 0.409894
23.6045 0.307799
23.7362 0.112772
23.868 0.263164
23.9997 1.07232
24.1315 2.3881
24.2633 3.58555
24.395 3.99213
24.5268 3.34687
24.6585 1.94539
24.7903 0.398618
24.922 -0.802496
25.0538 -1.44166
25.1855 -1.46639
25.3173 -0.827166
25.449 0.473987
25.5808 2.16818
25.7125 3.63934
25.8443 4.19275
25.976 3.52016
26.1078 1.95176
26.2395 0.234424
26.3713 -0.993359
26.503 -1.57485
26.6348 -1.75899
26.7665 -1.81874
26.8983 -1.78268
27.0301 -1.53169
27.1618 -1.09324
27.2936 -0.749199
27.4253 -0.793015
27.5571 -1.18712
27.6888 -1.52081
27.8206 -1.3693
27.9523 -0.714731
28.0841 0.0116181
28.2158 0.335348
28.3476 0.193211
28.4793 -0.0302988
28.6111 0.076889
28.7428 0.520848
28.8746 0.919611
29.0063 0.957373
29.1381 0.777618
29.2698 0.859344
29.4016 1.46915
29.5333 2.26845
29.6651 2.54337
29.7969 1.8925
29.9286 0.697789
30.0604 -0.130148
30.1921 0.0684092
30.3239 1.13868
30.4556 2.30709
30.5874 2.9241
30.7191 2.99677
30.8509 2.98784
30.9826 3.13734
31.1144 3.07396
31.2461 2.1756
31.3779 0.319913
31.5096 -1.79794
31.6414 -3.19068
31.7731 -3.46908
31.9049 -3.18573
32.0366 -3.23775
32.1684 -3.90434
32.3001 -4.50949
32.4319 -4.09085
32.5636 -2.41453
32.6954 -0.285924
32.8272 1.19161
32.9589 1.66064
33.0907 1.76334
33.2224 2.32268
33.3542 3.31895
33.4859 3.79753
33.6177 2.88829
33.7494 0.895477
33.8812 -0.761682
34.0129 -0.837564
34.1447 0.471663
34.2764 1.62647
34.4082 1.21193
34.5399 -0.677666
34.6717 -2.59489
34.8034 -3.31173
34.9352 -3.08986
35.0669 -3.08164
35.1987 -3.26104
35.3304 -1.16495
35.4622 6.56537
35.594 20.4136
35.7257 35.1352
35.8575 40.9549
35.9892 28.954
36.121 -2.76758
36.2527 -46.5319
36.3845 -87.9491
36.5162 -112.129
36.648 -109.264
36.7797 -77.0553
36.9115 -20.4934
37.0432 49.0658
37.175 114.859
37.3067 157.315
37.4385 159.971
37.5702 117.443
37.702 40.6619
37.8337 -45.5708
37.9655 -113.214
38.0972 -144.193
38.229 -137.931
38.3608 -108.42
38.4925 -73.3762
38.6243 -43.449
38.756 -18.7347
38.8878 6.30844
39.0195 34.8488
39.1513 63.4747
39.283 84.6199
39.4148 92.606
39.5465 87.6814
39.6783 74.8705
39.81 59.2976
39.9418 42.4788
40.0735 22.6755
40.2053 -1.55815
40.337 -28.2649
40.4688 -52.3099
40.6005 -68.5906
40.7323 -75.2513
40.864 -74.169
40.9958 -68.6041
41.1275 -60.3646
41.2593 -48.9738
41.3911 -33.2754
41.5228 -13.7085
41.6546 6.9306
41.7863 24.8652
41.9181 37.551
42.0498 44.8334
42.1816 48.2689
42.3133 49.4555
42.4451 48.8909
42.5768 46.1429
42.7086 40.8287
42.8403 33.2796
42.9721 24.2819
43.1038 14.309
43.2356 3.17297
43.3673 -9.43255
43.4991 -22.9575
43.6308 -35.5584
43.7626 -44.7586
43.8943 -48.8125
44.0261 -47.7321
44.1579 -43.1639
44.2896 -37.2201
44.4214 -31.1821
44.5531 -25.0388
44.6849 -18.0896
44.8166 -9.97554
44.9484 -1.22794
45.0801 7.06743
45.2119 14.0903
45.3436 19.8008
45.4754 24.7012
45.6071 29.1201
45.7389 32.7244
45.8706 34.7212
46.0024 34.5384
46.1341 32.3223
46.2659 28.775
46.3976 24.5047
46.5294 19.5327
46.6611 13.4483
46.7929 6.06295
46.9247 -2.08411
47.0564 -9.88611
47.1882 -16.3673
47.3199 -21.2666
47.4517 -24.9618
47.5834 -27.8409
47.7152 -29.774
47.8469 -30.2374
47.9787 -28.9755
48.1104 -26.5058
48.2422 -23.8792
48.3739 -21.8154
48.5057 -19.9846
48.6374 -17.1374
48.7692 -12.0542
48.9009 -4.55014
49.0327 4.27593
49.1644 12.6929
49.2962 19.2913
49.4279 23.4918
49.5597 25.3861
49.6914 25.3088
49.8232 23.6618
49.955 21.0722
50.0867 18.4936
50.2185 16.8899
50.3502 16.6387
50.482 17.2037
50.6137 17.4724
50.7455 16.5409
50.8772 14.2633
51.009 11.0838
51.1407 7.3539
51.2725 2.85308
51.4042 -2.96352
51.536 -10.2
51.6677 -17.9978
51.7995 -24.831
51.9312 -29.4254
52.063 -31.5054
52.1947 -31.719
52.3265 -30.8564
52.4582 -29.1215
52.59 -26.1206
52.7218 -21.5156
52.8535 -15.6514
52.9853 -9.52187
53.117 -4.10896
53.2488 0.262383
53.3805 3.95245
53.5123 7.44183
53.644 10.7691
53.7758 13.5263
53.9075 15.3798
54.0393 16.5461
54.171 17.7045
54.3028 19.3927
54.4345 21.4528
54.5663 23.0542
54.698 23.2819
54.8298 21.7706
54.9615 18.8623
55.0933 15.2349
55.225 11.4065
55.3568 7.54896
55.4886 3.67098
55.6203 -0.129484
55.7521 -3.64143
55.8838 -6.72939
56.0156 -9.46114
56.1473 -11.9775
56.2791 -14.2202
56.4108 -15.8322
56.5426 -16.3981
56.6743 -15.8457
56.8061 -14.633
56.9378 -13.511
57.0696 -13.0299
57.2013 -13.182
57.3331 -13.4514
57.4648 -13.1916
57.5966 -12.0122
57.7283 -9.91202
57.8601 -7.15515
57.9918 -4.07796
58.1236 -0.985614
58.2553 1.86577
58.3871 4.29877
58.5189 6.28915
58.6506 7.99983
58.7824 9.67834
58.9141 11.451
59.0459 13.178
59.1776 14.5128
59.3094 15.1399
59.4411 15.003
59.5729 14.3387
59.7046 13.4984
59.8364 12.7123
59.9681 11.9752
60.0999 11.1101
60.2316 9.92284
60.3634 8.31733
60.4951 6.31536
60.6269 4.01151
60.7586 1.52209
60.8904 -1.04683
61.0221 -3.61796
61.1539 -6.14884
61.2857 -8.61238
61.4174 -10.954
61.5492 -13.0608
61.6809 -14.7819
61.8127 -15.9908
61.9444 -16.6288
62.0762 -16.6814
62.2079 -16.1147
62.3397 -14.8618
62.4714 -12.9082
62.6032 -10.4101
62.7349 -7.70833
62.8667 -5.16966
62.9984 -2.9579
63.1302 -0.936302
63.2619 1.18562
63.3937 3.56713
63.5254 6.06108
63.6572 8.31014
63.7889 10.027
63.9207 11.1952
64.0525 12.0029
64.1842 12.5836
64.316 12.8313
64.4477 12.4886
64.5795 11.4326
64.7112 9.8795
64.843 8.29152
64.9747 7.05661
65.1065 6.22687
65.2382 5.54873
65.37 4.73977
65.5017 3.74087
65.6335 2.71528
65.7652 1.82644
65.897 1.03929
66.0287 0.14922
66.1605 -1.0005
66.2922 -2.34366
66.424 -3.63896
66.5557 -4.68921
66.6875 -5.50877
66.8192 -6.2772
66.951 -7.13883
67.0828 -8.05781
67.2145 -8.86662
67.3463 -9.43705
67.478 -9.78014
67.6098 -9.96986
67.7415 -9.98393
67.8733 -9.64956
68.005 -8.77041
68.1368 -7.31459
68.2685 -5.47196
68.4003 -3.51896
68.532 -1.62568
68.6638 0.205653
68.7955 2.02472
68.9273 3.78291
69.059 5.32507
69.1908 6.53912
69.3225 7.49522
69.4543 8.39819
69.586 9.36475
69.7178 10.2352
69.8496 10.6308
69.9813 10.2545
70.1131 9.20208
70.2448 8.01143
70.3766 7.37369
70.5083 7.68455
70.6401 8.72358
70.7718 9.65597
70.9036 9.3603
71.0353 6.94022
71.1671 2.22209
71.2988 -3.96409
71.4306 -9.89829
71.5623 -13.5501
71.6941 -13.4692
71.8258 -9.57782
71.9576 -3.38032
72.0893 2.63236
72.2211 6.12407
72.3528 5.96082
72.4846 2.56452
72.6164 -2.56561
72.7481 -7.75942
72.8799 -11.8915
73.0116 -14.5394
73.1434 -15.6921
73.2751 -15.409
73.4069 -13.7388
73.5386 -10.8741
73.6704 -7.2802
73.8021 -3.5926
73.9339 -0.336455
74.0656 2.29374
74.1974 4.40942
74.3291 6.19977
74.4609 7.71099
74.5926 8.81058
74.7244 9.33245
74.8561 9.25049
74.9879 8.7356
75.1196 8.07442
75.2514 7.53538
75.3831 7.27223
75.5149 7.29064
75.6467 7.45544
75.7784 7.52519
75.9102 7.22682
76.0419 6.37045
76.1737 4.95692
76.3054 3.20539
76.4372 1.4675
76.5689 0.071253
76.7007 -0.817563
76.8324 -1.25125
76.9642 -1.46727
77.0959 -1.7964
77.2277 -2.53934
77.3594 -3.83251
77.4912 -5.54688
77.6229 -7.29096
77.7547 -8.56199
77.8864 -8.99245
78.0182 -8.54313
78.1499 -7.50262
78.2817 -6.28613
78.4135 -5.18357
78.5452 -4.24469
78.677 -3.36604
78.8087 -2.46921
78.9405 -1.59494
79.0722 -0.840229
79.204 -0.229366
79.3357 0.330105
79.4675 0.954674
79.5992 1.6552
79.731 2.31328
79.8627 2.79609
79.9945 3.09468
80.1262 3.34232
80.258 3.69201
80.3897 4.17759
80.5215 4.69758
80.6532 5.12995
80.785 5.44799
80.9167 5.71135
81.0485 5.9479
81.1802 6.06848
81.312 5.92682
81.4438 5.47552
81.5755 4.84811
81.7073 4.25594
81.839 3.77836
81.9708 3.25314
82.1025 2.39723
82.2343 1.06941
82.366 -0.560999
82.4978 -2.09989
82.6295 -3.19847
82.7613 -3.77315
82.893 -3.99968
83.0248 -4.12234
83.1565 -4.27595
83.2883 -4.46924
83.42 -4.68915
83.5518 -4.96523
83.6835 -5.30267
83.8153 -5.56934
83.947 -5.50294
84.0788 -4.89063
84.2106 -3.77832
84.3423 -2.50091
84.4741 -1.47282
84.6058 -0.903805
84.7376 -0.682464
84.8693 -0.517036
85.0011 -0.186946
85.1328 0.329177
85.2646 0.941554
85.3963 1.62383
85.5281 2.46818
85.6598 3.55627
85.7916 4.78813
85.9233 5.86674
86.0551 6.48245
86.1868 6.53642
86.3186 6.19645
86.4503 5.73735
86.5821 5.32039
86.7138 4.91115
86.8456 4.38656
86.9774 3.69793
87.1091 2.92273
87.2409 2.17376
87.3726 1.48715
87.5044 0.817941
87.6361 0.136725
87.7679 -0.501796
87.8996 -1.01744
88.0314 -1.43823
88.1631 -1.95102
88.2949 -2.77475
88.4266 -3.94167
88.5584 -5.18432
88.6901 -6.05076
88.8219 -6.17237
88.9536 -5.47675
89.0854 -4.19459
89.2171 -2.69079
89.3489 -1.27998
89.4806 -0.153043
89.6124 0.59498
89.7441 0.933449
89.8759 0.916701
90.0077 0.70915
90.1394 0.534237
90.2712 0.546814
90.4029 0.730429
90.5347 0.921966
90.6664 0.910711
90.7982 0.714572
90.9299 0.417304
91.0617 0.223842
91.1934 0.179514
91.3252 0.374616
91.4569 0.6818
91.5887 1.21566
91.7204 2.03239
91.8522 2.96783
91.9839 3.67558
92.1157 3.8829
92.2474 3.59173
92.3792 2.93415
92.5109 2.30076
92.6427 1.88718
92.7745 1.73516
92.9062 1.61417
93.038 1.36129
93.1697 0.990759
93.3015 0.713739
93.4332 0.439237
93.565 0.121209
93.6967 -0.399534
93.8285 -1.12896
93.9602 -1.90152
94.092 -2.46997
94.2237 -2.73299
94.3555 -2.81335
94.4872 -2.84885
94.619 -2.87403
94.7507 -2.81809
94.8825 -2.50979
95.0142 -1.95445
95.146 -1.26904
95.2777 -0.69134
95.4095 -0.34398
95.5413 -0.0747865
95.673 0.274921
95.8048 0.705689
95.9365 1.10088
96.0683 1.26912
96.2 1.26972
96.3318 1.24821
96.4635 1.34272
96.5953 1.49773
96.727 1.54754
96.8588 1.51031
96.9905 1.30257
97.1223 1.0429
97.254 0.803577
97.3858 0.666972
97.5175 0.68632
97.6493 0.766703
97.781 0.966513
97.9128 1.25411
98.0445 1.63767
98.1763 1.85121
98.308 1.68151
98.4398 1.17252
98.5716 0.346111
98.7033 -0.348719
98.8351 -0.781979
98.9668 -1.04948
99.0986 -1.21298
99.2303 -1.21704
99.3621 -1.20356
99.4938 -1.13852
99.6256 -0.947048
99.7573 -0.783866
99.8891 -0.686288
100.021 -0.705166
100.153 -0.725329
100.284 -0.695835
100.416 -0.53498
100.548 -0.330573
100.68 -0.115704
100.811 0.0668807
100.943 0.193182
101.075 0.322855
101.207 0.386782
101.338 0.334496
101.47 0.266756
101.602 0.291345
101.734 0.428078
101.865 0.673933
101.997 0.854347
102.129 0.829744
102.261 0.60588
102.392 0.341327
102.524 0.281796
102.656 0.398729
102.788 0.559616
102.919 0.636496
103.051 0.551099
103.183 0.440182
103.315 0.429228
103.446 0.3699
103.578 0.397954
103.71 0.291165
103.842 0.108678
103.973 -0.0638443
104.105 -0.186754
104.237 -0.301819
104.369 -0.345819
104.5 -0.372499
104.632 -0.31331
104.764 -0.182506
104.896 -0.0250627
105.027 0.109508
105.159 0.124377
105.291 0.0470132
105.423 -0.0757537
105.554 -0.0170484
105.686 0.223866
105.818 0.468921
105.95 0.542455
106.081 0.36028
106.213 0.0534179
106.345 -0.15499
106.477 -0.197382
106.608 -0.126522
106.74 -0.0460986
106.872 0.0886471
107.004 0.295286
107.135 0.458775
107.267 0.532723
107.399 0.449724
107.531 0.265641
107.662 -0.0311745
107.794 -0.276404
107.926 -0.354342
108.058 -0.301696
108.189 -0.171802
108.321 -0.141932
108.453 -0.248581
108.585 -0.362693
108.716 -0.327477
108.848 -0.217624
108.98 -0.0840095
109.112 -0.00805907
109.243 0.0446011
109.375 0.116022
109.507 0.216479
109.639 0.313873
109.771 0.373992
109.902 0.314195
110.034 0.112094
110.166 -0.0949759
110.298 -0.179519
110.429 -0.134232
110.561 0.0116536
110.693 0.0808959
110.825 0.0985222
110.956 0.117449
111.088 0.203779
111.22 0.270791
111.352 0.232664
111.483 0.100769
111.615 -0.0590472
111.747 -0.120362
111.879 -0.0372038
112.01 0.0204775
112.142 0.0291402
112.274 0.0254329
112.406 -0.00911895
112.537 -0.000522557
112.669 0.0622159
112.801 0.0141956
112.933 -0.0600484
113.064 -0.222598
113.196 -0.35375
113.328 -0.383972
113.46 -0.300572
113.591 -0.128068
113.723 -0.0535411
113.855 0.0657329
113.987 0.101979
114.118 0.151025
114.25 0.152587
114.382 0.168432
114.514 0.0908402
114.645 0.0864518
114.777 0.13116
114.909 0.186345
115.041 0.181852
115.172 0.092307
115.304 0.00639235
115.436 -0.0649598
115.568 -0.0420841
115.699 -0.0555144
115.831 0.024887
115.963 0.0128593
116.095 -0.0242935
116.226 -0.0291045
116.358 -0.0300171
116.49 -0.0846856
116.622 -0.0616627
116.753 -0.0191935
116.885 -0.0324241
117.017 -0.0510861
117.149 -0.0389435
117.28 -0.00718231
117.412 -0.00594498
117.544 -0.0283559
117.676 -0.0472784
117.807 -0.0110955
117.939 0.0323786
118.071 0.0632286
118.203 0.0255381
118.334 -0.0284241
118.466 -0.064301
118.598 -0.0617024
118.73 -0.000184671
118.861 0.0142691
118.993 0.0190465
119.125 -0.00944283
119.257 -0.0658986
119.388 -0.0165686
119.52 0.00533057
119.652 0.0130767
119.784 0.0316036
119.915 0.02393
120.047 0.0134562
120.179 0.0189601
120.311 -0.001756
120.442 -0.000233337
120.574 -0.00741754
120.706 -0.0112511
120.838 0.00750723
120.969 0.0441149
121.101 0.00172533
121.233 -0.0262023
121.365 -0.0175635
121.496 0.00990422
121.628 0.0061341
121.76 -0.00129633
121.892 -3.95693e-05
122.023 -0.00289296
122.155 0.00303738
122.287 -0.00694177
122.419 -0.0114058
122.55 -0.0192746
122.682 -0.00689341
122.814 0.00347968
122.946 0.00937375
123.077 -0.00535014
123.209 0.00706187
123.341 0.00508234
123.473 0.00755788
123.604 -0.00495148
123.736 -0.00362518
123.868 0.000144687
124 0.00255885
124.132 -0.000457067
124.263 -0.00155366
124.395 -0.00393593
124.527 -0.00660481
124.659 -0.00186081
124.79 -0.00186081
124.922 -0.00186081
125.054 -0.00186081
125.186 -0.00186081
125.317 -0.00186081
125.449 -0.00186081
125.581 -0.00186081
125.713 -0.00186081
125.844 -0.00186081
125.976 -0.00186081
126.108 -0.00186081
126.24 -0.00186081
126.371 -0.00186081
126.503 -0.00186081
126.635 -0.00186081
126.767 -0.00186081
126.898 -0.00186081
127.03 -0.00186081
127.162 -0.00186081
127.294 -0.00186081
127.425 -0.00186081
127.557 -0.00186081
127.689 -0.00186081
127.821 -0.00186081
127.952 -0.00186081
128.084 -0.00186081
128.216 -0.00186081
128.348 -0.00186081
128.479 -0.00186081
128.611 -0.00186081
128.743 -0.00186081
128.875 -0.00186081
129.006 -0.00186081
129.138 -0.00186081
129.27 -0.00186081
129.402 -0.00186081
129.533 -0.00186081
129.665 -0.00186081
129.797 -0.00186081
129.929 -0.00186081
130.06 -0.00186081
130.192 -0.00186081
130.324 -0.00186081
130.456 -0.00186081
130.587 -0.00186081
130.719 -0.00186081
130.851 -0.00186081
130.983 -0.00186081
131.114 -0.00186081
131.246 -0.00186081
131.378 -0.00186081
131.51 -0.00186081
131.641 -0.00186081
131.773 -0.00186081
131.905 -0.00186081
132.037 -0.00186081
132.168 -0.00186081
132.3 -0.00186081
132.432 -0.00186081
132.564 -0.00186081
132.695 -0.00186081
132.827 -0.00186081
132.959 -0.00186081
133.091 -0.00186081
133.222 -0.00186081
133.354 -0.00186081
133.486 -0.00186081
133.618 -0.00186081
133.749 -0.00186081
133.881 -0.00186081
134.013 -0.00186081
