-1.12405 0.0147703
-0.992297 0.0500075
-0.860544 0.0724042
-0.728792 0.0647847
-0.59704 0.090753
-0.465287 0.125709
-0.333535 0.132633
-0.201783 0.106855
-0.0700306 -0.0499031
0.0617218 -0.227943
0.193474 -0.272438
0.325226 -0.296325
0.456979 -0.19518
0.588731 -0.0838241
0.720483 -0.0217959
0.852236 0.0439225
0.983988 0.0635125
1.11574 0.0710612
1.24749 0.0403307
1.37924 0.0157954
1.511 -0.00609377
1.64275 0.060103
1.7745 0.220767
1.90625 0.361778
2.03801 0.40757
2.16976 0.370668
2.30151 0.248437
2.43326 0.108544
2.56502 -0.045642
2.69677 -0.252916
2.82852 -0.414144
2.96027 -0.397368
3.09202 -0.23644
3.22378 0.120424
3.35553 0.47472
3.48728 0.664637
3.61903 0.654246
3.75079 0.47888
3.88254 0.220116
4.01429 0.0612111
4.14604 -0.0703462
4.2778 -0.157868
4.40955 -0.211359
4.5413 -0.274624
4.67305 -0.269518
4.8048 -0.123365
4.93656 0.0920209
5.06831 0.248073
5.20006 0.309635
5.33181 0.260156
5.46357 0.15998
5.59532 0.136637
5.72707 0.0667135
5.85882 0.0420534
5.99058 -0.00562911
6.12233 -0.0495747
6.25408 -0.0358974
6.38583 0.0697346
6.51758 0.178886
6.64934 0.215366
6.78109 0.254584
6.91284 0.269378
7.04459 0.312363
7.17635 0.351203
7.3081 0.4322
7.43985 0.375768
7.5716 0.354502
7.70336 0.315025
7.83511 0.336748
7.96686 0.42457
8.09861 0.39099
8.23036 0.23186
8.36212 0.118335
8.49387 0.0529021
8.62562 0.0827589
8.75737 0.128601
8.88913 0.164954
9.02088 0.101591
9.15263 -0.0678452
9.28438 -0.21532
9.41614 -0.284421
9.54789 -0.232893
9.67964 -0.137788
9.81139 -0.00220908
9.94314 0.207515
10.0749 0.476133
10.2066 0.765096
10.3384 0.918777
10.4702 0.851479
10.6019 0.581581
10.7337 0.168562
10.8654 -0.173329
10.9972 -0.340202
11.1289 -0.313544
11.2607 -0.18999
11.3924 0.0425521
11.5242 0.286169
11.6559 0.511712
11.7877 0.590934
11.9194 0.542653
12.0512 0.422838
12.1829 0.296443
12.3147 0.2945
12.4464 0.407036
12.5782 0.569168
12.7099 0.557343
12.8417 0.416442
12.9734 0.188504
13.1052 0.136751
13.237 0.243968
13.3687 0.351484
13.5005 0.34795
13.6322 0.105651
13.764 -0.234108
13.8957 -0.541719
14.0275 -0.679544
14.1592 -0.729378
14.291 -0.675553
14.4227 -0.600423
14.5545 -0.408106
14.6862 -0.106788
14.818 0.340649
14.9497 0.723408
15.0815 1.01634
15.2132 1.22495
15.345 1.35481
15.4767 1.4323
15.6085 1.40241
15.7402 1.12303
15.872 0.535539
16.0038 -0.11666
16.1355 -0.62625
16.2673 -0.828056
16.399 -0.762534
16.5308 -0.512653
16.6625 -0.296257
16.7943 -0.0558456
16.926 0.0993486
17.0578 0.32334
17.1895 0.498311
17.3213 0.525455
17.453 0.269587
17.5848 -0.0521763
17.7165 -0.206067
17.8483 -0.0636798
17.98 0.220353
18.1118 0.430413
18.2435 0.505814
18.3753 0.512257
18.507 0.589093
18.6388 0.67331
18.7705 0.805741
18.9023 0.761799
19.0341 0.487342
19.1658 0.131257
19.2976 -0.114476
19.4293 -0.249464
19.5611 -0.235272
19.6928 -0.150788
19.8246 -0.0518463
19.9563 0.242876
20.0881 0.661217
20.2198 1.04602
20.3516 1.22242
20.4833 0.996031
20.6151 0.473703
20.7468 -0.0695926
20.8786 -0.34339
21.0103 -0.410346
21.1421 -0.379566
21.2738 -0.341615
21.4056 -0.358845
21.5373 -0.218795
21.6691 0.175925
21.8009 0.611061
21.9326 0.984261
22.0644 1.11623
22.1961 1.06001
22.3279 0.97559
22.4596 0.839821
22.5914 0.630188
22.7231 0.220972
22.8549 -0.241847
22.9866 -0.58526
23.1184 -0.629357
23.2501 -0.354075
23.3819 -0.07908
23.5136 0.0608887
23.6454 0.0964596
23.7771 0.12634
23.9089 0.334533
24.0406 0.613371
24.1724 0.851996
24.3041 0.861951
24.4359 0.694263
24.5677 0.522591
24.6994 0.408806
24.8312 0.439978
24.9629 0.396443
25.0947 0.161748
25.2264 -0.108495
25.3582 -0.22271
25.4899 0.0135666
25.6217 0.468004
25.7534 0.821449
25.8852 0.92024
26.0169 0.851053
26.1487 0.813724
26.2804 0.89974
26.4122 0.889743
26.5439 0.677587
26.6757 0.291833
26.8074 -0.0657427
26.9392 -0.100339
27.0709 0.131333
27.2027 0.327795
27.3344 0.20421
27.4662 -0.248504
27.598 -0.728012
27.7297 -0.931104
27.8615 -0.821775
27.9932 -0.573722
28.125 -0.384825
28.2567 -0.210375
28.3885 0.163555
28.5202 0.835961
28.652 1.59997
28.7837 2.07129
28.9155 2.02494
29.0472 1.59877
29.179 1.14923
29.3107 0.904082
29.4425 0.770741
29.5742 0.496446
29.706 0.00334222
29.8377 -0.468773
29.9695 -0.579054
30.1012 -0.243557
30.233 0.245559
30.3648 0.479608
30.4965 0.315724
30.6283 -0.00795543
30.76 -0.138706
30.8918 0.0271634
31.0235 0.267329
31.1553 0.317291
31.287 0.197441
31.4188 0.213405
31.5505 0.611111
31.6823 1.25221
31.814 1.6748
31.9458 1.50549
32.0775 0.809102
32.2093 0.0139066
32.341 -0.509044
32.4728 -0.766462
32.6045 -1.02432
32.7363 -1.39062
32.868 -1.58026
32.9998 -1.16289
33.1316 -0.064886
33.2633 1.21854
33.3951 1.98258
33.5268 1.93047
33.6586 1.43284
33.7903 1.14621
33.9221 1.36078
34.0538 1.74151
34.1856 1.73123
34.3173 1.19135
34.4491 0.590829
34.5808 0.517838
34.7126 1.01592
34.8443 1.46557
34.9761 1.18258
35.1078 0.137941
35.2396 -0.96395
35.3713 -1.36888
35.5031 -1.03015
35.6348 -0.638458
35.7666 -0.863614
35.8983 -1.59184
36.0301 -1.98821
36.1619 -1.36684
36.2936 0.0261951
36.4254 1.17555
36.5571 1.29496
36.6889 0.640045
36.8206 0.247818
36.9524 0.819808
37.0841 1.91172
37.2159 2.34315
37.3476 1.47706
37.4794 0.0333932
37.6111 -0.513642
37.7429 0.548396
37.8746 2.2835
38.0064 2.85907
38.1381 1.28045
38.2699 -1.64276
38.4016 -4.13661
38.5334 -5.23855
38.6651 -5.51522
38.7969 -5.73671
38.9287 -4.83529
39.0604 0.286412
39.1922 11.9536
39.3239 27.844
39.4557 39.7556
39.5874 37.1943
39.7192 14.0456
39.8509 -26.3159
39.9827 -71.3203
40.1144 -104.759
40.2462 -113.754
40.3779 -93.0021
40.5097 -45.1416
40.6414 20.7435
40.7732 90.3027
40.9049 145.147
41.0367 166.568
41.1684 142.793
41.3002 76.6698
41.4319 -12.1622
41.5637 -94.378
41.6955 -144.653
41.8272 -153.598
41.959 -129.997
42.0907 -92.1712
42.2225 -55.2656
42.3542 -23.8177
42.486 5.90604
42.6177 37.4928
42.7495 68.046
42.8812 89.3427
43.013 94.7458
43.1447 85.0772
43.2765 68.0012
43.4082 51.6299
43.54 38.2466
43.6717 23.6809
43.8035 2.57297
43.9352 -25.447
44.067 -54.1495
44.1987 -74.8253
44.3305 -82.2901
44.4622 -77.695
44.594 -66.3242
44.7258 -52.9921
44.8575 -39.2403
44.9893 -24.2362
45.121 -7.64396
45.2528 8.75494
45.3845 22.1795
45.5163 31.2635
45.648 37.1299
45.7798 42.0093
45.9115 46.8112
46.0433 50.0496
46.175 49.127
46.3068 42.6985
46.4385 31.9043
46.5703 19.4663
46.702 7.6754
46.8338 -2.82362
46.9655 -12.5274
47.0973 -21.6588
47.229 -29.4017
47.3608 -34.5031
47.4926 -36.4954
47.6243 -36.2065
47.7561 -35.0146
47.8878 -33.5981
48.0196 -31.41
48.1513 -27.351
48.2831 -20.9444
48.4148 -12.8855
48.5466 -4.51642
48.6783 3.17976
48.8101 10.0847
48.9418 16.5568
49.0736 22.655
49.2053 27.7975
49.3371 31.1625
49.4688 32.3681
49.6006 31.7336
49.7323 29.8957
49.8641 27.2158
49.9958 23.5836
50.1276 18.7674
50.2594 12.8919
50.3911 6.51715
50.5229 0.241504
50.6546 -5.73847
50.7864 -11.6236
50.9181 -17.5365
51.0499 -23.0469
51.1816 -27.2059
51.3134 -29.1334
51.4451 -28.6793
51.5769 -26.5916
51.7086 -24.0404
51.8404 -21.8741
51.9721 -20.1632
52.1039 -18.3005
52.2356 -15.4781
52.3674 -11.1505
52.4991 -5.23687
52.6309 1.89863
52.7626 9.51948
52.8944 16.5873
53.0261 21.9357
53.1579 24.6398
53.2897 24.4635
53.4214 22.0805
53.5532 18.8277
53.6849 16.0665
53.8167 14.5403
53.9484 14.1465
54.0802 14.2386
54.2119 14.1759
54.3437 13.6782
54.4754 12.7461
54.6072 11.3023
54.7389 8.95049
54.8707 5.13351
55.0024 -0.397489
55.1342 -7.19657
55.2659 -14.1792
55.3977 -20.1326
55.5294 -24.3184
55.6612 -26.724
55.7929 -27.8045
55.9247 -27.9657
56.0565 -27.2268
56.1882 -25.3134
56.32 -22.0495
56.4517 -17.6633
56.5835 -12.7299
56.7152 -7.81791
56.847 -3.17415
56.9787 1.27128
57.1105 5.61157
57.2422 9.68808
57.374 13.1171
57.5057 15.6056
57.6375 17.2524
57.7692 18.5272
57.901 19.9056
58.0327 21.4522
58.1645 22.7025
58.2962 22.9432
58.428 21.6647
58.5597 18.8455
58.6915 14.8998
58.8233 10.4025
58.955 5.84109
59.0868 1.54413
59.2185 -2.2629
59.3503 -5.41572
59.482 -7.8473
59.6138 -9.63353
59.7455 -10.9524
59.8773 -11.9612
60.009 -12.7039
60.1408 -13.1431
60.2725 -13.2826
60.4043 -13.2434
60.536 -13.1989
60.6678 -13.2205
60.7995 -13.1881
60.9313 -12.8606
61.063 -12.0445
61.1948 -10.7052
61.3265 -8.92981
61.4583 -6.81082
61.59 -4.39566
61.7218 -1.759
61.8536 0.903427
61.9853 3.31116
62.1171 5.28682
62.2488 6.93141
62.3806 8.58443
62.5123 10.5425
62.6441 12.7505
62.7758 14.7454
62.9076 15.9402
63.0393 16.038
63.1711 15.2429
63.3028 14.0912
63.4346 13.0465
63.5663 12.1868
63.6981 11.2162
63.8298 9.7551
63.9616 7.64432
64.0933 5.03176
64.2251 2.22264
64.3568 -0.532784
64.4886 -3.13345
64.6204 -5.57074
64.7521 -7.82871
64.8839 -9.85385
65.0156 -11.6005
65.1474 -13.0678
65.2791 -14.2638
65.4109 -15.1281
65.5426 -15.5052
65.6744 -15.2191
65.8061 -14.1991
65.9379 -12.5525
66.0696 -10.5198
66.2014 -8.34994
66.3331 -6.19267
66.4649 -4.07816
66.5966 -1.97605
66.7284 0.129858
66.8601 2.20703
66.9919 4.18727
67.1236 5.99829
67.2554 7.58517
67.3871 8.9141
67.5189 9.96533
67.6507 10.7227
67.7824 11.1655
67.9142 11.2712
68.0459 11.0367
68.1777 10.5084
68.3094 9.79198
68.4412 9.01773
68.5729 8.2707
68.7047 7.53592
68.8364 6.70758
68.9682 5.66356
69.0999 4.35076
69.2317 2.8169
69.3634 1.17355
69.4952 -0.465233
69.6269 -2.01228
69.7587 -3.39513
69.8904 -4.54378
70.0222 -5.41781
70.1539 -6.0564
70.2857 -6.589
70.4175 -7.16649
70.5492 -7.85128
70.681 -8.55958
70.8127 -9.11536
70.9445 -9.37655
71.0762 -9.32308
71.208 -9.02839
71.3397 -8.54601
71.4715 -7.82533
71.6032 -6.7434
71.735 -5.22758
71.8667 -3.35507
71.9985 -1.33657
72.1302 0.599825
72.262 2.32009
72.3937 3.80243
72.5255 5.07115
72.6572 6.13174
72.789 6.97317
72.9207 7.61445
73.0525 8.11606
73.1843 8.51613
73.316 8.74837
73.4478 8.64691
73.5795 8.08151
73.7113 7.14126
73.843 6.20956
73.9748 5.82431
74.1065 6.362
74.2383 7.71675
74.37 9.17509
74.5018 9.60209
74.6335 7.90727
74.7653 3.61548
74.897 -2.71861
75.0288 -9.50266
75.1605 -14.6129
75.2923 -16.2694
75.424 -13.8863
75.5558 -8.43133
75.6875 -2.04304
75.8193 2.93044
75.951 4.95083
76.0828 3.81291
76.2146 0.44616
76.3463 -3.76759
76.4781 -7.66571
76.6098 -10.5891
76.7416 -12.265
76.8733 -12.5671
77.0051 -11.4343
77.1368 -8.98896
77.2686 -5.66434
77.4003 -2.13692
77.5321 0.944205
77.6638 3.24057
77.7956 4.81102
77.9273 5.95823
78.0591 6.97449
78.1908 7.96987
78.3226 8.85932
78.4543 9.45455
78.5861 9.56823
78.7178 9.09047
78.8496 8.0485
78.9814 6.64549
79.1131 5.22951
79.2449 4.15503
79.3766 3.58863
79.5084 3.39523
79.6401 3.21621
79.7719 2.70985
79.9036 1.78412
80.0354 0.646297
80.1671 -0.362018
80.2989 -1.00596
80.4306 -1.2906
80.5624 -1.41206
80.6941 -1.60655
80.8259 -2.03324
80.9576 -2.75283
81.0894 -3.75324
81.2211 -4.94669
81.3529 -6.13482
81.4846 -7.01498
81.6164 -7.28526
81.7482 -6.80491
81.8799 -5.68797
82.0117 -4.24383
82.1434 -2.8042
82.2752 -1.57188
82.4069 -0.59889
82.5387 0.123177
82.6704 0.576096
82.8022 0.724856
82.9339 0.604328
83.0657 0.375408
83.1974 0.270363
83.3292 0.458692
83.4609 0.947196
83.5927 1.60008
83.7244 2.25676
83.8562 2.84264
83.9879 3.38621
84.1197 3.94728
84.2514 4.53456
84.3832 5.08295
84.5149 5.49374
84.6467 5.6889
84.7785 5.63675
84.9102 5.34829
85.042 4.86759
85.1737 4.26541
85.3055 3.62216
85.4372 2.99197
85.569 2.36987
85.7007 1.69821
85.8325 0.919589
85.9642 0.036177
86.096 -0.878329
86.2277 -1.72651
86.3595 -2.45058
86.4912 -3.05374
86.623 -3.56778
86.7547 -4.00997
86.8865 -4.37691
87.0182 -4.67223
87.15 -4.91877
87.2817 -5.12117
87.4135 -5.21052
87.5453 -5.04353
87.677 -4.48964
87.8088 -3.54828
87.9405 -2.39019
88.0723 -1.27079
88.204 -0.378542
88.3358 0.255503
88.4675 0.716025
88.5993 1.08359
88.731 1.36171
88.8628 1.52054
88.9945 1.60079
89.1263 1.75325
89.258 2.15212
89.3898 2.85238
89.5215 3.72651
89.6533 4.54562
89.785 5.13202
89.9168 5.4447
90.0485 5.53137
90.1803 5.41681
90.3121 5.05573
90.4438 4.40115
90.5756 3.50863
90.7073 2.5522
90.8391 1.71842
90.9708 1.07619
91.1026 0.552608
91.2343 0.0395647
91.3661 -0.479992
91.4978 -0.92033
91.6296 -1.21122
91.7613 -1.42016
91.8931 -1.73654
92.0248 -2.30913
92.1566 -3.0812
92.2883 -3.7849
92.4201 -4.11591
92.5518 -3.94377
92.6836 -3.38222
92.8153 -2.67432
92.9471 -2.01042
93.0788 -1.43934
93.2106 -0.92523
93.3424 -0.460628
93.4741 -0.109447
93.6059 0.0552374
93.7376 0.0397724
93.8694 -0.0533678
94.0011 -0.0949213
94.1329 -0.00908431
94.2646 0.210559
94.3964 0.544817
94.5281 0.978007
94.6599 1.49614
94.7916 2.02038
94.9234 2.4462
95.0551 2.61506
95.1869 2.60099
95.3186 2.49842
95.4504 2.43014
95.5821 2.43067
95.7139 2.36935
95.8456 2.20772
95.9774 1.8808
96.1092 1.4958
96.2409 1.15408
96.3727 0.919606
96.5044 0.791314
96.6362 0.674053
96.7679 0.520915
96.8997 0.437389
97.0314 0.351856
97.1632 0.198852
97.2949 -0.0881739
97.4267 -0.474199
97.5584 -0.904358
97.6902 -1.18535
97.8219 -1.32889
97.9537 -1.38719
98.0854 -1.37079
98.2172 -1.38366
98.3489 -1.31932
98.4807 -1.15527
98.6124 -0.953206
98.7442 -0.825787
98.876 -0.844668
99.0077 -1.04908
99.1395 -1.25241
99.2712 -1.21373
99.403 -0.928806
99.5347 -0.526142
99.6665 -0.197534
99.7982 -0.0256638
99.93 0.219205
100.062 0.638675
100.193 1.14901
100.325 1.70694
100.457 1.95384
100.589 1.87221
100.72 1.61418
100.852 1.34348
100.984 1.256
101.116 1.29149
101.247 1.34855
101.379 1.30144
101.511 1.18644
101.643 0.997076
101.775 0.741836
101.906 0.462424
102.038 0.162638
102.17 -0.144624
102.302 -0.340405
102.433 -0.390295
102.565 -0.299008
102.697 -0.107485
102.829 0.0377156
102.96 0.0590132
103.092 0.0880904
103.224 0.0812882
103.356 0.0906299
103.487 0.0632879
103.619 -0.0793535
103.751 -0.294163
103.883 -0.460635
104.014 -0.597554
104.146 -0.604544
104.278 -0.563266
104.41 -0.504443
104.541 -0.34789
104.673 -0.124935
104.805 0.0472816
104.937 0.0964915
105.068 0.0199919
105.2 -0.142177
105.332 -0.230903
105.464 -0.15765
105.595 -0.0301079
105.727 0.163925
105.859 0.222166
105.991 0.228879
106.122 0.283903
106.254 0.426881
106.386 0.564241
106.518 0.609639
106.649 0.515144
106.781 0.261802
106.913 0.0727658
107.045 0.0545743
107.176 0.222334
107.308 0.367953
107.44 0.529314
107.572 0.540232
107.703 0.57473
107.835 0.637697
107.967 0.668776
108.099 0.713302
108.23 0.697921
108.362 0.526776
108.494 0.35657
108.626 0.228915
108.757 0.161861
108.889 0.0442339
109.021 -0.0987923
109.153 -0.188994
109.284 -0.224299
109.416 -0.20317
109.548 -0.220874
109.68 -0.274251
109.811 -0.345534
109.943 -0.371566
110.075 -0.288141
110.207 -0.171493
110.338 -0.104948
110.47 -0.181577
110.602 -0.374131
110.734 -0.487283
110.865 -0.459025
110.997 -0.28677
111.129 -0.0820294
111.261 0.093468
111.392 0.150474
111.524 0.207145
111.656 0.305742
111.788 0.494782
111.919 0.626376
112.051 0.597538
112.183 0.450081
112.315 0.23483
112.446 0.0599579
112.578 -0.0722214
112.71 -0.0753596
112.842 -0.0460262
112.973 0.0715483
113.105 0.157022
113.237 0.247941
113.369 0.346537
113.5 0.354711
113.632 0.322851
113.764 0.23103
113.896 0.157708
114.027 0.0873369
114.159 0.0748169
114.291 0.0220065
114.423 0.00433245
114.554 0.01237
114.686 0.119298
114.818 0.215516
114.95 0.32213
115.081 0.304837
115.213 0.153216
115.345 -0.0189525
115.477 -0.148452
115.608 -0.232311
115.74 -0.26641
115.872 -0.243868
116.004 -0.264495
116.136 -0.273006
116.267 -0.24968
116.399 -0.175827
116.531 -0.13984
116.663 -0.0727788
116.794 -0.052957
116.926 0.0767419
117.058 0.140848
117.19 0.122999
117.321 -0.00669111
117.453 -0.0760579
117.585 -0.0804481
117.717 -0.0159858
117.848 0.036991
117.98 0.0523342
118.112 0.00802529
118.244 -0.111242
118.375 -0.232326
118.507 -0.298911
118.639 -0.200524
118.771 -0.12602
118.902 -0.0454826
119.034 0.0392964
119.166 0.0987636
119.298 0.103352
119.429 0.112879
119.561 0.0434013
119.693 -0.0542782
119.825 -0.048518
119.956 -0.0142909
120.088 0.0895032
120.22 0.182994
120.352 0.140636
120.483 0.0393563
120.615 -0.0464924
120.747 -0.0513956
120.879 -0.0393479
121.01 0.0123412
121.142 0.0105411
121.274 -0.0765027
121.406 -0.0988016
121.537 -0.079751
121.669 -0.0505981
121.801 0.0450225
121.933 0.0549249
122.064 0.0282416
122.196 -0.00752331
122.328 -0.0490738
122.46 -0.0201744
122.591 0.00125815
122.723 0.0391174
122.855 0.0186867
122.987 0.00292074
123.118 0.0102049
123.25 -0.0115068
123.382 0.0188558
123.514 0.0175511
123.645 -0.041827
123.777 -0.0598312
123.909 -0.0574088
124.041 0.0120116
124.172 0.023989
124.304 -0.00544832
124.436 -0.0624346
124.568 -0.0911794
124.699 -0.00264711
124.831 0.0340392
124.963 0.0248857
125.095 -0.00659664
125.226 -0.0547107
125.358 -0.0309237
125.49 -0.00361078
125.622 0.00103783
125.753 0.00613147
125.885 0.00487991
126.017 0.00495988
126.149 0.00725959
126.28 -0.0176506
126.412 0.00245331
126.544 -0.000145709
126.676 -0.0211761
126.807 -0.00599351
126.939 -0.0097758
127.071 -0.00919591
127.203 -0.00546887
127.334 -0.00672993
127.466 -0.00496229
127.598 -0.00963659
127.73 -0.0151632
127.861 -0.00549396
127.993 -0.00549396
128.125 -0.00549396
128.257 -0.00549396
128.388 -0.00549396
128.52 -0.00549396
128.652 -0.00549396
128.784 -0.00549396
128.915 -0.00549396
129.047 -0.00549396
129.179 -0.00549396
129.311 -0.00549396
129.442 -0.00549396
129.574 -0.00549396
129.706 -0.00549396
129.838 -0.00549396
129.969 -0.00549396
130.101 -0.00549396
130.233 -0.00549396
130.365 -0.00549396
130.497 -0.00549396
130.628 -0.00549396
130.76 -0.00549396
130.892 -0.00549396
131.024 -0.00549396
131.155 -0.00549396
131.287 -0.00549396
131.419 -0.00549396
131.551 -0.00549396
131.682 -0.00549396
131.814 -0.00549396
131.946 -0.00549396
132.078 -0.00549396
132.209 -0.00549396
132.341 -0.00549396
132.473 -0.00549396
132.605 -0.00549396
132.736 -0.00549396
132.868 -0.00549396
133 -0.00549396
133.132 -0.00549396
133.263 -0.00549396
133.395 -0.00549396
133.527 -0.00549396
133.659 -0.00549396
