-4.57049 0.0782036
-4.43874 0.248253
-4.30698 0.317165
-4.17523 0.17867
-4.04348 0.0897817
-3.91173 0.02957
-3.77997 0.00630054
-3.64822 -0.0300693
-3.51647 -0.225802
-3.38472 -0.492617
-3.25296 -0.682364
-3.12121 -0.731365
-2.98946 -0.577102
-2.85771 -0.314507
-2.72596 -0.0684102
-2.5942 0.154646
-2.46245 0.157848
-2.3307 0.112992
-2.19895 -0.0706631
-2.06719 -0.219799
-1.93544 -0.251307
-1.80369 -0.0504006
-1.67194 0.160366
-1.54018 0.370881
-1.40843 0.396409
-1.27668 0.314705
-1.14493 0.166026
-1.01318 -0.0554647
-0.881423 -0.23496
-0.749671 -0.0976134
-0.617918 0.219846
-0.486166 0.675161
-0.354414 1.17762
-0.222661 1.57392
-0.090909 1.80927
0.0408433 1.7941
0.172596 1.53683
0.304348 1.073
0.4361 0.526892
0.567853 -0.0167459
0.699605 -0.517974
0.831357 -0.991525
0.963109 -1.35436
1.09486 -1.68194
1.22661 -1.84941
1.35837 -1.86045
1.49012 -1.43102
1.62187 -0.687201
1.75362 0.106418
1.88538 0.801397
2.01713 1.39159
2.14888 1.69057
2.28063 1.60072
2.41238 1.16777
2.54414 0.504971
2.67589 -0.2792
2.80764 -0.992533
2.93939 -1.30423
3.07115 -1.11528
3.2029 -0.461236
3.33465 0.389131
3.4664 1.2419
3.59816 1.92354
3.72991 2.26352
3.86166 2.18929
3.99341 1.65366
4.12516 0.902291
4.25692 0.124182
4.38867 -0.495699
4.52042 -0.942432
4.65217 -1.17564
4.78393 -1.39267
4.91568 -1.66596
5.04743 -1.69586
5.17918 -1.39887
5.31094 -0.770216
5.44269 -0.178748
5.57444 0.277365
5.70619 0.454692
5.83794 0.523702
5.9697 0.539636
6.10145 0.623307
6.2332 0.791684
6.36495 0.915467
6.49671 1.06784
6.62846 1.2852
6.76021 1.60085
6.89196 1.94271
7.02372 2.03377
7.15547 1.76064
7.28722 1.10208
7.41897 0.196585
7.55072 -0.830226
7.68248 -1.84025
7.81423 -2.59506
7.94598 -2.92341
8.07773 -2.69178
8.20949 -1.92832
8.34124 -0.81285
8.47299 0.507487
8.60474 1.73104
8.7365 2.70385
8.86825 3.32426
9 3.50782
9.13175 3.1591
9.2635 2.40482
9.39526 1.32048
9.52701 0.080982
9.65876 -0.957907
9.79051 -1.5006
9.92227 -1.67765
10.054 -1.71222
10.1858 -1.80402
10.3175 -1.87798
10.4493 -1.91519
10.581 -1.77842
10.7128 -1.47833
10.8445 -1.0803
10.9763 -0.602568
11.108 0.0289858
11.2398 0.940085
11.3715 1.93235
11.5033 2.77988
11.635 3.20312
11.7668 3.11403
11.8986 2.65455
12.0303 2.05585
12.1621 1.44479
12.2938 0.799522
12.4256 0.0870441
12.5573 -0.582609
12.6891 -0.975926
12.8208 -0.934413
12.9526 -0.553028
13.0843 -0.138036
13.2161 0.03952
13.3478 -0.0373887
13.4796 -0.157493
13.6113 -0.124817
13.7431 0.0318398
13.8748 0.104078
14.0066 -0.0418071
14.1383 -0.275742
14.2701 -0.300546
14.4018 0.0394588
14.5336 0.548075
14.6653 0.80076
14.7971 0.512047
14.9289 -0.196413
15.0606 -0.889091
15.1924 -1.18823
15.3241 -1.07323
15.4559 -0.833721
15.5876 -0.745076
15.7194 -0.799067
15.8511 -0.746521
15.9829 -0.381249
16.1146 0.243168
16.2464 0.880576
16.3781 1.34798
16.5099 1.67801
16.6416 2.00314
16.7734 2.31397
16.9051 2.38439
17.0369 1.97869
17.1686 1.1366
17.3004 0.219827
17.4321 -0.364237
17.5639 -0.503254
17.6957 -0.439057
17.8274 -0.476414
17.9592 -0.637952
18.0909 -0.630202
18.2227 -0.170931
18.3544 0.654109
18.4862 1.3861
18.6179 1.57242
18.7497 1.16687
18.8814 0.553914
19.0132 0.172908
19.1449 0.119283
19.2767 0.116717
19.4084 -0.131697
19.5402 -0.594536
19.6719 -0.934811
19.8037 -0.874906
19.9354 -0.508905
20.0672 -0.222671
20.1989 -0.300776
20.3307 -0.637311
20.4625 -0.861165
20.5942 -0.743278
20.726 -0.445525
20.8577 -0.3345
20.9895 -0.553127
21.1212 -0.816948
21.253 -0.674554
21.3847 0.0275206
21.5165 0.971643
21.6482 1.68703
21.78 2.02788
21.9117 2.28732
22.0435 2.7983
22.1752 3.43932
22.307 3.60952
22.4387 2.77183
22.5705 1.04641
22.7022 -0.773459
22.834 -1.85611
22.9657 -2.01836
23.0975 -1.78207
23.2292 -1.74411
23.361 -1.91433
23.4928 -1.7239
23.6245 -0.7113
23.7563 0.839215
23.888 2.02012
24.0198 2.11722
24.1515 1.30003
24.2833 0.449736
24.415 0.267763
24.5468 0.582928
24.6785 0.605587
24.8103 -0.111637
24.942 -1.03822
25.0738 -1.10777
25.2055 0.134928
25.3373 1.86842
25.469 2.58859
25.6008 1.45134
25.7325 -0.988107
25.8643 -3.42458
25.996 -5.14081
26.1278 -6.48204
26.2596 -7.74067
26.3913 -7.55746
26.5231 -2.90501
26.6548 8.44228
26.7866 24.5279
26.9183 37.9949
27.0501 38.9439
27.1818 20.6621
27.3136 -15.4662
27.4453 -59.2165
27.5771 -95.4102
27.7088 -109.915
27.8406 -94.5706
27.9723 -49.527
28.1041 16.5192
28.2358 87.4571
28.3676 142.712
28.4993 163.025
28.6311 138.316
28.7628 73.9386
28.8946 -9.48512
29.0264 -84.4497
29.1581 -129.361
29.2899 -138.064
29.4216 -119.994
29.5534 -91.2785
29.6851 -63.545
29.8169 -38.452
29.9486 -10.9908
30.0804 22.4284
30.2121 58.4173
30.3439 87.9768
30.4756 102.924
30.6074 101.422
30.7391 88.0614
30.8709 69.1283
31.0026 47.8015
31.1344 23.5159
31.2661 -4.57495
31.3979 -33.9385
31.5296 -58.6306
31.6614 -73.0386
31.7931 -75.909
31.9249 -70.9436
32.0567 -63.4748
32.1884 -56.2629
32.3202 -48.0563
32.4519 -35.8574
32.5837 -18.5073
32.7154 1.71805
32.8472 20.6892
32.9789 35.4168
33.1107 45.6401
33.2424 52.8184
33.3742 57.8558
33.5059 59.8996
33.6377 57.2575
33.7694 49.3324
33.9012 37.5797
34.0329 24.5877
34.1647 12.2489
34.2964 0.784802
34.4282 -10.5631
34.5599 -22.0125
34.6917 -32.4455
34.8235 -40.0773
34.9552 -43.8635
35.087 -44.2653
35.2187 -42.6976
35.3505 -40.2663
35.4822 -37.0074
35.614 -32.2455
35.7457 -25.5784
35.8775 -17.468
36.0092 -8.91668
36.141 -0.657321
36.2727 7.28101
36.4045 15.2247
36.5362 23.1372
36.668 30.2931
36.7997 35.671
36.9315 38.6598
37.0632 39.38
37.195 38.3424
37.3267 35.8342
37.4585 31.6728
37.5903 25.5674
37.722 17.7026
37.8538 8.9342
37.9855 0.374836
38.1173 -7.25618
38.249 -13.9163
38.3808 -19.9108
38.5125 -25.289
38.6443 -29.5551
38.776 -31.9762
38.9078 -32.2088
39.0395 -30.6706
39.1713 -28.3127
39.303 -25.9699
39.4348 -23.8093
39.5665 -21.284
39.6983 -17.5736
39.83 -12.1408
39.9618 -5.03849
40.0935 3.12707
40.2253 11.411
40.357 18.7361
40.4888 24.0671
40.6206 26.6447
40.7523 26.294
40.8841 23.6328
41.0158 19.9435
41.1476 16.6523
41.2793 14.6768
41.4111 14.0586
41.5428 14.1281
41.6746 14.0624
41.8063 13.4043
41.9381 12.1703
42.0698 10.5344
42.2016 8.4298
42.3333 5.45651
42.4651 1.18902
42.5968 -4.39207
42.7286 -10.7315
42.8603 -16.9461
42.9921 -22.2729
43.1238 -26.347
43.2556 -29.1138
43.3874 -30.5273
43.5191 -30.3692
43.6509 -28.3784
43.7826 -24.563
43.9144 -19.3744
44.0461 -13.549
44.1779 -7.74024
44.3096 -2.26133
44.4414 2.84991
44.5731 7.54575
44.7049 11.574
44.8366 14.5875
44.9684 16.4612
45.1001 17.4963
45.2319 18.2801
45.3636 19.2806
45.4954 20.5043
45.6271 21.4935
45.7589 21.6454
45.8906 20.5774
46.0224 18.2695
46.1542 14.9527
46.2859 10.9307
46.4177 6.51933
46.5494 2.09893
46.6812 -1.88018
46.8129 -5.04422
46.9447 -7.30254
47.0764 -8.90379
47.2082 -10.2392
47.3399 -11.5314
47.4717 -12.6776
47.6034 -13.3916
47.7352 -13.5148
47.8669 -13.2099
47.9987 -12.8575
48.1304 -12.7534
48.2622 -12.8789
48.3939 -12.9327
48.5257 -12.5659
48.6574 -11.5929
48.7892 -10.0178
48.9209 -7.92096
49.0527 -5.37852
49.1845 -2.50806
49.3162 0.448553
49.448 3.16436
49.5797 5.41976
49.7115 7.28313
49.8432 9.07092
49.975 11.0625
50.1067 13.1918
50.2385 14.9998
50.3702 15.9268
50.502 15.7254
50.6337 14.6555
50.7655 13.3021
50.8972 12.1668
51.029 11.3619
51.1607 10.6222
51.2925 9.57937
51.4242 8.04351
51.556 6.08262
51.6877 3.89129
51.8195 1.61072
51.9513 -0.742544
52.083 -3.21503
52.2148 -5.81476
52.3465 -8.46483
52.4783 -11.0258
52.61 -13.3374
52.7418 -15.2393
52.8735 -16.58
53.0053 -17.238
53.137 -17.155
53.2688 -16.3486
53.4005 -14.8896
53.5323 -12.8713
53.664 -10.4088
53.7958 -7.66711
53.9275 -4.86764
54.0593 -2.23085
54.191 0.119547
54.3228 2.20545
54.4545 4.13797
54.5863 5.99424
54.7181 7.73858
54.8498 9.26265
54.9816 10.5007
55.1133 11.4933
55.2451 12.3203
55.3768 12.9615
55.5086 13.2337
55.6403 12.8969
55.7721 11.8571
55.9038 10.2872
56.0356 8.54714
56.1673 6.95966
56.2991 5.63013
56.4308 4.45275
56.5626 3.27408
56.6943 2.04921
56.8261 0.85461
56.9578 -0.22571
57.0896 -1.20486
57.2213 -2.18159
57.3531 -3.2401
57.4848 -4.38044
57.6166 -5.55306
57.7484 -6.74413
57.8801 -7.99372
58.0119 -9.30335
58.1436 -10.5246
58.2754 -11.3673
58.4071 -11.5625
58.5389 -11.0546
58.6706 -10.0515
58.8024 -8.87389
58.9341 -7.72981
59.0659 -6.6018
59.1976 -5.33068
59.3294 -3.79984
59.4611 -2.04812
59.5929 -0.227299
59.7246 1.52565
59.8564 3.16503
59.9881 4.70279
60.1199 6.13008
60.2516 7.39566
60.3834 8.45814
60.5152 9.32709
60.6469 10.0119
60.7787 10.4126
60.9104 10.2896
61.0422 9.41517
61.1739 7.84
61.3057 6.06056
61.4374 4.88811
61.5692 5.01896
61.7009 6.53727
61.8327 8.67132
61.9644 10.0031
62.0962 9.08356
62.2279 5.17871
62.3597 -1.2153
62.4914 -8.37647
62.6232 -13.9548
62.7549 -15.9611
62.8867 -13.7084
63.0184 -8.21564
63.1502 -1.80016
63.2819 2.98251
63.4137 4.49882
63.5455 2.65773
63.6772 -1.31836
63.809 -5.74412
63.9407 -9.34804
64.0725 -11.6497
64.2042 -12.744
64.336 -12.835
64.4677 -11.9651
64.5995 -10.1071
64.7312 -7.42314
64.863 -4.35656
64.9947 -1.42971
65.1265 1.07338
65.2582 3.23621
65.39 5.32563
65.5217 7.46089
65.6535 9.43279
65.7852 10.8252
65.917 11.32
66.0487 10.9214
66.1805 9.93377
66.3123 8.75106
66.444 7.65288
66.5758 6.74633
66.7075 6.03099
66.8393 5.46815
66.971 4.98279
67.1028 4.43886
67.2345 3.67177
67.3663 2.5917
67.498 1.27324
67.6298 -0.065122
67.7615 -1.19428
67.8933 -2.01858
68.025 -2.61806
68.1568 -3.1675
68.2885 -3.81134
68.4203 -4.58892
68.552 -5.43737
68.6838 -6.23018
68.8155 -6.80984
68.9473 -7.02137
69.0791 -6.77653
69.2108 -6.13386
69.3426 -5.31938
69.4743 -4.62343
69.6061 -4.20973
69.7378 -3.97783
69.8696 -3.61346
70.0013 -2.82235
70.1331 -1.57981
70.2648 -0.192783
70.3966 0.891978
70.5283 1.3961
70.6601 1.40044
70.7918 1.27779
70.9236 1.42967
71.0553 2.03161
71.1871 2.96377
71.3188 3.94392
71.4506 4.7308
71.5823 5.2419
71.7141 5.5286
71.8458 5.67166
71.9776 5.703
72.1094 5.60824
72.2411 5.38186
72.3729 5.06783
72.5046 4.74447
72.6364 4.4678
72.7681 4.22246
72.8999 3.92035
73.0316 3.44985
73.1634 2.74255
73.2951 1.81406
73.4269 0.752442
73.5586 -0.337265
73.6904 -1.39445
73.8221 -2.42658
73.9539 -3.47793
74.0856 -4.56736
74.2174 -5.64417
74.3491 -6.59655
74.4809 -7.30384
74.6126 -7.68866
74.7444 -7.72962
74.8762 -7.43541
75.0079 -6.81635
75.1397 -5.88588
75.2714 -4.68713
75.4032 -3.30971
75.5349 -1.87239
75.6667 -0.486542
75.7984 0.761685
75.9302 1.79506
76.0619 2.52551
76.1937 2.87716
76.3254 2.85651
76.4572 2.61159
76.5889 2.40565
76.7207 2.49215
76.8524 2.96776
76.9842 3.71483
77.1159 4.4829
77.2477 5.04938
77.3794 5.33905
77.5112 5.42256
77.643 5.41617
77.7747 5.36593
77.9065 5.27741
78.0382 4.96149
78.17 4.38308
78.3017 3.45654
78.4335 2.17054
78.5652 0.655031
78.697 -0.883503
78.8287 -2.20263
78.9605 -3.06902
79.0922 -3.41743
79.224 -3.47682
79.3557 -3.47639
79.4875 -3.66527
79.6192 -3.98073
79.751 -4.19316
79.8827 -4.0772
80.0145 -3.75256
80.1462 -3.18167
80.278 -2.68546
80.4097 -2.34588
80.5415 -2.08044
80.6733 -1.55667
80.805 -0.793462
80.9368 0.0243264
81.0685 0.664526
81.2003 0.964667
81.332 0.966621
81.4638 0.9016
81.5955 0.976699
81.7273 1.06436
81.859 1.09033
81.9908 0.80639
82.1225 0.472476
82.2543 0.158961
82.386 0.0368682
82.5178 0.323474
82.6495 0.989251
82.7813 1.88463
82.913 2.83395
83.0448 3.56834
83.1765 3.85416
83.3083 3.62061
83.4401 2.99206
83.5718 2.19225
83.7036 1.60893
83.8353 1.12341
83.9671 0.808194
84.0988 0.39658
84.2306 -0.0983413
84.3623 -0.553624
84.4941 -0.787762
84.6258 -0.791068
84.7576 -0.589995
84.8893 -0.47635
85.0211 -0.550651
85.1528 -0.732324
85.2846 -0.901777
85.4163 -0.924691
85.5481 -0.872522
85.6798 -0.994029
85.8116 -1.13198
85.9433 -1.31817
86.0751 -1.41982
86.2069 -1.40292
86.3386 -1.2958
86.4704 -1.24701
86.6021 -1.25228
86.7339 -1.1562
86.8656 -0.969524
86.9974 -0.704369
87.1291 -0.262747
87.2609 0.10133
87.3926 0.436643
87.5244 0.720434
87.6561 1.01254
87.7879 1.29111
87.9196 1.31091
88.0514 1.03889
88.1831 0.644488
88.3149 0.346194
88.4466 0.276957
88.5784 0.363255
88.7101 0.622719
88.8419 0.928615
88.9736 1.14537
89.1054 1.35015
89.2372 1.49702
89.3689 1.62117
89.5007 1.38036
89.6324 1.04161
89.7642 0.680411
89.8959 0.338987
90.0277 0.130791
90.1594 -0.0123309
90.2912 -0.163201
90.4229 -0.334425
90.5547 -0.43012
90.6864 -0.391188
90.8182 -0.204413
90.9499 0.101922
91.0817 0.212927
91.2134 0.200463
91.3452 -0.0652012
91.4769 -0.343259
91.6087 -0.568315
91.7404 -0.680649
91.8722 -0.736391
92.004 -0.735698
92.1357 -0.907135
92.2675 -1.00529
92.3992 -1.07529
92.531 -1.12301
92.6627 -1.11
92.7945 -1.09309
92.9262 -0.95445
93.058 -0.599217
93.1897 -0.10811
93.3215 0.374583
93.4532 0.816654
93.585 1.01595
93.7167 0.991407
93.8485 0.901018
93.9802 0.762653
94.112 0.65469
94.2437 0.604491
94.3755 0.576976
94.5072 0.612909
94.639 0.702653
94.7708 0.751149
94.9025 0.749638
95.0343 0.64297
95.166 0.544476
95.2978 0.515755
95.4295 0.498444
95.5613 0.403793
95.693 0.236211
95.8248 0.173501
95.9565 0.113655
96.0883 0.170123
96.22 0.276297
96.3518 0.320246
96.4835 0.320239
96.6153 0.200644
96.747 -0.0422085
96.8788 -0.298801
97.0105 -0.534307
97.1423 -0.66576
97.274 -0.654842
97.4058 -0.604567
97.5375 -0.417669
97.6693 -0.332671
97.8011 -0.262613
97.9328 -0.300131
98.0646 -0.391036
98.1963 -0.542871
98.3281 -0.544408
98.4598 -0.52189
98.5916 -0.450871
98.7233 -0.458951
98.8551 -0.475226
98.9868 -0.305223
99.1186 0.0551707
99.2503 0.298747
99.3821 0.428752
99.5138 0.375351
99.6456 0.210088
99.7773 0.117675
99.9091 0.137354
100.041 0.259346
100.173 0.365332
100.304 0.41072
100.436 0.393277
100.568 0.389219
100.7 0.429651
100.831 0.473997
100.963 0.354754
101.095 0.171408
101.227 -0.0288122
101.358 -0.0286468
101.49 -0.0191115
101.622 0.0216569
101.754 0.123973
101.885 0.210195
102.017 0.155391
102.149 0.0939246
102.281 0.0907727
102.412 0.0767847
102.544 -0.0148828
102.676 -0.1175
102.808 -0.148118
102.939 -0.183248
103.071 -0.214575
103.203 -0.283629
103.335 -0.318306
103.466 -0.342294
103.598 -0.361394
103.73 -0.335117
103.862 -0.264619
103.993 -0.0901416
104.125 0.0622325
104.257 0.189387
104.389 0.258594
104.52 0.291102
104.652 0.182501
104.784 0.0743666
104.916 0.0906225
105.047 0.0756699
105.179 0.0558083
105.311 -0.0211351
105.443 0.0120494
105.574 0.0336255
105.706 0.0990014
105.838 0.114438
105.97 0.163722
106.101 0.197825
106.233 0.170675
106.365 0.159877
106.497 0.108317
106.628 0.0591896
106.76 0.0220765
106.892 -0.0168608
107.024 0.0216023
107.155 0.0623309
107.287 0.0699938
107.419 0.00926123
107.551 -0.0503314
107.682 -0.0432804
107.814 -0.0293744
107.946 -0.0223409
108.078 -0.0379477
108.209 -0.0318722
108.341 0.0394649
108.473 0.0650137
108.605 0.0761706
108.736 0.0481564
108.868 0.00803355
109 0.00159844
109.132 0.0702057
109.264 0.0617971
109.395 0.00700464
109.527 0.00542488
109.659 0.0347683
109.791 -0.000220055
109.922 -0.0141072
110.054 -0.00171835
110.186 0.0416108
110.318 0.0129794
110.449 0.00706764
110.581 -0.00314779
110.713 -0.00351262
110.845 0.00599029
110.976 0.0248912
111.108 0.0483354
111.24 0.00803079
111.372 0.00678902
111.503 0.00544962
111.635 0.00652738
111.767 0.00652738
111.899 0.00652738
112.03 0.00652738
112.162 0.00652738
112.294 0.00652738
112.426 0.00652738
112.557 0.00652738
112.689 0.00652738
112.821 0.00652738
112.953 0.00652738
113.084 0.00652738
113.216 0.00652738
113.348 0.00652738
113.48 0.00652738
113.611 0.00652738
113.743 0.00652738
113.875 0.00652738
114.007 0.00652738
114.138 0.00652738
114.27 0.00652738
114.402 0.00652738
114.534 0.00652738
114.665 0.00652738
114.797 0.00652738
114.929 0.00652738
115.061 0.00652738
115.192 0.00652738
115.324 0.00652738
115.456 0.00652738
115.588 0.00652738
115.719 0.00652738
115.851 0.00652738
115.983 0.00652738
116.115 0.00652738
116.246 0.00652738
116.378 0.00652738
116.51 0.00652738
116.642 0.00652738
116.773 0.00652738
116.905 0.00652738
117.037 0.00652738
117.169 0.00652738
117.3 0.00652738
117.432 0.00652738
117.564 0.00652738
117.696 0.00652738
117.827 0.00652738
117.959 0.00652738
118.091 0.00652738
118.223 0.00652738
118.354 0.00652738
118.486 0.00652738
118.618 0.00652738
118.75 0.00652738
118.881 0.00652738
119.013 0.00652738
119.145 0.00652738
119.277 0.00652738
119.408 0.00652738
119.54 0.00652738
119.672 0.00652738
119.804 0.00652738
119.935 0.00652738
120.067 0.00652738
120.199 0.00652738
120.331 0.00652738
120.462 0.00652738
120.594 0.00652738
120.726 0.00652738
120.858 0.00652738
120.989 0.00652738
121.121 0.00652738
121.253 0.00652738
121.385 0.00652738
121.516 0.00652738
121.648 0.00652738
121.78 0.00652738
121.912 0.00652738
122.043 0.00652738
122.175 0.00652738
122.307 0.00652738
122.439 0.00652738
122.57 0.00652738
122.702 0.00652738
122.834 0.00652738
122.966 0.00652738
123.097 0.00652738
123.229 0.00652738
123.361 0.00652738
123.493 0.00652738
123.625 0.00652738
123.756 0.00652738
123.888 0.00652738
124.02 0.00652738
124.152 0.00652738
124.283 0.00652738
124.415 0.00652738
124.547 0.00652738
124.679 0.00652738
124.81 0.00652738
124.942 0.00652738
125.074 0.00652738
125.206 0.00652738
125.337 0.00652738
125.469 0.00652738
125.601 0.00652738
125.733 0.00652738
125.864 0.00652738
125.996 0.00652738
126.128 0.00652738
126.26 0.00652738
126.391 0.00652738
126.523 0.00652738
126.655 0.00652738
126.787 0.00652738
126.918 0.00652738
127.05 0.00652738
127.182 0.00652738
127.314 0.00652738
127.445 0.00652738
127.577 0.00652738
127.709 0.00652738
127.841 0.00652738
127.972 0.00652738
128.104 0.00652738
128.236 0.00652738
128.368 0.00652738
128.499 0.00652738
128.631 0.00652738
128.763 0.00652738
128.895 0.00652738
129.026 0.00652738
129.158 0.00652738
129.29 0.00652738
129.422 0.00652738
129.553 0.00652738
129.685 0.00652738
129.817 0.00652738
129.949 0.00652738
130.08 0.00652738
130.212 0.00652738
