-6.12133 -0.275617
-5.98958 -0.447718
-5.85783 -0.52046
-5.72608 -0.538045
-5.59433 -0.478504
-5.46257 -0.276985
-5.33082 -0.052073
-5.19907 0.123364
-5.06732 0.274737
-4.93556 0.408702
-4.80381 0.429104
-4.67206 0.474304
-4.54031 0.558312
-4.40855 0.560237
-4.2768 0.368475
-4.14505 0.1178
-4.0133 -0.0674394
-3.88155 -0.110286
-3.74979 -0.0847141
-3.61804 -0.0342509
-3.48629 -0.0171715
-3.35454 0.0920701
-3.22278 0.208295
-3.09103 0.409728
-2.95928 0.687124
-2.82753 0.773924
-2.69577 0.715207
-2.56402 0.482154
-2.43227 0.165686
-2.30052 0.0126651
-2.16877 -0.110943
-2.03701 -0.176078
-1.90526 -0.302965
-1.77351 -0.465813
-1.64176 -0.554035
-1.51 -0.504598
-1.37825 -0.324831
-1.2465 -0.0687941
-1.11475 0.200038
-0.982994 0.427327
-0.851242 0.649739
-0.71949 0.857829
-0.587737 0.981942
-0.455985 0.913344
-0.324233 0.55209
-0.192481 0.0619364
-0.0607282 -0.357303
0.0710241 -0.635302
0.202776 -0.650311
0.334529 -0.516916
0.466281 -0.316904
0.598033 -0.0633877
0.729786 0.214416
0.861538 0.50951
0.99329 0.813086
1.12504 0.888731
1.25679 0.725304
1.38855 0.483505
1.5203 0.275862
1.65205 0.164269
1.7838 0.158895
1.91556 0.202529
2.04731 0.247119
2.17906 0.375447
2.31081 0.424894
2.44257 0.397943
2.57432 0.386675
2.70607 0.372883
2.83782 0.363615
2.96957 0.312184
3.10133 0.274075
3.23308 0.249122
3.36483 0.127651
3.49658 0.00803675
3.62834 -0.100034
3.76009 -0.190503
3.89184 -0.254525
4.02359 -0.299924
4.15535 -0.311696
4.2871 -0.33681
4.41885 -0.216451
4.5506 -0.027771
4.68235 0.19024
4.81411 0.295672
4.94586 0.195979
5.07761 0.124353
5.20936 0.215515
5.34112 0.456874
5.47287 0.703984
5.60462 0.77319
5.73637 0.633862
5.86813 0.33053
5.99988 0.057437
6.13163 -0.0465373
6.26338 -0.0342051
6.39513 0.0633959
6.52689 0.2456
6.65864 0.518218
6.79039 0.789305
6.92214 1.08533
7.0539 1.0887
7.18565 0.723076
7.3174 0.0713466
7.44915 -0.611386
7.58091 -0.967294
7.71266 -0.899272
7.84441 -0.542091
7.97616 -0.128013
8.10791 0.189658
8.23967 0.37634
8.37142 0.628241
8.50317 0.873263
8.63492 1.00995
8.76668 0.898962
8.89843 0.533083
9.03018 0.173648
9.16193 -0.0157794
9.29369 -0.0923509
9.42544 0.00872617
9.55719 0.0134317
9.68894 -0.0929293
9.82069 -0.25948
9.95245 -0.258612
10.0842 -0.118438
10.216 0.0452194
10.3477 0.154957
10.4795 0.17044
10.6112 0.135362
10.743 0.146673
10.8747 0.182932
11.0065 0.0836379
11.1382 -0.131293
11.27 -0.430471
11.4017 -0.560681
11.5335 -0.419823
11.6652 -0.0555591
11.797 0.360681
11.9287 0.758709
12.0605 1.23712
12.1922 1.715
12.324 2.10352
12.4557 2.15099
12.5875 1.73365
12.7192 0.928282
12.851 0.084383
12.9828 -0.4343
13.1145 -0.575358
13.2463 -0.559518
13.378 -0.620246
13.5098 -0.783853
13.6415 -0.860497
13.7733 -0.673945
13.905 -0.276816
14.0368 0.0801513
14.1685 0.198226
14.3003 0.139845
14.432 0.171896
14.5638 0.490372
14.6955 1.00257
14.8273 1.39024
14.959 1.39414
15.0908 1.0382
15.2225 0.57726
15.3543 0.236689
15.486 0.0186396
15.6178 -0.233208
15.7495 -0.598095
15.8813 -0.93867
16.0131 -1.01495
16.1448 -0.731109
16.2766 -0.24692
16.4083 0.171092
16.5401 0.402378
16.6718 0.556389
16.8036 0.79517
16.9353 1.08983
17.0671 1.19116
17.1988 0.874473
17.3306 0.216848
17.4623 -0.395063
17.5941 -0.570004
17.7258 -0.251156
17.8576 0.240031
17.9893 0.502338
18.1211 0.408241
18.2528 0.17665
18.3846 0.114826
18.5163 0.305936
18.6481 0.555191
18.7799 0.62616
18.9116 0.499263
19.0434 0.377215
19.1751 0.444772
19.3069 0.65506
19.4386 0.779059
19.5704 0.661548
19.7021 0.396413
19.8339 0.219739
19.9656 0.231225
20.0974 0.254389
20.2291 0.00895437
20.3609 -0.568343
20.4926 -1.19532
20.6244 -1.46581
20.7561 -1.21636
20.8879 -0.671839
21.0196 -0.220694
21.1514 -0.0467566
21.2831 0.0111217
21.4149 0.240875
21.5466 0.722807
21.6784 1.23461
21.8102 1.48698
21.9419 1.42368
22.0737 1.25433
22.2054 1.18685
22.3372 1.16461
22.4689 0.918306
22.6007 0.296734
22.7324 -0.48426
22.8642 -0.975854
22.9959 -0.912167
23.1277 -0.484755
23.2594 -0.169436
23.3912 -0.256238
23.5229 -0.556707
23.6547 -0.598699
23.7864 -0.119349
23.9182 0.65022
24.0499 1.20671
24.1817 1.27314
24.3134 1.04978
24.4452 0.953068
24.577 1.12742
24.7087 1.26883
24.8405 0.971486
24.9722 0.234417
25.104 -0.438279
25.2357 -0.499262
25.3675 0.0723364
25.4992 0.701667
25.631 0.760131
25.7627 0.180759
25.8945 -0.497021
26.0262 -0.715756
26.158 -0.505462
26.2897 -0.443802
26.4215 -0.980305
26.5532 -1.83676
26.685 -2.16636
26.8167 -1.37576
26.9485 0.218463
27.0802 1.61612
27.212 2.06564
27.3438 1.76075
27.4755 1.5585
27.6073 1.98817
27.739 2.60505
27.8708 2.43431
28.0025 1.1005
28.1343 -0.564004
28.266 -1.18741
28.3978 -0.236278
28.5295 1.30117
28.6613 1.72551
28.793 0.206662
28.9248 -2.46239
29.0565 -4.74813
29.1883 -5.9527
29.32 -6.65924
29.4518 -7.31591
29.5835 -6.38097
29.7153 -0.440076
29.847 12.8055
29.9788 30.6984
30.1105 44.5317
30.2423 43.2203
30.3741 20.0085
30.5058 -22.2606
30.6376 -71.0671
30.7693 -109.406
30.9011 -122.818
31.0328 -104.309
31.1646 -55.6993
31.2963 13.3498
31.4281 86.9516
31.5598 145.384
31.6916 169.768
31.8233 149.224
31.9551 87.3737
32.0868 3.25182
32.2186 -75.9634
32.3503 -127.37
32.4821 -142.481
32.6138 -128.569
32.7456 -100.814
32.8773 -71.4386
33.0091 -43.7373
33.1409 -14.42
33.2726 19.175
33.4044 53.8769
33.5361 81.7904
33.6679 96.0786
33.7996 95.8571
33.9314 85.947
34.0631 72.1837
34.1949 56.8533
34.3266 38.2641
34.4584 14.3296
34.5901 -13.6232
34.7219 -40.4955
34.8536 -60.7047
34.9854 -71.9185
35.1171 -75.8391
35.2489 -75.5961
35.3806 -72.4441
35.5124 -64.8791
35.6441 -50.7933
35.7759 -30.4137
35.9077 -7.18609
36.0394 14.1631
36.1712 30.5392
36.3029 41.8053
36.4347 49.6247
36.5664 55.2135
36.6982 58.1721
36.8299 57.2645
36.9617 52.0778
37.0934 43.789
37.2252 34.3186
37.3569 24.7963
37.4887 14.8792
37.6204 3.55394
37.7522 -9.39432
37.8839 -22.6469
38.0157 -33.9995
38.1474 -41.7577
38.2792 -45.6511
38.4109 -46.5848
38.5427 -45.6233
38.6744 -43.1789
38.8062 -39.0215
38.938 -32.9043
39.0697 -25.1093
39.2015 -16.4306
39.3332 -7.70936
39.465 0.591882
39.5967 8.42614
39.7285 15.8765
39.8602 22.8693
39.992 29.1149
40.1237 34.2345
40.2555 37.8887
40.3872 39.8016
40.519 39.7374
40.6507 37.5362
40.7825 33.2173
40.9142 27.0563
41.046 19.5462
41.1777 11.2667
41.3095 2.76075
41.4412 -5.50153
41.573 -13.0905
41.7048 -19.5956
41.8365 -24.6692
41.9683 -28.1228
42.1 -30.0123
42.2318 -30.653
42.3635 -30.5296
42.4953 -30.0987
42.627 -29.53
42.7588 -28.5097
42.8905 -26.2654
43.0223 -21.904
43.154 -14.9597
43.2858 -5.8544
43.4175 4.04814
43.5493 12.902
43.681 19.1316
43.8128 22.063
43.9445 22.0999
44.0763 20.4041
44.208 18.3169
44.3398 16.8471
44.4716 16.4241
44.6033 16.9327
44.7351 17.9232
44.8668 18.8714
44.9986 19.3823
45.1303 19.2599
45.2621 18.4217
45.3938 16.7294
45.5256 13.894
45.6573 9.58103
45.7891 3.68583
45.9208 -3.42724
46.0526 -10.9446
46.1843 -17.9135
46.3161 -23.6284
46.4478 -27.8048
46.5796 -30.4398
46.7113 -31.5385
46.8431 -30.9966
46.9748 -28.752
47.1066 -25.0332
47.2383 -20.4111
47.3701 -15.5487
47.5019 -10.8503
47.6336 -6.33207
47.7654 -1.83904
47.8971 2.60516
48.0289 6.66877
48.1606 9.95062
48.2924 12.3707
48.4241 14.3247
48.5559 16.4111
48.6876 18.9282
48.8194 21.5589
48.9511 23.5137
49.0829 24.0212
49.2146 22.7874
49.3464 20.1104
49.4781 16.6365
49.6099 13.0003
49.7416 9.5986
49.8734 6.56183
50.0051 3.82855
50.1369 1.22377
50.2687 -1.45786
50.4004 -4.32482
50.5322 -7.25479
50.6639 -9.87851
50.7957 -11.7637
50.9274 -12.7096
51.0592 -12.9271
51.1909 -12.9345
51.3227 -13.225
51.4544 -13.9531
51.5862 -14.8705
51.7179 -15.527
51.8497 -15.5435
51.9814 -14.7549
52.1132 -13.1795
52.2449 -10.9359
52.3767 -8.22175
52.5084 -5.33431
52.6402 -2.61829
52.7719 -0.296745
52.9037 1.69372
53.0355 3.67869
53.1672 5.98614
53.299 8.63396
53.4307 11.2383
53.5625 13.2522
53.6942 14.3575
53.826 14.6856
53.9577 14.68
54.0895 14.7238
54.2212 14.8482
54.353 14.7601
54.4847 14.1367
54.6165 12.9133
54.7482 11.3197
54.88 9.6551
55.0117 8.01854
55.1435 6.22698
55.2752 3.97567
55.407 1.09239
55.5387 -2.31694
55.6705 -5.91953
55.8022 -9.33098
55.934 -12.2699
56.0658 -14.5995
56.1975 -16.2703
56.3293 -17.2449
56.461 -17.4733
56.5928 -16.9334
56.7245 -15.6931
56.8563 -13.936
56.988 -11.9148
57.1198 -9.84746
57.2515 -7.82089
57.3833 -5.77858
57.515 -3.61568
57.6468 -1.32029
57.7785 0.954926
57.9103 2.9649
58.042 4.54298
58.1738 5.72741
58.3055 6.7236
58.4373 7.72338
58.569 8.73893
58.7008 9.60668
58.8326 10.1622
58.9643 10.4195
59.0961 10.5746
59.2278 10.8134
59.3596 11.1028
59.4913 11.1714
59.6231 10.7174
59.7548 9.66343
59.8866 8.22481
60.0183 6.72892
60.1501 5.35385
60.2818 4.02785
60.4136 2.57008
60.5453 0.919987
60.6771 -0.777097
60.8088 -2.30935
60.9406 -3.61557
61.0723 -4.85478
61.2041 -6.25166
61.3358 -7.86503
61.4676 -9.50183
61.5994 -10.8539
61.7311 -11.7182
61.8629 -12.0911
61.9946 -12.0662
62.1264 -11.669
62.2581 -10.8147
62.3899 -9.43782
62.5216 -7.64841
62.6534 -5.73796
62.7851 -4.00688
62.9169 -2.57116
63.0486 -1.32974
63.1804 -0.114146
63.3121 1.13791
63.4439 2.35757
63.5756 3.4762
63.7074 4.54935
63.8391 5.71315
63.9709 6.99479
64.1026 8.17674
64.2344 8.89837
64.3661 8.96636
64.4979 8.62566
64.6297 8.52388
64.7614 9.31815
64.8932 11.1537
65.0249 13.3686
65.1567 14.6597
65.2884 13.6713
65.4202 9.72374
65.5519 3.31109
65.6837 -3.91064
65.8154 -9.69928
65.9472 -12.1559
66.0789 -10.5919
66.2107 -5.88926
66.3424 -0.126484
66.4742 4.36915
66.6059 6.04078
66.7377 4.64016
66.8694 1.04136
67.0012 -3.4472
67.1329 -7.76374
67.2647 -11.3591
67.3965 -14.0231
67.5282 -15.5837
67.66 -15.8141
67.7917 -14.6104
67.9235 -12.21
68.0552 -9.18417
68.187 -6.1627
68.3187 -3.51389
68.4505 -1.24342
68.5822 0.827489
68.714 2.79348
68.8457 4.55202
68.9775 5.9202
69.1092 6.83494
69.241 7.42972
69.3727 7.92185
69.5045 8.43102
69.6362 8.90175
69.768 9.1844
69.8997 9.17573
70.0315 8.88144
70.1633 8.36201
70.295 7.64542
70.4268 6.71011
70.5585 5.5544
70.6903 4.27218
70.822 3.04882
70.9538 2.07026
71.0855 1.41565
71.2173 1.00898
71.349 0.649952
71.4808 0.094997
71.6125 -0.846059
71.7443 -2.21816
71.876 -3.86139
72.0078 -5.43216
72.1395 -6.538
72.2713 -6.94146
72.403 -6.70556
72.5348 -6.15861
72.6665 -5.67908
72.7983 -5.45147
72.93 -5.38154
73.0618 -5.23268
73.1936 -4.85724
73.3253 -4.31793
73.4571 -3.80149
73.5888 -3.42165
73.7206 -3.10597
73.8523 -2.67148
73.9841 -2.0065
74.1158 -1.17503
74.2476 -0.342768
74.3793 0.396927
74.5111 1.12019
74.6428 1.99548
74.7746 3.10786
74.9063 4.3553
75.0381 5.51302
75.1698 6.39832
75.3016 6.97836
75.4333 7.3315
75.5651 7.52103
75.6968 7.51812
75.8286 7.24674
75.9604 6.69218
76.0921 5.95347
76.2239 5.18441
76.3556 4.48335
76.4874 3.83775
76.6191 3.1652
76.7509 2.39484
76.8826 1.5052
77.0144 0.498207
77.1461 -0.635132
77.2779 -1.89939
77.4096 -3.24146
77.5414 -4.52901
77.6731 -5.60468
77.8049 -6.37659
77.9366 -6.85666
78.0684 -7.10538
78.2001 -7.13876
78.3319 -6.898
78.4636 -6.32149
78.5954 -5.4517
78.7272 -4.46669
78.8589 -3.59457
78.9907 -3.00094
79.1224 -2.63736
79.2542 -2.39108
79.3859 -2.11258
79.5177 -1.67873
79.6494 -0.983339
79.7812 0.0692957
79.9129 1.51848
80.0447 3.21354
80.1764 4.86294
80.3082 6.15251
80.4399 6.85931
80.5717 7.01021
80.7034 6.83205
80.8352 6.41202
80.9669 5.96738
81.0987 5.31265
81.2304 4.57422
81.3622 3.88964
81.4939 3.27597
81.6257 2.90941
81.7575 2.66269
81.8892 2.31789
82.021 1.6916
82.1527 0.84863
82.2845 -0.0665816
82.4162 -0.881929
82.548 -1.61596
82.6797 -2.3931
82.8115 -3.25048
82.9432 -4.08951
83.075 -4.65583
83.2067 -4.71103
83.3385 -4.40762
83.4702 -3.77631
83.602 -2.9876
83.7337 -2.3514
83.8655 -1.90434
83.9972 -1.50292
84.129 -1.28214
84.2607 -1.14376
84.3925 -1.09814
84.5243 -1.06141
84.656 -1.03505
84.7878 -0.906891
84.9195 -0.610878
85.0513 -0.0608786
85.183 0.581526
85.3148 1.24683
85.4465 1.68355
85.5783 1.93436
85.71 1.85315
85.8418 1.77032
85.9735 1.74025
86.1053 1.77004
86.237 1.95208
86.3688 2.16697
86.5005 2.28503
86.6323 2.38091
86.764 2.45987
86.8958 2.58026
87.0275 2.59359
87.1593 2.43411
87.2911 2.03139
87.4228 1.39098
87.5546 0.815174
87.6863 0.369149
87.8181 0.165072
87.9498 0.0723357
88.0816 -0.125011
88.2133 -0.370849
88.3451 -0.754147
88.4768 -1.18354
88.6086 -1.60925
88.7403 -1.91612
88.8721 -2.12492
89.0038 -2.27058
89.1356 -2.26706
89.2673 -2.0907
89.3991 -1.77686
89.5308 -1.46372
89.6626 -1.10281
89.7943 -0.795612
89.9261 -0.44099
90.0578 0.00445339
90.1896 0.288195
90.3214 0.469268
90.4531 0.481472
90.5849 0.453634
90.7166 0.558938
90.8484 0.828063
90.9801 1.01005
91.1119 1.07575
91.2436 1.04516
91.3754 0.922381
91.5071 0.914621
91.6389 1.01627
91.7706 1.07498
91.9024 0.963044
92.0341 0.556626
92.1659 0.167624
92.2976 0.0592559
92.4294 0.130768
92.5611 0.4093
92.6929 0.58183
92.8246 0.543184
92.9564 0.322346
93.0882 0.160814
93.2199 0.21432
93.3517 0.315323
93.4834 0.420518
93.6152 0.305137
93.7469 0.11783
93.8787 -0.178627
94.0104 -0.333857
94.1422 -0.403269
94.2739 -0.31453
94.4057 -0.100878
94.5374 0.108393
94.6692 0.301709
94.8009 0.398588
94.9327 0.291249
95.0644 0.027203
95.1962 -0.148436
95.3279 -0.261022
95.4597 -0.350936
95.5914 -0.434182
95.7232 -0.503737
95.855 -0.644343
95.9867 -0.795348
96.1185 -0.860026
96.2502 -0.734621
96.382 -0.483692
96.5137 -0.167725
96.6455 0.0661004
96.7772 0.35166
96.909 0.602344
97.0407 0.684071
97.1725 0.663573
97.3042 0.416679
97.436 0.116428
97.5677 -0.0476601
97.6995 -0.116163
97.8312 0.0333132
97.963 0.193421
98.0947 0.326938
98.2265 0.410048
98.3582 0.457869
98.49 0.50243
98.6217 0.513301
98.7535 0.428622
98.8853 0.259953
99.017 0.137939
99.1488 0.135474
99.2805 0.245743
99.4123 0.349185
99.544 0.328274
99.6758 0.222496
99.8075 0.0499327
99.9393 -0.0924335
100.071 -0.0772019
100.203 -0.0328754
100.335 0.0273433
100.466 0.100085
100.598 0.221046
100.73 0.453918
100.862 0.711641
100.993 0.766161
101.125 0.629884
101.257 0.293939
101.389 -0.173677
101.52 -0.559638
101.652 -0.720473
101.784 -0.68254
101.916 -0.546848
102.047 -0.406285
102.179 -0.380083
102.311 -0.276913
102.443 -0.093961
102.574 0.0292873
102.706 0.0631128
102.838 0.0110703
102.97 -0.0205364
103.101 -0.0449504
103.233 -0.0792693
103.365 -0.0560771
103.497 -0.0697296
103.628 -0.0592046
103.76 0.0434585
103.892 0.22417
104.024 0.398243
104.155 0.454534
104.287 0.431553
104.419 0.252222
104.551 0.0768679
104.682 -0.0538321
104.814 -0.063878
104.946 0.0983627
105.078 0.244051
105.209 0.315625
105.341 0.317961
105.473 0.254308
105.605 0.130574
105.736 -0.0702765
105.868 -0.237441
106 -0.3122
106.132 -0.27693
106.263 -0.120361
106.395 0.0301243
106.527 0.0692604
106.659 0.0134841
106.79 0.0103743
106.922 -0.0291323
107.054 0.0102143
107.186 0.0279388
107.317 -0.00682596
107.449 -0.0405391
107.581 -0.071055
107.713 -0.0516734
107.844 -0.00813861
107.976 -0.00561439
108.108 -0.0672537
108.24 -0.108791
108.371 -0.17984
108.503 -0.174266
108.635 -0.133023
108.767 -0.0890285
108.898 -0.0391212
109.03 -0.0449138
109.162 -0.0387042
109.294 0.0900652
109.425 0.115701
109.557 0.107657
109.689 0.0358251
109.821 -0.00108697
109.952 -0.0454923
110.084 -0.0307536
110.216 0.0276121
110.348 0.0503753
110.479 0.0447048
110.611 0.0554337
110.743 0.0608346
110.875 0.0382699
111.006 0.0323314
111.138 -0.0146231
111.27 -0.0104034
111.402 -0.00738018
111.533 0.00078624
111.665 -0.00120665
111.797 0.0133285
111.929 0.0389126
112.06 0.0077629
112.192 0.0175982
112.324 0.0261334
112.456 0.037954
112.587 0.0198871
112.719 0.0142122
112.851 0.0265741
112.983 0.0251507
113.115 0.0190989
113.246 0.0190989
113.378 0.0190989
113.51 0.0190989
113.642 0.0190989
113.773 0.0190989
113.905 0.0190989
114.037 0.0190989
114.169 0.0190989
114.3 0.0190989
114.432 0.0190989
114.564 0.0190989
114.696 0.0190989
114.827 0.0190989
114.959 0.0190989
115.091 0.0190989
115.223 0.0190989
115.354 0.0190989
115.486 0.0190989
115.618 0.0190989
115.75 0.0190989
115.881 0.0190989
116.013 0.0190989
116.145 0.0190989
116.277 0.0190989
116.408 0.0190989
116.54 0.0190989
116.672 0.0190989
116.804 0.0190989
116.935 0.0190989
117.067 0.0190989
117.199 0.0190989
117.331 0.0190989
117.462 0.0190989
117.594 0.0190989
117.726 0.0190989
117.858 0.0190989
117.989 0.0190989
118.121 0.0190989
118.253 0.0190989
118.385 0.0190989
118.516 0.0190989
118.648 0.0190989
118.78 0.0190989
118.912 0.0190989
119.043 0.0190989
119.175 0.0190989
119.307 0.0190989
119.439 0.0190989
119.57 0.0190989
119.702 0.0190989
119.834 0.0190989
119.966 0.0190989
120.097 0.0190989
120.229 0.0190989
120.361 0.0190989
120.493 0.0190989
120.624 0.0190989
120.756 0.0190989
120.888 0.0190989
121.02 0.0190989
121.151 0.0190989
121.283 0.0190989
121.415 0.0190989
121.547 0.0190989
121.678 0.0190989
121.81 0.0190989
121.942 0.0190989
122.074 0.0190989
122.205 0.0190989
122.337 0.0190989
122.469 0.0190989
122.601 0.0190989
122.732 0.0190989
122.864 0.0190989
122.996 0.0190989
123.128 0.0190989
123.259 0.0190989
123.391 0.0190989
123.523 0.0190989
123.655 0.0190989
123.786 0.0190989
123.918 0.0190989
124.05 0.0190989
124.182 0.0190989
124.313 0.0190989
124.445 0.0190989
124.577 0.0190989
124.709 0.0190989
124.84 0.0190989
124.972 0.0190989
125.104 0.0190989
125.236 0.0190989
125.367 0.0190989
125.499 0.0190989
125.631 0.0190989
125.763 0.0190989
125.894 0.0190989
126.026 0.0190989
126.158 0.0190989
126.29 0.0190989
126.421 0.0190989
126.553 0.0190989
126.685 0.0190989
126.817 0.0190989
126.948 0.0190989
127.08 0.0190989
127.212 0.0190989
127.344 0.0190989
127.476 0.0190989
127.607 0.0190989
127.739 0.0190989
127.871 0.0190989
128.003 0.0190989
128.134 0.0190989
128.266 0.0190989
128.398 0.0190989
128.53 0.0190989
128.661 0.0190989
