-6.21037 0.448793
-6.07862 0.525926
-5.94687 0.500659
-5.81512 0.418347
-5.68336 0.367083
-5.55161 0.213047
-5.41986 0.0691581
-5.28811 -0.0582896
-5.15635 -0.0596384
-5.0246 0.0727672
-4.89285 0.170249
-4.7611 0.212636
-4.62934 0.0613615
-4.49759 -0.126327
-4.36584 -0.157154
-4.23409 -0.0611302
-4.10234 0.120198
-3.97058 0.33445
-3.83883 0.369961
-3.70708 0.275319
-3.57533 0.172323
-3.44357 0.108904
-3.31182 0.0990815
-3.18007 0.085946
-3.04832 -0.00796343
-2.91656 -0.112165
-2.78481 -0.110568
-2.65306 0.00132163
-2.52131 0.13155
-2.38956 0.269552
-2.2578 0.421164
-2.12605 0.552459
-1.9943 0.672153
-1.86255 0.638562
-1.73079 0.446053
-1.59904 0.152247
-1.46729 -0.0659895
-1.33554 -0.0720554
-1.20378 -0.0465817
-1.07203 -0.114083
-0.94028 -0.220821
-0.808527 -0.416193
-0.676775 -0.503823
-0.545023 -0.406331
-0.413271 -0.122954
-0.281518 0.324094
-0.149766 0.588033
-0.0180136 0.602127
0.113739 0.596803
0.245491 0.625687
0.377243 0.674702
0.508996 0.697736
0.640748 0.624811
0.7725 0.474618
0.904253 0.272815
1.036 0.271829
1.16776 0.257937
1.29951 0.214778
1.43126 0.04053
1.56301 -0.318728
1.69477 -0.626311
1.82652 -0.777889
1.95827 -0.734732
2.09002 -0.645022
2.22178 -0.50417
2.35353 -0.250704
2.48528 0.344535
2.61703 1.14252
2.74878 1.87141
2.88054 2.11306
3.01229 1.89353
3.14404 1.34542
3.27579 0.831943
3.40755 0.542996
3.5393 0.466303
3.67105 0.434146
3.8028 0.254991
3.93456 -0.0840758
4.06631 -0.411094
4.19806 -0.621761
4.32981 -0.727185
4.46156 -0.799618
4.59332 -0.856851
4.72507 -0.920316
4.85682 -0.837194
4.98857 -0.554342
5.12033 -0.18856
5.25208 0.164462
5.38383 0.38428
5.51558 0.550117
5.64734 0.777622
5.77909 0.959457
5.91084 0.954359
6.04259 0.796581
6.17434 0.374338
6.3061 0.116829
6.43785 0.152479
6.5696 0.441096
6.70135 0.870526
6.83311 1.10252
6.96486 1.11261
7.09661 0.942773
7.22836 0.707049
7.36012 0.278106
7.49187 -0.327196
7.62362 -1.00068
7.75537 -1.4352
7.88712 -1.34567
8.01888 -0.719345
8.15063 0.144962
8.28238 0.847115
8.41413 1.12309
8.54589 0.948499
8.67764 0.703996
8.80939 0.522781
8.94114 0.339828
9.0729 0.0960932
9.20465 -0.130086
9.3364 -0.176357
9.46815 0.0928298
9.5999 0.561791
9.73166 0.834188
9.86341 0.697233
9.99516 0.18149
10.1269 -0.368258
10.2587 -0.647118
10.3904 -0.548097
10.5222 -0.243657
10.6539 0.0449539
10.7857 0.25991
10.9174 0.500485
11.0492 0.830035
11.1809 1.12928
11.3127 1.17252
11.4444 0.854215
11.5762 0.321728
11.7079 -0.13703
11.8397 -0.343935
11.9714 -0.364905
12.1032 -0.397585
12.235 -0.543148
12.3667 -0.709838
12.4985 -0.742421
12.6302 -0.616848
12.762 -0.465969
12.8937 -0.396832
13.0255 -0.311212
13.1572 0.0373313
13.289 0.767791
13.4207 1.65783
13.5525 2.24942
13.6842 2.21943
13.816 1.67125
13.9477 1.05037
14.0795 0.745902
14.2112 0.755789
14.343 0.738065
14.4747 0.388124
14.6065 -0.242447
14.7382 -0.803829
14.87 -1.0101
15.0017 -0.92061
15.1335 -0.846479
15.2653 -0.987351
15.397 -1.19261
15.5288 -1.11277
15.6605 -0.591702
15.7923 0.114784
15.924 0.539812
16.0558 0.437224
16.1875 0.0100457
16.3193 -0.295398
16.451 -0.21625
16.5828 0.114445
16.7145 0.371859
16.8463 0.421203
16.978 0.456812
17.1098 0.749042
17.2415 1.28299
17.3733 1.70101
17.505 1.63834
17.6368 1.10818
17.7685 0.518512
17.9003 0.281615
18.0321 0.413997
18.1638 0.549137
18.2956 0.355687
18.4273 -0.0820152
18.5591 -0.336604
18.6908 -0.101426
18.8226 0.444764
18.9543 0.776588
19.0861 0.541958
19.2178 -0.0761279
19.3496 -0.548232
19.4813 -0.554556
19.6131 -0.323646
19.7448 -0.37983
19.8766 -0.947513
20.0083 -1.64217
20.1401 -1.79983
20.2718 -1.12971
20.4036 -0.0172625
20.5353 0.849675
20.6671 1.15299
20.7989 1.21132
20.9306 1.55545
21.0624 2.26276
21.1941 2.77934
21.3259 2.45893
21.4576 1.27706
21.5894 -0.0453089
21.7211 -0.684374
21.8529 -0.48954
21.9846 -0.0897061
22.1164 -0.204124
22.2481 -0.869769
22.3799 -1.40581
22.5116 -1.1705
22.6434 -0.312379
22.7751 0.310175
22.9069 0.00298267
23.0386 -0.998905
23.1704 -1.70951
23.3021 -1.37392
23.4339 -0.241413
23.5656 0.705305
23.6974 0.808848
23.8292 0.457821
23.9609 0.653944
24.0927 1.83528
24.2244 3.2247
24.3562 3.49745
24.4879 2.16948
24.6197 0.249695
24.7514 -0.641858
24.8832 0.100949
25.0149 1.36398
25.1467 1.33801
25.2784 -0.701644
25.4102 -3.70015
25.5419 -5.96666
25.6737 -6.89972
25.8054 -7.25433
25.9372 -7.40021
26.0689 -5.43791
26.2007 2.20187
26.3324 17.1474
26.4642 35.2057
26.596 46.187
26.7277 38.9482
26.8595 8.81243
26.9912 -37.9259
27.123 -85.8559
27.2547 -117.433
27.3865 -120.364
27.5182 -91.2386
27.65 -34.987
27.7817 37.2132
27.9135 109.375
28.0452 162.262
28.177 177.645
28.3087 145.81
28.4405 72.5543
28.5722 -20.2245
28.704 -103.056
28.8357 -152.583
28.9675 -161.814
29.0992 -140.215
29.231 -104.317
29.3628 -66.4213
29.4945 -29.7057
29.6263 7.97279
29.758 46.6026
29.8898 80.329
30.0215 100.736
30.1533 103.568
30.285 92.3559
30.4168 75.5388
30.5485 59.795
30.6803 45.5686
30.812 28.5016
30.9438 4.99102
31.0755 -23.4004
31.2073 -50.4605
31.339 -69.8268
31.4708 -79.1228
31.6025 -80.2478
31.7343 -76.2505
31.866 -68.2485
31.9978 -55.3
32.1295 -36.8859
32.2613 -15.0968
32.3931 5.86004
32.5248 22.3774
32.6566 33.7203
32.7883 41.7274
32.9201 48.3953
33.0518 53.7843
33.1836 56.1723
33.3153 54.0596
33.4471 47.8617
33.5788 39.6106
33.7106 31.0827
33.8423 22.3235
33.9741 12.0422
34.1058 -0.573972
34.2376 -14.4742
34.3693 -27.146
34.5011 -36.3848
34.6328 -41.7297
34.7646 -44.293
34.8963 -45.3149
35.0281 -44.9381
35.1599 -42.3282
35.2916 -36.8609
35.4234 -29.0875
35.5551 -20.5199
35.6869 -12.5047
35.8186 -5.31295
35.9504 1.72852
36.0821 9.30659
36.2139 17.3441
36.3456 25.0478
36.4774 31.5649
36.6091 36.4875
36.7409 39.7381
36.8726 41.1114
37.0044 40.1079
37.1361 36.3308
37.2679 30.0478
37.3996 22.2906
37.5314 14.3071
37.6631 6.83794
37.7949 -0.128948
37.9267 -6.93368
38.0584 -13.6
38.1902 -19.597
38.3219 -24.2064
38.4537 -27.1045
38.5854 -28.6009
38.7172 -29.3352
38.8489 -29.7455
38.9807 -29.7728
39.1124 -28.9793
39.2442 -26.8739
39.3759 -23.1351
39.5077 -17.6492
39.6394 -10.5243
39.7712 -2.22012
39.9029 6.3073
40.0347 13.7063
40.1664 18.6926
40.2982 20.6545
40.4299 19.9832
40.5617 17.8712
40.6934 15.7049
40.8252 14.4587
40.957 14.4411
41.0887 15.4358
41.2205 17.0092
41.3522 18.7202
41.484 20.1474
41.6157 20.8345
41.7475 20.2917
41.8792 18.1048
42.011 14.091
42.1427 8.40996
42.2745 1.56616
42.4062 -5.70836
42.538 -12.6567
42.6697 -18.705
42.8015 -23.5697
42.9332 -27.1968
43.065 -29.5795
43.1967 -30.6065
43.3285 -30.0844
43.4602 -27.9276
43.592 -24.3418
43.7238 -19.8106
43.8555 -14.8696
43.9873 -9.86182
44.119 -4.89873
44.2508 -0.0541612
44.3825 4.42657
44.5143 8.15356
44.646 10.8761
44.7778 12.7618
44.9095 14.3638
45.0413 16.2342
45.173 18.4776
45.3048 20.6245
45.4365 21.9406
45.5683 21.9172
45.7 20.5473
45.8318 18.2087
45.9635 15.3284
46.0953 12.1527
46.227 8.78629
46.3588 5.37115
46.4906 2.16026
46.6223 -0.603155
46.7541 -2.85384
46.8858 -4.71653
47.0176 -6.33778
47.1493 -7.72346
47.2811 -8.77152
47.4128 -9.4749
47.5446 -10.0671
47.6763 -10.9171
47.8081 -12.2322
47.9398 -13.8347
48.0716 -15.2308
48.2033 -15.9197
48.3351 -15.6742
48.4668 -14.5734
48.5986 -12.8234
48.7303 -10.5895
48.8621 -8.00329
48.9938 -5.27407
49.1256 -2.69805
49.2573 -0.481276
49.3891 1.46182
49.5209 3.48156
49.6526 5.88222
49.7844 8.57668
49.9161 11.0477
50.0479 12.7073
50.1796 13.3704
50.3114 13.4207
50.4431 13.5025
50.5749 13.9928
50.7066 14.707
50.8384 15.0797
50.9701 14.6382
51.1019 13.3468
51.2336 11.5486
51.3654 9.61009
51.4971 7.62136
51.6289 5.40403
51.7606 2.76667
51.8924 -0.26768
52.0241 -3.46447
52.1559 -6.56084
52.2877 -9.41331
52.4194 -11.9679
52.5512 -14.1194
52.6829 -15.6449
52.8147 -16.3061
52.9464 -16.0312
53.0782 -14.9975
53.2099 -13.535
53.3417 -11.9389
53.4734 -10.3505
53.6052 -8.77827
53.7369 -7.19473
53.8687 -5.5951
54.0004 -3.97925
54.1322 -2.31442
54.2639 -0.548143
54.3957 1.33255
54.5274 3.26227
54.6592 5.12425
54.7909 6.81211
54.9227 8.25966
55.0545 9.41827
55.1862 10.2327
55.318 10.6695
55.4497 10.7788
55.5815 10.7027
55.7132 10.5824
55.845 10.4261
55.9767 10.073
56.1085 9.31845
56.2402 8.11314
56.372 6.65332
56.5037 5.26444
56.6355 4.16607
56.7672 3.32219
56.899 2.50499
57.0307 1.50214
57.1625 0.270551
57.2942 -1.09328
57.426 -2.5055
57.5577 -3.9902
57.6895 -5.61018
57.8212 -7.31077
57.953 -8.85706
58.0848 -9.95741
58.2165 -10.4743
58.3483 -10.5258
58.48 -10.3768
58.6118 -10.2175
58.7435 -10.0267
58.8753 -9.62816
59.007 -8.86494
59.1388 -7.71877
59.2705 -6.28251
59.4023 -4.64925
59.534 -2.85268
59.6658 -0.913865
59.7975 1.07958
59.9293 2.96908
60.061 4.60857
60.1928 5.93915
60.3245 6.96419
60.4563 7.65538
60.588 7.9213
60.7198 7.72499
60.8516 7.27193
60.9833 7.06767
61.1151 7.70596
61.2468 9.46255
61.3786 11.9586
61.5103 14.1547
61.6421 14.7394
61.7738 12.7354
61.9056 8.02567
62.0373 1.54868
62.1691 -4.9382
62.3008 -9.46349
62.4326 -10.609
62.5643 -8.13571
62.6961 -3.15953
62.8278 2.27203
62.9596 6.05018
63.0913 6.8867
63.2231 4.73204
63.3548 0.535219
63.4866 -4.42121
63.6184 -9.12726
63.7501 -13.0327
63.8819 -15.8424
64.0136 -17.2586
64.1454 -16.981
64.2771 -14.9646
64.4089 -11.6428
64.5406 -7.83674
64.6724 -4.36723
64.8041 -1.66523
64.9359 0.316322
65.0676 1.86232
65.1994 3.17934
65.3311 4.28056
65.4629 5.11556
65.5946 5.74516
65.7264 6.34732
65.8581 7.04862
65.9899 7.77688
66.1216 8.31059
66.2534 8.48659
66.3851 8.35085
66.5169 8.08854
66.6487 7.80163
66.7804 7.37271
66.9122 6.57978
67.0439 5.37183
67.1757 4.0332
67.3074 3.04404
67.4392 2.72059
67.5709 2.93216
67.7027 3.14128
67.8344 2.74555
67.9662 1.45807
68.0979 -0.545535
68.2297 -2.77795
68.3614 -4.72988
68.4932 -6.08614
68.6249 -6.77557
68.7567 -6.90861
68.8884 -6.69659
69.0202 -6.38491
69.1519 -6.17552
69.2837 -6.13652
69.4155 -6.15832
69.5472 -6.02032
69.679 -5.54836
69.8107 -4.74964
69.9425 -3.81261
70.0742 -2.9695
70.206 -2.33759
70.3377 -1.86849
70.4695 -1.43053
70.6012 -0.931531
70.733 -0.369168
70.8647 0.217472
70.9965 0.82341
71.1282 1.49674
71.26 2.29073
71.3917 3.21064
71.5235 4.21161
71.6552 5.2376
71.787 6.24438
71.9187 7.17666
72.0505 7.93372
72.1822 8.38184
72.314 8.42221
72.4458 8.05436
72.5775 7.36861
72.7093 6.46994
72.841 5.40902
72.9728 4.19051
73.1045 2.84586
73.2363 1.48358
73.368 0.247916
73.4998 -0.785805
73.6315 -1.67553
73.7633 -2.56125
73.895 -3.53343
74.0268 -4.53832
74.1585 -5.40679
74.2903 -5.97904
74.422 -6.21276
74.5538 -6.18717
74.6855 -6.02002
74.8173 -5.78871
74.949 -5.52097
75.0808 -5.23394
75.2126 -4.95097
75.3443 -4.66705
75.4761 -4.31069
75.6078 -3.77001
75.7396 -2.99166
75.8713 -2.02412
76.0031 -1.03443
76.1348 -0.0970785
76.2666 0.775422
76.3983 1.6808
76.5301 2.68027
76.6618 3.71975
76.7936 4.62816
76.9253 5.25354
77.0571 5.58421
77.1888 5.74355
77.3206 5.92098
77.4523 6.01654
77.5841 6.01291
77.7158 5.70063
77.8476 5.19056
77.9794 4.59697
78.1111 4.01517
78.2429 3.42372
78.3746 2.77009
78.5064 2.06308
78.6381 1.33113
78.7699 0.608798
78.9016 -0.123941
79.0334 -0.912277
79.1651 -1.91492
79.2969 -3.07144
79.4286 -4.1759
79.5604 -4.87711
79.6921 -5.17824
79.8239 -4.99022
79.9556 -4.6215
80.0874 -4.1548
80.2191 -3.57267
80.3509 -2.95033
80.4826 -2.25969
80.6144 -1.55161
80.7461 -0.943761
80.8779 -0.657008
81.0097 -0.621453
81.1414 -0.66213
81.2732 -0.635316
81.4049 -0.453017
81.5367 -0.242881
81.6684 0.0100826
81.8002 0.332979
81.9319 0.75888
82.0637 1.18663
82.1954 1.55741
82.3272 1.8561
82.4589 2.12802
82.5907 2.41434
82.7224 2.71264
82.8542 2.85647
82.9859 2.87835
83.1177 2.70577
83.2494 2.40872
83.3812 2.16209
83.5129 1.91529
83.6447 1.61165
83.7765 1.28509
83.9082 0.996246
84.04 0.840506
84.1717 0.763868
84.3035 0.873247
84.4352 0.804049
84.567 0.46026
84.6987 -0.112839
84.8305 -0.827046
84.9622 -1.30732
85.094 -1.68677
85.2257 -1.88242
85.3575 -2.05688
85.4892 -2.16132
85.621 -2.15707
85.7527 -2.00931
85.8845 -1.82243
86.0162 -1.64018
86.148 -1.53063
86.2797 -1.40119
86.4115 -1.182
86.5433 -0.869538
86.675 -0.541114
86.8068 -0.298138
86.9385 -0.106901
87.0703 0.123603
87.202 0.406133
87.3338 0.813189
87.4655 1.12477
87.5973 1.18996
87.729 1.14732
87.8608 1.02629
87.9925 1.09288
88.1243 1.22935
88.256 1.16487
88.3878 1.05853
88.5195 0.77973
88.6513 0.556289
88.783 0.511971
88.9148 0.615768
89.0465 0.74148
89.1783 0.741992
89.31 0.666736
89.4418 0.533974
89.5736 0.397863
89.7053 0.358173
89.8371 0.340569
89.9688 0.327964
90.1006 0.258714
90.2323 0.127073
90.3641 0.0780773
90.4958 -0.0229173
90.6276 -0.123587
90.7593 -0.331945
90.8911 -0.438432
91.0228 -0.467105
91.1546 -0.468709
91.2863 -0.391289
91.4181 -0.453686
91.5498 -0.596515
91.6816 -0.857938
91.8133 -0.963604
91.9451 -0.934441
92.0768 -0.73343
92.2086 -0.398163
92.3404 -0.0245759
92.4721 0.312941
92.6039 0.578866
92.7356 0.660195
92.8674 0.524387
92.9991 0.320974
93.1309 0.126998
93.2626 0.0114735
93.3944 0.0104443
93.5261 0.065672
93.6579 0.0750897
93.7896 0.000554369
93.9214 -0.0836149
94.0531 -0.0765502
94.1849 0.0807238
94.3166 0.245218
94.4484 0.401484
94.5801 0.371351
94.7119 0.265571
94.8436 0.176496
94.9754 0.1801
95.1072 0.310541
95.2389 0.353839
95.3707 0.346357
95.5024 0.277313
95.6342 0.22631
95.7659 0.369031
95.8977 0.618978
96.0294 0.725798
96.1612 0.67473
96.2929 0.439307
96.4247 0.116944
96.5564 -0.128963
96.6882 -0.266174
96.8199 -0.335125
96.9517 -0.353326
97.0834 -0.375947
97.2152 -0.421859
97.3469 -0.427664
97.4787 -0.328983
97.6104 -0.200243
97.7422 -0.109456
97.8739 -0.0371127
98.0057 -0.00528381
98.1375 0.0748224
98.2692 0.152441
98.401 0.19201
98.5327 0.140702
98.6645 -0.0014397
98.7962 -0.0328732
98.928 0.0461301
99.0597 0.0312629
99.1915 -0.0400789
99.3232 -0.196071
99.455 -0.303051
99.5867 -0.300641
99.7185 -0.31616
99.8502 -0.229995
99.982 -0.0837241
100.114 -0.0301065
100.245 0.0201674
100.377 0.115944
100.509 0.190685
100.641 0.190548
100.773 0.123962
100.904 0.147635
101.036 0.172886
101.168 0.378548
101.3 0.551757
101.431 0.569095
101.563 0.468709
101.695 0.223718
101.827 -0.0159018
101.958 -0.183166
102.09 -0.193393
102.222 -0.137388
102.354 -0.0540774
102.485 -0.0830442
102.617 -0.10282
102.749 -0.07119
102.881 0.0994452
103.012 0.203863
103.144 0.239861
103.276 0.186238
103.408 0.132022
103.539 0.103001
103.671 0.0614832
103.803 0.00577764
103.935 -0.0488027
104.066 -0.105906
104.198 -0.121114
104.33 -0.0907553
104.462 -0.0604056
104.593 -0.0812106
104.725 -0.0628643
104.857 -0.0290514
104.989 0.00345911
105.12 0.0387237
105.252 0.0132609
105.384 -0.010597
105.516 -0.0397245
105.647 -0.105766
105.779 -0.134911
105.911 -0.121965
106.043 -0.183313
106.174 -0.102947
106.306 -0.0652794
106.438 -0.0111661
106.57 0.0676025
106.701 0.06181
106.833 0.0857833
106.965 0.0922799
107.097 0.101215
107.228 0.0546345
107.36 0.0511195
107.492 0.0448172
107.624 0.0492445
107.755 0.0498981
107.887 0.039586
108.019 0.0264283
108.151 0.0114227
108.282 -0.0211414
108.414 -0.0473259
108.546 0.0196118
108.678 0.0282285
108.809 0.00308497
108.941 -0.00223035
109.073 0.00838982
109.205 0.0118241
109.336 0.024083
109.468 0.0238833
109.6 -0.00236424
109.732 0.0137357
109.863 0.0209075
109.995 0.0281027
110.127 0.0141297
110.259 0.0141297
110.39 0.0141297
110.522 0.0141297
110.654 0.0141297
110.786 0.0141297
110.917 0.0141297
111.049 0.0141297
111.181 0.0141297
111.313 0.0141297
111.444 0.0141297
111.576 0.0141297
111.708 0.0141297
111.84 0.0141297
111.971 0.0141297
112.103 0.0141297
112.235 0.0141297
112.367 0.0141297
112.498 0.0141297
112.63 0.0141297
112.762 0.0141297
112.894 0.0141297
113.025 0.0141297
113.157 0.0141297
113.289 0.0141297
113.421 0.0141297
113.552 0.0141297
113.684 0.0141297
113.816 0.0141297
113.948 0.0141297
114.079 0.0141297
114.211 0.0141297
114.343 0.0141297
114.475 0.0141297
114.606 0.0141297
114.738 0.0141297
114.87 0.0141297
115.002 0.0141297
115.134 0.0141297
115.265 0.0141297
115.397 0.0141297
115.529 0.0141297
115.661 0.0141297
115.792 0.0141297
115.924 0.0141297
116.056 0.0141297
116.188 0.0141297
116.319 0.0141297
116.451 0.0141297
116.583 0.0141297
116.715 0.0141297
116.846 0.0141297
116.978 0.0141297
117.11 0.0141297
117.242 0.0141297
117.373 0.0141297
117.505 0.0141297
117.637 0.0141297
117.769 0.0141297
117.9 0.0141297
118.032 0.0141297
118.164 0.0141297
118.296 0.0141297
118.427 0.0141297
118.559 0.0141297
118.691 0.0141297
118.823 0.0141297
118.954 0.0141297
119.086 0.0141297
119.218 0.0141297
119.35 0.0141297
119.481 0.0141297
119.613 0.0141297
119.745 0.0141297
119.877 0.0141297
120.008 0.0141297
120.14 0.0141297
120.272 0.0141297
120.404 0.0141297
120.535 0.0141297
120.667 0.0141297
120.799 0.0141297
120.931 0.0141297
121.062 0.0141297
121.194 0.0141297
121.326 0.0141297
121.458 0.0141297
121.589 0.0141297
121.721 0.0141297
121.853 0.0141297
121.985 0.0141297
122.116 0.0141297
122.248 0.0141297
122.38 0.0141297
122.512 0.0141297
122.643 0.0141297
122.775 0.0141297
122.907 0.0141297
123.039 0.0141297
123.17 0.0141297
123.302 0.0141297
123.434 0.0141297
123.566 0.0141297
123.697 0.0141297
123.829 0.0141297
123.961 0.0141297
124.093 0.0141297
124.224 0.0141297
124.356 0.0141297
124.488 0.0141297
124.62 0.0141297
124.751 0.0141297
124.883 0.0141297
125.015 0.0141297
125.147 0.0141297
125.278 0.0141297
125.41 0.0141297
125.542 0.0141297
125.674 0.0141297
125.805 0.0141297
125.937 0.0141297
126.069 0.0141297
126.201 0.0141297
126.332 0.0141297
126.464 0.0141297
126.596 0.0141297
126.728 0.0141297
126.859 0.0141297
126.991 0.0141297
127.123 0.0141297
127.255 0.0141297
127.386 0.0141297
127.518 0.0141297
127.65 0.0141297
127.782 0.0141297
127.913 0.0141297
128.045 0.0141297
128.177 0.0141297
128.309 0.0141297
128.44 0.0141297
128.572 0.0141297
