-6.20915 -0.354008
-6.0774 -0.383758
-5.94564 -0.3806
-5.81389 -0.327488
-5.68214 -0.227149
-5.55039 -0.208472
-5.41863 -0.213866
-5.28688 -0.114511
-5.15513 0.0771627
-5.02338 0.390169
-4.89163 0.694596
-4.75987 0.937934
-4.62812 0.990817
-4.49637 0.952198
-4.36462 0.787627
-4.23286 0.462998
-4.10111 -0.029655
-3.96936 -0.625577
-3.83761 -1.14195
-3.70585 -1.29471
-3.5741 -1.23372
-3.44235 -0.983541
-3.3106 -0.642122
-3.17885 -0.304589
-3.04709 -0.00559358
-2.91534 0.370758
-2.78359 0.824433
-2.65184 1.42151
-2.52008 1.80813
-2.38833 2.03318
-2.25658 2.01586
-2.12483 1.88849
-1.99307 1.63389
-1.86132 1.29829
-1.72957 0.798611
-1.59782 0.24218
-1.46607 -0.302589
-1.33431 -0.754421
-1.20256 -1.09632
-1.07081 -1.33017
-0.939056 -1.40092
-0.807304 -1.45032
-0.675552 -1.41784
-0.5438 -1.27698
-0.412047 -0.95693
-0.280295 -0.524958
-0.148543 0.135165
-0.0167903 0.803705
0.114962 1.46637
0.246714 1.92068
0.378467 2.14157
0.510219 1.99037
0.641971 1.60829
0.773724 1.12276
0.905476 0.710712
1.03723 0.400513
1.16898 0.25682
1.30073 0.105792
1.43249 -0.0547465
1.56424 -0.177604
1.69599 -0.216194
1.82774 -0.204863
1.95949 -0.361324
2.09125 -0.70729
2.223 -1.01328
2.35475 -1.10524
2.4865 -0.867239
2.61826 -0.396601
2.75001 0.176411
2.88176 0.644094
3.01351 1.021
3.14527 1.22502
3.27702 1.27482
3.40877 1.16289
3.54052 0.951672
3.67227 0.59207
3.80403 0.259644
3.93578 0.0233585
4.06753 -0.106559
4.19928 -0.136642
4.33104 -0.0160218
4.46279 0.181516
4.59454 0.524127
4.72629 0.83662
4.85804 0.976393
4.9898 0.729062
5.12155 0.230225
5.2533 -0.34823
5.38505 -0.604299
5.51681 -0.400463
5.64856 0.13258
5.78031 0.671094
5.91206 0.933871
6.04382 0.928518
6.17557 0.805602
6.30732 0.694344
6.43907 0.592356
6.57082 0.393215
6.70258 0.106549
6.83433 -0.122144
6.96608 -0.141657
7.09783 0.0219975
7.22959 0.140518
7.36134 -0.0262069
7.49309 -0.502514
7.62484 -1.01886
7.7566 -1.23173
7.88835 -0.995342
8.0201 -0.460189
8.15185 0.0878446
8.2836 0.482077
8.41536 0.778102
8.54711 1.12322
8.67886 1.54591
8.81061 1.88915
8.94237 1.95187
9.07412 1.68483
9.20587 1.23697
9.33762 0.811145
9.46938 0.48801
9.60113 0.202631
9.73288 -0.113153
9.86463 -0.391842
9.99638 -0.461084
10.1281 -0.224091
10.2599 0.201053
10.3916 0.54399
10.5234 0.603033
10.6551 0.413815
10.7869 0.201088
10.9187 0.16309
11.0504 0.300173
11.1822 0.445342
11.3139 0.445038
11.4457 0.294008
11.5774 0.094663
11.7092 -0.0905343
11.8409 -0.312085
11.9727 -0.642689
12.1044 -1.02736
12.2362 -1.25891
12.3679 -1.13642
12.4997 -0.662712
12.6314 -0.0786853
12.7632 0.313871
12.8949 0.379941
13.0267 0.221614
13.1584 0.0463303
13.2902 -0.0129063
13.4219 0.0547057
13.5537 0.235916
13.6854 0.582835
13.8172 1.1579
13.949 1.88428
14.0807 2.49129
14.2125 2.66716
14.3442 2.30604
14.476 1.60723
14.6077 0.909968
14.7395 0.413426
14.8712 0.0584037
15.003 -0.313516
15.1347 -0.70163
15.2665 -0.883031
15.3982 -0.639052
15.53 -0.0451525
15.6617 0.501597
15.7935 0.595366
15.9252 0.195168
16.057 -0.314878
16.1887 -0.464864
16.3205 -0.128608
16.4522 0.367653
16.584 0.560973
16.7158 0.279871
16.8475 -0.231236
16.9793 -0.594171
17.111 -0.677881
17.2428 -0.684008
17.3745 -0.866149
17.5063 -1.20246
17.638 -1.38652
17.7698 -1.15283
17.9015 -0.582866
18.0333 -0.0463131
18.165 0.179123
18.2968 0.208436
18.4285 0.435009
18.5603 1.10143
18.692 2.00473
18.8238 2.66417
18.9555 2.79595
19.0873 2.59869
19.219 2.5318
19.3508 2.80046
19.4826 3.09058
19.6143 2.85826
19.7461 1.89813
19.8778 0.599299
20.0096 -0.40063
20.1413 -0.824869
20.2731 -0.995275
20.4048 -1.43352
20.5366 -2.2341
20.6683 -2.88593
20.8001 -2.77023
20.9318 -1.83942
21.0636 -0.749064
21.1953 -0.255102
21.3271 -0.468579
21.4588 -0.753682
21.5906 -0.41372
21.7223 0.53143
21.8541 1.31919
21.9858 1.25452
22.1176 0.530778
22.2493 0.145832
22.3811 0.895382
22.5129 2.42535
22.6446 3.35919
22.7764 2.46671
22.9081 -0.252299
23.0399 -3.65565
23.1716 -6.57704
23.3034 -8.66495
23.4351 -9.85084
23.5669 -8.93103
23.6986 -3.12477
23.8304 9.98005
23.9621 28.9346
24.0939 46.3405
24.2256 50.8871
24.3574 33.3704
24.4891 -6.81082
24.6209 -59.1822
24.7526 -105.818
24.8844 -129.085
25.0161 -119.007
25.1479 -76.5077
25.2797 -11.9499
25.4114 58.9501
25.5432 119.344
25.6749 154.679
25.8067 155.765
25.9384 121.594
26.0702 60.6674
26.2019 -10.948
26.3337 -75.0844
26.4654 -118.134
26.5972 -135.26
26.7289 -129.915
26.8607 -109.591
26.9924 -81.1292
27.1242 -48.5929
27.2559 -14.1815
27.3877 19.7682
27.5194 49.987
27.6512 73.2473
27.7829 87.784
27.9147 93.5907
28.0465 91.412
28.1782 81.6917
28.31 64.7118
28.4417 41.7521
28.5735 15.8562
28.7052 -8.95007
28.837 -29.5907
28.9687 -45.3478
29.1005 -57.4089
29.2322 -66.9064
29.364 -73.2339
29.4957 -74.2051
29.6275 -67.9329
29.7592 -54.7252
29.891 -37.3013
30.0227 -19.1667
30.1545 -2.6026
30.2862 12.0541
30.418 25.4436
30.5497 37.6461
30.6815 47.5521
30.8132 53.5995
30.945 55.0261
31.0768 52.4052
31.2085 47.0467
31.3403 39.9577
31.472 31.3789
31.6038 21.2362
31.7355 9.91272
31.8673 -1.50566
31.999 -11.7515
32.1308 -20.1154
32.2625 -26.6746
32.3943 -31.8393
32.526 -35.7278
32.6578 -38.0038
32.7895 -38.2878
32.9213 -36.6615
33.053 -33.7126
33.1848 -30.062
33.3165 -25.8489
33.4483 -20.6844
33.58 -14.118
33.7118 -6.17093
33.8436 2.54122
33.9753 11.1561
34.1071 19.0072
34.2388 25.7581
34.3706 31.1883
34.5023 34.9436
34.6341 36.5685
34.7658 35.8098
34.8976 32.8798
35.0293 28.4018
35.1611 23.0687
35.2928 17.319
35.4246 11.2981
35.5563 5.08828
35.6881 -1.05657
35.8198 -6.71198
35.9516 -11.5156
36.0833 -15.4083
36.2151 -18.662
36.3468 -21.6697
36.4786 -24.6533
36.6104 -27.4759
36.7421 -29.6338
36.8739 -30.3946
37.0056 -29.0275
37.1374 -25.0907
37.2691 -18.7203
37.4009 -10.7885
37.5326 -2.76828
37.6644 3.74222
37.7961 7.66315
37.9279 8.9036
38.0596 8.36995
38.1914 7.48458
38.3231 7.48858
38.4549 8.9252
38.5866 11.5625
38.7184 14.7217
38.8501 17.7383
38.9819 20.2506
39.1136 22.1788
39.2454 23.4889
39.3771 23.9726
39.5089 23.2325
39.6407 20.8858
39.7724 16.8302
39.9042 11.3665
40.0359 5.08442
40.1677 -1.40216
40.2994 -7.67232
40.4312 -13.5177
40.5629 -18.7834
40.6947 -23.197
40.8264 -26.3533
40.9582 -27.8806
41.0899 -27.6513
41.2217 -25.8681
41.3534 -22.9709
41.4852 -19.4609
41.6169 -15.7764
41.7487 -12.2657
41.8804 -9.17753
42.0122 -6.58715
42.1439 -4.29217
42.2757 -1.82012
42.4075 1.35102
42.5392 5.44363
42.671 10.1479
42.8027 14.7123
42.9345 18.3267
43.0662 20.5311
43.198 21.358
43.3297 21.1408
43.4615 20.189
43.5932 18.6142
43.725 16.4203
43.8567 13.7135
43.9885 10.7953
44.1202 8.03519
44.252 5.64858
44.3837 3.59397
44.5155 1.68343
44.6472 -0.208795
44.779 -2.03919
44.9107 -3.67901
45.0425 -5.09013
45.1743 -6.41193
45.306 -7.87303
45.4378 -9.6085
45.5695 -11.5393
45.7013 -13.4
45.833 -14.8689
45.9648 -15.6961
46.0965 -15.7665
46.2283 -15.114
46.36 -13.9127
46.4918 -12.4343
46.6235 -10.9364
46.7553 -9.51014
46.887 -7.99523
47.0188 -6.06998
47.1505 -3.49633
47.2823 -0.349952
47.414 2.96019
47.5458 5.92442
47.6775 8.24693
47.8093 9.99366
47.941 11.46
48.0728 12.8807
48.2046 14.2301
48.3363 15.2688
48.4681 15.7695
48.5998 15.7065
48.7316 15.2447
48.8633 14.5591
48.9951 13.6587
49.1268 12.3721
49.2586 10.495
49.3903 7.96501
49.5221 4.92427
49.6538 1.64626
49.7856 -1.5903
49.9173 -4.5808
50.0491 -7.19874
50.1808 -9.36572
50.3126 -11.0376
50.4443 -12.2141
50.5761 -12.9439
50.7078 -13.3065
50.8396 -13.379
50.9714 -13.2122
51.1031 -12.8251
51.2349 -12.2074
51.3666 -11.3247
51.4984 -10.1346
51.6301 -8.62169
51.7619 -6.83371
51.8936 -4.88561
52.0254 -2.91388
52.1571 -1.01174
52.2889 0.798212
52.4206 2.52681
52.5524 4.15271
52.6841 5.59756
52.8159 6.77373
52.9476 7.66111
53.0794 8.334
53.2111 8.90399
53.3429 9.42936
53.4746 9.87715
53.6064 10.1716
53.7382 10.2744
53.8699 10.2084
54.0017 10.0025
54.1334 9.61974
54.2652 8.962
54.3969 7.95914
54.5287 6.65905
54.6604 5.21763
54.7922 3.78349
54.9239 2.38149
55.0557 0.910342
55.1874 -0.737449
55.3192 -2.54621
55.4509 -4.36384
55.5827 -6.01708
55.7144 -7.44053
55.8462 -8.69044
55.9779 -9.8299
56.1097 -10.8013
56.2414 -11.4168
56.3732 -11.483
56.5049 -10.9479
56.6367 -9.94281
56.7685 -8.6937
56.9002 -7.39405
57.032 -6.14448
57.1637 -4.97464
57.2955 -3.87897
57.4272 -2.80884
57.559 -1.65058
57.6907 -0.269553
57.8225 1.35945
57.9542 3.03455
58.086 4.36625
58.2177 5.01584
58.3495 4.99499
58.4812 4.79362
58.613 5.1909
58.7447 6.81781
58.8765 9.71628
59.0082 13.1554
59.14 15.8265
59.2717 16.3523
59.4035 13.909
59.5353 8.70798
59.667 2.10033
59.7988 -3.81954
59.9305 -7.03078
60.0623 -6.48945
60.194 -2.64955
60.3258 2.73084
60.4575 7.43572
60.5893 9.81294
60.721 9.37685
60.8528 6.69447
60.9845 2.76097
61.1163 -1.61185
61.248 -5.98203
61.3798 -10.0493
61.5115 -13.3754
61.6433 -15.3997
61.775 -15.7588
61.9068 -14.593
62.0385 -12.522
62.1703 -10.2767
62.3021 -8.29028
62.4338 -6.575
62.5656 -4.93789
62.6973 -3.28705
62.8291 -1.73833
62.9608 -0.462856
63.0926 0.524134
63.2243 1.39889
63.3561 2.36112
63.4878 3.4518
63.6196 4.55107
63.7513 5.54639
63.8831 6.47169
64.0148 7.44623
64.1466 8.46178
64.2783 9.24903
64.4101 9.40254
64.5418 8.69781
64.6736 7.33116
64.8053 5.85585
64.9371 4.84242
65.0688 4.52389
65.2006 4.68929
65.3324 4.87356
65.4641 4.66322
65.5959 3.8906
65.7276 2.63139
65.8594 1.09028
65.9911 -0.497545
66.1229 -1.90732
66.2546 -2.95707
66.3864 -3.57266
66.5181 -3.84645
66.6499 -4.00959
66.7816 -4.29986
66.9134 -4.81211
67.0451 -5.45094
67.1769 -6.02042
67.3086 -6.36606
67.4404 -6.4469
67.5721 -6.297
67.7039 -5.94622
67.8356 -5.39661
67.9674 -4.67242
68.0992 -3.86968
68.2309 -3.12797
68.3627 -2.5351
68.4944 -2.05705
68.6262 -1.56828
68.7579 -0.957712
68.8897 -0.207992
69.0214 0.625136
69.1532 1.50119
69.2849 2.44843
69.4167 3.51953
69.5484 4.69456
69.6802 5.83762
69.8119 6.76248
69.9437 7.35143
70.0754 7.61614
70.2072 7.64812
70.3389 7.51603
70.4707 7.2151
70.6024 6.71184
70.7342 6.02401
70.866 5.24008
70.9977 4.45042
71.1295 3.66005
71.2612 2.77614
71.393 1.68988
71.5247 0.379661
71.6565 -1.05435
71.7882 -2.44364
71.92 -3.63335
72.0517 -4.52604
72.1835 -5.08005
72.3152 -5.30482
72.447 -5.27727
72.5787 -5.14571
72.7105 -5.07335
72.8422 -5.11118
72.974 -5.22717
73.1057 -5.24948
73.2375 -5.02084
73.3692 -4.57995
73.501 -4.08608
73.6327 -3.65518
73.7645 -3.21678
73.8963 -2.55207
74.028 -1.47447
74.1598 -0.143883
74.2915 1.17402
74.4233 2.10778
74.555 2.65664
74.6868 2.9753
74.8185 3.3988
74.9503 4.07245
75.082 4.81624
75.2138 5.34245
75.3455 5.49868
75.4773 5.27209
75.609 4.8254
75.7408 4.28925
75.8725 3.80448
76.0043 3.34674
76.136 3.09309
76.2678 2.99986
76.3995 3.03784
76.5313 2.92203
76.6631 2.36776
76.7948 1.31143
76.9266 -0.0697195
77.0583 -1.26777
77.1901 -2.05183
77.3218 -2.39935
77.4536 -2.43535
77.5853 -2.50223
77.7171 -2.68088
77.8488 -2.80506
77.9806 -2.66541
78.1123 -2.35115
78.2441 -1.87391
78.3758 -1.51502
78.5076 -1.43734
78.6393 -1.59461
78.7711 -1.80395
78.9028 -1.927
79.0346 -1.99503
79.1663 -2.0089
79.2981 -1.85319
79.4298 -1.48737
79.5616 -0.862247
79.6934 -0.216855
79.8251 0.29526
79.9569 0.522151
80.0886 0.552911
80.2204 0.546382
80.3521 0.651447
80.4839 0.929525
80.6156 1.33957
80.7474 1.87276
80.8791 2.27145
81.0109 2.63063
81.1426 2.88619
81.2744 2.99884
81.4061 2.98564
81.5379 2.75926
81.6696 2.49859
81.8014 2.08072
81.9331 1.83152
82.0649 1.57677
82.1966 1.27107
82.3284 1.00871
82.4602 0.593584
82.5919 0.225064
82.7237 -0.146072
82.8554 -0.426576
82.9872 -0.630584
83.1189 -0.708413
83.2507 -0.726069
83.3824 -0.712765
83.5142 -0.737678
83.6459 -0.866617
83.7777 -1.03395
83.9094 -1.28479
84.0412 -1.50382
84.1729 -1.68112
84.3047 -1.69977
84.4364 -1.5947
84.5682 -1.32702
84.6999 -0.906084
84.8317 -0.469231
84.9634 -0.164572
85.0952 0.0145024
85.227 0.080331
85.3587 0.0991218
85.4905 0.100027
85.6222 0.164843
85.754 0.239819
85.8857 0.332068
86.0175 0.420025
86.1492 0.517408
86.281 0.582462
86.4127 0.566306
86.5445 0.648765
86.6762 0.778073
86.808 1.06022
86.9397 1.445
87.0715 1.76203
87.2032 1.91905
87.335 1.79077
87.4667 1.36113
87.5985 0.777571
87.7302 0.235745
87.862 -0.0307835
87.9937 -0.0285551
88.1255 -0.035325
88.2573 -0.0665367
88.389 -0.11148
88.5208 -0.0957227
88.6525 -0.0604961
88.7843 0.121872
88.916 0.196806
89.0478 0.10571
89.1795 -0.0189281
89.3113 -0.11209
89.443 -0.169039
89.5748 -0.211853
89.7065 -0.31811
89.8383 -0.399585
89.97 -0.453594
90.1018 -0.395872
90.2335 -0.185236
90.3653 -0.0312407
90.497 -0.0450645
90.6288 -0.238986
90.7605 -0.445907
90.8923 -0.533473
91.0241 -0.453937
91.1558 -0.331282
91.2876 -0.26177
91.4193 -0.195769
91.5511 -0.148153
91.6828 0.0323523
91.8146 0.213834
91.9463 0.421428
92.0781 0.572184
92.2098 0.683126
92.3416 0.70137
92.4733 0.702428
92.6051 0.578091
92.7368 0.374232
92.8686 -0.0441317
93.0003 -0.349441
93.1321 -0.571677
93.2638 -0.570649
93.3956 -0.315752
93.5273 0.0234367
93.6591 0.267843
93.7909 0.443765
93.9226 0.513722
94.0544 0.588995
94.1861 0.622937
94.3179 0.536572
94.4496 0.43542
94.5814 0.359281
94.7131 0.326501
94.8449 0.400928
94.9766 0.437202
95.1084 0.365178
95.2401 0.119175
95.3719 -0.121479
95.5036 -0.313988
95.6354 -0.34761
95.7671 -0.250487
95.8989 -0.125912
96.0306 -0.038426
96.1624 0.0012536
96.2941 -0.0620297
96.4259 0.0178323
96.5576 0.146289
96.6894 0.192857
96.8212 0.111073
96.9529 -0.0161522
97.0847 -0.146655
97.2164 -0.189483
97.3482 -0.288313
97.4799 -0.2714
97.6117 -0.317638
97.7434 -0.329112
97.8752 -0.322329
98.0069 -0.195084
98.1387 -0.0167737
98.2704 0.207999
98.4022 0.328682
98.5339 0.339539
98.6657 0.286881
98.7974 0.252148
98.9292 0.251843
99.0609 0.187662
99.1927 0.166568
99.3244 0.140404
99.4562 0.128376
99.588 0.102315
99.7197 0.147163
99.8515 0.133265
99.9832 0.222666
100.115 0.306641
100.247 0.406509
100.378 0.375105
100.51 0.28893
100.642 0.11133
100.774 -0.0619418
100.905 -0.194409
101.037 -0.221353
101.169 -0.244542
101.301 -0.176028
101.432 -0.0650046
101.564 0.0331477
101.696 0.0533374
101.828 -0.0325672
101.959 -0.0701037
102.091 -0.0171205
102.223 0.0321896
102.355 0.079758
102.487 0.0992285
102.618 0.121768
102.75 0.104629
102.882 0.0941581
103.014 0.00743393
103.145 -0.0626601
103.277 -0.112482
103.409 -0.136068
103.541 -0.190566
103.672 -0.167995
103.804 -0.138416
103.936 -0.0833419
104.068 0.00263025
104.199 0.0875524
104.331 0.0940212
104.463 0.109851
104.595 0.0655549
104.726 0.0386343
104.858 -0.0150661
104.99 -0.0232138
105.122 -0.0618147
105.253 -0.0225834
105.385 0.0188477
105.517 0.0571992
105.649 0.0618693
105.78 0.0350647
105.912 0.0244956
106.044 0.020428
106.176 0.0274186
106.307 0.0362077
106.439 0.0273338
106.571 0.0214799
106.703 0.0172682
106.834 0.0170048
106.966 0.0202547
107.098 0.0240904
107.23 0.0250386
107.361 0.0205974
107.493 0.0205974
107.625 0.0205974
107.757 0.0205974
107.888 0.0205974
108.02 0.0205974
108.152 0.0205974
108.284 0.0205974
108.415 0.0205974
108.547 0.0205974
108.679 0.0205974
108.811 0.0205974
108.942 0.0205974
109.074 0.0205974
109.206 0.0205974
109.338 0.0205974
109.469 0.0205974
109.601 0.0205974
109.733 0.0205974
109.865 0.0205974
109.996 0.0205974
110.128 0.0205974
110.26 0.0205974
110.392 0.0205974
110.523 0.0205974
110.655 0.0205974
110.787 0.0205974
110.919 0.0205974
111.05 0.0205974
111.182 0.0205974
111.314 0.0205974
111.446 0.0205974
111.577 0.0205974
111.709 0.0205974
111.841 0.0205974
111.973 0.0205974
112.104 0.0205974
112.236 0.0205974
112.368 0.0205974
112.5 0.0205974
112.631 0.0205974
112.763 0.0205974
112.895 0.0205974
113.027 0.0205974
113.158 0.0205974
113.29 0.0205974
113.422 0.0205974
113.554 0.0205974
113.685 0.0205974
113.817 0.0205974
113.949 0.0205974
114.081 0.0205974
114.212 0.0205974
114.344 0.0205974
114.476 0.0205974
114.608 0.0205974
114.739 0.0205974
114.871 0.0205974
115.003 0.0205974
115.135 0.0205974
115.266 0.0205974
115.398 0.0205974
115.53 0.0205974
115.662 0.0205974
115.793 0.0205974
115.925 0.0205974
116.057 0.0205974
116.189 0.0205974
116.32 0.0205974
116.452 0.0205974
116.584 0.0205974
116.716 0.0205974
116.848 0.0205974
116.979 0.0205974
117.111 0.0205974
117.243 0.0205974
117.375 0.0205974
117.506 0.0205974
117.638 0.0205974
117.77 0.0205974
117.902 0.0205974
118.033 0.0205974
118.165 0.0205974
118.297 0.0205974
118.429 0.0205974
118.56 0.0205974
118.692 0.0205974
118.824 0.0205974
118.956 0.0205974
119.087 0.0205974
119.219 0.0205974
119.351 0.0205974
119.483 0.0205974
119.614 0.0205974
119.746 0.0205974
119.878 0.0205974
120.01 0.0205974
120.141 0.0205974
120.273 0.0205974
120.405 0.0205974
120.537 0.0205974
120.668 0.0205974
120.8 0.0205974
120.932 0.0205974
121.064 0.0205974
121.195 0.0205974
121.327 0.0205974
121.459 0.0205974
121.591 0.0205974
121.722 0.0205974
121.854 0.0205974
121.986 0.0205974
122.118 0.0205974
122.249 0.0205974
122.381 0.0205974
122.513 0.0205974
122.645 0.0205974
122.776 0.0205974
122.908 0.0205974
123.04 0.0205974
123.172 0.0205974
123.303 0.0205974
123.435 0.0205974
123.567 0.0205974
123.699 0.0205974
123.83 0.0205974
123.962 0.0205974
124.094 0.0205974
124.226 0.0205974
124.357 0.0205974
124.489 0.0205974
124.621 0.0205974
124.753 0.0205974
124.884 0.0205974
125.016 0.0205974
125.148 0.0205974
125.28 0.0205974
125.411 0.0205974
125.543 0.0205974
125.675 0.0205974
125.807 0.0205974
125.938 0.0205974
126.07 0.0205974
126.202 0.0205974
126.334 0.0205974
126.465 0.0205974
126.597 0.0205974
126.729 0.0205974
126.861 0.0205974
126.992 0.0205974
127.124 0.0205974
127.256 0.0205974
127.388 0.0205974
127.519 0.0205974
127.651 0.0205974
127.783 0.0205974
127.915 0.0205974
128.046 0.0205974
128.178 0.0205974
128.31 0.0205974
128.442 0.0205974
128.573 0.0205974
