-7.29954 0.301048
-7.16779 0.181766
-7.03603 0.0861077
-6.90428 -0.00335005
-6.77253 -0.101111
-6.64078 -0.179184
-6.50903 -0.215894
-6.37727 -0.225928
-6.24552 -0.191775
-6.11377 -0.188069
-5.98202 -0.143957
-5.85026 -0.0744663
-5.71851 -0.0280477
-5.58676 0.00971202
-5.45501 0.130926
-5.32325 0.286664
-5.1915 0.478885
-5.05975 0.630289
-4.928 0.682997
-4.79625 0.595377
-4.66449 0.398654
-4.53274 0.254507
-4.40099 0.0336651
-4.26924 -0.242244
-4.13748 -0.516025
-4.00573 -0.565154
-3.87398 -0.490194
-3.74223 -0.279913
-3.61047 0.0345532
-3.47872 0.390637
-3.34697 0.596539
-3.21522 0.642478
-3.08347 0.7237
-2.95171 0.775993
-2.81996 0.68548
-2.68821 0.516792
-2.55646 0.285075
-2.4247 0.228438
-2.29295 0.304505
-2.1612 0.397321
-2.02945 0.33725
-1.89769 0.0946404
-1.76594 -0.206504
-1.63419 -0.459535
-1.50244 -0.533797
-1.37069 -0.401199
-1.23893 -0.166322
-1.10718 -0.0167825
-0.975428 -0.00224232
-0.843676 0.0243855
-0.711924 0.233587
-0.580171 0.52194
-0.448419 0.840027
-0.316667 0.960165
-0.184914 0.843873
-0.0531622 0.557537
0.0785901 0.141273
0.210342 -0.155847
0.342095 -0.345336
0.473847 -0.440112
0.605599 -0.475267
0.737352 -0.476022
0.869104 -0.499477
1.00086 -0.496902
1.13261 -0.443578
1.26436 -0.228869
1.39611 0.140254
1.52787 0.672964
1.65962 0.953466
1.79137 1.06704
1.92312 0.980822
2.05487 0.848516
2.18663 0.812022
2.31838 0.804847
2.45013 0.866522
2.58188 0.807156
2.71364 0.580096
2.84539 0.376235
2.97714 0.260291
3.10889 0.325598
3.24065 0.339344
3.3724 0.207667
3.50415 -0.127269
3.6359 -0.581803
3.76765 -0.887391
3.89941 -0.922595
4.03116 -0.73925
4.16291 -0.44574
4.29466 -0.230843
4.42642 -0.076636
4.55817 0.163205
4.68992 0.464977
4.82167 0.796444
4.95343 1.07816
5.08518 1.10164
5.21693 1.16186
5.34868 0.935477
5.48043 0.606337
5.61219 0.187335
5.74394 -0.304687
5.87569 -0.74863
6.00744 -0.952721
6.1392 -0.802575
6.27095 -0.341801
6.4027 0.102126
6.53445 0.485009
6.66621 0.677784
6.79796 0.677982
6.92971 0.751634
7.06146 0.795982
7.19321 0.892125
7.32497 0.99778
7.45672 1.08493
7.58847 1.18365
7.72022 1.31711
7.85198 1.36551
7.98373 1.15938
8.11548 0.644591
8.24723 -0.133544
8.37899 -0.763294
8.51074 -1.12233
8.64249 -1.27373
8.77424 -1.22605
8.90599 -1.2043
9.03775 -1.0889
9.1695 -0.906738
9.30125 -0.528656
9.433 -0.157374
9.56476 0.151299
9.69651 0.323978
9.82826 0.476134
9.96001 0.79319
10.0918 1.13905
10.2235 1.43745
10.3553 1.49586
10.487 1.42464
10.6188 1.37771
10.7505 1.51195
10.8823 1.67525
11.014 1.68587
11.1458 1.35527
11.2775 0.660301
11.4093 -0.0818017
11.541 -0.627681
11.6728 -0.904938
11.8045 -0.973686
11.9363 -1.01445
12.068 -1.08612
12.1998 -1.00845
12.3316 -0.683113
12.4633 -0.105169
12.5951 0.532638
12.7268 0.953356
12.8586 1.04533
12.9903 0.900887
13.1221 0.648888
13.2538 0.412086
13.3856 0.2815
13.5173 0.248583
13.6491 0.346937
13.7808 0.663408
13.9126 1.15852
14.0443 1.4702
14.1761 1.49143
14.3078 1.17293
14.4396 0.700474
14.5713 0.262896
14.7031 -0.0552679
14.8348 -0.270853
14.9666 -0.522937
15.0984 -0.72343
15.2301 -0.60083
15.3619 -0.224006
15.4936 0.389859
15.6254 0.871228
15.7571 1.01038
15.8889 0.843361
16.0206 0.644987
16.1524 0.625269
16.2841 0.737913
16.4159 0.70695
16.5476 0.410747
16.6794 -0.0708986
16.8111 -0.437124
16.9429 -0.509329
17.0746 -0.321318
17.2064 -0.138993
17.3381 -0.143859
17.4699 -0.251676
17.6016 -0.220365
17.7334 0.0758697
17.8652 0.491562
17.9969 0.740489
18.1287 0.680918
18.2604 0.4623
18.3922 0.381007
18.5239 0.590913
18.6557 0.961293
18.7874 1.21922
18.9192 1.22058
19.0509 1.06804
19.1827 0.964281
19.3144 0.970432
19.4462 0.936746
19.5779 0.682265
19.7097 0.228108
19.8414 -0.175062
19.9732 -0.269767
20.1049 -0.0411438
20.2367 0.266325
20.3684 0.386528
20.5002 0.281784
20.6319 0.150564
20.7637 0.19125
20.8955 0.374008
21.0272 0.461286
21.159 0.253989
21.2907 -0.196429
21.4225 -0.630642
21.5542 -0.82854
21.686 -0.796914
21.8177 -0.704938
21.9495 -0.651804
22.0812 -0.533849
22.213 -0.167566
22.3447 0.462332
22.4765 1.11145
22.6082 1.46542
22.74 1.43093
22.8717 1.22366
23.0035 1.14943
23.1352 1.29708
23.267 1.46369
23.3987 1.39496
23.5305 1.08796
23.6623 0.826877
23.794 0.895973
23.9258 1.26031
24.0575 1.55602
24.1893 1.42211
24.321 0.849082
24.4528 0.189652
24.5845 -0.185164
24.7163 -0.238804
24.848 -0.274531
24.9798 -0.593259
25.1115 -1.15971
25.2433 -1.61951
25.375 -1.64231
25.5068 -1.23
25.6385 -0.675587
25.7703 -0.234967
25.902 0.122738
26.0338 0.614386
26.1655 1.31008
26.2973 1.95072
26.4291 2.14339
26.5608 1.74745
26.6926 1.0377
26.8243 0.451184
26.9561 0.168952
27.0878 -0.0231386
27.2196 -0.434962
27.3513 -1.04925
27.4831 -1.44669
27.6148 -1.19845
27.7466 -0.338041
27.8783 0.596017
28.0101 1.03443
28.1418 0.912625
28.2736 0.719915
28.4053 0.99578
28.5371 1.77776
28.6688 2.56704
28.8006 2.84626
28.9323 2.60265
29.0641 2.2955
29.1958 2.29495
29.3276 2.40016
29.4594 1.99082
29.5911 0.702226
29.7229 -1.0748
29.8546 -2.43854
29.9864 -2.78053
30.1181 -2.35283
30.2499 -1.99661
30.3816 -2.27273
30.5134 -2.87028
30.6451 -2.91621
30.7769 -1.89082
30.9086 -0.209234
31.0404 1.15115
31.1721 1.6095
31.3039 1.52447
31.4356 1.73029
31.5674 2.54074
31.6991 3.30302
31.8309 3.04743
31.9626 1.60607
32.0944 -0.00706431
32.2262 -0.472471
32.3579 0.501592
32.4897 1.76249
32.6214 1.73463
32.7532 -0.0811858
32.8849 -2.65886
33.0167 -4.53735
33.1484 -5.27567
33.2802 -5.57655
33.4119 -5.73236
33.5437 -4.0445
33.6754 2.59968
33.8072 15.6166
33.9389 31.4076
34.0707 41.1459
34.2024 34.9702
34.3342 8.32433
34.4659 -33.896
34.5977 -78.4078
34.7294 -109.167
34.8612 -113.964
34.993 -88.4638
35.1247 -36.7672
35.2565 30.0775
35.3882 96.0853
35.52 143.083
35.6517 155.402
35.7835 126.234
35.9152 62.5252
36.047 -15.8079
36.1787 -83.8116
36.3105 -122.942
36.4422 -129.086
36.574 -111.948
36.7057 -86.5238
36.8375 -63.0018
36.9692 -42.1574
37.101 -18.6658
37.2327 11.4639
37.3645 45.7983
37.4962 76.4853
37.628 95.7
37.7597 100.497
37.8915 93.2801
38.0233 78.3557
38.155 58.3
38.2868 33.3927
38.4185 4.04829
38.5503 -26.6902
38.682 -53.3556
38.8138 -70.9416
38.9455 -77.8636
39.0773 -76.3753
39.209 -70.2178
39.3408 -61.7147
39.4725 -50.7905
39.6043 -36.4229
39.736 -18.8219
39.8678 -0.1906
39.9995 16.5234
40.1313 29.5514
40.263 39.0734
40.3948 46.2519
40.5265 51.6144
40.6583 54.3621
40.7901 53.1637
40.9218 47.5465
41.0536 38.5122
41.1853 27.8444
41.3171 16.8441
41.4488 5.70411
41.5806 -5.95919
41.7123 -18.0217
41.8441 -29.297
41.9758 -38.039
42.1076 -43.0324
42.2393 -44.3004
42.3711 -42.8643
42.5028 -39.8507
42.6346 -35.7563
42.7663 -30.4357
42.8981 -23.6776
43.0298 -15.7541
43.1616 -7.44676
43.2933 0.408267
43.4251 7.39442
43.5569 13.5937
43.6886 19.2625
43.8204 24.446
43.9521 28.8676
44.0839 32.1263
44.2156 33.9532
44.3474 34.2779
44.4791 33.0894
44.6109 30.2995
44.7426 25.7983
44.8744 19.6748
45.0061 12.3776
45.1379 4.62195
45.2696 -2.91655
45.4014 -9.86958
45.5331 -16.1693
45.6649 -21.781
45.7966 -26.4417
45.9284 -29.6831
46.0601 -31.1624
46.1919 -31.0147
46.3236 -29.8752
46.4554 -28.4703
46.5872 -27.0573
46.7189 -25.159
46.8507 -21.8393
46.9824 -16.3538
47.1142 -8.72107
47.2459 0.164095
47.3777 8.90588
47.5094 16.1729
47.6412 21.1108
47.7729 23.4681
47.9047 23.534
48.0364 22.0226
48.1682 19.9175
48.2999 18.1965
48.4317 17.4561
48.5634 17.6349
48.6952 18.0838
48.8269 18.0089
48.9587 16.9912
49.0904 15.178
49.2222 12.9867
49.354 10.5859
49.4857 7.62968
49.6175 3.50562
49.7492 -2.10355
49.881 -8.8334
50.0127 -15.7622
50.1445 -21.9261
50.2762 -26.7729
50.408 -30.1981
50.5397 -32.2217
50.6715 -32.6934
50.8032 -31.3424
50.935 -28.1116
51.0667 -23.4092
51.1985 -17.9879
51.3302 -12.5364
51.462 -7.35212
51.5937 -2.38593
51.7255 2.42263
51.8572 6.88349
51.989 10.6438
52.1208 13.5348
52.2525 15.808
52.3843 17.9836
52.516 20.4056
52.6478 22.8894
52.7795 24.7774
52.9113 25.3581
53.043 24.3003
53.1748 21.7798
53.3065 18.2738
53.4383 14.2652
53.57 10.102
53.7018 6.03306
53.8335 2.26408
53.9653 -1.08775
54.097 -4.07677
54.2288 -6.89018
54.3605 -9.64497
54.4923 -12.1839
54.624 -14.0939
54.7558 -14.9893
54.8875 -14.8444
55.0193 -14.0856
55.1511 -13.346
55.2828 -13.0755
55.4146 -13.3096
55.5463 -13.7399
55.6781 -13.9661
55.8098 -13.6952
55.9416 -12.7726
56.0733 -11.1299
56.2051 -8.78998
56.3368 -5.94625
56.4686 -2.97797
56.6003 -0.288006
56.7321 1.96392
56.8638 3.99803
56.9956 6.24964
57.1273 8.9892
57.2591 12.0299
57.3908 14.781
57.5226 16.6216
57.6543 17.2999
57.7861 17.0457
57.9179 16.3362
58.0496 15.534
58.1814 14.6899
58.3131 13.625
58.4449 12.1603
58.5766 10.2797
58.7084 8.1137
58.8401 5.81387
58.9719 3.45377
59.1036 1.02579
59.2354 -1.50288
59.3671 -4.14425
59.4989 -6.87372
59.6306 -9.61652
59.7624 -12.2227
59.8941 -14.4651
60.0259 -16.1013
60.1576 -16.9783
60.2894 -17.1015
60.4211 -16.6008
60.5529 -15.6229
60.6847 -14.2466
60.8164 -12.4984
60.9482 -10.4343
61.0799 -8.18724
61.2117 -5.91314
61.3434 -3.68734
61.4752 -1.46682
61.6069 0.825617
61.7387 3.1681
61.8704 5.39362
62.0022 7.28997
62.1339 8.75902
62.2657 9.88259
62.3974 10.8275
62.5292 11.6773
62.6609 12.3478
62.7927 12.6605
62.9244 12.4957
63.0562 11.8795
63.1879 10.9386
63.3197 9.7921
63.4514 8.49969
63.5832 7.10495
63.715 5.6969
63.8467 4.39253
63.9785 3.24169
64.1102 2.16057
64.242 0.988056
64.3737 -0.366305
64.5055 -1.82285
64.6372 -3.18925
64.769 -4.33238
64.9007 -5.30269
65.0325 -6.28731
65.1642 -7.43233
65.296 -8.70118
65.4277 -9.89788
65.5595 -10.8189
65.6912 -11.3759
65.823 -11.5743
65.9547 -11.3957
66.0865 -10.7356
66.2182 -9.4905
66.35 -7.71551
66.4818 -5.68133
66.6135 -3.74047
66.7453 -2.09962
66.877 -0.697821
67.0088 0.698545
67.1405 2.27042
67.2723 3.99099
67.404 5.66458
67.5358 7.09489
67.6675 8.20618
67.7993 9.01018
67.931 9.48448
68.0628 9.5257
68.1945 9.06461
68.3263 8.25469
68.458 7.5423
68.5898 7.49541
68.7215 8.45239
68.8533 10.2002
68.985 11.8969
69.1168 12.3284
69.2486 10.4256
69.3803 5.83728
69.5121 -0.70385
69.6438 -7.45269
69.7756 -12.242
69.9073 -13.4119
70.0391 -10.6472
70.1708 -5.23565
70.3026 0.476901
70.4343 4.1873
70.5661 4.67547
70.6978 2.1908
70.8296 -1.97487
70.9613 -6.35229
71.0931 -9.9884
71.2248 -12.5853
71.3566 -14.1756
71.4883 -14.7489
71.6201 -14.1715
71.7518 -12.3985
71.8836 -9.69034
72.0153 -6.57358
72.1471 -3.55872
72.2789 -0.870496
72.4106 1.57311
72.5424 3.93585
72.6741 6.21471
72.8059 8.18851
72.9376 9.58365
73.0694 10.2834
73.2011 10.3955
73.3329 10.1479
73.4646 9.73559
73.5964 9.25419
73.7281 8.73493
73.8599 8.19577
73.9916 7.6312
74.1234 6.96387
74.2551 6.04628
74.3869 4.7579
74.5186 3.13678
74.6504 1.42769
74.7821 -0.016097
74.9139 -0.924012
75.0457 -1.26511
75.1774 -1.27105
75.3092 -1.31807
75.4409 -1.74073
75.5727 -2.67077
75.7044 -3.96926
75.8362 -5.28225
75.9679 -6.2067
76.0997 -6.50095
76.2314 -6.22674
76.3632 -5.72007
76.4949 -5.38246
76.6267 -5.416
76.7584 -5.68815
76.8902 -5.83186
77.0219 -5.50999
77.1537 -4.64315
77.2854 -3.43302
77.4172 -2.18525
77.5489 -1.09638
77.6807 -0.178306
77.8125 0.649077
77.9442 1.41952
78.076 2.08146
78.2077 2.58421
78.3395 2.98148
78.4712 3.42928
78.603 4.06715
78.7347 4.89255
78.8665 5.74679
78.9982 6.42339
79.13 6.7985
79.2617 6.87527
79.3935 6.72748
79.5252 6.4194
79.657 5.98002
79.7887 5.4326
79.9205 4.81889
80.0522 4.17663
80.184 3.49907
80.3157 2.73699
80.4475 1.85663
80.5792 0.89387
80.711 -0.0640138
80.8428 -0.962528
80.9745 -1.84247
81.1063 -2.80103
81.238 -3.87326
81.3698 -4.94867
81.5015 -5.81874
81.6333 -6.32631
81.765 -6.4803
81.8968 -6.42295
82.0285 -6.27699
82.1603 -6.02166
82.292 -5.52272
82.4238 -4.69149
82.5555 -3.61746
82.6873 -2.53972
82.819 -1.6765
82.9508 -1.07367
83.0825 -0.576682
83.2143 -0.0341144
83.346 0.653547
83.4778 1.38772
83.6096 2.12049
83.7413 2.82157
83.8731 3.57004
84.0048 4.34376
84.1366 5.00434
84.2683 5.41843
84.4001 5.47714
84.5318 5.33587
84.6636 5.20856
84.7953 5.25896
84.9271 5.37161
85.0588 5.38604
85.1906 5.06978
85.3223 4.38591
85.4541 3.40366
85.5858 2.34851
85.7176 1.26943
85.8493 0.354154
85.9811 -0.329999
86.1128 -0.745426
86.2446 -0.931613
86.3764 -1.14005
86.5081 -1.7054
86.6399 -2.71329
86.7716 -4.00756
86.9034 -5.15877
87.0351 -5.79282
87.1669 -5.70014
87.2986 -4.99834
87.4304 -4.01689
87.5621 -2.97476
87.6939 -1.97324
87.8256 -1.09264
87.9574 -0.32692
88.0891 0.258129
88.2209 0.601988
88.3526 0.650081
88.4844 0.542579
88.6161 0.33967
88.7479 0.288103
88.8796 0.395352
89.0114 0.572784
89.1431 0.780693
89.2749 0.916987
89.4067 0.996739
89.5384 1.25464
89.6702 1.64421
89.8019 2.08001
89.9337 2.54262
90.0654 2.98937
90.1972 3.25212
90.3289 3.28237
90.4607 3.12571
90.5924 2.82053
90.7242 2.43355
90.8559 1.95134
90.9877 1.55988
91.1194 1.2425
91.2512 0.990561
91.3829 0.718141
91.5147 0.43992
91.6464 0.186325
91.7782 -0.0706772
91.9099 -0.381967
92.0417 -0.709153
92.1735 -1.09723
92.3052 -1.41125
92.437 -1.63269
92.5687 -1.81438
92.7005 -1.93208
92.8322 -1.949
92.964 -1.90094
93.0957 -1.79323
93.2275 -1.64668
93.3592 -1.50635
93.491 -1.35745
93.6227 -1.10137
93.7545 -0.68963
93.8862 -0.0791893
94.018 0.513372
94.1497 0.923938
94.2815 1.11145
94.4132 1.12344
94.545 1.02432
94.6767 0.984678
94.8085 0.998469
94.9403 1.03363
95.072 1.03512
95.2038 1.01264
95.3355 0.983285
95.4673 0.851994
95.599 0.789301
95.7308 0.80844
95.8625 0.923639
95.9943 1.01362
96.126 1.23435
96.2578 1.50671
96.3895 1.67942
96.5213 1.62535
96.653 1.45793
96.7848 1.24503
96.9165 0.899752
97.0483 0.537123
97.18 0.242839
97.3118 -0.0746297
97.4435 -0.366853
97.5753 -0.72491
97.707 -0.985209
97.8388 -1.0443
97.9706 -0.875466
98.1023 -0.604466
98.2341 -0.40016
98.3658 -0.289085
98.4976 -0.29641
98.6293 -0.426544
98.7611 -0.639072
98.8928 -0.802436
99.0246 -0.822871
99.1563 -0.718174
99.2881 -0.561059
99.4198 -0.291119
99.5516 -0.0395003
99.6833 0.21903
99.8151 0.425974
99.9468 0.560714
100.079 0.707163
100.21 0.726847
100.342 0.686807
100.474 0.618287
100.606 0.566795
100.737 0.561733
100.869 0.644064
101.001 0.734768
101.133 0.795713
101.264 0.736832
101.396 0.589772
101.528 0.320709
101.66 0.259297
101.791 0.234334
101.923 0.278756
102.055 0.342109
102.187 0.400955
102.318 0.535111
102.45 0.582036
102.582 0.57634
102.714 0.527026
102.845 0.370855
102.977 0.222293
103.109 0.0431358
103.241 -0.0687392
103.372 -0.224798
103.504 -0.438896
103.636 -0.633211
103.768 -0.78374
103.899 -0.803635
104.031 -0.655953
104.163 -0.421546
104.295 -0.10409
104.426 0.209115
104.558 0.405125
104.69 0.529864
104.822 0.555553
104.953 0.462443
105.085 0.416449
105.217 0.170172
105.349 0.119771
105.48 0.0987285
105.612 0.0635912
105.744 0.016566
105.876 -0.0203669
106.007 -0.0272703
106.139 0.00140973
106.271 0.0188553
106.403 0.0997314
106.534 0.0580761
106.666 -0.0258484
106.798 -0.0234883
106.93 -0.0496616
107.061 0.0377282
107.193 0.0891528
107.325 0.0875751
107.457 0.093784
107.588 0.150256
107.72 0.216067
107.852 0.252101
107.984 0.239021
108.115 0.194428
108.247 0.259017
108.379 0.302228
108.511 0.361358
108.642 0.433387
108.774 0.338766
108.906 0.196622
109.038 -0.0337835
109.169 -0.15502
109.301 -0.217843
109.433 -0.117529
109.565 0.0218222
109.697 0.176493
109.828 0.276728
109.96 0.226815
110.092 0.159722
110.224 0.0411467
110.355 -0.0256094
110.487 -0.0924335
110.619 -0.138432
110.751 -0.207552
110.882 -0.24179
111.014 -0.306557
111.146 -0.389181
111.278 -0.38638
111.409 -0.320109
111.541 -0.161581
111.673 0.0519627
111.805 0.188689
111.936 0.224813
112.068 0.2068
112.2 0.131368
112.332 0.0714062
112.463 0.000208863
112.595 -0.102689
112.727 -0.189343
112.859 -0.222928
112.99 -0.204691
113.122 -0.130264
113.254 -0.0537886
113.386 -0.0471112
113.517 -0.0480951
113.649 0.0132482
113.781 0.10054
113.913 0.135724
114.044 0.218917
114.176 0.229966
114.308 0.204416
114.44 0.157715
114.571 0.133784
114.703 0.124564
114.835 0.0617887
114.967 0.0104761
115.098 -0.0269186
115.23 -0.115059
115.362 -0.0797534
115.494 -0.0611182
115.625 -0.0262802
115.757 -0.0100954
115.889 0.000542266
116.021 0.00298357
116.152 0.00419258
116.284 0.00163576
116.416 0.0235897
116.548 0.0193317
116.679 0.0119397
116.811 -0.0019769
116.943 0.0106313
117.075 0.0146927
117.206 0.0146927
117.338 0.0146927
117.47 0.0146927
117.602 0.0146927
117.733 0.0146927
117.865 0.0146927
117.997 0.0146927
118.129 0.0146927
118.26 0.0146927
118.392 0.0146927
118.524 0.0146927
118.656 0.0146927
118.787 0.0146927
118.919 0.0146927
119.051 0.0146927
119.183 0.0146927
119.314 0.0146927
119.446 0.0146927
119.578 0.0146927
119.71 0.0146927
119.841 0.0146927
119.973 0.0146927
120.105 0.0146927
120.237 0.0146927
120.368 0.0146927
120.5 0.0146927
120.632 0.0146927
120.764 0.0146927
120.895 0.0146927
121.027 0.0146927
121.159 0.0146927
121.291 0.0146927
121.422 0.0146927
121.554 0.0146927
121.686 0.0146927
121.818 0.0146927
121.949 0.0146927
122.081 0.0146927
122.213 0.0146927
122.345 0.0146927
122.476 0.0146927
122.608 0.0146927
122.74 0.0146927
122.872 0.0146927
123.003 0.0146927
123.135 0.0146927
123.267 0.0146927
123.399 0.0146927
123.531 0.0146927
123.662 0.0146927
123.794 0.0146927
123.926 0.0146927
124.058 0.0146927
124.189 0.0146927
124.321 0.0146927
124.453 0.0146927
124.585 0.0146927
124.716 0.0146927
124.848 0.0146927
124.98 0.0146927
125.112 0.0146927
125.243 0.0146927
125.375 0.0146927
125.507 0.0146927
125.639 0.0146927
125.77 0.0146927
125.902 0.0146927
126.034 0.0146927
126.166 0.0146927
126.297 0.0146927
126.429 0.0146927
126.561 0.0146927
126.693 0.0146927
126.824 0.0146927
126.956 0.0146927
127.088 0.0146927
127.22 0.0146927
127.351 0.0146927
127.483 0.0146927
