-3.61741 0.129873
-3.48565 0.0538059
-3.3539 0.0148891
-3.22215 0.0910506
-3.0904 0.257298
-2.95864 0.342789
-2.82689 0.316001
-2.69514 0.222287
-2.56339 0.136868
-2.43164 0.186277
-2.29988 0.376203
-2.16813 0.595797
-2.03638 0.719871
-1.90463 0.686069
-1.77287 0.479211
-1.64112 0.220542
-1.50937 0.0388305
-1.37762 -0.109149
-1.24586 -0.168233
-1.11411 -0.274792
-0.98236 -0.325471
-0.850608 -0.397081
-0.718855 -0.358347
-0.587103 -0.204992
-0.455351 0.00752993
-0.323598 0.125489
-0.191846 0.160562
-0.0600937 0.0417631
0.0716586 -0.0193562
0.203411 -0.146847
0.335163 -0.270256
0.466915 -0.455524
0.598668 -0.644533
0.73042 -0.752306
0.862172 -0.58391
0.993925 -0.155781
1.12568 0.397762
1.25743 0.788373
1.38918 1.11851
1.52093 1.25877
1.65269 1.42365
1.78444 1.55337
1.91619 1.58213
2.04794 1.37552
2.1797 1.06402
2.31145 0.672183
2.4432 0.374546
2.57495 0.146413
2.7067 -0.0312373
2.83846 -0.189342
2.97021 -0.315025
3.10196 -0.451517
3.23371 -0.522533
3.36547 -0.562768
3.49722 -0.614937
3.62897 -0.655603
3.76072 -0.737425
3.89248 -0.862471
4.02423 -0.804089
4.15598 -0.47948
4.28773 -0.115325
4.41948 0.081958
4.55124 0.167065
4.68299 0.162371
4.81474 0.282121
4.94649 0.552558
5.07825 0.928047
5.21 1.23886
5.34175 1.43503
5.4735 1.51014
5.60526 1.46403
5.73701 1.25235
5.86876 0.829821
6.00051 0.233916
6.13226 -0.300661
6.26402 -0.666978
6.39577 -0.829044
6.52752 -0.964273
6.65927 -1.04572
6.79103 -1.12877
6.92278 -0.991545
7.05453 -0.568088
7.18628 0.135925
7.31804 0.883529
7.44979 1.48197
7.58154 1.78223
7.71329 1.7026
7.84504 1.42914
7.9768 1.00563
8.10855 0.459999
8.2403 -0.136626
8.37205 -0.616141
8.50381 -0.698353
8.63556 -0.537648
8.76731 -0.232544
8.89906 0.0105386
9.03082 0.0900306
9.16257 0.103402
9.29432 0.0869569
9.42607 0.210079
9.55782 0.286193
9.68958 0.198574
9.82133 -0.145332
9.95308 -0.593461
10.0848 -0.81376
10.2166 -0.642895
10.3483 -0.161426
10.4801 0.459174
10.6118 1.14197
10.7436 1.74597
10.8753 2.35127
11.0071 2.70022
11.1389 2.58715
11.2706 1.91853
11.4024 0.882275
11.5341 -0.104415
11.6659 -0.706014
11.7976 -0.843492
11.9294 -0.719905
12.0611 -0.628089
12.1929 -0.782588
12.3246 -0.918879
12.4564 -0.934964
12.5881 -0.704816
12.7199 -0.306883
12.8516 0.103516
12.9834 0.34577
13.1151 0.489797
13.2469 0.647021
13.3786 0.865132
13.5104 1.0396
13.6421 1.00165
13.7739 0.914755
13.9057 0.821024
14.0374 0.749773
14.1692 0.63648
14.3009 0.408468
14.4327 0.019721
14.5644 -0.357238
14.6962 -0.550097
14.8279 -0.514533
14.9597 -0.405754
15.0914 -0.457252
15.2232 -0.586935
15.3549 -0.618088
15.4867 -0.19987
15.6184 0.623852
15.7502 1.56506
15.8819 2.39098
16.0137 2.78347
16.1454 2.74426
16.2772 2.45756
16.4089 1.9522
16.5407 1.19052
16.6724 0.0903741
16.8042 -0.94591
16.936 -1.63771
17.0677 -1.77808
17.1995 -1.46866
17.3312 -1.0144
17.463 -0.722565
17.5947 -0.610024
17.7265 -0.536797
17.8582 -0.237866
17.99 0.106243
18.1217 0.303262
18.2535 0.290819
18.3852 0.073896
18.517 0.0988914
18.6487 0.37598
18.7805 0.704401
18.9122 0.817113
19.044 0.673361
19.1757 0.49116
19.3075 0.567369
19.4392 0.966005
19.571 1.41125
19.7028 1.5229
19.8345 1.1716
19.9663 0.621275
20.098 0.238239
20.2298 0.151506
20.3615 0.227838
20.4933 0.274275
20.625 0.297807
20.7568 0.506009
20.8885 1.0337
21.0203 1.69091
21.152 2.03052
21.2838 1.71301
21.4155 0.828467
21.5473 -0.146002
21.679 -0.727788
21.8108 -0.796547
21.9425 -0.617146
22.0743 -0.531819
22.206 -0.64892
22.3378 -0.823815
22.4696 -0.900194
22.6013 -0.911008
22.7331 -1.00819
22.8648 -1.21225
22.9966 -1.28934
23.1283 -0.933588
23.2601 -0.0912299
23.3918 0.917233
23.5236 1.63359
23.6553 1.84464
23.7871 1.73576
23.9188 1.66499
24.0506 1.79196
24.1823 1.9411
24.3141 1.82866
24.4458 1.40052
24.5776 0.9155
24.7093 0.684897
24.8411 0.750296
24.9728 0.850087
25.1046 0.714771
25.2363 0.372499
25.3681 0.127459
25.4999 0.222672
25.6316 0.546084
25.7634 0.707055
25.8951 0.421944
26.0269 -0.188972
26.1586 -0.710893
26.2904 -0.844643
26.4221 -0.690632
26.5539 -0.607533
26.6856 -0.79741
26.8174 -1.06584
26.9491 -1.02457
27.0809 -0.528446
27.2126 0.126532
27.3444 0.476096
27.4761 0.361693
27.6079 0.105063
27.7396 0.183453
27.8714 0.731375
28.0031 1.38851
28.1349 1.65755
28.2667 1.39841
28.3984 0.939451
28.5302 0.697532
28.6619 0.731891
28.7937 0.731685
28.9254 0.456099
29.0572 0.122548
29.1889 0.258451
29.3207 1.1103
29.4524 2.23258
29.5842 2.76024
29.7159 2.17356
29.8477 0.807468
29.9794 -0.441622
30.1112 -0.955512
30.2429 -0.937659
30.3747 -1.09086
30.5064 -1.75411
30.6382 -2.41968
30.7699 -2.19192
30.9017 -0.762449
31.0335 1.11733
31.1652 2.2236
31.297 1.97555
31.4287 0.956623
31.5605 0.287247
31.6922 0.478862
31.824 0.968348
31.9557 0.842302
32.0875 -0.0144265
32.2192 -0.626174
32.351 0.0863618
32.4827 2.00712
32.6145 3.62874
32.7462 3.31016
32.878 0.797484
33.0097 -2.55498
33.1415 -5.11873
33.2732 -6.43265
33.405 -7.06907
33.5367 -6.92848
33.6685 -3.95391
33.8002 4.66639
33.932 19.0494
34.0638 33.8424
34.1955 39.3364
34.3273 26.836
34.459 -5.08343
34.5908 -48.0419
34.7225 -87.0978
34.8543 -107.562
34.986 -100.891
35.1178 -66.6835
35.2495 -11.368
35.3813 53.7379
35.513 113.563
35.6448 150.983
35.7765 151.351
35.9083 109.5
36.04 35.0114
36.1718 -49.3223
36.3035 -116.958
36.4353 -149.998
36.567 -146.55
36.6988 -118.317
36.8306 -80.8024
36.9623 -43.8266
37.0941 -8.97326
37.2258 25.631
37.3576 58.8435
37.4893 84.6227
37.6211 96.1586
37.7528 91.7211
37.8846 76.5276
38.0163 58.8214
38.1481 43.7019
38.2798 30.1258
38.4116 13.4236
38.5433 -9.28288
38.6751 -35.6601
38.8068 -59.4417
38.9386 -74.7993
39.0703 -79.7934
39.2021 -76.3021
39.3338 -67.2944
39.4656 -54.4395
39.5974 -38.0883
39.7291 -18.971
39.8609 0.65768
39.9926 17.8043
40.1244 30.6178
40.2561 39.3737
40.3879 45.5593
40.5196 50.0445
40.6514 52.2003
40.7831 50.7666
40.9149 45.4437
41.0466 37.4862
41.1784 28.6847
41.3101 19.8192
41.4419 10.2099
41.5736 -1.14752
41.7054 -14.0012
41.8371 -26.4142
41.9689 -35.9432
42.1006 -41.3153
42.2324 -43.0575
42.3641 -42.6011
42.4959 -40.8465
42.6277 -37.5842
42.7594 -32.2026
42.8912 -24.8131
43.0229 -16.5787
43.1547 -8.92268
43.2864 -2.44553
43.4182 3.3701
43.5499 9.42256
43.6817 15.9998
43.8134 22.4891
43.9452 27.9659
44.0769 31.9535
44.2087 34.5582
44.3404 35.919
44.4722 35.6642
44.6039 33.0442
44.7357 27.6683
44.8674 20.1042
44.9992 11.6997
45.1309 3.75112
45.2627 -3.22156
45.3945 -9.45358
45.5262 -15.2694
45.658 -20.479
45.7897 -24.4256
45.9215 -26.5939
46.0532 -27.1373
46.185 -26.7986
46.3167 -26.3099
46.4485 -25.8419
46.5802 -24.9689
46.712 -23.0885
46.8437 -19.8426
46.9755 -15.1954
47.1072 -9.25634
47.239 -2.19578
47.3707 5.5704
47.5025 13.1477
47.6342 19.2584
47.766 22.769
47.8977 23.3181
48.0295 21.5501
48.1613 18.756
48.293 16.1898
48.4248 14.5493
48.5565 13.9073
48.6883 13.9825
48.82 14.4254
48.9518 14.9057
49.0835 15.047
49.2153 14.3943
49.347 12.5092
49.4788 9.12661
49.6105 4.25203
49.7423 -1.83309
49.874 -8.60676
50.0058 -15.3495
50.1375 -21.2424
50.2693 -25.5718
50.401 -27.977
50.5328 -28.5667
50.6645 -27.7777
50.7963 -26.0522
50.928 -23.5779
51.0598 -20.2963
51.1916 -16.1442
51.3233 -11.2876
51.4551 -6.13297
51.5868 -1.12564
51.7186 3.4518
51.8503 7.4991
51.9821 10.9642
52.1138 13.7481
52.2456 15.7795
52.3773 17.1711
52.5091 18.2402
52.6408 19.2906
52.7726 20.3101
52.9043 20.8679
53.0361 20.3515
53.1678 18.3842
53.2996 15.0969
53.4313 11.0509
53.5631 6.90646
53.6948 3.11836
53.8266 -0.1352
53.9584 -2.82739
54.0901 -4.95257
54.2219 -6.52159
54.3536 -7.63287
54.4854 -8.47922
54.6171 -9.23981
54.7489 -9.95935
54.8806 -10.5517
55.0124 -10.9368
55.1441 -11.1701
55.2759 -11.4193
55.4076 -11.7988
55.5394 -12.2197
55.6711 -12.4082
55.8029 -12.0758
55.9346 -11.0881
56.0664 -9.49517
56.1981 -7.43836
56.3299 -5.06153
56.4616 -2.51194
56.5934 0.0201985
56.7251 2.33623
56.8569 4.35578
56.9887 6.20828
57.1204 8.14487
57.2522 10.2901
57.3839 12.442
57.5157 14.1347
57.6474 14.957
57.7792 14.8725
57.9109 14.2548
58.0427 13.5888
58.1744 13.0867
58.3062 12.5446
58.4379 11.5501
58.5697 9.84355
58.7014 7.51995
58.8332 4.92544
58.9649 2.38104
59.0967 -0.00827468
59.2284 -2.32235
59.3602 -4.65753
59.4919 -7.00641
59.6237 -9.27484
59.7555 -11.3634
59.8872 -13.1916
60.019 -14.6436
60.1507 -15.5312
60.2825 -15.6655
60.4142 -14.9996
60.546 -13.7018
60.6777 -12.0701
60.8095 -10.345
60.9412 -8.58738
61.073 -6.72038
61.2047 -4.67759
61.3365 -2.49923
61.4682 -0.290847
61.6 1.88605
61.7317 4.04874
61.8635 6.19988
61.9952 8.20747
62.127 9.80847
62.2587 10.7682
62.3905 11.0613
62.5223 10.9003
62.654 10.5763
62.7858 10.2541
62.9175 9.90429
63.0493 9.41639
63.181 8.75999
63.3128 8.02565
63.4445 7.31356
63.5763 6.60092
63.708 5.74028
63.8398 4.59987
63.9715 3.20449
64.1033 1.73044
64.235 0.355472
64.3668 -0.888526
64.4985 -2.11635
64.6303 -3.44932
64.762 -4.87889
64.8938 -6.26791
65.0255 -7.47846
65.1573 -8.48769
65.289 -9.37149
65.4208 -10.1759
65.5526 -10.8104
65.6843 -11.0739
65.8161 -10.7907
65.9478 -9.9324
66.0796 -8.62505
66.2113 -7.05702
66.3431 -5.38382
66.4748 -3.7027
66.6066 -2.08005
66.7383 -0.566538
66.8701 0.826664
67.0018 2.14927
67.1336 3.47975
67.2653 4.85156
67.3971 6.20928
67.5288 7.44379
67.6606 8.46964
67.7923 9.25332
67.9241 9.75308
68.0558 9.84313
68.1876 9.34512
68.3194 8.20249
68.4511 6.67523
68.5829 5.35649
68.7146 4.91256
68.8464 5.6603
68.9781 7.24873
69.1099 8.67891
69.2416 8.70054
69.3734 6.40673
69.5051 1.74238
69.6369 -4.3184
69.7686 -10.0343
69.9004 -13.5354
70.0321 -13.6079
70.1639 -10.2824
70.2956 -4.90771
70.4274 0.395118
70.5591 3.66411
70.6909 3.92333
70.8226 1.45591
70.9544 -2.57801
71.0862 -6.8559
71.2179 -10.4424
71.3497 -12.8843
71.4814 -13.9683
71.6132 -13.5049
71.7449 -11.397
71.8767 -7.89911
72.0084 -3.74372
72.1402 0.0943398
72.2719 2.88074
72.4037 4.48435
72.5354 5.33137
72.6672 6.00209
72.7989 6.80856
72.9307 7.67091
73.0624 8.32165
73.1942 8.59347
73.3259 8.52798
73.4577 8.26244
73.5894 7.86826
73.7212 7.32161
73.8529 6.60769
73.9847 5.80602
74.1165 5.0375
74.2482 4.3277
74.38 3.55327
74.5117 2.56002
74.6435 1.35167
74.7752 0.151652
74.907 -0.750161
75.0387 -1.24134
75.1705 -1.49577
75.3022 -1.83928
75.434 -2.48794
75.5657 -3.38893
75.6975 -4.29001
75.8292 -4.95204
75.961 -5.30472
76.0927 -5.42872
76.2245 -5.42653
76.3562 -5.33334
76.488 -5.14301
76.6197 -4.88096
76.7515 -4.60891
76.8833 -4.34073
77.015 -3.9724
77.1468 -3.33462
77.2785 -2.34959
77.4103 -1.1463
77.542 -0.00608205
77.6738 0.833596
77.8055 1.34655
77.9373 1.7048
78.069 2.10156
78.2008 2.58061
78.3325 3.03014
78.4643 3.33464
78.596 3.52458
78.7278 3.77118
78.8595 4.2301
78.9913 4.88581
79.123 5.54449
79.2548 5.9783
79.3865 6.08491
79.5183 5.92478
79.6501 5.6241
79.7818 5.25337
79.9136 4.79309
80.0453 4.19522
80.1771 3.45494
80.3088 2.615
80.4406 1.71261
80.5723 0.743559
80.7041 -0.307912
80.8358 -1.40735
80.9676 -2.4536
81.0993 -3.33965
81.2311 -4.03799
81.3628 -4.62416
81.4946 -5.2077
81.6263 -5.82805
81.7581 -6.40523
81.8898 -6.78299
82.0216 -6.82018
82.1533 -6.45523
82.2851 -5.70916
82.4168 -4.65343
82.5486 -3.38708
82.6804 -2.03438
82.8121 -0.73741
82.9439 0.377093
83.0756 1.24056
83.2074 1.85788
83.3391 2.28184
83.4709 2.57496
83.6026 2.79704
83.7344 3.02013
83.8661 3.33226
83.9979 3.79746
84.1296 4.39314
84.2614 4.98828
84.3931 5.40352
84.5249 5.51969
84.6566 5.34743
84.7884 4.99732
84.9201 4.57779
85.0519 4.11264
85.1836 3.54822
85.3154 2.83265
85.4472 1.98414
85.5789 1.08491
85.7107 0.217314
85.8424 -0.58537
85.9742 -1.31047
86.1059 -1.98448
86.2377 -2.54153
86.3694 -2.91084
86.5012 -3.09033
86.6329 -3.16566
86.7647 -3.17825
86.8964 -3.20286
87.0282 -3.19908
87.1599 -3.12823
87.2917 -2.90332
87.4234 -2.66198
87.5552 -2.40863
87.6869 -2.04436
87.8187 -1.52885
87.9504 -0.880898
88.0822 -0.106041
88.214 0.604386
88.3457 1.06878
88.4775 1.28294
88.6092 1.34008
88.741 1.4234
88.8727 1.55787
89.0045 1.61641
89.1362 1.53692
89.268 1.32965
89.3997 1.13672
89.5315 1.11538
89.6632 1.38452
89.795 1.72038
89.9267 1.98847
90.0585 2.05573
90.1902 2.0089
90.322 1.9629
90.4537 1.78979
90.5855 1.57877
90.7172 1.32644
90.849 0.910762
90.9807 0.5949
91.1125 0.383943
91.2443 0.294842
91.376 0.278666
91.5078 0.23508
91.6395 0.23462
91.7713 0.329845
91.903 0.303348
92.0348 0.251914
92.1665 -0.149538
92.2983 -0.618786
92.43 -1.06039
92.5618 -1.37015
92.6935 -1.48947
92.8253 -1.55936
92.957 -1.47371
93.0888 -1.39971
93.2205 -1.12408
93.3523 -0.797697
93.484 -0.489354
93.6158 -0.293832
93.7475 -0.277355
93.8793 -0.338025
94.0111 -0.246038
94.1428 -0.0558519
94.2746 0.299701
94.4063 0.587496
94.5381 0.817744
94.6698 0.856429
94.8016 0.837633
94.9333 0.848476
95.0651 0.811112
95.1968 0.711155
95.3286 0.691244
95.4603 0.825974
95.5921 1.08646
95.7238 1.33556
95.8556 1.53497
95.9873 1.52153
96.1191 1.22578
96.2508 0.848702
96.3826 0.539397
96.5143 0.309116
96.6461 0.100372
96.7779 -0.178474
96.9096 -0.489476
97.0414 -0.632634
97.1731 -0.567941
97.3049 -0.363862
97.4366 -0.119518
97.5684 0.043862
97.7001 0.134457
97.8319 0.224126
97.9636 0.315562
98.0954 0.323628
98.2271 0.208969
98.3589 -0.0389842
98.4906 -0.328069
98.6224 -0.434921
98.7541 -0.396496
98.8859 -0.206236
99.0176 -0.114085
99.1494 -0.0825699
99.2811 -0.168708
99.4129 -0.290779
99.5446 -0.392248
99.6764 -0.397037
99.8082 -0.381463
99.9399 -0.256925
100.072 -0.167399
100.203 0.0323172
100.335 0.200116
100.467 0.305911
100.599 0.292694
100.73 0.218097
100.862 0.0766609
100.994 -0.0336996
101.126 -0.0736773
101.257 0.0582653
101.389 0.135732
101.521 0.300613
101.653 0.414184
101.784 0.541461
101.916 0.636984
102.048 0.704593
102.18 0.608017
102.311 0.481999
102.443 0.36406
102.575 0.382848
102.707 0.495811
102.838 0.598763
102.97 0.608287
103.102 0.604216
103.234 0.568699
103.365 0.510909
103.497 0.366792
103.629 0.045323
103.761 -0.316338
103.892 -0.504338
104.024 -0.564528
104.156 -0.579687
104.288 -0.504263
104.419 -0.344672
104.551 -0.240108
104.683 -0.138789
104.815 -0.129563
104.946 -0.187299
105.078 -0.314059
105.21 -0.411312
105.342 -0.449515
105.474 -0.402415
105.605 -0.279765
105.737 -0.108354
105.869 0.0842396
106.001 0.277953
106.132 0.362752
106.264 0.37252
106.396 0.315721
106.528 0.303762
106.659 0.239399
106.791 0.221549
106.923 0.184533
107.055 0.195499
107.186 0.223153
107.318 0.281795
107.45 0.290454
107.582 0.236762
107.713 0.207672
107.845 0.114715
107.977 0.00643481
108.109 -0.0731171
108.24 -0.0853823
108.372 -0.025977
108.504 -0.0201736
108.636 0.0954047
108.767 0.24214
108.899 0.377059
109.031 0.458494
109.163 0.429536
109.294 0.38306
109.426 0.201538
109.558 -0.014422
109.69 -0.259549
109.821 -0.409465
109.953 -0.399126
110.085 -0.301565
110.217 -0.176243
110.348 -0.0557223
110.48 0.0253244
110.612 0.0147654
110.744 0.0376932
110.875 -0.0116833
111.007 -0.0322552
111.139 -0.0515327
111.271 -0.0705578
111.402 -0.0661275
111.534 -0.0186333
111.666 0.0994633
111.798 0.231828
111.929 0.273899
112.061 0.164636
112.193 0.0220522
112.325 -0.201566
112.456 -0.299907
112.588 -0.27499
112.72 -0.186324
112.852 -0.116744
112.983 -0.0105016
113.115 0.105896
113.247 0.206367
113.379 0.228898
113.51 0.168662
113.642 0.124257
113.774 -0.000110118
113.906 -0.0997089
114.037 -0.133061
114.169 -0.115965
114.301 -0.108902
114.433 -0.081367
114.564 -0.0526018
114.696 -0.0116779
114.828 0.0198021
114.96 0.0259984
115.091 0.053776
115.223 0.037085
115.355 0.0468605
115.487 0.00218525
115.618 -0.0173743
115.75 0.018094
115.882 -0.020454
116.014 -0.0289017
116.145 0.00485884
116.277 0.0053439
116.409 -0.0189264
116.541 -0.0672097
116.672 -0.011666
116.804 -0.00960165
116.936 0.00648645
117.068 0.0281304
117.199 0.0395501
117.331 0.0116256
117.463 -0.0154295
117.595 -0.0269633
117.726 0.0266229
117.858 0.00843353
117.99 0.00481894
118.122 -0.00822221
118.253 -0.0586858
118.385 0.004878
118.517 -0.00876287
118.649 -0.0241077
118.78 -0.0249459
118.912 -0.0124344
119.044 -0.00895034
119.176 -0.0049373
119.307 -0.000937212
119.439 -0.00935206
119.571 -0.0301034
119.703 -0.042364
119.835 -0.0257277
119.966 -0.00837767
120.098 -0.00837767
120.23 -0.00837767
120.362 -0.00837767
120.493 -0.00837767
120.625 -0.00837767
120.757 -0.00837767
120.889 -0.00837767
121.02 -0.00837767
121.152 -0.00837767
121.284 -0.00837767
121.416 -0.00837767
121.547 -0.00837767
121.679 -0.00837767
121.811 -0.00837767
121.943 -0.00837767
122.074 -0.00837767
122.206 -0.00837767
122.338 -0.00837767
122.47 -0.00837767
122.601 -0.00837767
122.733 -0.00837767
122.865 -0.00837767
122.997 -0.00837767
123.128 -0.00837767
123.26 -0.00837767
123.392 -0.00837767
123.524 -0.00837767
123.655 -0.00837767
123.787 -0.00837767
123.919 -0.00837767
124.051 -0.00837767
124.182 -0.00837767
124.314 -0.00837767
124.446 -0.00837767
124.578 -0.00837767
124.709 -0.00837767
124.841 -0.00837767
124.973 -0.00837767
125.105 -0.00837767
125.236 -0.00837767
125.368 -0.00837767
125.5 -0.00837767
125.632 -0.00837767
125.763 -0.00837767
125.895 -0.00837767
126.027 -0.00837767
126.159 -0.00837767
126.29 -0.00837767
126.422 -0.00837767
126.554 -0.00837767
126.686 -0.00837767
126.817 -0.00837767
126.949 -0.00837767
127.081 -0.00837767
127.213 -0.00837767
127.344 -0.00837767
127.476 -0.00837767
127.608 -0.00837767
127.74 -0.00837767
127.871 -0.00837767
128.003 -0.00837767
128.135 -0.00837767
128.267 -0.00837767
128.398 -0.00837767
128.53 -0.00837767
128.662 -0.00837767
128.794 -0.00837767
128.925 -0.00837767
129.057 -0.00837767
129.189 -0.00837767
129.321 -0.00837767
129.452 -0.00837767
129.584 -0.00837767
129.716 -0.00837767
129.848 -0.00837767
129.979 -0.00837767
130.111 -0.00837767
130.243 -0.00837767
130.375 -0.00837767
130.506 -0.00837767
130.638 -0.00837767
130.77 -0.00837767
130.902 -0.00837767
131.033 -0.00837767
131.165 -0.00837767
