-5.56644 -0.2178
-5.43469 -0.0456138
-5.30294 0.154386
-5.17118 0.430974
-5.03943 0.678979
-4.90768 0.826339
-4.77593 0.848334
-4.64417 0.797784
-4.51242 0.706792
-4.38067 0.659433
-4.24892 0.501408
-4.11716 0.391554
-3.98541 0.307712
-3.85366 0.346558
-3.72191 0.478177
-3.59016 0.529482
-3.4584 0.58311
-3.32665 0.520483
-3.1949 0.368303
-3.06315 0.149789
-2.93139 0.0497902
-2.79964 0.144249
-2.66789 0.151747
-2.53614 0.0242586
-2.40438 -0.310913
-2.27263 -0.59
-2.14088 -0.825844
-2.00913 -0.796537
-1.87738 -0.724671
-1.74562 -0.555136
-1.61387 -0.292698
-1.48212 0.0225829
-1.35037 0.317556
-1.21861 0.482546
-1.08686 0.494359
-0.955109 0.33653
-0.823357 0.128905
-0.691605 0.0984863
-0.559852 0.275776
-0.4281 0.446684
-0.296348 0.507628
-0.164595 0.568605
-0.0328432 0.47195
0.0989091 0.374774
0.230661 0.256337
0.362414 0.0316304
0.494166 -0.228217
0.625918 -0.505908
0.757671 -0.607412
0.889423 -0.51685
1.02118 -0.237767
1.15293 0.162759
1.28468 0.571237
1.41643 1.04567
1.54818 1.48983
1.67994 1.90744
1.81169 1.95548
1.94344 1.66204
2.07519 0.905054
2.20695 0.0860779
2.3387 -0.575501
2.47045 -0.779392
2.6022 -0.809179
2.73396 -0.739138
2.86571 -0.676877
2.99746 -0.697503
3.12921 -0.613263
3.26096 -0.378291
3.39272 -0.128322
3.52447 0.0167303
3.65622 0.01146
3.78797 -0.120484
3.91973 -0.217842
4.05148 -0.305594
4.18323 -0.251681
4.31498 -0.24694
4.44674 -0.163897
4.57849 0.110745
4.71024 0.605959
4.84199 1.25013
4.97374 1.85569
5.1055 2.12621
5.23725 2.09735
5.369 1.64897
5.50075 1.0149
5.63251 0.439901
5.76426 0.00237323
5.89601 -0.39027
6.02776 -0.489645
6.15952 -0.319552
6.29127 -0.100411
6.42302 0.111186
6.55477 0.17862
6.68652 0.0200992
6.81828 -0.247753
6.95003 -0.399328
7.08178 -0.273976
7.21353 0.16511
7.34529 0.583177
7.47704 0.859308
7.60879 0.903052
7.74054 0.769073
7.8723 0.516934
8.00405 0.241437
8.1358 -0.0677532
8.26755 -0.25751
8.3993 -0.402553
8.53106 -0.261603
8.66281 0.000456784
8.79456 0.179258
8.92631 0.236789
9.05807 0.17612
9.18982 0.0754652
9.32157 0.183782
9.45332 0.230073
9.58508 0.307853
9.71683 0.337667
9.84858 0.360899
9.98033 0.412319
10.1121 0.627081
10.2438 0.884906
10.3756 1.08562
10.5073 1.24552
10.6391 1.38152
10.7708 1.50434
10.9026 1.39491
11.0344 0.958664
11.1661 0.186856
11.2979 -0.649408
11.4296 -1.21305
11.5614 -1.16753
11.6931 -0.655585
11.8249 -0.0358772
11.9566 0.37204
12.0884 0.460956
12.2201 0.440674
12.3519 0.496628
12.4836 0.662584
12.6154 0.806522
12.7471 0.796914
12.8789 0.641802
13.0106 0.459416
13.1424 0.333542
13.2741 0.22963
13.4059 0.0683299
13.5376 -0.135286
13.6694 -0.242951
13.8011 -0.13138
13.9329 0.142694
14.0647 0.344257
14.1964 0.259876
14.3282 -0.0883386
14.4599 -0.434866
14.5917 -0.493826
14.7234 -0.204536
14.8552 0.236586
14.9869 0.580541
15.1187 0.752001
15.2504 0.868174
15.3822 1.04613
15.5139 1.22212
15.6457 1.19346
15.7774 0.850114
15.9092 0.346534
16.0409 0.0115568
16.1727 0.0640244
16.3044 0.413505
16.4362 0.749571
16.5679 0.830713
16.6997 0.679105
16.8315 0.489066
16.9632 0.362894
17.095 0.174329
17.2267 -0.276879
17.3585 -0.977683
17.4902 -1.60373
17.622 -1.75166
17.7537 -1.29476
17.8855 -0.506274
18.0172 0.185562
18.149 0.573959
18.2807 0.806317
18.4125 1.14725
18.5442 1.63115
18.676 1.98171
18.8077 1.89519
18.9395 1.3915
19.0712 0.848433
19.203 0.65515
19.3347 0.825879
19.4665 0.976389
19.5983 0.705172
19.73 0.00291432
19.8618 -0.72522
19.9935 -1.04836
20.1253 -0.910937
20.257 -0.634834
20.3888 -0.529738
20.5205 -0.533921
20.6523 -0.280596
20.784 0.466193
20.9158 1.46819
21.0475 2.14973
21.1793 2.10874
21.311 1.49178
21.4428 0.839653
21.5745 0.545037
21.7063 0.46993
21.838 0.119858
21.9698 -0.793852
22.1015 -1.97587
22.2333 -2.7458
22.365 -2.62418
22.4968 -1.72684
22.6286 -0.594221
22.7603 0.335457
22.8921 1.05119
23.0238 1.78003
23.1556 2.54264
23.2873 2.99253
23.4191 2.75745
23.5508 1.92252
23.6826 1.09
23.8143 0.871495
23.9461 1.28804
24.0778 1.70539
24.2096 1.41857
24.3413 0.33075
24.4731 -0.950207
24.6048 -1.69584
24.7366 -1.72546
24.8683 -1.4793
25.0001 -1.44607
25.1318 -1.58142
25.2636 -1.36413
25.3954 -0.441345
25.5271 0.851208
25.6589 1.71107
25.7906 1.65605
25.9224 1.04637
26.0541 0.733646
26.1859 1.14659
26.3176 1.7782
26.4494 1.68446
26.5811 0.542945
26.7129 -0.847037
26.8446 -1.24616
26.9764 -0.238669
27.1081 1.21139
27.2399 1.56193
27.3716 0.113674
27.5034 -2.38741
27.6351 -4.59123
27.7669 -5.88627
27.8986 -6.64972
28.0304 -6.93216
28.1622 -5.0049
28.2939 2.14267
28.4257 15.8597
28.5574 32.564
28.6892 43.3868
28.8209 38.1789
28.9527 11.8441
29.0844 -31.2432
29.2162 -77.9056
29.3479 -111.54
29.4797 -118.813
29.6114 -94.1397
29.7432 -40.8203
29.8749 29.9977
30.0067 101.219
30.1384 152.866
30.2702 167.44
30.4019 137.047
30.5337 68.7889
30.6654 -16.0891
30.7972 -90.7416
30.9289 -134.97
31.0607 -143.743
31.1925 -126.554
31.3242 -98.5318
31.456 -70.1171
31.5877 -42.6268
31.7195 -11.909
31.8512 24.2259
31.983 61.5607
32.1147 91.4502
32.2465 106.821
32.3782 106.614
32.51 95.0888
32.6417 77.321
32.7735 55.4225
32.9052 28.7952
33.037 -2.42215
33.1687 -34.5578
33.3005 -61.2566
33.4322 -77.3207
33.564 -82.0185
33.6957 -78.893
33.8275 -72.3789
33.9593 -64.363
34.091 -53.6198
34.2228 -38.2347
34.3545 -18.4466
34.4863 2.75816
34.618 21.6338
34.7498 36.1734
34.8815 46.7972
35.0133 54.84
35.145 60.5455
35.2768 62.5667
35.4085 59.3319
35.5403 50.8082
35.672 38.9073
35.8038 26.1944
35.9355 14.1857
36.0673 2.80299
36.199 -8.66562
36.3308 -20.1856
36.4625 -30.5474
36.5943 -38.2197
36.7261 -42.5622
36.8578 -44.2081
36.9896 -44.3127
37.1213 -43.4595
37.2531 -41.2619
37.3848 -36.9489
37.5166 -30.2793
37.6483 -21.8993
37.7801 -12.8797
37.9118 -3.96287
38.0436 4.74957
38.1753 13.45
38.3071 22.0486
38.4388 29.9551
38.5706 36.3751
38.7023 40.7657
38.8341 42.9916
38.9658 43.099
39.0976 41.032
39.2293 36.6443
39.3611 30.0104
39.4928 21.6917
39.6246 12.6366
39.7564 3.75226
39.8881 -4.48716
40.0199 -12.0552
40.1516 -19.018
40.2834 -25.1558
40.4151 -29.9192
40.5469 -32.769
40.6786 -33.6085
40.8104 -32.9356
40.9421 -31.5731
41.0739 -30.1619
41.2056 -28.7618
41.3374 -26.8068
41.4691 -23.4198
41.6009 -17.8967
41.7326 -10.1189
41.8644 -0.73181
41.9961 8.96773
42.1279 17.3937
42.2596 23.176
42.3914 25.6391
42.5232 25.0629
42.6549 22.584
42.7867 19.7433
42.9184 17.8635
43.0502 17.5497
43.1819 18.557
43.3137 20.0674
43.4454 21.1827
43.5772 21.3215
43.7089 20.3051
43.8407 18.1557
43.9724 14.8401
44.1042 10.2115
44.2359 4.20211
44.3677 -2.9148
44.4994 -10.4588
44.6312 -17.5724
44.7629 -23.5866
44.8947 -28.2345
45.0264 -31.5513
45.1582 -33.58
45.2899 -34.1704
45.4217 -33.062
45.5535 -30.1651
45.6852 -25.7614
45.817 -20.4178
45.9487 -14.6867
46.0805 -8.86921
46.2122 -3.05586
46.344 2.61949
46.4757 7.79887
46.6075 12.0145
46.7392 15.0278
46.871 17.0772
47.0027 18.7683
47.1345 20.6462
47.2662 22.7777
47.398 24.6739
47.5297 25.6022
47.6615 25.0316
47.7932 22.8883
47.925 19.503
48.0567 15.3806
48.1885 11.0089
48.3203 6.79223
48.452 3.03899
48.5838 -0.0884858
48.7155 -2.63868
48.8473 -4.84119
48.979 -6.93793
49.1108 -8.98691
49.2425 -10.8194
49.3743 -12.211
49.506 -13.1219
49.6378 -13.7751
49.7695 -14.4845
49.9013 -15.3767
50.033 -16.2587
50.1648 -16.7498
50.2965 -16.5503
50.4283 -15.6114
50.56 -14.0816
50.6918 -12.1338
50.8235 -9.86887
50.9553 -7.37427
51.0871 -4.82216
51.2188 -2.43479
51.3506 -0.301314
51.4823 1.77115
51.6141 4.16917
51.7458 7.15277
51.8776 10.5541
52.0093 13.7771
52.1411 16.144
52.2728 17.3307
52.4046 17.5467
52.5363 17.323
52.6681 17.0971
52.7998 16.93
52.9316 16.5524
53.0633 15.6484
53.1951 14.1094
53.3268 12.0642
53.4586 9.71329
53.5903 7.151
53.7221 4.33146
53.8538 1.17845
53.9856 -2.28091
54.1174 -5.87043
54.2491 -9.32177
54.3809 -12.3704
54.5126 -14.8271
54.6444 -16.6064
54.7761 -17.7228
54.9079 -18.2605
55.0396 -18.3147
55.1714 -17.9283
55.3031 -17.0672
55.4349 -15.6668
55.5666 -13.719
55.6984 -11.3243
55.8301 -8.65811
55.9619 -5.87969
56.0936 -3.07316
56.2254 -0.277035
56.3571 2.43383
56.4889 4.91216
56.6206 7.0037
56.7524 8.66109
56.8842 9.98924
57.0159 11.1607
57.1477 12.2636
57.2794 13.218
57.4112 13.8363
57.5429 13.9717
57.6747 13.6215
57.8064 12.8995
57.9382 11.9266
58.0699 10.7527
58.2017 9.38069
58.3334 7.84526
58.4652 6.2453
58.5969 4.68843
58.7287 3.2081
58.8604 1.74847
58.9922 0.239063
59.1239 -1.31883
59.2557 -2.84767
59.3874 -4.27785
59.5192 -5.62928
59.651 -6.99792
59.7827 -8.45341
59.9145 -9.9482
60.0462 -11.3277
60.178 -12.4252
60.3097 -13.1403
60.4415 -13.426
60.5732 -13.2199
60.705 -12.4248
60.8367 -10.991
60.9685 -9.0287
61.1002 -6.82059
61.232 -4.68465
61.3637 -2.78839
61.4955 -1.07634
61.6272 0.622625
61.759 2.40937
61.8907 4.22247
62.0225 5.91396
62.1542 7.39555
62.286 8.68944
62.4177 9.8241
62.5495 10.6913
62.6813 11.0447
62.813 10.6979
62.9448 9.77974
63.0765 8.81357
63.2083 8.49965
63.34 9.29383
63.4718 11.032
63.6035 12.8325
63.7353 13.3631
63.867 11.391
63.9988 6.41455
64.1305 -0.889388
64.2623 -8.66311
64.394 -14.4492
64.5258 -16.2199
64.6575 -13.3985
64.7893 -7.28303
64.921 -0.525327
65.0528 4.12924
65.1845 5.1351
65.3163 2.70945
65.4481 -1.61908
65.5798 -6.07844
65.7116 -9.57142
65.8433 -11.8938
65.9751 -13.2987
66.1068 -13.9278
66.2386 -13.6176
66.3703 -12.1567
66.5021 -9.64917
66.6338 -6.58596
66.7656 -3.55236
66.8973 -0.858613
67.0291 1.56296
67.1608 3.9216
67.2926 6.23843
67.4243 8.23498
67.5561 9.52684
67.6878 9.92927
67.8196 9.60488
67.9513 8.95351
68.0831 8.37039
68.2149 8.07057
68.3466 8.06309
68.4784 8.20886
68.6101 8.26682
68.7419 7.92369
68.8736 6.88049
69.0054 5.02425
69.1371 2.58863
69.2689 0.146835
69.4006 -1.62683
69.5324 -2.30816
69.6641 -1.96115
69.7959 -1.10366
69.9276 -0.427345
70.0594 -0.452315
70.1911 -1.30952
70.3229 -2.73577
70.4546 -4.24076
70.5864 -5.34297
70.7181 -5.77389
70.8499 -5.57669
70.9816 -5.05883
71.1134 -4.61233
71.2452 -4.4899
71.3769 -4.67
71.5087 -4.90112
71.6404 -4.89232
71.7722 -4.5067
71.9039 -3.81651
72.0357 -3.0001
72.1674 -2.19287
72.2992 -1.42602
72.4309 -0.682606
72.5627 0.0199254
72.6944 0.625805
72.8262 1.11805
72.9579 1.57562
73.0897 2.12208
73.2214 2.79814
73.3532 3.49058
73.4849 4.01264
73.6167 4.28121
73.7484 4.42432
73.8802 4.70112
74.012 5.28871
74.1437 6.12125
74.2755 6.92377
74.4072 7.40515
74.539 7.43449
74.6707 7.05671
74.8025 6.36847
74.9342 5.40489
75.066 4.15438
75.1977 2.66699
75.3295 1.11541
75.4612 -0.281144
75.593 -1.40819
75.7247 -2.33136
75.8565 -3.21537
75.9882 -4.16238
76.12 -5.12492
76.2517 -5.96703
76.3835 -6.59307
76.5152 -7.00054
76.647 -7.20693
76.7788 -7.14921
76.9105 -6.69348
77.0423 -5.77409
77.174 -4.52866
77.3058 -3.27497
77.4375 -2.32113
77.5693 -1.76812
77.701 -1.48039
77.8328 -1.20103
77.9645 -0.900958
78.0963 -0.498178
78.228 -0.116239
78.3598 0.408189
78.4915 1.27879
78.6233 2.61668
78.755 4.28524
78.8868 5.83295
79.0185 6.89031
79.1503 7.35327
79.282 7.42739
79.4138 7.36818
79.5455 7.32359
79.6773 7.06693
79.8091 6.41903
79.9408 5.24649
80.0726 3.79699
80.2043 2.3033
80.3361 0.955755
80.4678 -0.0491538
80.5996 -0.862885
80.7313 -1.45108
80.8631 -1.8776
80.9948 -2.20487
81.1266 -2.62967
81.2583 -3.28601
81.3901 -4.18471
81.5218 -5.11979
81.6536 -5.57764
81.7853 -5.39926
81.9171 -4.69401
82.0488 -3.61622
82.1806 -2.55539
82.3123 -1.7667
82.4441 -1.11478
82.5759 -0.612436
82.7076 -0.00385887
82.8394 0.493025
82.9711 0.735213
83.1029 0.866257
83.2346 0.778083
83.3664 0.530706
83.4981 0.195877
83.6299 -0.131044
83.7616 -0.327896
83.8934 -0.221035
84.0251 0.210016
84.1569 0.860271
84.2886 1.53219
84.4204 2.03177
84.5521 2.37406
84.6839 2.68967
84.8156 2.85936
84.9474 2.83588
85.0791 2.71549
85.2109 2.6282
85.3427 2.43059
85.4744 2.13531
85.6062 1.76566
85.7379 1.47899
85.8697 1.17978
86.0014 0.900437
86.1332 0.602741
86.2649 0.305129
86.3967 0.058644
86.5284 -0.417971
86.6602 -1.04695
86.7919 -1.77387
86.9237 -2.36715
87.0554 -2.4091
87.1872 -2.03597
87.3189 -1.33715
87.4507 -0.674003
87.5824 -0.324207
87.7142 -0.199859
87.8459 -0.219172
87.9777 -0.388093
88.1094 -0.602291
88.2412 -0.784825
88.373 -1.00221
88.5047 -1.09651
88.6365 -1.06772
88.7682 -0.89076
88.9 -0.518262
89.0317 -0.143813
89.1635 0.139616
89.2952 0.462304
89.427 0.708099
89.5587 0.820228
89.6905 0.848169
89.8222 0.893235
89.954 0.925679
90.0857 0.845953
90.2175 0.846982
90.3492 0.817007
90.481 0.655153
90.6127 0.464563
90.7445 0.33308
90.8762 0.452535
91.008 0.64298
91.1398 0.770058
91.2715 0.845154
91.4033 0.79249
91.535 0.64327
91.6668 0.604544
91.7985 0.615708
91.9303 0.651881
92.062 0.504547
92.1938 0.278367
92.3255 0.0582216
92.4573 -0.0446469
92.589 -0.093768
92.7208 -0.0458383
92.8525 0.00954115
92.9843 -0.00997718
93.116 -0.102026
93.2478 -0.215848
93.3795 -0.383091
93.5113 -0.474412
93.643 -0.487312
93.7748 -0.527542
93.9066 -0.547531
94.0383 -0.40648
94.1701 -0.164121
94.3018 0.0772814
94.4336 0.127969
94.5653 0.0216227
94.6971 -0.13325
94.8288 -0.354878
94.9606 -0.531793
95.0923 -0.582035
95.2241 -0.446613
95.3558 -0.1519
95.4876 0.227325
95.6193 0.483002
95.7511 0.644653
95.8828 0.544883
96.0146 0.351701
96.1463 0.170335
96.2781 0.126456
96.4098 0.303125
96.5416 0.42433
96.6733 0.483978
96.8051 0.499651
96.9369 0.595019
97.0686 0.668885
97.2004 0.566324
97.3321 0.396518
97.4639 0.117514
97.5956 -0.0915285
97.7274 -0.248805
97.8591 -0.134818
97.9909 0.0556038
98.1226 0.401786
98.2544 0.662546
98.3861 0.730827
98.5179 0.623825
98.6496 0.419011
98.7814 0.215075
98.9131 0.0372141
99.0449 -0.0305088
99.1766 0.018455
99.3084 0.0576738
99.4401 0.0440249
99.5719 0.0661174
99.7037 0.0841692
99.8354 -0.0708773
99.9672 -0.198498
100.099 -0.380081
100.231 -0.557359
100.362 -0.64302
100.494 -0.679231
100.626 -0.592328
100.758 -0.470154
100.889 -0.294515
101.021 -0.132567
101.153 -0.0301616
101.285 0.0627662
101.416 0.0909077
101.548 0.137449
101.68 0.0846472
101.812 0.0896755
101.943 0.0161942
102.075 0.0920835
102.207 0.210097
102.339 0.438023
102.47 0.549727
102.602 0.658798
102.734 0.600077
102.866 0.393442
102.997 0.243802
103.129 0.168238
103.261 0.193088
103.393 0.318184
103.524 0.437994
103.656 0.47108
103.788 0.444292
103.92 0.336996
104.051 0.261722
104.183 0.0734968
104.315 -0.0667841
104.447 -0.229428
104.578 -0.3893
104.71 -0.480544
104.842 -0.501099
104.974 -0.487563
105.105 -0.382687
105.237 -0.331357
105.369 -0.162845
105.501 0.0148801
105.633 0.0652309
105.764 -0.0124285
105.896 -0.0320869
106.028 -0.123767
106.16 -0.19614
106.291 -0.105684
106.423 -0.0116111
106.555 0.00669437
106.687 -0.0170369
106.818 -0.0337637
106.95 -0.0173796
107.082 0.0135383
107.214 -0.043649
107.345 -0.0570943
107.477 -0.086697
107.609 -0.0972227
107.741 -0.0924801
107.872 -0.0594569
108.004 -0.0455898
108.136 0.00450442
108.268 0.0126798
108.399 0.131777
108.531 0.129127
108.663 0.0747153
108.795 0.0359414
108.926 -0.0167694
109.058 -0.0315991
109.19 0.0288588
109.322 -0.0238151
109.453 0.0349164
109.585 0.0208864
109.717 -0.0147489
109.849 -0.0452291
109.98 -0.0141041
110.112 -0.0391742
110.244 -0.0687744
110.376 -0.0750969
110.507 -0.0767829
110.639 -0.0550347
110.771 -0.0559713
110.903 -0.0160505
111.034 -0.00944563
111.166 -0.0170278
111.298 -0.0339273
111.43 0.00242109
111.561 -0.00302855
111.693 -0.00706221
111.825 -0.00748467
111.957 -0.0163227
112.088 -0.00112542
112.22 -0.00112542
112.352 -0.00112542
112.484 -0.00112542
112.615 -0.00112542
112.747 -0.00112542
112.879 -0.00112542
113.011 -0.00112542
113.142 -0.00112542
113.274 -0.00112542
113.406 -0.00112542
113.538 -0.00112542
113.669 -0.00112542
113.801 -0.00112542
113.933 -0.00112542
114.065 -0.00112542
114.196 -0.00112542
114.328 -0.00112542
114.46 -0.00112542
114.592 -0.00112542
114.723 -0.00112542
114.855 -0.00112542
114.987 -0.00112542
115.119 -0.00112542
115.25 -0.00112542
115.382 -0.00112542
115.514 -0.00112542
115.646 -0.00112542
115.777 -0.00112542
115.909 -0.00112542
116.041 -0.00112542
116.173 -0.00112542
116.304 -0.00112542
116.436 -0.00112542
116.568 -0.00112542
116.7 -0.00112542
116.831 -0.00112542
116.963 -0.00112542
117.095 -0.00112542
117.227 -0.00112542
117.358 -0.00112542
117.49 -0.00112542
117.622 -0.00112542
117.754 -0.00112542
117.885 -0.00112542
118.017 -0.00112542
118.149 -0.00112542
118.281 -0.00112542
118.412 -0.00112542
118.544 -0.00112542
118.676 -0.00112542
118.808 -0.00112542
118.939 -0.00112542
119.071 -0.00112542
119.203 -0.00112542
119.335 -0.00112542
119.466 -0.00112542
119.598 -0.00112542
119.73 -0.00112542
119.862 -0.00112542
119.994 -0.00112542
120.125 -0.00112542
120.257 -0.00112542
120.389 -0.00112542
120.521 -0.00112542
120.652 -0.00112542
120.784 -0.00112542
120.916 -0.00112542
121.048 -0.00112542
121.179 -0.00112542
121.311 -0.00112542
121.443 -0.00112542
121.575 -0.00112542
121.706 -0.00112542
121.838 -0.00112542
121.97 -0.00112542
122.102 -0.00112542
122.233 -0.00112542
122.365 -0.00112542
122.497 -0.00112542
122.629 -0.00112542
122.76 -0.00112542
122.892 -0.00112542
123.024 -0.00112542
123.156 -0.00112542
123.287 -0.00112542
123.419 -0.00112542
123.551 -0.00112542
123.683 -0.00112542
123.814 -0.00112542
123.946 -0.00112542
124.078 -0.00112542
124.21 -0.00112542
124.341 -0.00112542
124.473 -0.00112542
124.605 -0.00112542
124.737 -0.00112542
124.868 -0.00112542
125 -0.00112542
125.132 -0.00112542
125.264 -0.00112542
125.395 -0.00112542
125.527 -0.00112542
125.659 -0.00112542
125.791 -0.00112542
125.922 -0.00112542
126.054 -0.00112542
126.186 -0.00112542
126.318 -0.00112542
126.449 -0.00112542
126.581 -0.00112542
126.713 -0.00112542
126.845 -0.00112542
126.976 -0.00112542
127.108 -0.00112542
127.24 -0.00112542
127.372 -0.00112542
127.503 -0.00112542
127.635 -0.00112542
127.767 -0.00112542
127.899 -0.00112542
128.03 -0.00112542
128.162 -0.00112542
128.294 -0.00112542
128.426 -0.00112542
128.557 -0.00112542
128.689 -0.00112542
128.821 -0.00112542
128.953 -0.00112542
129.084 -0.00112542
129.216 -0.00112542
