-6.52834 0.295603
-6.39659 0.218588
-6.26483 0.0737934
-6.13308 -0.0435604
-6.00133 -0.0761248
-5.86958 -0.0486499
-5.73782 0.0143155
-5.60607 0.0187901
-5.47432 0.0195849
-5.34257 0.102243
-5.21081 0.16392
-5.07906 0.251287
-4.94731 0.285035
-4.81556 0.27311
-4.68381 0.167915
-4.55205 0.044675
-4.4203 -0.0705078
-4.28855 -0.04738
-4.1568 -0.0622154
-4.02504 0.0428888
-3.89329 0.112497
-3.76154 0.203801
-3.62979 0.359868
-3.49803 0.627118
-3.36628 0.854139
-3.23453 0.936422
-3.10278 0.817728
-2.97103 0.713348
-2.83927 0.487962
-2.70752 0.193371
-2.57577 -0.0984273
-2.44402 -0.307974
-2.31226 -0.477062
-2.18051 -0.511845
-2.04876 -0.411666
-1.91701 -0.233063
-1.78525 -0.0358236
-1.6535 0.130056
-1.52175 0.204973
-1.39 0.183867
-1.25825 0.0694416
-1.12649 0.0637299
-0.994741 0.156858
-0.862988 0.29282
-0.731236 0.485161
-0.599484 0.680163
-0.467731 0.806966
-0.335979 0.747968
-0.204227 0.434745
-0.0724744 0.0372484
0.0592779 -0.242173
0.19103 -0.299453
0.322782 -0.111965
0.454535 0.13731
0.586287 0.264054
0.718039 0.238888
0.849792 0.212406
0.981544 0.32407
1.1133 0.589151
1.24505 0.913522
1.3768 1.02111
1.50855 0.775341
1.64031 0.367822
1.77206 -0.0448096
1.90381 -0.285109
2.03556 -0.222923
2.16731 -0.125416
2.29907 -0.0323764
2.43082 0.0118623
2.56257 0.0800481
2.69432 0.196786
2.82608 0.343605
2.95783 0.476697
3.08958 0.618848
3.22133 0.62685
3.35309 0.618375
3.48484 0.58387
3.61659 0.436477
3.74834 0.0496203
3.88009 -0.41746
4.01185 -0.789001
4.1436 -0.809084
4.27535 -0.458336
4.4071 0.245092
4.53886 1.0365
4.67061 1.6258
4.80236 1.88035
4.93411 1.77877
5.06587 1.33633
5.19762 0.723327
5.32937 0.0900679
5.46112 -0.187841
5.59287 -0.212686
5.72463 -0.0978527
5.85638 0.000125972
5.98813 -0.0704668
6.11988 -0.282557
6.25164 -0.382041
6.38339 -0.127057
6.51514 0.438409
6.64689 0.904799
6.77865 1.00692
6.9104 0.765641
7.04215 0.276637
7.1739 -0.173892
7.30565 -0.359072
7.43741 -0.385476
7.56916 -0.317313
7.70091 -0.277684
7.83266 -0.164096
7.96442 0.0577223
8.09617 0.284839
8.22792 0.410392
8.35967 0.408515
8.49143 0.333352
8.62318 0.330188
8.75493 0.421714
8.88668 0.605345
9.01843 0.690171
9.15019 0.58558
9.28194 0.38926
9.41369 0.150693
9.54544 0.088697
9.6772 0.218475
9.80895 0.391339
9.9407 0.516767
10.0725 0.675135
10.2042 0.872445
10.336 1.13334
10.4677 1.2908
10.5995 1.21979
10.7312 0.928358
10.863 0.581466
10.9947 0.323359
11.1265 0.197785
11.2582 0.0853839
11.39 -0.154358
11.5217 -0.534154
11.6535 -0.895963
11.7852 -1.06569
11.917 -0.976191
12.0487 -0.703035
12.1805 -0.367594
12.3122 -0.0289178
12.444 0.324717
12.5757 0.694257
12.7075 1.00852
12.8393 1.16371
12.971 1.12211
13.1028 0.95397
13.2345 0.766557
13.3663 0.594051
13.498 0.373975
13.6298 0.0454956
13.7615 -0.333812
13.8933 -0.588762
14.025 -0.562325
14.1568 -0.255547
14.2885 0.174494
14.4203 0.561583
14.552 0.870432
14.6838 1.18106
14.8155 1.53479
14.9473 1.81619
15.079 1.81936
15.2108 1.45338
15.3425 0.878323
15.4743 0.411489
15.606 0.267429
15.7378 0.37346
15.8696 0.443741
16.0013 0.248225
16.1331 -0.17896
16.2648 -0.588217
16.3966 -0.762844
16.5283 -0.71528
16.6601 -0.640212
16.7918 -0.685177
16.9236 -0.783383
17.0553 -0.722803
17.1871 -0.376725
17.3188 0.14676
17.4506 0.592758
17.5823 0.794005
17.7141 0.810822
17.8458 0.837733
17.9776 0.981587
18.1093 1.1451
18.2411 1.13214
18.3728 0.856117
18.5046 0.430156
18.6364 0.0527161
18.7681 -0.176677
18.8999 -0.309219
19.0316 -0.420614
19.1634 -0.466376
19.2951 -0.301563
19.4269 0.140872
19.5586 0.712375
19.6904 1.12767
19.8221 1.20756
19.9539 1.04222
20.0856 0.895275
20.2174 0.934732
20.3491 1.06668
20.4809 1.0494
20.6126 0.770087
20.7444 0.384875
20.8761 0.159699
21.0079 0.17215
21.1396 0.201179
21.2714 -0.0511334
21.4032 -0.617237
21.5349 -1.16576
21.6667 -1.28112
21.7984 -0.862124
21.9302 -0.234959
22.0619 0.151884
22.1937 0.15732
22.3254 0.069133
22.4572 0.289535
22.5889 0.903668
22.7207 1.57476
22.8524 1.87385
22.9842 1.69821
23.1159 1.33876
23.2477 1.13009
23.3794 1.06887
23.5112 0.830121
23.6429 0.182248
23.7747 -0.651814
23.9064 -1.11907
24.0382 -0.872792
24.1699 -0.176283
24.3017 0.286113
24.4335 0.0568627
24.5652 -0.625745
24.697 -1.0394
24.8287 -0.693522
24.9605 0.166301
25.0922 0.79841
25.224 0.727797
25.3557 0.247531
25.4875 0.113763
25.6192 0.722447
25.751 1.63079
25.8827 1.97094
26.0145 1.3754
26.1462 0.446234
26.278 0.209717
26.4097 1.04331
26.5415 2.17094
26.6732 2.30881
26.805 0.867833
26.9367 -1.50787
27.0685 -3.64079
27.2003 -5.00012
27.332 -5.98438
27.4638 -6.8075
27.5955 -6.11859
27.7273 -1.18211
27.859 9.75027
27.9908 24.4577
28.1225 35.9094
28.2543 35.1053
28.386 16.3213
28.5178 -18.6035
28.6495 -59.8411
28.7813 -93.2742
28.913 -105.999
29.0448 -90.7818
29.1765 -48.1482
29.3083 13.5069
29.44 79.1267
29.5718 129.878
29.7035 148.474
29.8353 126.174
29.9671 68.1684
30.0988 -6.78069
30.2306 -73.9248
30.3623 -113.954
30.4941 -121.51
30.6258 -105.38
30.7576 -80.5523
30.8893 -57.9871
31.0211 -39.2571
31.1528 -19.0881
31.2846 7.35422
31.4163 38.807
31.5481 68.1593
31.6798 87.5814
31.8116 93.6675
31.9433 88.3898
32.0751 75.817
32.2068 58.2331
32.3386 35.3285
32.4703 6.82393
32.6021 -24.4677
32.7338 -52.4602
32.8656 -70.9788
32.9974 -77.5852
33.1291 -74.7105
33.2609 -67.1947
33.3926 -58.4768
33.5244 -48.6704
33.6561 -35.8636
33.7879 -19.074
33.9196 -0.0223326
34.0514 17.7534
34.1831 31.3969
34.3149 40.4596
34.4466 46.417
34.5784 50.6798
34.7101 53.0927
34.8419 52.2441
34.9736 47.088
35.1054 38.1955
35.2371 27.4515
35.3689 16.5872
35.5006 6.02544
35.6324 -4.87961
35.7642 -16.5269
35.8959 -28.0221
36.0277 -37.4365
36.1594 -43.134
36.2912 -44.9218
36.4229 -43.9849
36.5547 -41.7176
36.6864 -38.563
36.8182 -33.8951
36.9499 -26.9616
37.0817 -17.9347
37.2134 -8.07676
37.3452 1.09582
37.4769 8.84399
37.6087 15.4927
37.7404 21.7693
37.8722 27.8624
38.0039 33.0759
38.1357 36.3453
38.2674 37.0847
38.3992 35.5719
38.531 32.5733
38.6627 28.6318
38.7945 23.715
38.9262 17.52
39.058 10.079
39.1897 2.04257
39.3215 -5.63909
39.4532 -12.3143
39.585 -17.9259
39.7167 -22.7373
39.8485 -26.7905
39.9802 -29.6601
40.112 -30.7711
40.2437 -29.9825
40.3755 -27.8587
40.5072 -25.3225
40.639 -22.9578
40.7707 -20.5589
40.9025 -17.3189
41.0342 -12.4921
41.166 -5.99177
41.2977 1.51122
41.4295 8.95989
41.5613 15.3721
41.693 20.0603
41.8248 22.6182
41.9565 22.9213
42.0883 21.2788
42.22 18.5669
42.3518 16.0442
42.4835 14.7863
42.6153 15.0809
42.747 16.2675
42.8788 17.197
43.0105 16.9727
43.1423 15.392
43.274 12.7816
43.4058 9.4641
43.5375 5.40381
43.6693 0.363524
43.801 -5.62001
43.9328 -11.9543
44.0645 -17.7236
44.1963 -22.2421
44.3281 -25.4107
44.4598 -27.5444
44.5916 -28.852
44.7233 -29.0916
44.8551 -27.7487
44.9868 -24.5717
45.1186 -19.9403
45.2503 -14.6993
45.3821 -9.59993
45.5138 -4.86559
45.6456 -0.269426
45.7773 4.38345
45.9091 8.8618
46.0408 12.595
46.1726 15.1575
46.3043 16.6793
46.4361 17.7775
46.5678 19.0522
46.6996 20.5882
46.8313 21.881
46.9631 22.2176
47.0949 21.1608
47.2266 18.7605
47.3584 15.4106
47.4901 11.577
47.6219 7.64837
47.7536 3.94338
47.8854 0.720131
48.0171 -1.92479
48.1489 -4.1732
48.2806 -6.4211
48.4124 -8.98167
48.5441 -11.765
48.6759 -14.2361
48.8076 -15.7444
48.9394 -15.987
49.0711 -15.2279
49.2029 -14.0942
49.3346 -13.1311
49.4664 -12.4821
49.5981 -11.9209
49.7299 -11.1344
49.8616 -9.97311
49.9934 -8.4776
50.1252 -6.74561
50.2569 -4.83955
50.3887 -2.83171
50.5204 -0.883348
50.6522 0.808977
50.7839 2.21071
50.9157 3.59706
51.0474 5.44148
51.1792 8.05718
51.3109 11.2619
51.4427 14.3684
51.5744 16.5543
51.7062 17.3481
51.8379 16.869
51.9697 15.6617
52.1014 14.2926
52.2332 13.0285
52.3649 11.803
52.4967 10.4125
52.6284 8.7229
52.7602 6.72728
52.892 4.47205
53.0237 1.98259
53.1555 -0.723022
53.2872 -3.56662
53.419 -6.38465
53.5507 -8.98715
53.6825 -11.2451
53.8142 -13.1197
53.946 -14.6086
54.0777 -15.6721
54.2095 -16.2139
54.3412 -16.136
54.473 -15.4116
54.6047 -14.1128
54.7365 -12.3772
54.8682 -10.3494
55 -8.14228
55.1317 -5.8294
55.2635 -3.45841
55.3952 -1.07387
55.527 1.2556
55.6588 3.42038
55.7905 5.29117
55.9223 6.78898
56.054 7.96242
56.1858 8.99304
56.3175 10.0847
56.4493 11.2934
56.581 12.431
56.7128 13.1452
56.8445 13.1405
56.9763 12.377
57.108 11.0915
57.2398 9.62758
57.3715 8.21883
57.5033 6.89735
57.635 5.57354
57.7668 4.17997
57.8985 2.73506
58.0303 1.2885
58.162 -0.157983
58.2938 -1.64306
58.4255 -3.15051
58.5573 -4.54077
58.6891 -5.61387
58.8208 -6.27362
58.9526 -6.64248
59.0843 -7.00191
59.2161 -7.59115
59.3478 -8.43414
59.4796 -9.3422
59.6113 -10.076
59.7431 -10.5063
59.8748 -10.6279
60.0066 -10.4401
60.1383 -9.84234
60.2701 -8.6719
60.4018 -6.85848
60.5336 -4.5418
60.6653 -2.03038
60.7971 0.365942
60.9288 2.47847
61.0606 4.2827
61.1923 5.79646
61.3241 7.00803
61.4559 7.91584
61.5876 8.61392
61.7194 9.28163
61.8511 10.0267
61.9829 10.7053
62.1146 10.9191
62.2464 10.2676
62.3781 8.70439
62.5099 6.7183
62.6416 5.15389
62.7734 4.74198
62.9051 5.62125
63.0369 7.14728
63.1686 8.11326
63.3004 7.28355
63.4321 3.99954
63.5639 -1.40598
63.6956 -7.58459
63.8274 -12.609
63.9591 -14.7546
64.0909 -13.3054
64.2227 -8.96693
64.3544 -3.60244
64.4862 0.630556
64.6179 2.28435
64.7497 1.19166
64.8814 -1.69916
65.0132 -5.03921
65.1449 -7.81911
65.2767 -9.66923
65.4084 -10.6494
65.5402 -10.8475
65.6719 -10.1828
65.8037 -8.54208
65.9354 -6.04486
66.0672 -3.12797
66.1989 -0.341145
66.3307 1.96722
66.4624 3.79354
66.5942 5.33877
66.7259 6.73514
66.8577 7.89798
66.9894 8.62452
67.1212 8.82383
67.253 8.64909
67.3847 8.40764
67.5165 8.33268
67.6482 8.41601
67.78 8.43178
67.9117 8.10976
68.0435 7.30643
68.1752 6.05674
68.307 4.51111
68.4387 2.84678
68.5705 1.22479
68.7022 -0.212676
68.834 -1.35464
68.9657 -2.16564
69.0975 -2.72528
69.2292 -3.20736
69.361 -3.78636
69.4927 -4.52452
69.6245 -5.31678
69.7562 -5.93557
69.888 -6.15218
70.0198 -5.86691
70.1515 -5.17826
70.2833 -4.35405
70.415 -3.71338
70.5468 -3.47091
70.6785 -3.62065
70.8103 -3.92792
70.942 -4.0463
71.0738 -3.70163
71.2055 -2.83625
71.3373 -1.62696
71.469 -0.373179
71.6008 0.662759
71.7325 1.35972
71.8643 1.73944
71.996 1.90066
72.1278 1.95663
72.2595 2.01478
72.3913 2.17945
72.523 2.53725
72.6548 3.11675
72.7866 3.85826
72.9183 4.63273
73.0501 5.3045
73.1818 5.78791
73.3136 6.05335
73.4453 6.08963
73.5771 5.87469
73.7088 5.39515
73.8406 4.69776
73.9723 3.91163
74.1041 3.19858
74.2358 2.6557
74.3676 2.24484
74.4993 1.80855
74.6311 1.16323
74.7628 0.202239
74.8946 -1.05583
75.0263 -2.48702
75.1581 -3.91495
75.2898 -5.15924
75.4216 -6.07096
75.5533 -6.56673
75.6851 -6.65873
75.8169 -6.45376
75.9486 -6.09988
76.0804 -5.7005
76.2121 -5.25506
76.3439 -4.67628
76.4756 -3.87525
76.6074 -2.84946
76.7391 -1.70634
76.8709 -0.610155
77.0026 0.299779
77.1344 0.960432
77.2661 1.37998
77.3979 1.61996
77.5296 1.7902
77.6614 2.006
77.7931 2.39889
77.9249 2.98972
78.0566 3.72894
78.1884 4.53685
78.3201 5.23521
78.4519 5.68983
78.5837 5.95069
78.7154 5.98468
78.8472 5.83185
78.9789 5.50941
79.1107 4.91989
79.2424 4.06141
79.3742 2.96083
79.5059 1.75875
79.6377 0.560361
79.7694 -0.5552
79.9012 -1.44354
80.0329 -1.97241
80.1647 -2.11601
80.2964 -2.04117
80.4282 -2.00709
80.5599 -2.13482
80.6917 -2.6517
80.8234 -3.37978
80.9552 -4.00769
81.0869 -4.24141
81.2187 -4.01065
81.3505 -3.45628
81.4822 -2.69881
81.614 -1.92808
81.7457 -1.24588
81.8775 -0.754268
82.0092 -0.279146
82.141 0.183845
82.2727 0.579185
82.4045 0.848507
82.5362 0.884345
82.668 0.730049
82.7997 0.482568
82.9315 0.232832
83.0632 0.137102
83.195 0.200362
83.3267 0.498945
83.4585 0.874144
83.5902 1.32664
83.722 1.64546
83.8537 1.95365
83.9855 2.1535
84.1172 2.39026
84.249 2.54674
84.3808 2.52884
84.5125 2.34719
84.6443 2.09388
84.776 1.81738
84.9078 1.6404
85.0395 1.55756
85.1713 1.38892
85.303 1.14608
85.4348 0.80011
85.5665 0.364616
85.6983 -0.0784741
85.83 -0.450853
85.9618 -0.680296
86.0935 -0.817267
86.2253 -0.857517
86.357 -0.888709
86.4888 -0.899434
86.6205 -1.04871
86.7523 -1.28605
86.884 -1.57967
87.0158 -1.76721
87.1476 -1.74932
87.2793 -1.53164
87.4111 -1.25768
87.5428 -0.943251
87.6746 -0.704871
87.8063 -0.471273
87.9381 -0.258913
88.0698 0.0529656
88.2016 0.244935
88.3333 0.37141
88.4651 0.316916
88.5968 0.275317
88.7286 0.413552
88.8603 0.707148
88.9921 0.986091
89.1238 1.20281
89.2556 1.38531
89.3873 1.5432
89.5191 1.61219
89.6508 1.56855
89.7826 1.38529
89.9144 1.02079
90.0461 0.586592
90.1779 0.237552
90.3096 0.185145
90.4414 0.340642
90.5731 0.526633
90.7049 0.716522
90.8366 0.820244
90.9684 0.892295
91.1001 0.831054
91.2319 0.662905
91.3636 0.295188
91.4954 -0.215978
91.6271 -0.617186
91.7589 -0.788166
91.8906 -0.641157
92.0224 -0.275196
92.1541 0.0359029
92.2859 0.0743528
92.4176 -0.049399
92.5494 -0.157408
92.6811 -0.248789
92.8129 -0.244145
92.9447 -0.114355
93.0764 -0.161644
93.2082 -0.148237
93.3399 -0.0927284
93.4717 -0.094148
93.6034 -0.0848031
93.7352 -0.0351961
93.8669 0.00151814
93.9987 0.0130873
94.1304 0.00670583
94.2622 -0.0816397
94.3939 -0.231485
94.5257 -0.447347
94.6574 -0.630105
94.7892 -0.488679
94.9209 -0.0529491
95.0527 0.542439
95.1844 0.972769
95.3162 1.08727
95.4479 0.864379
95.5797 0.524919
95.7115 0.190298
95.8432 0.139578
95.975 0.161372
96.1067 0.306536
96.2385 0.454998
96.3702 0.541041
96.502 0.475475
96.6337 0.324816
96.7655 0.125635
96.8972 -0.0373398
97.029 -0.249734
97.1607 -0.236017
97.2925 -0.00125754
97.4242 0.31894
97.556 0.554014
97.6877 0.720518
97.8195 0.772535
97.9512 0.750147
98.083 0.669141
98.2147 0.485906
98.3465 0.181758
98.4783 -0.143667
98.61 -0.366076
98.7418 -0.394218
98.8735 -0.433169
99.0053 -0.540599
99.137 -0.697542
99.2688 -0.875958
99.4005 -0.956981
99.5323 -0.877752
99.664 -0.62531
99.7958 -0.242632
99.9275 0.0983665
100.059 0.317204
100.191 0.438086
100.323 0.435465
100.455 0.346697
100.586 0.209258
100.718 0.0667056
100.85 -0.0407381
100.982 -0.0488756
101.113 0.0452204
101.245 0.124614
101.377 0.186064
101.509 0.244173
101.64 0.233437
101.772 0.255511
101.904 0.316927
102.036 0.285302
102.167 0.300594
102.299 0.2967
102.431 0.314477
102.563 0.335904
102.694 0.355128
102.826 0.342834
102.958 0.287376
103.09 0.169358
103.221 0.180058
103.353 0.210264
103.485 0.185297
103.617 0.0721481
103.748 -0.0286875
103.88 -0.131811
104.012 -0.159572
104.144 -0.164322
104.275 -0.135937
104.407 -0.197973
104.539 -0.29622
104.671 -0.321497
104.802 -0.263475
104.934 -0.174401
105.066 -0.0768211
105.198 -0.0329869
105.329 0.0331676
105.461 -0.0160594
105.593 0.00565992
105.725 0.0648387
105.856 0.0526723
105.988 -0.0299687
106.12 -0.0958316
106.252 -0.103919
106.383 -0.0842483
106.515 -0.0768683
106.647 -0.0146959
106.779 0.0308807
106.91 -0.0300831
107.042 -0.0611965
107.174 -0.0244399
107.306 0.0183759
107.437 0.104777
107.569 0.132001
107.701 0.142679
107.833 0.0891011
107.964 0.0166669
108.096 0.00650991
108.228 0.0459986
108.36 0.0712392
108.491 0.0736213
108.623 0.0496058
108.755 0.0652193
108.887 0.055847
109.018 0.045287
109.15 0.0203544
109.282 -0.0501964
109.414 -0.0349205
109.545 -0.0166167
109.677 -0.0223985
109.809 -0.0160404
109.941 0.0126559
110.072 0.00484371
110.204 0.0141137
110.336 -0.0031509
110.468 -0.00611236
110.599 0.00102028
110.731 0.0105075
110.863 0.00430583
110.995 0.00405112
111.126 0.00114728
111.258 -0.0018983
111.39 -0.0032801
111.522 0.00147856
111.653 0.00123434
111.785 0.00125248
111.917 0.00125248
112.049 0.00125248
112.18 0.00125248
112.312 0.00125248
112.444 0.00125248
112.576 0.00125248
112.707 0.00125248
112.839 0.00125248
112.971 0.00125248
113.103 0.00125248
113.235 0.00125248
113.366 0.00125248
113.498 0.00125248
113.63 0.00125248
113.762 0.00125248
113.893 0.00125248
114.025 0.00125248
114.157 0.00125248
114.289 0.00125248
114.42 0.00125248
114.552 0.00125248
114.684 0.00125248
114.816 0.00125248
114.947 0.00125248
115.079 0.00125248
115.211 0.00125248
115.343 0.00125248
115.474 0.00125248
115.606 0.00125248
115.738 0.00125248
115.87 0.00125248
116.001 0.00125248
116.133 0.00125248
116.265 0.00125248
116.397 0.00125248
116.528 0.00125248
116.66 0.00125248
116.792 0.00125248
116.924 0.00125248
117.055 0.00125248
117.187 0.00125248
117.319 0.00125248
117.451 0.00125248
117.582 0.00125248
117.714 0.00125248
117.846 0.00125248
117.978 0.00125248
118.109 0.00125248
118.241 0.00125248
118.373 0.00125248
118.505 0.00125248
118.636 0.00125248
118.768 0.00125248
118.9 0.00125248
119.032 0.00125248
119.163 0.00125248
119.295 0.00125248
119.427 0.00125248
119.559 0.00125248
119.69 0.00125248
119.822 0.00125248
119.954 0.00125248
120.086 0.00125248
120.217 0.00125248
120.349 0.00125248
120.481 0.00125248
120.613 0.00125248
120.744 0.00125248
120.876 0.00125248
121.008 0.00125248
121.14 0.00125248
121.271 0.00125248
121.403 0.00125248
121.535 0.00125248
121.667 0.00125248
121.798 0.00125248
121.93 0.00125248
122.062 0.00125248
122.194 0.00125248
122.325 0.00125248
122.457 0.00125248
122.589 0.00125248
122.721 0.00125248
122.852 0.00125248
122.984 0.00125248
123.116 0.00125248
123.248 0.00125248
123.379 0.00125248
123.511 0.00125248
123.643 0.00125248
123.775 0.00125248
123.906 0.00125248
124.038 0.00125248
124.17 0.00125248
124.302 0.00125248
124.433 0.00125248
124.565 0.00125248
124.697 0.00125248
124.829 0.00125248
124.96 0.00125248
125.092 0.00125248
125.224 0.00125248
125.356 0.00125248
125.487 0.00125248
125.619 0.00125248
125.751 0.00125248
125.883 0.00125248
126.014 0.00125248
126.146 0.00125248
126.278 0.00125248
126.41 0.00125248
126.541 0.00125248
126.673 0.00125248
126.805 0.00125248
126.937 0.00125248
127.069 0.00125248
127.2 0.00125248
127.332 0.00125248
127.464 0.00125248
127.596 0.00125248
127.727 0.00125248
127.859 0.00125248
127.991 0.00125248
128.123 0.00125248
128.254 0.00125248
