-5.9686 -0.303815
-5.83685 -0.340227
-5.7051 -0.275843
-5.57334 -0.0606879
-5.44159 0.171833
-5.30984 0.353938
-5.17809 0.376767
-5.04633 0.258442
-4.91458 0.0739661
-4.78283 -0.154945
-4.65108 -0.29327
-4.51933 -0.320814
-4.38757 -0.180568
-4.25582 0.0589721
-4.12407 0.272947
-3.99232 0.408543
-3.86056 0.359087
-3.72881 0.273326
-3.59706 0.224859
-3.46531 0.267209
-3.33355 0.275223
-3.2018 0.228609
-3.07005 0.0394161
-2.9383 -0.193516
-2.80655 -0.399352
-2.67479 -0.404248
-2.54304 -0.267913
-2.41129 -0.0994052
-2.27954 0.0298707
-2.14778 0.0369982
-2.01603 -0.0507179
-1.88428 -0.094208
-1.75253 -0.0357433
-1.62077 0.174319
-1.48902 0.377031
-1.35727 0.587333
-1.22552 0.578229
-1.09377 0.299432
-0.962013 -0.122175
-0.830261 -0.455252
-0.698509 -0.607454
-0.566756 -0.591514
-0.435004 -0.278545
-0.303252 -0.0629313
-0.1715 0.251894
-0.0397472 0.506475
0.0920051 0.721994
0.223757 0.779922
0.35551 0.684552
0.487262 0.333189
0.619014 -0.107767
0.750767 -0.442489
0.882519 -0.572467
1.01427 -0.418568
1.14602 -0.0636512
1.27778 0.268357
1.40953 0.5476
1.54128 0.668867
1.67303 0.614337
1.80479 0.472014
1.93654 0.302548
2.06829 0.0524744
2.20004 -0.2568
2.33179 -0.555709
2.46355 -0.767034
2.5953 -0.770064
2.72705 -0.693601
2.8588 -0.609832
2.99056 -0.580168
3.12231 -0.588676
3.25406 -0.374971
3.38581 0.0354066
3.51757 0.556665
3.64932 1.0073
3.78107 1.32992
3.91282 1.35943
4.04457 1.19163
4.17633 0.878781
4.30808 0.494727
4.43983 0.0179863
4.57158 -0.336345
4.70334 -0.632169
4.83509 -0.734522
4.96684 -0.739315
5.09859 -0.632044
5.23034 -0.471888
5.3621 -0.228408
5.49385 0.255333
5.6256 0.789082
5.75735 1.34818
5.88911 1.64126
6.02086 1.54111
6.15261 1.11115
6.28436 0.459631
6.41612 -0.167666
6.54787 -0.590714
6.67962 -0.87535
6.81137 -1.05837
6.94312 -1.04508
7.07488 -0.933347
7.20663 -0.640935
7.33838 -0.258608
7.47013 0.149018
7.60189 0.480908
7.73364 0.638125
7.86539 0.660442
7.99714 0.589803
8.1289 0.410778
8.26065 0.163597
8.3924 -0.14936
8.52415 -0.392388
8.6559 -0.401554
8.78766 -0.235397
8.91941 0.147789
9.05116 0.625642
9.18291 1.06712
9.31467 1.32963
9.44642 1.30129
9.57817 1.0431
9.70992 0.646753
9.84168 0.159575
9.97343 -0.243484
10.1052 -0.638158
10.2369 -0.762771
10.3687 -0.865294
10.5004 -0.840692
10.6322 -0.738479
10.7639 -0.595517
10.8957 -0.390072
11.0274 -0.103289
11.1592 0.195704
11.291 0.476926
11.4227 0.641009
11.5545 0.748375
11.6862 0.739667
11.818 0.475983
11.9497 0.137422
12.0815 -0.168687
12.2132 -0.335022
12.345 -0.190875
12.4767 0.252659
12.6085 0.75443
12.7402 1.11173
12.872 1.15319
13.0037 0.957843
13.1355 0.699394
13.2672 0.484195
13.399 0.264051
13.5307 -0.0604805
13.6625 -0.44891
13.7942 -0.959056
13.926 -1.28826
14.0577 -1.25073
14.1895 -0.771462
14.3213 -0.0213681
14.453 0.727928
14.5848 1.31194
14.7165 1.67662
14.8483 1.74278
14.98 1.45318
15.1118 0.880599
15.2435 0.123291
15.3753 -0.535993
15.507 -0.866229
15.6388 -0.789456
15.7705 -0.438439
15.9023 -0.0570156
16.034 0.143266
16.1658 0.0846047
16.2975 -0.19844
16.4293 -0.571095
16.561 -0.896284
16.6928 -1.02347
16.8245 -0.851313
16.9563 -0.371092
17.0881 0.269962
17.2198 0.808893
17.3516 1.01848
17.4833 0.872376
17.6151 0.570424
17.7468 0.382709
17.8786 0.449324
18.0103 0.71819
18.1421 0.935756
18.2738 0.984594
18.4056 0.880816
18.5373 0.71123
18.6691 0.549652
18.8008 0.371097
18.9326 0.146465
19.0643 -0.0812336
19.1961 -0.169474
19.3278 -0.0119417
19.4596 0.335827
19.5913 0.721422
19.7231 0.851013
19.8549 0.679126
19.9866 0.374094
20.1184 0.0971312
20.2501 -0.130738
20.3819 -0.360186
20.5136 -0.762967
20.6454 -1.14872
20.7771 -1.26396
20.9089 -1.00361
21.0406 -0.495002
21.1724 0.0232421
21.3041 0.246457
21.4359 0.129593
21.5676 -0.135837
21.6994 -0.307375
21.8311 -0.274407
21.9629 -0.0706909
22.0946 0.201088
22.2264 0.542615
22.3581 0.966879
22.4899 1.41746
22.6216 1.71792
22.7534 1.62092
22.8852 1.15877
23.0169 0.60168
23.1487 0.248321
23.2804 0.208257
23.4122 0.298442
23.5439 0.245037
23.6757 0.0343664
23.8074 -0.15838
23.9392 -0.0971415
24.0709 0.245925
24.2027 0.632559
24.3344 0.765695
24.4662 0.536126
24.5979 0.12727
24.7297 -0.243017
24.8614 -0.394906
24.9932 -0.476351
25.1249 -0.629385
25.2567 -0.842944
25.3884 -0.939621
25.5202 -0.783809
25.652 -0.45743
25.7837 -0.218101
25.9155 -0.271106
26.0472 -0.44287
26.179 -0.54565
26.3107 -0.42225
26.4425 -0.184599
26.5742 -0.0612897
26.706 -0.12323
26.8377 -0.1884
26.9695 -0.0227133
27.1012 0.492797
27.233 1.13706
27.3647 1.5833
27.4965 1.68095
27.6282 1.64323
27.76 1.70517
27.8917 1.88841
28.0235 1.88377
28.1552 1.43186
28.287 0.573861
28.4188 -0.315234
28.5505 -0.769175
28.6823 -0.74858
28.814 -0.612879
28.9458 -0.747272
29.0775 -1.14011
29.2093 -1.39163
29.341 -1.09964
29.4728 -0.369073
29.6045 0.300902
29.7363 0.44948
29.868 0.136107
29.9998 -0.204681
30.1315 -0.126109
30.2633 0.273086
30.395 0.521638
30.5268 0.325594
30.6585 0.00584131
30.7903 0.219371
30.922 1.24797
31.0538 2.5335
31.1855 2.95568
31.3173 1.82581
31.4491 -0.524836
31.5808 -2.89975
31.7126 -4.39014
31.8443 -4.92725
31.9761 -4.738
32.1078 -3.42564
32.2396 0.28579
32.3713 7.47991
32.5031 16.9213
32.6348 24.2761
32.7666 23.753
32.8983 11.3819
33.0301 -11.8442
33.1618 -39.4991
33.2936 -62.0787
33.4253 -70.993
33.5571 -61.5527
33.6888 -34.1032
33.8206 6.31724
33.9523 50.8556
34.0841 87.9482
34.2159 105.942
34.3476 97.0641
34.4794 61.6592
34.6111 9.64749
34.7429 -42.6978
34.8746 -79.9
35.0064 -94.1917
35.1381 -87.9342
35.2699 -70.113
35.4016 -49.678
35.5334 -30.5686
35.6651 -11.5932
35.7969 9.65691
35.9286 32.6833
36.0604 53.2327
36.1921 66.07
36.3239 68.6322
36.4556 62.3782
36.5874 50.9759
36.7191 37.2839
36.8509 21.8965
36.9827 4.2866
37.1144 -14.9105
37.2462 -32.8728
37.3779 -45.865
37.5097 -51.7714
37.6414 -51.3098
37.7732 -47.2089
37.9049 -41.9042
38.0367 -35.8864
38.1684 -27.9944
38.3002 -17.1585
38.4319 -3.90127
38.5637 9.69811
38.6954 21.3727
38.8272 30.0207
38.9589 35.88
39.0907 39.5718
39.2224 41.0706
39.3542 39.6929
39.4859 34.836
39.6177 26.955
39.7494 17.6099
39.8812 8.53969
40.013 0.589416
40.1447 -6.36565
40.2765 -12.839
40.4082 -18.9297
40.54 -24.0231
40.6717 -27.2822
40.8035 -28.3717
40.9352 -27.7336
41.067 -26.1626
41.1987 -24.2188
41.3305 -21.7641
41.4622 -18.2927
41.594 -13.4901
41.7257 -7.60852
41.8575 -1.34704
41.9892 4.59277
42.121 9.85915
42.2527 14.4387
42.3845 18.3651
42.5162 21.5006
42.648 23.522
42.7798 24.1738
42.9115 23.4647
43.0433 21.6472
43.175 18.9856
43.3068 15.7105
43.4385 11.867
43.5703 7.47613
43.702 2.72657
43.8338 -2.05035
43.9655 -6.53554
44.0973 -10.5101
44.229 -13.8712
44.3608 -16.563
44.4925 -18.348
44.6243 -19.0846
44.756 -18.9028
44.8878 -18.0334
45.0195 -16.9
45.1513 -15.8072
45.283 -14.6806
45.4148 -13.0915
45.5466 -10.4862
45.6783 -6.54423
45.8101 -1.40147
45.9418 4.34549
46.0736 9.82194
46.2053 14.1697
46.3371 16.6411
46.4688 17.0183
46.6006 15.5875
46.7323 13.1164
46.8641 10.6016
46.9958 8.87763
47.1276 8.27795
47.2593 8.5893
47.3911 9.13524
47.5228 9.39256
47.6546 9.16022
47.7863 8.45635
47.9181 7.25878
48.0498 5.4102
48.1816 2.61931
48.3133 -1.19636
48.4451 -5.7331
48.5769 -10.2437
48.7086 -13.9447
48.8404 -16.43
48.9721 -17.6814
49.1039 -17.991
49.2356 -17.636
49.3674 -16.7005
49.4991 -15.1354
49.6309 -12.9188
49.7626 -10.2282
49.8944 -7.37781
50.0261 -4.45071
50.1579 -1.60464
50.2896 1.22362
50.4214 3.97498
50.5531 6.48783
50.6849 8.58601
50.8166 10.2313
50.9484 11.4483
51.0801 12.4353
51.2119 13.2479
51.3437 13.8413
51.4754 13.9863
51.6072 13.4604
51.7389 12.1879
51.8707 10.3123
52.0024 8.02345
52.1342 5.59947
52.2659 3.26543
52.3977 1.2122
52.5294 -0.632443
52.6612 -2.33436
52.7929 -4.02603
52.9247 -5.7819
53.0564 -7.43284
53.1882 -8.69975
53.3199 -9.33363
53.4517 -9.29501
53.5834 -8.81627
53.7152 -8.28473
53.8469 -7.9905
53.9787 -8.0245
54.1105 -8.21716
54.2422 -8.31769
54.374 -8.00655
54.5057 -7.1577
54.6375 -5.78106
54.7692 -3.97033
54.901 -1.9372
55.0327 0.00190155
55.1645 1.62083
55.2962 2.80818
55.428 3.63845
55.5597 4.3926
55.6915 5.35333
55.8232 6.58892
55.955 7.91617
56.0867 8.98564
56.2185 9.5135
56.3502 9.41934
56.482 8.82944
56.6137 8.01664
56.7455 7.2415
56.8772 6.63196
57.009 6.06176
57.1408 5.36359
57.2725 4.39523
57.4043 3.19211
57.536 1.86097
57.6678 0.539175
57.7995 -0.719735
57.9313 -1.98208
58.063 -3.34504
58.1948 -4.9553
58.3265 -6.6861
58.4583 -8.29758
58.59 -9.47901
58.7218 -10.0823
58.8535 -10.1181
58.9853 -9.69795
59.117 -8.94626
59.2488 -7.93407
59.3805 -6.69675
59.5123 -5.29115
59.644 -3.82046
59.7758 -2.39932
59.9076 -1.09784
60.0393 0.0452131
60.1711 1.06471
60.3028 1.9014
60.4346 2.53494
60.5663 3.00739
60.6981 3.47506
60.8298 4.13507
60.9616 5.07879
61.0933 6.18597
61.2251 7.15652
61.3568 7.71459
61.4886 7.73971
61.6203 7.32674
61.7521 6.67522
61.8838 5.9318
62.0156 5.14087
62.1473 4.25693
62.2791 3.38017
62.4108 2.5877
62.5426 1.96213
62.6744 1.46959
62.8061 0.965566
62.9379 0.331357
63.0696 -0.501555
63.2014 -1.41638
63.3331 -2.26035
63.4649 -2.99748
63.5966 -3.69612
63.7284 -4.53084
63.8601 -5.47127
63.9919 -6.36195
64.1236 -6.99894
64.2554 -7.26586
64.3871 -7.19005
64.5189 -6.85945
64.6506 -6.41896
64.7824 -5.82491
64.9141 -5.04247
65.0459 -4.09781
65.1776 -3.0729
65.3094 -2.06
65.4411 -1.08743
65.5729 -0.107947
65.7047 0.898382
65.8364 2.01195
65.9682 3.1444
66.0999 4.1978
66.2317 5.09785
66.3634 5.80615
66.4952 6.22249
66.6269 6.32347
66.7587 6.06288
66.8904 5.53393
67.0222 4.98441
67.1539 4.74687
67.2857 5.04203
67.4174 5.87668
67.5492 6.87949
67.6809 7.47095
67.8127 7.01386
67.9444 5.08453
68.0762 1.79008
68.2079 -2.21857
68.3397 -5.87479
68.4715 -7.98142
68.6032 -7.87512
68.735 -5.80352
68.8667 -2.69833
68.9985 0.0755496
69.1302 1.48061
69.262 1.0493
69.3937 -0.761432
69.5255 -3.21555
69.6572 -5.57619
69.789 -7.395
69.9207 -8.54534
70.0525 -9.05208
70.1842 -8.95752
70.316 -8.30644
70.4477 -7.09701
70.5795 -5.41721
70.7112 -3.43284
70.843 -1.31873
70.9747 0.713334
71.1065 2.57007
71.2383 4.1873
71.37 5.52107
71.5018 6.5234
71.6335 7.13414
71.7653 7.29978
71.897 7.07543
72.0288 6.58064
72.1605 5.9963
72.2923 5.52859
72.424 5.31014
72.5558 5.30508
72.6875 5.33168
72.8193 5.12382
72.951 4.49838
73.0828 3.37028
73.2145 1.9185
73.3463 0.427702
73.478 -0.837659
73.6098 -1.69943
73.7415 -2.12206
73.8733 -2.25077
74.005 -2.32451
74.1368 -2.62535
74.2686 -3.27191
74.4003 -4.20416
74.5321 -5.11177
74.6638 -5.79317
74.7956 -5.9831
74.9273 -5.65672
75.0591 -5.02551
75.1908 -4.24277
75.3226 -3.47806
75.4543 -2.79439
75.5861 -2.16443
75.7178 -1.5884
75.8496 -1.08316
75.9813 -0.648853
76.1131 -0.271046
76.2448 0.0879312
76.3766 0.51066
76.5083 0.94154
76.6401 1.39987
76.7718 1.83169
76.9036 2.2638
77.0354 2.71812
77.1671 3.14064
77.2989 3.54509
77.4306 3.88115
77.5624 4.12735
77.6941 4.30811
77.8259 4.44637
77.9576 4.50991
78.0894 4.44978
78.2211 4.22807
78.3529 3.90094
78.4846 3.45315
78.6164 3.00067
78.7481 2.44818
78.8799 1.80746
79.0116 1.02162
79.1434 0.150497
79.2751 -0.703076
79.4069 -1.44866
79.5386 -2.10874
79.6704 -2.76592
79.8021 -3.45095
79.9339 -4.14842
80.0657 -4.6802
80.1974 -4.98936
80.3292 -5.11551
80.4609 -5.17061
80.5927 -5.13059
80.7244 -4.88379
80.8562 -4.23624
80.9879 -3.15026
81.1197 -1.81568
81.2514 -0.576943
81.3832 0.274519
81.5149 0.672196
81.6467 0.766276
81.7784 0.786615
81.9102 0.890346
82.0419 1.06417
82.1737 1.26874
82.3054 1.50225
82.4372 1.80893
82.5689 2.24261
82.7007 2.7882
82.8325 3.33572
82.9642 3.82056
83.096 4.16243
83.2277 4.38945
83.3595 4.38802
83.4912 4.13924
83.623 3.71574
83.7547 3.19142
83.8865 2.62378
84.0182 2.08739
84.15 1.44632
84.2817 0.718717
84.4135 -0.0591366
84.5452 -0.813779
84.677 -1.35704
84.8087 -1.59972
84.9405 -1.67575
85.0722 -1.81643
85.204 -2.29333
85.3357 -2.97704
85.4675 -3.7046
85.5993 -4.1587
85.731 -4.17536
85.8628 -3.66799
85.9945 -2.95484
86.1263 -2.14343
86.258 -1.32117
86.3898 -0.66872
86.5215 -0.230968
86.6533 -0.027989
86.785 0.083278
86.9168 0.110309
87.0485 0.242883
87.1803 0.565315
87.312 0.91354
87.4438 1.08824
87.5755 1.01526
87.7073 0.871563
87.839 0.784512
87.9708 0.859651
88.1025 1.17574
88.2343 1.5593
88.366 1.87113
88.4978 2.13376
88.6296 2.36453
88.7613 2.57268
88.8931 2.66182
89.0248 2.4861
89.1566 1.98803
89.2883 1.47687
89.4201 0.954467
89.5518 0.516259
89.6836 0.259514
89.8153 0.0240405
89.9471 -0.181801
90.0788 -0.299449
90.2106 -0.278402
90.3423 -0.256484
90.4741 -0.370296
90.6058 -0.591697
90.7376 -1.00321
90.8693 -1.42389
91.0011 -1.74073
91.1328 -1.96365
91.2646 -2.04427
91.3964 -2.00723
91.5281 -1.83604
91.6599 -1.58519
91.7916 -1.20652
91.9234 -0.881827
92.0551 -0.535389
92.1869 -0.376301
92.3186 -0.340762
92.4504 -0.256063
92.5821 -0.0934843
92.7139 0.181718
92.8456 0.459458
92.9774 0.714443
93.1091 0.890175
93.2409 1.01164
93.3726 1.05807
93.5044 1.04421
93.6361 0.979931
93.7679 0.986361
93.8996 1.0144
94.0314 1.17255
94.1632 1.38916
94.2949 1.57711
94.4267 1.57956
94.5584 1.4388
94.6902 1.19351
94.8219 0.969425
94.9537 0.76764
95.0854 0.523754
95.2172 0.254234
95.3489 -0.0768718
95.4807 -0.357333
95.6124 -0.562211
95.7442 -0.659269
95.8759 -0.659509
96.0077 -0.647078
96.1394 -0.558382
96.2712 -0.482497
96.4029 -0.410493
96.5347 -0.380396
96.6664 -0.335175
96.7982 -0.339848
96.9299 -0.327202
97.0617 -0.330623
97.1935 -0.320654
97.3252 -0.406712
97.457 -0.529393
97.5887 -0.619616
97.7205 -0.643562
97.8522 -0.5335
97.984 -0.315342
98.1157 -0.119711
98.2475 0.00980068
98.3792 0.0373198
98.511 0.111708
98.6427 0.16018
98.7745 0.317118
98.9062 0.567209
99.038 0.812252
99.1697 0.948481
99.3015 1.02836
99.4332 1.11662
99.565 1.00085
99.6967 0.924094
99.8285 0.591575
99.9603 0.183561
100.092 -0.226072
100.224 -0.452348
100.356 -0.514005
100.487 -0.351859
100.619 -0.108197
100.751 0.140744
100.883 0.42159
101.014 0.652972
101.146 0.74436
101.278 0.679379
101.41 0.353247
101.541 -0.0661006
101.673 -0.36911
101.805 -0.485847
101.937 -0.463037
102.068 -0.345689
102.2 -0.240579
102.332 -0.200037
102.464 -0.20903
102.595 -0.322929
102.727 -0.436025
102.859 -0.543296
102.991 -0.594068
103.122 -0.513
103.254 -0.433348
103.386 -0.288448
103.518 -0.101693
103.649 0.102008
103.781 0.1988
103.913 0.285653
104.045 0.305966
104.176 0.286862
104.308 0.22233
104.44 0.192555
104.572 0.0579296
104.703 -0.0279428
104.835 -0.134804
104.967 -0.155643
105.099 -0.127744
105.23 0.00267716
105.362 0.234474
105.494 0.419865
105.626 0.653241
105.757 0.735666
105.889 0.698014
106.021 0.523833
106.153 0.221756
106.284 -0.0659194
106.416 -0.300671
106.548 -0.484545
106.68 -0.519812
106.811 -0.422624
106.943 -0.34276
107.075 -0.211115
107.207 -0.142061
107.338 -0.112118
107.47 -0.145562
107.602 -0.204422
107.734 -0.197671
107.865 -0.138299
107.997 -0.0531285
108.129 0.0571823
108.261 0.136237
108.392 0.216026
108.524 0.26122
108.656 0.231076
108.788 0.257737
108.919 0.274714
109.051 0.28592
109.183 0.257963
109.315 0.183406
109.446 0.0893704
109.578 -0.0723331
109.71 -0.279209
109.842 -0.400534
109.973 -0.445617
110.105 -0.263742
110.237 -0.158668
110.369 0.00862741
110.5 0.0480647
110.632 0.00600167
110.764 -0.0226433
110.896 -0.0139708
111.027 -0.00715683
111.159 -0.00447243
111.291 -0.0389197
111.423 -0.0292914
111.554 -0.0323344
111.686 -0.00904265
111.818 0.134977
111.95 0.214956
112.081 0.22233
112.213 0.228672
112.345 0.201611
112.477 0.127252
112.608 0.052856
112.74 -0.0468567
112.872 -0.0966109
113.004 -0.089669
113.135 -0.0425457
113.267 0.00254362
113.399 0.00608392
113.531 -0.065615
113.662 -0.260421
113.794 -0.332138
113.926 -0.303658
114.058 -0.18055
114.19 -0.072067
114.321 -0.0109874
114.453 0.0427502
114.585 0.0974098
114.717 0.12268
114.848 0.12982
114.98 0.119131
115.112 0.0442047
115.244 -0.014985
115.375 -0.0490469
115.507 -0.0339411
115.639 0.0159778
115.771 0.0736584
115.902 0.113193
116.034 0.128309
116.166 0.121095
116.298 0.107025
116.429 0.0650407
116.561 -0.00177962
116.693 -0.0888947
116.825 -0.165617
116.956 -0.214207
117.088 -0.228666
117.22 -0.207695
117.352 -0.145884
117.483 -0.0423837
117.615 0.0854741
117.747 0.201371
117.879 0.257237
118.01 0.197648
118.142 0.0924412
118.274 -0.0227655
118.406 -0.0851535
118.537 -0.0502405
118.669 0.0406283
118.801 0.117925
118.933 0.116303
119.064 0.0425521
119.196 -0.0554186
119.328 -0.119144
119.46 -0.123398
119.591 -0.139093
119.723 -0.107027
119.855 -0.0393784
119.987 0.0284105
120.118 0.0930249
120.25 0.149651
120.382 0.132235
120.514 0.137208
120.645 0.0903079
120.777 -0.00331708
120.909 -0.0691325
121.041 -0.0638789
121.172 -0.0581162
121.304 -0.0439649
121.436 -0.037735
121.568 -0.0418914
121.699 -0.0428987
121.831 -0.0217548
121.963 0.0242111
122.095 0.116726
122.226 0.22073
122.358 0.306143
122.49 0.325358
122.622 0.24724
122.753 0.146893
122.885 0.0315133
123.017 -0.0963224
123.149 -0.218921
123.28 -0.326386
123.412 -0.376286
123.544 -0.318429
123.676 -0.205107
123.807 -0.0591935
123.939 0.0722051
124.071 0.150623
124.203 0.162162
124.334 0.116436
124.466 0.0544506
124.598 -0.00474826
124.73 -0.00398395
124.861 -0.0187278
124.993 -0.013948
125.125 0.00189604
125.257 0.0280276
125.388 0.0551368
125.52 0.0733945
125.652 0.0748651
125.784 0.0665803
125.915 0.0820611
126.047 0.029243
126.179 -0.0264747
126.311 -0.0771244
126.442 -0.0981888
126.574 -0.0913514
126.706 -0.0872636
126.838 -0.100994
126.969 -0.0862444
127.101 -0.0670666
127.233 -0.0395447
127.365 -0.0143707
127.496 0.0208663
127.628 0.0246748
127.76 0.02058
127.892 0.00951531
128.023 0.0214726
128.155 0.0221149
128.287 0.014866
128.419 0.0408494
128.551 0.0646162
128.682 0.0894558
128.814 0.100114
