-6.67107 0.0377339
-6.53932 -0.0389016
-6.40756 -0.0962164
-6.27581 -0.0747291
-6.14406 0.00851848
-6.01231 0.149313
-5.88055 0.261981
-5.7488 0.293295
-5.61705 0.233904
-5.4853 0.0885098
-5.35354 -0.0176984
-5.22179 -0.0331427
-5.09004 -0.00392974
-4.95829 0.0751774
-4.82654 0.153863
-4.69478 0.129632
-4.56303 0.0195866
-4.43128 0.0131496
-4.29953 0.0242488
-4.16777 0.0215712
-4.03602 -0.0188982
-3.90427 -0.065833
-3.77252 -0.1669
-3.64076 -0.2207
-3.50901 -0.165787
-3.37726 -0.0474948
-3.24551 0.175465
-3.11376 0.300348
-2.982 0.3582
-2.85025 0.309406
-2.7185 0.144176
-2.58675 -0.00770083
-2.45499 -0.140299
-2.32324 -0.227305
-2.19149 -0.223547
-2.05974 -0.186835
-1.92798 -0.101504
-1.79623 -0.0076003
-1.66448 0.118079
-1.53273 0.197376
-1.40098 0.264788
-1.26922 0.224827
-1.13747 0.179138
-1.00572 0.0239384
-0.873967 -0.101889
-0.742214 -0.124864
-0.610462 0.00924893
-0.47871 0.118253
-0.346957 0.226393
-0.215205 0.189497
-0.0834527 0.0774611
0.0482996 0.0440792
0.180052 0.116138
0.311804 0.290632
0.443557 0.490664
0.575309 0.559395
0.707061 0.533238
0.838813 0.278498
0.970566 0.00578218
1.10232 -0.200567
1.23407 -0.255482
1.36582 -0.193323
1.49757 -0.00763596
1.62933 0.133867
1.76108 0.387707
1.89283 0.482665
2.02458 0.445745
2.15634 0.290593
2.28809 0.0224089
2.41984 -0.275736
2.55159 -0.524725
2.68335 -0.704593
2.8151 -0.791064
2.94685 -0.795688
3.0786 -0.820484
3.21035 -0.713543
3.34211 -0.406092
3.47386 0.162232
3.60561 0.811334
3.73736 1.33305
3.86912 1.61503
4.00087 1.61204
4.13262 1.42836
4.26437 1.15495
4.39613 0.877164
4.52788 0.611058
4.65963 0.315138
4.79138 -0.078388
4.92313 -0.457789
5.05489 -0.754108
5.18664 -0.940572
5.31839 -0.86996
5.45014 -0.697788
5.5819 -0.499798
5.71365 -0.270669
5.8454 -0.058303
5.97715 0.0798579
6.10891 0.149616
6.24066 0.156638
6.37241 0.104824
6.50416 -0.013264
6.63591 -0.109146
6.76767 -0.116021
6.89942 -0.0190053
7.03117 0.148459
7.16292 0.287925
7.29468 0.308633
7.42643 0.206732
7.55818 0.0162145
7.68993 -0.0648598
7.82169 -0.0094063
7.95344 0.162306
8.08519 0.325299
8.21694 0.369224
8.34869 0.27467
8.48045 0.160984
8.6122 0.0180062
8.74395 -0.0599994
8.8757 -0.0171874
9.00746 0.0277557
9.13921 0.110489
9.27096 0.244172
9.40271 0.449047
9.53447 0.67509
9.66622 0.801094
9.79797 0.825496
9.92972 0.738291
10.0615 0.516354
10.1932 0.260535
10.325 -0.0134475
10.4567 -0.244178
10.5885 -0.318038
10.7202 -0.249416
10.852 -0.112602
10.9837 0.033322
11.1155 0.0134136
11.2472 -0.150626
11.379 -0.414729
11.5108 -0.627943
11.6425 -0.675432
11.7743 -0.458979
11.906 -0.131117
12.0378 0.0194371
12.1695 -0.0270747
12.3013 -0.317181
12.433 -0.604118
12.5648 -0.682218
12.6965 -0.492042
12.8283 -0.122307
12.96 0.297391
13.0918 0.618781
13.2235 0.983552
13.3553 1.31506
13.487 1.57359
13.6188 1.66617
13.7505 1.46123
13.8823 1.12564
14.014 0.575442
14.1458 0.0433799
14.2775 -0.404989
14.4093 -0.765206
14.5411 -0.942907
14.6728 -0.891096
14.8046 -0.695156
14.9363 -0.315672
15.0681 0.0718698
15.1998 0.359753
15.3316 0.408943
15.4633 0.294922
15.5951 0.127409
15.7268 0.0642031
15.8586 0.159594
15.9903 0.28812
16.1221 0.321724
16.2538 0.326566
16.3856 0.184022
16.5173 -0.0346474
16.6491 -0.339129
16.7808 -0.589019
16.9126 -0.649171
17.0443 -0.598254
17.1761 -0.302854
17.3079 0.0299957
17.4396 0.177538
17.5714 0.216947
17.7031 0.158479
17.8349 0.16589
17.9666 0.31052
18.0984 0.577211
18.2301 0.938519
18.3619 1.22234
18.4936 1.39257
18.6254 1.38106
18.7571 1.27081
18.8889 0.980769
19.0206 0.642943
19.1524 0.241756
19.2841 -0.0956085
19.4159 -0.350672
19.5476 -0.483462
19.6794 -0.596905
19.8111 -0.744379
19.9429 -0.978865
20.0747 -1.18871
20.2064 -1.28419
20.3382 -1.22741
20.4699 -0.984458
20.6017 -0.579604
20.7334 -0.0472301
20.8652 0.573081
20.9969 1.14448
21.1287 1.51536
21.2604 1.55952
21.3922 1.27226
21.5239 0.728322
21.6557 0.167405
21.7874 -0.197642
21.9192 -0.302767
22.0509 -0.224137
22.1827 -0.0836589
22.3144 0.120971
22.4462 0.410425
22.5779 0.67576
22.7097 0.852749
22.8414 0.840394
22.9732 0.602206
23.105 0.278256
23.2367 0.0411636
23.3685 -0.00515675
23.5002 0.00469493
23.632 0.00798851
23.7637 -0.0563744
23.8955 -0.109794
24.0272 -0.0776619
24.159 0.104652
24.2907 0.24725
24.4225 0.220215
24.5542 -0.00897152
24.686 -0.325663
24.8177 -0.535774
24.9495 -0.548047
25.0812 -0.405733
25.213 -0.232097
25.3447 -0.0883524
25.4765 0.081981
25.6082 0.371805
25.74 0.644573
25.8718 0.779775
26.0035 0.630679
26.1353 0.321315
26.267 0.0665335
26.3988 0.092453
26.5305 0.386625
26.6623 0.742667
26.794 0.948672
26.9258 0.956475
27.0575 0.874719
27.1893 0.805385
27.321 0.730269
27.4528 0.538509
27.5845 0.157992
27.7163 -0.301142
27.848 -0.65901
27.9798 -0.789268
28.1115 -0.726464
28.2433 -0.620186
28.375 -0.530533
28.5068 -0.391821
28.6385 -0.145133
28.7703 0.205036
28.9021 0.498348
29.0338 0.601299
29.1656 0.532294
29.2973 0.46149
29.4291 0.535068
29.5608 0.716412
29.6926 0.767912
29.8243 0.46717
29.9561 -0.100251
30.0878 -0.639014
30.2196 -0.83996
30.3513 -0.707993
30.4831 -0.435773
30.6148 -0.260573
30.7466 -0.210763
30.8783 -0.115251
31.0101 0.203373
31.1418 0.672784
31.2736 1.05754
31.4053 1.18073
31.5371 1.11478
31.6689 1.14078
31.8006 1.45734
31.9324 1.78248
32.0641 1.84117
32.1959 1.35979
32.3276 0.479906
32.4594 -0.396751
32.5911 -0.958752
32.7229 -1.23275
32.8546 -1.44105
32.9864 -1.68712
33.1181 -1.78311
33.2499 -1.45584
33.3816 -0.692456
33.5134 0.154183
33.6451 0.621782
33.7769 0.663648
33.9086 0.491047
34.0404 0.552257
34.1721 0.920678
34.3039 1.23433
34.4357 1.0824
34.5674 0.512539
34.6992 -0.0344079
34.8309 -0.0386048
34.9627 0.426228
35.0944 0.759592
35.2262 0.295276
35.3579 -0.973084
35.4897 -2.41665
35.6214 -3.35323
35.7532 -3.61368
35.8849 -3.41778
36.0167 -2.55462
36.1484 -0.109524
36.2802 5.159
36.4119 13.0089
36.5437 20.575
36.6754 22.905
36.8072 15.4923
36.9389 -2.76089
37.0707 -27.8906
37.2024 -51.8962
37.3342 -65.8015
37.466 -63.1564
37.5977 -42.044
37.7295 -5.97579
37.8612 36.6911
37.993 74.4061
38.1247 95.3437
38.2565 91.4761
38.3882 62.4597
38.52 16.9337
38.6517 -30.4364
38.7835 -65.3509
38.9152 -80.2688
39.047 -76.8829
39.1787 -63.189
39.3105 -47.3853
39.4422 -32.984
39.574 -18.3447
39.7057 -0.290982
39.8375 21.5797
39.9692 43.4392
40.101 59.4973
40.2328 65.7778
40.3645 62.2358
40.4963 51.8195
40.628 37.7851
40.7598 21.8028
40.8915 4.26423
41.0233 -14.0167
41.155 -30.7206
41.2868 -42.7683
41.4185 -48.2218
41.5503 -47.546
41.682 -43.0603
41.8138 -37.0929
41.9455 -30.475
42.0773 -22.5917
42.209 -12.7303
42.3408 -1.35497
42.4725 9.82748
42.6043 18.9889
42.736 25.3198
42.8678 29.2429
42.9996 31.6034
43.1313 32.7096
43.2631 32.1741
43.3948 29.4109
43.5266 24.3935
43.6583 17.7939
43.7901 10.5034
43.9218 3.07034
44.0536 -4.38522
44.1853 -11.7572
44.3171 -18.5273
44.4488 -23.7994
44.5806 -26.8426
44.7123 -27.4824
44.8441 -26.3381
44.9758 -24.2154
45.1076 -21.6418
45.2393 -18.6465
45.3711 -14.9596
45.5028 -10.5062
45.6346 -5.45272
45.7663 -0.201044
45.8981 4.85848
46.0299 9.49811
46.1616 13.5174
46.2934 16.8297
46.4251 19.3275
46.5569 20.8819
46.6886 21.4711
46.8204 21.1099
46.9521 19.7768
47.0839 17.4433
47.2156 14.1923
47.3474 10.1335
47.4791 5.63298
47.6109 1.07593
47.7426 -3.24134
47.8744 -7.17917
48.0061 -10.6717
48.1379 -13.6171
48.2696 -15.8453
48.4014 -17.1767
48.5331 -17.6067
48.6649 -17.2717
48.7967 -16.4294
48.9284 -15.3343
49.0602 -14.0899
49.1919 -12.5773
49.3237 -10.581
49.4554 -7.85584
49.5872 -4.28646
49.7189 0.0570021
49.8507 4.84295
49.9824 9.43076
50.1142 13.0983
50.2459 15.2625
50.3777 15.5686
50.5094 14.3368
50.6412 12.2984
50.7729 10.321
50.9047 8.9864
51.0364 8.48467
51.1682 8.44852
51.2999 8.38128
51.4317 7.92428
51.5635 7.02703
51.6952 5.84094
51.827 4.43057
51.9587 2.7348
52.0905 0.45025
52.2222 -2.60384
52.354 -6.26413
52.4857 -10.0069
52.6175 -13.1922
52.7492 -15.3891
52.881 -16.538
53.0127 -16.8364
53.1445 -16.5042
53.2762 -15.5578
53.408 -13.9053
53.5397 -11.5094
53.6715 -8.54888
53.8032 -5.38553
53.935 -2.33513
54.0667 0.462525
54.1985 3.03267
54.3302 5.41504
54.462 7.54976
54.5938 9.30528
54.7255 10.6268
54.8573 11.6244
54.989 12.5034
55.1208 13.2986
55.2525 13.7939
55.3843 13.654
55.516 12.5681
55.6478 10.5434
55.7795 7.91983
55.9113 5.18071
56.043 2.70093
56.1748 0.614523
56.3065 -1.18592
56.4383 -2.73068
56.57 -4.14767
56.7018 -5.47511
56.8335 -6.70088
56.9653 -7.7526
57.097 -8.49153
57.2288 -8.73783
57.3606 -8.49235
57.4923 -7.8696
57.6241 -7.19887
57.7558 -6.76609
57.8876 -6.66633
58.0193 -6.69508
58.1511 -6.49198
58.2828 -5.95029
58.4146 -4.94319
58.5463 -3.63877
58.6781 -2.18884
58.8098 -0.672698
58.9416 0.833988
59.0733 2.22717
59.2051 3.38474
59.3368 4.25698
59.4686 4.93527
59.6003 5.6455
59.7321 6.62193
59.8638 7.74311
59.9956 8.70694
60.1274 9.13127
60.2591 8.88986
60.3909 8.13793
60.5226 7.23902
60.6544 6.48891
60.7861 5.91953
60.9179 5.31872
61.0496 4.43373
61.1814 3.15922
61.3131 1.61944
61.4449 0.0304129
61.5766 -1.46594
61.7084 -2.87441
61.8401 -4.2957
61.9719 -5.77653
62.1036 -7.25497
62.2354 -8.5412
62.3671 -9.43436
62.4989 -9.81901
62.6306 -9.69971
62.7624 -9.16286
62.8941 -8.30182
63.0259 -7.2321
63.1577 -6.09778
63.2894 -4.82729
63.4212 -3.4555
63.5529 -2.005
63.6847 -0.496539
63.8164 1.02455
63.9482 2.44212
64.0799 3.61159
64.2117 4.47012
64.3434 5.07509
64.4752 5.44292
64.6069 5.73137
64.7387 5.99464
64.8704 6.25207
65.0022 6.43587
65.1339 6.44969
65.2657 6.25544
65.3974 5.86705
65.5292 5.35153
65.6609 4.77605
65.7927 4.14726
65.9245 3.4168
66.0562 2.54361
66.188 1.55756
66.3197 0.594048
66.4515 -0.207494
66.5832 -0.791496
66.715 -1.24119
66.8467 -1.72136
66.9785 -2.36693
67.1102 -3.19517
67.242 -4.05902
67.3737 -4.78075
67.5055 -5.25184
67.6372 -5.48147
67.769 -5.55116
67.9007 -5.53192
68.0325 -5.43465
68.1642 -5.25304
68.296 -4.96256
68.4277 -4.56654
68.5595 -4.09568
68.6913 -3.51672
68.823 -2.76608
68.9548 -1.85049
69.0865 -0.709383
69.2183 0.513843
69.35 1.69278
69.4818 2.69878
69.6135 3.51246
69.7453 4.1243
69.877 4.6402
70.0088 5.15891
70.1405 5.62509
70.2723 6.00542
70.404 6.21141
70.5358 6.08464
70.6675 5.53712
70.7993 4.59679
70.931 3.4843
71.0628 2.5916
71.1945 2.30613
71.3263 2.78022
71.458 3.73905
71.5898 4.51164
71.7216 4.25025
71.8533 2.37651
71.9851 -1.06325
72.1168 -5.26424
72.2486 -8.90575
72.3803 -10.6776
72.5121 -9.90521
72.6438 -6.89805
72.7756 -2.8648
72.9073 0.629395
73.0391 2.36999
73.1708 2.00472
73.3026 0.0748264
73.4343 -2.37986
73.5661 -4.40134
73.6978 -5.55695
73.8296 -5.88744
73.9613 -5.71069
74.0931 -5.26281
74.2248 -4.56824
74.3566 -3.49198
74.4884 -1.96953
74.6201 -0.161022
74.7519 1.66186
74.8836 3.24142
75.0154 4.46871
75.1471 5.33044
75.2789 5.87425
75.4106 6.10352
75.5424 5.98931
75.6741 5.59311
75.8059 5.03915
75.9376 4.5126
76.0694 4.13817
76.2011 3.93299
76.3329 3.78231
76.4646 3.52622
76.5964 3.06237
76.7281 2.36043
76.8599 1.50043
76.9916 0.525988
77.1234 -0.50933
77.2552 -1.48924
77.3869 -2.30611
77.5187 -2.89484
77.6504 -3.16745
77.7822 -3.23426
77.9139 -3.27481
78.0457 -3.43091
78.1774 -3.7618
78.3092 -4.09812
78.4409 -4.2635
78.5727 -4.09382
78.7044 -3.66036
78.8362 -3.08446
78.9679 -2.52855
79.0997 -2.0629
79.2314 -1.63016
79.3632 -1.10766
79.4949 -0.401854
79.6267 0.421472
79.7584 1.27634
79.8902 1.92664
80.0219 2.28806
80.1537 2.34182
80.2855 2.14929
80.4172 1.82027
80.549 1.48443
80.6807 1.26623
80.8125 1.2585
80.9442 1.47814
81.076 1.84768
81.2077 2.28363
81.3395 2.67726
81.4712 2.97226
81.603 3.17755
81.7347 3.28429
81.8665 3.28443
81.9982 3.09907
82.13 2.7411
82.2617 2.25806
82.3935 1.751
82.5252 1.30071
82.657 0.932631
82.7887 0.562531
82.9205 0.0938727
83.0523 -0.530524
83.184 -1.25926
83.3158 -1.9924
83.4475 -2.61238
83.5793 -3.16311
83.711 -3.58616
83.8428 -3.8637
83.9745 -3.97949
84.1063 -3.95844
84.238 -3.84547
84.3698 -3.72704
84.5015 -3.60407
84.6333 -3.39422
84.765 -2.9483
84.8968 -2.14148
85.0285 -1.05881
85.1603 0.146418
85.292 1.22377
85.4238 2.02049
85.5555 2.50826
85.6873 2.72178
85.8191 2.72873
85.9508 2.63742
86.0826 2.52733
86.2143 2.4602
86.3461 2.49625
86.4778 2.64074
86.6096 2.87956
86.7413 3.01327
86.8731 2.97584
87.0048 2.87425
87.1366 2.71507
87.2683 2.49562
87.4001 2.12606
87.5318 1.62221
87.6636 1.00353
87.7953 0.395677
87.9271 -0.115138
88.0588 -0.411366
88.1906 -0.605115
88.3223 -0.837907
88.4541 -1.20816
88.5858 -1.61042
88.7176 -1.90483
88.8494 -2.07647
88.9811 -2.16612
89.1129 -2.26775
89.2446 -2.43512
89.3764 -2.63383
89.5081 -2.69604
89.6399 -2.53523
89.7716 -2.20818
89.9034 -1.8353
90.0351 -1.51226
90.1669 -1.18475
90.2986 -0.796853
90.4304 -0.27661
90.5621 0.360981
90.6939 0.932781
90.8256 1.3762
90.9574 1.51302
91.0891 1.54465
91.2209 1.54832
91.3526 1.54878
91.4844 1.54838
91.6162 1.51738
91.7479 1.43619
91.8797 1.32974
92.0114 1.31096
92.1432 1.2863
92.2749 1.24333
92.4067 1.27101
92.5384 1.27767
92.6702 1.32727
92.8019 1.35581
92.9337 1.32522
93.0654 1.17976
93.1972 0.919792
93.3289 0.532496
93.4607 0.163662
93.5924 -0.133663
93.7242 -0.387096
93.8559 -0.614584
93.9877 -0.88058
94.1194 -1.15536
94.2512 -1.39711
94.383 -1.55796
94.5147 -1.57237
94.6465 -1.49656
94.7782 -1.3501
94.91 -1.11333
95.0417 -0.868322
95.1735 -0.654575
95.3052 -0.428495
95.437 -0.216137
95.5687 -0.183735
95.7005 -0.223016
95.8322 -0.293755
95.964 -0.354013
96.0957 -0.378049
96.2275 -0.227439
96.3592 0.0660325
96.491 0.423197
96.6227 0.767564
96.7545 0.891355
96.8862 0.884231
97.018 0.718882
97.1497 0.53841
97.2815 0.479117
97.4133 0.490036
97.545 0.581453
97.6768 0.71427
97.8085 0.8351
97.9403 0.9946
98.072 1.14054
98.2038 1.23152
98.3355 1.14483
98.4673 0.894819
98.599 0.457895
98.7308 0.0125833
98.8625 -0.423345
98.9943 -0.631948
99.126 -0.674502
99.2578 -0.606554
99.3895 -0.539654
99.5213 -0.414983
99.653 -0.392835
99.7848 -0.393622
99.9165 -0.422219
100.048 -0.465333
100.18 -0.395024
100.312 -0.190429
100.444 0.0723219
100.575 0.319443
100.707 0.360093
100.839 0.345536
100.971 0.223421
101.102 0.0883048
101.234 -0.0480606
101.366 -0.147444
101.498 -0.244712
101.629 -0.184147
101.761 -0.136355
101.893 0.0978192
102.025 0.348075
102.156 0.45625
102.288 0.375955
102.42 0.130541
102.552 -0.167294
102.683 -0.377529
102.815 -0.467263
102.947 -0.443012
103.079 -0.216368
103.21 0.0882872
103.342 0.420228
103.474 0.644017
103.606 0.753522
103.737 0.747466
103.869 0.634173
104.001 0.516782
104.133 0.443034
104.264 0.436789
104.396 0.41307
104.528 0.283405
104.66 0.0571451
104.791 -0.116183
104.923 -0.188238
105.055 -0.100353
105.187 0.129589
105.318 0.253154
105.45 0.298987
105.582 0.269481
105.714 0.151212
105.845 0.00322332
105.977 -0.129665
106.109 -0.283777
106.241 -0.469616
106.372 -0.638739
106.504 -0.69009
106.636 -0.629342
106.768 -0.497926
106.899 -0.35251
107.031 -0.24274
107.163 -0.15566
107.295 -0.0557217
107.426 0.0552809
107.558 0.188953
107.69 0.221256
107.822 0.18187
107.953 0.0861
108.085 -0.0134536
108.217 -0.0959461
108.349 -0.171942
108.48 -0.289861
108.612 -0.3032
108.744 -0.195783
108.876 -0.0142558
109.007 0.270011
109.139 0.506551
109.271 0.622532
109.403 0.610362
109.534 0.552113
109.666 0.554478
109.798 0.544823
109.93 0.452833
110.061 0.288226
110.193 0.0342416
110.325 -0.17781
110.457 -0.270585
110.588 -0.288162
110.72 -0.239293
110.852 -0.151988
110.984 -0.108389
111.115 -0.05462
111.247 -0.0502756
111.379 -0.0608356
111.511 -0.0750886
111.643 -0.0607347
111.774 -0.0892566
111.906 -0.13046
112.038 -0.0830523
112.17 -0.0388325
112.301 0.0993233
112.433 0.255524
112.565 0.378715
112.697 0.431805
112.828 0.393503
112.96 0.257237
113.092 0.118761
113.224 -0.116844
113.355 -0.308261
113.487 -0.423129
113.619 -0.456663
113.751 -0.369723
113.882 -0.342268
114.014 -0.212277
114.146 -0.103904
114.278 -0.00739827
114.409 0.109038
114.541 0.187897
114.673 0.237082
114.805 0.368491
114.936 0.469732
115.068 0.533902
115.2 0.468832
115.332 0.331323
115.463 0.146416
115.595 0.0193233
115.727 -0.0306618
115.859 -0.0339218
115.99 0.0125083
116.122 0.0757281
116.254 0.00137719
116.386 -0.0737811
116.517 -0.139842
116.649 -0.101563
116.781 -0.0339685
116.913 -0.0243869
117.044 0.0288108
117.176 -0.0367417
117.308 -0.106091
117.44 -0.0696885
117.571 -0.0593253
117.703 -0.0309679
117.835 -0.0194739
117.967 0.00667053
118.098 0.0552987
118.23 0.0404604
118.362 -0.000502206
118.494 -0.100511
118.625 -0.176552
118.757 -0.261827
118.889 -0.241955
119.021 -0.232015
119.152 -0.17792
119.284 -0.131597
119.416 -0.0423813
119.548 0.047131
119.679 0.148981
119.811 0.200946
119.943 0.210979
120.075 0.136577
120.206 0.026547
120.338 -0.0382164
120.47 -0.0489359
120.602 -0.00641353
120.733 0.0664524
120.865 0.128171
120.997 0.188857
121.129 0.228688
121.26 0.22429
121.392 0.153959
121.524 0.0864717
121.656 0.0286508
121.787 -0.0243703
121.919 -0.0720192
122.051 -0.105396
122.183 -0.102003
122.314 -0.112782
122.446 -0.164402
122.578 -0.180113
122.71 -0.186943
122.841 -0.177652
122.973 -0.119015
123.105 -0.0397329
123.237 0.0277668
123.368 0.029148
123.5 0.02568
123.632 -0.0238744
123.764 -0.0688844
123.895 -0.0815361
124.027 -0.0237857
124.159 0.0223309
124.291 0.081982
124.422 0.105924
124.554 0.0947304
124.686 0.0828452
124.818 0.078383
124.949 0.0803708
125.081 0.0659954
125.213 0.0430125
125.345 0.0411471
125.476 0.0696092
125.608 0.0796365
125.74 0.118018
125.872 0.116797
126.004 0.105614
126.135 0.0544108
126.267 0.00973073
126.399 -0.0312157
126.531 -0.0529741
126.662 -0.0559265
126.794 -0.0555289
126.926 -0.0674732
127.058 -0.0913267
127.189 -0.101504
127.321 -0.0801094
127.453 -0.0314358
127.585 0.0352917
127.716 0.0797445
127.848 0.099582
127.98 0.0947046
128.112 0.068707
