-7.99287 -0.0287955
-7.86112 -0.0700038
-7.72937 -0.0903231
-7.59762 -0.135935
-7.46587 -0.146545
-7.33411 -0.108338
-7.20236 -0.00294095
-7.07061 0.11103
-6.93886 0.225389
-6.8071 0.198005
-6.67535 0.100719
-6.5436 -0.0459748
-6.41185 -0.123255
-6.28009 -0.169879
-6.14834 -0.181309
-6.01659 -0.143837
-5.88484 -0.108883
-5.75309 -0.107081
-5.62133 -0.147718
-5.48958 -0.14045
-5.35783 -0.0842103
-5.22608 -0.111267
-5.09432 -0.104088
-4.96257 -0.0326359
-4.83082 0.0697342
-4.69907 0.191011
-4.56731 0.350457
-4.43556 0.348427
-4.30381 0.283985
-4.17206 0.173368
-4.04031 0.0762862
-3.90855 -0.0446337
-3.7768 -0.131917
-3.64505 -0.228626
-3.5133 -0.246564
-3.38154 -0.18847
-3.24979 -0.0119681
-3.11804 0.118584
-2.98629 0.234254
-2.85453 0.380571
-2.72278 0.535097
-2.59103 0.644656
-2.45928 0.606966
-2.32753 0.492694
-2.19577 0.240686
-2.06402 -0.0309561
-1.93227 -0.232222
-1.80052 -0.336342
-1.66876 -0.263703
-1.53701 -0.0877973
-1.40526 0.05996
-1.27351 0.0770341
-1.14175 -0.0160211
-1.01 -0.187481
-0.87825 -0.227287
-0.746497 -0.130536
-0.614745 0.00754099
-0.482993 0.215151
-0.351241 0.27419
-0.219488 0.117912
-0.087736 -0.0982248
0.0440163 -0.345155
0.175769 -0.433851
0.307521 -0.324754
0.439273 -0.122889
0.571026 0.141005
0.702778 0.307745
0.83453 0.375451
0.966282 0.321363
1.09803 0.229056
1.22979 0.167885
1.36154 0.110166
1.49329 0.022102
1.62504 -0.0490918
1.7568 -0.0594442
1.88855 0.0968853
2.0203 0.24706
2.15205 0.524814
2.28381 0.795417
2.41556 1.02659
2.54731 1.15247
2.67906 1.12492
2.81081 0.945026
2.94257 0.573353
3.07432 0.211839
3.20607 0.0273434
3.33782 -0.00786034
3.46958 0.0249952
3.60133 -0.0482755
3.73308 -0.27896
3.86483 -0.625126
3.99659 -0.944492
4.12834 -1.067
4.26009 -0.907161
4.39184 -0.705382
4.52359 -0.42949
4.65535 -0.217813
4.7871 -0.073716
4.91885 0.118882
5.0506 0.335359
5.18236 0.504518
5.31411 0.579262
5.44586 0.571453
5.57761 0.486149
5.70937 0.467584
5.84112 0.460299
5.97287 0.465062
6.10462 0.38542
6.23637 0.280797
6.36813 0.17814
6.49988 0.242433
6.63163 0.318641
6.76338 0.430316
6.89514 0.576716
7.02689 0.704049
7.15864 0.726654
7.29039 0.661092
7.42215 0.520889
7.5539 0.176057
7.68565 -0.20989
7.8174 -0.464742
7.94915 -0.559749
8.08091 -0.364123
8.21266 -0.0760356
8.34441 0.189634
8.47616 0.330863
8.60792 0.313599
8.73967 0.229895
8.87142 0.0224547
9.00317 -0.154325
9.13493 -0.350693
9.26668 -0.437007
9.39843 -0.28224
9.53018 0.110726
9.66193 0.547836
9.79369 0.748922
9.92544 0.676425
10.0572 0.414108
10.1889 0.156403
10.3207 0.0444177
10.4524 0.0407848
10.5842 0.042484
10.716 -0.0387978
10.8477 -0.160221
10.9795 -0.238028
11.1112 -0.229319
11.243 -0.174189
11.3747 -0.0903633
11.5065 -0.111557
11.6382 -0.108075
11.77 -0.0970856
11.9017 0.0534417
12.0335 0.268451
12.1652 0.491572
12.297 0.640346
12.4287 0.730788
12.5605 0.821182
12.6922 0.946205
12.824 1.00005
12.9557 0.850538
13.0875 0.505348
13.2192 0.0354304
13.351 -0.274016
13.4828 -0.337729
13.6145 -0.279557
13.7463 -0.243164
13.878 -0.27353
14.0098 -0.350201
14.1415 -0.359667
14.2733 -0.205962
14.405 -0.0251747
14.5368 0.244774
14.6685 0.426302
14.8003 0.457405
14.932 0.471927
15.0638 0.426247
15.1955 0.276902
15.3273 0.0562402
15.459 -0.151716
15.5908 -0.258789
15.7225 -0.263942
15.8543 -0.0940547
15.986 0.145036
16.1178 0.458212
16.2495 0.688172
16.3813 0.826683
16.5131 0.839114
16.6448 0.705252
16.7766 0.461601
16.9083 0.136272
17.0401 -0.0393804
17.1718 -0.00648399
17.3036 0.215784
17.4353 0.412536
17.5671 0.452041
17.6988 0.195329
17.8306 -0.20026
17.9623 -0.484954
18.0941 -0.538697
18.2258 -0.341213
18.3576 0.0603691
18.4893 0.495581
18.6211 0.969669
18.7528 1.3051
18.8846 1.37718
19.0163 1.07604
19.1481 0.454386
19.2799 -0.220231
19.4116 -0.697051
19.5434 -0.810502
19.6751 -0.623681
19.8069 -0.326617
19.9386 0.0119129
20.0704 0.413787
20.2021 0.808017
20.3339 1.07237
20.4656 1.08552
20.5974 0.746696
20.7291 0.241993
20.8609 -0.123665
20.9926 -0.177669
21.1244 0.0110402
21.2561 0.200225
21.3879 0.197478
21.5196 0.0427929
21.6514 -0.0899647
21.7831 -0.0755202
21.9149 0.0878455
22.0467 0.190155
22.1784 0.129079
22.3102 0.0141232
22.4419 0.101427
22.5737 0.471486
22.7054 0.992856
22.8372 1.38977
22.9689 1.49292
23.1007 1.36717
23.2324 1.20194
23.3642 1.08963
23.4959 0.93237
23.6277 0.577534
23.7594 0.0343725
23.8912 -0.46938
24.0229 -0.668593
24.1547 -0.505531
24.2864 -0.18955
24.4182 -0.00719561
24.5499 -0.0716552
24.6817 -0.258521
24.8134 -0.377016
24.9452 -0.381073
25.077 -0.391677
25.2087 -0.514417
25.3405 -0.665325
25.4722 -0.614723
25.604 -0.221588
25.7357 0.387268
25.8675 0.89798
25.9992 1.08796
26.131 1.02477
26.2627 0.979501
26.3945 1.13987
26.5262 1.41758
26.658 1.52433
26.7897 1.35021
26.9215 0.987453
27.0532 0.678869
27.185 0.523588
27.3167 0.339064
27.4485 -0.10693
27.5802 -0.81219
27.712 -1.4447
27.8438 -1.59999
27.9755 -1.16973
28.1073 -0.451867
28.239 0.119803
28.3708 0.364585
28.5025 0.475566
28.6343 0.757172
28.766 1.25824
28.8978 1.68656
29.0295 1.69656
29.1613 1.24925
29.293 0.664636
29.4248 0.30757
29.5565 0.235108
29.6883 0.20235
29.82 -0.104094
29.9518 -0.59529
30.0835 -0.903867
30.2153 -0.749173
30.347 -0.261119
30.4788 0.113845
30.6106 0.0518774
30.7423 -0.309932
30.8741 -0.497668
31.0058 -0.178808
31.1376 0.487351
31.2693 0.990966
31.4011 0.969338
31.5328 0.557543
31.6646 0.236612
31.7963 0.339934
31.9281 0.728135
32.0598 0.961105
32.1916 0.77323
32.3233 0.344128
32.4551 0.0835759
32.5868 0.174539
32.7186 0.379527
32.8503 0.327527
32.9821 -0.0336556
33.1138 -0.332922
33.2456 -0.165535
33.3773 0.427834
33.5091 0.930827
33.6409 0.850596
33.7726 0.245609
33.9044 -0.292806
34.0361 -0.229925
34.1679 0.344705
34.2996 0.782869
34.4314 0.555285
34.5631 -0.187752
34.6949 -0.700076
34.8266 -0.428675
34.9584 0.375439
35.0901 0.851183
35.2219 0.412902
35.3536 -0.627465
35.4854 -1.3008
35.6171 -0.941788
35.7489 0.124421
35.8806 0.899754
36.0124 0.74643
36.1441 0.075075
36.2759 -0.0623341
36.4077 0.899148
36.5394 2.34807
36.6712 2.99855
36.8029 2.10175
36.9347 0.103622
37.0664 -1.96113
37.1982 -3.66113
37.3299 -5.47705
37.4617 -7.75489
37.5934 -8.96506
37.7252 -5.75
37.8569 4.7041
37.9887 21.2323
38.1204 37.0562
38.2522 42.059
38.3839 27.9899
38.5157 -6.13503
38.6474 -51.9642
38.7792 -94.2299
38.9109 -116.38
39.0427 -106.855
39.1745 -63.77
39.3062 3.34075
39.438 75.4103
39.5697 129.543
39.7015 147.404
39.8332 123.154
39.965 66.663
40.0967 -0.740505
40.2285 -56.4693
40.3602 -87.1809
40.492 -93.228
40.6237 -84.6569
40.7555 -72.2551
40.8872 -60.4366
41.019 -46.7445
41.1507 -27.1397
41.2825 -1.7395
41.4142 24.0549
41.546 43.5613
41.6777 53.881
41.8095 57.3436
41.9412 58.2979
42.073 58.564
42.2048 55.8808
42.3365 46.6262
42.4683 29.9864
42.6 9.49757
42.7318 -9.47135
42.8635 -23.8258
42.9953 -34.5371
43.127 -44.5204
43.2588 -54.7556
43.3905 -62.4336
43.5223 -62.9403
43.654 -53.8785
43.7858 -37.4717
43.9175 -19.2382
44.0493 -4.1951
44.181 6.10004
44.3128 13.3894
44.4445 20.0824
44.5763 26.8234
44.708 32.3289
44.8398 35.1734
44.9716 35.4366
45.1033 34.555
45.2351 33.6975
45.3668 32.4463
45.4986 29.1473
45.6303 22.5509
45.7621 13.1123
45.8938 2.73572
46.0256 -6.68864
46.1573 -14.4988
46.2891 -21.1555
46.4208 -27.1259
46.5526 -32.01
46.6843 -34.7893
46.8161 -34.8541
46.9478 -32.6836
47.0796 -29.4645
47.2113 -26.0482
47.3431 -22.3073
47.4748 -17.5089
47.6066 -11.2795
47.7384 -4.16298
47.8701 2.76826
48.0019 8.81195
48.1336 14.1081
48.2654 19.2134
48.3971 24.2365
48.5289 28.4349
48.6606 30.7067
48.7924 30.5084
48.9241 28.3122
49.0559 25.1688
49.1876 21.8077
49.3194 18.1346
49.4511 13.5692
49.5829 7.87935
49.7146 1.63839
49.8464 -4.07458
49.9781 -8.49439
50.1099 -11.7405
50.2416 -14.6444
50.3734 -18.0095
50.5051 -21.9403
50.6369 -25.7454
50.7687 -28.3883
50.9004 -29.0493
51.0322 -27.4015
51.1639 -23.5609
51.2957 -17.9509
51.4274 -11.2685
51.5592 -4.49306
51.6909 1.27104
51.8227 5.17833
51.9544 7.04725
52.0862 7.46407
52.2179 7.45348
52.3497 7.91658
52.4814 9.21827
52.6132 11.1771
52.7449 13.3877
52.8767 15.5685
53.0084 17.6559
53.1402 19.6197
53.2719 21.2153
53.4037 21.9262
53.5355 21.177
53.6672 18.6614
53.799 14.5384
53.9307 9.35521
54.0625 3.76792
54.1942 -1.72151
54.326 -6.86246
54.4577 -11.493
54.5895 -15.408
54.7212 -18.3371
54.853 -20.0996
54.9847 -20.7821
55.1165 -20.743
55.2482 -20.3865
55.38 -19.8627
55.5117 -18.9441
55.6435 -17.2068
55.7752 -14.3914
55.907 -10.6601
56.0387 -6.53901
56.1705 -2.59611
56.3023 0.883206
56.434 3.96874
56.5658 6.87938
56.6975 9.70186
56.8293 12.2759
56.961 14.3135
57.0928 15.6112
57.2245 16.1584
57.3563 16.0789
57.488 15.5052
57.6198 14.5231
57.7515 13.2133
57.8833 11.6955
58.015 10.0854
58.1468 8.39739
58.2785 6.51894
58.4103 4.33185
58.542 1.92249
58.6738 -0.45497
58.8055 -2.38471
58.9373 -3.65114
59.069 -4.39329
59.2008 -5.02245
59.3326 -5.94409
59.4643 -7.30236
59.5961 -8.92823
59.7278 -10.4927
59.8596 -11.6905
59.9913 -12.3456
60.1231 -12.4051
60.2548 -11.9161
60.3866 -11.0365
60.5183 -10.0242
60.6501 -9.1241
60.7818 -8.37502
60.9136 -7.49419
61.0453 -5.99687
61.1771 -3.5304
61.3088 -0.193078
61.4406 3.42715
61.5723 6.55944
61.7041 8.69078
61.8358 9.81615
61.9676 10.328
62.0994 10.6635
62.2311 11.0072
62.3629 11.2424
62.4946 11.1782
62.6264 10.7779
62.7581 10.2123
62.8899 9.70837
63.0216 9.36286
63.1534 8.98595
63.2851 8.29927
63.4169 7.05893
63.5486 5.20882
63.6804 2.89819
63.8121 0.392164
63.9439 -2.05262
64.0756 -4.27539
64.2074 -6.22556
64.3391 -7.91143
64.4709 -9.32553
64.6026 -10.4036
64.7344 -11.0521
64.8662 -11.2255
64.9979 -10.9851
65.1297 -10.4757
65.2614 -9.82545
65.3932 -9.05287
65.5249 -8.06963
65.6567 -6.78849
65.7884 -5.2399
65.9202 -3.5834
66.0519 -1.99413
66.1837 -0.529064
66.3154 0.89359
66.4472 2.37306
66.5789 3.87719
66.7107 5.21826
66.8424 6.19167
66.9742 6.75519
67.1059 7.07736
67.2377 7.40126
67.3694 7.84379
67.5012 8.31219
67.6329 8.60654
67.7647 8.60074
67.8965 8.32722
68.0282 7.89583
68.16 7.3462
68.2917 6.59372
68.4235 5.52542
68.5552 4.14235
68.687 2.59661
68.8187 1.08132
68.9505 -0.314127
69.0822 -1.63492
69.214 -2.94771
69.3457 -4.20477
69.4775 -5.23293
69.6092 -5.86801
69.741 -6.10525
69.8727 -6.1028
70.0045 -6.10457
70.1362 -6.1878
70.268 -6.28078
70.3997 -6.2579
70.5315 -6.07205
70.6633 -5.78146
70.795 -5.45975
70.9268 -5.09774
71.0585 -4.60388
71.1903 -3.89575
71.322 -2.97751
71.4538 -1.92101
71.5855 -0.783383
71.7173 0.42941
71.849 1.6953
71.9808 2.8753
72.1125 3.71514
72.2443 4.00655
72.376 3.8076
72.5078 3.53528
72.6395 3.81535
72.7713 5.14708
72.903 7.56987
73.0348 10.5177
73.1665 12.9428
73.2983 13.6763
73.4301 11.9148
73.5618 7.66906
73.6936 1.96381
73.8253 -3.39909
73.9571 -6.53571
74.0888 -6.36847
74.2206 -3.22555
74.3523 1.26109
74.4841 4.9737
74.6158 6.3781
74.7476 5.18745
74.8793 2.24088
75.0111 -1.22665
75.1428 -4.34366
75.2746 -6.87384
75.4063 -8.93577
75.5381 -10.5508
75.6698 -11.4682
75.8016 -11.3882
75.9333 -10.3123
76.0651 -8.64417
76.1968 -6.92616
76.3286 -5.45332
76.4604 -4.11599
76.5921 -2.60465
76.7239 -0.776106
76.8556 1.15482
76.9874 2.76077
77.1191 3.74168
77.2509 4.15825
77.3826 4.37191
77.5144 4.76281
77.6461 5.4649
77.7779 6.30836
77.9096 6.97163
78.0414 7.19612
78.1731 6.91378
78.3049 6.24211
78.4366 5.39806
78.5684 4.60108
78.7001 4.00003
78.8319 3.62974
78.9636 3.40478
79.0954 3.16216
79.2272 2.74315
79.3589 2.0708
79.4907 1.17523
79.6224 0.157726
79.7542 -0.868015
79.8859 -1.81099
80.0177 -2.60422
80.1494 -3.1997
80.2812 -3.58103
80.4129 -3.78071
80.5447 -3.86857
80.6764 -3.9043
80.8082 -3.89381
80.9399 -3.79821
81.0717 -3.59405
81.2034 -3.3231
81.3352 -3.06932
81.4669 -2.87274
81.5987 -2.66569
81.7304 -2.31193
81.8622 -1.73504
81.994 -1.02532
82.1257 -0.414768
82.2575 -0.119155
82.3892 -0.168463
82.521 -0.366452
82.6527 -0.415741
82.7845 -0.11009
82.9162 0.550366
83.048 1.38991
83.1797 2.18493
83.3115 2.78373
83.4432 3.15307
83.575 3.35937
83.7067 3.52529
83.8385 3.78
83.9702 4.19763
84.102 4.73538
84.2337 5.21952
84.3655 5.4217
84.4972 5.19814
84.629 4.59151
84.7607 3.80266
84.8925 3.04263
85.0243 2.38548
85.156 1.6926
85.2878 0.966304
85.4195 0.15609
85.5513 -0.61343
85.683 -1.20039
85.8148 -1.59203
85.9465 -1.93896
86.0783 -2.43889
86.21 -3.17285
86.3418 -4.03801
86.4735 -4.82558
86.6053 -5.35978
86.737 -5.57427
86.8688 -5.48358
87.0005 -5.11583
87.1323 -4.49586
87.264 -3.6895
87.3958 -2.83536
87.5275 -2.09695
87.6593 -1.5585
87.7911 -1.16142
87.9228 -0.750202
88.0546 -0.192107
88.1863 0.53573
88.3181 1.36085
88.4498 2.1956
88.5816 2.98817
88.7133 3.6984
88.8451 4.2486
88.9768 4.54852
89.1086 4.54895
89.2403 4.37139
89.3721 4.15643
89.5038 4.07955
89.6356 4.071
89.7673 3.95331
89.8991 3.61874
90.0308 3.16675
90.1626 2.85177
90.2943 2.76325
90.4261 2.75829
90.5579 2.4219
90.6896 1.56929
90.8214 0.145253
90.9531 -1.43969
91.0849 -2.75961
91.2166 -3.60686
91.3484 -3.81005
91.4801 -3.78773
91.6119 -3.56806
91.7436 -3.25228
91.8754 -2.7881
92.0071 -2.33781
92.1389 -1.97733
92.2706 -1.88329
92.4024 -1.95151
92.5341 -2.02488
92.6659 -1.91653
92.7976 -1.63008
92.9294 -1.27841
93.0611 -1.04498
93.1929 -0.830572
93.3246 -0.58862
93.4564 -0.201756
93.5882 0.225197
93.7199 0.619759
93.8517 0.871679
93.9834 0.985763
94.1152 1.13936
94.2469 1.46771
94.3787 1.96163
94.5104 2.41758
94.6422 2.74491
94.7739 3.08324
94.9057 3.36675
95.0374 3.54581
95.1692 3.52263
95.3009 3.16416
95.4327 2.43915
95.5644 1.71183
95.6962 1.1063
95.8279 0.712655
95.9597 0.394163
96.0914 0.033522
96.2232 -0.485697
96.355 -1.01081
96.4867 -1.4453
96.6185 -1.68832
96.7502 -1.8417
96.882 -1.87801
97.0137 -1.90447
97.1455 -1.93008
97.2772 -1.86419
97.409 -1.67279
97.5407 -1.38326
97.6725 -1.20057
97.8042 -1.06963
97.936 -0.959099
98.0677 -0.764524
98.1995 -0.423269
98.3312 -0.0910314
98.463 0.133496
98.5947 0.237883
98.7265 0.283361
98.8582 0.297479
98.99 0.33199
99.1218 0.261526
99.2535 0.160711
99.3853 0.183416
99.517 0.296051
99.6488 0.615064
99.7805 1.04372
99.9123 1.3029
100.044 1.37364
100.176 1.21116
100.308 0.951345
100.439 0.783278
100.571 0.68875
100.703 0.708705
100.835 0.756457
100.966 0.84016
101.098 0.902551
101.23 0.887261
101.362 0.811281
101.493 0.710595
101.625 0.58179
101.757 0.444249
101.889 0.2234
102.02 0.070193
102.152 -0.188939
102.284 -0.428777
102.416 -0.598419
102.547 -0.642575
102.679 -0.59526
102.811 -0.568535
102.943 -0.554076
103.074 -0.637156
103.206 -0.783055
103.338 -0.838767
103.47 -0.790448
103.601 -0.674248
103.733 -0.604309
103.865 -0.582532
103.997 -0.523927
104.128 -0.370793
104.26 -0.16784
104.392 0.158609
104.524 0.356905
104.655 0.468859
104.787 0.558001
104.919 0.603666
105.051 0.625514
105.182 0.584902
105.314 0.441521
105.446 0.237032
105.578 0.138085
105.709 0.141506
105.841 0.286301
105.973 0.42137
106.105 0.509793
106.236 0.502791
106.368 0.506951
106.5 0.471403
106.632 0.529348
106.763 0.52325
106.895 0.339644
107.027 0.0385423
107.159 -0.197141
107.29 -0.313279
107.422 -0.35275
107.554 -0.264818
107.686 -0.225365
107.817 -0.299204
107.949 -0.362711
108.081 -0.480707
108.213 -0.532562
108.344 -0.553345
108.476 -0.540327
108.608 -0.454981
108.74 -0.336413
108.871 -0.109964
109.003 0.0419267
109.135 0.168294
109.267 0.222276
109.398 0.191327
109.53 0.106894
109.662 0.0292579
109.794 0.0206214
109.925 -0.00504077
110.057 -0.0449874
110.189 -0.0624679
110.321 -0.0184421
110.452 0.106173
110.584 0.233761
110.716 0.289027
110.848 0.230447
110.979 0.120481
111.111 0.0526893
111.243 0.0669972
111.375 0.0689018
111.506 0.106645
111.638 0.0922536
111.77 0.16772
111.902 0.269192
112.033 0.396823
112.165 0.447186
112.297 0.400076
112.429 0.272781
112.56 0.113604
112.692 -0.0648488
112.824 -0.226394
112.956 -0.342968
113.087 -0.422639
113.219 -0.38649
113.351 -0.323133
113.483 -0.235967
113.615 -0.101224
113.746 0.0322412
113.878 0.0858793
114.01 0.0728299
114.142 0.0183287
114.273 -0.0575649
114.405 -0.0100839
114.537 0.0159516
114.669 0.0970151
114.8 0.226878
114.932 0.237624
115.064 0.16053
115.196 0.0609528
115.327 -0.0145159
115.459 -0.02947
115.591 0.0221621
115.723 0.140902
115.854 0.166631
115.986 0.109107
116.118 -0.063304
116.25 -0.154801
116.381 -0.135397
116.513 -0.0317879
116.645 0.0665918
116.777 0.0802311
116.908 0.0827806
117.04 0.0349899
117.172 0.00531663
117.304 -0.0405306
117.435 -0.0847912
117.567 -0.172856
117.699 -0.177977
117.831 -0.103382
117.962 -0.00799708
118.094 0.0828643
118.226 0.1218
118.358 0.0775844
118.489 0.0561911
118.621 -0.00935494
118.753 -0.0494735
118.885 -0.0853462
119.016 -0.0940087
119.148 -0.0538271
119.28 -0.00461282
119.412 0.0482618
119.543 0.0504333
119.675 0.00800526
119.807 -0.0129039
119.939 -0.015026
120.07 -0.0280233
120.202 -0.0185311
120.334 -0.000149744
120.466 -0.0181359
120.597 -0.00906305
120.729 0.0177555
120.861 0.0417171
120.993 0.0567699
121.124 0.0447958
121.256 -0.000880083
121.388 -0.0596181
121.52 -0.109651
121.651 -0.107866
121.783 -0.038156
121.915 0.0171472
122.047 0.0546063
122.178 0.0635497
122.31 0.0561029
122.442 0.022734
122.574 0.00627031
122.705 0.00165707
122.837 0.00270001
122.969 0.00110311
123.101 -0.00672752
123.232 -0.0182708
123.364 -0.0282134
123.496 -0.0327423
123.628 -0.0316249
123.759 -0.0274582
123.891 -0.0233934
124.023 -0.020905
124.155 -0.0185984
124.286 -0.0126508
124.418 0.000837174
124.55 0.0222698
124.682 0.0459103
124.813 0.060823
124.945 0.0562813
125.077 0.0290561
125.209 -0.0124425
125.34 -0.0510355
125.472 -0.0698849
125.604 -0.0622502
125.736 -0.0352444
125.867 -0.00485395
125.999 0.0143893
126.131 0.018
126.263 0.0127864
126.394 0.01053
126.526 0.019037
126.658 0.0603328
126.79 0.0764209
