-5.56314 0.389361
-5.43139 0.826168
-5.29963 1.09904
-5.16788 1.12724
-5.03613 1.07725
-4.90438 0.839648
-4.77263 0.542229
-4.64087 0.183222
-4.50912 -0.0789434
-4.37737 -0.250452
-4.24562 -0.360796
-4.11386 -0.515937
-3.98211 -0.637947
-3.85036 -0.584252
-3.71861 -0.369993
-3.58686 -0.0603305
-3.4551 0.36369
-3.32335 0.601105
-3.1916 0.718175
-3.05985 0.668848
-2.92809 0.667782
-2.79634 0.62113
-2.66459 0.549356
-2.53284 0.30622
-2.40108 0.0579446
-2.26933 -0.127276
-2.13758 -0.15244
-2.00583 0.00123249
-1.87408 0.0964606
-1.74232 0.218643
-1.61057 0.391823
-1.47882 0.601936
-1.34707 0.742543
-1.21531 0.703366
-1.08356 0.458791
-0.951809 0.241926
-0.820057 0.0668273
-0.688304 -0.0699926
-0.556552 -0.0909468
-0.4248 -0.109509
-0.293047 -0.105927
-0.161295 0.0385457
-0.0295428 0.284294
0.10221 0.635913
0.233962 0.824529
0.365714 0.719561
0.497466 0.361295
0.629219 -0.200841
0.760971 -0.555878
0.892723 -0.619281
1.02448 -0.490897
1.15623 -0.323942
1.28798 -0.197196
1.41973 -0.0801501
1.55148 0.0750353
1.68324 0.402126
1.81499 0.837484
1.94674 1.23037
2.07849 1.42606
2.21025 1.4001
2.342 1.08913
2.47375 0.684421
2.6055 0.0895566
2.73726 -0.459653
2.86901 -0.881305
3.00076 -0.910398
3.13251 -0.529022
3.26426 0.0316842
3.39602 0.480173
3.52777 0.556514
3.65952 0.28274
3.79127 0.0381871
3.92303 -0.129656
4.05478 -0.198319
4.18653 -0.233936
4.31828 -0.295994
4.45004 -0.399474
4.58179 -0.283805
4.71354 0.112921
4.84529 0.546092
4.97704 0.816863
5.1088 0.800777
5.24055 0.59671
5.3723 0.447988
5.50405 0.504846
5.63581 0.694989
5.76756 0.822259
5.89931 0.927473
6.03106 0.957041
6.16282 1.04793
6.29457 0.990129
6.42632 0.744979
6.55807 0.115487
6.68982 -0.554296
6.82158 -0.963123
6.95333 -0.937893
7.08508 -0.551876
7.21683 -0.127116
7.34859 0.151174
7.48034 0.361583
7.61209 0.652335
7.74384 1.051
7.8756 1.3475
8.00735 1.24604
8.1391 0.679882
8.27085 -0.0270611
8.4026 -0.474829
8.53436 -0.534281
8.66611 -0.380654
8.79786 -0.356261
8.92961 -0.561185
9.06137 -0.757154
9.19312 -0.617102
9.32487 -0.0803191
9.45662 0.551737
9.58838 0.884204
9.72013 0.7972
9.85188 0.546036
9.98363 0.495866
10.1154 0.760864
10.2471 1.10779
10.3789 1.20796
10.5106 0.967662
10.6424 0.599062
10.7741 0.374076
10.9059 0.335482
11.0377 0.275091
11.1694 -0.0029303
11.3012 -0.422864
11.4329 -0.669258
11.5647 -0.488202
11.6964 0.0507762
11.8282 0.603418
11.9599 0.859557
12.0917 0.796168
12.2234 0.628373
12.3552 0.537666
12.4869 0.487521
12.6187 0.325907
12.7504 0.0447843
12.8822 -0.120052
13.0139 0.101612
13.1457 0.694154
13.2774 1.27475
13.4092 1.37708
13.5409 0.849864
13.6727 -0.0138961
13.8044 -0.740805
13.9362 -1.06749
14.068 -1.07543
14.1997 -0.968901
14.3315 -0.774413
14.4632 -0.312718
14.595 0.518748
14.7267 1.47854
14.8585 2.06744
14.9902 1.93818
15.122 1.23243
15.2537 0.485146
15.3855 0.159592
15.5172 0.257568
15.649 0.383985
15.7807 0.18907
15.9125 -0.269694
16.0442 -0.612206
16.176 -0.561727
16.3077 -0.248648
16.4395 -0.0624515
16.5712 -0.209793
16.703 -0.460387
16.8348 -0.371291
16.9665 0.231985
17.0983 1.02873
17.23 1.48942
17.3618 1.39345
17.4935 1.03837
17.6253 0.912166
17.757 1.16497
17.8888 1.43988
18.0205 1.25386
18.1523 0.535348
18.284 -0.256546
18.4158 -0.577863
18.5475 -0.356306
18.6793 -0.0677422
18.811 -0.231984
18.9428 -0.842586
19.0745 -1.33488
19.2063 -1.14738
19.338 -0.306615
19.4698 0.575887
19.6016 0.903055
19.7333 0.67273
19.8651 0.43641
19.9968 0.682922
20.1286 1.30176
20.2603 1.70001
20.3921 1.45066
20.5238 0.772693
20.6556 0.310629
20.7873 0.432206
20.9191 0.801979
21.0508 0.719673
21.1826 -0.105164
21.3143 -1.16984
21.4461 -1.63457
21.5778 -1.17588
21.7096 -0.336687
21.8413 0.0320068
21.9731 -0.320198
22.1048 -0.752734
22.2366 -0.411598
22.3683 0.810891
22.5001 2.06972
22.6319 2.392
22.7636 1.70088
22.8954 0.930783
23.0271 1.04279
23.1589 1.94183
23.2906 2.48506
23.4224 1.67206
23.5541 -0.183534
23.6859 -1.59316
23.8176 -1.33038
23.9494 0.251699
24.0811 1.43279
24.2129 0.751647
24.3446 -1.58559
24.4764 -4.00426
24.6081 -5.26766
24.7399 -5.67408
24.8716 -6.212
25.0034 -6.37189
25.1351 -3.1724
25.2669 6.70936
25.3987 22.784
25.5304 38.2229
25.6622 42.0657
25.7939 25.628
25.9257 -11.1285
26.0574 -57.9153
26.1892 -98.3821
26.3209 -117.305
26.4527 -106.175
26.5844 -64.9278
26.7162 -0.969279
26.8479 72.1409
26.9797 135.968
27.1114 170.447
27.2432 160.641
27.3749 104.871
27.5067 18.6583
27.6384 -70.1355
27.7702 -133.859
27.9019 -158.014
28.0337 -146.136
28.1655 -113.716
28.2972 -76.2972
28.429 -40.8178
28.5607 -5.89104
28.6925 31.0394
28.8242 67.0968
28.956 93.9774
29.0877 104.118
29.2195 96.9784
29.3512 79.5888
29.483 60.9368
29.6147 45.2977
29.7465 30.2523
29.8782 10.6732
30.01 -15.3099
30.1417 -43.6984
30.2735 -67.2675
30.4052 -80.6383
30.537 -83.2399
30.6687 -78.0957
30.8005 -68.3184
30.9322 -54.8836
31.064 -37.4298
31.1958 -16.6476
31.3275 4.56103
31.4593 22.4406
31.591 34.8761
31.7228 42.5489
31.8545 47.6918
31.9863 51.7411
32.118 54.124
32.2498 53.1586
32.3815 47.9595
32.5133 39.4086
32.645 29.3583
32.7768 19.034
32.9085 8.29766
33.0403 -3.56265
33.172 -16.4169
33.3038 -28.723
33.4355 -38.3626
33.5673 -44.0575
33.699 -46.0459
33.8308 -45.4993
33.9626 -43.3652
34.0943 -39.75
34.2261 -34.2887
34.3578 -26.9541
34.4896 -18.4229
34.6213 -9.68772
34.7531 -1.39165
34.8848 6.42193
35.0166 13.9562
35.1483 21.1449
35.2801 27.5161
35.4118 32.5183
35.5436 35.9008
35.6753 37.7359
35.8071 38.1013
35.9388 36.8185
36.0706 33.5608
36.2023 28.2288
36.3341 21.1979
36.4658 13.1805
36.5976 4.84599
36.7294 -3.4236
36.8611 -11.431
36.9929 -18.8751
37.1246 -25.2159
37.2564 -29.8543
37.3881 -32.4592
37.5199 -33.14
37.6516 -32.3357
37.7834 -30.5568
37.9151 -28.195
38.0469 -25.4671
38.1786 -22.3947
38.3104 -18.7451
38.4421 -14.0299
38.5739 -7.72701
38.7056 0.274534
38.8374 9.28735
38.9691 17.8531
39.1009 24.2899
39.2326 27.4632
39.3644 27.289
39.4961 24.6715
39.6279 20.9825
39.7597 17.4665
39.8914 14.8981
40.0232 13.5485
40.1549 13.3022
40.2867 13.7679
40.4184 14.3665
40.5502 14.4499
40.6819 13.4631
40.8137 11.0711
40.9454 7.19144
41.0772 1.96281
41.2089 -4.26472
41.3407 -10.905
41.4724 -17.1769
41.6042 -22.3055
41.7359 -25.8214
41.8677 -27.7351
41.9994 -28.4073
42.1312 -28.1845
42.2629 -27.0985
42.3947 -24.8977
42.5265 -21.3799
42.6582 -16.7094
42.79 -11.4141
42.9217 -6.0673
43.0535 -0.966566
43.1852 3.87961
43.317 8.46902
43.4487 12.5498
43.5805 15.6962
43.7122 17.6762
43.844 18.7444
43.9757 19.5242
44.1075 20.5217
44.2392 21.6786
44.371 22.3658
44.5027 21.8365
44.6345 19.7579
44.7662 16.3944
44.898 12.3491
45.0297 8.1497
45.1615 4.04681
45.2933 0.127013
45.425 -3.47067
45.5568 -6.50351
45.6885 -8.78349
45.8203 -10.3455
45.952 -11.4181
46.0838 -12.2135
46.2155 -12.7546
46.3473 -12.9224
46.479 -12.6735
46.6108 -12.1946
46.7425 -11.8187
46.8743 -11.7665
47.006 -11.9501
47.1378 -12.0127
47.2695 -11.5618
47.4013 -10.3915
47.533 -8.53914
47.6648 -6.19614
47.7965 -3.60109
47.9283 -0.995473
48.06 1.39905
48.1918 3.45178
48.3236 5.21672
48.4553 6.92933
48.5871 8.83512
48.7188 10.9488
48.8506 12.9573
48.9823 14.3898
49.1141 14.9449
49.2458 14.7031
49.3776 14.0395
49.5093 13.3138
49.6411 12.6103
49.7728 11.7428
49.9046 10.4888
50.0363 8.81621
50.1681 6.8994
50.2998 4.94392
50.4316 3.01381
50.5633 1.02385
50.6951 -1.12823
50.8268 -3.45052
50.9586 -5.8762
51.0904 -8.35678
51.2221 -10.8841
51.3539 -13.385
51.4856 -15.5999
51.6174 -17.1097
51.7491 -17.5468
51.8809 -16.8319
52.0126 -15.2313
52.1444 -13.1752
52.2761 -10.9922
52.4079 -8.7764
52.5396 -6.47136
52.6714 -4.05352
52.8031 -1.62845
52.9349 0.634079
53.0666 2.63397
53.1984 4.39907
53.3301 6.0214
53.4619 7.55343
53.5936 8.96913
53.7254 10.2047
53.8572 11.2044
53.9889 11.9111
54.1207 12.2331
54.2524 12.065
54.3842 11.3829
54.5159 10.3235
54.6477 9.14294
54.7794 8.05418
54.9112 7.08228
55.0429 6.07924
55.1747 4.89848
55.3064 3.56628
55.4382 2.27914
55.5699 1.22103
55.7017 0.375314
55.8334 -0.48149
55.9652 -1.59087
56.0969 -3.00551
56.2287 -4.55774
56.3604 -6.02167
56.4922 -7.2992
56.6239 -8.44556
56.7557 -9.52253
56.8875 -10.446
57.0192 -10.998
57.151 -11
57.2827 -10.4744
57.4145 -9.62938
57.5462 -8.67722
57.678 -7.66257
57.8097 -6.46072
57.9415 -4.93678
58.0732 -3.10338
58.205 -1.13033
58.3367 0.782494
58.4685 2.52835
58.6002 4.09858
58.732 5.49498
58.8637 6.67056
58.9955 7.56862
59.1272 8.19899
59.259 8.63461
59.3907 8.90412
59.5225 8.89949
59.6543 8.44368
59.786 7.51778
59.9178 6.45818
60.0495 5.89705
60.1813 6.3982
60.313 7.99807
60.4448 9.97848
60.5765 11.072
60.7083 10.0289
60.84 6.25781
60.9718 0.218495
61.1035 -6.62139
61.2353 -12.2643
61.367 -14.9295
61.4988 -13.7896
61.6305 -9.38013
61.7623 -3.44792
61.894 1.75744
62.0258 4.4368
62.1575 3.94921
62.2893 0.900795
62.4211 -3.37881
62.5528 -7.58336
62.6846 -10.915
62.8163 -13.0851
62.9481 -14.007
63.0798 -13.5562
63.2116 -11.629
63.3433 -8.39819
63.4751 -4.45923
63.6068 -0.662315
63.7386 2.28132
63.8703 4.12372
64.0021 5.10305
64.1338 5.68608
64.2656 6.2566
64.3973 6.96306
64.5291 7.75988
64.6608 8.52181
64.7926 9.11129
64.9243 9.3911
65.0561 9.25124
65.1878 8.67949
65.3196 7.81188
65.4514 6.87861
65.5831 6.05271
65.7149 5.32018
65.8466 4.49532
65.9784 3.3842
66.1101 1.96319
66.2419 0.421635
66.3736 -0.964159
66.5054 -2.01596
66.6371 -2.74967
66.7689 -3.32437
66.9006 -3.90817
67.0324 -4.57082
67.1641 -5.26088
67.2959 -5.84894
67.4276 -6.18989
67.5594 -6.18083
67.6911 -5.81213
67.8229 -5.19573
67.9546 -4.53477
68.0864 -4.02221
68.2182 -3.72115
68.3499 -3.5194
68.4817 -3.20877
68.6134 -2.63707
68.7452 -1.81399
68.8769 -0.890307
69.0087 -0.0426906
69.1404 0.626656
69.2722 1.09899
69.4039 1.38438
69.5357 1.49363
69.6674 1.48057
69.7992 1.49677
69.9309 1.76193
70.0627 2.43093
70.1944 3.4581
70.3262 4.59028
70.4579 5.51682
70.5897 6.06056
70.7214 6.25346
70.8532 6.24716
70.9849 6.15866
71.1167 5.9967
71.2485 5.71454
71.3802 5.30052
71.512 4.7905
71.6437 4.19089
71.7755 3.41749
71.9072 2.34993
72.039 0.972512
72.1707 -0.542235
72.3025 -1.91657
72.4342 -2.96573
72.566 -3.73289
72.6977 -4.42782
72.8295 -5.21947
72.9612 -6.07378
73.093 -6.78351
73.2247 -7.14877
73.3565 -7.12417
73.4882 -6.79513
73.62 -6.23086
73.7517 -5.39104
73.8835 -4.20139
74.0153 -2.72389
74.147 -1.23047
74.2788 -0.0727951
74.4105 0.555166
74.5423 0.748401
74.674 0.796096
74.8058 0.953543
74.9375 1.29143
75.0693 1.74099
75.201 2.25058
75.3328 2.86616
75.4645 3.63346
75.5963 4.51751
75.728 5.29318
75.8598 5.72293
75.9915 5.75475
76.1233 5.55636
76.255 5.2813
76.3868 5.08229
76.5185 4.78884
76.6503 4.22218
76.7821 3.34032
76.9138 2.33042
77.0456 1.4905
77.1773 0.727144
77.3091 0.0116344
77.4408 -0.821205
77.5726 -1.63254
77.7043 -2.4388
77.8361 -2.88424
77.9678 -3.07944
78.0996 -3.28028
78.2313 -3.59951
78.3631 -3.93121
78.4948 -4.14826
78.6266 -4.04515
78.7583 -3.50264
78.8901 -2.93148
79.0218 -2.47665
79.1536 -2.13264
79.2853 -1.89002
79.4171 -1.46214
79.5488 -0.956146
79.6806 -0.418725
79.8124 0.0465915
79.9441 0.473602
80.0759 0.892974
80.2076 1.31236
80.3394 1.60823
80.4711 1.74952
80.6029 1.78943
80.7346 1.74683
80.8664 1.79314
80.9981 1.94915
81.1299 2.13771
81.2616 2.17193
81.3934 2.19548
81.5251 2.10582
81.6569 2.02129
81.7886 2.03659
81.9204 1.98917
82.0521 1.80229
82.1839 1.4883
82.3156 1.18842
82.4474 0.925223
82.5792 0.646819
82.7109 0.258954
82.8427 -0.180141
82.9744 -0.522798
83.1062 -0.634251
83.2379 -0.49341
83.3697 -0.286712
83.5014 -0.240888
83.6332 -0.498112
83.7649 -0.804851
83.8967 -1.09864
84.0284 -1.36561
84.1602 -1.45199
84.2919 -1.56117
84.4237 -1.70515
84.5554 -1.85603
84.6872 -1.90391
84.8189 -1.73671
84.9507 -1.4134
85.0824 -1.1309
85.2142 -0.749391
85.346 -0.255814
85.4777 0.36841
85.6095 0.841574
85.7412 1.18323
85.873 1.2584
86.0047 1.21234
86.1365 1.13535
86.2682 1.14415
86.4 1.16159
86.5317 1.09819
86.6635 0.881339
86.7952 0.608193
86.927 0.42377
87.0587 0.292314
87.1905 0.229264
87.3222 0.24162
87.454 0.295453
87.5857 0.392991
87.7175 0.59514
87.8492 0.789302
87.981 0.954408
88.1127 0.892978
88.2445 0.784828
88.3763 0.499063
88.508 0.270041
88.6398 0.246676
88.7715 0.23791
88.9033 0.215879
89.035 0.209018
89.1668 0.194393
89.2985 0.258489
89.4303 0.434269
89.562 0.395619
89.6938 0.182657
89.8255 -0.22177
89.9573 -0.643784
90.089 -0.863127
90.2208 -0.951683
90.3525 -0.917312
90.4843 -0.999201
90.616 -1.03663
90.7478 -0.902253
90.8795 -0.605105
91.0113 -0.253031
91.1431 0.0359373
91.2748 0.13963
91.4066 0.0477813
91.5383 -0.0204363
91.6701 -0.0426792
91.8018 0.0724362
91.9336 0.253519
92.0653 0.289159
92.1971 0.197384
92.3288 0.292675
92.4606 0.307313
92.5923 0.366548
92.7241 0.301909
92.8558 0.113191
92.9876 -0.0683049
93.1193 -0.176186
93.2511 -0.0726384
93.3828 0.143311
93.5146 0.39201
93.6463 0.76859
93.7781 1.0738
93.9099 1.3464
94.0416 1.46565
94.1734 1.30781
94.3051 0.955646
94.4369 0.378948
94.5686 -0.24213
94.7004 -0.596843
94.8321 -0.552426
94.9639 -0.362734
95.0956 -0.0460028
95.2274 0.216945
95.3591 0.462559
95.4909 0.569824
95.6226 0.515889
95.7544 0.27223
95.8861 -0.0356144
96.0179 -0.340617
96.1496 -0.601505
96.2814 -0.732443
96.4131 -0.777783
96.5449 -0.952036
96.6766 -1.0642
96.8084 -1.12084
96.9402 -0.930744
97.0719 -0.644185
97.2037 -0.265431
97.3354 0.00699416
97.4672 0.223924
97.5989 0.289891
97.7307 0.304247
97.8624 0.290457
97.9942 0.22595
98.1259 0.267883
98.2577 0.27417
98.3894 0.225295
98.5212 0.148261
98.6529 0.107191
98.7847 0.129604
98.9164 0.203826
99.0482 0.164456
99.1799 0.12739
99.3117 0.179701
99.4434 0.220183
99.5752 0.283728
99.707 0.322299
99.8387 0.273888
99.9705 0.23547
100.102 0.146359
100.234 0.100356
100.366 0.0708642
100.497 0.0353727
100.629 0.151437
100.761 0.242186
100.893 0.288837
101.024 0.245648
101.156 0.0625915
101.288 -0.237361
101.42 -0.530917
101.551 -0.638088
101.683 -0.591622
101.815 -0.436605
101.947 -0.24949
102.078 -0.0649349
102.21 0.0653469
102.342 0.204761
102.474 0.183369
102.606 0.159022
102.737 0.0605924
102.869 0.0636745
103.001 0.111793
103.133 0.171493
103.264 0.200737
103.396 0.136537
103.528 0.057578
103.66 0.0456602
103.791 -0.0178624
103.923 -0.00379091
104.055 0.0339895
104.187 0.019341
104.318 -0.0434525
104.45 -0.0254113
104.582 -0.023996
104.714 -0.0797879
104.845 -0.122045
104.977 -0.172677
105.109 -0.173143
105.241 -0.0831945
105.372 0.0498503
105.504 0.13994
105.636 0.154711
105.768 0.154488
105.899 0.0786573
106.031 0.0662367
106.163 0.0198294
106.295 0.0376942
106.426 -0.0187502
106.558 0.014121
106.69 0.0114406
106.822 0.0095647
106.953 0.0205505
107.085 0.0041127
107.217 -0.0027686
107.349 0.00257276
107.48 0.00227386
107.612 0.0166497
107.744 0.032962
107.876 0.0273521
108.007 0.00948782
108.139 0.00918142
108.271 0.00412691
108.403 -0.00439086
108.534 0.00767614
108.666 0.00767614
108.798 0.00767614
108.93 0.00767614
109.061 0.00767614
109.193 0.00767614
109.325 0.00767614
109.457 0.00767614
109.588 0.00767614
109.72 0.00767614
109.852 0.00767614
109.984 0.00767614
110.115 0.00767614
110.247 0.00767614
110.379 0.00767614
110.511 0.00767614
110.642 0.00767614
110.774 0.00767614
110.906 0.00767614
111.038 0.00767614
111.169 0.00767614
111.301 0.00767614
111.433 0.00767614
111.565 0.00767614
111.696 0.00767614
111.828 0.00767614
111.96 0.00767614
112.092 0.00767614
112.223 0.00767614
112.355 0.00767614
112.487 0.00767614
112.619 0.00767614
112.75 0.00767614
112.882 0.00767614
113.014 0.00767614
113.146 0.00767614
113.277 0.00767614
113.409 0.00767614
113.541 0.00767614
113.673 0.00767614
113.804 0.00767614
113.936 0.00767614
114.068 0.00767614
114.2 0.00767614
114.331 0.00767614
114.463 0.00767614
114.595 0.00767614
114.727 0.00767614
114.858 0.00767614
114.99 0.00767614
115.122 0.00767614
115.254 0.00767614
115.385 0.00767614
115.517 0.00767614
115.649 0.00767614
115.781 0.00767614
115.912 0.00767614
116.044 0.00767614
116.176 0.00767614
116.308 0.00767614
116.439 0.00767614
116.571 0.00767614
116.703 0.00767614
116.835 0.00767614
116.967 0.00767614
117.098 0.00767614
117.23 0.00767614
117.362 0.00767614
117.494 0.00767614
117.625 0.00767614
117.757 0.00767614
117.889 0.00767614
118.021 0.00767614
118.152 0.00767614
118.284 0.00767614
118.416 0.00767614
118.548 0.00767614
118.679 0.00767614
118.811 0.00767614
118.943 0.00767614
119.075 0.00767614
119.206 0.00767614
119.338 0.00767614
119.47 0.00767614
119.602 0.00767614
119.733 0.00767614
119.865 0.00767614
119.997 0.00767614
120.129 0.00767614
120.26 0.00767614
120.392 0.00767614
120.524 0.00767614
120.656 0.00767614
120.787 0.00767614
120.919 0.00767614
121.051 0.00767614
121.183 0.00767614
121.314 0.00767614
121.446 0.00767614
121.578 0.00767614
121.71 0.00767614
121.841 0.00767614
121.973 0.00767614
122.105 0.00767614
122.237 0.00767614
122.368 0.00767614
122.5 0.00767614
122.632 0.00767614
122.764 0.00767614
122.895 0.00767614
123.027 0.00767614
123.159 0.00767614
123.291 0.00767614
123.422 0.00767614
123.554 0.00767614
123.686 0.00767614
123.818 0.00767614
123.949 0.00767614
124.081 0.00767614
124.213 0.00767614
124.345 0.00767614
124.476 0.00767614
124.608 0.00767614
124.74 0.00767614
124.872 0.00767614
125.003 0.00767614
125.135 0.00767614
125.267 0.00767614
125.399 0.00767614
125.53 0.00767614
125.662 0.00767614
125.794 0.00767614
125.926 0.00767614
126.057 0.00767614
126.189 0.00767614
126.321 0.00767614
126.453 0.00767614
126.584 0.00767614
126.716 0.00767614
126.848 0.00767614
126.98 0.00767614
127.111 0.00767614
127.243 0.00767614
127.375 0.00767614
127.507 0.00767614
127.638 0.00767614
127.77 0.00767614
127.902 0.00767614
128.034 0.00767614
128.165 0.00767614
128.297 0.00767614
128.429 0.00767614
128.561 0.00767614
128.692 0.00767614
128.824 0.00767614
128.956 0.00767614
129.088 0.00767614
129.219 0.00767614
