-5.39566 0.227397
-5.2639 0.278957
-5.13215 0.359836
-5.0004 0.432833
-4.86865 0.551926
-4.73689 0.54103
-4.60514 0.377844
-4.47339 0.187153
-4.34164 -0.0741765
-4.20988 -0.281178
-4.07813 -0.31832
-3.94638 -0.173219
-3.81463 0.0746084
-3.68288 0.289463
-3.55112 0.473981
-3.41937 0.504374
-3.28762 0.590078
-3.15587 0.694452
-3.02411 0.732957
-2.89236 0.601949
-2.76061 0.309242
-2.62886 0.00311453
-2.4971 -0.23819
-2.36535 -0.376758
-2.2336 -0.467475
-2.10185 -0.526825
-1.9701 -0.520006
-1.83834 -0.561145
-1.70659 -0.466258
-1.57484 -0.210817
-1.44309 0.10802
-1.31133 0.465328
-1.17958 0.731248
-1.04783 0.915006
-0.916077 0.941855
-0.784325 0.8781
-0.652572 0.648599
-0.52082 0.294608
-0.389068 -0.0849236
-0.257315 -0.365536
-0.125563 -0.478287
0.00618933 -0.365409
0.137942 -0.14215
0.269694 0.0267757
0.401446 0.206817
0.533199 0.326682
0.664951 0.438734
0.796703 0.623088
0.928455 0.837625
1.06021 1.07216
1.19196 1.13886
1.32371 1.09308
1.45546 0.984153
1.58722 0.844713
1.71897 0.649713
1.85072 0.383424
1.98247 0.0822284
2.11423 -0.151214
2.24598 -0.264659
2.37773 -0.334467
2.50948 -0.430318
2.64124 -0.620248
2.77299 -0.595621
2.90474 -0.428038
3.03649 -0.144128
3.16824 0.170895
3.3 0.402888
3.43175 0.565722
3.5635 0.596502
3.69525 0.59406
3.82701 0.582608
3.95876 0.53367
4.09051 0.347725
4.22226 0.135027
4.35402 -0.0328947
4.48577 -0.113888
4.61752 -0.0742646
4.74927 -0.125046
4.88102 -0.243433
5.01278 -0.424704
5.14453 -0.50079
5.27628 -0.30433
5.40803 0.0650153
5.53979 0.482261
5.67154 0.792957
5.80329 0.966635
5.93504 1.16788
6.0668 1.42459
6.19855 1.67148
6.3303 1.79947
6.46205 1.63699
6.5938 1.30221
6.72556 0.964646
6.85731 0.663959
6.98906 0.496233
7.12081 0.284752
7.25257 -0.0115301
7.38432 -0.495023
7.51607 -0.87599
7.64782 -1.03413
7.77958 -1.01549
7.91133 -0.905324
8.04308 -0.811665
8.17483 -0.652028
8.30658 -0.427891
8.43834 -0.114087
8.57009 0.20904
8.70184 0.544512
8.83359 0.893175
8.96535 1.20945
9.0971 1.49357
9.22885 1.60274
9.3606 1.45289
9.49236 1.00127
9.62411 0.395703
9.75586 -0.0760824
9.88761 -0.340026
10.0194 -0.366009
10.1511 -0.270801
10.2829 -0.108675
10.4146 0.0776009
10.5464 0.342014
10.6781 0.59004
10.8099 0.82902
10.9416 0.876082
11.0734 0.731719
11.2051 0.519345
11.3369 0.439999
11.4686 0.508011
11.6004 0.578975
11.7321 0.499048
11.8639 0.235891
11.9956 -0.0107157
12.1274 -0.0726191
12.2592 0.0983677
12.3909 0.29889
12.5227 0.391816
12.6544 0.290461
12.7862 0.156151
12.9179 0.172188
13.0497 0.319708
13.1814 0.444906
13.3132 0.386063
13.4449 0.155099
13.5767 -0.039903
13.7084 0.00159648
13.8402 0.292457
13.9719 0.653199
14.1037 0.898214
14.2354 0.938912
14.3672 0.872036
14.4989 0.789253
14.6307 0.669627
14.7624 0.417154
14.8942 0.00711542
15.026 -0.430719
15.1577 -0.698025
15.2895 -0.702805
15.4212 -0.539064
15.553 -0.381836
15.6847 -0.303881
15.8165 -0.207412
15.9482 0.0546585
16.08 0.495672
16.2117 0.948125
16.3435 1.20976
16.4752 1.23468
16.607 1.16944
16.7387 1.19401
16.8705 1.33248
17.0022 1.43121
17.134 1.32505
17.2657 1.01312
17.3975 0.656137
17.5292 0.400233
17.661 0.221717
17.7928 -0.0321616
17.9245 -0.443328
18.0563 -0.88019
18.188 -1.07879
18.3198 -0.881043
18.4515 -0.39132
18.5833 0.111597
18.715 0.419956
18.8468 0.550677
18.9785 0.657449
19.1103 0.809994
19.242 0.891315
19.3738 0.73376
19.5055 0.347729
19.6373 -0.0190409
19.769 -0.0842231
19.9008 0.195587
20.0325 0.566868
20.1643 0.71521
20.296 0.569578
20.4278 0.366852
20.5595 0.404744
20.6913 0.729338
20.8231 1.07424
20.9548 1.11366
21.0866 0.771933
21.2183 0.278334
21.3501 -0.07623
21.4818 -0.216046
21.6136 -0.301456
21.7453 -0.486427
21.8771 -0.691924
22.0088 -0.656478
22.1406 -0.220346
22.2723 0.464287
22.4041 1.03723
22.5358 1.25404
22.6676 1.19148
22.7993 1.11459
22.9311 1.14842
23.0628 1.11848
23.1946 0.751472
23.3263 0.034031
23.4581 -0.667373
23.5899 -0.891013
23.7216 -0.505326
23.8534 0.160275
23.9851 0.628213
24.1169 0.71809
24.2486 0.666091
24.3804 0.797483
24.5121 1.11025
24.6439 1.23621
24.7756 0.848102
24.9074 0.0851111
25.0391 -0.487987
25.1709 -0.399869
25.3026 0.241263
25.4344 0.814327
25.5661 0.774281
25.6979 0.179352
25.8296 -0.391257
25.9614 -0.456371
26.0931 -0.142765
26.2249 -0.0314544
26.3567 -0.479566
26.4884 -1.13973
26.6202 -1.23373
26.7519 -0.353554
26.8837 1.03444
27.0154 1.95748
27.1472 1.86169
27.2789 1.15637
27.4107 0.77187
27.5424 1.13389
27.6742 1.6205
27.8059 1.15517
27.9377 -0.550772
28.0694 -2.33158
28.2012 -2.25521
28.3329 0.797193
28.4647 5.96361
28.5964 10.5829
28.7282 11.5061
28.8599 6.54591
28.9917 -4.63031
29.1234 -20.0447
29.2552 -35.0813
29.387 -42.7514
29.5187 -35.7139
29.6505 -10.4478
29.7822 28.2692
29.914 66.2175
30.0457 84.6154
30.1775 69.7669
30.3092 21.9782
30.441 -42.5587
30.5727 -99.1344
30.7045 -126.998
30.8362 -119.036
30.968 -82.7723
31.0997 -33.1716
31.2315 16.5746
31.3632 59.5766
31.495 93.1465
31.6267 113.92
31.7585 115.934
31.8902 94.0257
32.022 49.5679
32.1538 -6.96411
32.2855 -59.6053
32.4173 -94.558
32.549 -106.451
32.6808 -99.0192
32.8125 -80.5038
32.9443 -57.8682
33.076 -34.0246
33.2078 -9.12599
33.3395 16.3949
33.4713 40.1585
33.603 58.7199
33.7348 69.6616
33.8665 72.7532
33.9983 69.302
34.13 60.6296
34.2618 47.2187
34.3935 29.1608
34.5253 7.22114
34.657 -16.5853
34.7888 -39.3516
34.9206 -58.1227
35.0523 -70.5518
35.1841 -75.1686
35.3158 -71.5294
35.4476 -60.4462
35.5793 -44.051
35.7111 -25.2896
35.8428 -6.87558
35.9746 9.65884
36.1063 24.0881
36.2381 36.701
36.3698 47.2946
36.5016 54.837
36.6333 58.0524
36.7651 56.3376
36.8968 50.161
37.0286 40.6471
37.1603 28.8314
37.2921 15.3205
37.4238 0.611652
37.5556 -14.3635
37.6873 -28.1125
37.8191 -39.061
37.9509 -46.2155
38.0826 -49.4283
38.2144 -49.1064
38.3461 -45.7347
38.4779 -39.6927
38.6096 -31.4569
38.7414 -21.8407
38.8731 -11.8936
39.0049 -2.47548
39.1366 6.09993
39.2684 13.9936
39.4001 21.3909
39.5319 28.0849
39.6636 33.4594
39.7954 36.8473
39.9271 37.9114
40.0589 36.7293
40.1906 33.5919
40.3224 28.7794
40.4541 22.5265
40.5859 15.1266
40.7177 6.97477
40.8494 -1.53601
40.9812 -10.124
41.1129 -18.5387
41.2447 -26.305
41.3764 -32.5575
41.5082 -36.2286
41.6399 -36.5644
41.7717 -33.6176
41.9034 -28.3323
42.0352 -22.1329
42.1669 -16.2955
42.2987 -11.4927
42.4304 -7.7135
42.5622 -4.46876
42.6939 -1.07815
42.8257 3.08007
42.9574 8.34886
43.0892 14.5983
43.2209 21.1529
43.3527 26.9601
43.4845 30.9739
43.6162 32.5411
43.748 31.545
43.8797 28.2616
44.0115 23.1189
44.1432 16.6017
44.275 9.33555
44.4067 2.15769
44.5385 -4.03907
44.6702 -8.66139
44.802 -11.6964
44.9337 -13.653
45.0655 -15.1771
45.1972 -16.6389
45.329 -18.004
45.4607 -19.0288
45.5925 -19.5376
45.7242 -19.5135
45.856 -18.9731
45.9877 -17.8324
46.1195 -15.9578
46.2512 -13.3604
46.383 -10.2974
46.5148 -7.11416
46.6465 -3.93839
46.7783 -0.527145
46.91 3.53974
47.0418 8.44393
47.1735 13.8371
47.3053 18.9246
47.437 22.8533
47.5688 25.0909
47.7005 25.5372
47.8323 24.3797
47.964 21.9128
48.0958 18.491
48.2275 14.5753
48.3593 10.6973
48.491 7.265
48.6228 4.33957
48.7545 1.60102
48.8863 -1.4234
49.018 -5.0294
49.1498 -9.15148
49.2816 -13.4298
49.4133 -17.4123
49.5451 -20.7
49.6768 -22.966
49.8086 -23.9454
49.9403 -23.5064
50.0721 -21.769
50.2038 -19.1148
50.3356 -15.9946
50.4673 -12.654
50.5991 -9.02431
50.7308 -4.91095
50.8626 -0.332251
50.9943 4.30911
51.1261 8.40848
51.2578 11.5572
51.3896 13.8033
51.5213 15.534
51.6531 17.0801
51.7848 18.3968
51.9166 19.0969
52.0484 18.7925
52.1801 17.4271
52.3119 15.3194
52.4436 12.915
52.5754 10.4974
52.7071 8.10224
52.8389 5.65251
52.9706 3.13121
53.1024 0.615226
53.2341 -1.82428
53.3659 -4.20447
53.4976 -6.58326
53.6294 -8.93045
53.7611 -11.0672
53.8929 -12.7535
54.0246 -13.8457
54.1564 -14.3697
54.2881 -14.4477
54.4199 -14.1656
54.5516 -13.5222
54.6834 -12.5001
54.8151 -11.1598
54.9469 -9.63545
55.0787 -8.02381
55.2104 -6.28727
55.3422 -4.28807
55.4739 -1.93797
55.6057 0.677204
55.7374 3.32103
55.8692 5.75663
56.0009 7.87931
56.1327 9.71246
56.2644 11.2899
56.3962 12.559
56.5279 13.4063
56.6597 13.7695
56.7914 13.7103
56.9232 13.3654
57.0549 12.8273
57.1867 12.077
57.3184 11.0326
57.4502 9.65284
57.5819 7.98191
57.7137 6.09342
57.8455 4.00879
57.9772 1.69282
58.109 -0.859811
58.2407 -3.5417
58.3725 -6.15349
58.5042 -8.51899
58.636 -10.5792
58.7677 -12.3643
58.8995 -13.8701
59.0312 -14.969
59.163 -15.4605
59.2947 -15.2223
59.4265 -14.3181
59.5582 -12.9577
59.69 -11.346
59.8217 -9.56855
59.9535 -7.60985
60.0852 -5.46323
60.217 -3.19912
60.3487 -0.914991
60.4805 1.3692
60.6122 3.73555
60.744 6.25715
60.8758 8.84548
61.0075 11.2124
61.1393 13.0065
61.271 14.0194
61.4028 14.2906
61.5345 14.0321
61.6663 13.457
61.798 12.6682
61.9298 11.6798
62.0615 10.5064
62.1933 9.19776
62.325 7.78061
62.4568 6.18266
62.5885 4.25022
62.7203 1.87899
62.852 -0.836799
62.9838 -3.56073
63.1155 -5.82219
63.2473 -7.21983
63.379 -7.62099
63.5108 -7.27772
63.6426 -6.80819
63.7743 -7.00419
63.9061 -8.46651
64.0378 -11.1849
64.1696 -14.3107
64.3013 -16.3701
64.4331 -15.9434
64.5648 -12.4896
64.6966 -6.80055
64.8283 -0.7309
64.9601 3.6898
65.0918 5.23483
65.2236 3.96325
65.3553 0.986894
65.4871 -2.21377
65.6188 -4.42906
65.7506 -4.9866
65.8823 -3.68187
66.0141 -0.635269
66.1458 3.73806
66.2776 8.69723
66.4094 13.2637
66.5411 16.5013
66.6729 17.8478
66.8046 17.2728
66.9364 15.1688
67.0681 12.0993
67.1999 8.60777
67.3316 5.17632
67.4634 2.24402
67.5951 0.151906
67.7269 -0.993287
67.8586 -1.39935
67.9904 -1.48362
68.1221 -1.62121
68.2539 -1.94065
68.3856 -2.33546
68.5174 -2.66655
68.6491 -2.95569
68.7809 -3.38788
68.9126 -4.13232
69.0444 -5.1656
69.1761 -6.26943
69.3079 -7.19666
69.4397 -7.83905
69.5714 -8.24398
69.7032 -8.48945
69.8349 -8.56407
69.9667 -8.37398
70.0984 -7.85069
70.2302 -7.02598
70.3619 -5.9861
70.4937 -4.76126
70.6254 -3.28645
70.7572 -1.49558
70.8889 0.540499
71.0207 2.58574
71.1524 4.37474
71.2842 5.7999
71.4159 6.97335
71.5477 8.09758
71.6794 9.25778
71.8112 10.3226
71.9429 11.0369
72.0747 11.2137
72.2065 10.8543
72.3382 10.1066
72.47 9.12824
72.6017 7.99353
72.7335 6.71324
72.8652 5.31539
72.997 3.88399
73.1287 2.51554
73.2605 1.24819
73.3922 0.0420958
73.524 -1.17417
73.6557 -2.44747
73.7875 -3.7886
73.9192 -5.19471
74.051 -6.64899
74.1827 -8.07402
74.3145 -9.28903
74.4462 -10.0458
74.578 -10.1505
74.7097 -9.58571
74.8415 -8.52472
74.9733 -7.22188
75.105 -5.87155
75.2368 -4.55347
75.3685 -3.2904
75.5003 -2.1323
75.632 -1.16403
75.7638 -0.427709
75.8955 0.145712
76.0273 0.702883
76.159 1.34837
76.2908 2.05584
76.4225 2.7081
76.5543 3.23578
76.686 3.71659
76.8178 4.3247
76.9495 5.16366
77.0813 6.13528
77.213 6.97165
77.3448 7.40932
77.4765 7.35712
77.6083 6.92331
77.74 6.30356
77.8718 5.64969
78.0036 5.03027
78.1353 4.47907
78.2671 4.03615
78.3988 3.71245
78.5306 3.41652
78.6623 2.94767
78.7941 2.10546
78.9258 0.843734
79.0576 -0.664426
79.1893 -2.11647
79.3211 -3.25724
79.4528 -4.00442
79.5846 -4.4407
79.7163 -4.71154
79.8481 -4.93194
79.9798 -5.14714
80.1116 -5.40731
80.2433 -5.68488
80.3751 -5.88553
80.5068 -5.86861
80.6386 -5.47567
80.7704 -4.78001
80.9021 -3.97231
81.0339 -3.32618
81.1656 -3.00716
81.2974 -2.93124
81.4291 -2.8146
81.5609 -2.34349
81.6926 -1.45969
81.8244 -0.285018
81.9561 1.03081
82.0879 2.30935
82.2196 3.49418
82.3514 4.58744
82.4831 5.46944
82.6149 6.07764
82.7466 6.32356
82.8784 6.28862
83.0101 6.16873
83.1419 5.89474
83.2736 5.66896
83.4054 5.45321
83.5372 5.22424
83.6689 4.94187
83.8007 4.67604
83.9324 4.42552
84.0642 3.9265
84.1959 3.12194
84.3277 2.02568
84.4594 0.7703
84.5912 -0.481598
84.7229 -1.60292
84.8547 -2.68421
84.9864 -3.73093
85.1182 -4.64777
85.2499 -5.27811
85.3817 -5.65343
85.5134 -5.65355
85.6452 -5.35628
85.7769 -4.93939
85.9087 -4.47538
86.0404 -3.97291
86.1722 -3.49695
86.3039 -2.98981
86.4357 -2.51638
86.5675 -2.1335
86.6992 -1.76932
86.831 -1.42365
86.9627 -1.07775
87.0945 -0.502578
87.2262 0.0671861
87.358 0.779869
87.4897 1.54661
87.6215 2.46239
87.7532 3.25654
87.885 3.88924
88.0167 4.21773
88.1485 4.27052
88.2802 4.19522
88.412 4.06251
88.5437 3.9046
88.6755 3.73371
88.8072 3.56087
88.939 3.36309
89.0707 3.14289
89.2025 2.95493
89.3343 2.7227
89.466 2.33048
89.5978 1.72254
89.7295 1.02169
89.8613 0.293793
89.993 -0.308852
90.1248 -0.808371
90.2565 -1.14935
90.3883 -1.41128
90.52 -1.61947
90.6518 -1.79602
90.7835 -1.85533
90.9153 -1.97189
91.047 -2.16164
91.1788 -2.44938
91.3105 -2.63165
91.4423 -2.69452
91.574 -2.56178
91.7058 -2.39039
91.8375 -2.23414
91.9693 -2.26308
92.1011 -2.25624
92.2328 -2.03668
92.3646 -1.61997
92.4963 -1.05375
92.6281 -0.498655
92.7598 -0.0406242
92.8916 0.359397
93.0233 0.809391
93.1551 1.33089
93.2868 1.71258
93.4186 1.8921
93.5503 1.90661
93.6821 1.82988
93.8138 1.94254
93.9456 2.17243
94.0773 2.41334
94.2091 2.60042
94.3408 2.52079
94.4726 2.33013
94.6043 2.09385
94.7361 1.85417
94.8678 1.57182
94.9996 1.24219
95.1314 0.809873
95.2631 0.485879
95.3949 0.316114
95.5266 0.164078
95.6584 0.0587814
95.7901 -0.0931851
95.9219 -0.333586
96.0536 -0.623
96.1854 -0.909909
96.3171 -1.14653
96.4489 -1.39507
96.5806 -1.49678
96.7124 -1.56623
96.8441 -1.52407
96.9759 -1.37236
97.1076 -1.17563
97.2394 -1.04911
97.3711 -1.08087
97.5029 -1.15505
97.6346 -1.13059
97.7664 -0.919057
97.8982 -0.613684
98.0299 -0.381604
98.1617 -0.146557
98.2934 -0.0282416
98.4252 0.0238757
98.5569 0.106612
98.6887 0.172093
98.8204 0.277443
98.9522 0.39249
99.0839 0.598867
99.2157 0.806655
99.3474 1.0301
99.4792 1.20004
99.6109 1.29618
99.7427 1.35897
99.8744 1.44878
100.006 1.4838
100.138 1.40916
100.27 1.21489
100.401 0.810137
100.533 0.414924
100.665 0.172268
100.797 0.08209
100.928 0.0994011
101.06 0.072425
101.192 0.0870411
101.324 0.0950797
101.455 0.0986315
101.587 0.0711806
101.719 -0.0123523
101.851 -0.167458
101.982 -0.372015
102.114 -0.598897
102.246 -0.792945
102.378 -0.865038
102.509 -0.805324
102.641 -0.59155
102.773 -0.511086
102.905 -0.442447
103.036 -0.364051
103.168 -0.280751
103.3 -0.190275
103.432 -0.149539
103.564 -0.0523932
103.695 0.0545409
103.827 0.123032
103.959 0.0918238
104.091 0.0133241
104.222 -0.133726
104.354 -0.230166
104.486 -0.175751
104.618 -0.0370533
104.749 0.215017
104.881 0.391778
105.013 0.489273
105.145 0.499002
105.276 0.415156
105.408 0.349913
105.54 0.291995
105.672 0.253389
105.803 0.249661
105.935 0.217184
106.067 0.205481
106.199 0.218367
106.33 0.200026
106.462 0.208819
106.594 0.181926
106.726 0.130071
106.857 0.154283
106.989 0.136739
107.121 0.109157
107.253 0.00412746
107.384 -0.0263203
107.516 -0.0965483
107.648 -0.172788
107.78 -0.19173
107.911 -0.168875
108.043 -0.0990652
108.175 -0.0826614
108.307 -0.0712163
108.438 -0.0629559
108.57 -0.0163527
108.702 -9.41131e-05
108.834 -0.0422947
108.965 -0.0816343
109.097 -0.124865
109.229 -0.109992
109.361 -0.0666453
109.492 0.0129978
109.624 0.0947891
109.756 0.0963451
109.888 0.0977167
110.019 0.0750296
110.151 0.0424375
110.283 -0.0307932
110.415 -0.0913459
110.546 -0.1369
110.678 -0.0851071
110.81 -0.0648379
110.942 -0.0313841
111.073 -0.00350596
111.205 0.0279918
111.337 0.0241158
111.469 0.00362696
111.6 -0.0159476
111.732 -0.031502
111.864 -0.016808
111.996 -0.00810679
112.127 0.00755466
112.259 0.00137794
112.391 0.0114933
112.523 -0.0139224
112.654 -0.0174408
112.786 -0.0107641
112.918 -0.0132641
113.05 -0.00591823
113.181 -0.00421859
113.313 -0.00920572
113.445 -0.0102813
113.577 -0.0106201
113.708 -0.00896294
113.84 -0.00464621
113.972 0.00159336
114.104 -0.00904652
114.235 -0.00904652
114.367 -0.00904652
114.499 -0.00904652
114.631 -0.00904652
114.762 -0.00904652
114.894 -0.00904652
115.026 -0.00904652
115.158 -0.00904652
115.289 -0.00904652
115.421 -0.00904652
115.553 -0.00904652
115.685 -0.00904652
115.816 -0.00904652
115.948 -0.00904652
116.08 -0.00904652
116.212 -0.00904652
116.343 -0.00904652
116.475 -0.00904652
116.607 -0.00904652
116.739 -0.00904652
116.87 -0.00904652
117.002 -0.00904652
117.134 -0.00904652
117.266 -0.00904652
117.397 -0.00904652
117.529 -0.00904652
117.661 -0.00904652
117.793 -0.00904652
117.925 -0.00904652
118.056 -0.00904652
118.188 -0.00904652
118.32 -0.00904652
118.452 -0.00904652
118.583 -0.00904652
118.715 -0.00904652
118.847 -0.00904652
118.979 -0.00904652
119.11 -0.00904652
119.242 -0.00904652
119.374 -0.00904652
119.506 -0.00904652
119.637 -0.00904652
119.769 -0.00904652
119.901 -0.00904652
120.033 -0.00904652
120.164 -0.00904652
120.296 -0.00904652
120.428 -0.00904652
120.56 -0.00904652
120.691 -0.00904652
120.823 -0.00904652
120.955 -0.00904652
121.087 -0.00904652
121.218 -0.00904652
121.35 -0.00904652
121.482 -0.00904652
121.614 -0.00904652
121.745 -0.00904652
121.877 -0.00904652
122.009 -0.00904652
122.141 -0.00904652
122.272 -0.00904652
122.404 -0.00904652
122.536 -0.00904652
122.668 -0.00904652
122.799 -0.00904652
122.931 -0.00904652
123.063 -0.00904652
123.195 -0.00904652
123.326 -0.00904652
123.458 -0.00904652
123.59 -0.00904652
123.722 -0.00904652
123.853 -0.00904652
123.985 -0.00904652
124.117 -0.00904652
124.249 -0.00904652
124.38 -0.00904652
124.512 -0.00904652
124.644 -0.00904652
124.776 -0.00904652
124.907 -0.00904652
125.039 -0.00904652
125.171 -0.00904652
125.303 -0.00904652
125.434 -0.00904652
125.566 -0.00904652
125.698 -0.00904652
125.83 -0.00904652
125.961 -0.00904652
126.093 -0.00904652
126.225 -0.00904652
126.357 -0.00904652
126.488 -0.00904652
126.62 -0.00904652
126.752 -0.00904652
126.884 -0.00904652
127.015 -0.00904652
127.147 -0.00904652
127.279 -0.00904652
127.411 -0.00904652
127.542 -0.00904652
127.674 -0.00904652
127.806 -0.00904652
127.938 -0.00904652
128.069 -0.00904652
128.201 -0.00904652
128.333 -0.00904652
128.465 -0.00904652
128.596 -0.00904652
128.728 -0.00904652
128.86 -0.00904652
128.992 -0.00904652
129.123 -0.00904652
129.255 -0.00904652
129.387 -0.00904652
