-6.01216 1.80222
-5.88041 1.51022
-5.74865 1.25257
-5.6169 1.02624
-5.48515 0.869887
-5.3534 0.501672
-5.22164 0.0938202
-5.08989 -0.221904
-4.95814 -0.447841
-4.82639 -0.63318
-4.69463 -0.8246
-4.56288 -1.03745
-4.43113 -1.1547
-4.29938 -1.09236
-4.16763 -0.919342
-4.03587 -0.604538
-3.90412 -0.321622
-3.77237 -0.0116173
-3.64062 0.430694
-3.50886 1.05473
-3.37711 1.64589
-3.24536 1.97221
-3.11361 1.94976
-2.98185 1.76293
-2.8501 1.52495
-2.71835 1.436
-2.5866 1.28986
-2.45485 0.903629
-2.32309 0.248957
-2.19134 -0.506312
-2.05959 -1.00306
-1.92784 -1.05657
-1.79608 -0.863762
-1.66433 -0.722921
-1.53258 -0.760052
-1.40083 -0.75551
-1.26907 -0.524676
-1.13732 0.0228418
-1.00557 0.781729
-0.873818 1.42638
-0.742066 1.66535
-0.610313 1.53742
-0.478561 1.23904
-0.346809 0.947345
-0.215057 0.657059
-0.0833042 0.204471
0.0484481 -0.265236
0.1802 -0.657155
0.311953 -0.722618
0.443705 -0.500411
0.575457 -0.0968449
0.70721 0.195332
0.838962 0.364918
0.970714 0.508238
1.10247 0.803496
1.23422 1.17392
1.36597 1.3185
1.49772 1.09855
1.62948 0.57603
1.76123 0.0802219
1.89298 -0.18699
2.02473 -0.201835
2.15648 -0.150145
2.28824 -0.191789
2.41999 -0.252748
2.55174 -0.100178
2.68349 0.429564
2.81525 1.08267
2.947 1.56773
3.07875 1.59629
3.2105 1.21414
3.34226 0.668716
3.47401 0.20549
3.60576 -0.172731
3.73751 -0.57119
3.86926 -1.0049
4.00102 -1.30887
4.13277 -1.29441
4.26452 -0.861263
4.39627 -0.205516
4.52803 0.455309
4.65978 0.999099
4.79153 1.46547
4.92328 1.89603
5.05504 2.19075
5.18679 2.15845
5.31854 1.7256
5.45029 1.07228
5.58204 0.520398
5.7138 0.260129
5.84555 0.189311
5.9773 0.0426752
6.10905 -0.309434
6.24081 -0.700323
6.37256 -0.8209
6.50431 -0.539848
6.63606 -0.0588752
6.76782 0.268545
6.89957 0.280127
7.03132 0.159485
7.16307 0.23796
7.29482 0.64055
7.42658 1.13774
7.55833 1.35797
7.69008 1.14639
7.82183 0.705726
7.95359 0.380652
8.08534 0.314401
8.21709 0.333792
8.34884 0.174518
8.4806 -0.200001
8.61235 -0.529481
8.7441 -0.514556
8.87585 -0.13147
9.0076 0.328291
9.13936 0.536969
9.27111 0.438435
9.40286 0.269446
9.53461 0.285396
9.66637 0.492689
9.79812 0.673247
9.92987 0.662475
10.0616 0.561925
10.1934 0.637926
10.3251 1.00598
10.4569 1.44962
10.5886 1.59344
10.7204 1.27023
10.8521 0.699031
10.9839 0.274613
11.1156 0.178048
11.2474 0.216501
11.3791 0.0658215
11.5109 -0.340981
11.6427 -0.703775
11.7744 -0.660682
11.9062 -0.195634
12.0379 0.296581
12.1697 0.387849
12.3014 0.0642081
12.4332 -0.228588
12.5649 -0.0154744
12.6967 0.72193
12.8284 1.49748
12.9602 1.76699
13.0919 1.42219
13.2237 0.839844
13.3554 0.457816
13.4872 0.338161
13.6189 0.177269
13.7507 -0.26705
13.8824 -0.818013
14.0142 -1.00785
14.1459 -0.576211
14.2777 0.199596
14.4094 0.728119
14.5412 0.680695
14.673 0.32321
14.8047 0.236729
14.9365 0.701125
15.0682 1.38797
15.2 1.69929
15.3317 1.4038
15.4635 0.888376
15.5952 0.736901
15.727 1.07398
15.8587 1.39198
15.9905 1.08603
16.1222 0.151628
16.254 -0.720288
16.3857 -0.809205
16.5175 -0.12758
16.6492 0.540573
16.781 0.420716
16.9127 -0.433838
17.0445 -1.15901
17.1762 -0.960237
17.308 0.042708
17.4398 0.917313
17.5715 0.904201
17.7033 0.258898
17.835 0.0109851
17.9668 0.825185
18.0985 2.15759
18.2303 2.68447
18.362 1.67304
18.4938 -0.107802
18.6255 -0.989243
18.7573 -0.0466928
18.889 1.84506
19.0208 2.70197
19.1525 1.281
19.2843 -1.74499
19.416 -4.50576
19.5478 -5.79293
19.6795 -6.00758
19.8113 -6.01305
19.943 -5.04997
20.0748 -0.286844
20.2066 10.657
20.3383 25.9069
20.4701 37.8804
20.6018 36.4908
20.7336 15.5184
20.8653 -22.3132
20.9971 -65.3859
21.1288 -98.3707
21.2606 -108.884
21.3923 -91.5751
21.5241 -48.4859
21.6558 12.3577
21.7876 77.9585
21.9193 131.279
22.0511 154.508
22.1828 135.827
22.3146 76.8432
22.4463 -4.98002
22.5781 -82.6024
22.7098 -132.053
22.8416 -143.708
22.9733 -124.719
23.1051 -91.38
23.2369 -57.5881
23.3686 -27.9645
23.5004 0.267592
23.6321 29.9532
23.7639 58.4961
23.8956 78.889
24.0274 85.63
24.1591 79.5626
24.2909 67.085
24.4226 54.6256
24.5544 43.5679
24.6861 30.1404
24.8179 10.0709
24.9496 -16.4221
25.0814 -43.7219
25.2131 -64.4963
25.3449 -74.4823
25.4766 -74.3527
25.6084 -67.6843
25.7401 -57.5169
25.8719 -44.7417
26.0037 -29.2608
26.1354 -12.0603
26.2672 4.26367
26.3989 17.0873
26.5307 25.7331
26.6624 31.7532
26.7942 37.2032
26.9259 42.587
27.0577 46.411
27.1894 46.65
27.3212 42.6106
27.4529 35.4373
27.5847 26.9543
27.7164 18.1352
27.8482 8.70873
27.9799 -1.85737
28.1117 -13.1303
28.2434 -23.5272
28.3752 -31.3337
28.5069 -35.8926
28.6387 -37.8345
28.7705 -38.223
28.9022 -37.52
29.034 -35.3459
29.1657 -31.1383
29.2975 -24.9484
29.4292 -17.5768
29.561 -9.99867
29.6927 -2.7203
29.8245 4.30564
29.9562 11.2199
30.088 17.8031
30.2197 23.4948
30.3515 27.8019
30.4832 30.6098
30.615 32.0719
30.7467 32.2429
30.8785 30.9032
31.0102 27.7922
31.142 23.0018
31.2737 17.0937
31.4055 10.7837
31.5372 4.49726
31.669 -1.76138
31.8008 -8.09933
31.9325 -14.3025
32.0643 -19.7238
32.196 -23.6218
32.3278 -25.6487
32.4595 -26.0649
32.5913 -25.5204
32.723 -24.6224
32.8548 -23.6305
32.9865 -22.4329
33.1183 -20.6913
33.25 -17.9798
33.3818 -13.8842
33.5135 -8.16251
33.6453 -1.00035
33.777 6.79461
33.9088 13.8994
34.0405 18.9514
34.1723 21.162
34.304 20.6821
34.4358 18.4849
34.5676 15.8567
34.6993 13.8306
34.8311 12.8703
34.9628 12.8914
35.0946 13.4908
35.2263 14.1968
35.3581 14.6234
35.4898 14.5088
35.6216 13.6716
35.7533 11.9375
35.8851 9.10421
36.0168 5.00881
36.1486 -0.311738
36.2803 -6.47648
36.4121 -12.7809
36.5438 -18.4275
36.6756 -22.8328
36.8073 -25.7886
36.9391 -27.3638
37.0708 -27.657
37.2026 -26.6437
37.3344 -24.2589
37.4661 -20.6144
37.5979 -16.1049
37.7296 -11.2665
37.8614 -6.50475
37.9931 -1.95114
38.1249 2.41583
38.2566 6.52393
38.3884 10.1098
38.5201 12.8969
38.6519 14.8787
38.7836 16.3986
38.9154 17.8893
39.0471 19.4715
39.1789 20.7665
39.3106 21.1131
39.4424 20.0184
39.5741 17.4828
39.7059 13.9636
39.8376 10.0695
39.9694 6.27323
40.1011 2.84041
40.2329 -0.0801306
40.3647 -2.39471
40.4964 -4.12231
40.6282 -5.46268
40.7599 -6.71378
40.8917 -8.04168
41.0234 -9.30622
41.1552 -10.1465
41.2869 -10.2988
41.4187 -9.87939
41.5504 -9.36556
41.6822 -9.27056
41.8139 -9.78043
41.9457 -10.6489
42.0774 -11.4039
42.2092 -11.6517
42.3409 -11.2243
42.4727 -10.1152
42.6044 -8.36039
42.7362 -6.03117
42.8679 -3.32187
42.9997 -0.568075
43.1315 1.90818
43.2632 4.01703
43.395 5.95385
43.5267 7.98491
43.6585 10.1317
43.7902 12.0527
43.922 13.2652
44.0537 13.5308
44.1855 13.0655
44.3172 12.3771
44.449 11.873
44.5807 11.5777
44.7125 11.1882
44.8442 10.3817
44.976 9.07968
45.1077 7.45181
45.2395 5.70546
45.3712 3.89456
45.503 1.9217
45.6347 -0.306482
45.7665 -2.75097
45.8983 -5.25828
46.03 -7.6717
46.1618 -9.8941
46.2935 -11.8401
46.4253 -13.3582
46.557 -14.2439
46.6888 -14.3577
46.8205 -13.7348
46.9523 -12.5679
47.084 -11.0758
47.2158 -9.38792
47.3475 -7.55346
47.4793 -5.6395
47.611 -3.78406
47.7428 -2.12098
47.8745 -0.649615
48.0063 0.794356
48.138 2.40007
48.2698 4.18627
48.4015 5.93985
48.5333 7.36274
48.665 8.3004
48.7968 8.84076
48.9286 9.19591
49.0603 9.48932
49.1921 9.65766
49.3238 9.55317
49.4556 9.12801
49.5873 8.50382
49.7191 7.85579
49.8508 7.23487
49.9826 6.51569
50.1143 5.526
50.2461 4.22737
50.3778 2.76763
50.5096 1.36015
50.6413 0.119227
50.7731 -0.984624
50.9048 -2.02162
51.0366 -2.98024
51.1683 -3.76662
51.3001 -4.32698
51.4318 -4.75413
51.5636 -5.2501
51.6954 -5.9662
51.8271 -6.87126
51.9589 -7.77186
52.0906 -8.45569
52.2224 -8.81289
52.3541 -8.82939
52.4859 -8.49318
52.6176 -7.74623
52.7494 -6.55208
52.8811 -5.00418
53.0129 -3.33502
53.1446 -1.78203
53.2764 -0.423825
53.4081 0.85005
53.5399 2.19583
53.6716 3.63307
53.8034 5.00211
53.9351 6.10178
54.0669 6.8638
54.1986 7.38109
54.3304 7.76043
54.4622 7.9616
54.5939 7.81647
54.7257 7.24719
54.8574 6.48494
54.9892 6.04576
55.1209 6.40597
55.2527 7.58169
55.3844 8.92903
55.5162 9.35015
55.6479 7.82446
55.7797 3.98202
55.9114 -1.58189
56.0432 -7.41329
56.1749 -11.7003
56.3067 -12.9831
56.4384 -10.7908
56.5702 -5.91503
56.7019 -0.14617
56.8337 4.45552
56.9654 6.41371
57.0972 5.37226
57.2289 2.0467
57.3607 -2.3107
57.4925 -6.54022
57.6242 -9.91157
57.756 -12.0722
57.8877 -12.8307
58.0195 -12.0741
58.1512 -9.90538
58.283 -6.80638
58.4147 -3.56979
58.5465 -0.950576
58.6782 0.727457
58.81 1.69833
58.9417 2.50924
59.0735 3.60189
59.2052 5.03959
59.337 6.54718
59.4687 7.76069
59.6005 8.44751
59.7322 8.55253
59.864 8.12285
59.9957 7.25556
60.1275 6.12673
60.2593 5.018
60.391 4.23092
60.5228 3.90512
60.6545 3.89365
60.7863 3.83871
60.918 3.4211
61.0498 2.58866
61.1815 1.57101
61.3133 0.66913
61.445 0.00387178
61.5768 -0.562911
61.7085 -1.27854
61.8403 -2.2624
61.972 -3.38422
62.1038 -4.34606
62.2355 -4.88384
62.3673 -4.92546
62.499 -4.60546
62.6308 -4.15987
62.7625 -3.79634
62.8943 -3.6148
63.0261 -3.59315
63.1578 -3.6166
63.2896 -3.53305
63.4213 -3.22412
63.5531 -2.66817
63.6848 -1.9558
63.8166 -1.23655
63.9483 -0.627008
64.0801 -0.147673
64.2118 0.263987
64.3436 0.682908
64.4753 1.13563
64.6071 1.60065
64.7388 2.05707
64.8706 2.52307
65.0023 3.04261
65.1341 3.63736
65.2658 4.27536
65.3976 4.8849
65.5293 5.3914
65.6611 5.73569
65.7928 5.86465
65.9246 5.72674
66.0564 5.30222
66.1881 4.64875
66.3199 3.90515
66.4516 3.22253
66.5834 2.66477
66.7151 2.16478
66.8469 1.58385
66.9786 0.828485
67.1104 -0.0767133
67.2421 -1.02087
67.3739 -1.90464
67.5056 -2.70573
67.6374 -3.45399
67.7691 -4.15409
67.9009 -4.74571
68.0326 -5.1445
68.1644 -5.31529
68.2961 -5.29237
68.4279 -5.12141
68.5596 -4.78949
68.6914 -4.23017
68.8232 -3.4116
68.9549 -2.41917
69.0867 -1.4369
69.2184 -0.629298
69.3502 -0.0307451
69.4819 0.450857
69.6137 0.92098
69.7454 1.39182
69.8772 1.79128
70.0089 2.07488
70.1407 2.31588
70.2724 2.63488
70.4042 3.1474
70.5359 3.83498
70.6677 4.42702
70.7994 4.80952
70.9312 4.93061
71.0629 4.90127
71.1947 4.84209
71.3264 4.70117
71.4582 4.3087
71.59 3.57655
71.7217 2.56518
71.8535 1.46161
71.9852 0.554331
72.117 -0.0883991
72.2487 -0.419292
72.3805 -0.622198
72.5122 -0.746752
72.644 -0.81769
72.7757 -0.949648
72.9075 -1.3319
73.0392 -2.01381
73.171 -2.92409
73.3027 -3.84231
73.4345 -4.4832
73.5662 -4.65401
73.698 -4.33116
73.8297 -3.75038
73.9615 -3.04247
74.0932 -2.16173
74.225 -1.22546
74.3567 -0.200893
74.4885 0.648052
74.6203 1.21135
74.752 1.37839
74.8838 1.23661
75.0155 1.05865
75.1473 0.933019
75.279 0.890131
75.4108 1.02945
75.5425 1.31184
75.6743 1.68501
75.806 2.05147
75.9378 2.29979
76.0695 2.44609
76.2013 2.50127
76.333 2.49872
76.4648 2.55478
76.5965 2.56026
76.7283 2.43012
76.86 1.93844
76.9918 1.26
77.1235 0.587903
77.2553 0.157906
77.3871 0.0462483
77.5188 0.00660733
77.6506 -0.0573542
77.7823 -0.224675
77.9141 -0.451467
78.0458 -0.536868
78.1776 -0.433861
78.3093 -0.276511
78.4411 -0.313453
78.5728 -0.591076
78.7046 -1.07864
78.8363 -1.5079
78.9681 -1.78454
79.0998 -1.87994
79.2316 -1.84468
79.3633 -1.65584
79.4951 -1.27991
79.6268 -0.854796
79.7586 -0.278316
79.8903 0.161662
80.0221 0.42909
80.1538 0.534229
80.2856 0.566875
80.4174 0.632233
80.5491 0.716207
80.6809 0.828505
80.8126 0.843052
80.9444 0.79066
81.0761 0.777616
81.2079 0.896532
81.3396 1.06136
81.4714 1.29084
81.6031 1.33829
81.7349 1.26283
81.8666 1.16749
81.9984 1.098
82.1301 0.977563
82.2619 0.753368
82.3936 0.537563
82.5254 0.331621
82.6571 0.192263
82.7889 0.15761
82.9206 0.281718
83.0524 0.306566
83.1842 0.29509
83.3159 0.293606
83.4477 0.231945
83.5794 0.102816
83.7112 -0.202029
83.8429 -0.614858
83.9747 -1.01082
84.1064 -1.15675
84.2382 -0.998904
84.3699 -0.627554
84.5017 -0.124487
84.6334 0.252078
84.7652 0.516619
84.8969 0.52855
85.0287 0.39398
85.1604 0.218022
85.2922 0.00553597
85.4239 -0.147147
85.5557 -0.260307
85.6874 -0.274357
85.8192 -0.170023
85.951 -0.022832
86.0827 0.0314724
86.2145 0.102723
86.3462 0.143097
86.478 0.265974
86.6097 0.426776
86.7415 0.58428
86.8732 0.553681
87.005 0.493391
87.1367 0.478261
87.2685 0.448577
87.4002 0.385856
87.532 0.362228
87.6637 0.271311
87.7955 0.268464
87.9272 0.306582
88.059 0.455641
88.1907 0.659327
88.3225 0.740673
88.4542 0.692189
88.586 0.449083
88.7177 0.22573
88.8495 0.058735
88.9813 -0.0524543
89.113 -0.210047
89.2448 -0.358423
89.3765 -0.471552
89.5083 -0.45229
89.64 -0.289692
89.7718 -0.00533613
89.9035 0.23989
90.0353 0.358645
90.167 0.311231
90.2988 0.210632
90.4305 0.122657
90.5623 0.0345918
90.694 -0.0944295
90.8258 -0.245878
90.9575 -0.360691
91.0893 -0.282376
91.221 -0.0349896
91.3528 0.199425
91.4845 0.338095
91.6163 0.321627
91.7481 0.179483
91.8798 0.105043
92.0116 0.0917187
92.1433 0.116424
92.2751 0.129717
92.4068 0.10307
92.5386 0.136045
92.6703 0.157621
92.8021 0.196848
92.9338 0.270272
93.0656 0.211842
93.1973 0.136598
93.3291 -0.0112605
93.4608 -0.0479429
93.5926 -0.0528666
93.7243 -0.0846452
93.8561 -0.0882422
93.9878 -0.105022
94.1196 -0.100513
94.2513 -0.0521979
94.3831 0.0274629
94.5149 -0.0376493
94.6466 -0.044676
94.7784 -0.0832701
94.9101 -0.118083
95.0419 -0.0600232
95.1736 0.0736849
95.3054 0.201668
95.4371 0.297264
95.5689 0.327151
95.7006 0.310384
95.8324 0.313147
95.9641 0.199672
96.0959 0.0689533
96.2276 -0.0756619
96.3594 -0.19301
96.4911 -0.27421
96.6229 -0.241699
96.7546 -0.108062
96.8864 0.067106
97.0181 0.17294
97.1499 0.282726
97.2816 0.274678
97.4134 0.224669
97.5452 0.118633
97.6769 -0.0280474
97.8087 -0.118043
97.9404 -0.151537
98.0722 -0.161979
98.2039 -0.132132
98.3357 -0.0880984
98.4674 -0.0513836
98.5992 -0.0708591
98.7309 -0.0233729
98.8627 0.117085
98.9944 0.227254
99.1262 0.229727
99.2579 0.165469
99.3897 0.0691229
99.5214 0.0121322
99.6532 0.0048124
99.7849 0.0226041
99.9167 0.101814
100.048 0.0922217
100.18 0.0841196
100.312 0.0435034
100.444 0.0397027
100.575 -0.00718075
100.707 -0.0211869
100.839 -0.0326369
100.971 8.30363e-05
101.102 0.0153707
101.234 0.00114331
101.366 0.0070788
101.498 -0.00186836
101.629 0.00719357
101.761 0.00475455
101.893 0.0302304
102.025 0.0441021
102.156 0.0259028
102.288 -0.00396335
102.42 -0.0180147
102.552 -0.00467498
102.683 -0.0152971
102.815 0.0158481
102.947 0.0105633
103.079 0.00311383
103.211 -0.00223744
103.342 0.0104449
103.474 0.0129049
103.606 0.0141376
103.738 0.011751
103.869 0.00451242
104.001 -0.00630453
104.133 0.00766665
104.265 0.00305518
104.396 0.0107057
104.528 0.0107057
104.66 0.0107057
104.792 0.0107057
104.923 0.0107057
105.055 0.0107057
105.187 0.0107057
105.319 0.0107057
105.45 0.0107057
105.582 0.0107057
105.714 0.0107057
105.846 0.0107057
105.977 0.0107057
106.109 0.0107057
106.241 0.0107057
106.373 0.0107057
106.504 0.0107057
106.636 0.0107057
106.768 0.0107057
106.9 0.0107057
107.031 0.0107057
107.163 0.0107057
107.295 0.0107057
107.427 0.0107057
107.558 0.0107057
107.69 0.0107057
107.822 0.0107057
107.954 0.0107057
108.085 0.0107057
108.217 0.0107057
108.349 0.0107057
108.481 0.0107057
108.612 0.0107057
108.744 0.0107057
108.876 0.0107057
109.008 0.0107057
109.139 0.0107057
109.271 0.0107057
109.403 0.0107057
109.535 0.0107057
109.666 0.0107057
109.798 0.0107057
109.93 0.0107057
110.062 0.0107057
110.193 0.0107057
110.325 0.0107057
110.457 0.0107057
110.589 0.0107057
110.72 0.0107057
110.852 0.0107057
110.984 0.0107057
111.116 0.0107057
111.247 0.0107057
111.379 0.0107057
111.511 0.0107057
111.643 0.0107057
111.774 0.0107057
111.906 0.0107057
112.038 0.0107057
112.17 0.0107057
112.301 0.0107057
112.433 0.0107057
112.565 0.0107057
112.697 0.0107057
112.828 0.0107057
112.96 0.0107057
113.092 0.0107057
113.224 0.0107057
113.355 0.0107057
113.487 0.0107057
113.619 0.0107057
113.751 0.0107057
113.882 0.0107057
114.014 0.0107057
114.146 0.0107057
114.278 0.0107057
114.409 0.0107057
114.541 0.0107057
114.673 0.0107057
114.805 0.0107057
114.936 0.0107057
115.068 0.0107057
115.2 0.0107057
115.332 0.0107057
115.463 0.0107057
115.595 0.0107057
115.727 0.0107057
115.859 0.0107057
115.99 0.0107057
116.122 0.0107057
116.254 0.0107057
116.386 0.0107057
116.517 0.0107057
116.649 0.0107057
116.781 0.0107057
116.913 0.0107057
117.044 0.0107057
117.176 0.0107057
117.308 0.0107057
117.44 0.0107057
117.572 0.0107057
117.703 0.0107057
117.835 0.0107057
117.967 0.0107057
118.099 0.0107057
118.23 0.0107057
118.362 0.0107057
118.494 0.0107057
118.626 0.0107057
118.757 0.0107057
118.889 0.0107057
119.021 0.0107057
119.153 0.0107057
119.284 0.0107057
119.416 0.0107057
119.548 0.0107057
119.68 0.0107057
119.811 0.0107057
119.943 0.0107057
120.075 0.0107057
120.207 0.0107057
120.338 0.0107057
120.47 0.0107057
120.602 0.0107057
120.734 0.0107057
120.865 0.0107057
120.997 0.0107057
121.129 0.0107057
121.261 0.0107057
121.392 0.0107057
121.524 0.0107057
121.656 0.0107057
121.788 0.0107057
121.919 0.0107057
122.051 0.0107057
122.183 0.0107057
122.315 0.0107057
122.446 0.0107057
122.578 0.0107057
122.71 0.0107057
122.842 0.0107057
122.973 0.0107057
123.105 0.0107057
123.237 0.0107057
123.369 0.0107057
123.5 0.0107057
123.632 0.0107057
123.764 0.0107057
123.896 0.0107057
124.027 0.0107057
124.159 0.0107057
124.291 0.0107057
124.423 0.0107057
124.554 0.0107057
124.686 0.0107057
124.818 0.0107057
124.95 0.0107057
125.081 0.0107057
125.213 0.0107057
125.345 0.0107057
125.477 0.0107057
125.608 0.0107057
125.74 0.0107057
125.872 0.0107057
126.004 0.0107057
126.135 0.0107057
126.267 0.0107057
126.399 0.0107057
126.531 0.0107057
126.662 0.0107057
126.794 0.0107057
126.926 0.0107057
127.058 0.0107057
127.189 0.0107057
127.321 0.0107057
127.453 0.0107057
127.585 0.0107057
127.716 0.0107057
127.848 0.0107057
127.98 0.0107057
128.112 0.0107057
128.243 0.0107057
128.375 0.0107057
128.507 0.0107057
128.639 0.0107057
128.77 0.0107057
