-3.38097 -0.992123
-3.24922 -0.375831
-3.11747 0.234922
-2.98571 0.564903
-2.85396 0.631753
-2.72221 0.607933
-2.59046 0.701205
-2.4587 0.845266
-2.32695 0.891235
-2.1952 0.582729
-2.06345 0.128982
-1.93169 -0.270647
-1.79994 -0.342569
-1.66819 -0.169538
-1.53644 0.13174
-1.40469 0.356125
-1.27293 0.414918
-1.14118 0.482844
-1.00943 0.565164
-0.877676 0.683508
-0.745924 0.715567
-0.614172 0.573003
-0.482419 0.465663
-0.350667 0.561737
-0.218915 0.834172
-0.0871624 1.21936
0.0445899 1.36784
0.176342 1.26028
0.308095 0.982722
0.439847 0.678806
0.571599 0.378811
0.703351 -0.0652735
0.835104 -0.670538
0.966856 -1.25358
1.09861 -1.50911
1.23036 -1.17078
1.36211 -0.354331
1.49387 0.563761
1.62562 1.21803
1.75737 1.49769
1.88912 1.46111
2.02087 1.27489
2.15263 0.981235
2.28438 0.552042
2.41613 0.0502299
2.54788 -0.304677
2.67964 -0.283087
2.81139 0.124609
2.94314 0.640979
3.07489 0.916698
3.20665 0.737202
3.3384 0.229031
3.47015 -0.270323
3.6019 -0.603364
3.73365 -0.807349
3.86541 -0.986387
3.99716 -1.11386
4.12891 -1.02574
4.26066 -0.625462
4.39242 -0.0667936
4.52417 0.320503
4.65592 0.327946
4.78767 0.106523
4.91943 0.0102003
5.05118 0.360609
5.18293 0.999618
5.31468 1.54243
5.44643 1.64966
5.57819 1.34791
5.70994 0.975931
5.84169 0.847813
5.97344 0.980346
6.1052 1.14625
6.23695 1.16321
6.3687 1.08597
6.50045 1.09215
6.63221 1.20431
6.76396 1.18557
6.89571 0.738757
7.02746 -0.061146
7.15921 -0.847375
7.29097 -1.18136
7.42272 -0.973008
7.55447 -0.564723
7.68622 -0.394591
7.81798 -0.567963
7.94973 -0.77247
8.08148 -0.624365
8.21323 -0.0853328
8.34499 0.488924
8.47674 0.720998
8.60849 0.606653
8.74024 0.482838
8.87199 0.675491
9.00375 1.01408
9.1355 0.993407
9.26725 0.280706
9.399 -0.866288
9.53076 -1.73919
9.66251 -1.77792
9.79426 -1.05177
9.92601 -0.148823
10.0578 0.410048
10.1895 0.611713
10.3213 0.853324
10.453 1.38336
10.5848 1.95166
10.7165 2.04582
10.8483 1.47023
10.98 0.63395
11.1118 0.194958
11.2435 0.405059
11.3753 0.851924
11.507 0.902668
11.6388 0.40292
11.7705 -0.122781
11.9023 -0.0240171
12.034 0.72746
12.1658 1.41164
12.2976 1.25507
12.4293 0.232639
12.5611 -0.734966
12.6928 -0.793174
12.8246 0.0526725
12.9563 0.878652
13.0881 0.798811
13.2198 -0.07616
13.3516 -0.711135
13.4833 -0.256324
13.6151 0.927881
13.7468 1.45594
13.8786 0.221536
14.0103 -2.48375
14.1421 -5.23088
14.2738 -6.84903
14.4056 -7.40604
14.5373 -7.53134
14.6691 -6.65325
14.8008 -2.25046
14.9326 8.3153
15.0644 24.2707
15.1961 39.2702
15.3279 43.2922
15.4596 28.2623
15.5914 -6.15128
15.7231 -50.6997
15.8549 -90.094
15.9866 -109.599
16.1184 -100.685
16.2501 -63.2267
16.3819 -4.7579
16.5136 61.5258
16.6454 118.903
16.7771 150.491
16.9089 144.302
17.0406 99.4465
17.1724 28.4829
17.3041 -46.4841
17.4359 -103.396
17.5676 -130.114
17.6994 -128.299
17.8312 -109.024
17.9629 -83.8076
18.0947 -57.8494
18.2264 -29.8832
18.3582 2.57814
18.4899 37.9731
18.6217 70.019
18.7534 91.6945
18.8852 99.8396
19.0169 96.2648
19.1487 84.8814
19.2804 68.0553
19.4122 45.7317
19.5439 17.8292
19.6757 -12.9096
19.8074 -40.8116
19.9392 -60.3388
20.0709 -69.6038
20.2027 -71.1214
20.3344 -69.1384
20.4662 -65.9883
20.5979 -60.6668
20.7297 -50.6346
20.8615 -34.9059
20.9932 -15.5162
21.125 3.79567
21.2567 20.2145
21.3885 33.2817
21.5202 44.0126
21.652 52.8608
21.7837 58.6576
21.9155 59.5144
22.0472 54.6829
22.179 45.4968
22.3107 34.5021
22.4425 23.6486
22.5742 13.2368
22.706 2.47775
22.8377 -9.03076
22.9695 -20.3848
23.1012 -29.8185
23.233 -35.9797
23.3647 -38.8049
23.4965 -39.2717
23.6283 -38.4151
23.76 -36.59
23.8918 -33.565
24.0235 -29.1554
24.1553 -23.651
24.287 -17.6347
24.4188 -11.476
24.5505 -5.0887
24.6823 1.79854
24.814 9.16872
24.9458 16.5371
25.0775 23.2165
25.2093 28.7105
25.341 32.8229
25.4728 35.4241
25.6045 36.2057
25.7363 34.765
25.868 30.9889
25.9998 25.3483
26.1315 18.7653
26.2633 12.1152
26.3951 5.78789
26.5268 -0.315579
26.6586 -6.37839
26.7903 -12.251
26.9221 -17.4092
27.0538 -21.3132
27.1856 -23.8341
27.3173 -25.3655
27.4491 -26.5269
27.5808 -27.6958
27.7126 -28.71
27.8443 -28.9164
27.9761 -27.4712
28.1078 -23.7917
28.2396 -17.7418
28.3713 -9.80512
28.5031 -1.0176
28.6348 7.26269
28.7666 13.7331
28.8983 17.5677
29.0301 18.7053
29.1618 17.8502
29.2936 16.1616
29.4254 14.7723
29.5571 14.3677
29.6889 15.0118
29.8206 16.2712
29.9524 17.5331
30.0841 18.3207
30.2159 18.4546
30.3476 17.9705
30.4794 16.8968
30.6111 15.0891
30.7429 12.2034
30.8746 8.0025
31.0064 2.57876
31.1381 -3.61881
31.2699 -9.90925
31.4016 -15.7148
31.5334 -20.7267
31.6651 -24.8031
31.7969 -27.8573
31.9286 -29.576
32.0604 -29.6257
32.1922 -27.8916
32.3239 -24.6486
32.4557 -20.3864
32.5874 -15.6466
32.7192 -10.7594
32.8509 -5.89429
32.9827 -1.24169
33.1144 2.90108
33.2462 6.27851
33.3779 8.93074
33.5097 11.2683
33.6414 13.8142
33.7732 16.7712
33.9049 19.7656
34.0367 22.0316
34.1684 22.8703
34.3002 22.0403
34.4319 19.8591
34.5637 16.9704
34.6954 13.9028
34.8272 10.943
34.959 8.18262
35.0907 5.64413
35.2225 3.31527
35.3542 1.09808
35.486 -1.18852
35.6177 -3.67281
35.7495 -6.25672
35.8812 -8.59086
36.013 -10.2732
36.1447 -11.1334
36.2765 -11.3644
36.4082 -11.3872
36.54 -11.5616
36.6717 -11.98
36.8035 -12.4829
36.9352 -12.8317
37.067 -12.8609
37.1987 -12.5019
37.3305 -11.727
37.4622 -10.5246
37.594 -8.94093
37.7257 -7.10493
37.8575 -5.15501
37.9893 -3.10833
38.121 -0.819056
38.2528 1.87941
38.3845 4.93715
38.5163 7.97743
38.648 10.4611
38.7798 12.0324
38.9115 12.7751
39.0433 13.1358
39.175 13.5665
39.3068 14.2153
39.4385 14.7828
39.5703 14.8148
39.702 14.0539
39.8338 12.6173
39.9655 10.8774
40.0973 9.17352
40.229 7.59218
40.3608 5.92423
40.4925 3.95605
40.6243 1.48564
40.7561 -1.48603
40.8878 -4.78071
41.0196 -8.1005
41.1513 -11.0997
41.2831 -13.464
41.4148 -14.9759
41.5466 -15.6138
41.6783 -15.4724
41.8101 -14.7246
41.9418 -13.5354
42.0736 -12.0313
42.2053 -10.32
42.3371 -8.51405
42.4688 -6.72319
42.6006 -5.02402
42.7323 -3.44919
42.8641 -2.00992
42.9958 -0.716994
43.1276 0.441364
43.2593 1.55019
43.3911 2.77504
43.5229 4.27223
43.6546 6.0451
43.7864 7.87062
43.9181 9.38953
44.0499 10.3303
44.1816 10.6191
44.3134 10.5092
44.4451 10.17
44.5769 9.76694
44.7086 9.25062
44.8404 8.65467
44.9721 7.99559
45.1039 7.37806
45.2356 6.82791
45.3674 6.19272
45.4991 5.22132
45.6309 3.77751
45.7626 2.01589
45.8944 0.299107
46.0261 -1.10492
46.1579 -2.13022
46.2896 -3.10115
46.4214 -4.35173
46.5532 -5.9657
46.6849 -7.67259
46.8167 -9.03853
46.9484 -9.76948
47.0802 -9.88424
47.2119 -9.64401
47.3437 -9.33319
47.4754 -9.08479
47.6072 -8.85119
47.7389 -8.51294
47.8707 -7.96415
48.0024 -7.13732
48.1342 -5.98373
48.2659 -4.47544
48.3977 -2.68029
48.5294 -0.64131
48.6612 1.42131
48.7929 3.34244
48.9247 5.00349
49.0564 6.32066
49.1882 7.20505
49.32 7.60207
49.4517 7.52377
49.5835 7.26086
49.7152 7.30789
49.847 8.15816
49.9787 9.96443
50.1105 12.2792
50.2422 14.0755
50.374 14.1163
50.5057 11.5475
50.6375 6.44115
50.7692 -0.0118712
50.901 -5.83371
51.0327 -9.04384
51.1645 -8.54354
51.2962 -4.75364
51.428 0.626576
51.5597 5.32725
51.6915 7.5564
51.8232 6.71703
51.955 3.44002
52.0868 -0.995139
52.2185 -5.40699
52.3503 -9.14447
52.482 -12.0296
52.6138 -14.0231
52.7455 -14.9852
52.8773 -14.7321
53.009 -13.2757
53.1408 -10.9636
53.2725 -8.35002
53.4043 -5.89461
53.536 -3.74764
53.6678 -1.79804
53.7995 0.10398
53.9313 1.93256
54.063 3.4907
54.1948 4.57997
54.3265 5.21261
54.4583 5.59106
54.59 5.99386
54.7218 6.60485
54.8535 7.43682
54.9853 8.35784
55.1171 9.15217
55.2488 9.56493
55.3806 9.33931
55.5123 8.35751
55.6441 6.69436
55.7758 4.71114
55.9076 2.9414
56.0393 1.84156
56.1711 1.53955
56.3028 1.77386
56.4346 1.96322
56.5663 1.63318
56.6981 0.60656
56.8298 -0.917196
56.9616 -2.44234
57.0933 -3.49519
57.2251 -3.82092
57.3568 -3.50276
57.4886 -2.90802
57.6203 -2.50059
57.7521 -2.61045
57.8839 -3.27775
58.0156 -4.2571
58.1474 -5.17791
58.2791 -5.75014
58.4109 -5.93782
58.5426 -5.80556
58.6744 -5.51072
58.8061 -5.1273
58.9379 -4.62347
59.0696 -3.94446
59.2014 -3.1548
59.3331 -2.31919
59.4649 -1.49875
59.5966 -0.648203
59.7284 0.293298
59.8601 1.33831
59.9919 2.44712
60.1236 3.38039
60.2554 4.02908
60.3871 4.42323
60.5189 4.71094
60.6507 5.10303
60.7824 5.71257
60.9142 6.49981
61.0459 7.30285
61.1777 7.91844
61.3094 8.16211
61.4412 7.9735
61.5729 7.34386
61.7047 6.36902
61.8364 5.208
61.9682 4.01925
62.0999 2.88925
62.2317 1.80214
62.3634 0.676376
62.4952 -0.560165
62.6269 -1.91809
62.7587 -3.35261
62.8904 -4.8023
63.0222 -6.20389
63.1539 -7.48226
63.2857 -8.44553
63.4174 -8.91723
63.5492 -8.78584
63.681 -8.11598
63.8127 -7.14149
63.9445 -6.13148
64.0762 -5.22355
64.208 -4.36047
64.3397 -3.38632
64.4715 -2.22164
64.6032 -0.965911
64.735 0.164587
64.8667 0.991877
64.9985 1.53523
65.1302 1.98544
65.262 2.56443
65.3937 3.3694
65.5255 4.32101
65.6572 5.23515
65.789 5.94401
65.9207 6.35324
66.0525 6.47523
66.1842 6.34744
66.316 5.98752
66.4478 5.41992
66.5795 4.72998
66.7113 3.9803
66.843 3.26143
66.9748 2.6296
67.1065 2.10284
67.2383 1.59222
67.37 0.963034
67.5018 0.101979
67.6335 -0.994366
67.7653 -2.17416
67.897 -3.17562
68.0288 -3.7548
68.1605 -3.8192
68.2923 -3.49293
68.424 -2.97056
68.5558 -2.48106
68.6875 -2.12312
68.8193 -1.92062
68.951 -1.74697
69.0828 -1.6295
69.2146 -1.65504
69.3463 -1.74571
69.4781 -1.82752
69.6098 -1.7978
69.7416 -1.64444
69.8733 -1.44879
70.0051 -1.29574
70.1368 -1.18471
70.2686 -0.996809
70.4003 -0.653451
70.5321 -0.100003
70.6638 0.564399
70.7956 1.16905
70.9273 1.75601
71.0591 2.23404
71.1908 2.79264
71.3226 3.30047
71.4543 3.64282
71.5861 3.68707
71.7178 3.322
71.8496 2.76816
71.9813 2.2028
72.1131 1.75765
72.2449 1.46275
72.3766 1.1783
72.5084 0.941563
72.6401 0.887611
72.7719 0.886092
72.9036 0.95127
73.0354 0.939284
73.1671 0.694249
73.2989 0.153862
73.4306 -0.478698
73.5624 -1.14977
73.6941 -1.70441
73.8259 -2.0716
73.9576 -2.33806
74.0894 -2.39862
74.2211 -2.1713
74.3529 -1.78719
74.4846 -1.33594
74.6164 -0.898757
74.7481 -0.678713
74.8799 -0.470222
75.0117 -0.276348
75.1434 0.0170269
75.2752 0.268327
75.4069 0.406031
75.5387 0.364475
75.6704 0.133896
75.8022 0.0461766
75.9339 0.152828
76.0657 0.304064
76.1974 0.408096
76.3292 0.425237
76.4609 0.373659
76.5927 0.392544
76.7244 0.455937
76.8562 0.588907
76.9879 0.551639
77.1197 0.546694
77.2514 0.496969
77.3832 0.461592
77.5149 0.709294
77.6467 0.910612
77.7785 1.06253
77.9102 1.02232
78.042 0.885455
78.1737 0.722819
78.3055 0.53008
78.4372 0.362987
78.569 0.251823
78.7007 0.188589
78.8325 0.131719
78.9642 0.143932
79.096 0.149186
79.2277 0.139718
79.3595 -0.0506422
79.4912 -0.175552
79.623 -0.296577
79.7547 -0.254247
79.8865 -0.102993
80.0182 0.0925822
80.15 0.107411
80.2817 0.0530052
80.4135 -0.0188494
80.5452 -0.169571
80.677 -0.346356
80.8088 -0.590595
80.9405 -0.787367
81.0723 -0.956723
81.204 -0.901461
81.3358 -0.700899
81.4675 -0.323729
81.5993 -2.08172e-06
81.731 0.327632
81.8628 0.617437
81.9945 0.850526
82.1263 0.998436
82.258 1.08605
82.3898 0.993474
82.5215 0.661753
82.6533 0.144821
82.785 -0.327851
82.9168 -0.633794
83.0485 -0.678372
83.1803 -0.568557
83.312 -0.283176
83.4438 -0.015038
83.5756 0.246156
83.7073 0.488647
83.8391 0.624011
83.9708 0.736633
84.1026 0.600906
84.2343 0.472936
84.3661 0.318819
84.4978 0.244471
84.6296 0.234807
84.7613 0.284608
84.8931 0.236582
85.0248 0.222754
85.1566 0.148186
85.2883 0.0776736
85.4201 -0.097307
85.5518 -0.210479
85.6836 -0.274606
85.8153 -0.28225
85.9471 -0.255189
86.0788 -0.250147
86.2106 -0.291845
86.3424 -0.386889
86.4741 -0.455205
86.6059 -0.376046
86.7376 -0.120168
86.8694 0.0884437
87.0011 0.153183
87.1329 0.0460524
87.2646 -0.0796527
87.3964 -0.0757205
87.5281 -0.0506352
87.6599 -0.0149066
87.7916 0.0259092
87.9234 0.0646503
88.0551 0.133456
88.1869 0.185418
88.3186 0.287827
88.4504 0.32081
88.5821 0.255135
88.7139 0.113508
88.8456 0.0556518
88.9774 0.102929
89.1091 0.176633
89.2409 0.172152
89.3727 0.145974
89.5044 0.034111
89.6362 -0.0621318
89.7679 -0.0390798
89.8997 0.0133575
90.0314 -0.014669
90.1632 -0.0233592
90.2949 0.0149283
90.4267 0.00252056
90.5584 -0.00276331
90.6902 0.052946
90.8219 0.0123925
90.9537 -0.066193
91.0854 -0.153044
91.2172 -0.230686
91.3489 -0.139326
91.4807 0.0265782
91.6124 0.161264
91.7442 0.284776
91.8759 0.342012
92.0077 0.353005
92.1395 0.342527
92.2712 0.214677
92.403 0.105705
92.5347 -0.0305533
92.6665 -0.0953794
92.7982 -0.127647
92.93 -0.155323
93.0617 -0.0363337
93.1935 -0.0103825
93.3252 -0.0196418
93.457 -0.00640548
93.5887 0.0193648
93.7205 0.0196946
93.8522 0.0550679
93.984 -0.0407263
94.1157 -0.105734
94.2475 -0.101292
94.3792 -0.0103998
94.511 -0.000290659
94.6427 -0.0121695
94.7745 0.0278717
94.9063 0.0568323
95.038 0.103508
95.1698 0.0581897
95.3015 0.0414821
95.4333 -0.0100034
95.565 -0.0453257
95.6968 -0.0583982
95.8285 -0.0788119
95.9603 -0.0164066
96.092 0.0155745
96.2238 0.0206684
96.3555 0.0224972
96.4873 0.055326
96.619 0.0939492
96.7508 0.115944
96.8825 0.10892
97.0143 0.116425
97.146 0.108714
97.2778 0.102738
97.4095 0.0673586
97.5413 0.0438937
97.673 -0.0129327
97.8048 0.0100117
97.9366 -0.00951886
98.0683 -0.00211415
98.2001 -0.0210544
98.3318 0.00499747
98.4636 -0.0117076
98.5953 -0.0565978
98.7271 -0.0594734
98.8588 -0.0816187
98.9906 -0.0532372
99.1223 -0.0588839
99.2541 -0.0951262
99.3858 -0.0829096
99.5176 -0.078717
99.6493 -0.0693666
99.7811 -0.00766612
99.9128 -0.0136371
100.045 0.0305617
100.176 0.0610233
100.308 0.0932973
100.44 0.118726
100.572 0.112294
100.703 0.112826
100.835 0.100107
100.967 0.076217
101.099 0.0705363
101.23 0.039926
101.362 0.00455832
101.494 -0.0231404
101.626 -0.0436781
101.757 -0.0779917
101.889 -0.0792189
102.021 -0.062708
102.153 -0.0320965
102.284 0.0042655
102.416 0.0351475
102.548 0.0501248
102.68 0.0441307
102.811 0.0206425
102.943 -0.00887449
103.075 -0.0501874
103.207 -0.0507146
103.338 0.00102833
103.47 0.0426798
103.602 0.0731808
103.734 0.0800496
103.865 0.0618414
103.997 0.0267217
104.129 -0.0119216
104.261 -0.0399919
104.392 -0.0467802
104.524 -0.0290759
104.656 0.00595483
104.788 0.0308075
104.919 0.0631414
105.051 0.0516282
105.183 0.0496578
105.315 0.0406613
105.446 0.0292528
105.578 0.0174836
105.71 0.00581121
105.842 -0.00368129
105.973 -0.00614692
106.105 0.00246599
106.237 0.0197713
106.369 0.0353539
106.5 0.0368138
106.632 0.0198602
106.764 -0.0062533
106.896 -0.000426305
107.027 -0.00291522
107.159 0.00570311
107.291 0.0158861
107.423 0.0164968
107.554 0.00437861
107.686 -0.0126789
107.818 -0.0222062
107.95 -0.0170662
108.081 -0.000573695
108.213 0.0172795
108.345 0.0284792
108.477 0.0325632
108.608 0.0346697
108.74 0.0558205
108.872 0.0571006
109.004 0.04792
109.135 0.0292599
109.267 0.00815888
109.399 -0.00696672
109.531 -0.0124012
109.663 -0.0110685
109.794 -0.00886887
109.926 -0.00927112
110.058 -0.0148971
110.19 -0.0131979
110.321 -0.00611816
110.453 0.00521822
110.585 0.017818
110.717 0.0284966
110.848 0.0371351
110.98 0.0437116
111.112 0.0459425
111.244 0.0403878
111.375 0.0264991
111.507 0.00926102
111.639 -0.00323659
111.771 -0.0060237
111.902 -0.0016911
112.034 0.00158894
112.166 -0.00264394
112.298 -0.0128373
112.429 0.00893103
112.561 0.00700485
112.693 0.0101206
112.825 0.0130889
112.956 0.0151389
113.088 0.0151655
113.22 0.0142374
113.352 0.0139439
113.483 0.0145808
113.615 0.0150753
113.747 0.0145458
113.879 0.0135332
114.01 0.0133983
114.142 0.0145866
114.274 0.0158672
114.406 0.0156084
114.537 0.0137677
114.669 0.0122566
114.801 0.0129878
114.933 0.015574
115.064 0.0173402
115.196 0.0160188
115.328 0.0124651
115.46 0.0102907
115.591 0.0123065
115.723 0.0172394
115.855 0.0204911
115.987 0.0189475
116.118 0.0154431
116.25 0.00317683
116.382 0.0125302
116.514 0.0355579
116.645 0.0613118
116.777 0.0143925
116.909 0.0143925
117.041 0.0143925
117.172 0.0143925
117.304 0.0143925
117.436 0.0143925
117.568 0.0143925
117.699 0.0143925
117.831 0.0143925
117.963 0.0143925
118.095 0.0143925
118.226 0.0143925
118.358 0.0143925
118.49 0.0143925
118.622 0.0143925
118.753 0.0143925
118.885 0.0143925
119.017 0.0143925
119.149 0.0143925
119.28 0.0143925
119.412 0.0143925
119.544 0.0143925
119.676 0.0143925
119.807 0.0143925
119.939 0.0143925
120.071 0.0143925
120.203 0.0143925
120.334 0.0143925
120.466 0.0143925
120.598 0.0143925
120.73 0.0143925
120.861 0.0143925
120.993 0.0143925
121.125 0.0143925
121.257 0.0143925
121.388 0.0143925
121.52 0.0143925
121.652 0.0143925
121.784 0.0143925
121.915 0.0143925
122.047 0.0143925
122.179 0.0143925
122.311 0.0143925
122.442 0.0143925
122.574 0.0143925
122.706 0.0143925
122.838 0.0143925
122.969 0.0143925
123.101 0.0143925
123.233 0.0143925
123.365 0.0143925
123.497 0.0143925
123.628 0.0143925
123.76 0.0143925
123.892 0.0143925
124.024 0.0143925
124.155 0.0143925
124.287 0.0143925
124.419 0.0143925
124.551 0.0143925
124.682 0.0143925
124.814 0.0143925
124.946 0.0143925
125.078 0.0143925
125.209 0.0143925
125.341 0.0143925
125.473 0.0143925
125.605 0.0143925
125.736 0.0143925
125.868 0.0143925
126 0.0143925
126.132 0.0143925
126.263 0.0143925
126.395 0.0143925
126.527 0.0143925
126.659 0.0143925
126.79 0.0143925
126.922 0.0143925
127.054 0.0143925
127.186 0.0143925
127.317 0.0143925
127.449 0.0143925
127.581 0.0143925
127.713 0.0143925
127.844 0.0143925
127.976 0.0143925
128.108 0.0143925
128.24 0.0143925
128.371 0.0143925
128.503 0.0143925
128.635 0.0143925
128.767 0.0143925
128.898 0.0143925
129.03 0.0143925
129.162 0.0143925
129.294 0.0143925
129.425 0.0143925
129.557 0.0143925
129.689 0.0143925
129.821 0.0143925
129.952 0.0143925
130.084 0.0143925
130.216 0.0143925
130.348 0.0143925
130.479 0.0143925
130.611 0.0143925
130.743 0.0143925
130.875 0.0143925
131.006 0.0143925
131.138 0.0143925
131.27 0.0143925
131.402 0.0143925
