-2.37489 0.477577
-2.24314 0.542573
-2.11139 0.533605
-1.97964 0.400092
-1.84788 0.297626
-1.71613 0.246203
-1.58438 0.208505
-1.45263 0.203691
-1.32087 0.149291
-1.18912 -0.0119533
-1.05737 -0.0892717
-0.925617 -0.0872696
-0.793864 -0.0678577
-0.662112 0.063859
-0.53036 0.198481
-0.398607 0.276454
-0.266855 0.35319
-0.135103 0.334267
-0.0033505 0.222112
0.128402 0.104972
0.260154 -0.146981
0.391906 -0.400232
0.523659 -0.58135
0.655411 -0.570193
0.787163 -0.345708
0.918916 -0.0852756
1.05067 0.16841
1.18242 0.222274
1.31417 0.159456
1.44592 0.068394
1.57768 -0.101708
1.70943 -0.289033
1.84118 -0.457127
1.97293 -0.494381
2.10469 -0.388938
2.23644 -0.0353175
2.36819 0.433689
2.49994 0.791198
2.6317 0.971053
2.76345 0.969317
2.8952 0.875918
3.02695 0.678155
3.1587 0.525217
3.29046 0.389522
3.42221 0.342872
3.55396 0.399818
3.68571 0.512243
3.81747 0.664694
3.94922 0.710685
4.08097 0.591924
4.21272 0.350991
4.34448 0.134719
4.47623 -0.0972135
4.60798 -0.237857
4.73973 -0.402921
4.87148 -0.589457
5.00324 -0.765601
5.13499 -0.834889
5.26674 -0.75219
5.39849 -0.652328
5.53025 -0.47638
5.662 -0.25846
5.79375 -0.0542377
5.9255 0.116033
6.05726 0.24851
6.18901 0.335179
6.32076 0.271139
6.45251 0.182549
6.58426 0.120041
6.71602 0.179736
6.84777 0.338091
6.97952 0.562567
7.11127 0.760926
7.24303 0.940082
7.37478 1.1161
7.50653 1.30186
7.63828 1.37594
7.77004 1.29118
7.90179 0.988643
8.03354 0.534325
8.16529 0.0698373
8.29704 -0.309053
8.4288 -0.437387
8.56055 -0.533382
8.6923 -0.605637
8.82405 -0.745983
8.95581 -0.811164
9.08756 -0.670317
9.21931 -0.263351
9.35106 0.296094
9.48282 0.691193
9.61457 0.832604
9.74632 0.745605
9.87807 0.567123
10.0098 0.386449
10.1416 0.200401
10.2733 -0.0102726
10.4051 -0.159462
10.5368 -0.18432
10.6686 -0.142239
10.8003 -0.0770495
10.9321 -0.0344487
11.0638 -0.0847806
11.1956 -0.155691
11.3273 -0.11802
11.4591 0.108821
11.5909 0.385337
11.7226 0.574028
11.8544 0.540423
11.9861 0.390289
12.1179 0.358297
12.2496 0.475622
12.3814 0.819114
12.5131 1.03782
12.6449 1.1236
12.7766 0.937432
12.9084 0.590692
13.0401 0.221572
13.1719 -0.137672
13.3036 -0.40934
13.4354 -0.571615
13.5671 -0.573269
13.6989 -0.381856
13.8306 -0.037414
13.9624 0.19169
14.0941 0.224733
14.2259 0.0914289
14.3577 -0.0874892
14.4894 -0.190324
14.6212 -0.175658
14.7529 -0.0956613
14.8847 0.0821331
15.0164 0.300067
15.1482 0.598886
15.2799 0.957078
15.4117 1.18936
15.5434 1.10575
15.6752 0.672378
15.8069 0.0481756
15.9387 -0.48044
16.0704 -0.741726
16.2022 -0.699357
16.3339 -0.467469
16.4657 -0.253371
16.5974 -0.085941
16.7292 0.099081
16.8609 0.32718
16.9927 0.570554
17.1244 0.763755
17.2562 0.910115
17.388 1.0399
17.5197 1.19494
17.6515 1.29352
17.7832 1.28482
17.915 1.09776
18.0467 0.777869
18.1785 0.392413
18.3102 0.0577067
18.442 -0.24905
18.5737 -0.570672
18.7055 -0.903154
18.8372 -1.15899
18.969 -1.18546
19.1007 -1.00863
19.2325 -0.724806
19.3642 -0.433362
19.496 -0.246004
19.6277 -0.0636689
19.7595 0.182528
19.8912 0.477401
20.023 0.750677
20.1548 0.923726
20.2865 1.01238
20.4183 1.11245
20.55 1.28033
20.6818 1.43192
20.8135 1.37813
20.9453 1.00288
21.077 0.416858
21.2088 -0.133716
21.3405 -0.447403
21.4723 -0.473848
21.604 -0.374347
21.7358 -0.31046
21.8675 -0.341928
21.9993 -0.361013
22.131 -0.228692
22.2628 0.0145742
22.3945 0.238729
22.5263 0.346394
22.658 0.388956
22.7898 0.44468
22.9216 0.567621
23.0533 0.661915
23.1851 0.5909
23.3168 0.340548
23.4486 0.0728292
23.5803 -0.0372206
23.7121 0.0268145
23.8438 0.0919207
23.9756 -0.0419039
24.1073 -0.38589
24.2391 -0.683998
24.3708 -0.733951
24.5026 -0.475433
24.6343 -0.0674048
24.7661 0.199531
24.8978 0.266018
25.0296 0.336372
25.1613 0.626154
25.2931 1.13517
25.4248 1.53541
25.5566 1.58303
25.6883 1.29068
25.8201 0.900505
25.9519 0.634115
26.0836 0.500489
26.2154 0.245369
26.3471 -0.267282
26.4789 -0.866903
26.6106 -1.17266
26.7424 -0.953574
26.8741 -0.372441
27.0059 0.137765
27.1376 0.22828
27.2694 0.0414469
27.4011 -0.0337208
27.5329 0.19522
27.6646 0.494277
27.7964 0.508987
27.9281 0.109447
28.0599 -0.388323
28.1916 -0.419108
28.3234 0.129299
28.4551 0.835009
28.5869 1.13245
28.7187 0.78229
28.8504 0.239194
28.9822 0.104972
29.1139 0.487146
29.2457 0.852449
29.3774 0.493068
29.5092 -0.715617
29.6409 -2.18145
29.7727 -3.08946
29.9044 -3.24158
30.0362 -2.97599
30.1679 -2.36764
30.2997 -0.49906
30.4314 4.07637
30.5632 11.676
30.6949 19.916
30.8267 23.7877
30.9584 18.1413
31.0902 1.05535
31.2219 -24.1088
31.3537 -49.5083
31.4855 -66.0423
31.6172 -66.8782
31.749 -49.8045
31.8807 -17.5439
32.0125 23.0724
32.1442 62.3537
32.276 89.4746
32.4077 95.4465
32.5395 76.6718
32.6712 37.5107
32.803 -10.4089
32.9347 -52.7711
33.0665 -78.7331
33.1982 -85.2779
33.33 -76.9272
33.4617 -61.2745
33.5935 -43.9944
33.7252 -26.5179
33.857 -7.50774
33.9887 13.7703
34.1205 35.3434
34.2522 53.2476
34.384 64.0256
34.5158 66.6069
34.6475 62.0947
34.7793 52.087
34.911 37.4108
35.0428 18.4828
35.1745 -3.2815
35.3063 -24.6908
35.438 -41.7131
35.5698 -51.5267
35.7015 -53.9763
35.8333 -51.2095
35.965 -45.8527
36.0968 -39.2854
36.2285 -31.3344
36.3603 -21.3604
36.492 -9.53536
36.6238 2.85465
36.7555 14.1944
36.8873 23.5151
37.019 30.7295
37.1508 36.0378
37.2826 39.2373
37.4143 39.6797
37.5461 36.8955
37.6778 31.2116
37.8096 23.7118
37.9413 15.5612
38.0731 7.3376
38.2048 -1.0137
38.3366 -9.60342
38.4683 -17.9883
38.6001 -25.1182
38.7318 -29.8853
38.8636 -31.7775
38.9953 -31.0877
39.1271 -28.5737
39.2588 -24.9181
39.3906 -20.5753
39.5223 -15.6738
39.6541 -10.4689
39.7858 -5.32779
39.9176 -0.552004
40.0494 3.7799
40.1811 7.78607
40.3129 11.5655
40.4446 15.0179
40.5764 17.8774
40.7081 19.9103
40.8399 21.0623
40.9716 21.4042
41.1034 20.9492
41.2351 19.5525
41.3669 17.0078
41.4986 13.3285
41.6304 8.80383
41.7621 3.93768
41.8939 -0.819043
42.0256 -5.19159
42.1574 -9.16306
42.2891 -12.6868
42.4209 -15.5997
42.5526 -17.6809
42.6844 -18.7756
42.8161 -18.9612
42.9479 -18.5059
43.0797 -17.6906
43.2114 -16.6275
43.3432 -15.2136
43.4749 -13.196
43.6067 -10.3162
43.7384 -6.49239
43.8702 -1.84233
44.0019 3.30938
44.1337 8.38527
44.2654 12.6771
44.3972 15.517
44.5289 16.54
44.6607 15.8743
44.7924 14.122
44.9242 12.0945
45.0559 10.465
45.1877 9.53805
45.3194 8.99519
45.4512 8.51214
45.5829 7.83704
45.7147 6.96658
45.8465 6.06054
45.9782 5.18923
46.11 4.19153
46.2417 2.68002
46.3735 0.358145
46.5052 -2.90666
46.637 -6.7977
46.7687 -10.7677
46.9005 -14.2572
47.0322 -16.907
47.164 -18.5389
47.2957 -19.1122
47.4275 -18.559
47.5592 -16.9294
47.691 -14.395
47.8227 -11.2365
47.9545 -7.85187
48.0862 -4.52384
48.218 -1.4186
48.3497 1.47331
48.4815 4.16542
48.6133 6.68416
48.745 8.88304
48.8768 10.6447
49.0085 11.9606
49.1403 12.9206
49.272 13.6401
49.4038 14.0791
49.5355 14.1027
49.6673 13.5173
49.799 12.2577
49.9308 10.3548
50.0625 8.02048
50.1943 5.45581
50.326 2.88781
50.4578 0.451718
50.5895 -1.75963
50.7213 -3.68735
50.853 -5.36736
50.9848 -6.79085
51.1165 -7.96702
51.2483 -8.81899
51.38 -9.25265
51.5118 -9.14502
51.6436 -8.60576
51.7753 -7.85128
51.9071 -7.21898
52.0388 -6.84335
52.1706 -6.71594
52.3023 -6.65777
52.4341 -6.45858
52.5658 -5.93435
52.6976 -5.0552
52.8293 -3.83651
52.9611 -2.34243
53.0928 -0.704588
53.2246 0.925228
53.3563 2.43688
53.4881 3.66617
53.6198 4.70233
53.7516 5.6881
53.8833 6.70936
54.0151 7.73329
54.1468 8.52039
54.2786 8.95024
54.4104 8.8919
54.5421 8.51366
54.6739 8.01736
54.8056 7.54646
54.9374 7.11249
55.0691 6.58575
55.2009 5.80959
55.3326 4.71908
55.4644 3.37087
55.5961 1.83841
55.7279 0.202187
55.8596 -1.52436
55.9914 -3.31962
56.1231 -5.15326
56.2549 -6.85379
56.3866 -8.24416
56.5184 -9.19212
56.6501 -9.63912
56.7819 -9.61352
56.9136 -9.26192
57.0454 -8.69693
57.1772 -7.98036
57.3089 -7.12436
57.4407 -6.08725
57.5724 -4.88683
57.7042 -3.58529
57.8359 -2.2664
57.9677 -0.975706
58.0994 0.296737
58.2312 1.5638
58.3629 2.843
58.4947 4.07583
58.6264 5.15355
58.7582 5.97717
58.8899 6.51223
59.0217 6.79497
59.1534 6.89117
59.2852 6.84531
59.4169 6.68832
59.5487 6.40639
59.6804 6.04454
59.8122 5.61857
59.9439 5.10301
60.0757 4.49974
60.2075 3.8411
60.3392 3.09917
60.471 2.31119
60.6027 1.50436
60.7345 0.703339
60.8662 -0.158749
60.998 -1.08696
61.1297 -2.06506
61.2615 -2.97491
61.3932 -3.7076
61.525 -4.21892
61.6567 -4.6222
61.7885 -5.05972
61.9202 -5.60875
62.052 -6.18865
62.1837 -6.61333
62.3155 -6.72377
62.4472 -6.49677
62.579 -6.00549
62.7107 -5.36893
62.8425 -4.60208
62.9743 -3.64234
63.106 -2.45943
63.2378 -1.0724
63.3695 0.351494
63.5013 1.59415
63.633 2.58374
63.7648 3.30052
63.8965 3.8245
64.0283 4.25043
64.16 4.64275
64.2918 5.02629
64.4235 5.36595
64.5553 5.63506
64.687 5.70024
64.8188 5.43174
64.9505 4.78699
65.0823 3.93001
65.214 3.1893
65.3458 2.94409
65.4775 3.3643
65.6093 4.34584
65.7411 5.26545
65.8728 5.4397
66.0046 4.23476
66.1363 1.52605
66.2681 -2.17516
66.3998 -5.85001
66.5316 -8.36326
66.6633 -8.9068
66.7951 -7.41915
66.9268 -4.57578
67.0586 -1.51024
67.1903 0.678063
67.3221 1.37858
67.4538 0.616037
67.5856 -1.09077
67.7173 -3.06503
67.8491 -4.78376
67.9808 -5.96157
68.1126 -6.54801
68.2443 -6.57281
68.3761 -6.09087
68.5078 -5.1178
68.6396 -3.75504
68.7714 -2.10411
68.9031 -0.307983
69.0349 1.44637
69.1666 3.04835
69.2984 4.41175
69.4301 5.40852
69.5619 5.95803
69.6936 6.09328
69.8254 5.86423
69.9571 5.46903
70.0889 5.04659
70.2206 4.69657
70.3524 4.45145
70.4841 4.29699
70.6159 4.17139
70.7476 4.00276
70.8794 3.65856
71.0111 2.99971
71.1429 2.0209
71.2746 0.81031
71.4064 -0.395044
71.5382 -1.34851
71.6699 -1.89163
71.8017 -2.04342
71.9334 -1.97965
72.0652 -1.97204
72.1969 -2.2541
72.3287 -2.84746
72.4604 -3.61134
72.5922 -4.29823
72.7239 -4.67441
72.8557 -4.63408
72.9874 -4.21789
73.1192 -3.59788
73.2509 -2.91203
73.3827 -2.32582
73.5144 -1.77063
73.6462 -1.18275
73.7779 -0.521105
73.9097 0.124881
74.0414 0.651967
74.1732 0.990833
74.3049 1.15245
74.4367 1.27101
74.5685 1.42012
74.7002 1.62611
74.832 1.78233
74.9637 1.84543
75.0955 1.83564
75.2272 1.90346
75.359 2.12413
75.4907 2.48621
75.6225 2.85932
75.7542 3.0965
75.886 3.10578
76.0177 2.91658
76.1495 2.64989
76.2812 2.45162
76.413 2.3825
76.5447 2.44454
76.6765 2.54537
76.8082 2.54512
76.94 2.31938
77.0717 1.76045
77.2035 0.878736
77.3353 -0.140385
77.467 -1.18517
77.5988 -2.06354
77.7305 -2.69623
77.8623 -3.1418
77.994 -3.51188
78.1258 -3.86501
78.2575 -4.18869
78.3893 -4.38981
78.521 -4.33821
78.6528 -3.93541
78.7845 -3.17937
78.9163 -2.20082
79.048 -1.19528
79.1798 -0.372353
79.3115 0.130261
79.4433 0.29738
79.575 0.228483
79.7068 0.0772473
79.8385 -0.020923
79.9703 0.0129166
80.1021 0.204087
80.2338 0.592576
80.3656 1.16833
80.4973 1.89213
80.6291 2.65722
80.7608 3.3113
80.8926 3.72868
81.0243 3.88236
81.1561 3.85054
81.2878 3.74256
81.4196 3.60259
81.5513 3.37533
81.6831 2.96693
81.8148 2.34642
81.9466 1.60023
82.0783 0.889739
82.2101 0.342509
82.3418 -0.0272922
82.4736 -0.27269
82.6053 -0.472452
82.7371 -0.658156
82.8688 -0.831699
83.0006 -1.02408
83.1324 -1.29718
83.2641 -1.75921
83.3959 -2.32662
83.5276 -2.88896
83.6594 -3.23514
83.7911 -3.2343
83.9229 -2.89138
84.0546 -2.2857
84.1864 -1.60212
84.3181 -0.913287
84.4499 -0.297114
84.5816 0.169941
84.7134 0.449211
84.8451 0.489886
84.9769 0.392811
85.1086 0.291507
85.2404 0.324408
85.3721 0.529497
85.5039 0.847751
85.6356 1.14926
85.7674 1.42006
85.8992 1.45469
86.0309 1.49197
86.1627 1.46602
86.2944 1.40517
86.4262 1.417
86.5579 1.43879
86.6897 1.44506
86.8214 1.47253
86.9532 1.44765
87.0849 1.35084
87.2167 1.17085
87.3484 0.914101
87.4802 0.584069
87.6119 0.188093
87.7437 -0.205901
87.8754 -0.474624
88.0072 -0.545818
88.1389 -0.480712
88.2707 -0.267267
88.4024 0.0790824
88.5342 0.337997
88.666 0.396758
88.7977 0.230596
88.9295 -0.0848987
89.0612 -0.48033
89.193 -0.805472
89.3247 -1.10431
89.4565 -1.36391
89.5882 -1.53247
89.72 -1.65411
89.8517 -1.5275
89.9835 -1.21952
90.1152 -0.835414
90.247 -0.44263
90.3787 -0.0908429
90.5105 0.172675
90.6422 0.374963
90.774 0.548575
90.9057 0.732909
91.0375 0.82857
91.1692 0.857428
91.301 0.83816
91.4327 0.784631
91.5645 0.746484
91.6963 0.663263
91.828 0.568134
91.9598 0.500157
92.0915 0.540015
92.2233 0.589413
92.355 0.722223
92.4868 0.802856
92.6185 0.845232
92.7503 0.77736
92.882 0.700209
93.0138 0.635035
93.1455 0.553658
93.2773 0.400289
93.409 0.207419
93.5408 0.123595
93.6725 0.0311472
93.8043 -0.114688
93.936 -0.349011
94.0678 -0.659164
94.1995 -0.977834
94.3313 -1.06869
94.4631 -0.96758
94.5948 -0.67122
94.7266 -0.3791
94.8583 -0.194338
94.9901 -0.0639084
95.1218 0.0786063
95.2536 0.256208
95.3853 0.515169
95.5171 0.632433
95.6488 0.505117
95.7806 0.379385
95.9123 0.163694
96.0441 -0.0151007
96.1758 -0.0964487
96.3076 -0.13247
96.4393 -0.119622
96.5711 -0.129801
96.7028 -0.100543
96.8346 -0.0778713
96.9663 -0.0379326
97.0981 0.0134753
97.2299 0.0142927
97.3616 0.0225062
97.4934 -0.00982524
97.6251 0.0154914
97.7569 -0.0077918
97.8886 -0.0188272
98.0204 0.0490016
98.1521 0.116963
98.2839 0.231161
98.4156 0.406863
98.5474 0.515368
98.6791 0.531684
98.8109 0.506622
98.9426 0.357788
99.0744 0.226102
99.2061 0.230211
99.3379 0.221361
99.4696 0.209625
99.6014 0.198174
99.7331 0.142362
99.8649 0.161684
99.9966 0.2335
100.128 0.212227
100.26 0.205819
100.392 0.152027
100.524 0.113414
100.655 0.0708912
100.787 -0.0112886
100.919 -0.0722944
101.051 -0.193763
101.182 -0.229687
101.314 -0.230184
101.446 -0.235712
101.578 -0.184929
101.709 -0.148207
101.841 -0.127866
101.973 -0.135362
102.105 -0.0769649
102.236 -0.0458236
102.368 -0.030802
102.5 0.00598964
102.632 -0.00184742
102.763 -0.0498594
102.895 -0.124089
103.027 -0.101555
103.159 -0.0856095
103.29 -0.0573469
103.422 -0.0927643
103.554 -0.173563
103.686 -0.21211
103.817 -0.202241
103.949 -0.0699188
104.081 0.154947
104.213 0.388148
104.344 0.502824
104.476 0.578469
104.608 0.518268
104.74 0.420498
104.871 0.286567
105.003 0.150498
105.135 0.0229503
105.267 -0.0612031
105.398 0.0318921
105.53 0.169576
105.662 0.294242
105.794 0.39549
105.926 0.450687
106.057 0.419341
106.189 0.266945
106.321 0.100816
106.453 -0.121617
106.584 -0.311958
106.716 -0.455124
106.848 -0.514172
106.98 -0.529677
107.111 -0.486632
107.243 -0.404926
107.375 -0.269194
107.507 -0.105348
107.638 0.0931767
107.77 0.210307
107.902 0.226039
108.034 0.167993
108.165 0.109048
108.297 0.130326
108.429 0.0811063
108.561 0.0549637
108.692 -0.0534045
108.824 -0.12278
108.956 -0.135008
109.088 -0.0720104
109.219 0.000670707
109.351 0.0262812
109.483 0.108338
109.615 0.216145
109.746 0.332215
109.878 0.384498
110.01 0.326547
110.142 0.180094
110.273 0.0165682
110.405 -0.138081
110.537 -0.236424
110.669 -0.211238
110.8 -0.135687
110.932 -0.114511
111.064 -0.124527
111.196 -0.134359
111.327 -0.114544
111.459 -0.0863213
111.591 -0.0152009
111.723 0.0558793
111.854 0.165356
111.986 0.275214
112.118 0.308389
112.25 0.327717
112.381 0.198616
112.513 0.114888
112.645 -0.0390261
112.777 -0.126888
112.908 -0.165742
113.04 -0.189511
113.172 -0.170129
113.304 -0.150748
113.435 -0.105304
113.567 -0.0343985
113.699 0.0213932
113.831 -0.00349888
113.962 0.00404426
114.094 0.0279915
114.226 0.0700287
114.358 0.130392
114.489 0.187807
114.621 0.208557
114.753 0.1939
114.885 0.0953614
115.016 0.0285683
115.148 0.0125545
115.28 0.0163492
115.412 0.0354632
115.543 0.0519038
115.675 0.0469094
115.807 0.0343591
115.939 0.0184632
116.07 0.0357245
116.202 0.0511425
116.334 0.0196633
116.466 -0.0139205
116.597 -0.0670654
116.729 -0.144586
116.861 -0.206165
116.993 -0.225376
117.124 -0.187879
117.256 -0.131482
117.388 -0.0771191
117.52 -0.0555955
117.651 -0.0254155
117.783 -0.0164745
117.915 -0.00487637
118.047 0.0079879
118.178 0.0613703
118.31 0.11454
118.442 0.173997
118.574 0.214048
118.705 0.211663
118.837 0.164177
118.969 0.050177
119.101 -0.042816
119.232 -0.0838944
119.364 -0.103729
119.496 -0.0676124
119.628 -0.0463435
119.759 -0.0381522
119.891 -0.0180468
120.023 0.00720045
120.155 0.033831
120.287 0.0536028
120.418 0.0610474
120.55 0.0570487
120.682 0.0475172
120.814 0.0440389
120.945 0.048114
121.077 0.0335289
121.209 0.0041718
121.341 -0.012377
121.472 -0.0288103
121.604 -0.0334711
121.736 -0.03535
121.868 -0.00687237
121.999 0.0484996
122.131 0.0861151
122.263 0.105127
122.395 0.0895344
122.526 0.0368899
122.658 -0.054743
122.79 -0.125613
122.922 -0.163227
123.053 -0.158503
123.185 -0.121984
123.317 -0.0753759
123.449 -0.0452078
123.58 -0.0306726
123.712 -0.0233242
123.844 -0.019063
123.976 -0.0115798
124.107 0.00887432
124.239 0.0118625
124.371 0.0475714
124.503 0.0924476
124.634 0.0900877
124.766 0.0779209
124.898 0.0740015
125.03 0.0708452
125.161 0.0595532
125.293 0.0106654
125.425 -0.0154691
125.557 -0.0278002
125.688 -0.0299949
125.82 -0.0141365
125.952 0.0191384
126.084 0.0210884
126.215 0.00914456
126.347 -0.0117786
126.479 -0.0210546
126.611 -0.0107685
126.742 0.007158
126.874 0.00670587
127.006 -0.0223142
127.138 -0.0180277
127.269 0.00147583
127.401 0.0147222
127.533 0.0197918
127.665 0.0382708
127.796 0.0344131
127.928 0.0239064
128.06 0.0445815
128.192 0.04094
128.323 0.0395686
128.455 0.0398529
128.587 0.00691817
128.719 -0.000243678
128.85 -0.00261268
128.982 -0.000419268
129.114 0.0116744
129.246 0.0110652
129.377 0.00594696
129.509 -0.00181518
129.641 0.0137808
129.773 0.0105056
129.904 0.00964198
130.036 0.015868
130.168 0.0260006
130.3 0.024913
130.431 0.0163931
130.563 0.0149543
130.695 0.00726609
130.827 0.0110041
130.958 0.0179584
131.09 0.0195929
131.222 0.00899705
131.354 -0.0116254
131.485 -0.00117862
131.617 0.00593363
131.749 0.0132498
131.881 0.023877
132.012 0.0297195
132.144 0.0101377
132.276 0.00380368
132.408 0.00646259
