-4.43438 -0.343304
-4.30263 -0.323002
-4.17087 -0.304105
-4.03912 -0.310058
-3.90737 -0.273614
-3.77562 -0.00234563
-3.64386 0.427598
-3.51211 0.803382
-3.38036 0.900605
-3.24861 0.668957
-3.11685 0.251757
-2.9851 -0.127883
-2.85335 -0.366933
-2.7216 -0.48652
-2.58985 -0.577478
-2.45809 -0.604893
-2.32634 -0.410649
-2.19459 0.0216558
-2.06284 0.55306
-1.93108 1.0162
-1.79933 1.23013
-1.66758 1.11675
-1.53583 0.876615
-1.40407 0.594737
-1.27232 0.231256
-1.14057 -0.159813
-1.00882 -0.519116
-0.877066 -0.694902
-0.745313 -0.542733
-0.613561 0.111395
-0.481809 0.820547
-0.350057 1.30921
-0.218304 1.43431
-0.0865519 1.31173
0.0452004 1.16385
0.176953 0.974804
0.308705 0.718102
0.440457 0.302657
0.57221 -0.101935
0.703962 -0.292483
0.835714 -0.178006
0.967467 0.0981682
1.09922 0.180957
1.23097 -0.0355356
1.36272 -0.475231
1.49448 -0.84854
1.62623 -0.896492
1.75798 -0.659235
1.88973 -0.304165
2.02148 -0.0244568
2.15324 0.198934
2.28499 0.531955
2.41674 1.01958
2.54849 1.49602
2.68025 1.69485
2.812 1.48604
2.94375 0.987264
3.0755 0.440294
3.20726 -0.00677705
3.33901 -0.377396
3.47076 -0.733567
3.60251 -1.00172
3.73426 -0.978447
3.86602 -0.53635
3.99777 0.186914
4.12952 0.842178
4.26127 1.14524
4.39303 1.11146
4.52478 1.00658
4.65653 1.05524
4.78828 1.20254
4.92004 1.17723
5.05179 0.795214
5.18354 0.187077
5.31529 -0.295497
5.44704 -0.408275
5.5788 -0.242712
5.71055 -0.115875
5.8423 -0.233143
5.97405 -0.473555
6.10581 -0.52312
6.23756 -0.218369
6.36931 0.260819
6.50106 0.556534
6.63282 0.489606
6.76457 0.237448
6.89632 0.145952
7.02807 0.370264
7.15982 0.71963
7.29158 0.868245
7.42333 0.708544
7.55508 0.471195
7.68683 0.480186
7.81859 0.79768
7.95034 1.13443
8.08209 1.12692
8.21384 0.698788
8.3456 0.134867
8.47735 -0.203487
8.6091 -0.220946
8.74085 -0.136029
8.8726 -0.202382
9.00436 -0.419049
9.13611 -0.546002
9.26786 -0.396587
9.39961 -0.0666604
9.53137 0.171998
9.66312 0.204916
9.79487 0.249454
9.92662 0.634552
10.0584 1.38579
10.1901 2.0692
10.3219 2.11747
10.4536 1.35971
10.5854 0.226893
10.7171 -0.602937
10.8489 -0.79521
10.9806 -0.608369
11.1124 -0.559406
11.2441 -0.855122
11.3759 -1.17875
11.5077 -1.04967
11.6394 -0.369201
11.7712 0.436889
11.9029 0.844445
12.0347 0.778342
12.1664 0.685882
12.2982 1.0336
12.4299 1.75117
12.5617 2.23385
12.6934 1.94319
12.8252 0.998576
12.9569 0.123025
13.0887 -0.0410845
13.2204 0.438756
13.3522 0.869159
13.4839 0.659705
13.6157 -0.0546857
13.7474 -0.560132
13.8792 -0.343473
14.0109 0.314283
14.1427 0.584961
14.2744 -0.0397276
14.4062 -1.1603
14.538 -1.80728
14.6697 -1.39429
14.8015 -0.307547
14.9332 0.499129
15.065 0.497221
15.1967 0.114912
15.3285 0.220278
15.4602 1.09129
15.592 2.00343
15.7237 1.95268
15.8555 0.801027
15.9872 -0.410007
16.119 -0.433024
16.2507 0.845669
16.3825 2.11982
16.5142 1.84556
16.646 -0.238969
16.7777 -2.83897
16.9095 -4.4153
17.0412 -4.69004
17.173 -4.59235
17.3048 -4.49185
17.4365 -2.62853
17.5683 4.05374
17.7 16.5939
17.8318 30.891
17.9635 38.0671
18.0953 29.1293
18.227 1.10162
18.3588 -39.7693
18.4905 -80.099
18.6223 -105.21
18.754 -104.838
18.8858 -75.8645
19.0175 -22.2565
19.1493 45.7319
19.281 112.193
19.4128 157.587
19.5445 164.253
19.6763 124.661
19.808 47.7048
19.9398 -42.5189
20.0716 -116.791
20.2033 -154.507
20.3351 -152.423
20.4668 -122.815
20.5986 -83.0736
20.7303 -44.7823
20.8621 -9.95726
20.9938 24.2795
21.1256 58.1652
21.2573 86.0763
21.3891 100.172
21.5208 97.03
21.6526 80.9062
21.7843 60.6169
21.9161 42.8858
22.0478 28.0135
22.1796 11.388
22.3113 -10.9075
22.4431 -37.5134
22.5748 -62.0485
22.7066 -77.5605
22.8383 -81.0933
22.9701 -74.7221
23.1019 -62.8699
23.2336 -48.8169
23.3654 -33.4145
23.4971 -16.4738
23.6289 1.20184
23.7606 17.3655
23.8924 29.7518
24.0241 37.7364
24.1559 42.5028
24.2876 45.6198
24.4194 47.5017
24.5511 47.2162
24.6829 43.6711
24.8146 36.8813
24.9464 28.0737
25.0781 18.641
25.2099 9.08689
25.3416 -0.982794
25.4734 -11.8855
25.6051 -22.9405
25.7369 -32.5344
25.8687 -39.1059
26.0004 -42.1216
26.1322 -42.1874
26.2639 -40.3054
26.3957 -37.0447
26.5274 -32.3572
26.6592 -26.0656
26.7909 -18.4254
26.9227 -10.1885
27.0544 -2.1584
27.1862 5.27816
27.3179 12.1935
27.4497 18.7468
27.5814 24.7939
27.7132 29.8331
27.8449 33.2815
27.9767 34.7829
28.1084 34.294
28.2402 31.9614
28.3719 27.9937
28.5037 22.6657
28.6355 16.393
28.7672 9.71979
28.899 3.16582
29.0307 -2.94952
29.1625 -8.54039
29.2942 -13.6114
29.426 -18.0725
29.5577 -21.681
29.6895 -24.1624
29.8212 -25.3998
29.953 -25.5391
30.0847 -24.9287
30.2165 -23.9377
30.3482 -22.7566
30.48 -21.2779
30.6117 -19.1081
30.7435 -15.7237
30.8752 -10.7346
31.007 -4.15691
31.1387 3.43719
31.2705 11.0001
31.4022 17.3161
31.534 21.4083
31.6658 22.8677
31.7975 21.9694
31.9293 19.5476
32.061 16.6945
32.1928 14.3904
32.3245 13.1951
32.4563 13.115
32.588 13.7025
32.7198 14.3319
32.8515 14.4838
32.9833 13.8599
33.115 12.2894
33.2468 9.57522
33.3785 5.48953
33.5103 -0.0132464
33.642 -6.54319
33.7738 -13.2556
33.9055 -19.1704
34.0373 -23.6244
34.169 -26.4979
34.3008 -28.029
34.4326 -28.4001
34.5643 -27.4909
34.6961 -25.0391
34.8278 -21.0497
34.9596 -16.0352
35.0913 -10.8182
35.2231 -6.04319
35.3548 -1.83653
35.4866 2.0755
35.6183 5.92005
35.7501 9.54668
35.8818 12.5399
36.0136 14.6578
36.1453 16.1432
36.2771 17.5604
36.4088 19.2712
36.5406 21.0227
36.6723 22.0423
36.8041 21.5742
36.9358 19.4035
37.0676 15.9473
37.1994 11.8993
37.3311 7.79652
37.4629 3.87586
37.5946 0.247461
37.7264 -2.89996
37.8581 -5.32866
37.9899 -6.97848
38.1216 -8.10653
38.2534 -9.13193
38.3851 -10.2934
38.5169 -11.4457
38.6486 -12.2069
38.7804 -12.3289
38.9121 -11.9435
39.0439 -11.4561
39.1756 -11.1958
39.3074 -11.1527
39.4391 -11.0261
39.5709 -10.501
39.7026 -9.47052
39.8344 -8.01925
39.9661 -6.24773
40.0979 -4.16651
40.2297 -1.77431
40.3614 0.796356
40.4932 3.2702
40.6249 5.40638
40.7567 7.18605
40.8884 8.79353
41.0202 10.3777
41.1519 11.8227
41.2837 12.7764
41.4154 12.9463
41.5472 12.3982
41.6789 11.568
41.8107 10.9501
41.9424 10.723
42.0742 10.6278
42.2059 10.1894
42.3377 9.07116
42.4694 7.27078
42.6012 5.03759
42.7329 2.64578
42.8647 0.242729
42.9965 -2.13318
43.1282 -4.45126
43.26 -6.63982
43.3917 -8.62308
43.5235 -10.3616
43.6552 -11.8205
43.787 -12.8981
43.9187 -13.4209
44.0505 -13.2512
44.1822 -12.4224
44.314 -11.1656
44.4457 -9.7788
44.5775 -8.44598
44.7092 -7.15878
44.841 -5.79744
44.9727 -4.27459
45.1045 -2.60246
45.2362 -0.843267
45.368 0.968096
45.4997 2.82295
45.6315 4.66019
45.7633 6.31743
45.895 7.59869
46.0268 8.41405
46.1585 8.85076
46.2903 9.08873
46.422 9.23085
46.5538 9.21573
46.6855 8.90554
46.8173 8.26374
46.949 7.43864
47.0808 6.65772
47.2125 6.02937
47.3443 5.44886
47.476 4.70713
47.6078 3.70065
47.7395 2.53958
47.8713 1.45219
48.003 0.583711
48.1348 -0.113787
48.2665 -0.803703
48.3983 -1.59258
48.53 -2.44302
48.6618 -3.25135
48.7936 -3.99307
48.9253 -4.77203
49.0571 -5.7159
49.1888 -6.82515
49.3206 -7.93095
49.4523 -8.80342
49.5841 -9.29915
49.7158 -9.4063
49.8476 -9.16349
49.9793 -8.56333
50.1111 -7.55795
50.2428 -6.15882
50.3746 -4.50713
50.5063 -2.81442
50.6381 -1.21508
50.7698 0.320997
50.9016 1.91622
51.0333 3.61467
51.1651 5.28059
51.2968 6.66993
51.4286 7.60673
51.5604 8.09043
51.6921 8.23268
51.8239 8.10084
51.9556 7.64751
52.0874 6.82218
52.2191 5.77015
52.3509 4.91103
52.4826 4.76837
52.6144 5.62557
52.7461 7.2348
52.8779 8.78644
53.0096 9.18921
53.1414 7.54349
53.2731 3.60676
53.4049 -1.94651
53.5366 -7.6145
53.6684 -11.5508
53.8001 -12.3163
53.9319 -9.58515
54.0636 -4.4116
54.1954 1.16886
54.3272 5.05327
54.4589 6.00288
54.5907 4.05902
54.7224 0.251652
54.8542 -4.11431
54.9859 -8.06775
55.1177 -11.1243
55.2494 -13.0549
55.3812 -13.6348
55.5129 -12.6667
55.6447 -10.231
55.7764 -6.85861
55.9082 -3.37735
56.0399 -0.499753
56.1717 1.5284
56.3034 2.93984
56.4352 4.1347
56.5669 5.32698
56.6987 6.42879
56.8304 7.2116
56.9622 7.5461
57.0939 7.4982
57.2257 7.23823
57.3575 6.90012
57.4892 6.53785
57.621 6.18504
57.7527 5.90276
57.8845 5.72878
58.0162 5.57761
58.148 5.2249
58.2797 4.44092
58.4115 3.18354
58.5432 1.67925
58.675 0.303607
58.8067 -0.656028
58.9385 -1.17198
59.0702 -1.45773
59.202 -1.79247
59.3337 -2.33314
59.4655 -3.03987
59.5972 -3.73316
59.729 -4.21274
59.8607 -4.35883
59.9925 -4.18107
60.1243 -3.81504
60.256 -3.4696
60.3878 -3.33169
60.5195 -3.46394
60.6513 -3.76056
60.783 -4.00803
60.9148 -4.02122
61.0465 -3.75597
61.1783 -3.30899
61.31 -2.8108
61.4418 -2.31146
61.5735 -1.76093
61.7053 -1.09119
61.837 -0.308924
61.9688 0.496833
62.1005 1.23583
62.2323 1.8981
62.364 2.55082
62.4958 3.25752
62.6275 4.00793
62.7593 4.73106
62.8911 5.36991
63.0228 5.92802
63.1546 6.43099
63.2863 6.84563
63.4181 7.05521
63.5498 6.9348
63.6816 6.46093
63.8133 5.74178
63.9451 4.9269
64.0768 4.0782
64.2086 3.13002
64.3403 1.98145
64.4721 0.631722
64.6038 -0.776035
64.7356 -2.0482
64.8673 -3.08164
64.9991 -3.91791
65.1308 -4.6656
65.2626 -5.37484
65.3943 -5.98708
65.5261 -6.39668
65.6578 -6.54598
65.7896 -6.45209
65.9214 -6.15069
66.0531 -5.63856
66.1849 -4.89393
66.3166 -3.95632
66.4484 -2.96547
66.5801 -2.0909
66.7119 -1.40184
66.8436 -0.805908
66.9754 -0.131475
67.1071 0.711822
67.2389 1.64362
67.3706 2.48066
67.5024 3.0961
67.6341 3.5163
67.7659 3.86689
67.8976 4.23213
68.0294 4.57515
68.1611 4.79627
68.2929 4.8585
68.4246 4.83872
68.5564 4.84351
68.6882 4.87509
68.8199 4.80169
68.9517 4.42687
69.0834 3.68658
69.2152 2.67509
69.3469 1.59085
69.4787 0.603123
69.6104 -0.264345
69.7422 -0.935902
69.8739 -1.39375
70.0057 -1.60191
70.1374 -1.5932
70.2692 -1.57745
70.4009 -1.82258
70.5327 -2.37746
70.6644 -3.13489
70.7962 -3.80807
70.9279 -4.12926
71.0597 -4.02425
71.1914 -3.59552
71.3232 -3.00604
71.455 -2.30849
71.5867 -1.52612
71.7185 -0.74311
71.8502 -0.152493
71.982 0.178693
72.1137 0.205453
72.2455 0.0646253
72.3772 0.0942412
72.509 0.32452
72.6407 0.61752
72.7725 0.803409
72.9042 0.896901
73.036 0.902088
73.1677 0.994569
73.2995 1.22558
73.4312 1.57073
73.563 1.82296
73.6947 1.95475
73.8265 2.077
73.9582 2.29293
74.09 2.55224
74.2217 2.6864
74.3535 2.56832
74.4853 2.23673
74.617 1.82171
74.7488 1.44904
74.8805 1.13114
75.0123 0.828521
75.144 0.399729
75.2758 -0.149429
75.4075 -0.569643
75.5393 -0.725453
75.671 -0.665861
75.8028 -0.522389
75.9345 -0.453236
76.0663 -0.511134
76.198 -0.708928
76.3298 -0.922969
76.4615 -1.1869
76.5933 -1.50025
76.725 -1.76105
76.8568 -1.84534
76.9885 -1.6424
77.1203 -1.2648
77.2521 -0.709927
77.3838 -0.138197
77.5156 0.271468
77.6473 0.554842
77.7791 0.717824
77.9108 0.781094
78.0426 0.699296
78.1743 0.519067
78.3061 0.366916
78.4378 0.274333
78.5696 0.399742
78.7013 0.597797
78.8331 0.725327
78.9648 0.639188
79.0966 0.396896
79.2283 0.189173
79.3601 0.254193
79.4918 0.562722
79.6236 0.859505
79.7553 1.06119
79.8871 1.041
80.0188 0.935547
80.1506 0.846641
80.2824 0.742152
80.4141 0.635631
80.5459 0.445466
80.6776 0.142942
80.8094 -0.0688106
80.9411 -0.173661
81.0729 -0.187786
81.2046 -0.294558
81.3364 -0.371971
81.4681 -0.434043
81.5999 -0.405941
81.7316 -0.208666
81.8634 -0.00174833
81.9951 0.149087
82.1269 0.0553014
82.2586 -0.0812
82.3904 -0.0972057
82.5221 0.0428111
82.6539 0.271139
82.7856 0.437086
82.9174 0.488594
83.0492 0.336205
83.1809 0.127909
83.3127 -0.0179865
83.4444 -0.30328
83.5762 -0.579791
83.7079 -0.762378
83.8397 -0.826814
83.9714 -0.749403
84.1032 -0.48056
84.2349 -0.163587
84.3667 0.0752238
84.4984 0.205222
84.6302 0.338029
84.7619 0.475841
84.8937 0.53251
85.0254 0.581336
85.1572 0.413634
85.2889 0.254111
85.4207 0.200526
85.5524 0.300773
85.6842 0.466291
85.816 0.573302
85.9477 0.541729
86.0795 0.482783
86.2112 0.383623
86.343 0.351972
86.4747 0.278536
86.6065 0.166932
86.7382 -0.00148743
86.87 -0.0149031
87.0017 0.0906214
87.1335 0.334557
87.2652 0.611171
87.397 0.642352
87.5287 0.408835
87.6605 0.0523923
87.7922 -0.235741
87.924 -0.413542
88.0557 -0.507987
88.1875 -0.515379
88.3192 -0.39083
88.451 -0.182498
88.5827 0.0883442
88.7145 0.32811
88.8463 0.400019
88.978 0.345051
89.1098 0.195524
89.2415 0.00488966
89.3733 -0.0217022
89.505 0.0938724
89.6368 0.177553
89.7685 0.152645
89.9003 0.00912028
90.032 -0.10782
90.1638 -0.201613
90.2955 -0.225507
90.4273 -0.245767
90.559 -0.283886
90.6908 -0.352242
90.8225 -0.317865
90.9543 -0.167007
91.086 0.0526405
91.2178 0.216699
91.3495 0.298648
91.4813 0.333243
91.6131 0.384763
91.7448 0.461647
91.8766 0.482538
92.0083 0.461789
92.1401 0.403488
92.2718 0.29627
92.4036 0.204304
92.5353 0.238304
92.6671 0.30061
92.7988 0.251523
92.9306 0.0977875
93.0623 -0.0492495
93.1941 -0.131478
93.3258 -0.129756
93.4576 -0.125283
93.5893 -0.145047
93.7211 -0.178892
93.8528 -0.21588
93.9846 -0.11342
94.1163 0.0309336
94.2481 0.122429
94.3799 0.14925
94.5116 0.0713764
94.6434 0.0382927
94.7751 0.0322125
94.9069 0.0193168
95.0386 -0.0109662
95.1704 -0.0560485
95.3021 -0.0668914
95.4339 -0.0364746
95.5656 0.0433663
95.6974 0.0643874
95.8291 0.0239368
95.9609 -0.054237
96.0926 -0.0763317
96.2244 -0.0879151
96.3561 -0.0655235
96.4879 -0.0459355
96.6196 -0.0511209
96.7514 -0.0682112
96.8831 -0.0555834
97.0149 -0.0106202
97.1466 0.0431828
97.2784 0.0501053
97.4102 0.0228588
97.5419 -0.0166514
97.6737 -0.072934
97.8054 -0.0855844
97.9372 -0.0359528
98.0689 -0.00665191
98.2007 -0.00470738
98.3324 0.0458683
98.4642 0.0695863
98.5959 0.075316
98.7277 0.0918433
98.8594 0.0405028
98.9912 -0.0352995
99.1229 -0.0517279
99.2547 0.0400493
99.3864 0.0210256
99.5182 0.044123
99.6499 0.0494074
99.7817 0.0434525
99.9134 0.0248677
100.045 -0.031886
100.177 -0.0340282
100.309 -0.0261141
100.44 0.0212975
100.572 0.0351612
100.704 0.0217108
100.836 0.00246738
100.967 -0.0155829
101.099 0.0241144
101.231 0.0308144
101.363 0.0221397
101.494 0.0158436
101.626 0.00334361
101.758 0.0168758
101.89 0.0137557
102.021 0.0127081
102.153 0.0201703
102.285 0.0201703
102.417 0.0201703
102.548 0.0201703
102.68 0.0201703
102.812 0.0201703
102.944 0.0201703
103.076 0.0201703
103.207 0.0201703
103.339 0.0201703
103.471 0.0201703
103.603 0.0201703
103.734 0.0201703
103.866 0.0201703
103.998 0.0201703
104.13 0.0201703
104.261 0.0201703
104.393 0.0201703
104.525 0.0201703
104.657 0.0201703
104.788 0.0201703
104.92 0.0201703
105.052 0.0201703
105.184 0.0201703
105.315 0.0201703
105.447 0.0201703
105.579 0.0201703
105.711 0.0201703
105.842 0.0201703
105.974 0.0201703
106.106 0.0201703
106.238 0.0201703
106.369 0.0201703
106.501 0.0201703
106.633 0.0201703
106.765 0.0201703
106.896 0.0201703
107.028 0.0201703
107.16 0.0201703
107.292 0.0201703
107.423 0.0201703
107.555 0.0201703
107.687 0.0201703
107.819 0.0201703
107.95 0.0201703
108.082 0.0201703
108.214 0.0201703
108.346 0.0201703
108.477 0.0201703
108.609 0.0201703
108.741 0.0201703
108.873 0.0201703
109.004 0.0201703
109.136 0.0201703
109.268 0.0201703
109.4 0.0201703
109.531 0.0201703
109.663 0.0201703
109.795 0.0201703
109.927 0.0201703
110.058 0.0201703
110.19 0.0201703
110.322 0.0201703
110.454 0.0201703
110.585 0.0201703
110.717 0.0201703
110.849 0.0201703
110.981 0.0201703
111.112 0.0201703
111.244 0.0201703
111.376 0.0201703
111.508 0.0201703
111.639 0.0201703
111.771 0.0201703
111.903 0.0201703
112.035 0.0201703
112.166 0.0201703
112.298 0.0201703
112.43 0.0201703
112.562 0.0201703
112.693 0.0201703
112.825 0.0201703
112.957 0.0201703
113.089 0.0201703
113.22 0.0201703
113.352 0.0201703
113.484 0.0201703
113.616 0.0201703
113.747 0.0201703
113.879 0.0201703
114.011 0.0201703
114.143 0.0201703
114.274 0.0201703
114.406 0.0201703
114.538 0.0201703
114.67 0.0201703
114.801 0.0201703
114.933 0.0201703
115.065 0.0201703
115.197 0.0201703
115.328 0.0201703
115.46 0.0201703
115.592 0.0201703
115.724 0.0201703
115.855 0.0201703
115.987 0.0201703
116.119 0.0201703
116.251 0.0201703
116.382 0.0201703
116.514 0.0201703
116.646 0.0201703
116.778 0.0201703
116.909 0.0201703
117.041 0.0201703
117.173 0.0201703
117.305 0.0201703
117.437 0.0201703
117.568 0.0201703
117.7 0.0201703
117.832 0.0201703
117.964 0.0201703
118.095 0.0201703
118.227 0.0201703
118.359 0.0201703
118.491 0.0201703
118.622 0.0201703
118.754 0.0201703
118.886 0.0201703
119.018 0.0201703
119.149 0.0201703
119.281 0.0201703
119.413 0.0201703
119.545 0.0201703
119.676 0.0201703
119.808 0.0201703
119.94 0.0201703
120.072 0.0201703
120.203 0.0201703
120.335 0.0201703
120.467 0.0201703
120.599 0.0201703
120.73 0.0201703
120.862 0.0201703
120.994 0.0201703
121.126 0.0201703
121.257 0.0201703
121.389 0.0201703
121.521 0.0201703
121.653 0.0201703
121.784 0.0201703
121.916 0.0201703
122.048 0.0201703
122.18 0.0201703
122.311 0.0201703
122.443 0.0201703
122.575 0.0201703
122.707 0.0201703
122.838 0.0201703
122.97 0.0201703
123.102 0.0201703
123.234 0.0201703
123.365 0.0201703
123.497 0.0201703
123.629 0.0201703
123.761 0.0201703
123.892 0.0201703
124.024 0.0201703
124.156 0.0201703
124.288 0.0201703
124.419 0.0201703
124.551 0.0201703
124.683 0.0201703
124.815 0.0201703
124.946 0.0201703
125.078 0.0201703
125.21 0.0201703
125.342 0.0201703
125.473 0.0201703
125.605 0.0201703
125.737 0.0201703
125.869 0.0201703
126 0.0201703
126.132 0.0201703
126.264 0.0201703
126.396 0.0201703
126.527 0.0201703
126.659 0.0201703
126.791 0.0201703
126.923 0.0201703
127.054 0.0201703
127.186 0.0201703
127.318 0.0201703
127.45 0.0201703
127.581 0.0201703
127.713 0.0201703
127.845 0.0201703
127.977 0.0201703
128.108 0.0201703
128.24 0.0201703
128.372 0.0201703
128.504 0.0201703
128.635 0.0201703
128.767 0.0201703
128.899 0.0201703
129.031 0.0201703
129.162 0.0201703
129.294 0.0201703
129.426 0.0201703
129.558 0.0201703
129.689 0.0201703
129.821 0.0201703
129.953 0.0201703
130.085 0.0201703
130.216 0.0201703
130.348 0.0201703
