-3.94008 0.0353278
-3.80833 0.0110184
-3.67658 -0.0273929
-3.54483 -0.0518836
-3.41307 -0.0787813
-3.28132 -0.100247
-3.14957 -0.06523
-3.01782 -0.0197577
-2.88606 -0.00332063
-2.75431 0.0447769
-2.62256 0.0221248
-2.49081 0.04416
-2.35905 0.0163003
-2.2273 0.0813406
-2.09555 0.0545679
-1.9638 0.117406
-1.83205 0.182258
-1.70029 0.148497
-1.56854 0.0648012
-1.43679 -0.100634
-1.30504 -0.357271
-1.17328 -0.505461
-1.04153 -0.450605
-0.909779 -0.264945
-0.778027 0.0696587
-0.646274 0.336822
-0.514522 0.487921
-0.38277 0.519068
-0.251017 0.530462
-0.119265 0.375818
0.0124872 0.155989
0.144239 -0.14704
0.275992 -0.370593
0.407744 -0.54764
0.539496 -0.622879
0.671249 -0.660827
0.803001 -0.411455
0.934753 -0.146493
1.06651 0.120202
1.19826 0.288052
1.33001 0.520286
1.46176 0.544924
1.59351 0.434006
1.72527 0.315975
1.85702 0.160264
1.98877 0.117836
2.12052 0.177873
2.25228 0.355753
2.38403 0.50736
2.51578 0.403104
2.64753 0.135462
2.77929 -0.191894
2.91104 -0.357328
3.04279 -0.323139
3.17454 -0.159693
3.30629 0.0872216
3.43805 0.100539
3.5698 0.0363933
3.70155 -0.0816585
3.8333 -0.136762
3.96506 -0.0658802
4.09681 -0.100915
4.22856 -0.0126866
4.36031 0.0285532
4.49207 0.111044
4.62382 0.219804
4.75557 0.27472
4.88732 0.0829322
5.01907 -0.278412
5.15083 -0.786074
5.28258 -1.22689
5.41433 -1.41852
5.54608 -1.14737
5.67784 -0.443099
5.80959 0.436057
5.94134 1.19446
6.07309 1.60796
6.20485 1.62231
6.3366 1.28572
6.46835 0.732666
6.6001 0.0860254
6.73185 -0.508578
6.86361 -0.76423
6.99536 -0.62171
7.12711 -0.197583
7.25886 0.430572
7.39062 0.968402
7.52237 1.24193
7.65412 1.11261
7.78587 0.745428
7.91763 0.214059
8.04938 -0.25104
8.18113 -0.485977
8.31288 -0.450906
8.44463 -0.344581
8.57639 -0.257366
8.70814 -0.252412
8.83989 -0.319164
8.97164 -0.327513
9.1034 -0.220312
9.23515 -0.0485304
9.3669 0.216906
9.49865 0.313724
9.63041 0.214934
9.76216 -0.10433
9.89391 -0.486791
10.0257 -0.732603
10.1574 -0.767337
10.2892 -0.465252
10.4209 0.0895258
10.5527 0.813985
10.6844 1.42118
10.8162 1.69039
10.9479 1.4053
11.0797 0.822891
11.2114 0.0612612
11.3432 -0.510626
11.4749 -0.721322
11.6067 -0.48263
11.7384 0.0662359
11.8702 0.682279
12.0019 1.15727
12.1337 1.22669
12.2655 0.898133
12.3972 0.229433
12.529 -0.600817
12.6607 -1.10665
12.7925 -1.18508
12.9242 -0.741494
13.056 -0.0930928
13.1877 0.650496
13.3195 1.13203
13.4512 1.07805
13.583 0.693134
13.7147 0.0844936
13.8465 -0.474667
13.9782 -0.824452
14.11 -0.928377
14.2417 -0.731507
14.3735 -0.399205
14.5052 -0.0849206
14.637 0.0581773
14.7687 -0.0278533
14.9005 -0.361216
15.0323 -0.611467
15.164 -0.544079
15.2958 -0.170731
15.4275 0.507089
15.5593 1.24365
15.691 1.81471
15.8228 2.08685
15.9545 1.93131
16.0863 1.24406
16.218 0.210955
16.3498 -0.993567
16.4815 -1.84449
16.6133 -2.17078
16.745 -1.64487
16.8768 -0.519472
17.0085 0.776687
17.1403 1.76779
17.272 2.08614
17.4038 1.68902
17.5355 0.868342
17.6673 -0.0887108
17.799 -0.880063
17.9308 -1.19118
18.0626 -0.797473
18.1943 0.152636
18.3261 1.31774
18.4578 2.08938
18.5896 2.05292
18.7213 0.987662
18.8531 -0.827491
18.9848 -2.66227
19.1166 -3.77085
19.2483 -4.02308
19.3801 -3.3856
19.5118 -1.95615
19.6436 -0.0670656
19.7753 1.84578
19.9071 3.36704
20.0388 3.97071
20.1706 3.48398
20.3023 2.07297
20.4341 0.307028
20.5658 -1.1233
20.6976 -1.77331
20.8294 -1.60313
20.9611 -0.818956
21.0929 0.0298199
21.2246 0.810446
21.3564 1.41193
21.4881 1.81069
21.6199 1.89246
21.7516 1.44995
21.8834 0.445803
22.0151 -0.791254
22.1469 -1.59796
22.2786 -1.78549
22.4104 -1.3778
22.5421 -0.597142
22.6739 0.142031
22.8056 0.604016
22.9374 0.72193
23.0691 0.469008
23.2009 -0.0945876
23.3326 -0.657573
23.4644 -1.09565
23.5961 -1.10659
23.7279 -0.388825
23.8597 0.605005
23.9914 1.42801
24.1232 1.73009
24.2549 1.53484
24.3867 0.977261
24.5184 0.495657
24.6502 0.35285
24.7819 0.435204
24.9137 0.507435
25.0454 0.533033
25.1772 0.532594
25.3089 0.429046
25.4407 0.147565
25.5724 -0.320969
25.7042 -0.83518
25.8359 -0.962402
25.9677 -0.585344
26.0994 0.243992
26.2312 1.09794
26.3629 1.33767
26.4947 0.958208
26.6265 0.135908
26.7582 -0.646071
26.89 -1.19694
27.0217 -1.42947
27.1535 -1.35041
27.2852 -0.91962
27.417 -0.0433753
27.5487 1.13121
27.6805 2.2522
27.8122 2.7482
27.944 2.25637
28.0757 0.936726
28.2075 -0.649706
28.3392 -1.86754
28.471 -2.32578
28.6027 -2.08211
28.7345 -1.30529
28.8662 -0.196455
28.998 1.08953
29.1297 2.30558
29.2615 3.11576
29.3933 3.2384
29.525 2.65536
29.6568 1.65808
29.7885 0.647999
29.9203 -0.141394
30.052 -0.742215
30.1838 -1.28641
30.3155 -1.76266
30.4473 -1.96303
30.579 -1.68709
30.7108 -0.993669
30.8425 -0.224502
30.9743 0.252826
31.106 0.347405
31.2378 0.300739
31.3695 0.440304
31.5013 0.867973
31.633 1.37447
31.7648 1.63863
31.8965 1.49463
32.0283 1.01074
32.16 0.344831
32.2918 -0.422399
32.4236 -1.27643
32.5553 -2.10802
32.6871 -2.62522
32.8188 -2.4996
32.9506 -1.64696
33.0823 -0.364036
33.2141 0.847131
33.3458 1.63452
33.4776 2.01281
33.6093 2.25135
33.7411 2.56022
33.8728 2.88643
34.0046 3.00139
34.1363 2.75619
34.2681 2.22305
34.3998 1.58608
34.5316 0.927468
34.6633 0.165956
34.7951 -0.774349
34.9268 -1.75732
35.0586 -2.44271
35.1904 -2.53703
35.3221 -2.04651
35.4539 -1.27244
35.5856 -0.551902
35.7174 -0.0126814
35.8491 0.409649
35.9809 0.737511
36.1126 0.794199
36.2444 0.343195
36.3761 -0.590735
36.5079 -1.56971
36.6396 -1.97821
36.7714 -1.47708
36.9031 -0.264887
37.0349 1.09574
37.1666 2.11011
37.2984 2.62491
37.4301 2.71801
37.5619 2.40088
37.6936 1.52626
37.8254 0.0466457
37.9572 -1.66348
38.0889 -2.84608
38.2207 -2.84329
38.3524 -1.62573
38.4842 0.147234
38.6159 1.63166
38.7477 2.41738
38.8794 2.69521
39.0112 2.85783
39.1429 2.98521
39.2747 2.76288
39.4064 1.90433
39.5382 0.596086
39.6699 -0.553116
39.8017 -1.04671
39.9334 -0.964707
40.0652 -0.845824
40.1969 -1.08392
40.3287 -1.47639
40.4604 -1.43723
40.5922 -0.688592
40.7239 0.303842
40.8557 0.673491
40.9875 -0.00621739
41.1192 -1.23006
41.251 -1.97015
41.3827 -1.63186
41.5145 -0.608635
41.6462 0.143683
41.778 0.0961989
41.9097 -0.321096
42.0415 -0.216171
42.1732 0.746865
42.305 1.9033
42.4367 2.24798
42.5685 1.55167
42.7002 0.726004
42.832 0.944842
42.9637 2.34586
43.0955 3.67673
43.2272 3.36459
43.359 1.00924
43.4907 -2.22298
43.6225 -4.74484
43.7543 -6.01428
43.886 -6.63504
44.0178 -6.80358
44.1495 -4.79196
44.2813 2.39249
44.413 15.8996
44.5448 31.8656
44.6765 41.4129
44.8083 34.9363
44.94 8.28353
45.0718 -33.4225
45.2035 -77.0682
45.3353 -107.054
45.467 -111.482
45.5988 -85.8617
45.7305 -33.7665
45.8623 34.0985
45.994 101.359
46.1258 148.725
46.2575 159.411
46.3893 126.452
46.5211 57.9852
46.6528 -24.1375
46.7846 -93.5162
46.9163 -131.547
47.0481 -135.268
47.1798 -115.641
47.3116 -87.9401
47.4433 -61.5667
47.5751 -36.47
47.7068 -7.6849
47.8386 26.9575
47.9703 62.7968
48.1021 90.9561
48.2338 104.625
48.3656 103.258
48.4973 91.4073
48.6291 73.9772
48.7608 52.6128
48.8926 26.3263
49.0243 -4.83099
49.1561 -37.0415
49.2878 -63.7859
49.4196 -79.7848
49.5514 -84.2154
49.6831 -80.3989
49.8149 -72.4858
49.9466 -62.2897
50.0784 -48.9707
50.2101 -31.4086
50.3419 -10.6536
50.4736 9.9574
50.6054 26.9973
50.7371 39.2244
50.8689 47.7864
51.0006 54.319
51.1324 58.9121
51.2641 59.9089
51.3959 55.6285
51.5276 46.2521
51.6594 34.0398
51.7911 21.7155
51.9229 10.5769
52.0546 0.0562299
52.1864 -10.9923
52.3182 -22.6083
52.4499 -33.2362
52.5817 -40.807
52.7134 -44.303
52.8452 -44.3717
52.9769 -42.5423
53.1087 -39.8884
53.2404 -36.3674
53.3722 -31.3021
53.5039 -24.3723
53.6357 -16.109
53.7674 -7.48597
53.8992 0.880162
54.0309 9.08304
54.1627 17.4971
54.2944 26.017
54.4262 33.7187
54.5579 39.2722
54.6897 41.7381
54.8214 41.0683
54.9532 37.9518
55.085 33.2346
55.2167 27.4535
55.3485 20.8148
55.4802 13.4915
55.612 5.85268
55.7437 -1.60708
55.8755 -8.52191
56.0072 -14.7837
56.139 -20.3901
56.2707 -25.1682
56.4025 -28.685
56.5342 -30.4927
56.666 -30.5292
56.7977 -29.3098
56.9295 -27.6823
57.0612 -26.2721
57.193 -25.0097
57.3247 -23.0988
57.4565 -19.472
57.5882 -13.4454
57.72 -5.17201
57.8517 4.33827
57.9835 13.5821
58.1153 21.0735
58.247 25.778
58.3788 27.3685
58.5105 26.2884
58.6423 23.6089
58.774 20.6759
58.9058 18.5778
59.0375 17.6912
59.1693 17.5636
59.301 17.2669
59.4328 16.0346
59.5645 13.7493
59.6963 10.925
59.828 8.1992
59.9598 5.75033
60.0915 3.12399
60.2233 -0.388687
60.355 -5.14476
60.4868 -10.8282
60.6185 -16.6615
60.7503 -21.9198
60.8821 -26.2651
61.0138 -29.6237
61.1456 -31.7953
61.2773 -32.257
61.4091 -30.4373
61.5408 -26.2554
61.6726 -20.4161
61.8043 -14.1244
61.9361 -8.39796
62.0678 -3.52842
62.1996 0.874539
62.3313 5.33266
62.4631 9.94653
62.5948 14.3087
62.7266 17.8975
62.8583 20.5322
62.9901 22.4535
63.1218 23.9825
63.2536 25.1147
63.3853 25.4473
63.5171 24.5003
63.6489 22.1211
63.7806 18.6116
63.9124 14.506
64.0441 10.2453
64.1759 6.04308
64.3076 1.99584
64.4394 -1.75961
64.5711 -5.04767
64.7029 -7.79857
64.8346 -10.1322
64.9664 -12.2333
65.0981 -14.1117
65.2299 -15.5028
65.3616 -16.053
65.4934 -15.6551
65.6251 -14.6259
65.7569 -13.5399
65.8886 -12.8449
66.0204 -12.5783
66.1521 -12.4048
66.2839 -11.9072
66.4156 -10.8572
66.5474 -9.26492
66.6792 -7.24655
66.8109 -4.9026
66.9427 -2.33057
67.0744 0.300077
67.2062 2.76797
67.3379 4.9506
67.4697 6.95202
67.6014 9.0242
67.7332 11.2913
67.8649 13.517
67.9967 15.1706
68.1284 15.7991
68.2602 15.4121
68.3919 14.5348
68.5237 13.8459
68.6554 13.6759
68.7872 13.7655
68.9189 13.4736
69.0507 12.2477
69.1824 9.98099
69.3142 7.006
69.446 3.79558
69.5777 0.658484
69.7095 -2.33763
69.8412 -5.22176
69.973 -7.94697
70.1047 -10.3642
70.2365 -12.3433
70.3682 -13.8949
70.5 -15.1592
70.6317 -16.2611
70.7635 -17.1579
70.8952 -17.6083
71.027 -17.2914
71.1587 -15.995
71.2905 -13.753
71.4222 -10.8572
71.554 -7.74138
71.6857 -4.80351
71.8175 -2.25189
71.9492 -0.0542753
72.081 1.98489
72.2128 4.06439
72.3445 6.24285
72.4763 8.40174
72.608 10.3278
72.7398 11.8392
72.8715 12.8563
73.0033 13.377
73.135 13.4124
73.2668 12.9646
73.3985 12.0723
73.5303 10.8655
73.662 9.5464
73.7938 8.29088
73.9255 7.15027
74.0573 6.04978
74.189 4.89099
74.3208 3.6637
74.4525 2.46016
74.5843 1.37917
74.716 0.416127
74.8478 -0.551529
74.9795 -1.66988
75.1113 -2.9978
75.2431 -4.48141
75.3748 -6.01995
75.5066 -7.53486
75.6383 -8.96094
75.7701 -10.1805
75.9018 -11.0036
76.0336 -11.2623
76.1653 -10.9592
76.2971 -10.3247
76.4288 -9.69157
76.5606 -9.25766
76.6923 -8.92268
76.8241 -8.34054
76.9558 -7.15521
77.0876 -5.24164
77.2193 -2.78248
77.3511 -0.155111
77.4828 2.25531
77.6146 4.18514
77.7463 5.52658
77.8781 6.31991
78.0099 6.74999
78.1416 7.11976
78.2734 7.74029
78.4051 8.7461
78.5369 9.95517
78.6686 10.9183
78.8004 11.1855
78.9321 10.6362
79.0639 9.63454
79.1956 8.86024
79.3274 8.8828
79.4591 9.7232
79.5909 10.6766
79.7226 10.5356
79.8544 8.14895
79.9861 3.07559
80.1179 -3.98317
80.2496 -11.2385
80.3814 -16.4308
80.5131 -17.798
80.6449 -14.9414
80.7767 -9.10146
80.9084 -2.6282
81.0402 2.10508
81.1719 3.74373
81.3037 2.36716
81.4354 -0.891219
81.5672 -4.67123
81.6989 -8.06941
81.8307 -10.7873
81.9624 -12.8094
82.0942 -14.0126
82.2259 -14.0719
82.3577 -12.6981
82.4894 -9.93684
82.6212 -6.23312
82.7529 -2.20881
82.8847 1.63751
83.0164 5.06004
83.1482 7.96531
83.2799 10.2403
83.4117 11.7069
83.5434 12.2457
83.6752 11.9506
83.807 11.1465
83.9387 10.2353
84.0705 9.4954
84.2022 8.98903
84.334 8.62093
84.4657 8.25846
84.5975 7.79634
84.7292 7.1351
84.861 6.1426
84.9927 4.68179
85.1245 2.7099
85.2562 0.370349
85.388 -2.00976
85.5197 -4.03449
85.6515 -5.40365
85.7832 -6.03631
85.915 -6.09536
86.0467 -5.90937
86.1785 -5.82912
86.3102 -6.07622
86.442 -6.64789
86.5738 -7.32799
86.7055 -7.80891
86.8373 -7.86178
86.969 -7.45146
87.1008 -6.72137
87.2325 -5.86472
87.3643 -4.98399
87.496 -4.04656
87.6278 -2.96211
87.7595 -1.7069
87.8913 -0.386872
88.023 0.809509
88.1548 1.72551
88.2865 2.32809
88.4183 2.71905
88.55 3.07258
88.6818 3.54725
88.8135 4.21485
88.9453 5.0256
89.077 5.81861
89.2088 6.38562
89.3406 6.5761
89.4723 6.39253
89.6041 6.00444
89.7358 5.65136
89.8676 5.49127
89.9993 5.50706
90.1311 5.54462
90.2628 5.44402
90.3946 5.14107
90.5263 4.64809
90.6581 3.94733
90.7898 2.92757
90.9216 1.46088
91.0533 -0.427924
91.1851 -2.46098
91.3168 -4.20267
91.4486 -5.30888
91.5803 -5.74136
91.7121 -5.77365
91.8438 -5.78583
91.9756 -6.01644
92.1073 -6.45823
92.2391 -6.94084
92.3709 -7.28377
92.5026 -7.37419
92.6344 -7.1382
92.7661 -6.49807
92.8979 -5.4106
93.0296 -3.96573
93.1614 -2.42357
93.2931 -1.10182
93.4249 -0.171655
93.5566 0.468399
93.6884 1.11618
93.8201 2.0341
93.9519 3.24726
94.0836 4.53191
94.2154 5.58919
94.3471 6.2481
94.4789 6.53883
94.6106 6.60978
94.7424 6.59472
94.8741 6.58339
95.0059 6.5112
95.1377 6.40343
95.2694 6.26584
95.4012 6.05143
95.5329 5.6559
95.6647 4.94803
95.7964 3.83413
95.9282 2.40549
96.0599 0.811105
96.1917 -0.834952
96.3234 -2.40359
96.4552 -3.74808
96.5869 -4.64095
96.7187 -4.93967
96.8504 -4.74478
96.9822 -4.30829
97.1139 -4.00745
97.2457 -4.18995
97.3774 -4.72267
97.5092 -5.3946
97.6409 -5.70698
97.7727 -5.56793
97.9045 -4.82754
98.0362 -3.88379
98.168 -2.88018
98.2997 -1.85607
98.4315 -0.912525
98.5632 -0.03301
98.695 0.796677
98.8267 1.4254
98.9585 1.85514
99.0902 2.24421
99.222 2.56572
99.3537 2.90769
99.4855 3.14544
99.6172 3.1835
99.749 2.95832
99.8807 2.7472
100.012 2.57972
100.144 2.54657
100.276 2.51646
100.408 2.55389
100.539 2.63287
100.671 2.79438
100.803 2.68128
100.935 2.42357
101.067 1.96025
101.198 1.44068
101.33 0.819998
101.462 0.438215
101.594 0.175442
101.725 -0.198086
101.857 -0.673501
101.989 -1.27824
102.121 -1.81365
102.252 -2.20184
102.384 -2.38159
102.516 -2.29983
102.648 -2.14741
102.779 -1.95547
102.911 -1.78205
103.043 -1.58504
103.175 -1.39277
103.306 -1.35394
103.438 -1.26258
103.57 -1.20644
103.702 -1.04587
103.833 -0.819746
103.965 -0.688867
104.097 -0.597621
104.229 -0.835496
104.36 -1.07828
104.492 -1.14987
104.624 -0.878887
104.756 -0.270729
104.887 0.610148
105.019 1.46163
105.151 2.21952
105.283 2.7896
105.414 3.11756
105.546 3.00859
105.678 2.42234
105.81 1.57392
105.941 0.816534
106.073 0.480587
106.205 0.649638
106.337 1.15961
106.468 1.68047
106.6 1.96155
106.732 1.90045
106.864 1.4021
106.995 0.629614
107.127 -0.162747
107.259 -0.883953
107.391 -1.31899
107.522 -1.41402
107.654 -1.1528
107.786 -0.794698
107.918 -0.446761
108.049 -0.291636
108.181 -0.387782
108.313 -0.679225
108.445 -0.94243
108.576 -1.13129
108.708 -1.22796
108.84 -1.22111
108.972 -1.15694
109.103 -1.03016
109.235 -0.833624
109.367 -0.745169
109.499 -0.657389
109.63 -0.587188
109.762 -0.404591
109.894 -0.0803884
110.026 0.341329
110.157 0.838432
110.289 1.2307
110.421 1.47305
110.553 1.47084
110.684 1.3091
110.816 1.03986
110.948 0.838251
111.08 0.604281
111.211 0.54225
111.343 0.621291
111.475 0.843285
111.607 1.04096
111.738 1.08342
111.87 0.905912
112.002 0.504152
112.134 0.0712274
112.265 -0.348659
112.397 -0.658178
112.529 -0.78247
112.661 -0.892608
112.792 -0.827202
112.924 -0.617526
113.056 -0.164397
113.188 0.218276
113.319 0.462037
113.451 0.611635
113.583 0.499605
113.715 0.242923
113.846 -0.155146
113.978 -0.615289
114.11 -0.995606
114.242 -1.24527
114.373 -1.20813
114.505 -0.894356
114.637 -0.430003
114.769 -0.0131878
114.9 0.298688
115.032 0.332055
115.164 0.137694
115.296 -0.0439866
115.428 -0.170315
115.559 -0.14314
115.691 0.0173762
115.823 0.198844
115.955 0.337889
116.086 0.44387
116.218 0.400264
116.35 0.318283
116.482 0.123179
116.613 0.0672313
116.745 -0.0170114
116.877 -0.0878891
117.009 -0.180326
117.14 -0.269046
117.272 -0.208383
117.404 0.0759786
117.536 0.45005
117.667 0.790828
117.799 0.960361
117.931 0.860074
118.063 0.499486
118.194 0.110069
118.326 -0.205381
118.458 -0.367217
118.59 -0.489889
118.721 -0.519837
118.853 -0.392604
118.985 -0.177832
119.117 -0.0256953
119.248 0.18929
119.38 0.351729
119.512 0.325522
119.644 0.193736
119.775 0.0955665
119.907 0.0165286
120.039 -0.0128162
120.171 -0.110671
120.302 -0.259129
120.434 -0.371776
120.566 -0.356164
120.698 -0.194863
120.829 0.0063349
120.961 0.0340859
121.093 0.0336076
121.225 -0.0188432
121.356 0.00947409
121.488 0.109764
121.62 0.195875
121.752 0.246261
121.883 0.294774
122.015 0.338727
122.147 0.203549
122.279 0.049057
122.41 -0.0795034
122.542 -0.211155
122.674 -0.253427
122.806 -0.205662
122.937 -0.124696
123.069 -0.03241
123.201 0.0510342
123.333 0.00327544
123.464 0.0276081
123.596 0.127669
123.728 0.0614117
123.86 0.00428228
123.991 -0.0522886
124.123 -0.0878184
124.255 -0.124275
124.387 -0.0182774
124.518 0.102386
124.65 0.107876
124.782 0.0521547
124.914 0.0525321
125.045 0.0796501
125.177 0.082727
125.309 0.0713576
125.441 0.0284819
125.572 -0.0253921
125.704 -0.0147907
125.836 -0.0347156
125.968 -0.00078513
126.099 -0.00974611
126.231 -0.087211
126.363 -0.0501882
126.495 -0.0381633
126.626 0.00426826
126.758 -0.0138525
126.89 -0.00708982
127.022 0.00664028
127.153 0.0207264
127.285 0.0405712
127.417 0.0373428
127.549 0.0481231
127.68 0.0232131
127.812 -0.00707763
127.944 -0.00931519
128.076 0.000729598
128.207 0.0172696
128.339 0.0295606
128.471 0.0029497
128.603 -0.00164127
128.734 -0.00429044
128.866 0.00222507
128.998 0.00222507
129.13 0.00222507
129.261 0.00222507
129.393 0.00222507
129.525 0.00222507
129.657 0.00222507
129.789 0.00222507
129.92 0.00222507
130.052 0.00222507
130.184 0.00222507
130.316 0.00222507
130.447 0.00222507
130.579 0.00222507
130.711 0.00222507
130.843 0.00222507
