-4.50814 1.94811
-4.37639 0.61394
-4.24464 -0.762909
-4.11289 -1.68961
-3.98113 -1.91704
-3.84938 -1.46079
-3.71763 -0.725832
-3.58588 0.0285366
-3.45413 0.561521
-3.32237 1.12206
-3.19062 1.75705
-3.05887 2.29329
-2.92712 2.17015
-2.79536 0.91077
-2.66361 -1.35283
-2.53186 -4.01166
-2.40011 -5.84254
-2.26835 -6.23517
-2.1366 -4.99002
-2.00485 -2.60089
-1.8731 -0.0749042
-1.74135 1.8545
-1.60959 2.96805
-1.47784 3.58815
-1.34609 4.04171
-1.21434 4.3868
-1.08258 4.61004
-0.950832 4.60677
-0.819079 4.02477
-0.687327 2.84622
-0.555575 0.966268
-0.423823 -1.42899
-0.29207 -3.82655
-0.160318 -5.64763
-0.0285656 -6.19847
0.103187 -5.51564
0.234939 -3.82234
0.366691 -1.64977
0.498444 0.531661
0.630196 2.42299
0.761948 3.82317
0.893701 4.83262
1.02545 5.28566
1.15721 5.29149
1.28896 4.56684
1.42071 3.07005
1.55246 1.0732
1.68421 -1.03002
1.81597 -2.82805
1.94772 -4.13122
2.07947 -4.75456
2.21122 -4.73391
2.34298 -4.33322
2.47473 -3.64914
2.60648 -2.83409
2.73823 -1.50111
2.86999 0.0411841
3.00174 1.69075
3.13349 2.84013
3.26524 3.08955
3.39699 2.5348
3.52875 1.57365
3.6605 0.93012
3.79225 1.08248
3.924 1.83928
4.05576 2.94374
4.18751 3.84646
4.31926 4.2384
4.45101 3.99701
4.58277 3.21365
4.71452 1.80245
4.84627 -0.285108
4.97802 -2.68958
5.10977 -4.90476
5.24153 -6.1928
5.37328 -6.42968
5.50503 -5.64508
5.63678 -4.18558
5.76854 -2.41747
5.90029 -0.781458
6.03204 0.877611
6.16379 2.58118
6.29555 4.03696
6.4273 5.03624
6.55905 5.24843
6.6908 4.71197
6.82255 3.73876
6.95431 2.50842
7.08606 1.25689
7.21781 -0.13244
7.34956 -1.53526
7.48132 -2.73741
7.61307 -3.60809
7.74482 -3.92925
7.87657 -3.72949
8.00833 -2.9231
8.14008 -1.70434
8.27183 -0.249181
8.40358 0.981466
8.53533 1.77347
8.66709 1.89181
8.79884 1.5423
8.93059 1.18675
9.06234 1.25007
9.1941 1.81763
9.32585 2.71791
9.4576 3.4457
9.58935 3.81202
9.72111 3.63082
9.85286 2.90053
9.98461 1.60214
10.1164 0.0476632
10.2481 -1.60496
10.3799 -3.06688
10.5116 -3.77965
10.6434 -3.57464
10.7751 -2.63792
10.9069 -1.53644
11.0386 -0.835436
11.1704 -0.682916
11.3021 -0.93626
11.4339 -1.13974
11.5656 -1.01317
11.6974 -0.698655
11.8291 -0.415613
11.9609 -0.394631
12.0926 -0.478478
12.2244 -0.403999
12.3562 -0.0089982
12.4879 0.654442
12.6197 1.32415
12.7514 1.83051
12.8832 2.10696
13.0149 2.16239
13.1467 2.00179
13.2784 1.62807
13.4102 1.12045
13.5419 0.67831
13.6737 0.547409
13.8054 0.871996
13.9372 1.59808
14.0689 2.50181
14.2007 3.29684
14.3324 3.72176
14.4642 3.57262
14.5959 2.73466
14.7277 1.26139
14.8594 -0.552314
14.9912 -2.22234
15.1229 -3.29313
15.2547 -3.59166
15.3865 -3.30931
15.5182 -2.82852
15.65 -2.4404
15.7817 -2.20319
15.9135 -2.04644
16.0452 -1.9667
16.177 -2.06006
16.3087 -2.31983
16.4405 -2.42145
16.5722 -1.80224
16.704 -0.0908132
16.8357 2.43576
16.9675 4.81063
17.0992 5.89763
17.231 5.1379
17.3627 2.95573
17.4945 0.500605
17.6262 -1.08196
17.758 -1.314
17.8897 -0.547752
18.0215 0.391207
18.1533 0.749205
18.285 0.221941
18.4168 -0.964305
18.5485 -2.18789
18.6803 -2.67667
18.812 -1.82435
18.9438 0.472728
19.0755 3.62474
19.2073 6.50904
19.339 8.00097
19.4708 7.58058
19.6025 5.58555
19.7343 2.91316
19.866 0.41366
19.9978 -1.53607
20.1295 -2.98211
20.2613 -4.02656
20.393 -4.57985
20.5248 -4.49165
20.6565 -3.8788
20.7883 -3.22906
20.9201 -3.08206
21.0518 -3.55066
21.1836 -4.15928
21.3153 -4.19695
21.4471 -3.28091
21.5788 -1.61596
21.7106 0.259324
21.8423 1.93974
21.9741 3.35022
22.1058 4.52038
22.2376 5.26965
22.3693 5.23956
22.5011 4.3023
22.6328 2.89466
22.7646 1.8218
22.8963 1.60666
23.0281 1.98886
23.1598 2.11364
23.2916 1.29882
23.4233 -0.332792
23.5551 -1.97507
23.6868 -2.89641
23.8186 -3.06808
23.9504 -3.02511
24.0821 -3.12602
24.2139 -3.03491
24.3456 -2.04407
24.4774 0.0451888
24.6091 2.43213
24.7409 3.84931
24.8726 3.70613
25.0044 2.71461
25.1361 2.28157
25.2679 3.16047
25.3996 4.66098
25.5314 5.2432
25.6631 3.97408
25.7949 1.42983
25.9266 -0.866058
26.0584 -1.92683
26.1901 -2.22188
26.3219 -3.10252
26.4536 -5.33637
26.5854 -8.28192
26.7172 -10.549
26.8489 -11.354
26.9807 -10.9407
27.1124 -9.42683
27.2442 -5.36783
27.3759 3.861
27.5077 19.2418
27.6394 36.8755
27.7712 47.614
27.9029 41.1449
28.0347 12.5504
28.1664 -33.0635
28.2982 -81.3158
28.4299 -114.458
28.5617 -118.837
28.6934 -89.8572
28.8252 -32.8416
28.9569 39.0622
29.0887 108.027
29.2204 155.217
29.3522 165.605
29.484 133.674
29.6157 67.3897
29.7475 -13.1237
29.8792 -83.3694
30.011 -125.268
30.1427 -134.518
30.2745 -119.8
30.4062 -94.7138
30.538 -68.5661
30.6697 -42.5604
30.8015 -13.2557
30.9332 20.7238
31.065 54.9139
31.1967 81.201
31.3285 93.5737
31.4602 92.1371
31.592 82.0491
31.7237 68.7531
31.8555 53.9746
31.9872 35.8215
32.119 12.3468
32.2507 -15.088
32.3825 -41.7401
32.5143 -62.4889
32.646 -74.9346
32.7778 -79.8659
32.9095 -79.1142
33.0413 -73.2517
33.173 -61.4439
33.3048 -43.3999
33.4365 -21.2209
33.5683 0.910477
33.7 19.0945
33.8318 32.0218
33.9635 41.1794
34.0953 48.878
34.227 55.9535
34.3588 61.1108
34.4905 62.2273
34.6223 58.194
34.754 49.6291
34.8858 38.0927
35.0175 24.8566
35.1493 10.487
35.2811 -4.54937
35.4128 -19.1513
35.5446 -31.6689
35.6763 -40.7983
35.8081 -46.3717
35.9398 -49.2199
36.0716 -50.2279
36.2033 -49.5095
36.3351 -46.4814
36.4668 -40.6961
36.5986 -32.5558
36.7303 -23.1935
36.8621 -13.6705
36.9938 -4.3104
37.1256 5.18374
37.2573 14.9901
37.3891 24.5713
37.5208 32.8087
37.6526 38.7111
37.7843 41.9959
37.9161 43.0174
38.0479 42.1896
38.1796 39.5352
38.3114 34.806
38.4431 28.0061
38.5749 19.7397
38.7066 11.0027
38.8384 2.61616
38.9701 -5.14194
39.1019 -12.3639
39.2336 -19.0053
39.3654 -24.5802
39.4971 -28.3852
39.6289 -30.052
39.7606 -29.909
39.8924 -28.8151
40.0241 -27.6066
40.1559 -26.6099
40.2876 -25.5493
40.4194 -23.8058
40.5511 -20.7393
40.6829 -15.886
40.8146 -9.08653
40.9464 -0.683619
41.0782 8.27433
41.2099 16.1108
41.3417 21.0999
41.4734 22.3604
41.6052 20.4888
41.7369 17.3833
41.8687 15.2423
42.0004 15.3499
42.1322 17.4647
42.2639 20.199
42.3957 22.0513
42.5274 22.3061
42.6592 21.1992
42.7909 19.366
42.9227 17.1307
43.0544 14.2263
43.1862 10.0955
43.3179 4.42784
43.4497 -2.54356
43.5814 -10.1772
43.7132 -17.7753
43.845 -24.7922
43.9767 -30.752
44.1085 -35.0585
44.2402 -37.006
44.372 -36.0952
44.5037 -32.4277
44.6355 -26.8173
44.7672 -20.4568
44.899 -14.3442
45.0307 -8.88113
45.1625 -3.91648
45.2942 0.849651
45.426 5.46567
45.5577 9.64997
45.6895 13.0494
45.8212 15.5621
45.953 17.4239
46.0847 18.9965
46.2165 20.4576
46.3482 21.6613
46.48 22.2586
46.6118 21.9424
46.7435 20.6088
46.8753 18.3496
47.007 15.3609
47.1388 11.8935
47.2705 8.26285
47.4023 4.82889
47.534 1.87369
47.6658 -0.552356
47.7975 -2.65334
47.9293 -4.70012
48.061 -6.75809
48.1928 -8.57933
48.3245 -9.7976
48.4563 -10.2936
48.588 -10.4127
48.7198 -10.8102
48.8515 -12.0105
48.9833 -14.0202
49.115 -16.3012
49.2468 -18.1074
49.3785 -18.9013
49.5103 -18.5325
49.6421 -17.112
49.7738 -14.7843
49.9056 -11.645
50.0373 -7.84822
50.1691 -3.71844
50.3008 0.325176
50.4326 4.00916
50.5643 7.37208
50.6961 10.6463
50.8278 13.9108
50.9596 16.8231
51.0913 18.718
51.2231 19.0533
51.3548 17.8583
51.4866 15.8038
51.6183 13.8036
51.7501 12.4461
51.8818 11.6901
52.0136 11.0354
52.1453 9.99773
52.2771 8.48978
52.4089 6.82786
52.5406 5.406
52.6724 4.33751
52.8041 3.35085
52.9359 1.99101
53.0676 -0.0643194
53.1994 -2.82059
53.3311 -6.0187
53.4629 -9.33162
53.5946 -12.5244
53.7264 -15.4639
53.8581 -18.0079
53.9899 -19.9021
54.1216 -20.7978
54.2534 -20.4022
54.3851 -18.6658
54.5169 -15.873
54.6486 -12.5604
54.7804 -9.29663
54.9121 -6.4485
55.0439 -4.06784
55.1757 -1.95317
55.3074 0.173749
55.4392 2.49798
55.5709 5.03875
55.7027 7.67577
55.8344 10.2101
55.9662 12.4068
56.0979 14.0265
56.2297 14.8883
56.3614 14.9628
56.4932 14.4244
56.6249 13.5801
56.7567 12.6821
56.8884 11.7553
57.0202 10.5958
57.1519 8.97531
57.2837 6.90358
57.4154 4.72387
57.5472 2.93411
57.6789 1.85443
57.8107 1.39913
57.9424 1.13495
58.0742 0.575949
58.206 -0.5186
58.3377 -2.0583
58.4695 -3.77064
58.6012 -5.42219
58.733 -6.92797
58.8647 -8.30255
58.9965 -9.55271
59.1282 -10.6329
59.26 -11.4839
59.3917 -12.0785
59.5235 -12.4066
59.6552 -12.4217
59.787 -12.0303
59.9187 -11.1589
60.0505 -9.83535
60.1822 -8.1866
60.314 -6.33697
60.4457 -4.30406
60.5775 -2.01094
60.7092 0.57683
60.841 3.31545
60.9728 5.89121
61.1045 7.98539
61.2363 9.4535
61.368 10.356
61.4998 10.8191
61.6315 10.8742
61.7633 10.4503
61.895 9.54644
62.0268 8.42478
62.1585 7.61794
62.2903 7.68384
62.422 8.84317
62.5538 10.7304
62.6855 12.419
62.8173 12.7266
62.949 10.686
63.0808 6.02131
63.2125 -0.547429
63.3443 -7.34691
63.476 -12.2529
63.6078 -13.5602
63.7396 -10.8526
63.8713 -5.36155
64.0031 0.50249
64.1348 4.28145
64.2666 4.63011
64.3983 1.8112
64.5301 -2.73684
64.6618 -7.38994
64.7936 -11.1713
64.9253 -13.9162
65.0571 -15.8236
65.1888 -16.9056
65.3206 -16.8281
65.4523 -15.2197
65.5841 -12.0997
65.7158 -8.00757
65.8476 -3.72869
65.9793 0.125569
66.1111 3.33207
66.2428 5.94524
66.3746 8.04368
66.5063 9.60272
66.6381 10.5819
66.7699 11.0773
66.9016 11.3327
67.0334 11.565
67.1651 11.7676
67.2969 11.686
67.4286 11.0046
67.5604 9.5913
67.6921 7.60604
67.8239 5.41105
67.9556 3.38609
68.0874 1.79398
68.2191 0.752424
68.3509 0.258066
68.4826 0.193532
68.6144 0.320939
68.7461 0.324085
68.8779 -0.0719085
69.0096 -0.965666
69.1414 -2.23471
69.2731 -3.62345
69.4049 -4.89442
69.5367 -5.92294
69.6684 -6.67866
69.8002 -7.14804
69.9319 -7.29838
70.0637 -7.12185
70.1954 -6.69719
70.3272 -6.17741
70.4589 -5.68672
70.5907 -5.21411
70.7224 -4.61364
70.8542 -3.73249
70.9859 -2.56787
71.1177 -1.31736
71.2494 -0.270975
71.3812 0.376324
71.5129 0.650165
71.6447 0.772399
71.7764 1.01543
71.9082 1.54421
72.0399 2.34369
72.1717 3.25426
72.3035 4.06889
72.4352 4.62908
72.567 4.88352
72.6987 4.90294
72.8305 4.8551
72.9622 4.94238
73.094 5.31245
73.2257 5.97295
73.3575 6.75486
73.4892 7.35688
73.621 7.46353
73.7527 6.88602
73.8845 5.65467
74.0162 4.01077
74.148 2.29712
74.2797 0.803874
74.4115 -0.34487
74.5432 -1.20171
74.675 -1.90877
74.8067 -2.58516
74.9385 -3.27517
75.0702 -3.98612
75.202 -4.75933
75.3338 -5.68136
75.4655 -6.79691
75.5973 -7.98962
75.729 -8.95333
75.8608 -9.31903
75.9925 -8.86844
76.1243 -7.67309
76.256 -6.04281
76.3878 -4.32124
76.5195 -2.69496
76.6513 -1.16582
76.783 0.315146
76.9148 1.69969
77.0465 2.83062
77.1783 3.57449
77.31 3.95887
77.4418 4.16724
77.5735 4.38658
77.7053 4.65282
77.837 4.84633
77.9688 4.84307
78.1006 4.6706
78.2323 4.50983
78.3641 4.53324
78.4958 4.73293
78.6276 4.90512
78.7593 4.79064
78.8911 4.32653
79.0228 3.62018
79.1546 2.87463
79.2863 2.20513
79.4181 1.65555
79.5498 1.15937
79.6816 0.740443
79.8133 0.386072
79.9451 -0.0182575
80.0768 -0.64052
80.2086 -1.58789
80.3403 -2.89858
80.4721 -4.27535
80.6038 -5.28469
80.7356 -5.65351
80.8674 -5.48955
80.9991 -5.01585
81.1309 -4.45005
81.2626 -3.99486
81.3944 -3.49887
81.5261 -2.78139
81.6579 -1.79699
81.7896 -0.75182
81.9214 0.111672
82.0531 0.73679
82.1849 1.10868
82.3166 1.4293
82.4484 1.57747
82.5801 1.41117
82.7119 1.06835
82.8436 0.658902
82.9754 0.540903
83.1071 0.741754
83.2389 1.29614
83.3706 1.98566
83.5024 2.51844
83.6341 2.7677
83.7659 2.78596
83.8977 2.66965
84.0294 2.50009
84.1612 2.15591
84.2929 1.65869
84.4247 1.11626
84.5564 0.663864
84.6882 0.478146
84.8199 0.611228
84.9517 0.988059
85.0834 1.13883
85.2152 1.16749
85.3469 0.914394
85.4787 0.599325
85.6104 0.278409
85.7422 -0.148226
85.8739 -0.759953
86.0057 -1.48846
86.1374 -2.12013
86.2692 -2.5375
86.4009 -2.63941
86.5327 -2.41999
86.6645 -1.8703
86.7962 -1.38325
86.928 -0.856645
87.0597 -0.474875
87.1915 -0.166957
87.3232 0.109554
87.455 0.253534
87.5867 0.478148
87.7185 0.561254
87.8502 0.55826
87.982 0.526238
88.1137 0.418077
88.2455 0.362778
88.3772 0.481035
88.509 0.512935
88.6407 0.373605
88.7725 0.0541549
88.9042 -0.308358
89.036 -0.595014
89.1677 -0.60078
89.2995 -0.296791
89.4312 0.21518
89.563 0.546101
89.6948 0.832473
89.8265 0.9749
89.9583 1.03571
90.09 1.24423
90.2218 1.3987
90.3535 1.51562
90.4853 1.6274
90.617 1.64878
90.7488 1.5191
90.8805 1.22635
91.0123 0.747436
91.144 0.157163
91.2758 -0.436017
91.4075 -0.756496
91.5393 -0.723745
91.671 -0.460678
91.8028 -0.281052
91.9345 -0.361976
92.0663 -0.661269
92.198 -1.00772
92.3298 -1.15248
92.4616 -1.09374
92.5933 -0.805233
92.7251 -0.411132
92.8568 0.0701616
92.9886 0.479188
93.1203 0.683586
93.2521 0.636207
93.3838 0.326979
93.5156 -0.036131
93.6473 -0.231633
93.7791 -0.318577
93.9108 -0.271243
94.0426 -0.175933
94.1743 -0.257386
94.3061 -0.50743
94.4378 -0.721097
94.5696 -0.856203
94.7013 -0.779714
94.8331 -0.493854
94.9648 -0.0907835
95.0966 0.312264
95.2284 0.561267
95.3601 0.628416
95.4919 0.652126
95.6236 0.589307
95.7554 0.583345
95.8871 0.623876
96.0189 0.721356
96.1506 0.754815
96.2824 0.699483
96.4141 0.431727
96.5459 0.152807
96.6776 -0.112863
96.8094 -0.186608
96.9411 -0.0877506
97.0729 0.12767
97.2046 0.330474
97.3364 0.34443
97.4681 0.281383
97.5999 0.0540527
97.7316 -0.062562
97.8634 -0.130437
97.9951 -0.259921
98.1269 -0.344363
98.2587 -0.328302
98.3904 -0.201674
98.5222 -0.128061
98.6539 -0.173362
98.7857 -0.236678
98.9174 -0.303653
99.0492 -0.390443
99.1809 -0.333318
99.3127 -0.301287
99.4444 -0.258881
99.5762 -0.210195
99.7079 -0.190135
99.8397 -0.137702
99.9714 -0.219883
100.103 -0.234994
100.235 -0.212637
100.367 -0.128537
100.498 -0.0180735
100.63 0.0875619
100.762 0.248545
100.894 0.315271
101.025 0.396098
101.157 0.287047
101.289 0.183412
101.421 0.126152
101.552 0.00421308
101.684 -0.226749
101.816 -0.502979
101.948 -0.573481
102.079 -0.410121
102.211 -0.0875954
102.343 0.320325
102.475 0.589021
102.606 0.771181
102.738 0.587628
102.87 0.430314
103.002 0.22182
103.133 0.129793
103.265 0.143046
103.397 0.134255
103.529 0.152566
103.66 0.131019
103.792 0.0232029
103.924 -0.0292398
104.056 -0.193024
104.188 -0.376852
104.319 -0.506084
104.451 -0.483228
104.583 -0.406121
104.715 -0.281953
104.846 -0.115427
104.978 -0.0474361
105.11 -0.0270305
105.242 -0.128484
105.373 -0.0826471
105.505 0.0499769
105.637 0.16748
105.769 0.169662
105.9 0.270052
106.032 0.305371
106.164 0.244623
106.296 0.198689
106.427 0.0742936
106.559 -0.0092911
106.691 -0.0530189
106.823 -0.122519
106.954 -0.126911
107.086 -0.157131
107.218 -0.0719796
107.35 0.0265908
107.481 0.0394211
107.613 0.0301641
107.745 -0.0331436
107.877 -0.0203859
108.008 -0.0271788
108.14 0.0120178
108.272 0.0142341
108.404 0.075693
108.535 0.0599848
108.667 0.0573726
108.799 0.0509033
108.931 0.0256723
109.062 -0.00925323
109.194 0.000718285
109.326 -0.00285723
109.458 0.0644404
109.589 0.0500148
109.721 0.0173727
109.853 0.00457615
109.985 0.099934
110.116 0.0775739
110.248 -0.00534123
110.38 -0.0221222
110.512 -0.0522977
110.643 -0.0270105
110.775 0.0145981
110.907 0.0460665
111.039 0.052972
111.17 -0.00677094
111.302 -0.0117936
111.434 0.0150203
111.566 0.0224576
111.697 0.0373169
111.829 0.000430026
111.961 -2.00727e-05
112.093 0.00537101
112.224 0.0160221
112.356 0.0241048
112.488 0.00641644
112.62 0.00641644
112.751 0.00641644
112.883 0.00641644
113.015 0.00641644
113.147 0.00641644
113.278 0.00641644
113.41 0.00641644
113.542 0.00641644
113.674 0.00641644
113.805 0.00641644
113.937 0.00641644
114.069 0.00641644
114.201 0.00641644
114.332 0.00641644
114.464 0.00641644
114.596 0.00641644
114.728 0.00641644
114.859 0.00641644
114.991 0.00641644
115.123 0.00641644
115.255 0.00641644
115.386 0.00641644
115.518 0.00641644
115.65 0.00641644
115.782 0.00641644
115.913 0.00641644
116.045 0.00641644
116.177 0.00641644
116.309 0.00641644
116.44 0.00641644
116.572 0.00641644
116.704 0.00641644
116.836 0.00641644
116.967 0.00641644
117.099 0.00641644
117.231 0.00641644
117.363 0.00641644
117.494 0.00641644
117.626 0.00641644
117.758 0.00641644
117.89 0.00641644
118.022 0.00641644
118.153 0.00641644
118.285 0.00641644
118.417 0.00641644
118.549 0.00641644
118.68 0.00641644
118.812 0.00641644
118.944 0.00641644
119.076 0.00641644
119.207 0.00641644
119.339 0.00641644
119.471 0.00641644
119.603 0.00641644
119.734 0.00641644
119.866 0.00641644
119.998 0.00641644
120.13 0.00641644
120.261 0.00641644
120.393 0.00641644
120.525 0.00641644
120.657 0.00641644
120.788 0.00641644
120.92 0.00641644
121.052 0.00641644
121.184 0.00641644
121.315 0.00641644
121.447 0.00641644
121.579 0.00641644
121.711 0.00641644
121.842 0.00641644
121.974 0.00641644
122.106 0.00641644
122.238 0.00641644
122.369 0.00641644
122.501 0.00641644
122.633 0.00641644
122.765 0.00641644
122.896 0.00641644
123.028 0.00641644
123.16 0.00641644
123.292 0.00641644
123.423 0.00641644
123.555 0.00641644
123.687 0.00641644
123.819 0.00641644
123.95 0.00641644
124.082 0.00641644
124.214 0.00641644
124.346 0.00641644
124.477 0.00641644
124.609 0.00641644
124.741 0.00641644
124.873 0.00641644
125.004 0.00641644
125.136 0.00641644
125.268 0.00641644
125.4 0.00641644
125.531 0.00641644
125.663 0.00641644
125.795 0.00641644
125.927 0.00641644
126.058 0.00641644
126.19 0.00641644
126.322 0.00641644
126.454 0.00641644
126.585 0.00641644
126.717 0.00641644
126.849 0.00641644
126.981 0.00641644
127.112 0.00641644
127.244 0.00641644
127.376 0.00641644
127.508 0.00641644
127.639 0.00641644
127.771 0.00641644
127.903 0.00641644
128.035 0.00641644
128.166 0.00641644
128.298 0.00641644
128.43 0.00641644
128.562 0.00641644
128.693 0.00641644
128.825 0.00641644
128.957 0.00641644
129.089 0.00641644
129.22 0.00641644
129.352 0.00641644
129.484 0.00641644
129.616 0.00641644
129.747 0.00641644
129.879 0.00641644
130.011 0.00641644
130.143 0.00641644
130.274 0.00641644
