-5.40129 2.82016
-5.26954 2.69441
-5.13779 2.18369
-5.00603 1.46284
-4.87428 0.661703
-4.74253 -0.0654011
-4.61078 -0.577229
-4.47902 -0.889186
-4.34727 -1.04316
-4.21552 -1.19039
-4.08377 -1.22345
-3.95201 -1.03534
-3.82026 -0.624604
-3.68851 0.0614638
-3.55676 0.775619
-3.42501 1.25612
-3.29325 1.26404
-3.1615 0.862221
-3.02975 0.483034
-2.898 0.515714
-2.76624 0.930039
-2.63449 1.57319
-2.50274 2.08603
-2.37099 2.36418
-2.23923 2.24011
-2.10748 1.69113
-1.97573 0.821687
-1.84398 -0.365841
-1.71223 -1.58079
-1.58047 -2.39264
-1.44872 -2.42926
-1.31697 -1.7748
-1.18522 -0.842469
-1.05346 -0.169925
-0.921712 -0.0138838
-0.789959 -0.188838
-0.658207 -0.3056
-0.526455 -0.121914
-0.394702 0.167376
-0.26295 0.270565
-0.131198 0.0846364
0.000554532 -0.225363
0.132307 -0.324913
0.264059 -0.0317182
0.395811 0.525861
0.527564 1.03653
0.659316 1.3206
0.791068 1.31605
0.922821 1.23158
1.05457 1.17605
1.18633 1.09312
1.31808 0.867512
1.44983 0.499797
1.58158 0.150846
1.71333 0.0114234
1.84509 0.143916
1.97684 0.462237
2.10859 0.850677
2.24034 1.26501
2.3721 1.68944
2.50385 2.00715
2.6356 1.96865
2.76735 1.3543
2.89911 0.207476
3.03086 -1.09956
3.16261 -2.0727
3.29436 -2.42125
3.42611 -2.22309
3.55787 -1.79776
3.68962 -1.42765
3.82137 -1.19128
3.95312 -1.02777
4.08488 -0.90091
4.21663 -0.84484
4.34838 -0.839654
4.48013 -0.692717
4.61189 -0.126517
4.74364 0.949867
4.87539 2.24531
5.00714 3.20529
5.13889 3.39411
5.27065 2.81656
5.4024 1.88598
5.53415 1.06921
5.6659 0.540408
5.79766 0.151938
5.92941 -0.29244
6.06116 -0.77095
6.19291 -1.05936
6.32467 -0.989141
6.45642 -0.648411
6.58817 -0.296137
6.71992 -0.0809157
6.85167 0.120853
6.98343 0.553884
7.11518 1.268
7.24693 1.97948
7.37868 2.28061
7.51044 2.0022
7.64219 1.36233
7.77394 0.747364
7.90569 0.352991
8.03745 0.0569456
8.1692 -0.356394
8.30095 -0.883073
8.4327 -1.26164
8.56445 -1.27096
8.69621 -1.03769
8.82796 -0.983731
8.95971 -1.41453
9.09146 -2.15481
9.22322 -2.63366
9.35497 -2.37981
9.48672 -1.45365
9.61847 -0.379163
9.75023 0.365342
9.88198 0.784853
10.0137 1.28692
10.1455 2.17098
10.2772 3.23043
10.409 3.90146
10.5407 3.81894
10.6725 3.197
10.8042 2.61658
10.936 2.41991
11.0677 2.33984
11.1995 1.76708
11.3313 0.397696
11.463 -1.40343
11.5948 -2.90149
11.7265 -3.63995
11.8583 -3.75931
11.99 -3.66864
12.1218 -3.46429
12.2535 -2.78085
12.3853 -1.28582
12.517 0.719506
12.6488 2.32596
12.7805 2.77148
12.9123 2.20074
13.044 1.59193
13.1758 1.81946
13.3075 2.75615
13.4393 3.3704
13.571 2.79555
13.7028 1.30113
13.8345 0.104968
13.9663 0.121669
14.0981 0.903488
14.2298 0.941635
14.3616 -0.861307
14.4933 -4.01466
14.6251 -6.82764
14.7568 -8.024
14.8886 -7.84076
15.0203 -7.25261
15.1521 -5.97072
15.2838 -1.5263
15.4156 8.84515
15.5473 24.465
15.6791 38.9033
15.8108 41.9571
15.9426 25.5232
16.0743 -10.4347
16.2061 -56.1397
16.3378 -95.8213
16.4696 -114.508
16.6013 -103.614
16.7331 -62.9695
16.8648 -0.0573554
16.9966 71.4824
17.1284 133.523
17.2601 166.818
17.3919 157.33
17.5236 103.644
17.6554 20.5612
17.7871 -65.3627
17.9189 -127.482
18.0506 -151.389
18.1824 -140.01
18.3141 -108.352
18.4459 -72.2316
18.5776 -39.4103
18.7094 -8.90381
18.8411 22.7072
18.9729 54.5664
19.1046 80.4209
19.2364 93.4547
19.3681 92.0437
19.4999 80.9457
19.6316 66.9794
19.7634 53.3495
19.8952 37.8053
20.0269 16.0858
20.1587 -12.7265
20.2904 -43.8404
20.4222 -69.3449
20.5539 -83.2807
20.6857 -84.8452
20.8174 -77.4713
20.9492 -65.3001
21.0809 -50.4914
21.2127 -33.392
21.3444 -14.5697
21.4762 3.87903
21.6079 19.1954
21.7397 29.9966
21.8714 37.2639
22.0032 43.1874
22.1349 48.9583
22.2667 53.6116
22.3984 54.9314
22.5302 51.4354
22.662 43.5378
22.7937 32.962
22.9255 21.2276
23.0572 8.81096
23.189 -4.30259
23.3207 -17.4727
23.4525 -29.0397
23.5842 -37.2318
23.716 -41.4619
23.8477 -42.7025
23.9795 -42.5355
24.1112 -41.7818
24.243 -39.9847
24.3747 -36.1461
24.5065 -29.8937
24.6382 -21.9229
24.77 -13.3669
24.9017 -4.83732
25.0335 3.84997
25.1652 13.0205
25.297 22.287
25.4287 30.4149
25.5605 36.0745
25.6923 38.7516
25.824 38.95
25.9558 37.5464
26.0875 34.9819
26.2193 31.0749
26.351 25.5561
26.4828 18.688
26.6145 11.2874
26.7463 4.12611
26.878 -2.64437
27.0098 -9.41704
27.1415 -16.4448
27.2733 -23.2266
27.405 -28.6049
27.5368 -31.5385
27.6685 -31.8715
27.8003 -30.4209
27.932 -28.3333
28.0638 -26.2914
28.1955 -24.2083
28.3273 -21.5388
28.4591 -17.7985
28.5908 -12.816
28.7226 -6.64479
28.8543 0.554355
28.9861 8.38676
29.1178 15.9678
29.2496 21.9426
29.3813 25.0177
29.5131 24.7419
29.6448 21.933
29.7766 18.3352
29.9083 15.6774
30.0401 14.7824
30.1718 15.3255
30.3036 16.3181
30.4353 16.8501
30.5671 16.5206
30.6988 15.3399
30.8306 13.3551
30.9623 10.4179
31.0941 6.29549
31.2259 0.967885
31.3576 -5.19828
31.4894 -11.5628
31.6211 -17.4973
31.7529 -22.5922
31.8846 -26.6407
32.0164 -29.4742
32.1481 -30.8469
32.2799 -30.4952
32.4116 -28.3199
32.5434 -24.5229
32.6751 -19.5731
32.8069 -14.0259
32.9386 -8.33442
33.0704 -2.7828
33.2021 2.44253
33.3339 7.14319
33.4656 11.0805
33.5974 14.0663
33.7291 16.0978
33.8609 17.4143
33.9926 18.4034
34.1244 19.3971
34.2562 20.4757
34.3879 21.4016
34.5197 21.7162
34.6514 20.9457
34.7832 18.8117
34.9149 15.3596
35.0467 10.967
35.1784 6.23417
35.3102 1.78999
35.4419 -1.92326
35.5737 -4.79279
35.7054 -7.01766
35.8372 -8.91697
35.9689 -10.6693
36.1007 -12.1638
36.2324 -13.0891
36.3642 -13.2115
36.4959 -12.6336
36.6277 -11.8131
36.7594 -11.3022
36.8912 -11.3927
37.023 -11.9377
37.1547 -12.4756
37.2865 -12.5385
37.4182 -11.8918
37.55 -10.544
37.6817 -8.59124
37.8135 -6.10145
37.9452 -3.1616
38.077 -0.00683778
38.2087 2.96856
38.3405 5.41127
38.4722 7.27698
38.604 8.90002
38.7357 10.7351
38.8675 12.9383
38.9992 15.1362
39.131 16.6116
39.2627 16.7926
39.3945 15.6678
39.5262 13.7961
39.658 11.9079
39.7898 10.42
39.9215 9.23553
40.0533 7.94699
40.185 6.23214
40.3168 4.11145
40.4485 1.89197
40.5803 -0.102988
40.712 -1.7697
40.8438 -3.25226
40.9755 -4.78733
41.1073 -6.52266
41.239 -8.44213
41.3708 -10.4086
41.5025 -12.2453
41.6343 -13.7817
41.766 -14.8591
41.8978 -15.3317
42.0295 -15.0898
42.1613 -14.0959
42.293 -12.4073
42.4248 -10.1773
42.5565 -7.63577
42.6883 -5.05181
42.8201 -2.66783
42.9518 -0.617104
43.0836 1.13131
43.2153 2.74549
43.3471 4.41358
43.4788 6.20325
43.6106 7.99844
43.7423 9.56407
43.8741 10.6907
44.0058 11.3098
44.1376 11.4993
44.2693 11.3975
44.4011 11.1055
44.5328 10.6548
44.6646 10.035
44.7963 9.23309
44.9281 8.2427
45.0598 7.0587
45.1916 5.69276
45.3233 4.21221
45.4551 2.75597
45.5869 1.48282
45.7186 0.470727
45.8504 -0.352202
45.9821 -1.17501
46.1139 -2.18235
46.2456 -3.43712
46.3774 -4.85703
46.5091 -6.2897
46.6409 -7.60716
46.7726 -8.73841
46.9044 -9.63485
47.0361 -10.2346
47.1679 -10.4829
47.2996 -10.3902
47.4314 -10.0536
47.5631 -9.59572
47.6949 -9.06293
47.8266 -8.37853
47.9584 -7.40149
48.0901 -6.04171
48.2219 -4.32695
48.3537 -2.36525
48.4854 -0.252156
48.6172 1.97496
48.7489 4.28708
48.8807 6.57626
49.0124 8.63403
49.1442 10.2334
49.2759 11.2424
49.4077 11.6581
49.5394 11.5342
49.6712 10.8914
49.8029 9.73491
49.9347 8.19759
50.0664 6.67611
50.1982 5.77953
50.3299 6.0296
50.4617 7.4576
50.5934 9.36924
50.7252 10.4889
50.8569 9.48129
50.9887 5.62209
51.1204 -0.714985
51.2522 -8.02037
51.384 -14.1312
51.5157 -17.0706
51.6475 -15.8964
51.7792 -11.1647
51.911 -4.75248
52.0427 0.921244
52.1745 3.91249
52.3062 3.49891
52.438 0.292496
52.5697 -4.27155
52.7015 -8.70236
52.8332 -12.0142
52.965 -13.8377
53.0967 -14.1865
53.2285 -13.189
53.3602 -11.0099
53.492 -7.94139
53.6237 -4.46271
53.7555 -1.12058
53.8872 1.7135
54.019 4.00376
54.1508 5.97785
54.2825 7.87419
54.4143 9.71675
54.546 11.2914
54.6778 12.3149
54.8095 12.6322
54.9413 12.283
55.073 11.4248
55.2048 10.2221
55.3365 8.80947
55.4683 7.32376
55.6 5.91481
55.7318 4.67893
55.8635 3.56984
55.9953 2.40266
56.127 0.996591
56.2588 -0.63877
56.3905 -2.23985
56.5223 -3.43236
56.654 -3.99201
56.7858 -4.02217
56.9176 -3.90276
57.0493 -4.04342
57.1811 -4.6246
57.3128 -5.51103
57.4446 -6.38009
57.5763 -6.94803
57.7081 -7.12426
57.8398 -7.00483
57.9716 -6.74571
58.1033 -6.431
58.2351 -6.02584
58.3668 -5.42299
58.4986 -4.52808
58.6303 -3.32213
58.7621 -1.87634
58.8938 -0.330758
59.0256 1.14072
59.1573 2.36737
59.2891 3.22045
59.4208 3.65224
59.5526 3.72272
59.6843 3.59529
59.8161 3.49016
59.9479 3.60424
60.0796 4.02897
60.2114 4.70622
60.3431 5.44941
60.4749 6.02445
60.6066 6.25227
60.7384 6.08218
60.8701 5.60294
61.0019 4.99347
61.1336 4.44336
61.2654 4.07799
61.3971 3.91086
61.5289 3.83272
61.6606 3.64304
61.7924 3.12499
61.9241 2.14618
62.0559 0.740143
62.1876 -0.885332
62.3194 -2.4338
62.4511 -3.65883
62.5829 -4.47156
62.7147 -4.94996
62.8464 -5.25399
62.9782 -5.51771
63.1099 -5.79549
63.2417 -6.08054
63.3734 -6.34791
63.5052 -6.56352
63.6369 -6.65353
63.7687 -6.48582
63.9004 -5.91451
64.0322 -4.87497
64.1639 -3.45445
64.2957 -1.86976
64.4274 -0.359334
64.5592 0.927305
64.6909 1.95901
64.8227 2.76428
64.9544 3.35719
65.0862 3.72639
65.2179 3.89323
65.3497 3.96793
65.4815 4.12925
65.6132 4.5266
65.745 5.18056
65.8767 5.96257
66.0085 6.66442
66.1402 7.09465
66.272 7.1314
66.4037 6.71964
66.5355 5.85647
66.6672 4.60356
66.799 3.11156
66.9307 1.60497
67.0625 0.323106
67.1942 -0.654278
67.326 -1.32454
67.4577 -1.74976
67.5895 -2.06599
67.7212 -2.35614
67.853 -2.69313
67.9847 -3.0887
68.1165 -3.69399
68.2482 -4.50288
68.38 -5.40812
68.5118 -6.14161
68.6435 -6.33909
68.7753 -5.86861
68.907 -4.79002
69.0388 -3.4386
69.1705 -2.17522
69.3023 -1.14965
69.434 -0.468005
69.5658 -0.00715289
69.6975 0.28948
69.8293 0.579989
69.961 0.968838
70.0928 1.48305
70.2245 2.07181
70.3563 2.59676
70.488 2.8639
70.6198 2.80291
70.7515 2.39454
70.8833 1.92089
71.015 1.5793
71.1468 1.57544
71.2786 1.93918
71.4103 2.47817
71.5421 3.03317
71.6738 3.50459
71.8056 3.72177
71.9373 3.58903
72.0691 3.10898
72.2008 2.21238
72.3326 1.18879
72.4643 0.240847
72.5961 -0.476132
72.7278 -0.925958
72.8596 -1.14872
72.9913 -1.16917
73.1231 -1.14144
73.2548 -1.0389
73.3866 -0.879852
73.5183 -0.903181
73.6501 -1.16141
73.7818 -1.62134
73.9136 -2.17365
74.0454 -2.60767
74.1771 -2.74615
74.3089 -2.71438
74.4406 -2.60133
74.5724 -2.46047
74.7041 -2.26526
74.8359 -1.80191
74.9676 -1.17942
75.0994 -0.53677
75.2311 0.259419
75.3629 0.917173
75.4946 1.42482
75.6264 1.69435
75.7581 1.75769
75.8899 1.75487
76.0216 1.72922
76.1534 1.68713
76.2851 1.61508
76.4169 1.40193
76.5486 1.12965
76.6804 0.913892
76.8121 0.827039
76.9439 0.893537
77.0757 1.09983
77.2074 1.17651
77.3392 1.17415
77.4709 0.910704
77.6027 0.662799
77.7344 0.678902
77.8662 0.783626
77.9979 0.848808
78.1297 0.694155
78.2614 0.295023
78.3932 -0.0653648
78.5249 -0.329124
78.6567 -0.392508
78.7884 -0.26645
78.9202 -0.178937
79.0519 -0.217909
79.1837 -0.338558
79.3154 -0.51266
79.4472 -0.760354
79.5789 -0.931469
79.7107 -1.15525
79.8425 -1.43545
79.9742 -1.59141
80.106 -1.54112
80.2377 -1.23863
80.3695 -0.776309
80.5012 -0.517312
80.633 -0.340122
80.7647 -0.256186
80.8965 -0.163727
81.0282 0.0251148
81.16 0.372904
81.2917 0.680155
81.4235 0.872946
81.5552 0.982774
81.687 1.05376
81.8187 1.10494
81.9505 1.06221
82.0822 0.902617
82.214 0.803913
82.3457 0.774681
82.4775 0.855431
82.6093 0.98479
82.741 0.987931
82.8728 0.797243
83.0045 0.350847
83.1363 -0.102549
83.268 -0.461059
83.3998 -0.620199
83.5315 -0.616748
83.6633 -0.39241
83.795 -0.176135
83.9268 0.0711663
84.0585 0.297788
84.1903 0.51902
84.322 0.568529
84.4538 0.607912
84.5855 0.559386
84.7173 0.310982
84.849 0.0418745
84.9808 -0.190528
85.1125 -0.412364
85.2443 -0.564323
85.376 -0.636765
85.5078 -0.625286
85.6396 -0.535426
85.7713 -0.366244
85.9031 -0.213729
86.0348 -0.0981929
86.1666 0.0176561
86.2983 0.0815351
86.4301 0.151531
86.5618 0.193633
86.6936 0.0800723
86.8253 -0.070144
86.9571 -0.166822
87.0888 -0.227498
87.2206 -0.214882
87.3523 -0.0732239
87.4841 -0.0146752
87.6158 -0.00948018
87.7476 -0.118316
87.8793 -0.101862
88.0111 -0.0592353
88.1428 0.11727
88.2746 0.261669
88.4064 0.389949
88.5381 0.46593
88.6699 0.616389
88.8016 0.695749
88.9334 0.670407
89.0651 0.530952
89.1969 0.383902
89.3286 0.259552
89.4604 0.174992
89.5921 0.192463
89.7239 0.185729
89.8556 0.162491
89.9874 0.00464054
90.1191 -0.0514793
90.2509 -0.141308
90.3826 -0.0552411
90.5144 0.016506
90.6461 0.103301
90.7779 0.0594584
90.9096 -0.0357378
91.0414 -0.0846113
91.1732 -0.12764
91.3049 -0.162791
91.4367 -0.230372
91.5684 -0.295094
91.7002 -0.355712
91.8319 -0.360565
91.9637 -0.318569
92.0954 -0.204814
92.2272 -0.117025
92.3589 0.0354999
92.4907 0.165961
92.6224 0.187085
92.7542 0.222439
92.8859 0.154317
93.0177 0.085323
93.1494 0.0174858
93.2812 -0.0393271
93.4129 -0.0827154
93.5447 -0.0447069
93.6764 -0.0888745
93.8082 -0.0642602
93.9399 0.0108906
94.0717 0.147819
94.2035 0.286638
94.3352 0.291123
94.467 0.311623
94.5987 0.301145
94.7305 0.201039
94.8622 0.151772
94.994 0.10735
95.1257 0.0668625
95.2575 0.016548
95.3892 -0.0575202
95.521 -0.0902914
95.6527 -0.0983517
95.7845 -0.0310881
95.9162 -0.0184583
96.048 -0.0633901
96.1797 -0.0378509
96.3115 -0.0158795
96.4432 0.0041651
96.575 -0.0499085
96.7067 -0.106152
96.8385 -0.0751446
96.9703 -0.0164499
97.102 -0.00161489
97.2338 0.0422998
97.3655 0.0446019
97.4973 0.0685107
97.629 0.0297039
97.7608 0.0349015
97.8925 0.0843905
98.0243 0.0552043
98.156 0.0274251
98.2878 0.00619627
98.4195 0.0101068
98.5513 0.00284197
98.683 0.0194415
98.8148 0.0270159
98.9465 0.0255291
99.0783 0.0279331
99.21 0.0337573
99.3418 0.0388546
99.4735 0.0121688
99.6053 0.0137704
99.737 0.0301373
99.8688 0.0231677
100.001 0.0120666
100.132 0.00864235
100.264 0.0194423
100.396 0.0388256
100.528 0.0553697
100.659 0.021173
100.791 0.021173
100.923 0.021173
101.055 0.021173
101.186 0.021173
101.318 0.021173
101.45 0.021173
101.582 0.021173
101.713 0.021173
101.845 0.021173
101.977 0.021173
102.109 0.021173
102.24 0.021173
102.372 0.021173
102.504 0.021173
102.636 0.021173
102.767 0.021173
102.899 0.021173
103.031 0.021173
103.163 0.021173
103.294 0.021173
103.426 0.021173
103.558 0.021173
103.69 0.021173
103.821 0.021173
103.953 0.021173
104.085 0.021173
104.217 0.021173
104.348 0.021173
104.48 0.021173
104.612 0.021173
104.744 0.021173
104.875 0.021173
105.007 0.021173
105.139 0.021173
105.271 0.021173
105.402 0.021173
105.534 0.021173
105.666 0.021173
105.798 0.021173
105.929 0.021173
106.061 0.021173
106.193 0.021173
106.325 0.021173
106.456 0.021173
106.588 0.021173
106.72 0.021173
106.852 0.021173
106.983 0.021173
107.115 0.021173
107.247 0.021173
107.379 0.021173
107.51 0.021173
107.642 0.021173
107.774 0.021173
107.906 0.021173
108.037 0.021173
108.169 0.021173
108.301 0.021173
108.433 0.021173
108.564 0.021173
108.696 0.021173
108.828 0.021173
108.96 0.021173
109.091 0.021173
109.223 0.021173
109.355 0.021173
109.487 0.021173
109.618 0.021173
109.75 0.021173
109.882 0.021173
110.014 0.021173
110.145 0.021173
110.277 0.021173
110.409 0.021173
110.541 0.021173
110.672 0.021173
110.804 0.021173
110.936 0.021173
111.068 0.021173
111.2 0.021173
111.331 0.021173
111.463 0.021173
111.595 0.021173
111.727 0.021173
111.858 0.021173
111.99 0.021173
112.122 0.021173
112.254 0.021173
112.385 0.021173
112.517 0.021173
112.649 0.021173
112.781 0.021173
112.912 0.021173
113.044 0.021173
113.176 0.021173
113.308 0.021173
113.439 0.021173
113.571 0.021173
113.703 0.021173
113.835 0.021173
113.966 0.021173
114.098 0.021173
114.23 0.021173
114.362 0.021173
114.493 0.021173
114.625 0.021173
114.757 0.021173
114.889 0.021173
115.02 0.021173
115.152 0.021173
115.284 0.021173
115.416 0.021173
115.547 0.021173
115.679 0.021173
115.811 0.021173
115.943 0.021173
116.074 0.021173
116.206 0.021173
116.338 0.021173
116.47 0.021173
116.601 0.021173
116.733 0.021173
116.865 0.021173
116.997 0.021173
117.128 0.021173
117.26 0.021173
117.392 0.021173
117.524 0.021173
117.655 0.021173
117.787 0.021173
117.919 0.021173
118.051 0.021173
118.182 0.021173
118.314 0.021173
118.446 0.021173
118.578 0.021173
118.709 0.021173
118.841 0.021173
118.973 0.021173
119.105 0.021173
119.236 0.021173
119.368 0.021173
119.5 0.021173
119.632 0.021173
119.763 0.021173
119.895 0.021173
120.027 0.021173
120.159 0.021173
120.29 0.021173
120.422 0.021173
120.554 0.021173
120.686 0.021173
120.817 0.021173
120.949 0.021173
121.081 0.021173
121.213 0.021173
121.344 0.021173
121.476 0.021173
121.608 0.021173
121.74 0.021173
121.871 0.021173
122.003 0.021173
122.135 0.021173
122.267 0.021173
122.398 0.021173
122.53 0.021173
122.662 0.021173
122.794 0.021173
122.925 0.021173
123.057 0.021173
123.189 0.021173
123.321 0.021173
123.452 0.021173
123.584 0.021173
123.716 0.021173
123.848 0.021173
123.979 0.021173
124.111 0.021173
124.243 0.021173
124.375 0.021173
124.506 0.021173
124.638 0.021173
124.77 0.021173
124.902 0.021173
125.033 0.021173
125.165 0.021173
125.297 0.021173
125.429 0.021173
125.561 0.021173
125.692 0.021173
125.824 0.021173
125.956 0.021173
126.088 0.021173
126.219 0.021173
126.351 0.021173
126.483 0.021173
126.615 0.021173
126.746 0.021173
126.878 0.021173
127.01 0.021173
127.142 0.021173
127.273 0.021173
127.405 0.021173
127.537 0.021173
127.669 0.021173
127.8 0.021173
127.932 0.021173
128.064 0.021173
128.196 0.021173
128.327 0.021173
128.459 0.021173
128.591 0.021173
128.723 0.021173
128.854 0.021173
128.986 0.021173
129.118 0.021173
129.25 0.021173
129.381 0.021173
