-5.19255 0.230782
-5.0608 0.208928
-4.92904 0.207174
-4.79729 0.0845938
-4.66554 -0.0543348
-4.53379 -0.260372
-4.40203 -0.292934
-4.27028 -0.312051
-4.13853 -0.222794
-4.00678 -0.19881
-3.87503 -0.156964
-3.74327 -0.122648
-3.61152 -0.0792585
-3.47977 -0.0373845
-3.34802 0.0422881
-3.21626 0.0669122
-3.08451 0.111489
-2.95276 0.106907
-2.82101 0.15617
-2.68925 0.143678
-2.5575 0.166233
-2.42575 0.0863668
-2.294 0.0600828
-2.16225 0.0106713
-2.03049 0.107155
-1.89874 0.100779
-1.76699 0.0779932
-1.63524 0.027727
-1.50348 -0.0323899
-1.37173 -0.0701466
-1.23998 0.0379319
-1.10823 0.190141
-0.976474 0.306409
-0.844722 0.332185
-0.71297 0.393422
-0.581218 0.379936
-0.449465 0.360587
-0.317713 0.28111
-0.185961 0.111909
-0.0542083 -0.0508964
0.077544 -0.320789
0.209296 -0.434796
0.341049 -0.403256
0.472801 -0.229904
0.604553 0.00269558
0.736306 0.13597
0.868058 0.0886328
0.99981 0.00650817
1.13156 -0.095823
1.26331 -0.167349
1.39507 -0.214951
1.52682 -0.289709
1.65857 -0.214315
1.79032 -0.115061
1.92208 0.124695
2.05383 0.377453
2.18558 0.562912
2.31733 0.726852
2.44909 0.689312
2.58084 0.60928
2.71259 0.481326
2.84434 0.247566
2.97609 0.0234667
3.10785 -0.186976
3.2396 -0.250972
3.37135 -0.141179
3.5031 0.0370186
3.63486 0.209016
3.76661 0.276733
3.89836 0.239289
4.03011 0.0781461
4.16187 -0.0843565
4.29362 -0.153981
4.42537 -0.129165
4.55712 -0.174591
4.68887 -0.080433
4.82063 -0.0736848
4.95238 0.0719686
5.08413 0.1699
5.21588 0.222471
5.34764 0.170463
5.47939 -0.00223886
5.61114 -0.117795
5.74289 -0.182461
5.87465 -0.189478
6.0064 -0.204529
6.13815 -0.290789
6.2699 -0.229738
6.40165 -0.196422
6.53341 -0.0764906
6.66516 0.0846778
6.79691 0.316508
6.92866 0.603576
7.06042 0.890768
7.19217 1.20442
7.32392 1.31513
7.45567 1.20212
7.58743 0.813022
7.71918 0.341688
7.85093 -0.0761568
7.98268 -0.359618
8.11443 -0.408032
8.24619 -0.446205
8.37794 -0.501441
8.50969 -0.5446
8.64144 -0.472451
8.7732 -0.300589
8.90495 -0.18255
9.0367 -0.113072
9.16845 -0.179795
9.30021 -0.215074
9.43196 -0.221596
9.56371 -0.0863916
9.69546 0.128603
9.82721 0.315918
9.95897 0.395935
10.0907 0.461002
10.2225 0.367095
10.3542 0.400991
10.486 0.435127
10.6177 0.370899
10.7495 0.147963
10.8812 -0.118755
11.013 -0.342634
11.1447 -0.428929
11.2765 -0.439485
11.4082 -0.536892
11.54 -0.579492
11.6717 -0.47295
11.8035 -0.0766619
11.9353 0.492332
12.067 1.01486
12.1988 1.28178
12.3305 1.25197
12.4623 1.0298
12.594 0.838489
12.7258 0.581085
12.8575 0.276837
12.9893 -0.0945182
13.121 -0.400202
13.2528 -0.537895
13.3845 -0.508485
13.5163 -0.45224
13.648 -0.333921
13.7798 -0.412137
13.9115 -0.571534
14.0433 -0.634532
14.175 -0.516435
14.3068 -0.331792
14.4385 -0.245054
14.5703 -0.223739
14.702 -0.187419
14.8338 0.0168078
14.9656 0.343845
15.0973 0.743633
15.2291 1.03437
15.3608 1.19711
15.4926 1.15394
15.6243 1.03462
15.7561 0.797337
15.8878 0.58015
16.0196 0.280822
16.1513 0.121852
16.2831 0.0364339
16.4148 0.216776
16.5466 0.423295
16.6783 0.541659
16.8101 0.398877
16.9418 0.110834
17.0736 -0.178699
17.2053 -0.447602
17.3371 -0.678772
17.4688 -0.873567
17.6006 -0.889579
17.7324 -0.677648
17.8641 -0.190207
17.9959 0.531108
18.1276 1.19066
18.2594 1.49554
18.3911 1.29973
18.5229 0.701887
18.6546 0.106538
18.7864 -0.395773
18.9181 -0.768855
19.0499 -0.938982
19.1816 -0.895506
19.3134 -0.680197
19.4451 -0.259612
19.5769 0.316005
19.7086 0.686811
19.8404 0.777713
19.9721 0.693852
20.1039 0.510428
20.2356 0.44901
20.3674 0.40807
20.4992 0.283301
20.6309 0.0829331
20.7627 0.0278556
20.8944 0.173123
21.0262 0.593597
21.1579 0.999328
21.2897 1.18839
21.4214 0.95189
21.5532 0.518351
21.6849 0.154347
21.8167 -0.0142989
21.9484 -0.0632729
22.0802 -0.166374
22.2119 -0.354009
22.3437 -0.610179
22.4754 -0.786396
22.6072 -0.732856
22.7389 -0.601218
22.8707 -0.471325
23.0024 -0.387776
23.1342 -0.150907
23.2659 0.293782
23.3977 0.850033
23.5295 1.26533
23.6612 1.35608
23.793 1.11395
23.9247 0.707918
24.0565 0.304112
24.1882 -0.0649006
24.32 -0.45266
24.4517 -0.840253
24.5835 -1.06282
24.7152 -0.928713
24.847 -0.422757
24.9787 0.224679
25.1105 0.696649
25.2422 0.835475
25.374 0.737272
25.5057 0.608271
25.6375 0.542072
25.7692 0.456753
25.901 0.253852
26.0327 0.0118171
26.1645 -0.0247923
26.2963 0.315141
26.428 0.897742
26.5598 1.32277
26.6915 1.23786
26.8233 0.647439
26.955 -0.0816284
27.0868 -0.53179
27.2185 -0.570945
27.3503 -0.400886
27.482 -0.295934
27.6138 -0.315271
27.7455 -0.28318
27.8773 -0.0405759
28.009 0.316802
28.1408 0.48299
28.2725 0.237165
28.4043 -0.313301
28.536 -0.799931
28.6678 -0.911675
28.7995 -0.648527
28.9313 -0.264583
29.0631 0.0208197
29.1948 0.22907
29.3266 0.53078
29.4583 0.97104
29.5901 1.33074
29.7218 1.30157
29.8536 0.809599
29.9853 0.144313
30.1171 -0.265755
30.2488 -0.226193
30.3806 0.0685469
30.5123 0.252257
30.6441 0.155134
30.7758 -0.0458228
30.9076 -0.0327217
31.0393 0.318269
31.1711 0.819583
31.3028 1.17397
31.4346 1.25608
31.5663 1.16567
31.6981 1.01592
31.8298 0.729185
31.9616 0.110029
32.0934 -0.856077
32.2251 -1.81814
32.3569 -2.24915
32.4886 -1.87964
32.6204 -0.95452
32.7521 -0.0330628
32.8839 0.494583
33.0156 0.700305
33.1474 0.930413
33.2791 1.34451
33.4109 1.68212
33.5426 1.52587
33.6744 0.796337
33.8061 -0.0597635
33.9379 -0.431131
34.0696 -0.118517
34.2014 0.462881
34.3331 0.685176
34.4649 0.32141
34.5966 -0.256742
34.7284 -0.505679
34.8602 -0.313343
34.9919 -0.128954
35.1237 -0.456134
35.2554 -1.23353
35.3872 -1.78383
35.5189 -1.44081
35.6507 -0.238158
35.7824 1.06491
35.9142 1.6858
36.0459 1.54692
36.1777 1.27152
36.3094 1.44036
36.4412 1.89993
36.5729 1.89773
36.7047 0.955654
36.8364 -0.439788
36.9682 -1.14395
37.0999 -0.459798
37.2317 1.04826
37.3634 1.92469
37.4952 1.09692
37.627 -1.19359
37.7587 -3.74976
37.8905 -5.6604
38.0222 -6.9965
38.154 -8.02406
38.2857 -7.67395
38.4175 -3.19682
38.5492 7.79886
38.681 24.0139
38.8127 38.7188
38.9445 41.9168
39.0762 25.881
39.208 -9.3193
39.3397 -54.1177
39.4715 -92.9322
39.6032 -110.783
39.735 -99.3007
39.8667 -59.4128
39.9985 -0.461848
40.1302 62.7975
40.262 113.956
40.3937 139.031
40.5255 130.634
40.6573 91.0337
40.789 32.1207
40.9208 -28.8106
41.0525 -76.018
41.1843 -101.311
41.316 -105.649
41.4478 -95.7757
41.5795 -78.7525
41.7113 -58.3167
41.843 -35.0583
41.9748 -9.10961
42.1065 17.661
42.2383 41.8634
42.37 60.529
42.5018 72.56
42.6335 78.2854
42.7653 77.8615
42.897 70.4641
43.0288 55.3141
43.1605 33.5444
43.2923 8.87173
43.4241 -13.9273
43.5558 -31.6151
43.6876 -43.9301
43.8193 -52.6315
43.9511 -59.0977
44.0828 -62.7091
44.2146 -61.4367
44.3463 -53.9716
44.4781 -41.3427
44.6098 -26.5367
44.7416 -12.5302
44.8733 -0.539041
45.0051 10.0553
45.1368 20.2766
45.2686 30.1099
45.4003 38.3429
45.5321 43.6327
45.6638 45.6046
45.7956 44.9166
45.9273 42.3671
46.0591 38.0593
46.1909 31.486
46.3226 22.3955
46.4544 11.5127
46.5861 0.372202
46.7179 -9.56885
46.8496 -17.688
46.9814 -24.1672
47.1131 -29.3279
47.2449 -33.0664
47.3766 -34.9339
47.5084 -34.6904
47.6401 -32.6922
47.7719 -29.6868
47.9036 -26.2263
48.0354 -22.2957
48.1671 -17.508
48.2989 -11.6414
48.4306 -4.97438
48.5624 1.87638
48.6941 8.39485
48.8259 14.4083
48.9576 19.9117
49.0894 24.709
49.2212 28.2882
49.3529 30.0884
49.4847 29.9006
49.6164 28.0122
49.7482 24.9691
49.8799 21.2062
50.0117 16.8955
50.1434 12.1093
50.2752 7.06809
50.4069 2.17883
50.5387 -2.19158
50.6704 -5.97835
50.8022 -9.45194
50.9339 -12.9825
51.0657 -16.7369
51.1974 -20.5355
51.3292 -23.9139
51.4609 -26.2717
51.5927 -26.9947
51.7244 -25.5774
51.8562 -21.8248
51.988 -16.1021
52.1197 -9.43213
52.2515 -3.24481
52.3832 1.19063
52.515 3.34128
52.6467 3.62118
52.7785 3.09779
52.9102 2.90179
53.042 3.72364
53.1737 5.66163
53.3055 8.40248
53.4372 11.5119
53.569 14.6229
53.7007 17.4633
53.8325 19.7996
53.9642 21.3904
54.096 21.9886
54.2277 21.3781
54.3595 19.4318
54.4912 16.1748
54.623 11.8201
54.7548 6.73255
54.8865 1.31377
55.0183 -4.11753
55.15 -9.34942
55.2818 -14.1751
55.4135 -18.2666
55.5453 -21.1761
55.677 -22.52
55.8088 -22.2217
55.9405 -20.607
56.0723 -18.2531
56.204 -15.7023
56.3358 -13.26
56.4675 -11.0048
56.5993 -8.92741
56.731 -7.00924
56.8628 -5.15496
56.9945 -3.09444
57.1263 -0.447867
57.258 3.00312
57.3898 7.03478
57.5215 10.9651
57.6533 13.9846
57.7851 15.6139
57.9168 15.9392
58.0486 15.4524
58.1803 14.6498
58.3121 13.7279
58.4438 12.5915
58.5756 11.1004
58.7073 9.28658
58.8391 7.35479
58.9708 5.5168
59.1026 3.85896
59.2343 2.37106
59.3661 1.06612
59.4978 0.0195424
59.6296 -0.74354
59.7613 -1.39521
59.8931 -2.29903
60.0248 -3.79701
60.1566 -5.94113
60.2883 -8.3953
60.4201 -10.5996
60.5519 -12.0738
60.6836 -12.6393
60.8154 -12.4306
60.9471 -11.7459
61.0789 -10.8777
61.2106 -10.0159
61.3424 -9.21438
61.4741 -8.37931
61.6059 -7.28699
61.7376 -5.67943
61.8694 -3.43617
62.0011 -0.717308
62.1329 2.05799
62.2646 4.4253
62.3964 6.14103
62.5281 7.29508
62.6599 8.18098
62.7916 9.03767
62.9234 9.88175
63.0551 10.5558
63.1869 10.9182
63.3187 10.9796
63.4504 10.8634
63.5822 10.6451
63.7139 10.2434
63.8457 9.47285
63.9774 8.20878
64.1092 6.50678
64.2409 4.57061
64.3727 2.6061
64.5044 0.696102
64.6362 -1.20283
64.7679 -3.15877
64.8997 -5.15754
65.0314 -7.07255
65.1632 -8.71433
65.2949 -9.90712
65.4267 -10.5473
65.5584 -10.6338
65.6902 -10.2728
65.8219 -9.64507
65.9537 -8.92725
66.0854 -8.198
66.2172 -7.39848
66.349 -6.39656
66.4807 -5.11907
66.6125 -3.64347
66.7442 -2.16098
66.876 -0.835067
67.0077 0.318984
67.1395 1.41993
67.2712 2.58201
67.403 3.78171
67.5347 4.85636
67.6665 5.63491
67.7982 6.0753
67.93 6.28142
68.0617 6.39483
68.1935 6.47781
68.3252 6.50246
68.457 6.44084
68.5887 6.34223
68.7205 6.29992
68.8522 6.33497
68.984 6.32437
69.1158 6.06655
69.2475 5.43867
69.3793 4.49953
69.511 3.43637
69.6428 2.40341
69.7745 1.40551
69.9063 0.334247
70.038 -0.887001
70.1698 -2.19788
70.3015 -3.43921
70.4333 -4.49092
70.565 -5.36706
70.6968 -6.1721
70.8285 -6.96435
70.9603 -7.66379
71.092 -8.09372
71.2238 -8.11242
71.3555 -7.70955
71.4873 -6.98886
71.619 -6.07624
71.7508 -5.05513
71.8826 -3.98036
72.0143 -2.92281
72.1461 -1.96505
72.2778 -1.13799
72.4096 -0.378301
72.5413 0.414869
72.6731 1.25146
72.8048 1.98125
72.9366 2.39423
73.0683 2.45142
73.2001 2.45763
73.3318 2.98703
73.4636 4.54314
73.5953 7.14829
73.7271 10.1433
73.8588 12.3663
73.9906 12.6542
74.1223 10.4211
74.2541 6.02525
74.3858 0.735057
74.5176 -3.71416
74.6493 -5.80492
74.7811 -4.87602
74.9129 -1.4195
75.0446 3.12591
75.1764 7.00469
75.3081 8.88616
75.4399 8.33792
75.5716 5.81489
75.7034 2.24698
75.8351 -1.46559
75.9669 -4.74598
76.0986 -7.33442
76.2304 -9.12601
76.3621 -10.062
76.4939 -10.1574
76.6256 -9.57509
76.7574 -8.60916
76.8891 -7.5479
77.0209 -6.52679
77.1526 -5.50397
77.2844 -4.37663
77.4161 -3.12372
77.5479 -1.84471
77.6797 -0.674818
77.8114 0.321979
77.9432 1.17231
78.0749 1.91982
78.2067 2.55536
78.3384 3.03844
78.4702 3.38948
78.6019 3.7426
78.7337 4.27678
78.8654 5.06377
78.9972 5.96345
79.1289 6.66677
79.2607 6.86172
79.3924 6.39942
79.5242 5.35288
79.6559 3.96221
79.7877 2.54026
79.9194 1.40033
80.0512 0.799683
80.1829 0.860765
80.3147 1.48045
80.4465 2.30615
80.5782 2.8526
80.71 2.73161
80.8417 1.85644
80.9735 0.47556
81.1052 -0.989876
81.237 -2.18379
81.3687 -2.96168
81.5005 -3.37134
81.6322 -3.53264
81.764 -3.54105
81.8957 -3.46028
82.0275 -3.36433
82.1592 -3.34789
82.291 -3.47673
82.4227 -3.73026
82.5545 -4.00469
82.6862 -4.18376
82.818 -4.21263
82.9497 -4.10759
83.0815 -3.90059
83.2132 -3.5824
83.345 -3.10341
83.4768 -2.42585
83.6085 -1.56696
83.7403 -0.587301
83.872 0.458597
84.0038 1.5503
84.1355 2.67564
84.2673 3.78199
84.399 4.76571
84.5308 5.5221
84.6625 6.01107
84.7943 6.27116
84.926 6.36334
85.0578 6.29814
85.1895 6.01981
85.3213 5.46735
85.453 4.65704
85.5848 3.70894
85.7165 2.79069
85.8483 2.02474
85.98 1.43135
86.1118 0.940372
86.2436 0.446857
86.3753 -0.136796
86.5071 -0.85448
86.6388 -1.69556
86.7706 -2.58687
86.9023 -3.39749
87.0341 -3.97636
87.1658 -4.2186
87.2976 -4.1212
87.4293 -3.78512
87.5611 -3.36104
87.6928 -2.98153
87.8246 -2.72762
87.9563 -2.63647
88.0881 -2.71491
88.2198 -2.92776
88.3516 -3.17365
88.4833 -3.29346
88.6151 -3.13361
88.7468 -2.62797
88.8786 -1.82315
89.0104 -0.866283
89.1421 0.129991
89.2739 1.10453
89.4056 2.02709
89.5374 2.8417
89.6691 3.45468
89.8009 3.79071
89.9326 3.86098
90.0644 3.7664
90.1961 3.62284
90.3279 3.47679
90.4596 3.31593
90.5914 3.12718
90.7231 2.97788
90.8549 2.95687
90.9866 3.05101
91.1184 3.15598
91.2501 2.9967
91.3819 2.3098
91.5136 1.05708
91.6454 -0.416264
91.7771 -1.73936
91.9089 -2.63596
92.0407 -2.91478
92.1724 -2.67409
92.3042 -2.10189
92.4359 -1.52733
92.5677 -0.936157
92.6994 -0.50892
92.8312 -0.347573
92.9629 -0.420582
93.0947 -0.676865
93.2264 -1.0426
93.3582 -1.43433
93.4899 -1.64626
93.6217 -1.81125
93.7534 -2.02897
93.8852 -2.22825
94.0169 -2.29517
94.1487 -2.14054
94.2804 -1.69229
94.4122 -1.03426
94.5439 -0.440987
94.6757 0.0150973
94.8075 0.33355
94.9392 0.598432
95.071 0.723278
95.2027 0.882179
95.3345 1.01792
95.4662 1.24279
95.598 1.35989
95.7297 1.52329
95.8615 1.59576
95.9932 1.72618
96.125 1.85874
96.2567 2.06181
96.3885 2.29326
96.5202 2.42612
96.652 2.23535
96.7837 1.71861
96.9155 0.895211
97.0472 0.0841412
97.179 -0.559466
97.3107 -0.797182
97.4425 -0.770557
97.5743 -0.473065
97.706 -0.176195
97.8378 0.129291
97.9695 0.218269
98.1013 0.263696
98.233 0.115592
98.3648 -0.198108
98.4965 -0.574203
98.6283 -0.882628
98.76 -1.14245
98.8918 -1.25023
99.0235 -1.18161
99.1553 -0.920424
99.287 -0.599618
99.4188 -0.149827
99.5505 0.222659
99.6823 0.374632
99.814 0.215612
99.9458 -0.267649
100.078 -0.68685
100.209 -0.997416
100.341 -1.03448
100.473 -0.859317
100.605 -0.584068
100.736 -0.226538
100.868 0.212709
101 0.567322
101.132 0.797765
101.263 0.819927
101.395 0.663254
101.527 0.501927
101.659 0.331245
101.79 0.378691
101.922 0.476875
102.054 0.591586
102.186 0.656951
102.317 0.589236
102.449 0.617104
102.581 0.621859
102.713 0.587707
102.844 0.541881
102.976 0.42494
103.108 0.393163
103.24 0.468713
103.371 0.626386
103.503 0.782025
103.635 0.754495
103.767 0.510311
103.898 0.132946
104.03 -0.146814
104.162 -0.282774
104.294 -0.348156
104.425 -0.427255
104.557 -0.419317
104.689 -0.512048
104.821 -0.418539
104.952 -0.364262
105.084 -0.253495
105.216 -0.203512
105.348 -0.199637
105.479 -0.176723
105.611 -0.233002
105.743 -0.322613
105.875 -0.452062
106.006 -0.534579
106.138 -0.432592
106.27 -0.290102
106.402 0.0505413
106.533 0.342662
106.665 0.477604
106.797 0.380663
106.929 0.16461
107.06 0.01487
107.192 -0.0833537
107.324 -0.0454209
107.456 -0.0244894
107.587 0.00354829
107.719 0.0107836
107.851 0.0883942
107.983 0.2534
108.114 0.311881
108.246 0.327948
108.378 0.281389
108.51 0.259628
108.641 0.30777
108.773 0.44234
108.905 0.632975
109.037 0.657701
109.168 0.551342
109.3 0.305965
109.432 0.149985
109.564 0.0653723
109.695 0.0202797
109.827 -0.0354286
109.959 -0.0754923
110.091 -0.104772
110.222 0.12422
110.354 0.298131
110.486 0.380173
110.618 0.308663
110.749 0.133411
110.881 -0.118682
111.013 -0.374467
111.145 -0.673544
111.276 -0.984847
111.408 -1.13334
111.54 -1.1243
111.672 -0.873689
111.803 -0.485457
111.935 -0.0498533
112.067 0.299268
112.199 0.498537
112.331 0.553364
112.462 0.517354
112.594 0.340222
112.726 0.17778
112.858 -0.00849871
112.989 -0.162547
113.121 -0.265588
113.253 -0.25028
113.385 -0.0907911
113.516 0.180649
113.648 0.287097
113.78 0.371721
113.912 0.406463
114.043 0.39154
114.175 0.327186
114.307 0.249635
114.439 0.188073
114.57 0.0826761
114.702 -0.017731
114.834 -0.0993863
114.966 -0.0792176
115.097 -0.0449054
115.229 -0.0139227
115.361 -0.0706593
115.493 -0.0941843
115.624 -0.111372
115.756 -0.0312385
115.888 -0.0138358
116.02 0.0326906
116.151 -0.0410253
116.283 -0.0474144
116.415 -0.125749
116.547 -0.12236
116.678 -0.090836
116.81 0.0258641
116.942 0.126646
117.074 0.164991
117.205 0.18835
117.337 0.177843
117.469 0.131426
117.601 -0.00597932
117.732 -0.120446
117.864 -0.162149
117.996 -0.196864
118.128 -0.22562
118.259 -0.256591
118.391 -0.245505
118.523 -0.145456
118.655 -0.105146
118.786 -0.032331
118.918 0.0805302
119.05 0.14187
119.182 0.160057
119.313 0.225239
119.445 0.279133
119.577 0.210341
119.709 0.158283
119.84 0.0850524
119.972 -0.0291276
120.104 -0.0605104
120.236 -0.100918
120.367 -0.0858176
120.499 -0.0288758
120.631 0.0364144
120.763 0.0242724
120.894 0.0493334
121.026 0.0416109
121.158 0.0693443
121.29 0.0458047
121.421 0.0661606
121.553 0.0572332
121.685 0.0319101
121.817 0.0241319
121.948 0.0386624
122.08 0.0625452
122.212 0.0324903
122.344 0.0209198
122.475 0.0429004
122.607 0.0147609
122.739 0.00780163
122.871 -0.00629407
123.002 0.0247662
123.134 0.0240021
123.266 0.0211058
123.398 0.0172711
123.529 0.0237159
123.661 0.0237159
123.793 0.0237159
123.925 0.0237159
124.056 0.0237159
124.188 0.0237159
124.32 0.0237159
124.452 0.0237159
124.583 0.0237159
124.715 0.0237159
124.847 0.0237159
124.979 0.0237159
125.11 0.0237159
125.242 0.0237159
125.374 0.0237159
125.506 0.0237159
125.637 0.0237159
125.769 0.0237159
125.901 0.0237159
126.033 0.0237159
126.165 0.0237159
126.296 0.0237159
126.428 0.0237159
126.56 0.0237159
126.692 0.0237159
126.823 0.0237159
126.955 0.0237159
127.087 0.0237159
127.219 0.0237159
127.35 0.0237159
127.482 0.0237159
127.614 0.0237159
127.746 0.0237159
127.877 0.0237159
128.009 0.0237159
128.141 0.0237159
128.273 0.0237159
128.404 0.0237159
128.536 0.0237159
128.668 0.0237159
128.8 0.0237159
128.931 0.0237159
129.063 0.0237159
129.195 0.0237159
129.327 0.0237159
129.458 0.0237159
129.59 0.0237159
