-5.09922 1.34367
-4.96746 1.22685
-4.83571 1.01276
-4.70396 0.734285
-4.57221 0.470066
-4.44045 0.225614
-4.3087 -0.0051758
-4.17695 -0.136296
-4.0452 -0.196788
-3.91345 -0.189539
-3.78169 -0.155825
-3.64994 -0.162441
-3.51819 -0.195935
-3.38644 -0.148362
-3.25468 0.00389375
-3.12293 0.218019
-2.99118 0.408167
-2.85943 0.549912
-2.72767 0.616968
-2.59592 0.659932
-2.46417 0.671959
-2.33242 0.620184
-2.20067 0.53019
-2.06891 0.38396
-1.93716 0.209047
-1.80541 0.0170247
-1.67366 -0.111484
-1.5419 -0.200768
-1.41015 -0.291563
-1.2784 -0.395963
-1.14665 -0.443771
-1.01489 -0.300706
-0.883142 0.0243221
-0.75139 0.448189
-0.619637 0.810713
-0.487885 1.05481
-0.356133 1.11282
-0.22438 1.06444
-0.0926282 0.967714
0.0391241 0.762306
0.170876 0.482493
0.302629 0.197696
0.434381 0.0712268
0.566133 0.16001
0.697886 0.416748
0.829638 0.662202
0.96139 0.762522
1.09314 0.756247
1.22489 0.687458
1.35665 0.584957
1.4884 0.39613
1.62015 0.0659683
1.7519 -0.378136
1.88366 -0.776097
2.01541 -0.948276
2.14716 -0.803537
2.27891 -0.460774
2.41067 -0.0777891
2.54242 0.237336
2.67417 0.508928
2.80592 0.785975
2.93767 1.03628
3.06943 1.14172
3.20118 1.01218
3.33293 0.697132
3.46468 0.367485
3.59644 0.172928
3.72819 0.114777
3.85994 0.0658737
3.99169 -0.0797579
4.12345 -0.28148
4.2552 -0.383922
4.38695 -0.277225
4.5187 -0.0196921
4.65045 0.20976
4.78221 0.287756
4.91396 0.272653
5.04571 0.34685
5.17746 0.626333
5.30922 1.02616
5.44097 1.31841
5.57272 1.3281
5.70447 1.07682
5.83623 0.739662
5.96798 0.470242
6.09973 0.275699
6.23148 0.0612594
6.36323 -0.217577
6.49499 -0.467058
6.62674 -0.52883
6.75849 -0.337138
6.89024 0.00761304
7.022 0.325862
7.15375 0.512835
7.2855 0.598594
7.41725 0.660326
7.54901 0.696565
7.68076 0.613976
7.81251 0.349101
7.94426 -0.0109394
8.07601 -0.257178
8.20777 -0.230482
8.33952 0.0302351
8.47127 0.319236
8.60302 0.451645
8.73478 0.421597
8.86653 0.372409
8.99828 0.415382
9.13003 0.493712
9.26179 0.441222
9.39354 0.177163
9.52529 -0.17301
9.65704 -0.37062
9.78879 -0.286259
9.92055 -0.0243603
10.0523 0.184017
10.1841 0.215347
10.3158 0.17453
10.4476 0.276013
10.5793 0.606976
10.7111 1.01839
10.8428 1.25724
10.9746 1.20147
11.1063 0.953478
11.2381 0.701452
11.3698 0.50773
11.5016 0.261114
11.6333 -0.151438
11.7651 -0.646737
11.8968 -0.956986
12.0286 -0.867439
12.1603 -0.44222
12.2921 0.0100832
12.4238 0.218702
12.5556 0.202652
12.6873 0.229918
12.8191 0.517626
12.9509 0.981582
13.0826 1.30255
13.2144 1.24971
13.3461 0.924931
13.4779 0.66203
13.6096 0.673408
13.7414 0.811695
13.8731 0.709757
14.0049 0.171799
14.1366 -0.585507
14.2684 -1.10434
14.4001 -1.11039
14.5319 -0.762053
14.6636 -0.466818
14.7954 -0.454168
14.9271 -0.551043
15.0589 -0.39663
15.1906 0.132812
15.3224 0.750142
15.4541 1.03616
15.5859 0.884317
15.7176 0.627629
15.8494 0.687591
15.9812 1.10371
16.1129 1.45997
16.2447 1.32379
16.3764 0.753237
16.5082 0.309801
16.6399 0.503451
16.7717 1.21065
16.9034 1.68922
17.0352 1.23229
17.1669 -0.170672
17.2987 -1.84317
17.4304 -3.09596
17.5622 -3.82665
17.6939 -4.32432
17.8257 -4.4033
17.9574 -2.84803
18.0892 1.91612
18.2209 10.0978
18.3527 19.1017
18.4844 23.838
18.6162 19.0673
18.748 2.53315
18.8797 -23.0112
19.0115 -50.0681
19.1432 -68.7858
19.275 -70.3796
19.4067 -50.4351
19.5385 -11.2588
19.6702 37.4936
19.802 80.7761
19.9337 103.024
20.0655 94.6676
20.1972 57.2085
20.329 3.51531
20.4607 -47.7494
20.5925 -80.9164
20.7242 -90.1761
20.856 -80.3811
20.9877 -61.733
21.1195 -42.5053
21.2512 -24.992
21.383 -6.95384
21.5147 13.6128
21.6465 34.8818
21.7783 51.7358
21.91 59.5488
22.0418 57.6117
22.1735 49.2331
22.3053 38.7146
22.437 28.1094
22.5688 16.5722
22.7005 2.52327
22.8323 -13.6978
22.964 -29.2356
23.0958 -40.6044
23.2275 -46.1576
23.3593 -46.8591
23.491 -44.826
23.6228 -41.2094
23.7545 -35.4371
23.8863 -26.378
24.018 -14.1215
24.1498 -0.584773
24.2815 11.5918
24.4133 20.7436
24.5451 26.8951
24.6768 30.9766
24.8086 33.4937
24.9403 34.0054
25.0721 31.8271
25.2038 27.0937
25.3356 21.0027
25.4673 14.947
25.5991 9.40616
25.7308 3.71711
25.8626 -3.02653
25.9943 -10.8104
26.1261 -18.3812
26.2578 -24.0657
26.3896 -26.9521
26.5213 -27.3736
26.6531 -26.3506
26.7848 -24.6184
26.9166 -22.1679
27.0483 -18.6259
27.1801 -13.9656
27.3119 -8.77819
27.4436 -3.86191
27.5754 0.403342
27.7071 4.23952
27.8389 8.04776
27.9706 11.8431
28.1024 15.1339
28.2341 17.355
28.3659 18.391
28.4976 18.6465
28.6294 18.592
28.7611 18.2502
28.8929 17.1439
29.0246 14.7626
29.1564 11.0946
29.2881 6.71306
29.4199 2.34765
29.5516 -1.63552
29.6834 -5.35743
29.8151 -9.06739
29.9469 -12.6821
30.0786 -15.6825
30.2104 -17.4685
30.3422 -17.8355
30.4739 -17.1376
30.6057 -16.0064
30.7374 -14.8896
30.8692 -13.7978
31.0009 -12.4138
31.1327 -10.3974
31.2644 -7.59922
31.3962 -4.06784
31.5279 0.035749
31.6597 4.44523
31.7914 8.70426
31.9232 12.1512
32.0549 14.1192
32.1867 14.2899
32.3184 12.9445
32.4502 10.8808
32.5819 9.00848
32.7137 7.8912
32.8454 7.54507
32.9772 7.5983
33.109 7.64024
33.2407 7.47264
33.3725 7.09941
33.5042 6.52989
33.636 5.61613
33.7677 4.0875
33.8995 1.75512
34.0312 -1.2939
34.163 -4.68134
34.2947 -7.91893
34.4265 -10.644
34.5582 -12.7339
34.69 -14.233
34.8217 -15.1796
34.9535 -15.4939
35.0852 -15.0197
35.217 -13.6742
35.3487 -11.5665
35.4805 -8.97643
35.6122 -6.20994
35.744 -3.45725
35.8758 -0.771783
36.0075 1.8243
36.1393 4.22147
36.271 6.21876
36.4028 7.65529
36.5345 8.5651
36.6663 9.2056
36.798 9.90686
36.9298 10.8396
37.0615 11.8735
37.1933 12.6321
37.325 12.7019
37.4568 11.8499
37.5885 10.1164
37.7203 7.75717
37.852 5.1089
37.9838 2.46894
38.1155 0.0344068
38.2473 -2.10821
38.379 -3.96059
38.5108 -5.56124
38.6425 -6.91328
38.7743 -7.93072
38.9061 -8.45903
39.0378 -8.38434
39.1696 -7.76569
39.3013 -6.87897
39.4331 -6.1102
39.5648 -5.75225
39.6966 -5.84485
39.8283 -6.17123
39.9601 -6.4035
40.0918 -6.27862
40.2236 -5.68349
40.3553 -4.62593
40.4871 -3.16827
40.6188 -1.40832
40.7506 0.489365
40.8823 2.28619
41.0141 3.74678
41.1458 4.76744
41.2776 5.44672
41.4093 6.0171
41.5411 6.67233
41.6729 7.42163
41.8046 8.0859
41.9364 8.43413
42.0681 8.34496
42.1999 7.86876
42.3316 7.16035
42.4634 6.35921
42.5951 5.51967
42.7269 4.62728
42.8586 3.65543
42.9904 2.59538
43.1221 1.44139
43.2539 0.169474
43.3856 -1.24711
43.5174 -2.7892
43.6491 -4.35723
43.7809 -5.791
43.9126 -6.9352
44.0444 -7.70151
44.1761 -8.08496
44.3079 -8.13481
44.4397 -7.91337
44.5714 -7.47305
44.7032 -6.85336
44.8349 -6.08242
44.9667 -5.17511
45.0984 -4.13686
45.2302 -2.98142
45.3619 -1.75229
45.4937 -0.524083
45.6254 0.625894
45.7572 1.65655
45.8889 2.57828
46.0207 3.4295
46.1524 4.23414
46.2842 4.97532
46.4159 5.6024
46.5477 6.05676
46.6794 6.29079
46.8112 6.27267
46.9429 5.99215
47.0747 5.47924
47.2064 4.82201
47.3382 4.15331
47.47 3.59575
47.6017 3.19667
47.7335 2.90493
47.8652 2.6129
47.997 2.23165
48.1287 1.73909
48.2605 1.16774
48.3922 0.556444
48.524 -0.0810045
48.6557 -0.743481
48.7875 -1.41196
48.9192 -2.04583
49.051 -2.61681
49.1827 -3.14173
49.3145 -3.66843
49.4462 -4.21826
49.578 -4.74163
49.7097 -5.13985
49.8415 -5.34082
49.9732 -5.35538
50.105 -5.25191
50.2368 -5.06706
50.3685 -4.74217
50.5003 -4.15935
50.632 -3.25656
50.7638 -2.11635
50.8955 -0.937718
51.0273 0.0940197
51.159 0.926869
51.2908 1.64615
51.4225 2.36571
51.5543 3.11387
51.686 3.82063
51.8178 4.40738
51.9495 4.87621
52.0813 5.29728
52.213 5.70034
52.3448 5.98315
52.4765 5.94795
52.6083 5.46282
52.74 4.62211
52.8718 3.76199
53.0036 3.29113
53.1353 3.43358
53.2671 4.0439
53.3988 4.60848
53.5306 4.44282
53.6623 3.00431
53.7941 0.195692
53.9258 -3.47396
54.0576 -6.97757
54.1893 -9.13335
54.3211 -9.12812
54.4528 -6.95041
54.5846 -3.46833
54.7163 -0.0560821
54.8481 2.05109
54.9798 2.3043
55.1116 0.976425
55.2433 -1.15003
55.3751 -3.28236
55.5068 -4.95726
55.6386 -6.05079
55.7703 -6.56786
55.9021 -6.46417
56.0339 -5.66044
56.1656 -4.19135
56.2974 -2.30048
56.4291 -0.359209
56.5609 1.32982
56.6926 2.67112
56.8244 3.74289
56.9561 4.64286
57.0879 5.36913
57.2196 5.84025
57.3514 6.0115
57.4831 5.9518
57.6149 5.79453
57.7466 5.60996
57.8784 5.33075
58.0101 4.81273
58.1419 3.98308
58.2736 2.94354
58.4054 1.93428
58.5371 1.18519
58.6689 0.771822
58.8007 0.579944
58.9324 0.389496
59.0642 0.00561051
59.1959 -0.647232
59.3277 -1.50353
59.4594 -2.39324
59.5912 -3.10834
59.7229 -3.48111
59.8547 -3.45733
59.9864 -3.1332
60.1182 -2.72305
60.2499 -2.45792
60.3817 -2.46676
60.5134 -2.71429
60.6452 -3.03507
60.7769 -3.23505
60.9087 -3.1876
61.0404 -2.86729
61.1722 -2.32127
61.3039 -1.62285
61.4357 -0.847015
61.5675 -0.0704585
61.6992 0.629471
61.831 1.19377
61.9627 1.60664
62.0945 1.90025
62.2262 2.13001
62.358 2.33885
62.4897 2.53797
62.6215 2.71353
62.7532 2.84647
62.885 2.92715
63.0167 2.96014
63.1485 2.96501
63.2802 2.97456
63.412 3.02224
63.5437 3.11476
63.6755 3.20687
63.8072 3.2075
63.939 3.02801
64.0707 2.64357
64.2025 2.11623
64.3342 1.55311
64.466 1.02939
64.5978 0.5403
64.7295 0.0236502
64.8613 -0.569944
64.993 -1.22525
65.1248 -1.87558
65.2565 -2.46269
65.3883 -2.98005
65.52 -3.45495
65.6518 -3.88951
65.7835 -4.22318
65.9153 -4.35811
66.047 -4.22505
66.1788 -3.82831
66.3105 -3.23223
66.4423 -2.51215
66.574 -1.72391
66.7058 -0.916766
66.8375 -0.158796
66.9693 0.472532
67.101 0.939505
67.2328 1.28214
67.3646 1.59247
67.4963 1.93494
67.6281 2.28681
67.7598 2.56424
67.8916 2.71736
68.0233 2.80096
68.1551 2.93933
68.2868 3.20453
68.4186 3.52084
68.5503 3.69734
68.6821 3.58094
68.8138 3.16723
68.9456 2.6285
69.0773 2.1845
69.2091 1.87059
69.3408 1.57797
69.4726 1.17981
69.6043 0.613803
69.7361 -0.0172113
69.8678 -0.543519
69.9996 -0.87455
70.1314 -1.08746
70.2631 -1.2832
70.3949 -1.54971
70.5266 -1.80891
70.6584 -1.98251
70.7901 -2.04065
70.9219 -2.03774
71.0536 -2.13032
71.1854 -2.28976
71.3171 -2.4457
71.4489 -2.4118
71.5806 -2.15739
71.7124 -1.73764
71.8441 -1.18215
71.9759 -0.620069
72.1076 -0.0860769
72.2394 0.468408
72.3711 1.03599
72.5029 1.55929
72.6346 1.88152
72.7664 1.98109
72.8981 1.85534
73.0299 1.57003
73.1617 1.28575
73.2934 1.08997
73.4252 0.996712
73.5569 1.07558
73.6887 1.20353
73.8204 1.33773
73.9522 1.47159
74.0839 1.5162
74.2157 1.45877
74.3474 1.37802
74.4792 1.2966
74.6109 1.14952
74.7427 1.01698
74.8744 0.893068
75.0062 0.782766
75.1379 0.676347
75.2697 0.514528
75.4014 0.166196
75.5332 -0.244989
75.6649 -0.589394
75.7967 -0.804984
75.9285 -0.842886
76.0602 -0.799075
76.192 -0.693806
76.3237 -0.739445
76.4555 -0.894282
76.5872 -1.12263
76.719 -1.29804
76.8507 -1.37958
76.9825 -1.32629
77.1142 -1.1932
77.246 -0.952326
77.3777 -0.575641
77.5095 -0.0585297
77.6412 0.410908
77.773 0.702988
77.9047 0.776325
78.0365 0.727225
78.1682 0.701092
78.3 0.739881
78.4317 0.872015
78.5635 1.03961
78.6953 1.1334
78.827 1.17999
78.9588 1.15498
79.0905 1.15642
79.2223 1.11336
79.354 0.984135
79.4858 0.769411
79.6175 0.561089
79.7493 0.476061
79.881 0.441871
80.0128 0.395785
80.1445 0.280907
80.2763 0.152702
80.408 0.110801
80.5398 0.178675
80.6715 0.351326
80.8033 0.472885
80.935 0.454286
81.0668 0.281762
81.1985 0.0280821
81.3303 -0.245014
81.462 -0.450072
81.5938 -0.5509
81.7256 -0.57513
81.8573 -0.575614
81.9891 -0.539612
82.1208 -0.488422
82.2526 -0.414415
82.3843 -0.336306
82.5161 -0.297454
82.6478 -0.279644
82.7796 -0.173339
82.9113 -0.0116476
83.0431 0.196616
83.1748 0.380367
83.3066 0.460614
83.4383 0.452209
83.5701 0.370633
83.7018 0.319817
83.8336 0.302787
83.9653 0.275624
84.0971 0.180954
84.2288 0.149009
84.3606 0.195122
84.4924 0.308184
84.6241 0.485863
84.7559 0.610127
84.8876 0.621737
85.0194 0.56496
85.1511 0.480103
85.2829 0.386704
85.4146 0.290917
85.5464 0.139597
85.6781 -0.0401888
85.8099 -0.18098
85.9416 -0.248362
86.0734 -0.215145
86.2051 -0.0709853
86.3369 0.0515788
86.4686 0.112575
86.6004 0.0781537
86.7321 0.0612479
86.8639 0.0206902
86.9956 -0.00750622
87.1274 -0.0351473
87.2592 -0.0502712
87.3909 0.010256
87.5227 0.128303
87.6544 0.274382
87.7862 0.362415
87.9179 0.391803
88.0497 0.286498
88.1814 0.1227
88.3132 -0.0118449
88.4449 -0.0745258
88.5767 -0.0896309
88.7084 -0.101905
88.8402 -0.0869135
88.9719 -0.00991453
89.1037 0.0606075
89.2354 0.153833
89.3672 0.147905
89.4989 0.115332
89.6307 0.046251
89.7624 -0.0290255
89.8942 -0.0611863
90.0259 -0.0445276
90.1577 -0.0315228
90.2895 -0.0184664
90.4212 -0.0421987
90.553 0.0119858
90.6847 0.093462
90.8165 0.211838
90.9482 0.261407
91.08 0.251046
91.2117 0.241678
91.3435 0.20886
91.4752 0.171271
91.607 0.15969
91.7387 0.202468
91.8705 0.177632
92.0022 0.136037
92.134 0.0536693
92.2657 -0.00955412
92.3975 -0.0473989
92.5292 -0.0731833
92.661 -0.0769431
92.7927 -0.0223137
92.9245 0.0666943
93.0563 0.124473
93.188 0.148878
93.3198 0.111246
93.4515 0.0704854
93.5833 0.0489784
93.715 0.0262835
93.8468 0.00458081
93.9785 -0.0103367
94.1103 -0.0338359
94.242 0.0197329
94.3738 0.0760036
94.5055 0.102117
94.6373 0.0760077
94.769 0.0215239
94.9008 -0.0206686
95.0325 0.00633966
95.1643 0.0294544
95.296 0.0701188
95.4278 0.069103
95.5595 0.0358301
95.6913 0.0239991
95.8231 0.0138997
95.9548 0.0600741
96.0866 0.112123
96.2183 0.116467
96.3501 0.0905477
96.4818 0.068433
96.6136 0.0445891
96.7453 0.0524144
96.8771 0.0850271
97.0088 0.111042
97.1406 0.0713554
97.2723 0.00547975
97.4041 -0.0618738
97.5358 -0.0772647
97.6676 -0.0392237
97.7993 -0.0400504
97.9311 -0.0785489
98.0628 -0.116718
98.1946 -0.0766178
98.3263 -0.0133747
98.4581 0.0375159
98.5898 0.0445729
98.7216 0.0284536
98.8534 0.0221245
98.9851 0.00258642
99.1169 -0.00671078
99.2486 -0.026342
99.3804 -0.0381563
99.5121 -0.0656628
99.6439 -0.034654
99.7756 0.0109545
99.9074 0.0157528
100.039 0.0188673
100.171 0.00917999
100.303 0.0240286
100.434 0.0370946
100.566 0.050499
100.698 0.0358337
100.83 0.0195788
100.961 0.0266867
101.093 0.0206433
101.225 0.0220508
101.357 0.0258315
101.488 0.027424
101.62 0.0176717
101.752 0.00922215
101.884 0.00873403
102.015 0.0228804
102.147 0.0234324
102.279 0.0269444
102.411 0.0225055
102.542 0.0225055
102.674 0.0225055
102.806 0.0225055
102.938 0.0225055
103.069 0.0225055
103.201 0.0225055
103.333 0.0225055
103.465 0.0225055
103.596 0.0225055
103.728 0.0225055
103.86 0.0225055
103.992 0.0225055
104.123 0.0225055
104.255 0.0225055
104.387 0.0225055
104.519 0.0225055
104.65 0.0225055
104.782 0.0225055
104.914 0.0225055
105.046 0.0225055
105.177 0.0225055
105.309 0.0225055
105.441 0.0225055
105.573 0.0225055
105.704 0.0225055
105.836 0.0225055
105.968 0.0225055
106.1 0.0225055
106.231 0.0225055
106.363 0.0225055
106.495 0.0225055
106.627 0.0225055
106.758 0.0225055
106.89 0.0225055
107.022 0.0225055
107.154 0.0225055
107.286 0.0225055
107.417 0.0225055
107.549 0.0225055
107.681 0.0225055
107.813 0.0225055
107.944 0.0225055
108.076 0.0225055
108.208 0.0225055
108.34 0.0225055
108.471 0.0225055
108.603 0.0225055
108.735 0.0225055
108.867 0.0225055
108.998 0.0225055
109.13 0.0225055
109.262 0.0225055
109.394 0.0225055
109.525 0.0225055
109.657 0.0225055
109.789 0.0225055
109.921 0.0225055
110.052 0.0225055
110.184 0.0225055
110.316 0.0225055
110.448 0.0225055
110.579 0.0225055
110.711 0.0225055
110.843 0.0225055
110.975 0.0225055
111.106 0.0225055
111.238 0.0225055
111.37 0.0225055
111.502 0.0225055
111.633 0.0225055
111.765 0.0225055
111.897 0.0225055
112.029 0.0225055
112.16 0.0225055
112.292 0.0225055
112.424 0.0225055
112.556 0.0225055
112.687 0.0225055
112.819 0.0225055
112.951 0.0225055
113.083 0.0225055
113.214 0.0225055
113.346 0.0225055
113.478 0.0225055
113.61 0.0225055
113.741 0.0225055
113.873 0.0225055
114.005 0.0225055
114.137 0.0225055
114.268 0.0225055
114.4 0.0225055
114.532 0.0225055
114.664 0.0225055
114.795 0.0225055
114.927 0.0225055
115.059 0.0225055
115.191 0.0225055
115.322 0.0225055
115.454 0.0225055
115.586 0.0225055
115.718 0.0225055
115.849 0.0225055
115.981 0.0225055
116.113 0.0225055
116.245 0.0225055
116.376 0.0225055
116.508 0.0225055
116.64 0.0225055
116.772 0.0225055
116.903 0.0225055
117.035 0.0225055
117.167 0.0225055
117.299 0.0225055
117.43 0.0225055
117.562 0.0225055
117.694 0.0225055
117.826 0.0225055
117.957 0.0225055
118.089 0.0225055
118.221 0.0225055
118.353 0.0225055
118.484 0.0225055
118.616 0.0225055
118.748 0.0225055
118.88 0.0225055
119.011 0.0225055
119.143 0.0225055
119.275 0.0225055
119.407 0.0225055
119.538 0.0225055
119.67 0.0225055
119.802 0.0225055
119.934 0.0225055
120.065 0.0225055
120.197 0.0225055
120.329 0.0225055
120.461 0.0225055
120.592 0.0225055
120.724 0.0225055
120.856 0.0225055
120.988 0.0225055
121.119 0.0225055
121.251 0.0225055
121.383 0.0225055
121.515 0.0225055
121.647 0.0225055
121.778 0.0225055
121.91 0.0225055
122.042 0.0225055
122.174 0.0225055
122.305 0.0225055
122.437 0.0225055
122.569 0.0225055
122.701 0.0225055
122.832 0.0225055
122.964 0.0225055
123.096 0.0225055
123.228 0.0225055
123.359 0.0225055
123.491 0.0225055
123.623 0.0225055
123.755 0.0225055
123.886 0.0225055
124.018 0.0225055
124.15 0.0225055
124.282 0.0225055
124.413 0.0225055
124.545 0.0225055
124.677 0.0225055
124.809 0.0225055
124.94 0.0225055
125.072 0.0225055
125.204 0.0225055
125.336 0.0225055
125.467 0.0225055
125.599 0.0225055
125.731 0.0225055
125.863 0.0225055
125.994 0.0225055
126.126 0.0225055
126.258 0.0225055
126.39 0.0225055
126.521 0.0225055
126.653 0.0225055
126.785 0.0225055
126.917 0.0225055
127.048 0.0225055
127.18 0.0225055
127.312 0.0225055
127.444 0.0225055
127.575 0.0225055
127.707 0.0225055
127.839 0.0225055
127.971 0.0225055
128.102 0.0225055
128.234 0.0225055
128.366 0.0225055
128.498 0.0225055
128.629 0.0225055
128.761 0.0225055
128.893 0.0225055
129.025 0.0225055
129.156 0.0225055
129.288 0.0225055
129.42 0.0225055
129.552 0.0225055
129.683 0.0225055
