-5.06509 0.0643283
-4.93334 0.12407
-4.80159 0.23456
-4.66984 0.239954
-4.53808 0.158233
-4.40633 0.0914633
-4.27458 0.0546604
-4.14283 0.186414
-4.01107 0.452728
-3.87932 0.723362
-3.74757 0.912637
-3.61582 1.00269
-3.48407 1.06747
-3.35231 1.13627
-3.22056 1.2026
-3.08881 1.14469
-2.95706 0.975765
-2.8253 0.750086
-2.69355 0.647685
-2.5618 0.646384
-2.43005 0.644837
-2.29829 0.486389
-2.16654 0.229914
-2.03479 -0.0300182
-1.90304 -0.143012
-1.77129 -0.0696995
-1.63953 0.0689635
-1.50778 0.113919
-1.37603 -0.000772274
-1.24428 -0.162238
-1.11252 -0.214791
-0.980772 -0.207141
-0.849019 -0.0781551
-0.717267 -0.00845206
-0.585515 -0.00984416
-0.453762 -0.0471146
-0.32201 -0.0588467
-0.190258 -0.0588676
-0.0585054 -0.00489364
0.0732469 0.0934447
0.204999 0.207834
0.336752 0.4156
0.468504 0.692401
0.600256 0.965769
0.732008 1.07273
0.863761 0.987262
0.995513 0.819436
1.12727 0.723821
1.25902 0.711196
1.39077 0.745097
1.52252 0.702772
1.65427 0.52122
1.78603 0.350329
1.91778 0.360467
2.04953 0.568585
2.18128 0.864851
2.31304 1.05645
2.44479 1.04606
2.57654 0.871125
2.70829 0.653691
2.84005 0.438708
2.9718 0.167953
3.10355 -0.206814
3.2353 -0.577256
3.36705 -0.790114
3.49881 -0.740381
3.63056 -0.480111
3.76231 -0.174671
3.89406 0.050608
4.02582 0.217767
4.15757 0.427816
4.28932 0.689177
4.42107 0.866462
4.55283 0.788755
4.68458 0.4321
4.81633 -0.0188188
4.94808 -0.306831
5.07983 -0.311707
5.21159 -0.129642
5.34334 0.0502602
5.47509 0.139549
5.60684 0.214158
5.7386 0.39114
5.87035 0.662736
6.0021 0.877359
6.13385 0.896053
6.26561 0.756639
6.39736 0.659325
6.52911 0.773191
6.66086 1.05887
6.79261 1.29681
6.92437 1.30075
7.05612 1.09932
7.18787 0.895931
7.31962 0.846716
7.45138 0.890246
7.58313 0.813114
7.71488 0.48758
7.84663 0.0296531
7.97839 -0.299055
8.11014 -0.354693
8.24189 -0.266158
8.37364 -0.308343
8.50539 -0.609042
8.63715 -0.986007
8.7689 -1.09087
8.90065 -0.730464
9.0324 -0.0540421
9.16416 0.575158
9.29591 0.893879
9.42766 0.931064
9.55941 0.905788
9.69117 0.960999
9.82292 1.02004
9.95467 0.906992
10.0864 0.58389
10.2182 0.23466
10.3499 0.0953799
10.4817 0.209575
10.6134 0.375217
10.7452 0.350347
10.8769 0.107632
11.0087 -0.129887
11.1404 -0.113508
11.2722 0.177706
11.4039 0.517881
11.5357 0.66717
11.6674 0.610442
11.7992 0.55313
11.931 0.685744
12.0627 0.973509
12.1945 1.19572
12.3262 1.18609
12.458 1.00656
12.5897 0.86164
12.7215 0.84884
12.8532 0.82879
12.985 0.574137
13.1167 0.046986
13.2485 -0.502586
13.3802 -0.746883
13.512 -0.596221
13.6437 -0.286624
13.7755 -0.134358
13.9072 -0.207138
14.039 -0.262714
14.1707 -0.0296802
14.3025 0.465044
14.4342 0.883224
14.566 0.911861
14.6978 0.601885
14.8295 0.337318
14.9613 0.443475
15.093 0.836307
15.2248 1.09449
15.3565 0.899813
15.4883 0.389404
15.62 0.0326671
15.7518 0.13917
15.8835 0.510521
16.0153 0.624938
16.147 0.190379
16.2788 -0.507127
16.4105 -0.848861
16.5423 -0.497294
16.674 0.254099
16.8058 0.777772
16.9375 0.763327
17.0693 0.534533
17.201 0.671653
17.3328 1.31965
17.4646 1.93771
17.5963 1.81874
17.7281 0.882894
17.8598 -0.107024
17.9916 -0.21977
18.1233 0.697845
18.2551 1.76908
18.3868 1.84373
18.5186 0.541992
18.6503 -1.46919
18.7821 -3.23957
18.9138 -4.47183
19.0456 -5.4953
19.1773 -6.15752
19.3091 -4.86966
19.4408 0.725593
19.5726 11.3761
19.7043 23.9127
19.8361 31.3402
19.9678 26.1096
20.0996 4.84788
20.2313 -28.5565
20.3631 -63.6498
20.4949 -87.5213
20.6266 -89.9381
20.7584 -67.0304
20.8901 -22.4981
21.0219 33.2744
21.1536 85.5615
21.2854 118.959
21.4171 122.187
21.5489 92.7266
21.6806 38.8409
21.8124 -23.0256
21.9441 -74.938
22.0759 -104.839
22.2076 -110.361
22.3394 -97.163
22.4711 -73.64
22.6029 -46.1283
22.7346 -17.645
22.8664 10.1157
22.9981 34.4464
23.1299 51.5989
23.2617 59.0579
23.3934 57.6901
23.5252 51.4102
23.6569 44.3875
23.7887 38.1601
23.9204 31.1241
24.0522 20.6943
24.1839 6.0825
24.3157 -10.7235
24.4474 -26.3857
24.5792 -38.475
24.7109 -46.4823
24.8427 -50.9564
24.9744 -52.0077
25.1062 -48.867
25.2379 -40.9198
25.3697 -29.0347
25.5014 -15.6851
25.6332 -3.58853
25.7649 5.92576
25.8967 13.3434
26.0285 19.8817
26.1602 26.0053
26.292 30.9289
26.4237 33.4475
26.5555 33.1426
26.6872 30.7465
26.819 27.3788
26.9507 23.5017
27.0825 18.6575
27.2142 12.1988
27.346 4.22306
27.4777 -4.22814
27.6095 -11.8614
27.7412 -17.9854
27.873 -22.7015
28.0047 -26.3369
28.1365 -28.7903
28.2682 -29.4962
28.4 -28.022
28.5317 -24.6469
28.6635 -20.3007
28.7952 -15.9078
28.927 -11.7782
29.0588 -7.61263
29.1905 -3.05652
29.3223 1.79224
29.454 6.4169
29.5858 10.3603
29.7175 13.6018
29.8493 16.4266
29.981 18.9424
30.1128 20.7765
30.2445 21.3031
30.3763 20.1984
30.508 17.7778
30.6398 14.782
30.7715 11.8124
30.9033 8.94539
31.035 5.85781
31.1668 2.29497
31.2985 -1.58747
31.4303 -5.31041
31.562 -8.45545
31.6938 -10.9559
31.8256 -13.0466
31.9573 -14.9764
32.0891 -16.7808
32.2208 -18.2821
32.3526 -19.2226
32.4843 -19.3369
32.6161 -18.3227
32.7478 -15.8592
32.8796 -11.807
33.0113 -6.49592
33.1431 -0.819927
33.2748 4.05277
33.4066 7.22919
33.5383 8.5249
33.6701 8.47065
33.8018 7.91433
33.9336 7.5406
34.0653 7.63894
34.1971 8.19219
34.3288 9.09243
34.4606 10.2514
34.5924 11.5479
34.7241 12.7376
34.8559 13.4667
34.9876 13.3979
35.1194 12.3392
35.2511 10.2831
35.3829 7.36496
35.5146 3.81349
35.6464 -0.0722864
35.7781 -3.95465
35.9099 -7.53377
36.0416 -10.6327
36.1734 -13.206
36.3051 -15.2415
36.4369 -16.6401
36.5686 -17.2025
36.7004 -16.7573
36.8321 -15.323
36.9639 -13.1469
37.0956 -10.5803
37.2274 -7.90727
37.3591 -5.28555
37.4909 -2.82384
37.6227 -0.667242
37.7544 1.05106
37.8862 2.37095
38.0179 3.596
38.1497 5.15338
38.2814 7.27627
38.4132 9.76121
38.5449 12.0277
38.6767 13.4592
38.8084 13.7613
38.9402 13.0623
39.0719 11.7183
39.2037 10.033
39.3354 8.13918
39.4672 6.0909
39.5989 4.00405
39.7307 2.06422
39.8624 0.399592
39.9942 -1.01647
40.1259 -2.2974
40.2577 -3.46631
40.3895 -4.36939
40.5212 -4.80634
40.653 -4.77769
40.7847 -4.6024
40.9165 -4.75426
41.0482 -5.52368
41.18 -6.78323
41.3117 -8.05364
41.4435 -8.80967
41.5752 -8.77612
41.707 -8.00854
41.8387 -6.76333
41.9705 -5.32204
42.1022 -3.90609
42.234 -2.67179
42.3657 -1.69061
42.4975 -0.88682
42.6292 -0.0222753
42.761 1.1756
42.8927 2.7891
43.0245 4.57777
43.1563 6.09448
43.288 6.99495
43.4198 7.28967
43.5515 7.31235
43.6833 7.42256
43.815 7.70179
43.9468 7.90931
44.0785 7.72566
44.2103 7.0511
44.342 6.08921
44.4738 5.15688
44.6055 4.41339
44.7373 3.755
44.869 2.94446
45.0008 1.82412
45.1325 0.411261
45.2643 -1.17783
45.396 -2.85072
45.5278 -4.56027
45.6595 -6.21361
45.7913 -7.59792
45.923 -8.44104
46.0548 -8.57869
46.1866 -8.07673
46.3183 -7.18991
46.4501 -6.19296
46.5818 -5.23572
46.7136 -4.33609
46.8453 -3.47954
46.9771 -2.69604
47.1088 -2.03131
47.2406 -1.46016
47.3723 -0.859009
47.5041 -0.0897558
47.6358 0.879658
47.7676 1.93974
47.8993 2.92708
48.0311 3.74709
48.1628 4.41059
48.2946 4.95769
48.4263 5.36331
48.5581 5.53604
48.6898 5.41792
48.8216 5.07838
48.9534 4.69422
49.0851 4.42296
49.2169 4.28797
49.3486 4.18405
49.4804 3.99208
49.6121 3.68444
49.7439 3.32044
49.8756 2.94944
50.0074 2.53471
50.1391 1.98276
50.2709 1.24605
50.4026 0.385977
50.5344 -0.475035
50.6661 -1.26487
50.7979 -2.02013
50.9296 -2.82895
51.0614 -3.71535
51.1931 -4.58301
51.3249 -5.27524
51.4566 -5.69041
51.5884 -5.84031
51.7202 -5.80233
51.8519 -5.62552
51.9837 -5.29023
52.1154 -4.75491
52.2472 -4.02805
52.3789 -3.18128
52.5107 -2.29113
52.6424 -1.37892
52.7742 -0.419441
52.9059 0.590943
53.0377 1.58688
53.1694 2.46645
53.3012 3.17131
53.4329 3.72227
53.5647 4.16144
53.6964 4.46008
53.8282 4.50688
53.9599 4.22428
54.0917 3.72565
54.2234 3.35549
54.3552 3.52861
54.4869 4.44703
54.6187 5.88586
54.7505 7.20783
54.8822 7.61947
55.014 6.53891
55.1457 3.89624
55.2775 0.235294
55.4092 -3.42796
55.541 -5.95389
55.6727 -6.5229
55.8045 -4.99787
55.9362 -2.01836
56.068 1.26029
56.1997 3.67537
56.3315 4.53878
56.4632 3.82189
56.595 1.97447
56.7267 -0.437366
56.8585 -2.98834
56.9902 -5.39817
57.122 -7.38239
57.2537 -8.58077
57.3855 -8.69075
57.5173 -7.7008
57.649 -5.98778
57.7808 -4.14488
57.9125 -2.64806
58.0443 -1.61945
58.176 -0.86211
58.3078 -0.104817
58.4395 0.771207
58.5713 1.70006
58.703 2.56729
58.8348 3.33898
58.9665 4.04959
59.0983 4.68694
59.23 5.12855
59.3618 5.22606
59.4935 4.96798
59.6253 4.55254
59.757 4.27706
59.8888 4.32319
60.0205 4.61887
60.1523 4.88972
60.2841 4.84637
60.4158 4.35102
60.5476 3.45218
60.6793 2.30866
60.8111 1.10376
60.9428 0.0127062
61.0746 -0.804839
61.2063 -1.24716
61.3381 -1.34569
61.4698 -1.2946
61.6016 -1.36635
61.7333 -1.74599
61.8651 -2.40915
61.9968 -3.14762
62.1286 -3.72332
62.2603 -4.02013
62.3921 -4.07321
62.5238 -3.97439
62.6556 -3.763
62.7873 -3.40835
62.9191 -2.88548
63.0508 -2.25067
63.1826 -1.63194
63.3144 -1.14408
63.4461 -0.814662
63.5779 -0.58897
63.7096 -0.395138
63.8414 -0.192648
63.9731 0.0417275
64.1049 0.356984
64.2366 0.82999
64.3684 1.50535
64.5001 2.33068
64.6319 3.16347
64.7636 3.85811
64.8954 4.35708
65.0271 4.70069
65.1589 4.9492
65.2906 5.09949
65.4224 5.08195
65.5541 4.83884
65.6859 4.39877
65.8176 3.8657
65.9494 3.33002
66.0812 2.79228
66.2129 2.17848
66.3447 1.43232
66.4764 0.590495
66.6082 -0.235548
66.7399 -0.95257
66.8717 -1.55929
67.0034 -2.12831
67.1352 -2.7171
67.2669 -3.29744
67.3987 -3.76949
67.5304 -4.03929
67.6622 -4.08074
67.7939 -3.92982
67.9257 -3.63463
68.0574 -3.22564
68.1892 -2.73461
68.3209 -2.22521
68.4527 -1.77985
68.5844 -1.43945
68.7162 -1.15653
68.848 -0.821522
68.9797 -0.35102
69.1115 0.241513
69.2432 0.861559
69.375 1.42075
69.5067 1.9078
69.6385 2.37191
69.7702 2.83826
69.902 3.24783
70.0337 3.49082
70.1655 3.50663
70.2972 3.35146
70.429 3.16293
70.5607 3.04468
70.6925 2.99943
70.8242 2.93453
70.956 2.78325
71.0877 2.51121
71.2195 2.15469
71.3512 1.74456
71.483 1.31454
71.6147 0.827804
71.7465 0.309589
71.8783 -0.129039
72.01 -0.402064
72.1418 -0.566244
72.2735 -0.723848
72.4053 -1.04227
72.537 -1.49117
72.6688 -1.93827
72.8005 -2.21922
72.9323 -2.26626
73.064 -2.06767
73.1958 -1.69118
73.3275 -1.29689
73.4593 -0.945883
73.591 -0.57005
73.7228 -0.255296
73.8545 -0.050354
73.9863 -0.0514005
74.118 -0.239379
74.2498 -0.41319
74.3815 -0.489698
74.5133 -0.44084
74.6451 -0.227496
74.7768 -0.00435524
74.9086 0.27959
75.0403 0.532781
75.1721 0.77228
75.3038 0.943847
75.4356 1.02881
75.5673 1.06739
75.6991 1.1683
75.8308 1.40553
75.9626 1.65336
76.0943 1.80587
76.2261 1.78758
76.3578 1.58625
76.4896 1.39354
76.6213 1.28028
76.7531 1.34141
76.8848 1.34126
77.0166 1.34676
77.1483 1.33064
77.2801 1.29632
77.4119 1.31129
77.5436 1.19798
77.6754 0.916626
77.8071 0.461181
77.9389 -0.0535289
78.0706 -0.470353
78.2024 -0.748991
78.3341 -0.894177
78.4659 -1.01239
78.5976 -1.17158
78.7294 -1.27237
78.8611 -1.28451
78.9929 -1.14215
79.1246 -1.00107
79.2564 -0.914936
79.3881 -0.897153
79.5199 -0.845281
79.6516 -0.749113
79.7834 -0.524557
79.9151 -0.166893
80.0469 0.176587
80.1786 0.449373
80.3104 0.549593
80.4422 0.588737
80.5739 0.644768
80.7057 0.688988
80.8374 0.655728
80.9692 0.626552
81.1009 0.65064
81.2327 0.762947
81.3644 0.904829
81.4962 1.02436
81.6279 1.0706
81.7597 1.06957
81.8914 1.0793
82.0232 1.18279
82.1549 1.31102
82.2867 1.31053
82.4184 1.11266
82.5502 0.73346
82.6819 0.40624
82.8137 0.291615
82.9454 0.343521
83.0772 0.469411
83.209 0.528948
83.3407 0.455896
83.4725 0.322041
83.6042 0.146166
83.736 0.0316467
83.8677 -0.127195
83.9995 -0.326217
84.1312 -0.50637
84.263 -0.633385
84.3947 -0.640225
84.5265 -0.515619
84.6582 -0.336701
84.79 -0.181439
84.9217 -0.0587767
85.0535 0.0246743
85.1852 0.0483267
85.317 0.00593322
85.4487 -0.0633668
85.5805 -0.147709
85.7122 -0.142268
85.844 -0.0106009
85.9758 0.187994
86.1075 0.360601
86.2393 0.382978
86.371 0.315663
86.5028 0.246634
86.6345 0.203856
86.7663 0.172633
86.898 0.149773
87.0298 0.109461
87.1615 0.0743315
87.2933 0.10477
87.425 0.284022
87.5568 0.521204
87.6885 0.717742
87.8203 0.782275
87.952 0.770045
88.0838 0.662751
88.2155 0.587328
88.3473 0.536173
88.479 0.495418
88.6108 0.444235
88.7425 0.436753
88.8743 0.497242
89.0061 0.564984
89.1378 0.580812
89.2696 0.485987
89.4013 0.36032
89.5331 0.247593
89.6648 0.133047
89.7966 0.0942591
89.9283 0.0773624
90.0601 0.0276129
90.1918 -0.0744599
90.3236 -0.276241
90.4553 -0.448825
90.5871 -0.520718
90.7188 -0.467461
90.8506 -0.343021
90.9823 -0.255338
91.1141 -0.126756
91.2458 -0.0525231
91.3776 0.0742971
91.5093 0.0916496
91.6411 0.0923048
91.7729 0.0644189
91.9046 -0.0132891
92.0364 -0.0297576
92.1681 -0.0248735
92.2999 -0.0254915
92.4316 -0.0308053
92.5634 -0.100511
92.6951 -0.0617156
92.8269 0.0319247
92.9586 0.152795
93.0904 0.255923
93.2221 0.329607
93.3539 0.363937
93.4856 0.384462
93.6174 0.45306
93.7491 0.532983
93.8809 0.501333
94.0126 0.422734
94.1444 0.315089
94.2761 0.224298
94.4079 0.237915
94.5397 0.202546
94.6714 0.196225
94.8032 0.128193
94.9349 0.147451
95.0667 0.193871
95.1984 0.190443
95.3302 0.195838
95.4619 0.135292
95.5937 -0.0234268
95.7254 -0.13555
95.8572 -0.222576
95.9889 -0.273912
96.1207 -0.288737
96.2524 -0.288973
96.3842 -0.25504
96.5159 -0.188952
96.6477 -0.0916076
96.7794 -0.0276687
96.9112 0.0228807
97.0429 0.035245
97.1747 0.0695235
97.3064 0.0852455
97.4382 0.128746
97.57 0.177352
97.7017 0.23376
97.8335 0.211512
97.9652 0.151597
98.097 0.0790765
98.2287 0.00746144
98.3605 -0.0527951
98.4922 -0.0976188
98.624 -0.104124
98.7557 -0.0789521
98.8875 -0.0363973
99.0192 0.103561
99.151 0.170637
99.2827 0.203619
99.4145 0.169729
99.5462 0.109534
99.678 0.0647433
99.8097 0.0806796
99.9415 0.074063
100.073 0.0242422
100.205 -0.00223262
100.337 -0.0198656
100.469 -0.0155865
100.6 -0.0355376
100.732 -0.0541651
100.864 -0.0710818
100.996 -0.075737
101.127 -0.0651261
101.259 -0.00564847
101.391 0.032511
101.523 0.0324037
101.654 0.0407202
101.786 0.0480293
101.918 0.0523803
102.05 0.068331
102.181 0.0631473
102.313 0.0379054
102.445 0.00822922
102.577 0.00306276
102.708 0.00881618
102.84 0.00774985
102.972 -0.000379745
103.104 0.00123061
103.235 -0.00555967
103.367 -0.0039241
103.499 0.00486483
103.631 0.0115193
103.762 0.0124072
103.894 0.0138622
104.026 0.0173937
104.158 0.0173937
104.289 0.0173937
104.421 0.0173937
104.553 0.0173937
104.685 0.0173937
104.816 0.0173937
104.948 0.0173937
105.08 0.0173937
105.212 0.0173937
105.343 0.0173937
105.475 0.0173937
105.607 0.0173937
105.739 0.0173937
105.87 0.0173937
106.002 0.0173937
106.134 0.0173937
106.266 0.0173937
106.397 0.0173937
106.529 0.0173937
106.661 0.0173937
106.793 0.0173937
106.924 0.0173937
107.056 0.0173937
107.188 0.0173937
107.32 0.0173937
107.451 0.0173937
107.583 0.0173937
107.715 0.0173937
107.847 0.0173937
107.978 0.0173937
108.11 0.0173937
108.242 0.0173937
108.374 0.0173937
108.505 0.0173937
108.637 0.0173937
108.769 0.0173937
108.901 0.0173937
109.032 0.0173937
109.164 0.0173937
109.296 0.0173937
109.428 0.0173937
109.559 0.0173937
109.691 0.0173937
109.823 0.0173937
109.955 0.0173937
110.086 0.0173937
110.218 0.0173937
110.35 0.0173937
110.482 0.0173937
110.613 0.0173937
110.745 0.0173937
110.877 0.0173937
111.009 0.0173937
111.14 0.0173937
111.272 0.0173937
111.404 0.0173937
111.536 0.0173937
111.667 0.0173937
111.799 0.0173937
111.931 0.0173937
112.063 0.0173937
112.194 0.0173937
112.326 0.0173937
112.458 0.0173937
112.59 0.0173937
112.721 0.0173937
112.853 0.0173937
112.985 0.0173937
113.117 0.0173937
113.248 0.0173937
113.38 0.0173937
113.512 0.0173937
113.644 0.0173937
113.775 0.0173937
113.907 0.0173937
114.039 0.0173937
114.171 0.0173937
114.302 0.0173937
114.434 0.0173937
114.566 0.0173937
114.698 0.0173937
114.83 0.0173937
114.961 0.0173937
115.093 0.0173937
115.225 0.0173937
115.357 0.0173937
115.488 0.0173937
115.62 0.0173937
115.752 0.0173937
115.884 0.0173937
116.015 0.0173937
116.147 0.0173937
116.279 0.0173937
116.411 0.0173937
116.542 0.0173937
116.674 0.0173937
116.806 0.0173937
116.938 0.0173937
117.069 0.0173937
117.201 0.0173937
117.333 0.0173937
117.465 0.0173937
117.596 0.0173937
117.728 0.0173937
117.86 0.0173937
117.992 0.0173937
118.123 0.0173937
118.255 0.0173937
118.387 0.0173937
118.519 0.0173937
118.65 0.0173937
118.782 0.0173937
118.914 0.0173937
119.046 0.0173937
119.177 0.0173937
119.309 0.0173937
119.441 0.0173937
119.573 0.0173937
119.704 0.0173937
119.836 0.0173937
119.968 0.0173937
120.1 0.0173937
120.231 0.0173937
120.363 0.0173937
120.495 0.0173937
120.627 0.0173937
120.758 0.0173937
120.89 0.0173937
121.022 0.0173937
121.154 0.0173937
121.285 0.0173937
121.417 0.0173937
121.549 0.0173937
121.681 0.0173937
121.812 0.0173937
121.944 0.0173937
122.076 0.0173937
122.208 0.0173937
122.339 0.0173937
122.471 0.0173937
122.603 0.0173937
122.735 0.0173937
122.866 0.0173937
122.998 0.0173937
123.13 0.0173937
123.262 0.0173937
123.393 0.0173937
123.525 0.0173937
123.657 0.0173937
123.789 0.0173937
123.92 0.0173937
124.052 0.0173937
124.184 0.0173937
124.316 0.0173937
124.447 0.0173937
124.579 0.0173937
124.711 0.0173937
124.843 0.0173937
124.974 0.0173937
125.106 0.0173937
125.238 0.0173937
125.37 0.0173937
125.501 0.0173937
125.633 0.0173937
125.765 0.0173937
125.897 0.0173937
126.028 0.0173937
126.16 0.0173937
126.292 0.0173937
126.424 0.0173937
126.555 0.0173937
126.687 0.0173937
126.819 0.0173937
126.951 0.0173937
127.082 0.0173937
127.214 0.0173937
127.346 0.0173937
127.478 0.0173937
127.609 0.0173937
127.741 0.0173937
127.873 0.0173937
128.005 0.0173937
128.136 0.0173937
128.268 0.0173937
128.4 0.0173937
128.532 0.0173937
128.663 0.0173937
128.795 0.0173937
128.927 0.0173937
129.059 0.0173937
129.191 0.0173937
129.322 0.0173937
129.454 0.0173937
129.586 0.0173937
129.718 0.0173937
