-3.65997 -0.282158
-3.52822 -0.259435
-3.39647 0.131843
-3.26472 0.858113
-3.13296 1.73425
-3.00121 2.2955
-2.86946 2.0969
-2.73771 1.21495
-2.60596 0.108555
-2.4742 -0.764106
-2.34245 -0.92394
-2.2107 -0.583285
-2.07895 -0.157036
-1.94719 -0.0997077
-1.81544 -0.53245
-1.68369 -1.20945
-1.55194 -1.6706
-1.42018 -1.60165
-1.28843 -1.0325
-1.15668 -0.290336
-1.02493 0.12985
-0.893176 0.136498
-0.761423 0.0695425
-0.629671 0.113975
-0.497919 0.407631
-0.366166 0.880209
-0.234414 1.23706
-0.102662 1.39074
0.0290906 1.27149
0.160843 1.19599
0.292595 1.30472
0.424348 1.49871
0.5561 1.39968
0.687852 0.915344
0.819604 0.0732671
0.951357 -0.86454
1.08311 -1.59617
1.21486 -2.07378
1.34661 -2.25428
1.47837 -2.34478
1.61012 -2.11931
1.74187 -1.6396
1.87362 -0.75312
2.00538 0.562543
2.13713 1.88843
2.26888 2.913
2.40063 3.39866
2.53238 3.17384
2.66414 2.47263
2.79589 1.41775
2.92764 0.0783301
3.05939 -1.13572
3.19115 -1.77747
3.3229 -1.76954
3.45465 -1.25347
3.5864 -0.436648
3.71816 0.320486
3.84991 0.946348
3.98166 1.48916
4.11341 1.95454
4.24516 2.07978
4.37692 1.47794
4.50867 -0.0771172
4.64042 -2.32893
4.77217 -4.49885
4.90393 -5.66461
5.03568 -5.35438
5.16743 -3.63252
5.29918 -0.928706
5.43094 1.80933
5.56269 3.94682
5.69444 5.24204
5.82619 5.73702
5.95794 5.57798
6.0897 4.96996
6.22145 4.12254
6.3532 3.05455
6.48495 1.79792
6.61671 0.376116
6.74846 -1.34835
6.88021 -3.28794
7.01196 -5.20051
7.14372 -6.63308
7.27547 -7.14797
7.40722 -6.42874
7.53897 -4.70798
7.67072 -2.349
7.80248 0.168475
7.93423 2.69362
8.06598 4.89627
8.19773 6.46967
8.32949 7.1033
8.46124 6.62853
8.59299 5.35833
8.72474 3.36058
8.8565 1.10132
8.98825 -0.912044
9.12 -2.4294
9.25175 -3.38885
9.3835 -3.86661
9.51526 -4.0634
9.64701 -4.06325
9.77876 -3.73697
9.91051 -2.96803
10.0423 -1.64844
10.174 0.0352115
10.3058 1.6833
10.4375 2.93661
10.5693 3.26453
10.701 2.67355
10.8328 1.61809
10.9645 0.753602
11.0963 0.455765
11.228 0.959399
11.3598 2.16211
11.4915 3.54026
11.6233 4.47107
11.755 4.52338
11.8868 3.49137
12.0186 1.38761
12.1503 -1.28004
12.2821 -3.85128
12.4138 -5.71734
12.5456 -6.55382
12.6773 -6.35462
12.8091 -5.42476
12.9408 -4.09085
13.0726 -2.28198
13.2043 -0.095261
13.3361 2.26336
13.4678 4.32985
13.5996 5.58829
13.7313 5.81333
13.8631 5.16073
13.9948 4.08624
14.1266 3.02816
14.2583 2.17712
14.3901 1.42506
14.5218 0.571469
14.6536 -0.608409
14.7853 -2.13608
14.9171 -3.68349
15.0489 -4.86002
15.1806 -5.27422
15.3124 -4.70544
15.4441 -3.15335
15.5759 -1.02331
15.7076 0.912375
15.8394 2.2505
15.9711 2.7945
16.1029 2.91769
16.2346 3.04325
16.3664 3.54484
16.4981 4.44764
16.6299 5.32853
16.7616 5.63269
16.8934 5.03316
17.0251 3.56764
17.1569 1.45973
17.2886 -0.933446
17.4204 -3.24981
17.5521 -5.03385
17.6839 -5.89462
17.8157 -5.57374
17.9474 -4.29083
18.0792 -2.47839
18.2109 -0.885517
18.3427 0.07261
18.4744 0.342245
18.6062 0.288355
18.7379 0.251829
18.8697 0.367902
19.0014 0.574128
19.1332 0.665555
19.2649 0.617868
19.3967 0.363741
19.5284 0.0726118
19.6602 -0.210416
19.7919 -0.367699
19.9237 -0.248187
20.0554 0.308253
20.1872 1.28611
20.3189 2.41178
20.4507 3.19486
20.5825 3.30451
20.7142 2.59987
20.846 1.51481
20.9777 0.660021
21.1095 0.522286
21.2412 1.22111
21.373 2.48225
21.5047 3.78251
21.6365 4.54739
21.7682 4.32878
21.9 2.95405
22.0317 0.629606
22.1635 -2.0698
22.2952 -4.38605
22.427 -5.68601
22.5587 -5.72337
22.6905 -4.69382
22.8222 -3.07716
22.954 -1.4168
23.0857 -0.187612
23.2175 0.248966
23.3492 -0.273192
23.481 -1.54821
23.6128 -2.87531
23.7445 -3.24045
23.8763 -1.86864
24.008 1.15219
24.1398 4.67711
24.2715 7.02234
24.4033 6.94819
24.535 4.44962
24.6668 0.781813
24.7985 -2.30734
24.9303 -3.59613
25.062 -2.97821
25.1938 -1.31175
25.3255 0.24206
25.4573 0.888304
25.589 0.508867
25.7208 -0.420079
25.8525 -1.12463
25.9843 -0.875794
26.116 0.695906
26.2478 3.37863
26.3796 6.37414
26.5113 8.60129
26.6431 9.20635
26.7748 7.97551
26.9066 5.36503
27.0383 2.14986
27.1701 -1.00162
27.3018 -3.6936
27.4336 -5.66907
27.5653 -6.65221
27.6971 -6.44487
27.8288 -5.22647
27.9606 -3.6972
28.0923 -2.77465
28.2241 -2.98288
28.3558 -4.03847
28.4876 -5.03731
28.6193 -5.12618
28.7511 -4.09235
28.8828 -2.37635
29.0146 -0.557017
29.1464 1.15411
29.2781 2.9229
29.4099 4.85496
29.5416 6.62675
29.6734 7.62231
29.8051 7.46685
29.9369 6.40732
30.0686 5.12347
30.2004 4.13186
30.3321 3.37013
30.4639 2.36869
30.5956 0.813814
30.7274 -1.0888
30.8591 -2.80911
30.9909 -3.99547
31.1226 -4.70699
31.2544 -5.11892
31.3861 -5.07298
31.5179 -4.07302
31.6496 -1.85558
31.7814 1.03524
31.9131 3.38262
32.0449 4.19591
32.1767 3.58838
32.3084 2.72985
32.4402 2.7982
32.5719 3.86326
32.7037 4.7884
32.8354 4.29587
32.9672 2.19288
33.0989 -0.440184
33.2307 -2.29032
33.3624 -3.04055
33.4942 -3.54949
33.6259 -4.8222
33.7577 -6.87412
33.8894 -8.70031
34.0212 -9.34728
34.1529 -8.80727
34.2847 -7.55818
34.4164 -5.11792
34.5482 0.58373
34.6799 11.5777
34.8117 26.7055
34.9435 39.7178
35.0752 41.1381
35.207 23.6418
35.3387 -12.3856
35.4705 -57.1176
35.6022 -94.8859
35.734 -110.934
35.8657 -97.3136
35.9975 -55.1965
36.1292 6.25601
36.261 72.5433
36.3927 126.717
36.5245 152.887
36.6562 141.024
36.788 91.897
36.9197 18.9367
37.0515 -55.8085
37.1832 -110.839
37.315 -134.592
37.4467 -129.157
37.5785 -106.054
37.7103 -77.444
37.842 -49.2533
37.9738 -20.7119
38.1055 10.6316
38.2373 43.5461
38.369 72.1446
38.5008 89.698
38.6325 93.4012
38.7643 85.7847
38.896 71.8596
39.0278 54.9728
39.1595 35.2036
39.2913 11.4122
39.423 -15.4602
39.5548 -41.2487
39.6865 -60.7292
39.8183 -71.0357
39.95 -73.1777
40.0818 -70.4022
40.2135 -65.0907
40.3453 -57.0785
40.477 -44.7399
40.6088 -27.5326
40.7406 -7.45625
40.8723 11.9026
41.0041 27.7236
41.1358 39.4841
41.2676 48.391
41.3993 55.4758
41.5311 60.2489
41.6628 61.0891
41.7946 56.8151
41.9263 47.8535
42.0581 35.9766
42.1898 23.0243
42.3216 9.9064
42.4533 -3.26718
42.5851 -16.2764
42.7168 -28.1637
42.8486 -37.5516
42.9803 -43.5534
43.1121 -46.3495
43.2438 -46.8773
43.3756 -45.9652
43.5074 -43.7297
43.6391 -39.7228
43.7709 -33.5777
43.9026 -25.4913
44.0344 -16.1512
44.1661 -6.30356
44.2979 3.55148
44.4296 13.0868
44.5614 21.8943
44.6931 29.4082
44.8249 35.111
44.9566 38.7793
45.0884 40.4799
45.2201 40.3156
45.3519 38.2139
45.4836 34.0182
45.6154 27.8115
45.7471 20.1365
45.8789 11.8539
46.0106 3.73855
46.1424 -3.82444
46.2741 -10.7779
46.4059 -17.0545
46.5377 -22.3151
46.6694 -26.0328
46.8012 -27.8498
46.9329 -27.8843
47.0647 -26.7169
47.1964 -25.0777
47.3282 -23.4791
47.4599 -22.0283
47.5917 -20.4535
47.7234 -18.2408
47.8552 -14.8018
47.9869 -9.69621
48.1187 -2.93195
48.2504 4.77853
48.3822 12.0477
48.5139 17.2782
48.6457 19.4104
48.7774 18.5232
48.9092 15.869
49.0409 13.2667
49.1727 12.2013
49.3045 13.1644
49.4362 15.5897
49.568 18.3288
49.6997 20.2996
49.8315 20.9105
49.9632 20.0901
50.095 18.0351
50.2267 14.9246
50.3585 10.7947
50.4902 5.60665
50.622 -0.591472
50.7537 -7.54
50.8855 -14.7535
51.0172 -21.6028
51.149 -27.43
51.2807 -31.6428
51.4125 -33.781
51.5442 -33.5821
51.676 -31.0614
51.8077 -26.5676
51.9395 -20.7462
52.0713 -14.3771
52.203 -8.14507
52.3348 -2.47203
52.4665 2.48667
52.5983 6.70398
52.73 10.1369
52.8618 12.7112
52.9935 14.4413
53.1253 15.5481
53.257 16.4202
53.3888 17.399
53.5205 18.5375
53.6523 19.5314
53.784 19.8875
53.9158 19.2068
54.0475 17.3809
54.1793 14.5912
54.311 11.1704
54.4428 7.47125
54.5745 3.82071
54.7063 0.521139
54.838 -2.18449
54.9698 -4.19129
55.1016 -5.57264
55.2333 -6.51099
55.3651 -7.16266
55.4968 -7.59143
55.6286 -7.85443
55.7603 -8.16046
55.8921 -8.90931
56.0238 -10.4969
56.1556 -12.9877
56.2873 -15.916
56.4191 -18.4112
56.5508 -19.5969
56.6826 -18.9963
56.8143 -16.6829
56.9461 -13.1309
57.0778 -8.93757
57.2096 -4.62439
57.3413 -0.579614
57.4731 2.94757
57.6048 5.88832
57.7366 8.39321
57.8684 10.7501
58.0001 13.1485
58.1319 15.4417
58.2636 17.1338
58.3954 17.6733
58.5271 16.8665
58.6589 15.0826
58.7906 13.0626
58.9224 11.4586
59.0541 10.4527
59.1859 9.73398
59.3176 8.81506
59.4494 7.41073
59.5811 5.58626
59.7129 3.61104
59.8446 1.69619
59.9764 -0.148456
60.1081 -2.05053
60.2399 -4.10803
60.3716 -6.28473
60.5034 -8.44088
60.6352 -10.4379
60.7669 -12.2074
60.8987 -13.7329
61.0304 -14.9789
61.1622 -15.8383
61.2939 -16.1374
61.4257 -15.6967
61.5574 -14.4199
61.6892 -12.3758
61.8209 -9.82661
61.9527 -7.16036
62.0844 -4.72686
62.2162 -2.65702
62.3479 -0.79202
62.4797 1.20066
62.6114 3.58266
62.7432 6.34088
62.8749 9.17328
63.0067 11.6635
63.1384 13.4943
63.2702 14.5387
63.4019 14.7998
63.5337 14.3162
63.6655 13.159
63.7972 11.5131
63.929 9.71176
64.0607 8.11533
64.1925 6.89481
64.3242 5.91479
64.456 4.85851
64.5877 3.52067
64.7195 2.01573
64.8512 0.698829
64.983 -0.15143
65.1147 -0.610842
65.2465 -1.08856
65.3782 -2.00827
65.51 -3.46157
65.6417 -5.1324
65.7735 -6.55269
65.9052 -7.46212
66.037 -7.96838
66.1687 -8.39612
66.3005 -8.98497
66.4323 -9.70312
66.564 -10.3067
66.6958 -10.547
66.8275 -10.3229
66.9593 -9.67017
67.091 -8.65011
67.2228 -7.2779
67.3545 -5.5531
67.4863 -3.53131
67.618 -1.33838
67.7498 0.892179
67.8815 3.08359
68.0133 5.20428
68.145 7.19186
68.2768 8.90123
68.4085 10.1433
68.5403 10.7829
68.672 10.7993
68.8038 10.2577
68.9355 9.24
69.0673 7.83828
69.1991 6.24172
69.3308 4.82569
69.4626 4.09943
69.5943 4.46046
69.7261 5.87314
69.8578 7.69457
69.9896 8.81806
70.1213 8.12433
70.2531 5.04273
70.3848 -0.0572192
70.5166 -5.86395
70.6483 -10.5653
70.7801 -12.5826
70.9118 -11.2831
71.0436 -7.31604
71.1753 -2.36134
71.3071 1.62582
71.4388 3.29041
71.5706 2.39355
71.7023 -0.301468
71.8341 -3.64132
71.9658 -6.74768
72.0976 -9.30133
72.2294 -11.3391
72.3611 -12.837
72.4929 -13.48
72.6246 -12.8092
72.7564 -10.5899
72.8881 -7.06446
73.0199 -2.87999
73.1516 1.22964
73.2834 4.74041
73.4151 7.41672
73.5469 9.2012
73.6786 10.0993
73.8104 10.1886
73.9421 9.70358
74.0739 9.03705
74.2056 8.57731
74.3374 8.47599
74.4691 8.54021
74.6009 8.35727
74.7326 7.5718
74.8644 6.11621
74.9962 4.24492
75.1279 2.38127
75.2597 0.908088
75.3914 0.0286649
75.5232 -0.26484
75.6549 -0.153205
75.7867 0.0774883
75.9184 0.124684
76.0502 -0.225515
76.1819 -1.01643
76.3137 -2.11934
76.4454 -3.3251
76.5772 -4.46398
76.7089 -5.45911
76.8407 -6.28005
76.9724 -6.86241
77.1042 -7.0948
77.2359 -6.90286
77.3677 -6.34788
77.4994 -5.62316
77.6312 -4.91991
77.763 -4.26849
77.8947 -3.50519
78.0265 -2.41741
78.1582 -0.96024
78.29 0.636001
78.4217 1.96689
78.5535 2.69552
78.6852 2.75827
78.817 2.39484
78.9487 2.00058
79.0805 1.91643
79.2122 2.28433
79.344 3.02087
79.4757 3.88328
79.6075 4.57651
79.7392 4.86778
79.871 4.68677
80.0027 4.17726
80.1345 3.65799
80.2662 3.48385
80.398 3.86266
80.5297 4.72673
80.6615 5.73665
80.7933 6.41869
80.925 6.36365
81.0568 5.39259
81.1885 3.62519
81.3203 1.43504
81.452 -0.687032
81.5838 -2.315
81.7155 -3.2478
81.8473 -3.57371
81.979 -3.59853
82.1108 -3.67065
82.2425 -4.00447
82.3743 -4.60601
82.506 -5.32843
82.6378 -5.98959
82.7695 -6.45205
82.9013 -6.62495
83.033 -6.43447
83.1648 -5.83445
83.2965 -4.86682
83.4283 -3.70041
83.5601 -2.57258
83.6918 -1.64746
83.8236 -0.902029
83.9553 -0.150115
84.0871 0.798697
84.2188 1.97224
84.3506 3.2013
84.4823 4.24281
84.6141 4.94856
84.7458 5.33796
84.8776 5.53291
85.0093 5.63981
85.1411 5.69306
85.2728 5.68823
85.4046 5.63274
85.5363 5.53604
85.6681 5.35077
85.7998 4.95445
85.9316 4.23031
86.0633 3.19304
86.1951 2.03275
86.3269 1.01051
86.4586 0.281705
86.5904 -0.205632
86.7221 -0.637549
86.8539 -1.07104
86.9856 -1.49772
87.1174 -1.88909
87.2491 -2.3453
87.3809 -3.02165
87.5126 -3.98868
87.6444 -5.1322
87.7761 -5.98436
87.9079 -6.13582
88.0396 -5.52491
88.1714 -4.26026
88.3031 -2.88195
88.4349 -1.8943
88.5666 -1.34768
88.6984 -0.902422
88.8301 -0.414487
88.9619 0.288177
89.0936 1.22493
89.2254 2.18092
89.3572 2.97234
89.4889 3.52592
89.6207 3.76441
89.7524 3.38863
89.8842 2.50928
90.0159 1.2871
90.1477 0.146332
90.2794 -0.419751
90.4112 -0.157115
90.5429 0.752156
90.6747 1.88482
90.8064 2.83677
90.9382 3.30414
91.0699 3.41834
91.2017 3.13595
91.3334 2.60142
91.4652 1.82097
91.5969 0.712029
91.7287 -0.309572
91.8604 -1.03147
91.9922 -1.32399
92.124 -1.25969
92.2557 -1.04729
92.3875 -0.948169
92.5192 -0.924015
92.651 -0.963021
92.7827 -1.01611
92.9145 -1.07307
93.0462 -1.05257
93.178 -0.944067
93.3097 -0.758171
93.4415 -0.449377
93.5732 -0.256631
93.705 -0.163639
93.8367 -0.240568
93.9685 -0.446416
94.1002 -0.619084
94.232 -0.664711
94.3637 -0.57434
94.4955 -0.428159
94.6272 -0.315069
94.759 0.0920587
94.8908 0.542956
95.0225 0.89382
95.1543 1.17844
95.286 1.26913
95.4178 1.17078
95.5495 1.09197
95.6813 1.04206
95.813 0.970392
95.9448 0.772483
96.0765 0.376992
96.2083 -0.219319
96.34 -0.587361
96.4718 -0.744779
96.6035 -0.663469
96.7353 -0.413452
96.867 -0.210413
96.9988 -0.0472209
97.1305 0.269646
97.2623 0.738881
97.394 1.22611
97.5258 1.63668
97.6575 1.67618
97.7893 1.45645
97.9211 1.07371
98.0528 0.660415
98.1846 0.255826
98.3163 -0.118977
98.4481 -0.437549
98.5798 -0.61792
98.7116 -0.604519
98.8433 -0.444891
98.9751 -0.154162
99.1068 0.0798535
99.2386 0.0451978
99.3703 -0.0637436
99.5021 -0.105815
99.6338 -0.0744941
99.7656 -0.00877432
99.8973 -0.114287
100.029 -0.314543
100.161 -0.644998
100.293 -0.964853
100.424 -1.15314
100.556 -1.0723
100.688 -0.888299
100.82 -0.65025
100.951 -0.379277
101.083 -0.088341
101.215 0.272014
101.347 0.525714
101.478 0.701633
101.61 0.566942
101.742 0.382841
101.874 0.2234
102.005 0.0928847
102.137 0.160275
102.269 0.334594
102.401 0.504622
102.532 0.681327
102.664 0.669841
102.796 0.535887
102.928 0.503562
103.059 0.516142
103.191 0.446491
103.323 0.369043
103.455 0.329448
103.586 0.260711
103.718 0.260085
103.85 0.298242
103.982 0.353816
104.113 0.379964
104.245 0.374457
104.377 0.319897
104.509 0.21576
104.64 0.065231
104.772 -0.144496
104.904 -0.403761
105.036 -0.572868
105.167 -0.600324
105.299 -0.632535
105.431 -0.523216
105.563 -0.304216
105.694 -0.0850454
105.826 0.0368047
105.958 0.0466467
106.09 -0.0396698
106.221 -0.196328
106.353 -0.273903
106.485 -0.27535
106.617 -0.324953
106.748 -0.383796
106.88 -0.452334
107.012 -0.415962
107.144 -0.215094
107.275 0.126995
107.407 0.396476
107.539 0.59379
107.671 0.676759
107.802 0.74295
107.934 0.666228
108.066 0.550865
108.198 0.448084
108.329 0.396862
108.461 0.400743
108.593 0.219371
108.725 0.117438
108.856 0.104096
108.988 0.105819
109.12 0.124167
109.252 0.13355
109.384 0.0990025
109.515 0.0800983
109.647 0.0966549
109.779 0.0776213
109.911 0.0392641
110.042 -0.0496002
110.174 -0.124001
110.306 -0.151025
110.438 -0.263686
110.569 -0.303044
110.701 -0.299872
110.833 -0.333389
110.965 -0.454308
111.096 -0.49728
111.228 -0.466876
111.36 -0.423584
111.492 -0.313218
111.623 -0.108821
111.755 0.0956488
111.887 0.223745
112.019 0.338817
112.15 0.374829
112.282 0.337075
112.414 0.248257
112.546 0.13904
112.677 0.00502346
112.809 -0.0712319
112.941 0.00601294
113.073 0.0418871
113.204 0.0430957
113.336 -0.00660561
113.468 -0.0598524
113.6 -0.0651688
113.731 -0.0447941
113.863 -0.020097
113.995 -0.0137441
114.127 -0.011306
114.258 0.00328005
114.39 0.0322348
114.522 0.00978094
114.654 -0.0323958
114.785 -0.0375774
114.917 -0.0599303
115.049 -0.0773492
115.181 -0.0782577
115.312 -0.0489131
115.444 -0.0575147
115.576 -0.106879
115.708 -0.0415953
115.839 0.00288749
115.971 0.0527434
116.103 0.0173261
116.235 -0.00258171
116.366 0.00601719
116.498 -0.00761766
116.63 -0.0348517
116.762 -0.0433317
116.893 -0.028447
117.025 -0.0267839
117.157 -0.0201694
117.289 -0.0241029
117.42 -0.0195266
117.552 -0.0349287
117.684 -0.0413161
117.816 -0.0619538
117.947 -0.0217509
118.079 -0.0268449
118.211 -0.011267
118.343 -0.0191039
118.474 -0.0147882
118.606 -0.0324391
118.738 -0.0396735
118.87 -0.0191062
119.001 -0.00763963
119.133 0.015516
119.265 -0.0181564
119.397 -0.00398118
119.528 -0.0193343
119.66 -0.0234408
119.792 -0.0309693
119.924 -0.0336064
120.055 -0.0341617
120.187 -0.0219733
120.319 -0.00835486
120.451 0.0139745
120.582 -0.0265938
120.714 -0.0265938
120.846 -0.0265938
120.978 -0.0265938
121.109 -0.0265938
121.241 -0.0265938
121.373 -0.0265938
121.505 -0.0265938
121.636 -0.0265938
121.768 -0.0265938
121.9 -0.0265938
122.032 -0.0265938
122.163 -0.0265938
122.295 -0.0265938
122.427 -0.0265938
122.559 -0.0265938
122.69 -0.0265938
122.822 -0.0265938
122.954 -0.0265938
123.086 -0.0265938
123.217 -0.0265938
123.349 -0.0265938
123.481 -0.0265938
123.613 -0.0265938
123.745 -0.0265938
123.876 -0.0265938
124.008 -0.0265938
124.14 -0.0265938
124.272 -0.0265938
124.403 -0.0265938
124.535 -0.0265938
124.667 -0.0265938
124.799 -0.0265938
124.93 -0.0265938
125.062 -0.0265938
125.194 -0.0265938
125.326 -0.0265938
125.457 -0.0265938
125.589 -0.0265938
125.721 -0.0265938
125.853 -0.0265938
125.984 -0.0265938
126.116 -0.0265938
126.248 -0.0265938
126.38 -0.0265938
126.511 -0.0265938
126.643 -0.0265938
126.775 -0.0265938
126.907 -0.0265938
127.038 -0.0265938
127.17 -0.0265938
127.302 -0.0265938
127.434 -0.0265938
127.565 -0.0265938
127.697 -0.0265938
127.829 -0.0265938
127.961 -0.0265938
128.092 -0.0265938
128.224 -0.0265938
128.356 -0.0265938
128.488 -0.0265938
128.619 -0.0265938
128.751 -0.0265938
128.883 -0.0265938
129.015 -0.0265938
129.146 -0.0265938
129.278 -0.0265938
129.41 -0.0265938
129.542 -0.0265938
129.673 -0.0265938
129.805 -0.0265938
129.937 -0.0265938
130.069 -0.0265938
130.2 -0.0265938
130.332 -0.0265938
130.464 -0.0265938
130.596 -0.0265938
130.727 -0.0265938
130.859 -0.0265938
130.991 -0.0265938
131.123 -0.0265938
