-6.7001 -0.344422
-6.56835 -0.324773
-6.4366 -0.225605
-6.30484 -0.10002
-6.17309 0.056627
-6.04134 0.342643
-5.90959 0.722387
-5.77783 1.11283
-5.64608 1.30596
-5.51433 1.15291
-5.38258 0.714464
-5.25083 0.195627
-5.11907 -0.191546
-4.98732 -0.377436
-4.85557 -0.4477
-4.72382 -0.364559
-4.59206 -0.133611
-4.46031 0.208921
-4.32856 0.544684
-4.19681 0.699011
-4.06505 0.579019
-3.9333 0.282638
-3.80155 0.0466778
-3.6698 0.0534891
-3.53805 0.269656
-3.40629 0.478628
-3.27454 0.487476
-3.14279 0.312224
-3.01104 0.158982
-2.87928 0.216368
-2.74753 0.463755
-2.61578 0.687048
-2.48403 0.692458
-2.35228 0.483152
-2.22052 0.268428
-2.08877 0.247008
-1.95702 0.422853
-1.82527 0.615236
-1.69351 0.646629
-1.56176 0.510335
-1.43001 0.351176
-1.29826 0.294016
-1.1665 0.31182
-1.03475 0.273576
-0.903 0.112081
-0.771247 -0.0738647
-0.639495 -0.120393
-0.507743 0.0125131
-0.37599 0.184729
-0.244238 0.206087
-0.112486 0.037968
0.0192665 -0.150801
0.151019 -0.143043
0.282771 0.110594
0.414523 0.443729
0.546276 0.648491
0.678028 0.690113
0.80978 0.730526
0.941533 0.926886
1.07328 1.21425
1.20504 1.31292
1.33679 0.977384
1.46854 0.250222
1.60029 -0.535128
1.73205 -1.01597
1.8638 -1.07881
1.99555 -0.893819
2.1273 -0.692412
2.25906 -0.528555
2.39081 -0.264978
2.52256 0.220939
2.65431 0.847822
2.78606 1.36726
2.91782 1.58673
3.04957 1.53576
3.18132 1.39648
3.31307 1.27998
3.44483 1.10302
3.57658 0.710701
3.70833 0.114411
3.84008 -0.430146
3.97184 -0.621814
4.10359 -0.404761
4.23534 -0.0443293
4.36709 0.11404
4.49884 -0.0257354
4.6306 -0.228479
4.76235 -0.185983
4.8941 0.145107
5.02585 0.479588
5.15761 0.492091
5.28936 0.167105
5.42111 -0.155809
5.55286 -0.102565
5.68462 0.365928
5.81637 0.908706
5.94812 1.12831
6.07987 0.930985
6.21162 0.561714
6.34338 0.300522
6.47513 0.165066
6.60688 -0.0515547
6.73863 -0.455863
6.87039 -0.822998
7.00214 -0.75842
7.13389 -0.122668
7.26564 0.730727
7.3974 1.20249
7.52915 0.983274
7.6609 0.353094
7.79265 -0.0757173
7.9244 0.0615539
8.05616 0.552469
8.18791 0.859498
8.31966 0.691878
8.45141 0.301429
8.58317 0.191102
8.71492 0.545719
8.84667 1.00107
8.97842 1.02018
9.11018 0.491689
9.24193 -0.102209
9.37368 -0.168804
9.50543 0.343322
9.63718 0.832951
9.76894 0.652759
9.90069 -0.159972
10.0324 -0.816233
10.1642 -0.519742
10.2959 0.683419
10.4277 1.82838
10.5595 1.85972
10.6912 0.557789
10.823 -1.38266
10.9547 -3.19125
11.0865 -4.81638
11.2182 -6.64808
11.35 -8.25534
11.4817 -7.4894
11.6135 -1.37405
11.7452 11.2426
11.877 27.1157
12.0087 38.4682
12.1405 36.2163
12.2722 15.0876
12.404 -22.3457
12.5357 -65.213
12.6675 -97.9452
12.7992 -106.312
12.931 -83.3158
13.0627 -32.645
13.1945 31.666
13.3262 89.5881
13.458 122.327
13.5898 119.825
13.7215 85.0656
13.8533 32.5739
13.985 -18.6411
14.1168 -54.0467
14.2485 -69.3153
14.3803 -69.6245
14.512 -63.6561
14.6438 -56.9701
14.7755 -49.4391
14.9073 -37.8762
15.039 -20.8124
15.1708 -1.00105
15.3025 16.351
15.4343 27.6873
15.566 33.6435
15.6978 37.7721
15.8295 42.7744
15.9613 47.7694
16.093 49.0315
16.2248 43.3716
16.3566 30.9965
16.4883 15.3319
16.6201 0.204025
16.7518 -12.8607
16.8836 -24.7726
17.0153 -36.5752
17.1471 -47.1428
17.2788 -53.2327
17.4106 -51.9424
17.5423 -43.3239
17.6741 -30.7567
17.8058 -18.7175
17.9376 -9.86684
18.0693 -3.83394
18.2011 1.55778
18.3328 7.99036
18.4646 15.3271
18.5963 22.1352
18.7281 27.1702
18.8598 30.2628
18.9916 31.9126
19.1234 32.2789
19.2551 30.7712
19.3869 26.6877
19.5186 20.1963
19.6504 12.5932
19.7821 5.5076
19.9139 -0.222661
20.0456 -4.97048
20.1774 -9.68783
20.3091 -14.8604
20.4409 -20.0095
20.5726 -24.1166
20.7044 -26.4726
20.8361 -27.1354
20.9679 -26.6485
21.0996 -25.4084
21.2314 -23.3382
21.3631 -20.1393
21.4949 -15.7825
21.6266 -10.7172
21.7584 -5.51138
21.8901 -0.491259
22.0219 4.43736
22.1537 9.46858
22.2854 14.4599
22.4172 18.82
22.5489 21.8476
22.6807 23.2174
22.8124 23.1722
22.9442 22.266
23.0759 20.9042
23.2077 19.0901
23.3394 16.572
23.4712 13.218
23.6029 9.26409
23.7347 5.21396
23.8664 1.48442
23.9982 -1.89959
24.1299 -5.30551
24.2617 -9.17779
24.3934 -13.6281
24.5252 -18.2095
24.6569 -22.0215
24.7887 -24.0845
24.9205 -23.78
25.0522 -21.1364
25.184 -16.8423
25.3157 -12.0007
25.4475 -7.7405
25.5792 -4.83692
25.711 -3.46958
25.8427 -3.19961
25.9745 -3.18038
26.1062 -2.53635
26.238 -0.75846
26.3697 2.07852
26.5015 5.41107
26.6332 8.55592
26.765 11.1229
26.8967 13.1833
27.0285 15.0648
27.1602 16.9338
27.292 18.5105
27.4237 19.179
27.5555 18.4238
27.6873 16.2403
27.819 13.1638
27.9508 9.88412
28.0825 6.76831
28.2143 3.69648
28.346 0.331826
28.4778 -3.4398
28.6095 -7.30515
28.7413 -10.7222
28.873 -13.3093
29.0048 -15.0503
29.1365 -16.1448
29.2683 -16.694
29.4 -16.5696
29.5318 -15.6063
29.6635 -13.9086
29.7953 -11.9209
29.927 -10.1379
30.0588 -8.70043
30.1905 -7.26745
30.3223 -5.31426
30.454 -2.60723
30.5858 0.565097
30.7176 3.60048
30.8493 6.02497
30.9811 7.7658
31.1128 9.03738
31.2446 10.0206
31.3763 10.6673
31.5081 10.8134
31.6398 10.4423
31.7716 9.79199
31.9033 9.18181
32.0351 8.72626
32.1668 8.26403
32.2986 7.55842
32.4303 6.58287
32.5621 5.58247
32.6938 4.83576
32.8256 4.34872
32.9573 3.79002
33.0891 2.74339
33.2208 1.04468
33.3526 -1.10313
33.4844 -3.317
33.6161 -5.31322
33.7479 -7.00968
33.8796 -8.39835
34.0114 -9.38772
34.1431 -9.83172
34.2749 -9.72826
34.4066 -9.34538
34.5384 -9.07245
34.6701 -9.07827
34.8019 -9.09665
34.9336 -8.58936
35.0654 -7.19549
35.1971 -5.08654
35.3289 -2.89837
35.4606 -1.27404
35.5924 -0.395024
35.7241 0.114187
35.8559 0.85246
35.9876 2.18285
36.1194 4.02061
36.2512 5.98589
36.3829 7.72008
36.5147 9.07258
36.6464 10.0474
36.7782 10.6442
36.9099 10.7948
37.0417 10.4508
37.1734 9.6971
37.3052 8.7407
37.4369 7.76819
37.5687 6.8082
37.7004 5.73216
37.8322 4.38721
37.9639 2.73232
38.0957 0.863995
38.2274 -1.0605
38.3592 -2.903
38.4909 -4.55628
38.6227 -5.91535
38.7544 -6.88447
38.8862 -7.43978
39.0179 -7.67857
39.1497 -7.77547
39.2815 -7.85682
39.4132 -7.90047
39.545 -7.75992
39.6767 -7.29755
39.8085 -6.50603
39.9402 -5.50984
40.072 -4.45787
40.2037 -3.42052
40.3355 -2.38715
40.4672 -1.35599
40.599 -0.355547
40.7307 0.541746
40.8625 1.33253
40.9942 2.10634
41.126 2.97047
41.2577 3.93697
41.3895 4.88978
41.5212 5.67406
41.653 6.22322
41.7847 6.59642
41.9165 6.88863
42.0483 7.10663
42.18 7.14103
42.3118 6.8666
42.4435 6.27167
42.5753 5.48724
42.707 4.68796
42.8388 3.96349
42.9705 3.28109
43.1023 2.55965
43.234 1.76303
43.3658 0.914316
43.4975 0.0329533
43.6293 -0.911256
43.761 -1.95457
43.8928 -3.04535
44.0245 -4.01476
44.1563 -4.67446
44.288 -4.96807
44.4198 -5.02926
44.5515 -5.07487
44.6833 -5.2206
44.8151 -5.38936
44.9468 -5.39828
45.0786 -5.13808
45.2103 -4.66935
45.3421 -4.14652
45.4738 -3.65621
45.6056 -3.14363
45.7373 -2.50804
45.8691 -1.76654
46.0008 -1.09977
46.1326 -0.696832
46.2643 -0.51688
46.3961 -0.191074
46.5278 0.805071
46.6596 2.79399
46.7913 5.59174
46.9231 8.46844
47.0548 10.4147
47.1866 10.5814
47.3183 8.68717
47.4501 5.21995
47.5818 1.33749
47.7136 -1.53305
47.8454 -2.27785
47.9771 -0.620489
48.1089 2.69669
48.2406 6.2293
48.3724 8.52108
48.5041 8.78626
48.6359 7.18039
48.7676 4.52411
48.8994 1.71748
49.0311 -0.726926
49.1629 -2.7478
49.2946 -4.45909
49.4264 -5.85158
49.5581 -6.74489
49.6899 -6.98857
49.8216 -6.67277
49.9534 -6.12008
50.0851 -5.6581
50.2169 -5.38611
50.3486 -5.14712
50.4804 -4.71507
50.6122 -4.00991
50.7439 -3.14614
50.8757 -2.29553
51.0074 -1.52053
51.1392 -0.744707
51.2709 0.124947
51.4027 1.06147
51.5344 1.90983
51.6662 2.51421
51.7979 2.85338
51.9297 3.05473
52.0614 3.27956
52.1932 3.59184
52.3249 3.92614
52.4567 4.16671
52.5884 4.24841
52.7202 4.18629
52.8519 4.02493
52.9837 3.77769
53.1154 3.42371
53.2472 2.96025
53.379 2.44817
53.5107 1.99729
53.6425 1.69992
53.7742 1.56903
53.906 1.52892
54.0377 1.45794
54.1695 1.24591
54.3012 0.832958
54.433 0.223655
54.5647 -0.513331
54.6965 -1.25724
54.8282 -1.86688
54.96 -2.23262
55.0917 -2.32798
55.2235 -2.229
55.3552 -2.08547
55.487 -2.05692
55.6187 -2.24484
55.7505 -2.64863
55.8822 -3.15865
56.014 -3.59005
56.1457 -3.75355
56.2775 -3.54251
56.4093 -2.99291
56.541 -2.27019
56.6728 -1.57564
56.8045 -1.02709
56.9363 -0.600196
57.068 -0.183513
57.1998 0.329079
57.3315 0.927472
57.4633 1.5173
57.595 2.01703
57.7268 2.43531
57.8585 2.84717
57.9903 3.29346
58.122 3.70977
58.2538 3.96674
58.3855 3.99135
58.5173 3.84994
58.649 3.70162
58.7808 3.65505
58.9125 3.66083
59.0443 3.54588
59.1761 3.16419
59.3078 2.52746
59.4396 1.79784
59.5713 1.1553
59.7031 0.666837
59.8348 0.27346
59.9666 -0.111082
60.0983 -0.502857
60.2301 -0.851821
60.3618 -1.13284
60.4936 -1.4144
60.6253 -1.81913
60.7571 -2.4061
60.8888 -3.09112
61.0206 -3.6884
61.1523 -4.03741
61.2841 -4.09682
61.4158 -3.92529
61.5476 -3.58583
61.6793 -3.08439
61.8111 -2.4084
61.9429 -1.61563
62.0746 -0.862408
62.2064 -0.317951
62.3381 -0.0345741
62.4699 0.117221
62.6016 0.337959
62.7334 0.79228
62.8651 1.41703
62.9969 2.11429
63.1286 2.69945
63.2604 3.11777
63.3921 3.38838
63.5239 3.53213
63.6556 3.5818
63.7874 3.56358
63.9191 3.47236
64.0509 3.40268
64.1826 3.35248
64.3144 3.25838
64.4461 2.90541
64.5779 2.2835
64.7096 1.43773
64.8414 0.547711
64.9732 -0.215186
65.1049 -0.747867
65.2367 -1.07703
65.3684 -1.22909
65.5002 -1.25396
65.6319 -1.2472
65.7637 -1.18681
65.8954 -1.21242
66.0272 -1.31064
66.1589 -1.46125
66.2907 -1.54116
66.4224 -1.47959
66.5542 -1.3786
66.6859 -1.22103
66.8177 -1.22862
66.9494 -1.43229
67.0812 -1.6934
67.2129 -1.80051
67.3447 -1.60213
67.4764 -1.24427
67.6082 -0.811299
67.74 -0.408516
67.8717 -0.00407761
68.0035 0.423268
68.1352 0.9454
68.267 1.38421
68.3987 1.6527
68.5305 1.72882
68.6622 1.67153
68.794 1.52112
68.9257 1.46969
69.0575 1.47734
69.1892 1.55693
69.321 1.69343
69.4527 1.82004
69.5845 1.9909
69.7162 2.05004
69.848 1.92111
69.9797 1.63173
70.1115 1.15822
70.2432 0.720201
70.375 0.414272
70.5068 0.229845
70.6385 0.036886
70.7703 -0.169707
70.902 -0.400608
71.0338 -0.585457
71.1655 -0.756673
71.2973 -0.851512
71.429 -1.0203
71.5608 -1.20705
71.6925 -1.37994
71.8243 -1.40989
71.956 -1.20835
72.0878 -0.887174
72.2195 -0.515863
72.3513 -0.23582
72.483 -0.129846
72.6148 -0.0925335
72.7465 -0.0606707
72.8783 -0.0299114
73.01 0.0178475
73.1418 0.0644622
73.2735 0.121766
73.4053 0.203306
73.5371 0.219304
73.6688 0.209339
73.8006 0.132194
73.9323 0.0940522
74.0641 0.217712
74.1958 0.556973
74.3276 0.939625
74.4593 1.30903
74.5911 1.39268
74.7228 1.28931
74.8546 1.1939
74.9863 1.07425
75.1181 0.963716
75.2498 0.725788
75.3816 0.377413
75.5133 0.0230367
75.6451 -0.113903
75.7768 -0.0159562
75.9086 0.176556
76.0403 0.330541
76.1721 0.368695
76.3039 0.325985
76.4356 0.231366
76.5674 0.129431
76.6991 0.062681
76.8309 -0.0184916
76.9626 -0.111286
77.0944 -0.192074
77.2261 -0.249689
77.3579 -0.297631
77.4896 -0.343634
77.6214 -0.416103
77.7531 -0.460994
77.8849 -0.521512
78.0166 -0.514492
78.1484 -0.516846
78.2801 -0.382948
78.4119 -0.256152
78.5436 -0.116085
78.6754 0.0813782
78.8071 0.301866
78.9389 0.438894
79.0706 0.446242
79.2024 0.414632
79.3342 0.337998
79.4659 0.286069
79.5977 0.367887
79.7294 0.484777
79.8612 0.568646
79.9929 0.552071
80.1247 0.447902
80.2564 0.348664
80.3882 0.307381
80.5199 0.328238
80.6517 0.368799
80.7834 0.349581
80.9152 0.359725
81.0469 0.331486
81.1787 0.35387
81.3104 0.359935
81.4422 0.355528
81.5739 0.378058
81.7057 0.386115
81.8374 0.331359
81.9692 0.231793
82.101 0.0983129
82.2327 -0.0871502
82.3645 -0.199022
82.4962 -0.205584
82.628 -0.158557
82.7597 -0.0886491
82.8915 -0.123103
83.0232 -0.12866
83.155 -0.112625
83.2867 -0.0762871
83.4185 0.0185585
83.5502 0.0776308
83.682 0.175248
83.8137 0.23984
83.9455 0.25968
84.0772 0.216765
84.209 0.132926
84.3407 0.0127666
84.4725 -0.0481182
84.6042 -0.0722617
84.736 -0.0243723
84.8678 0.058308
84.9995 0.0876635
85.1313 0.0226229
85.263 -0.0594024
85.3948 -0.0630825
85.5265 0.0651364
85.6583 0.221759
85.79 0.412567
85.9218 0.461598
86.0535 0.3817
86.1853 0.23359
86.317 0.141859
86.4488 0.132867
86.5805 0.176229
86.7123 0.167807
86.844 0.125128
86.9758 0.0808221
87.1075 0.071783
87.2393 0.075944
87.371 0.0766369
87.5028 0.0885752
87.6345 0.0567067
87.7663 0.0264571
87.8981 0.0226263
88.0298 0.101544
88.1616 0.1535
88.2933 0.123924
88.4251 0.0749717
88.5568 0.00764213
88.6886 -0.0212576
88.8203 -0.0621388
88.9521 -0.149709
89.0838 -0.250947
89.2156 -0.313141
89.3473 -0.303923
89.4791 -0.146204
89.6108 0.0721967
89.7426 0.296249
89.8743 0.464877
90.0061 0.499945
90.1378 0.433264
90.2696 0.298396
90.4013 0.106513
90.5331 -0.112682
90.6649 -0.228439
90.7966 -0.230619
90.9284 -0.136786
91.0601 -0.0329649
91.1919 0.0802708
91.3236 0.150484
91.4554 0.190904
91.5871 0.197428
91.7189 0.15133
91.8506 0.0823205
91.9824 0.00378924
92.1141 -0.0488285
92.2459 -0.028106
92.3776 -0.0367424
92.5094 -0.0354255
92.6411 0.0113549
92.7729 0.0569806
92.9046 0.0198901
93.0364 0.0034558
93.1681 0.00782799
93.2999 0.059726
93.4317 0.0783654
93.5634 0.0766203
93.6952 0.0447363
93.8269 0.017242
93.9587 -0.0113683
94.0904 0.00905361
94.2222 0.0228719
94.3539 0.0199861
94.4857 0.0175713
94.6174 0.0155987
94.7492 0.0128081
94.8809 -0.00693399
95.0127 -0.0338922
95.1444 -0.00248996
95.2762 0.0183772
95.4079 0.0315211
95.5397 0.0442575
95.6714 0.054205
95.8032 0.0589987
95.9349 0.0568591
96.0667 0.0478452
96.1984 0.0348698
96.3302 0.023265
96.462 0.0184808
96.5937 0.0229463
96.7255 0.0341393
96.8572 0.0455402
96.989 0.0503579
97.1207 0.0458107
97.2525 0.0349711
97.3842 0.0246235
97.516 0.0155945
97.6477 0.0163768
97.7795 0.0208887
97.9112 0.024914
98.043 0.0256684
98.1747 0.0240588
98.3065 0.0233581
98.4382 0.0255603
98.57 0.0290409
98.7017 0.0300663
98.8335 0.0269582
98.9652 0.0228197
99.097 0.0236461
99.2288 0.026358
99.3605 0.026358
99.4923 0.026358
99.624 0.026358
99.7558 0.026358
99.8875 0.026358
100.019 0.026358
100.151 0.026358
100.283 0.026358
100.415 0.026358
100.546 0.026358
100.678 0.026358
100.81 0.026358
100.942 0.026358
101.073 0.026358
101.205 0.026358
101.337 0.026358
101.469 0.026358
101.6 0.026358
101.732 0.026358
101.864 0.026358
101.996 0.026358
102.127 0.026358
102.259 0.026358
102.391 0.026358
102.523 0.026358
102.654 0.026358
102.786 0.026358
102.918 0.026358
103.05 0.026358
103.181 0.026358
103.313 0.026358
103.445 0.026358
103.577 0.026358
103.708 0.026358
103.84 0.026358
103.972 0.026358
104.104 0.026358
104.235 0.026358
104.367 0.026358
104.499 0.026358
104.631 0.026358
104.762 0.026358
104.894 0.026358
105.026 0.026358
105.158 0.026358
105.289 0.026358
105.421 0.026358
105.553 0.026358
105.685 0.026358
105.816 0.026358
105.948 0.026358
106.08 0.026358
106.212 0.026358
106.343 0.026358
106.475 0.026358
106.607 0.026358
106.739 0.026358
106.87 0.026358
107.002 0.026358
107.134 0.026358
107.266 0.026358
107.397 0.026358
107.529 0.026358
107.661 0.026358
107.793 0.026358
107.924 0.026358
108.056 0.026358
108.188 0.026358
108.32 0.026358
108.451 0.026358
108.583 0.026358
108.715 0.026358
108.847 0.026358
108.978 0.026358
109.11 0.026358
109.242 0.026358
109.374 0.026358
109.505 0.026358
109.637 0.026358
109.769 0.026358
109.901 0.026358
110.032 0.026358
110.164 0.026358
110.296 0.026358
110.428 0.026358
110.559 0.026358
110.691 0.026358
110.823 0.026358
110.955 0.026358
111.086 0.026358
111.218 0.026358
111.35 0.026358
111.482 0.026358
111.613 0.026358
111.745 0.026358
111.877 0.026358
112.009 0.026358
112.14 0.026358
112.272 0.026358
112.404 0.026358
112.536 0.026358
112.667 0.026358
112.799 0.026358
112.931 0.026358
113.063 0.026358
113.194 0.026358
113.326 0.026358
113.458 0.026358
113.59 0.026358
113.722 0.026358
113.853 0.026358
113.985 0.026358
114.117 0.026358
114.249 0.026358
114.38 0.026358
114.512 0.026358
114.644 0.026358
114.776 0.026358
114.907 0.026358
115.039 0.026358
115.171 0.026358
115.303 0.026358
115.434 0.026358
115.566 0.026358
115.698 0.026358
115.83 0.026358
115.961 0.026358
116.093 0.026358
116.225 0.026358
116.357 0.026358
116.488 0.026358
116.62 0.026358
116.752 0.026358
116.884 0.026358
117.015 0.026358
117.147 0.026358
117.279 0.026358
117.411 0.026358
117.542 0.026358
117.674 0.026358
117.806 0.026358
117.938 0.026358
118.069 0.026358
118.201 0.026358
118.333 0.026358
118.465 0.026358
118.596 0.026358
118.728 0.026358
118.86 0.026358
118.992 0.026358
119.123 0.026358
119.255 0.026358
119.387 0.026358
119.519 0.026358
119.65 0.026358
119.782 0.026358
119.914 0.026358
120.046 0.026358
120.177 0.026358
120.309 0.026358
120.441 0.026358
120.573 0.026358
120.704 0.026358
120.836 0.026358
120.968 0.026358
121.1 0.026358
121.231 0.026358
121.363 0.026358
121.495 0.026358
121.627 0.026358
121.758 0.026358
121.89 0.026358
122.022 0.026358
122.154 0.026358
122.285 0.026358
122.417 0.026358
122.549 0.026358
122.681 0.026358
122.812 0.026358
122.944 0.026358
123.076 0.026358
123.208 0.026358
123.339 0.026358
123.471 0.026358
123.603 0.026358
123.735 0.026358
123.866 0.026358
123.998 0.026358
124.13 0.026358
124.262 0.026358
124.393 0.026358
124.525 0.026358
124.657 0.026358
124.789 0.026358
124.92 0.026358
125.052 0.026358
125.184 0.026358
125.316 0.026358
125.447 0.026358
125.579 0.026358
125.711 0.026358
125.843 0.026358
125.974 0.026358
126.106 0.026358
126.238 0.026358
126.37 0.026358
126.501 0.026358
126.633 0.026358
126.765 0.026358
126.897 0.026358
127.028 0.026358
127.16 0.026358
127.292 0.026358
127.424 0.026358
127.555 0.026358
127.687 0.026358
127.819 0.026358
127.951 0.026358
128.083 0.026358
