-6.06807 -0.123874
-5.93632 -0.0723645
-5.80457 0.0162451
-5.67281 0.0326952
-5.54106 0.0431977
-5.40931 -0.00671805
-5.27756 -0.0397197
-5.14581 -0.143236
-5.01405 -0.208062
-4.8823 -0.191695
-4.75055 -0.130015
-4.6188 -0.0633829
-4.48704 0.00911735
-4.35529 0.0282242
-4.22354 -0.0060825
-4.09179 -0.0192134
-3.96003 0.0417835
-3.82828 0.122158
-3.69653 0.172629
-3.56478 0.090367
-3.43303 -0.123532
-3.30127 -0.240966
-3.16952 -0.253566
-3.03777 -0.139653
-2.90602 0.0216369
-2.77426 0.199598
-2.64251 0.341138
-2.51076 0.417426
-2.37901 0.421112
-2.24725 0.315584
-2.1155 0.216169
-1.98375 0.0470518
-1.852 0.000628831
-1.72025 -0.00364134
-1.58849 0.00971136
-1.45674 0.0394124
-1.32499 -0.0516739
-1.19324 -0.0841979
-1.06148 -0.112781
-0.929731 -0.0543578
-0.797979 0.0472176
-0.666227 0.10324
-0.534474 0.14919
-0.402722 0.129603
-0.27097 0.121093
-0.139217 0.0927272
-0.00746514 0.137752
0.124287 0.161785
0.256039 0.158562
0.387792 0.173355
0.519544 0.131983
0.651296 0.0863624
0.783049 0.0345461
0.914801 0.0241647
1.04655 0.0830854
1.17831 0.0529806
1.31006 -0.0474278
1.44181 -0.074452
1.57356 -0.10951
1.70531 -0.0348156
1.83707 0.0651115
1.96882 0.168816
2.10057 0.283028
2.23232 0.339672
2.36408 0.344141
2.49583 0.279082
2.62758 0.221818
2.75933 0.133385
2.89109 0.0701222
3.02284 0.0721986
3.15459 0.132639
3.28634 0.145827
3.41809 0.123043
3.54985 0.00214182
3.6816 -0.00304132
3.81335 0.0406855
3.9451 0.136626
4.07686 0.185858
4.20861 0.220033
4.34036 0.150081
4.47211 -0.00174707
4.60387 -0.122206
4.73562 -0.175049
4.86737 -0.0570799
4.99912 0.104888
5.13087 0.306511
5.26263 0.436575
5.39438 0.604937
5.52613 0.631369
5.65788 0.510659
5.78964 0.287711
5.92139 0.0600062
6.05314 -0.123984
6.18489 -0.248724
6.31665 -0.278322
6.4484 -0.291032
6.58015 -0.166808
6.7119 -0.168772
6.84365 -0.148824
6.97541 -0.125941
7.10716 0.0268417
7.23891 0.108811
7.37066 0.216612
7.50242 0.198473
7.63417 0.0792157
7.76592 -0.127892
7.89767 -0.179087
8.02943 0.0251143
8.16118 0.365231
8.29293 0.708634
8.42468 0.899371
8.55643 0.955673
8.68819 0.791341
8.81994 0.508412
8.95169 0.226864
9.08344 -0.0745288
9.2152 -0.226778
9.34695 -0.203149
9.4787 -0.0626096
9.61045 0.11146
9.74221 0.290173
9.87396 0.346487
10.0057 0.390442
10.1375 0.388517
10.2692 0.426174
10.401 0.484065
10.5327 0.394946
10.6645 0.246117
10.7962 0.0546619
10.928 -0.113964
11.0597 -0.118884
11.1915 0.032536
11.3232 0.135588
11.455 0.127034
11.5867 -0.109349
11.7185 -0.400894
11.8502 -0.522433
11.982 -0.426938
12.1137 -0.173684
12.2455 0.00156813
12.3773 0.0161296
12.509 -0.0748308
12.6408 -0.105969
12.7725 0.124176
12.9043 0.327126
13.036 0.588042
13.1678 0.938076
13.2995 1.1319
13.4313 1.31526
13.563 1.41483
13.6948 1.35826
13.8265 1.11835
13.9583 0.68913
14.09 0.148936
14.2218 -0.213673
14.3535 -0.376397
14.4853 -0.271178
14.617 -0.120767
14.7488 -0.0222306
14.8805 -0.0526824
15.0123 -0.0317137
15.1441 0.00747369
15.2758 0.0810878
15.4076 0.000796047
15.5393 -0.147206
15.6711 -0.258241
15.8028 -0.152757
15.9346 0.125659
16.0663 0.329615
16.1981 0.454457
16.3298 0.478178
16.4616 0.362246
16.5933 0.268897
16.7251 0.163886
16.8568 -0.089887
16.9886 -0.425443
17.1203 -0.849686
17.2521 -1.08786
17.3838 -0.938195
17.5156 -0.567089
17.6473 -0.0393426
17.7791 0.274346
17.9108 0.531057
18.0426 0.902065
18.1744 1.40921
18.3061 1.88154
18.4379 2.19848
18.5696 2.19164
18.7014 1.94557
18.8331 1.60458
18.9649 1.13011
19.0966 0.607931
19.2284 -0.0174937
19.3601 -0.675943
19.4919 -1.04478
19.6236 -0.895858
19.7554 -0.446865
19.8871 0.117874
20.0189 0.377858
20.1506 0.259619
20.2824 -0.0354588
20.4141 -0.340833
20.5459 -0.589483
20.6776 -0.657547
20.8094 -0.759768
20.9412 -0.728307
21.0729 -0.398552
21.2047 0.293353
21.3364 1.02624
21.4682 1.58236
21.5999 1.57422
21.7317 1.03172
21.8634 0.311923
21.9952 -0.188245
22.1269 -0.398293
22.2587 -0.327153
22.3904 -0.281516
22.5222 -0.219312
22.6539 -0.0558345
22.7857 0.196577
22.9174 0.412152
23.0492 0.523912
23.1809 0.38207
23.3127 0.224073
23.4444 0.267125
23.5762 0.648292
23.7079 1.18185
23.8397 1.60853
23.9715 1.77302
24.1032 1.70456
24.235 1.50834
24.3667 1.26797
24.4985 0.834917
24.6302 0.234017
24.762 -0.378954
24.8937 -0.720395
25.0255 -0.628322
25.1572 -0.232804
25.289 0.0478536
25.4207 -0.0561732
25.5525 -0.508052
25.6842 -0.997506
25.816 -1.22326
25.9477 -1.12659
26.0795 -0.863421
26.2112 -0.578576
26.343 -0.242915
26.4747 0.271303
26.6065 0.972082
26.7383 1.64343
26.87 1.99025
27.0018 1.89355
27.1335 1.50897
27.2653 1.10311
27.397 0.801417
27.5288 0.516704
27.6605 0.128568
27.7923 -0.296989
27.924 -0.512412
28.0558 -0.338993
28.1875 0.1016
28.3193 0.449289
28.451 0.437789
28.5828 0.171935
28.7145 0.0489557
28.8463 0.372093
28.978 1.03027
29.1098 1.57326
29.2415 1.62409
29.3733 1.2259
29.5051 0.777201
29.6368 0.620671
29.7686 0.701414
29.9003 0.641285
30.0321 0.151421
30.1638 -0.640676
30.2956 -1.28547
30.4273 -1.43133
30.5591 -1.14265
30.6908 -0.798129
30.8226 -0.68546
30.9543 -0.716529
31.0861 -0.552364
31.2178 0.00522236
31.3496 0.773305
31.4813 1.34997
31.6131 1.50251
31.7448 1.37059
31.8766 1.27739
32.0083 1.36251
32.1401 1.43813
32.2718 1.22292
32.4036 0.693933
32.5354 0.162026
32.6671 -0.027936
32.7989 0.140541
32.9306 0.325723
33.0624 0.18017
33.1941 -0.275029
33.3259 -0.649903
33.4576 -0.567671
33.5894 -0.0350892
33.7211 0.580956
33.8529 0.934066
33.9846 1.02083
34.1164 1.10055
34.2481 1.31559
34.3799 1.45554
34.5116 1.15911
34.6434 0.357228
34.7751 -0.53957
34.9069 -0.966717
35.0386 -0.751597
35.1704 -0.312786
35.3022 -0.267618
35.4339 -0.813767
35.5657 -1.51069
35.6974 -1.69938
35.8292 -1.14491
35.9609 -0.246993
36.0927 0.394099
36.2244 0.595341
36.3562 0.73603
36.4879 1.27661
36.6197 2.1762
36.7514 2.8594
36.8832 2.80044
37.0149 2.10888
37.1467 1.46164
37.2784 1.40717
37.4102 1.76305
37.5419 1.77696
37.6737 0.930567
37.8054 -0.446165
37.9372 -1.43572
38.069 -1.45069
38.2007 -0.860605
38.3325 -0.628179
38.4642 -1.27823
38.596 -2.26726
38.7277 -2.46654
38.8595 -1.3246
38.9912 0.484086
39.123 1.6487
39.2547 1.50298
39.3865 0.684125
39.5182 0.446887
39.65 1.30587
39.7817 2.4345
39.9135 2.51439
40.0452 1.19996
40.177 -0.365042
40.3087 -0.629467
40.4405 0.720033
40.5722 2.27975
40.704 2.22243
40.8357 0.107105
40.9675 -2.69173
41.0993 -4.44697
41.231 -4.86975
41.3628 -5.12829
41.4945 -5.79342
41.6263 -4.87375
41.758 1.40568
41.8898 14.8143
42.0215 31.3041
42.1533 41.0686
42.285 33.6367
42.4168 4.92386
42.5485 -38.8243
42.6803 -83.1029
42.812 -111.673
42.9438 -113.114
43.0755 -83.9977
43.2073 -28.7214
43.339 41.6951
43.4708 110.585
43.6025 157.828
43.7343 165.472
43.8661 126.092
43.9978 49.0719
44.1296 -40.9208
44.2613 -114.497
44.3931 -151.566
44.5248 -149.797
44.6566 -122.061
44.7883 -85.4169
44.9201 -50.2873
45.0518 -17.4755
45.1836 16.3403
45.3153 50.9338
45.4471 79.9587
45.5788 95.3771
45.7106 94.2192
45.8423 81.1557
45.9741 64.5676
46.1058 49.8541
46.2376 36.0246
46.3693 18.3154
46.5011 -5.97688
46.6329 -33.8919
46.7646 -58.4399
46.8964 -73.5848
47.0281 -77.9627
47.1599 -74.4017
47.2916 -66.412
47.4234 -55.3295
47.5551 -40.5863
47.6869 -22.2166
47.8186 -2.60796
47.9504 14.4383
48.0821 26.3869
48.2139 33.6917
48.3456 38.8897
48.4774 43.9942
48.6091 48.6734
48.7409 50.7824
48.8726 48.5006
49.0044 41.9288
49.1361 32.7719
49.2679 22.7099
49.3996 12.2224
49.5314 0.939123
49.6632 -11.0786
49.7949 -22.6098
49.9267 -31.8831
50.0584 -37.8581
50.1902 -40.8509
50.3219 -41.9107
50.4537 -41.6537
50.5854 -39.7533
50.7172 -35.5372
50.8489 -28.9825
50.9807 -21.0419
51.1124 -12.9857
51.2442 -5.47002
51.3759 1.72062
51.5077 9.05583
51.6394 16.4717
51.7712 23.2368
51.9029 28.557
52.0347 32.2183
52.1664 34.5669
52.2982 35.8685
52.43 35.7788
52.5617 33.5432
52.6935 28.7683
52.8252 21.9799
52.957 14.3738
53.0887 6.97222
53.2205 -0.000768409
53.3522 -6.9302
53.484 -14.0249
53.6157 -20.7369
53.7475 -25.9707
53.8792 -28.8854
54.011 -29.5344
54.1427 -28.7682
54.2745 -27.5407
54.4062 -26.2715
54.538 -24.7699
54.6697 -22.6312
54.8015 -19.6054
54.9332 -15.5978
55.065 -10.4537
55.1968 -3.94896
55.3285 3.84362
55.4603 12.1276
55.592 19.4019
55.7238 24.0914
55.8555 25.3988
55.9873 23.7477
56.119 20.4931
56.2508 17.1464
56.3825 14.6838
56.5143 13.3432
56.646 12.8713
56.7778 12.8812
56.9095 13.0306
57.0413 12.9977
57.173 12.4208
57.3048 10.9346
57.4365 8.28452
57.5683 4.42073
57.7 -0.483692
57.8318 -6.06416
57.9635 -11.8126
58.0953 -17.1553
58.2271 -21.581
58.3588 -24.7767
58.4906 -26.6702
58.6223 -27.3315
58.7541 -26.8121
58.8858 -25.0775
59.0176 -22.1036
59.1493 -18.0359
59.2811 -13.2331
59.4128 -8.12618
59.5446 -3.02553
59.6763 1.9279
59.8081 6.61815
59.9398 10.7883
60.0716 14.0739
60.2033 16.258
60.3351 17.5136
60.4668 18.3574
60.5986 19.2857
60.7303 20.3709
60.8621 21.1647
60.9939 21.0015
61.1256 19.4496
61.2574 16.5534
61.3891 12.7247
61.5209 8.4548
61.6526 4.12933
61.7844 0.0503298
61.9161 -3.47731
62.0479 -6.18498
62.1796 -8.00624
62.3114 -9.17236
62.4431 -10.0709
62.5749 -10.9452
62.7066 -11.7093
62.8384 -12.0737
62.9701 -11.8814
63.1019 -11.3319
63.2336 -10.8648
63.3654 -10.7977
63.4971 -11.0531
63.6289 -11.2214
63.7607 -10.8868
63.8924 -9.9054
64.0242 -8.40245
64.1559 -6.55306
64.2877 -4.41433
64.4194 -1.98243
64.5512 0.626335
64.6829 3.12264
64.8147 5.23049
64.9464 6.94008
65.0782 8.54072
65.2099 10.3445
65.3417 12.3324
65.4734 14.0679
65.6052 14.9923
65.7369 14.8585
65.8687 13.9184
66.0004 12.7012
66.1322 11.5908
66.2639 10.58
66.3957 9.38907
66.5274 7.79559
66.6592 5.84789
66.791 3.78718
66.9227 1.79805
67.0545 -0.145759
67.1862 -2.2026
67.318 -4.45902
67.4497 -6.81602
67.5815 -9.05962
67.7132 -11.0115
67.845 -12.5933
67.9767 -13.7605
68.1085 -14.419
68.2402 -14.4476
68.372 -13.8156
68.5037 -12.6575
68.6355 -11.2037
68.7672 -9.62065
68.899 -7.92062
69.0307 -6.03345
69.1625 -3.96054
69.2942 -1.84184
69.426 0.142266
69.5578 1.93236
69.6895 3.63849
69.8213 5.41279
69.953 7.26747
70.0848 9.02007
70.2165 10.42
70.3483 11.3281
70.48 11.7753
70.6118 11.8618
70.7435 11.6244
70.8753 11.0255
71.007 10.0654
71.1388 8.87479
71.2705 7.65816
71.4023 6.52617
71.534 5.39583
71.6658 4.08445
71.7975 2.52413
71.9293 0.882933
72.061 -0.545837
72.1928 -1.59569
72.3246 -2.37846
72.4563 -3.17987
72.5881 -4.19121
72.7198 -5.3321
72.8516 -6.33352
72.9833 -6.99734
73.1151 -7.37932
73.2468 -7.72178
73.3786 -8.20777
73.5103 -8.77593
73.6421 -9.16519
73.7738 -9.13075
73.9056 -8.61857
74.0373 -7.74904
74.1691 -6.66074
74.3008 -5.39284
74.4326 -3.91802
74.5643 -2.26362
74.6961 -0.567314
74.8278 1.004
74.9596 2.38579
75.0913 3.6528
75.2231 4.91792
75.3549 6.19818
75.4866 7.38582
75.6184 8.34498
75.7501 9.01728
75.8819 9.41445
76.0136 9.51305
76.1454 9.19631
76.2771 8.35995
76.4089 7.12466
76.5406 5.94555
76.6724 5.44364
76.8041 5.99937
76.9359 7.36632
77.0676 8.59947
77.1994 8.41204
77.3311 5.81074
77.4629 0.688872
77.5946 -5.93399
77.7264 -12.1783
77.8581 -16.007
77.9899 -16.0895
78.1217 -12.4374
78.2534 -6.47373
78.3852 -0.442986
78.5169 3.5717
78.6487 4.51022
78.7804 2.61398
78.9122 -0.972335
79.0439 -4.93584
79.1757 -8.35481
79.3074 -10.7888
79.4392 -12.0229
79.5709 -11.8438
79.7027 -10.1079
79.8344 -7.0107
79.9662 -3.22332
80.0979 0.331387
80.2297 2.94808
80.3614 4.48791
80.4932 5.32974
80.6249 5.98761
80.7567 6.7312
80.8885 7.50188
81.0202 8.11848
81.152 8.51174
81.2837 8.75097
81.4155 8.87845
81.5472 8.77476
81.679 8.23313
81.8107 7.18227
81.9425 5.82147
82.0742 4.5061
82.206 3.47057
82.3377 2.64671
82.4695 1.75327
82.6012 0.576798
82.733 -0.814611
82.8647 -2.11528
82.9965 -3.03273
83.1282 -3.51389
83.26 -3.75731
83.3917 -4.02783
83.5235 -4.45433
83.6552 -4.97266
83.787 -5.42033
83.9188 -5.66493
84.0505 -5.6599
84.1823 -5.42503
84.314 -5.01679
84.4458 -4.52359
84.5775 -4.05396
84.7093 -3.67835
84.841 -3.3527
84.9728 -2.90932
85.1045 -2.1617
85.2363 -1.05978
85.368 0.23665
85.4998 1.44219
85.6315 2.32562
85.7633 2.8376
85.895 3.09072
86.0268 3.23445
86.1585 3.35334
86.2903 3.46986
86.422 3.61188
86.5538 3.84053
86.6856 4.19278
86.8173 4.60412
86.9491 4.9146
87.0808 4.9797
87.2126 4.79139
87.3443 4.49064
87.4761 4.25085
87.6078 4.13532
87.7396 4.05479
87.8713 3.85288
88.0031 3.42879
88.1348 2.78638
88.2666 1.98664
88.3983 1.07711
88.5301 0.0765212
88.6618 -0.987608
88.7936 -2.05571
88.9253 -3.06989
89.0571 -4.02407
89.1888 -4.95369
89.3206 -5.85089
89.4524 -6.58932
89.5841 -6.95904
89.7159 -6.81181
89.8476 -6.19463
89.9794 -5.33857
90.1111 -4.4966
90.2429 -3.76957
90.3746 -3.07523
90.5064 -2.27936
90.6381 -1.35282
90.7699 -0.401205
90.9016 0.450043
91.0334 1.1829
91.1651 1.88746
91.2969 2.6383
91.4286 3.38645
91.5604 3.99411
91.6921 4.37442
91.8239 4.60563
91.9556 4.87412
92.0874 5.20544
92.2191 5.55758
92.3509 5.67817
92.4827 5.44846
92.6144 4.97983
92.7462 4.46601
92.8779 4.12619
93.0097 3.78062
93.1414 3.27812
93.2732 2.42909
93.4049 1.33917
93.5367 0.200593
93.6684 -0.730392
93.8002 -1.44967
93.9319 -2.08564
94.0637 -2.72603
94.1954 -3.27593
94.3272 -3.51455
94.4589 -3.51999
94.5907 -3.43055
94.7224 -3.55698
94.8542 -3.86896
94.9859 -4.27521
95.1177 -4.50326
95.2495 -4.32775
95.3812 -3.76195
95.513 -3.00438
95.6447 -2.1391
95.7765 -1.16169
95.9082 -0.0881119
96.04 0.97768
96.1717 1.88276
96.3035 2.44337
96.4352 2.68763
96.567 2.75323
96.6987 2.64028
96.8305 2.48099
96.9622 2.24547
97.094 1.94957
97.2257 1.63346
97.3575 1.44924
97.4892 1.50545
97.621 1.76169
97.7527 2.09846
97.8845 2.27113
98.0163 2.36556
98.148 2.31105
98.2798 2.2818
98.4115 2.26151
98.5433 2.11248
98.675 1.87298
98.8068 1.39946
98.9385 0.872405
99.0703 0.295663
99.202 -0.30747
99.3338 -0.907443
99.4655 -1.50755
99.5973 -1.88961
99.729 -1.95343
99.8608 -1.65074
99.9925 -1.27767
100.124 -1.0382
100.256 -1.10938
100.388 -1.48639
100.52 -1.87466
100.651 -2.10626
100.783 -2.08524
100.915 -1.88756
101.047 -1.60831
101.178 -1.13848
101.31 -0.542526
101.442 -0.0393973
101.574 0.366463
101.705 0.528412
101.837 0.597252
101.969 0.704909
102.101 0.896096
102.232 1.179
102.364 1.43433
102.496 1.62295
102.628 1.7165
102.759 1.83933
102.891 1.9438
103.023 1.89255
103.155 1.59021
103.286 1.17099
103.418 0.809313
103.55 0.779151
103.682 0.925512
103.813 1.15872
103.945 1.22012
104.077 1.04737
104.209 0.643409
104.34 0.263966
104.472 0.0369635
104.604 -0.105873
104.736 -0.226493
104.867 -0.435737
104.999 -0.567704
105.131 -0.596508
105.263 -0.484125
105.394 -0.497704
105.526 -0.591668
105.658 -0.766779
105.79 -0.941925
105.921 -1.05803
106.053 -1.08455
106.185 -1.05385
106.317 -1.04362
106.448 -0.970139
106.58 -0.904404
106.712 -0.557788
106.844 -0.126868
106.975 0.306682
107.107 0.529425
107.239 0.707314
107.371 0.737558
107.502 0.755866
107.634 0.72252
107.766 0.671647
107.898 0.504435
108.029 0.302833
108.161 0.270835
108.293 0.435744
108.425 0.702311
108.556 0.815634
108.688 0.789563
108.82 0.63552
108.952 0.425028
109.083 0.319967
109.215 0.197413
109.347 0.0294086
109.479 -0.117913
109.61 -0.152142
109.742 -0.0841938
109.874 0.10739
110.006 0.19898
110.137 0.186069
110.269 0.0429703
110.401 -0.118833
110.533 -0.0928215
110.664 0.00442087
110.796 0.122367
110.928 0.220506
111.06 0.22029
111.191 0.141068
111.323 0.0996966
111.455 0.0371259
111.587 0.0436623
111.718 0.0745803
111.85 0.0881431
111.982 0.0988731
112.114 0.025649
112.245 -0.121365
112.377 -0.349283
112.509 -0.551958
112.641 -0.596928
112.773 -0.503661
112.904 -0.0779471
113.036 0.303435
113.168 0.360658
113.3 0.308394
113.431 0.145238
113.563 0.0690308
113.695 0.120082
113.827 0.19491
113.958 0.250396
114.09 0.343261
114.222 0.41285
114.354 0.559934
114.485 0.629373
114.617 0.636883
114.749 0.541984
114.881 0.451486
115.012 0.302327
115.144 0.179724
115.276 0.00288918
115.408 -0.115835
115.539 -0.213195
115.671 -0.217555
115.803 -0.162252
115.935 -0.0480604
116.066 0.146659
116.198 0.203498
116.33 0.106652
116.462 0.0436215
116.593 0.0123817
116.725 0.0511429
116.857 0.159951
116.989 0.173351
117.12 0.189141
117.252 0.168599
117.384 0.0876896
117.516 0.072838
117.647 -0.0234273
117.779 -0.012031
117.911 -0.0462303
118.043 -0.152317
118.174 -0.252683
118.306 -0.252406
118.438 -0.224918
118.57 -0.139719
118.701 -0.060749
118.833 -0.022406
118.965 0.0671003
119.097 0.0755155
119.228 0.0314048
119.36 0.00243932
119.492 -0.048729
119.624 -0.126303
119.755 -0.0662877
119.887 -0.0193408
120.019 0.0560803
120.151 0.0844288
120.282 0.0141865
120.414 -0.0507873
120.546 -0.0200463
120.678 -0.0365182
120.809 0.0546575
120.941 0.135369
121.073 0.174497
121.205 0.138003
121.336 0.134359
121.468 0.0170387
121.6 -0.0717915
121.732 -0.0839758
121.863 -0.034081
121.995 0.016804
122.127 0.0947714
122.259 0.0719278
122.39 0.0864697
122.522 0.0677017
122.654 0.0161246
122.786 -0.0210857
122.917 -0.0283879
123.049 -0.0977052
123.181 -0.0992707
123.313 -0.0859372
123.444 -0.0333527
123.576 -0.00508259
123.708 0.0127782
123.84 0.0100908
123.971 -0.00421434
124.103 -0.0091125
124.235 0.00944058
124.367 -0.00954979
124.498 0.00220623
124.63 -0.00105767
124.762 -0.00184544
124.894 0.00576677
125.025 0.0149729
125.157 -0.00164434
125.289 -0.0010824
125.421 -0.0010824
125.552 -0.0010824
125.684 -0.0010824
125.816 -0.0010824
125.948 -0.0010824
126.079 -0.0010824
126.211 -0.0010824
126.343 -0.0010824
126.475 -0.0010824
126.607 -0.0010824
126.738 -0.0010824
126.87 -0.0010824
127.002 -0.0010824
127.134 -0.0010824
127.265 -0.0010824
127.397 -0.0010824
127.529 -0.0010824
127.661 -0.0010824
127.792 -0.0010824
127.924 -0.0010824
128.056 -0.0010824
128.188 -0.0010824
128.319 -0.0010824
128.451 -0.0010824
128.583 -0.0010824
128.715 -0.0010824
