0.361915 -0.521314
0.493667 -0.584298
0.62542 -0.477483
0.757172 -0.289622
0.888924 0.0347507
1.02068 0.472158
1.15243 0.966825
1.28418 1.41785
1.41593 1.7353
1.54769 1.77716
1.67944 1.53709
1.81119 1.04652
1.94294 0.504374
2.07469 0.124199
2.20645 0.0280213
2.3382 0.288261
2.46995 0.701967
2.6017 1.0023
2.73346 1.00162
2.86521 0.677874
2.99696 0.127931
3.12871 -0.465372
3.26047 -0.985051
3.39222 -1.37078
3.52397 -1.62606
3.65572 -1.74122
3.78747 -1.61799
3.91923 -1.24001
4.05098 -0.561551
4.18273 0.114494
4.31448 0.596683
4.44624 0.780723
4.57799 0.744815
4.70974 0.704859
4.84149 0.825758
4.97325 1.07895
5.105 1.29881
5.23675 1.31114
5.3685 1.10107
5.50025 0.791058
5.63201 0.48968
5.76376 0.251378
5.89551 0.0650704
6.02726 -0.0661355
6.15902 -0.083461
6.29077 0.000418016
6.42252 0.124472
6.55427 0.242917
6.68603 0.224375
6.81778 0.063095
6.94953 -0.238439
7.08128 -0.54872
7.21303 -0.66906
7.34479 -0.547811
7.47654 -0.236735
7.60829 0.19664
7.74004 0.658495
7.8718 1.11739
8.00355 1.49532
8.1353 1.68256
8.26705 1.68418
8.39881 1.5248
8.53056 1.2594
8.66231 0.885236
8.79406 0.369597
8.92581 -0.167001
9.05757 -0.709932
9.18932 -1.13091
9.32107 -1.3332
9.45282 -1.3819
9.58458 -1.43112
9.71633 -1.4013
9.84808 -1.15152
9.97983 -0.568875
10.1116 0.358032
10.2433 1.39361
10.3751 2.24703
10.5068 2.72269
10.6386 2.82859
10.7703 2.70583
10.9021 2.34562
11.0339 1.74094
11.1656 0.714405
11.2974 -0.60689
11.4291 -1.89731
11.5609 -2.79196
11.6926 -2.98214
11.8244 -2.60062
11.9561 -1.89236
12.0879 -1.15232
12.2196 -0.424162
12.3514 0.398263
12.4831 1.28726
12.6149 2.07762
12.7466 2.47931
12.8784 2.36847
13.0101 1.85535
13.1419 1.27787
13.2736 0.93288
13.4054 0.828053
13.5371 0.797419
13.6689 0.668506
13.8007 0.385842
13.9324 0.0501976
14.0642 -0.200043
14.1959 -0.3272
14.3277 -0.345627
14.4594 -0.321342
14.5912 -0.328759
14.7229 -0.442036
14.8547 -0.692995
14.9864 -1.00445
15.1182 -1.14492
15.2499 -0.814199
15.3817 0.142592
15.5134 1.54561
15.6452 2.90376
15.7769 3.68401
15.9087 3.63696
16.0404 2.91744
16.1722 1.90715
16.3039 0.909436
16.4357 -0.00855713
16.5674 -0.90914
16.6992 -1.76198
16.831 -2.36353
16.9627 -2.49529
17.0945 -2.15611
17.2262 -1.61347
17.358 -1.1977
17.4897 -1.03048
17.6215 -0.954748
17.7532 -0.732854
17.885 -0.306626
18.0167 0.149245
18.1485 0.431662
18.2802 0.549674
18.412 0.737564
18.5437 1.21442
18.6755 1.93514
18.8072 2.59589
18.939 2.89733
19.0707 2.80036
19.2025 2.5156
19.3342 2.24645
19.466 1.96544
19.5978 1.4676
19.7295 0.645657
19.8613 -0.313601
19.993 -1.03883
20.1248 -1.29349
20.2565 -1.17775
20.3883 -0.9988
20.52 -0.943116
20.6518 -0.89764
20.7835 -0.611579
20.9153 -0.0219652
21.047 0.62034
21.1788 0.979433
21.3105 0.980785
21.4423 0.886702
21.574 0.987311
21.7058 1.22103
21.8375 1.155
21.9693 0.403565
22.101 -0.913721
22.2328 -2.16423
22.3646 -2.70526
22.4963 -2.42743
22.6281 -1.79353
22.7598 -1.32365
22.8916 -1.05331
23.0233 -0.540565
23.1551 0.564938
23.2868 1.98734
23.4186 2.92401
23.5503 2.73083
23.6821 1.50503
23.8138 -0.0530253
23.9456 -1.35238
24.0773 -2.37627
24.2091 -3.2717
24.3408 -3.41654
24.4726 -1.11448
24.6043 5.25692
24.7361 15.1681
24.8678 24.6469
24.9996 27.3135
25.1313 17.6695
25.2631 -5.22767
25.3949 -36.0612
25.5266 -64.6634
25.6584 -79.7889
25.7901 -73.3774
25.9219 -43.6543
26.0536 3.67838
26.1854 56.3156
26.3171 98.3769
26.4489 115.415
26.5806 100.159
26.7124 56.3956
26.8441 -1.71177
26.9759 -55.5059
27.1076 -90.1996
27.2394 -100.924
27.3711 -92.8214
27.5029 -75.5348
27.6346 -56.3147
27.7664 -36.6604
27.8981 -14.3112
28.0299 11.9192
28.1617 38.9734
28.2934 60.6835
28.4252 71.9109
28.5569 71.8877
28.6887 63.9483
28.8204 52.2311
28.9522 38.5494
29.0839 22.1854
29.2157 2.43912
29.3474 -18.8125
29.4792 -37.1741
29.6109 -48.4636
29.7427 -51.6283
29.8744 -49.2025
30.0062 -44.9401
30.1379 -40.7876
30.2697 -35.8228
30.4014 -27.8761
30.5332 -16.1334
30.6649 -2.30947
30.7967 10.5165
30.9284 20.1317
31.0602 26.3988
31.192 30.5195
31.3237 33.3179
31.4555 34.316
31.5872 32.4213
31.719 27.3985
31.8507 20.5629
31.9825 13.9599
32.1142 8.80219
32.246 4.6441
32.3777 0.0481364
32.5095 -5.90818
32.6412 -12.6789
32.773 -18.6688
32.9047 -22.5593
33.0365 -24.3013
33.1682 -24.9285
33.3 -25.4629
33.4317 -25.959
33.5635 -25.5047
33.6952 -23.0777
33.827 -18.4329
33.9588 -12.2746
34.0905 -5.6867
34.2223 0.579468
34.354 6.35131
34.4858 11.7258
34.6175 16.6197
34.7493 20.6314
34.881 23.2923
35.0128 24.4062
35.1445 24.144
35.2763 22.843
35.408 20.7416
35.5398 17.9004
35.6715 14.3394
35.8033 10.2107
35.935 5.81891
36.0668 1.47733
36.1985 -2.64572
36.3303 -6.5384
36.462 -10.209
36.5938 -13.5388
36.7256 -16.2707
36.8573 -18.1555
36.9891 -19.1394
37.1208 -19.4324
37.2526 -19.3772
37.3843 -19.1879
37.5161 -18.7274
37.6478 -17.494
37.7796 -14.8682
37.9113 -10.509
38.0431 -4.67161
38.1748 1.75848
38.3066 7.56825
38.4383 11.7079
38.5701 13.7057
38.7018 13.7931
38.8336 12.7075
38.9653 11.318
39.0971 10.2869
39.2288 9.90457
39.3606 10.1107
39.4923 10.6261
39.6241 11.11
39.7559 11.2883
39.8876 11.0226
40.0194 10.3009
40.1511 9.15628
40.2829 7.5673
40.4146 5.42332
40.5464 2.60062
40.6781 -0.894774
40.8099 -4.83113
40.9416 -8.79112
41.0734 -12.3284
41.2051 -15.1238
41.3369 -17.0294
41.4686 -17.9967
41.6004 -17.9875
41.7321 -16.9681
41.8639 -14.9891
41.9956 -12.2557
42.1274 -9.09884
42.2591 -5.85941
42.3909 -2.78463
42.5227 -0.0192141
42.6544 2.33131
42.7862 4.16627
42.9179 5.44951
43.0497 6.3096
43.1814 7.05246
43.3132 8.01666
43.4449 9.34806
43.5767 10.8649
43.7084 12.1298
43.8402 12.6837
43.9719 12.2764
44.1037 10.947
44.2354 8.9426
44.3672 6.57741
44.4989 4.13817
44.6307 1.85583
44.7624 -0.102317
44.8942 -1.65224
45.0259 -2.7994
45.1577 -3.5939
45.2895 -4.05532
45.4212 -4.14766
45.553 -3.85826
45.6847 -3.32596
45.8165 -2.88173
45.9482 -2.91262
46.08 -3.61639
46.2117 -4.83731
46.3435 -6.13255
46.4752 -7.03507
46.607 -7.31387
46.7387 -7.04054
46.8705 -6.44446
47.0022 -5.71368
47.134 -4.91368
47.2657 -4.05078
47.3975 -3.1578
47.5292 -2.27881
47.661 -1.37042
47.7927 -0.259996
47.9245 1.23659
48.0562 3.10667
48.188 5.04087
48.3198 6.57812
48.4515 7.41566
48.5833 7.63368
48.715 7.63176
48.8468 7.81286
48.9785 8.2692
49.1103 8.72509
49.242 8.77145
49.3738 8.18419
49.5055 7.06425
49.6373 5.70801
49.769 4.3479
49.9008 2.9926
50.0325 1.48223
50.1643 -0.319771
50.296 -2.37548
50.4278 -4.47379
50.5595 -6.35114
50.6913 -7.8125
50.823 -8.76722
50.9548 -9.19106
51.0866 -9.0844
51.2183 -8.47383
51.3501 -7.44166
51.4818 -6.13584
51.6136 -4.73609
51.7453 -3.3964
51.8771 -2.20333
52.0088 -1.17138
52.1406 -0.268732
52.2723 0.546003
52.4041 1.29109
52.5358 1.94339
52.6676 2.4452
52.7993 2.73971
52.9311 2.81805
53.0628 2.7424
53.1946 2.61972
53.3263 2.54113
53.4581 2.53656
53.5898 2.58572
53.7216 2.67351
53.8534 2.83177
53.9851 3.11885
54.1169 3.5509
54.2486 4.0528
54.3804 4.48438
54.5121 4.72473
54.6439 4.73712
54.7756 4.55244
54.9074 4.19104
55.0391 3.60942
55.1709 2.73793
55.3026 1.58256
55.4344 0.289624
55.5661 -0.905247
55.6979 -1.81749
55.8296 -2.42867
55.9614 -2.87689
56.0931 -3.33107
56.2249 -3.85759
56.3566 -4.38765
56.4884 -4.7971
56.6201 -5.01218
56.7519 -5.04512
56.8837 -4.94281
57.0154 -4.71619
57.1472 -4.32623
57.2789 -3.73502
57.4107 -2.96278
57.5424 -2.09073
57.6742 -1.20987
57.8059 -0.369351
57.9377 0.429466
58.0694 1.19982
58.2012 1.94112
58.3329 2.64134
58.4647 3.29015
58.5964 3.86616
58.7282 4.2998
58.8599 4.46256
58.9917 4.23253
59.1234 3.61886
59.2552 2.85301
59.3869 2.34667
59.5187 2.49778
59.6505 3.43864
59.7822 4.87773
59.914 6.14761
60.0457 6.46311
60.1775 5.28517
60.3092 2.62644
60.441 -0.854691
60.5727 -4.05118
60.7045 -5.85004
60.8362 -5.63914
60.968 -3.62151
61.0997 -0.742346
61.2315 1.76441
61.3632 2.96793
61.495 2.62841
61.6267 1.16666
61.7585 -0.716844
61.8902 -2.47662
62.022 -3.91469
62.1537 -5.05831
62.2855 -5.90607
62.4173 -6.30046
62.549 -6.03226
62.6808 -5.05293
62.8125 -3.57697
62.9443 -1.97206
63.076 -0.537955
63.2078 0.628742
63.3395 1.58196
63.4713 2.36639
63.603 2.92278
63.7348 3.14809
63.8665 3.03575
63.9983 2.73987
64.13 2.48681
64.2618 2.41271
64.3935 2.48086
64.5253 2.5551
64.657 2.55459
64.7888 2.53921
64.9205 2.64488
65.0523 2.93231
65.184 3.2921
65.3158 3.49405
65.4476 3.33791
65.5793 2.78035
65.7111 1.94739
65.8428 1.04545
65.9746 0.256432
66.1063 -0.313621
66.2381 -0.632453
66.3698 -0.730046
66.5016 -0.702565
66.6333 -0.70939
66.7651 -0.926489
66.8968 -1.45765
67.0286 -2.25567
67.1603 -3.1144
67.2921 -3.74817
67.4238 -3.91637
67.5556 -3.52678
67.6873 -2.67166
67.8191 -1.59001
67.9508 -0.577279
68.0826 0.125009
68.2144 0.420473
68.3461 0.38829
68.4779 0.228154
68.6096 0.140265
68.7414 0.209634
68.8731 0.37191
69.0049 0.485
69.1366 0.45168
69.2684 0.299302
69.4001 0.160099
69.5319 0.17786
69.6636 0.420902
69.7954 0.861898
69.9271 1.41758
70.0589 1.99446
70.1906 2.50229
70.3224 2.84941
70.4541 2.96002
70.5859 2.82254
70.7176 2.52571
70.8494 2.22908
70.9812 2.06831
71.1129 2.06303
71.2447 2.10605
71.3764 2.04715
71.5082 1.80222
71.6399 1.39705
71.7717 0.916959
71.9034 0.418388
72.0352 -0.112682
72.1669 -0.723189
72.2987 -1.42063
72.4304 -2.13684
72.5622 -2.75538
72.6939 -3.16778
72.8257 -3.3076
72.9574 -3.1497
73.0892 -2.70555
73.2209 -2.04051
73.3527 -1.29424
73.4844 -0.656816
73.6162 -0.28419
73.7479 -0.203197
73.8797 -0.286686
74.0115 -0.332911
74.1432 -0.1955
74.275 0.135403
74.4067 0.557316
74.5385 0.949505
74.6702 1.24846
74.802 1.44999
74.9337 1.56411
75.0655 1.59127
75.1972 1.55054
75.329 1.5171
75.4607 1.6018
75.5925 1.86246
75.7242 2.21901
75.856 2.46388
75.9877 2.38482
76.1195 1.91565
76.2512 1.19683
76.383 0.497363
76.5147 0.0589022
76.6465 -0.0250086
76.7783 0.174391
76.91 0.488851
77.0418 0.736858
77.1735 0.777534
77.3053 0.53953
77.437 0.0456931
77.5688 -0.575227
77.7005 -1.1244
77.8323 -1.42581
77.964 -1.4254
78.0958 -1.21686
78.2275 -0.962622
78.3593 -0.769432
78.491 -0.623857
78.6228 -0.442414
78.7545 -0.184641
78.8863 0.0827993
79.018 0.236057
79.1498 0.211744
79.2815 0.0777196
79.4133 -0.0149356
79.5451 0.0422527
79.6768 0.226354
79.8086 0.40995
79.9403 0.473202
80.0721 0.394942
80.2038 0.245513
80.3356 0.104056
80.4673 -0.0135644
80.5991 -0.124005
80.7308 -0.217383
80.8626 -0.215521
80.9943 -0.0171376
81.1261 0.406079
81.2578 0.952272
81.3896 1.41654
81.5213 1.66062
81.6531 1.62272
81.7848 1.34156
81.9166 1.04321
82.0483 0.82544
82.1801 0.722374
82.3118 0.720819
82.4436 0.77496
82.5754 0.80762
82.7071 0.784115
82.8389 0.733262
82.9706 0.634008
83.1024 0.46397
83.2341 0.211491
83.3659 -0.0766424
83.4976 -0.49102
83.6294 -1.00171
83.7611 -1.54404
83.8929 -1.94764
84.0246 -2.0911
84.1564 -1.87427
84.2881 -1.30304
84.4199 -0.578099
84.5516 0.142517
84.6834 0.709798
84.8151 1.04322
84.9469 1.16483
85.0786 1.0499
85.2104 0.828528
85.3422 0.636758
85.4739 0.524294
85.6057 0.528935
85.7374 0.562645
85.8692 0.563795
86.0009 0.476451
86.1327 0.347738
86.2644 0.248283
86.3962 0.231022
86.5279 0.232893
86.6597 0.1852
86.7914 0.104297
86.9232 -0.0205658
87.0549 -0.0601278
87.1867 -0.019921
87.3184 0.0317296
87.4502 0.0138222
87.5819 -0.000568358
87.7137 0.00656538
87.8454 0.145908
87.9772 0.424807
88.109 0.698444
88.2407 0.748944
88.3725 0.562302
88.5042 0.270831
88.636 0.0318116
88.7677 -0.047609
88.8995 -0.0258748
89.0312 0.0334972
89.163 -0.0366227
89.2947 -0.134309
89.4265 -0.210334
89.5582 -0.219142
89.69 -0.109634
89.8217 0.00576555
89.9535 0.00714556
90.0852 -0.0419685
90.217 -0.124036
90.3487 -0.178695
90.4805 -0.200222
90.6122 -0.207104
90.744 -0.205958
90.8757 -0.157467
91.0075 0.00970941
91.1393 0.322984
91.271 0.606573
91.4028 0.840583
91.5345 0.979443
91.6663 1.02261
91.798 0.965678
91.9298 0.822752
92.0615 0.603097
92.1933 0.247024
92.325 -0.125845
92.4568 -0.455336
92.5885 -0.703077
92.7203 -0.810739
92.852 -0.732601
92.9838 -0.4896
93.1155 -0.164456
93.2473 0.237622
93.379 0.55416
93.5108 0.743768
93.6425 0.70803
93.7743 0.483831
93.9061 0.147718
94.0378 -0.188612
94.1696 -0.421543
94.3013 -0.537146
94.4331 -0.537713
94.5648 -0.468142
94.6966 -0.30372
94.8283 -0.0708076
94.9601 0.166846
95.0918 0.339274
95.2236 0.430899
95.3553 0.502588
95.4871 0.555561
95.6188 0.616544
95.7506 0.645958
95.8823 0.582613
96.0141 0.414374
96.1458 0.222886
96.2776 0.0218059
96.4093 -0.139071
96.5411 -0.25866
96.6729 -0.332803
96.8046 -0.360604
96.9364 -0.286449
97.0681 -0.172114
97.1999 -0.0221121
97.3316 0.105421
97.4634 0.147043
97.5951 0.054308
97.7269 -0.0986658
97.8586 -0.203902
97.9904 -0.203747
98.1221 -0.173299
98.2539 -0.13654
98.3856 -0.117464
98.5174 -0.0969983
98.6491 -0.00839653
98.7809 0.116622
98.9126 0.201301
99.0444 0.217248
99.1761 0.177541
99.3079 0.138943
99.4396 0.162438
99.5714 0.197888
99.7032 0.229023
99.8349 0.198642
99.9667 0.170816
100.098 0.0954506
100.23 0.000399807
100.362 -0.0666109
100.494 -0.134809
100.625 -0.240859
100.757 -0.26936
100.889 -0.2387
101.021 -0.127417
101.152 0.0353601
101.284 0.19131
101.416 0.258828
101.548 0.270866
101.679 0.232239
101.811 0.218995
101.943 0.215103
102.075 0.206046
102.206 0.206864
102.338 0.146718
102.47 0.0725256
102.602 0.00435537
102.733 -0.0716313
102.865 -0.169635
102.997 -0.244354
103.129 -0.26524
103.26 -0.205849
103.392 -0.111797
103.524 -0.0300019
103.656 0.0243609
103.787 0.0293099
103.919 0.0454779
104.051 -0.015004
104.183 -0.0399797
104.314 -0.0662091
104.446 -0.0892046
104.578 -0.0852698
104.71 -0.0564241
104.841 -0.019648
104.973 0.0217512
105.105 0.0626776
105.237 0.114687
105.369 0.156965
105.5 0.157195
105.632 0.128437
105.764 0.0847773
105.896 0.0485797
106.027 0.0231935
106.159 -0.017953
106.291 -0.0368986
106.423 -0.0111115
106.554 -0.00515212
106.686 -0.00426804
106.818 -0.0386841
106.95 -0.0346486
107.081 0.0156392
107.213 0.0325409
107.345 0.0126743
107.477 -0.00913618
107.608 -0.0166904
107.74 0.0150388
107.872 0.0314746
108.004 0.0177309
108.135 0.0165405
108.267 0.0112528
108.399 0.0124279
108.531 0.00327973
108.662 -0.00462651
108.794 0.0193067
108.926 -0.0072127
109.058 5.99397e-05
109.189 0.0229777
109.321 0.00658441
109.453 -0.0341494
109.585 -0.0144499
109.716 0.00333764
109.848 0.00614269
109.98 0.0142507
110.112 0.00357413
110.243 0.000269234
110.375 0.00284082
110.507 0.0175489
110.639 0.0387939
110.77 0.0322356
110.902 0.0504837
111.034 0.0157631
111.166 0.0104978
111.297 -0.00560411
111.429 -0.0272797
111.561 -0.00530612
111.693 -0.0144476
111.824 -0.00466246
111.956 -0.0206101
112.088 -0.0152331
112.22 0.00417715
112.351 0.00699361
112.483 0.0200639
112.615 0.0177424
112.747 0.0131364
112.878 -0.00384332
113.01 -0.000596671
113.142 0.0105879
113.274 0.00103246
113.405 -0.000653973
113.537 0.0062306
113.669 0.0088284
113.801 0.0135547
113.932 0.0148953
114.064 0.00434813
114.196 0.00520221
114.328 0.00671107
114.459 0.00708538
114.591 0.00556509
114.723 0.00556509
114.855 0.00556509
114.986 0.00556509
115.118 0.00556509
115.25 0.00556509
115.382 0.00556509
115.513 0.00556509
115.645 0.00556509
115.777 0.00556509
115.909 0.00556509
116.04 0.00556509
116.172 0.00556509
116.304 0.00556509
116.436 0.00556509
116.567 0.00556509
116.699 0.00556509
116.831 0.00556509
116.963 0.00556509
117.094 0.00556509
117.226 0.00556509
117.358 0.00556509
117.49 0.00556509
117.621 0.00556509
117.753 0.00556509
117.885 0.00556509
118.017 0.00556509
118.148 0.00556509
118.28 0.00556509
118.412 0.00556509
118.544 0.00556509
118.675 0.00556509
118.807 0.00556509
118.939 0.00556509
119.071 0.00556509
119.202 0.00556509
119.334 0.00556509
119.466 0.00556509
119.598 0.00556509
119.73 0.00556509
119.861 0.00556509
119.993 0.00556509
120.125 0.00556509
120.257 0.00556509
120.388 0.00556509
120.52 0.00556509
120.652 0.00556509
120.784 0.00556509
120.915 0.00556509
121.047 0.00556509
121.179 0.00556509
121.311 0.00556509
121.442 0.00556509
121.574 0.00556509
121.706 0.00556509
121.838 0.00556509
121.969 0.00556509
122.101 0.00556509
122.233 0.00556509
122.365 0.00556509
122.496 0.00556509
122.628 0.00556509
122.76 0.00556509
122.892 0.00556509
123.023 0.00556509
123.155 0.00556509
123.287 0.00556509
123.419 0.00556509
123.55 0.00556509
123.682 0.00556509
123.814 0.00556509
123.946 0.00556509
124.077 0.00556509
124.209 0.00556509
124.341 0.00556509
124.473 0.00556509
124.604 0.00556509
124.736 0.00556509
124.868 0.00556509
125 0.00556509
125.131 0.00556509
125.263 0.00556509
125.395 0.00556509
125.527 0.00556509
125.658 0.00556509
125.79 0.00556509
125.922 0.00556509
126.054 0.00556509
126.185 0.00556509
126.317 0.00556509
126.449 0.00556509
126.581 0.00556509
126.712 0.00556509
126.844 0.00556509
126.976 0.00556509
127.108 0.00556509
127.239 0.00556509
127.371 0.00556509
127.503 0.00556509
127.635 0.00556509
127.766 0.00556509
127.898 0.00556509
128.03 0.00556509
128.162 0.00556509
128.293 0.00556509
128.425 0.00556509
128.557 0.00556509
128.689 0.00556509
128.82 0.00556509
128.952 0.00556509
129.084 0.00556509
129.216 0.00556509
129.347 0.00556509
129.479 0.00556509
129.611 0.00556509
129.743 0.00556509
129.874 0.00556509
130.006 0.00556509
130.138 0.00556509
130.27 0.00556509
130.401 0.00556509
130.533 0.00556509
130.665 0.00556509
130.797 0.00556509
130.928 0.00556509
131.06 0.00556509
131.192 0.00556509
131.324 0.00556509
131.455 0.00556509
131.587 0.00556509
131.719 0.00556509
131.851 0.00556509
131.982 0.00556509
132.114 0.00556509
132.246 0.00556509
132.378 0.00556509
132.509 0.00556509
132.641 0.00556509
132.773 0.00556509
132.905 0.00556509
133.036 0.00556509
133.168 0.00556509
133.3 0.00556509
133.432 0.00556509
133.563 0.00556509
133.695 0.00556509
133.827 0.00556509
133.959 0.00556509
134.091 0.00556509
134.222 0.00556509
134.354 0.00556509
134.486 0.00556509
134.618 0.00556509
134.749 0.00556509
134.881 0.00556509
135.013 0.00556509
135.145 0.00556509
