0.255232 -0.111539
0.386984 -0.0576476
0.518737 -0.00947277
0.650489 0.0627973
0.782241 0.0827841
0.913994 0.10053
1.04575 0.118889
1.1775 0.12057
1.30925 0.135823
1.441 0.152649
1.57276 0.106373
1.70451 0.0456211
1.83626 -0.0181747
1.96801 -0.00305448
2.09976 0.0730214
2.23152 0.198845
2.36327 0.303483
2.49502 0.342599
2.62677 0.271907
2.75853 0.17782
2.89028 -0.0133351
3.02203 -0.210503
3.15378 -0.313257
3.28554 -0.307992
3.41729 -0.228366
3.54904 -0.172818
3.68079 -0.078558
3.81254 0.0218928
3.9443 0.100926
4.07605 0.164119
4.2078 0.283514
4.33955 0.222156
4.47131 0.168438
4.60306 0.120766
4.73481 0.0793469
4.86656 0.0641285
4.99832 0.113113
5.13007 0.142635
5.26182 0.181333
5.39357 0.237956
5.52532 0.279273
5.65708 0.294291
5.78883 0.274459
5.92058 0.2154
6.05233 0.143105
6.18409 0.0827172
6.31584 0.0553847
6.44759 0.0516862
6.57934 0.0250489
6.71109 -0.0269075
6.84285 -0.0123599
6.9746 0.0259046
7.10635 0.0972811
7.2381 0.195545
7.36986 0.239729
7.50161 0.257406
7.63336 0.170482
7.76511 0.089458
7.89687 -0.0353778
8.02862 -0.128056
8.16037 -0.214676
8.29212 -0.309775
8.42387 -0.310747
8.55563 -0.20471
8.68738 -0.0480469
8.81913 0.145566
8.95088 0.297805
9.08264 0.382979
9.21439 0.439114
9.34614 0.466891
9.47789 0.507763
9.60965 0.520103
9.7414 0.465766
9.87315 0.347086
10.0049 0.248408
10.1367 0.147535
10.2684 0.102163
10.4002 0.0586074
10.5319 -0.0126362
10.6637 -0.106239
10.7954 -0.157182
10.9272 -0.0735458
11.0589 0.0339762
11.1907 0.189107
11.3224 0.346338
11.4542 0.44882
11.5859 0.444988
11.7177 0.440671
11.8494 0.370433
11.9812 0.220348
12.1129 0.0450667
12.2447 -0.077193
12.3764 -0.135838
12.5082 -0.0945403
12.6399 0.00117117
12.7717 0.050242
12.9035 0.0490626
13.0352 -0.00196606
13.167 -0.0678371
13.2987 -0.146708
13.4305 -0.167232
13.5622 -0.152022
13.694 -0.0378309
13.8257 0.10689
13.9575 0.304809
14.0892 0.500776
14.221 0.699294
14.3527 0.892866
14.4845 1.0508
14.6162 1.13918
14.748 1.07944
14.8797 0.875011
15.0115 0.558284
15.1432 0.190611
15.275 -0.106019
15.4067 -0.232211
15.5385 -0.244744
15.6703 -0.266369
15.802 -0.383961
15.9338 -0.588539
16.0655 -0.7157
16.1973 -0.705098
16.329 -0.55063
16.4608 -0.346786
16.5925 -0.194082
16.7243 0.0206813
16.856 0.287779
16.9878 0.607784
17.1195 0.879684
17.2513 1.02124
17.383 0.929926
17.5148 0.611215
17.6465 0.30372
17.7783 0.0980972
17.91 0.0998484
18.0418 0.18082
18.1735 0.238215
18.3053 0.266324
18.4371 0.285815
18.5688 0.349023
18.7006 0.410072
18.8323 0.41032
18.9641 0.310939
19.0958 0.164047
19.2276 0.10908
19.3593 0.2153
19.4911 0.330778
19.6228 0.334777
19.7546 0.15728
19.8863 -0.0444259
20.0181 -0.271795
20.1498 -0.363566
20.2816 -0.356048
20.4133 -0.358819
20.5451 -0.349068
20.6768 -0.236801
20.8086 0.0866047
20.9403 0.576286
21.0721 0.958839
21.2038 1.017
21.3356 0.849
21.4674 0.495787
21.5991 0.184702
21.7309 0.0705518
21.8626 0.0623593
21.9944 0.100321
22.1261 0.136768
22.2579 0.260153
22.3896 0.461863
22.5214 0.591334
22.6531 0.583157
22.7849 0.404786
22.9166 0.248133
23.0484 0.0530858
23.1801 0.0491411
23.3119 0.167315
23.4436 0.322228
23.5754 0.333097
23.7071 0.32926
23.8389 0.38627
23.9706 0.45111
24.1024 0.517718
24.2342 0.393231
24.3659 0.143231
24.4977 -0.102005
24.6294 -0.110925
24.7612 0.137182
24.8929 0.459682
25.0247 0.652048
25.1564 0.630159
25.2882 0.441082
25.4199 0.296714
25.5517 0.234264
25.6834 0.199301
25.8152 0.135674
25.9469 0.0198452
26.0787 -0.0991955
26.2104 -0.10117
26.3422 -0.0191686
26.4739 0.0149029
26.6057 -0.054058
26.7374 -0.1464
26.8692 -0.0948002
27.001 0.166477
27.1327 0.523783
27.2645 0.784813
27.3962 0.869809
27.528 0.854657
27.6597 0.894313
27.7915 1.06202
27.9232 1.20733
28.055 1.17257
28.1867 0.934017
28.3185 0.640479
28.4502 0.461336
28.582 0.409697
28.7137 0.334138
28.8455 0.0955613
28.9772 -0.256971
29.109 -0.506553
29.2407 -0.476999
29.3725 -0.217354
29.5042 0.0350878
29.636 0.083699
29.7677 -0.0397292
29.8995 -0.122971
30.0313 -0.00548105
30.163 0.252268
30.2948 0.44233
30.4265 0.442834
30.5583 0.350805
30.69 0.35917
30.8218 0.507425
30.9535 0.591633
31.0853 0.363934
31.217 -0.166006
31.3488 -0.655577
31.4805 -0.699972
31.6123 -0.20896
31.744 0.487301
31.8758 0.930286
32.0075 0.950356
32.1393 0.797875
32.271 0.856313
32.4028 1.22962
32.5345 1.62848
32.6663 1.6741
32.7981 1.30193
32.9298 0.836551
33.0616 0.649161
33.1933 0.75344
33.3251 0.775211
33.4568 0.347808
33.5886 -0.470076
33.7203 -1.20083
33.8521 -1.3941
33.9838 -1.06205
34.1156 -0.648477
34.2473 -0.555488
34.3791 -0.722808
34.5108 -0.711644
34.6426 -0.214253
34.7743 0.557631
34.9061 1.04651
35.0378 0.9308
35.1696 0.496796
35.3013 0.367303
35.4331 0.830471
35.5648 1.47757
35.6966 1.58497
35.8284 0.898256
35.9601 -0.00212859
36.0919 -0.205876
36.2236 0.593939
36.3554 1.68641
36.4871 1.93179
36.6189 0.819748
36.7506 -1.0675
36.8824 -2.68013
37.0141 -3.55037
37.1459 -4.06777
37.2776 -4.5354
37.4094 -3.96086
37.5411 -0.141615
37.6729 8.39549
37.8046 19.9034
37.9364 28.6692
38.0681 27.3209
38.1999 11.1636
38.3316 -18.2119
38.4634 -52.4717
38.5952 -79.5479
38.7269 -88.323
38.8587 -72.6765
38.9904 -33.6224
39.1222 20.4864
39.2539 75.4435
39.3857 114.563
39.5174 123.999
39.6492 98.6506
39.7809 45.6211
39.9127 -17.6746
40.0444 -70.92
40.1762 -100.132
40.3079 -103.216
40.4397 -88.4567
40.5714 -67.373
40.7032 -47.2518
40.8349 -28.4724
40.9667 -7.66688
41.0984 16.8002
41.2302 41.8894
41.362 61.6083
41.4937 71.3382
41.6255 70.7443
41.7572 62.9789
41.889 51.4222
42.0207 37.2351
42.1525 19.8266
42.2842 -0.661098
42.416 -21.6331
42.5477 -38.95
42.6795 -49.644
42.8112 -53.8431
42.943 -54.0883
43.0747 -52.7266
43.2065 -49.8395
43.3382 -43.5742
43.47 -32.4271
43.6017 -17.2459
43.7335 -1.09318
43.8652 12.8122
43.997 23.1171
44.1287 30.5476
44.2605 36.3511
44.3923 40.6307
44.524 42.1746
44.6558 39.8081
44.7875 33.8158
44.9193 25.9927
45.051 18.2865
45.1828 11.363
45.3145 4.45021
45.4463 -3.45375
45.578 -12.2168
45.7098 -20.3502
45.8415 -26.0931
45.9733 -28.7522
46.105 -29.0791
46.2368 -28.4305
46.3685 -27.5702
46.5003 -26.2031
46.632 -23.5414
46.7638 -19.237
46.8955 -13.7709
47.0273 -8.0244
47.1591 -2.56439
47.2908 2.6251
47.4226 7.76553
47.5543 12.7326
47.6861 16.9386
47.8178 19.7675
47.9496 21.1048
48.0813 21.4156
48.2131 21.2913
48.3448 20.9119
48.4766 19.9346
48.6083 17.8884
48.7401 14.6643
48.8718 10.631
49.0036 6.3016
49.1353 1.92153
49.2671 -2.59819
49.3988 -7.34516
49.5306 -12.0257
49.6623 -15.9526
49.7941 -18.4609
49.9259 -19.3997
50.0576 -19.2599
50.1894 -18.8113
50.3211 -18.5379
50.4529 -18.3116
50.5846 -17.5247
50.7164 -15.5296
50.8481 -12.041
50.9799 -7.26112
51.1116 -1.74757
51.2434 3.7914
51.3751 8.63998
51.5069 12.1722
51.6386 13.988
51.7704 14.0877
51.9021 12.9548
52.0339 11.409
52.1656 10.2449
52.2974 9.86306
52.4291 10.1403
52.5609 10.6234
52.6926 10.8857
52.8244 10.7688
52.9562 10.3458
53.0879 9.68058
53.2197 8.62932
53.3514 6.87332
53.4832 4.1607
53.6149 0.544166
53.7467 -3.59079
53.8784 -7.72587
54.0102 -11.4608
54.1419 -14.6089
54.2737 -17.0883
54.4054 -18.7566
54.5372 -19.3778
54.6689 -18.7739
54.8007 -17.0148
54.9324 -14.4502
55.0642 -11.5254
55.1959 -8.52933
55.3277 -5.50049
55.4594 -2.3713
55.5912 0.791513
55.723 3.69474
55.8547 5.98753
55.9865 7.55518
56.1182 8.66522
56.25 9.80287
56.3817 11.2994
56.5135 13.0444
56.6452 14.5149
56.777 15.0999
56.9087 14.4724
57.0405 12.7475
57.1722 10.3545
57.304 7.76905
57.4357 5.31192
57.5675 3.11123
57.6992 1.17191
57.831 -0.553923
57.9627 -2.13759
58.0945 -3.64778
58.2262 -5.09223
58.358 -6.36246
58.4898 -7.25867
58.6215 -7.61697
58.7533 -7.45577
58.885 -7.01412
59.0168 -6.63164
59.1485 -6.55232
59.2803 -6.79887
59.412 -7.19774
59.5438 -7.50604
59.6755 -7.52408
59.8073 -7.12779
59.939 -6.25564
60.0708 -4.92135
60.2025 -3.25977
60.3343 -1.53053
60.466 -0.0114074
60.5978 1.17715
60.7295 2.17249
60.8613 3.27794
60.993 4.71822
61.1248 6.43022
61.2565 8.06975
61.3883 9.24046
61.5201 9.76056
61.6518 9.7503
61.7836 9.48124
61.9153 9.13359
62.0471 8.67593
62.1788 7.95555
62.3106 6.89246
62.4423 5.58574
62.5741 4.23749
62.7058 2.97628
62.8376 1.75101
62.9693 0.392
63.1011 -1.22081
63.2328 -3.03327
63.3646 -4.83622
63.4963 -6.39643
63.6281 -7.58054
63.7598 -8.38066
63.8916 -8.84999
64.0233 -9.02773
64.1551 -8.91813
64.2869 -8.5204
64.4186 -7.85951
64.5504 -6.98181
64.6821 -5.92733
64.8139 -4.71586
64.9456 -3.36512
65.0774 -1.92155
65.2091 -0.470989
65.3409 0.882889
65.4726 2.05481
65.6044 3.00267
65.7361 3.73032
65.8679 4.2757
65.9996 4.69464
66.1314 5.04264
66.2631 5.35472
66.3949 5.63053
66.5266 5.83679
66.6584 5.92905
66.7901 5.87821
66.9219 5.6823
67.0537 5.35958
67.1854 4.93784
67.3172 4.45376
67.4489 3.95626
67.5807 3.49274
67.7124 3.07237
67.8442 2.6346
67.9759 2.06487
68.1077 1.2669
68.2394 0.244471
68.3712 -0.878011
68.5029 -1.92462
68.6347 -2.77735
68.7664 -3.43634
68.8982 -3.98224
69.0299 -4.48086
69.1617 -4.92156
69.2934 -5.2445
69.4252 -5.42068
69.5569 -5.4945
69.6887 -5.53743
69.8204 -5.55593
69.9522 -5.45071
70.084 -5.0794
70.2157 -4.37207
70.3475 -3.39206
70.4792 -2.28303
70.611 -1.15339
70.7427 -0.0110663
70.8745 1.18809
71.0062 2.42944
71.138 3.58295
71.2697 4.46666
71.4015 4.97701
71.5332 5.16266
71.665 5.16836
71.7967 5.10061
71.9285 4.94563
72.0602 4.62597
72.192 4.15164
72.3237 3.72372
72.4555 3.67243
72.5872 4.23855
72.719 5.33504
72.8508 6.45748
72.9825 6.83222
73.1143 5.75875
73.246 2.99418
73.3778 -1.00993
73.5095 -5.16482
73.6413 -8.12454
73.773 -8.85698
73.9048 -7.14115
74.0365 -3.71411
74.1683 0.0492814
74.3 2.77381
74.4318 3.68469
74.5635 2.83505
74.6953 0.871371
74.827 -1.44647
74.9588 -3.62004
75.0905 -5.46656
75.2223 -6.91852
75.354 -7.82344
75.4858 -7.94747
75.6176 -7.16178
75.7493 -5.60904
75.8811 -3.6708
76.0128 -1.75014
76.1446 -0.0573684
76.2763 1.42253
76.4081 2.77599
76.5398 3.98475
76.6716 4.89745
76.8033 5.36562
76.9351 5.40127
77.0668 5.19735
77.1986 4.98778
77.3303 4.87459
77.4621 4.77551
77.5938 4.53034
77.7256 4.06276
77.8573 3.45589
77.9891 2.88758
78.1208 2.49402
78.2526 2.27725
78.3843 2.11704
78.5161 1.85638
78.6479 1.38776
78.7796 0.69426
78.9114 -0.15174
79.0431 -1.0113
79.1749 -1.71828
79.3066 -2.14162
79.4384 -2.25624
79.5701 -2.17686
79.7019 -2.11194
79.8336 -2.24706
79.9654 -2.62815
80.0971 -3.12737
80.2289 -3.5185
80.3606 -3.60979
80.4924 -3.34402
80.6241 -2.8079
80.7559 -2.16267
80.8876 -1.55543
81.0194 -1.06627
81.1511 -0.70572
81.2829 -0.441681
81.4147 -0.228577
81.5464 -0.0254844
81.6782 0.196839
81.8099 0.45674
81.9417 0.767044
82.0734 1.13879
82.2052 1.5758
82.3369 2.06065
82.4687 2.54588
82.6004 2.96616
82.7322 3.26975
82.8639 3.44526
82.9957 3.5178
83.1274 3.51536
83.2592 3.43845
83.3909 3.26722
83.5227 3.00378
83.6544 2.70615
83.7862 2.46872
83.9179 2.35163
84.0497 2.315
84.1815 2.22074
84.3132 1.91092
84.445 1.30603
84.5767 0.448717
84.7085 -0.532909
84.8402 -1.50129
84.972 -2.36007
85.1037 -3.05254
85.2355 -3.53708
85.3672 -3.78353
85.499 -3.79813
85.6307 -3.64059
85.7625 -3.39798
85.8942 -3.12741
86.026 -2.82097
86.1577 -2.43195
86.2895 -1.94146
86.4212 -1.39959
86.553 -0.895998
86.6847 -0.484553
86.8165 -0.135519
86.9482 0.235276
87.08 0.686481
87.2118 1.19775
87.3435 1.69361
87.4753 2.11694
87.607 2.47429
87.7388 2.80533
87.8705 3.1101
88.0023 3.31558
88.134 3.32673
88.2658 3.12012
88.3975 2.78923
88.5293 2.4902
88.661 2.32887
88.7928 2.28547
88.9245 2.23848
89.0563 2.06073
89.188 1.70386
89.3198 1.21125
89.4515 0.67212
89.5833 0.173677
89.715 -0.214308
89.8468 -0.441192
89.9786 -0.498846
90.1103 -0.461998
90.2421 -0.492763
90.3738 -0.766199
90.5056 -1.34593
90.6373 -2.10517
90.7691 -2.77346
90.9008 -3.09291
91.0326 -2.97211
91.1643 -2.52211
91.2961 -1.95435
91.4278 -1.43159
91.5596 -0.990485
91.6913 -0.580358
91.8231 -0.15924
91.9548 0.248933
92.0866 0.578627
92.2183 0.788221
92.3501 0.895246
92.4818 0.952072
92.6136 0.996501
92.7454 1.0308
92.8771 1.04436
93.0089 1.04646
93.1406 1.06921
93.2724 1.13841
93.4041 1.24668
93.5359 1.35896
93.6676 1.44225
93.7994 1.48559
93.9311 1.48998
94.0629 1.44574
94.1946 1.33027
94.3264 1.13188
94.4581 0.885465
94.5899 0.639652
94.7216 0.494883
94.8534 0.448985
94.9851 0.431286
95.1169 0.394907
95.2486 0.328076
95.3804 0.222688
95.5121 0.167178
95.6439 0.125349
95.7757 0.0796458
95.9074 -0.0610395
96.0392 -0.261758
96.1709 -0.517945
96.3027 -0.802934
96.4344 -1.09181
96.5662 -1.35565
96.6979 -1.53294
96.8297 -1.54773
96.9614 -1.34515
97.0932 -0.860297
97.2249 -0.388915
97.3567 -0.0417573
97.4884 0.0998876
97.6202 0.0887576
97.7519 0.137796
97.8837 0.243996
98.0154 0.451161
98.1472 0.593754
98.2789 0.717211
98.4107 0.800822
98.5425 0.858865
98.6742 0.933027
98.806 1.00744
98.9377 1.0293
99.0695 0.977317
99.2012 0.944693
99.333 0.875101
99.4647 0.775259
99.5965 0.608545
99.7282 0.387519
99.86 0.20491
99.9917 0.14455
100.123 0.211375
100.255 0.36956
100.387 0.430534
100.519 0.39697
100.65 0.246914
100.782 0.137521
100.914 0.0851379
101.046 0.0746189
101.177 0.0513784
101.309 -0.0684485
101.441 -0.25269
101.573 -0.36306
101.705 -0.391125
101.836 -0.352908
101.968 -0.373315
102.1 -0.455063
102.232 -0.556684
102.363 -0.561539
102.495 -0.425188
102.627 -0.168352
102.759 0.0381499
102.89 0.230786
103.022 0.351335
103.154 0.363846
103.286 0.296258
103.417 0.186017
103.549 0.128634
103.681 0.0815414
103.813 0.105841
103.944 0.219421
104.076 0.347688
104.208 0.331886
104.34 0.377799
104.471 0.353595
104.603 0.357614
104.735 0.440095
104.867 0.543018
104.998 0.545166
105.13 0.485966
105.262 0.370199
105.394 0.255232
105.525 0.194926
105.657 0.150437
105.789 0.0683113
105.921 -0.0407519
106.052 -0.115251
106.184 -0.0890343
106.316 0.0182019
106.448 0.1154
106.579 0.136392
106.711 0.066854
106.843 -0.0849928
106.975 -0.149308
107.106 -0.096666
107.238 -0.00194531
107.37 0.0922453
107.502 0.0983759
107.633 0.130316
107.765 0.145931
107.897 0.214472
108.029 0.221371
108.16 0.166122
108.292 0.115718
108.424 0.0800671
108.556 0.121471
108.687 0.253076
108.819 0.347564
108.951 0.353881
109.083 0.276867
109.214 0.161698
109.346 0.100081
109.478 0.0640657
109.61 0.0323649
109.741 -0.0150807
109.873 -0.0642229
110.005 -0.121752
110.137 -0.104225
110.268 -0.0811935
110.4 -0.0601392
110.532 -0.0458515
110.664 -0.00571376
110.795 0.0712619
110.927 0.129809
111.059 0.237947
111.191 0.28615
111.322 0.261312
111.454 0.21893
111.586 0.23131
111.718 0.184682
111.849 0.107891
111.981 0.00655325
112.113 -0.104989
112.245 -0.183427
112.376 -0.154962
112.508 -0.0812608
112.64 -0.0336253
112.772 -0.0221083
112.903 -0.0613615
113.035 -0.0788287
113.167 -0.0267965
113.299 0.108566
113.43 0.20509
113.562 0.235651
113.694 0.146479
113.826 0.0639925
113.957 0.00984407
114.089 0.0254785
114.221 0.0508536
114.353 0.0455893
114.484 0.0224633
114.616 0.00191672
114.748 0.0233627
114.88 0.0375456
115.011 0.0209483
115.143 0.0102147
115.275 0.020799
115.407 0.025057
115.538 0.0239514
115.67 0.00864112
115.802 -0.014648
115.934 -0.00275715
116.066 0.0185908
116.197 0.0821006
116.329 0.141914
116.461 0.165969
116.593 0.172828
116.724 0.0902627
116.856 0.0307078
116.988 0.0172366
117.12 0.0255483
117.251 -0.0487898
117.383 -0.179194
117.515 -0.246789
117.647 -0.253525
117.778 -0.13067
117.91 -0.0171375
118.042 0.0505861
118.174 0.0481058
118.305 -0.00232619
118.437 -0.0143546
118.569 0.0142532
118.701 0.0576564
118.832 0.0514368
118.964 0.00156286
119.096 -0.034383
119.228 -0.0436777
119.359 -0.0548565
119.491 -0.0349623
119.623 -0.0310112
119.755 -0.0294081
119.886 -0.0839697
120.018 -0.0380197
120.15 0.00578737
120.282 0.0122495
120.413 0.000848469
120.545 -0.0300744
120.677 -0.0392155
120.809 -0.0366083
120.94 -0.0512422
121.072 -0.0394556
121.204 0.00383254
121.336 -0.0423471
121.467 -0.0429063
121.599 -0.00676703
121.731 0.00393054
121.863 0.020642
121.994 0.00787677
122.126 0.000419245
122.258 -0.0281841
122.39 -0.0451491
122.521 0.00882844
122.653 0.0522221
122.785 0.060171
122.917 -0.050828
123.048 -0.0300118
123.18 -0.00250906
123.312 0.032856
123.444 0.00391506
123.575 0.0070761
123.707 -0.0255046
123.839 -0.0532379
123.971 -0.00488264
124.102 0.00324771
124.234 0.0246557
124.366 0.00334511
124.498 -0.00334208
124.629 -0.0150268
124.761 -0.0108794
124.893 0.0173845
125.025 0.0342204
125.156 0.019369
125.288 0.0203649
125.42 -0.00193363
125.552 -0.00347805
125.683 0.0114807
125.815 0.00380053
125.947 -0.00924798
126.079 0.0126499
126.21 0.0217876
126.342 0.0119364
126.474 0.00197296
126.606 -0.00471056
126.737 0.00144706
126.869 0.00793787
127.001 0.00835139
127.133 0.00389014
127.264 0.000118317
127.396 -0.00747004
127.528 -0.00423046
127.66 0.0100592
127.791 0.0045627
127.923 0.0045627
128.055 0.0045627
128.187 0.0045627
128.318 0.0045627
128.45 0.0045627
128.582 0.0045627
128.714 0.0045627
128.845 0.0045627
128.977 0.0045627
129.109 0.0045627
129.241 0.0045627
129.372 0.0045627
129.504 0.0045627
129.636 0.0045627
129.768 0.0045627
129.9 0.0045627
130.031 0.0045627
130.163 0.0045627
130.295 0.0045627
130.427 0.0045627
130.558 0.0045627
130.69 0.0045627
130.822 0.0045627
130.954 0.0045627
131.085 0.0045627
131.217 0.0045627
131.349 0.0045627
131.481 0.0045627
131.612 0.0045627
131.744 0.0045627
131.876 0.0045627
132.008 0.0045627
132.139 0.0045627
132.271 0.0045627
132.403 0.0045627
132.535 0.0045627
132.666 0.0045627
132.798 0.0045627
132.93 0.0045627
133.062 0.0045627
133.193 0.0045627
133.325 0.0045627
133.457 0.0045627
133.589 0.0045627
133.72 0.0045627
133.852 0.0045627
133.984 0.0045627
134.116 0.0045627
134.247 0.0045627
134.379 0.0045627
134.511 0.0045627
134.643 0.0045627
134.774 0.0045627
134.906 0.0045627
135.038 0.0045627
