-4.71135 0.199602
-4.5796 0.190315
-4.44785 0.122733
-4.3161 -0.02104
-4.18434 -0.178213
-4.05259 -0.313729
-3.92084 -0.339152
-3.78909 -0.25153
-3.65733 -0.12339
-3.52558 0.0404324
-3.39383 0.116418
-3.26208 0.139654
-3.13033 0.137123
-2.99857 0.093267
-2.86682 0.0434555
-2.73507 0.0478103
-2.60332 0.093425
-2.47156 0.159355
-2.33981 0.230313
-2.20806 0.265575
-2.07631 0.275488
-1.94455 0.277944
-1.8128 0.261383
-1.68105 0.204573
-1.5493 0.189171
-1.41755 0.266794
-1.28579 0.295747
-1.15404 0.295046
-1.02229 0.235162
-0.890536 0.104942
-0.758784 0.122902
-0.627031 0.172831
-0.495279 0.20986
-0.363527 0.195219
-0.231774 0.116513
-0.100022 -0.0721691
0.0317302 -0.234379
0.163483 -0.365871
0.295235 -0.44122
0.426987 -0.402996
0.558739 -0.276111
0.690492 -0.0617772
0.822244 0.150155
0.953996 0.327121
1.08575 0.4005
1.2175 0.359062
1.34925 0.263811
1.48101 0.214268
1.61276 0.175958
1.74451 0.130804
1.87626 0.0312228
2.00801 -0.0905716
2.13977 -0.248401
2.27152 -0.29735
2.40327 -0.176659
2.53502 0.0463942
2.66678 0.296496
2.79853 0.486871
2.93028 0.611596
3.06203 0.649393
3.19379 0.581038
3.32554 0.49811
3.45729 0.35234
3.58904 0.172
3.72079 -0.0212711
3.85255 -0.0984223
3.9843 -0.0781754
4.11605 -0.09163
4.2478 -0.0538762
4.37956 -0.00429526
4.51131 0.0165928
4.64306 0.0566776
4.77481 0.0357674
4.90657 0.0321407
5.03832 0.0451043
5.17007 0.0356628
5.30182 0.0759814
5.43357 0.181089
5.56533 0.309966
5.69708 0.335184
5.82883 0.286197
5.96058 0.161291
6.09234 0.0348112
6.22409 -0.128188
6.35584 -0.235335
6.48759 -0.2198
6.61935 -0.0835116
6.7511 0.177424
6.88285 0.489348
7.0146 0.741462
7.14635 0.846434
7.27811 0.73193
7.40986 0.477026
7.54161 0.163574
7.67336 -0.1051
7.80512 -0.27666
7.93687 -0.414737
8.06862 -0.506632
8.20037 -0.538182
8.33213 -0.511493
8.46388 -0.314305
8.59563 0.00528027
8.72738 0.388904
8.85913 0.710219
8.99089 0.871143
9.12264 0.940837
9.25439 0.89431
9.38614 0.669953
9.5179 0.366174
9.64965 0.073414
9.7814 -0.16863
9.91315 -0.265883
10.0449 -0.2742
10.1767 -0.239971
10.3084 -0.268619
10.4402 -0.369103
10.5719 -0.445606
10.7037 -0.402592
10.8354 -0.299907
10.9672 -0.121923
11.0989 0.0467677
11.2307 0.216542
11.3624 0.387022
11.4942 0.598864
11.6259 0.765151
11.7577 0.886051
11.8894 0.828195
12.0212 0.790189
12.1529 0.782762
12.2847 0.832086
12.4164 0.822433
12.5482 0.666916
12.68 0.267006
12.8117 -0.232782
12.9435 -0.597552
13.0752 -0.731413
13.207 -0.68203
13.3387 -0.515276
13.4705 -0.40613
13.6022 -0.30352
13.734 -0.200503
13.8657 0.034292
13.9975 0.350635
14.1292 0.591282
14.261 0.771359
14.3927 0.780188
14.5245 0.714353
14.6562 0.582651
14.788 0.415169
14.9197 0.152959
15.0515 -0.100326
15.1832 -0.242639
15.315 -0.174111
15.4467 -0.0134524
15.5785 0.169037
15.7103 0.187585
15.842 0.0711774
15.9738 -0.0796266
16.1055 -0.125952
16.2373 -0.0587834
16.369 0.0733602
16.5008 0.206579
16.6325 0.266312
16.7643 0.348921
16.896 0.425563
17.0278 0.575296
17.1595 0.715246
17.2913 0.825887
17.423 0.864206
17.5548 0.863944
17.6865 0.862405
17.8183 0.749709
17.95 0.515095
18.0818 0.194504
18.2135 -0.0545855
18.3453 -0.156274
18.4771 -0.138662
18.6088 -0.0659902
18.7406 -0.133658
18.8723 -0.332989
19.0041 -0.544463
19.1358 -0.633932
19.2676 -0.531756
19.3993 -0.368255
19.5311 -0.252029
19.6628 -0.105512
19.7946 0.0814278
19.9263 0.362409
20.0581 0.651358
20.1898 0.824199
20.3216 0.791842
20.4533 0.644984
20.5851 0.583354
20.7168 0.700083
20.8486 0.856507
20.9803 0.857169
21.1121 0.567969
21.2439 0.0781943
21.3756 -0.375368
21.5074 -0.602946
21.6391 -0.59206
21.7709 -0.458942
21.9026 -0.292938
22.0344 -0.0690841
22.1661 0.28122
22.2979 0.731075
22.4296 1.1196
22.5614 1.27509
22.6931 1.17938
22.8249 0.995031
22.9566 0.911373
23.0884 0.955912
23.2201 0.963079
23.3519 0.737954
23.4836 0.254723
23.6154 -0.306985
23.7471 -0.720063
23.8789 -0.898287
24.0106 -0.927196
24.1424 -0.921069
24.2742 -0.873797
24.4059 -0.672495
24.5377 -0.259407
24.6694 0.24257
24.8012 0.596014
24.9329 0.658083
25.0647 0.520995
25.1964 0.429233
25.3282 0.544634
25.4599 0.791402
25.5917 0.936621
25.7234 0.822519
25.8552 0.512435
25.9869 0.206157
26.1187 0.024627
26.2504 -0.0990587
26.3822 -0.303384
26.5139 -0.587118
26.6457 -0.746114
26.7774 -0.54993
26.9092 0.0116005
27.041 0.673978
27.1727 1.11212
27.3045 1.22074
27.4362 1.18001
27.568 1.23843
27.6997 1.43504
27.8315 1.54868
27.9632 1.3292
28.095 0.770944
28.2267 0.142369
28.3585 -0.262712
28.4902 -0.395659
28.622 -0.465781
28.7537 -0.687122
28.8855 -1.03235
29.0172 -1.25871
29.149 -1.1782
29.2807 -0.877065
29.4125 -0.636913
29.5442 -0.629857
29.676 -0.713354
29.8078 -0.559253
29.9395 4.78726e-05
30.0713 0.767853
30.203 1.34753
30.3348 1.51811
30.4665 1.43344
30.5983 1.43237
30.73 1.65565
30.8618 1.87788
30.9935 1.7425
31.1253 1.157
31.257 0.420675
31.3888 -0.068842
31.5205 -0.227432
31.6523 -0.362798
31.784 -0.806466
31.9158 -1.47593
32.0475 -1.85662
32.1793 -1.47834
32.311 -0.427026
32.4428 0.651515
32.5745 1.10863
32.7063 0.879439
32.8381 0.504337
32.9698 0.548473
33.1016 1.00825
33.2333 1.33
33.3651 1.04084
33.4968 0.331872
33.6286 -0.0576896
33.7603 0.402183
33.8921 1.39135
34.0238 1.9124
34.1556 1.16569
34.2873 -0.731792
34.4191 -2.91848
34.5508 -4.65665
34.6826 -5.9089
34.8143 -6.87198
34.9461 -6.86619
35.0778 -3.91593
35.2096 3.98878
35.3413 16.4853
35.4731 29.2112
35.6049 34.7638
35.7366 26.3121
35.8684 1.88389
36.0001 -33.3398
36.1319 -68.2148
36.2636 -89.7262
36.3954 -87.9711
36.5271 -59.9802
36.6589 -11.2218
36.7906 45.51
36.9224 93.6491
37.0541 118.198
37.1859 111.301
37.3176 75.6473
37.4494 23.5657
37.5811 -28.3056
37.7129 -66.2239
37.8446 -84.422
37.9764 -85.343
38.1081 -75.564
38.2399 -60.7689
38.3717 -43.3023
38.5034 -23.3285
38.6352 -1.60532
38.7669 19.0971
38.8987 35.2001
39.0304 44.7715
39.1622 48.7291
39.2939 49.6081
39.4257 49.077
39.5574 46.538
39.6892 40.0392
39.8209 28.516
39.9527 13.1959
40.0844 -3.08183
40.2162 -17.8419
40.3479 -30.2867
40.4797 -40.776
40.6114 -49.1866
40.7432 -53.9736
40.8749 -53.0285
41.0067 -45.6072
41.1384 -33.4839
41.2702 -20.1455
41.402 -8.62922
41.5337 0.174433
41.6655 7.4028
41.7972 14.583
41.929 22.0395
42.0607 28.6779
42.1925 33.0864
42.3242 34.7358
42.456 34.1566
42.5877 32.1081
42.7195 28.7284
42.8512 23.5581
42.983 16.3553
43.1147 7.80023
43.2465 -0.673161
43.3782 -7.78755
43.51 -13.2125
43.6417 -17.5167
43.7735 -21.3866
43.9052 -24.8841
44.037 -27.4003
44.1688 -28.2476
44.3005 -27.2503
44.4323 -24.7933
44.564 -21.3852
44.6958 -17.2621
44.8275 -12.4294
44.9593 -7.02646
45.091 -1.54552
45.2228 3.38007
45.3545 7.42073
45.4863 10.7591
45.618 13.8227
45.7498 16.7862
45.8815 19.3254
46.0133 20.8608
46.145 21.0474
46.2768 20.0443
46.4085 18.3257
46.5403 16.2476
46.672 13.7984
46.8038 10.7535
46.9356 7.04685
47.0673 2.97953
47.1991 -0.937079
47.3308 -4.34192
47.4626 -7.25103
47.5943 -9.96204
47.7261 -12.75
47.8578 -15.6226
47.9896 -18.2961
48.1213 -20.3315
48.2531 -21.2749
48.3848 -20.7342
48.5166 -18.4597
48.6483 -14.4971
48.7801 -9.34517
48.9118 -3.93923
49.0436 0.642838
49.1753 3.63829
49.3071 4.93754
49.4388 5.07333
49.5706 4.87374
49.7023 5.02207
49.8341 5.79882
49.9659 7.11111
50.0976 8.70217
50.2294 10.3466
50.3611 11.9115
50.4929 13.2999
50.6246 14.3712
50.7564 14.9164
50.8881 14.7046
51.0199 13.5657
51.1516 11.4648
51.2834 8.52964
51.4151 5.01227
51.5469 1.19828
51.6786 -2.68365
51.8104 -6.48619
51.9421 -10.0796
52.0739 -13.2555
52.2056 -15.6984
52.3374 -17.082
52.4691 -17.239
52.6009 -16.2772
52.7327 -14.5441
52.8644 -12.4627
52.9962 -10.3588
53.1279 -8.38911
53.2597 -6.5777
53.3914 -4.87637
53.5232 -3.17945
53.6549 -1.31283
53.7867 0.920982
53.9184 3.60735
54.0502 6.57379
54.1819 9.37332
54.3137 11.4599
54.4454 12.4625
54.5772 12.3707
54.7089 11.5025
54.8407 10.2944
54.9724 9.07546
55.1042 7.97288
55.2359 6.96354
55.3677 5.97742
55.4995 4.95592
55.6312 3.85378
55.763 2.6402
55.8947 1.33491
56.0265 0.0449763
56.1582 -1.06226
56.29 -1.86134
56.4217 -2.37416
56.5535 -2.78491
56.6852 -3.33969
56.817 -4.2009
56.9487 -5.35805
57.0805 -6.64069
57.2122 -7.79865
57.344 -8.58705
57.4757 -8.82901
57.6075 -8.46705
57.7392 -7.6035
57.871 -6.48965
58.0027 -5.42214
58.1345 -4.57636
58.2662 -3.88928
58.398 -3.10302
58.5298 -1.96409
58.6615 -0.434042
58.7933 1.26246
58.925 2.79949
59.0568 3.98975
59.1885 4.90014
59.3203 5.74948
59.452 6.68679
59.5838 7.64921
59.7155 8.41792
59.8473 8.80666
59.979 8.80419
60.1108 8.54683
60.2425 8.16225
60.3743 7.63963
60.506 6.84467
60.6378 5.65597
60.7695 4.09176
60.9013 2.31743
61.033 0.541146
61.1648 -1.1012
61.2966 -2.58013
61.4283 -3.92166
61.5601 -5.1383
61.6918 -6.20274
61.8236 -7.06577
61.9553 -7.67909
62.0871 -7.9985
62.2188 -7.98298
62.3506 -7.61505
62.4823 -6.93618
62.6141 -6.05732
62.7458 -5.11704
62.8776 -4.20997
63.0093 -3.34449
63.1411 -2.46737
63.2728 -1.53224
63.4046 -0.549479
63.5363 0.423271
63.6681 1.33095
63.7998 2.15631
63.9316 2.9085
64.0634 3.58643
64.1951 4.16383
64.3269 4.61369
64.4586 4.94187
64.5904 5.18612
64.7221 5.37555
64.8539 5.49215
64.9856 5.47914
65.1174 5.29353
65.2491 4.95252
65.3809 4.52634
65.5126 4.08279
65.6444 3.63666
65.7761 3.15128
65.9079 2.58642
66.0396 1.94255
66.1714 1.25962
66.3031 0.577951
66.4349 -0.0951497
66.5666 -0.781926
66.6984 -1.5056
66.8301 -2.27125
66.9619 -3.07055
67.0937 -3.88925
67.2254 -4.69223
67.3572 -5.39605
67.4889 -5.87118
67.6207 -5.99961
67.7524 -5.75613
67.8842 -5.2417
68.0159 -4.62635
68.1477 -4.03822
68.2794 -3.48925
68.4112 -2.89938
68.5429 -2.19138
68.6747 -1.36548
68.8064 -0.488524
68.9382 0.377229
69.0699 1.21915
69.2017 2.03772
69.3334 2.76816
69.4652 3.26012
69.5969 3.37249
69.7287 3.12859
69.8605 2.79938
69.9922 2.81668
70.124 3.54033
70.2557 5.01264
70.3875 6.84878
70.5192 8.33332
70.651 8.68825
70.7827 7.40796
70.9145 4.53296
71.0462 0.740979
71.178 -2.82587
71.3097 -4.98358
71.4415 -5.02389
71.5732 -3.06797
71.705 -0.0342371
71.8367 2.79778
71.9685 4.39094
72.1002 4.3693
72.232 3.02798
72.3637 0.995444
72.4955 -1.16871
72.6273 -3.16745
72.759 -4.89384
72.8908 -6.25625
73.0225 -7.10613
73.1543 -7.32444
73.286 -6.9465
73.4178 -6.17218
73.5495 -5.23671
73.6813 -4.26457
73.813 -3.24363
73.9448 -2.13109
74.0765 -0.969533
74.2083 0.110569
74.34 1.00033
74.4718 1.71151
74.6035 2.35281
74.7353 3.00091
74.867 3.5976
74.9988 3.98442
75.1305 4.05086
75.2623 3.85687
75.394 3.61091
75.5258 3.51895
75.6576 3.63636
75.7893 3.84332
75.9211 3.94637
76.0528 3.80416
76.1846 3.38057
76.3163 2.72
76.4481 1.9117
76.5798 1.08967
76.7116 0.438469
76.8433 0.141444
76.9751 0.265949
77.1068 0.670159
77.2386 1.03347
77.3703 1.02198
77.5021 0.480373
77.6338 -0.490403
77.7656 -1.6187
77.8973 -2.62802
78.0291 -3.35098
78.1608 -3.73073
78.2926 -3.76235
78.4244 -3.46672
78.5561 -2.92505
78.6879 -2.31187
78.8196 -1.85004
78.9514 -1.69227
79.0831 -1.82226
79.2149 -2.06851
79.3466 -2.22707
79.4784 -2.19075
79.6101 -1.97946
79.7419 -1.66244
79.8736 -1.26288
80.0054 -0.741466
80.1371 -0.0669594
80.2689 0.708854
80.4006 1.457
80.5324 2.05858
80.6641 2.49125
80.7959 2.83361
80.9276 3.18678
81.0594 3.58835
81.1912 3.9932
81.3229 4.32457
81.4547 4.5342
81.5864 4.61365
81.7182 4.55891
81.8499 4.33943
81.9817 3.91179
82.1134 3.26505
82.2452 2.44946
82.3769 1.55822
82.5087 0.679823
82.6404 -0.136154
82.7722 -0.877346
82.9039 -1.5469
83.0357 -2.14994
83.1674 -2.69391
83.2992 -3.18418
83.4309 -3.60353
83.5627 -3.89428
83.6944 -3.97538
83.8262 -3.79791
83.9579 -3.39723
84.0897 -2.88982
84.2215 -2.40736
84.3532 -2.02034
84.485 -1.71626
84.6167 -1.4463
84.7485 -1.18704
84.8802 -0.95164
85.012 -0.741382
85.1437 -0.497312
85.2755 -0.118263
85.4072 0.455592
85.539 1.16893
85.6707 1.86552
85.8025 2.39097
85.9342 2.69972
86.066 2.87334
86.1977 3.03646
86.3295 3.2468
86.4612 3.45278
86.593 3.54397
86.7247 3.43689
86.8565 3.12059
86.9883 2.65153
87.12 2.07802
87.2518 1.48048
87.3835 0.952934
87.5153 0.604089
87.647 0.482612
87.7788 0.512185
87.9105 0.493231
88.0423 0.25525
88.174 -0.284141
88.3058 -1.01711
88.4375 -1.7918
88.5693 -2.39655
88.701 -2.77771
88.8328 -2.96611
88.9645 -2.92958
89.0963 -2.64148
89.228 -2.07945
89.3598 -1.35778
89.4915 -0.615159
89.6233 -0.106871
89.7551 0.0933713
89.8868 0.0653712
90.0186 -0.0303731
90.1503 -0.0329149
90.2821 0.066194
90.4138 0.220764
90.5456 0.252343
90.6773 0.262728
90.8091 0.242025
90.9408 0.305935
91.0726 0.518815
91.2043 0.75148
91.3361 0.946727
91.4678 1.07979
91.5996 1.15479
91.7313 1.18956
91.8631 1.10327
91.9948 1.01579
92.1266 0.935426
92.2583 0.89575
92.3901 0.833786
92.5218 0.802339
92.6536 0.72177
92.7854 0.628544
92.9171 0.597857
93.0489 0.565982
93.1806 0.623287
93.3124 0.698946
93.4441 0.700217
93.5759 0.601668
93.7076 0.403192
93.8394 0.104794
93.9711 -0.248217
94.1029 -0.680628
94.2346 -1.17732
94.3664 -1.53041
94.4981 -1.58789
94.6299 -1.35282
94.7616 -0.926544
94.8934 -0.480491
95.0251 -0.177709
95.1569 0.0123681
95.2886 0.0641849
95.4204 0.0850031
95.5522 0.081319
95.6839 0.076026
95.8157 0.0577084
95.9474 0.0941286
96.0792 0.182337
96.2109 0.3015
96.3427 0.391206
96.4744 0.301445
96.6062 0.105022
96.7379 -0.133325
96.8697 -0.268761
97.0014 -0.177005
97.1332 0.0792678
97.2649 0.32257
97.3967 0.467997
97.5284 0.524145
97.6602 0.549567
97.7919 0.607267
97.9237 0.655602
98.0554 0.636664
98.1872 0.578019
98.319 0.574663
98.4507 0.601516
98.5825 0.570949
98.7142 0.508627
98.846 0.303903
98.9777 0.0214801
99.1095 -0.168239
99.2412 -0.317354
99.373 -0.268164
99.5047 -0.0909567
99.6365 0.0747719
99.7682 0.133452
99.9 0.154944
100.032 0.112117
100.163 0.101402
100.295 0.135022
100.427 0.144216
100.559 0.133026
100.69 0.0832551
100.822 0.0469502
100.954 -0.00595873
101.086 -0.057812
101.218 -0.0860459
101.349 -0.0734122
101.481 -0.0368785
101.613 0.0665528
101.745 0.173997
101.876 0.233929
102.008 0.192789
102.14 0.149775
102.272 0.0838852
102.403 -0.00541378
102.535 -0.0953389
102.667 -0.205826
102.799 -0.306174
102.93 -0.37123
103.062 -0.332468
103.194 -0.168444
103.326 -0.0305944
103.457 0.0663987
103.589 0.101587
103.721 0.140601
103.853 0.154095
103.984 0.192391
104.116 0.331873
104.248 0.402067
104.38 0.395626
104.511 0.363651
104.643 0.287958
104.775 0.255773
104.907 0.176511
105.038 0.0585366
105.17 -0.00986006
105.302 -0.0408334
105.434 -0.0362973
105.565 -0.0128851
105.697 0.0675782
105.829 0.122094
105.961 0.167032
106.092 0.183621
106.224 0.253173
106.356 0.302318
106.488 0.280083
106.619 0.223408
106.751 0.158581
106.883 0.128232
107.015 0.127527
107.146 0.0995006
107.278 0.0462249
107.41 -0.0487726
107.542 -0.11775
107.673 -0.142576
107.805 -0.162513
107.937 -0.181749
108.069 -0.257916
108.2 -0.353323
108.332 -0.349006
108.464 -0.282977
108.596 -0.154182
108.727 -0.047823
108.859 0.0225232
108.991 0.0963953
109.123 0.117219
109.254 0.125946
109.386 0.165678
109.518 0.123475
109.65 -0.0330179
109.781 -0.201927
109.913 -0.33087
110.045 -0.315987
110.177 -0.191115
110.308 0.0150935
110.44 0.231859
110.572 0.379617
110.704 0.420993
110.835 0.43415
110.967 0.362258
111.099 0.247249
111.231 0.0980134
111.362 -0.0135011
111.494 -0.0820523
111.626 -0.0613892
111.758 -0.0495426
111.889 0.0279904
112.021 0.0142333
112.153 -0.00545236
112.285 -0.0210221
112.416 -0.00402293
112.548 -0.0135023
112.68 -0.0120833
112.812 -0.0348585
112.943 -0.098456
113.075 -0.132583
113.207 -0.0921616
113.339 -0.053823
113.47 0.0132995
113.602 0.0266265
113.734 0.051589
113.866 0.0281151
113.997 -0.0100139
114.129 0.00354241
114.261 -0.0266884
114.393 0.000121183
114.524 0.0258401
114.656 0.0638133
114.788 0.0669081
114.92 0.0859945
115.051 0.0769109
115.183 0.0521048
115.315 -0.00859516
115.447 -0.0231068
115.579 -0.0569668
115.71 -0.0475295
115.842 -0.0294089
115.974 0.00629075
116.106 0.0390895
116.237 0.0816557
116.369 0.10186
116.501 0.0711137
116.633 0.0481887
116.764 -0.00303809
116.896 0.00463419
117.028 -0.0154407
117.16 -0.0368612
117.291 -0.075785
117.423 -0.0693346
117.555 -0.0194666
117.687 0.0115931
117.818 0.0497261
117.95 0.0476362
118.082 0.0256214
118.214 -0.0167643
118.345 -0.021256
118.477 0.02904
118.609 0.0449718
118.741 0.0628094
118.872 0.0530608
119.004 0.0281023
119.136 0.0123691
119.268 -0.0177836
119.399 -0.0158683
119.531 0.0234113
119.663 0.0114451
119.795 0.0107564
119.926 0.00900194
120.058 0.0151721
120.19 0.00758401
120.322 0.00648599
120.453 0.0161267
120.585 0.017873
120.717 0.00662136
120.849 0.012763
120.98 0.012763
121.112 0.012763
121.244 0.012763
121.376 0.012763
121.507 0.012763
121.639 0.012763
121.771 0.012763
121.903 0.012763
122.034 0.012763
122.166 0.012763
122.298 0.012763
122.43 0.012763
122.561 0.012763
122.693 0.012763
122.825 0.012763
122.957 0.012763
123.088 0.012763
123.22 0.012763
123.352 0.012763
123.484 0.012763
123.615 0.012763
123.747 0.012763
123.879 0.012763
124.011 0.012763
124.142 0.012763
124.274 0.012763
124.406 0.012763
124.538 0.012763
124.669 0.012763
124.801 0.012763
124.933 0.012763
125.065 0.012763
125.196 0.012763
125.328 0.012763
125.46 0.012763
125.592 0.012763
125.723 0.012763
125.855 0.012763
125.987 0.012763
126.119 0.012763
126.25 0.012763
126.382 0.012763
126.514 0.012763
126.646 0.012763
126.777 0.012763
126.909 0.012763
127.041 0.012763
127.173 0.012763
127.304 0.012763
127.436 0.012763
127.568 0.012763
127.7 0.012763
127.831 0.012763
127.963 0.012763
128.095 0.012763
128.227 0.012763
128.358 0.012763
128.49 0.012763
128.622 0.012763
128.754 0.012763
128.885 0.012763
129.017 0.012763
129.149 0.012763
129.281 0.012763
129.412 0.012763
129.544 0.012763
129.676 0.012763
129.808 0.012763
129.94 0.012763
130.071 0.012763
