-3.68527 -0.0209001
-3.55352 -0.0426722
-3.42177 -0.0618552
-3.29001 -0.116821
-3.15826 -0.133233
-3.02651 -0.0904169
-2.89476 -0.0177099
-2.76301 0.0548623
-2.63125 0.0576069
-2.4995 0.0542868
-2.36775 -0.0129854
-2.236 0.0194961
-2.10424 0.0692686
-1.97249 0.227871
-1.84074 0.282887
-1.70899 0.217108
-1.57723 0.0587579
-1.44548 -0.0158618
-1.31373 -0.0571391
-1.18198 -0.0521216
-1.05023 -0.0548948
-0.918473 -0.0334573
-0.786721 -0.0430177
-0.654969 -0.0060674
-0.523217 0.0597515
-0.391464 0.128375
-0.259712 0.1083
-0.12796 0.0307156
0.00379267 -0.0748536
0.135545 -0.156822
0.267297 -0.184584
0.39905 -0.143464
0.530802 -0.0415957
0.662554 0.00286824
0.794307 0.0440407
0.926059 0.0874756
1.05781 0.104075
1.18956 0.100319
1.32132 0.100979
1.45307 0.144097
1.58482 0.212549
1.71657 0.295567
1.84832 0.40119
1.98008 0.521272
2.11183 0.531416
2.24358 0.52329
2.37533 0.439258
2.50709 0.313662
2.63884 0.161851
2.77059 0.00365261
2.90234 -0.157358
3.0341 -0.292534
3.16585 -0.378867
3.2976 -0.337839
3.42935 -0.251558
3.5611 -0.0794886
3.69286 0.0416705
3.82461 0.0770929
3.95636 0.052839
4.08811 -0.049437
4.21987 -0.117901
4.35162 -0.168984
4.48337 -0.155488
4.61512 -0.0589128
4.74688 0.0327923
4.87863 0.0715042
5.01038 0.113979
5.14213 0.099628
5.27388 0.0827619
5.40564 0.0953604
5.53739 0.182593
5.66914 0.264936
5.80089 0.300802
5.93265 0.255319
6.0644 0.215949
6.19615 0.208243
6.3279 0.287911
6.45966 0.389895
6.59141 0.424274
6.72316 0.41248
6.85491 0.337303
6.98666 0.241791
7.11842 0.173784
7.25017 0.0605738
7.38192 -0.0305478
7.51367 -0.0299477
7.64543 -0.0400588
7.77718 0.00286326
7.90893 0.082718
8.04068 0.137595
8.17244 0.128744
8.30419 -8.92254e-05
8.43594 -0.195453
8.56769 -0.419528
8.69944 -0.498276
8.8312 -0.457238
8.96295 -0.333281
9.0947 -0.176262
9.22645 -0.0585506
9.35821 0.0345936
9.48996 0.0641823
9.62171 0.138146
9.75346 0.166816
9.88522 0.222766
10.017 0.275942
10.1487 0.344728
10.2805 0.416324
10.4122 0.477199
10.544 0.457019
10.6757 0.408666
10.8075 0.322753
10.9392 0.184295
11.071 0.0546377
11.2027 -0.0839039
11.3345 -0.118408
11.4662 -0.131094
11.598 -0.0473641
11.7297 0.0645863
11.8615 0.220927
11.9933 0.288607
12.125 0.356057
12.2568 0.424753
12.3885 0.50681
12.5203 0.5823
12.652 0.55804
12.7838 0.447569
12.9155 0.180691
13.0473 -0.143595
13.179 -0.395085
13.3108 -0.511346
13.4425 -0.509295
13.5743 -0.477242
13.706 -0.455064
13.8378 -0.377644
13.9695 -0.269267
14.1013 -0.134162
14.233 -0.0243158
14.3648 0.0939563
14.4965 0.176859
14.6283 0.230435
14.7601 0.304091
14.8918 0.37353
15.0236 0.483296
15.1553 0.540998
15.2871 0.548943
15.4188 0.557838
15.5506 0.506044
15.6823 0.446926
15.8141 0.337007
15.9458 0.18099
16.0776 0.07823
16.2093 0.0305609
16.3411 0.0716921
16.4728 0.0294002
16.6046 -0.0196449
16.7363 -0.0712
16.8681 -0.134449
16.9998 -0.160243
17.1316 -0.0587463
17.2633 0.138066
17.3951 0.286314
17.5268 0.426775
17.6586 0.493133
17.7904 0.485645
17.9221 0.361968
18.0539 0.20127
18.1856 -0.0523379
18.3174 -0.338943
18.4491 -0.498894
18.5809 -0.48507
18.7126 -0.287973
18.8444 -0.00729733
18.9761 0.348682
19.1079 0.590646
19.2396 0.776171
19.3714 0.814431
19.5031 0.657835
19.6349 0.317241
19.7666 -0.135985
19.8984 -0.5331
20.0301 -0.69779
20.1619 -0.556067
20.2936 -0.256942
20.4254 0.0888312
20.5572 0.390456
20.6889 0.674482
20.8207 0.934701
20.9524 1.11487
21.0842 1.11905
21.2159 0.892704
21.3477 0.514864
21.4794 0.167127
21.6112 -0.0481815
21.7429 -0.148681
21.8747 -0.263273
22.0064 -0.445945
22.1382 -0.63541
22.2699 -0.747933
22.4017 -0.68629
22.5334 -0.492928
22.6652 -0.280983
22.7969 -0.0860798
22.9287 0.116873
23.0604 0.454875
23.1922 0.864673
23.324 1.18074
23.4557 1.24418
23.5875 1.02786
23.7192 0.685111
23.851 0.411096
23.9827 0.301909
24.1145 0.27164
24.2462 0.157871
24.378 -0.115449
24.5097 -0.467889
24.6415 -0.740526
24.7732 -0.831847
24.905 -0.756564
25.0367 -0.586001
25.1685 -0.354672
25.3002 -0.0426806
25.432 0.352489
25.5637 0.748041
25.6955 1.00389
25.8272 1.03117
25.959 0.870878
26.0907 0.656516
26.2225 0.494595
26.3543 0.383859
26.486 0.252682
26.6178 0.0672245
26.7495 -0.112331
26.8813 -0.191235
27.013 -0.148826
27.1448 -0.0713535
27.2765 -0.0646613
27.4083 -0.13753
27.54 -0.186823
27.6718 -0.110213
27.8035 0.0701171
27.9353 0.212364
28.067 0.197279
28.1988 0.0645035
28.3305 -0.0078138
28.4623 0.124626
28.594 0.41567
28.7258 0.652303
28.8575 0.646725
28.9893 0.411994
29.1211 0.14655
29.2528 0.0421398
29.3846 0.107119
29.5163 0.180039
29.6481 0.112967
29.7798 -0.0687516
29.9116 -0.194937
30.0433 -0.13273
30.1751 0.0724779
30.3068 0.245675
30.4386 0.265519
30.5703 0.184289
30.7021 0.156782
30.8338 0.259041
30.9656 0.399355
31.0973 0.423945
31.2291 0.302696
31.3608 0.182659
31.4926 0.232999
31.6243 0.436785
31.7561 0.561508
31.8879 0.366459
32.0196 -0.146918
32.1514 -0.698583
32.2831 -0.959425
32.4149 -0.829096
32.5466 -0.490817
32.6784 -0.197345
32.8101 -0.0172168
32.9419 0.193083
33.0736 0.5696
33.2054 1.02208
33.3371 1.26966
33.4689 1.11298
33.6006 0.660155
33.7324 0.254772
33.8641 0.159823
33.9959 0.315431
34.1276 0.422793
34.2594 0.269111
34.3911 -0.0499174
34.5229 -0.250505
34.6546 -0.196756
34.7864 -0.0804305
34.9182 -0.225156
35.0499 -0.701503
35.1817 -1.16982
35.3134 -1.1576
35.4452 -0.523338
35.5769 0.366209
35.7087 0.953637
35.8404 1.0063
35.9722 0.809133
36.1039 0.82828
36.2357 1.18749
36.3674 1.51307
36.4992 1.33501
36.6309 0.640665
36.7627 -0.0179674
36.8944 -0.0290036
37.0262 0.63922
37.1579 1.31859
37.2897 1.19649
37.4214 0.0104601
37.5532 -1.80537
37.685 -3.62823
37.8167 -5.18598
37.9485 -6.42856
38.0802 -6.78184
38.212 -4.69076
38.3437 1.62319
38.4755 12.2976
38.6072 24.2083
38.739 31.2161
38.8707 26.7882
39.0025 7.78062
39.1342 -22.8262
39.266 -55.9563
39.3977 -79.4147
39.5295 -82.5144
39.6612 -60.4578
39.793 -16.8477
39.9247 36.642
40.0565 83.6512
40.1882 108.813
40.32 103.771
40.4518 70.7993
40.5835 21.8373
40.7153 -26.9879
40.847 -62.5674
40.9788 -79.6824
41.1105 -80.9378
41.2423 -72.5062
41.374 -59.2027
41.5058 -42.4293
41.6375 -21.8273
41.7693 1.63777
41.901 24.3432
42.0328 41.6732
42.1645 51.0215
42.2963 53.2652
42.428 51.3603
42.5598 47.4381
42.6915 41.1429
42.8233 30.6963
42.955 15.5527
43.0868 -1.98435
43.2185 -17.8031
43.3503 -28.7723
43.4821 -34.7398
43.6138 -37.9675
43.7456 -40.6162
43.8773 -42.6394
44.0091 -41.9546
44.1408 -36.5875
44.2726 -26.7047
44.4043 -14.6925
44.5361 -3.34768
44.6678 6.04493
44.7996 14.0246
44.9313 21.5815
45.0631 28.5939
45.1948 33.6121
45.3266 35.1066
45.4583 32.8813
45.5901 28.28
45.7218 23.0556
45.8536 18.0429
45.9853 12.8662
46.1171 6.82188
46.2489 -0.0452669
46.3806 -6.74025
46.5124 -12.1066
46.6441 -15.7469
46.7759 -18.1687
46.9076 -20.089
47.0394 -21.6682
47.1711 -22.4352
47.3029 -21.9044
47.4346 -20.1763
47.5664 -17.8823
47.6981 -15.5513
47.8299 -13.0796
47.9616 -9.8647
48.0934 -5.46856
48.2251 -0.143387
48.3569 5.29019
48.4886 10.0612
48.6204 13.9354
48.7521 17.1194
48.8839 19.749
49.0157 21.5372
49.1474 21.9576
49.2792 20.7649
49.4109 18.2987
49.5427 15.2517
49.6744 12.131
49.8062 8.94619
49.9379 5.41517
50.0697 1.45093
50.2014 -2.57589
50.3332 -6.05926
50.4649 -8.63499
50.5967 -10.4452
50.7284 -11.9556
50.8602 -13.5299
50.9919 -15.1664
51.1237 -16.5827
51.2554 -17.4697
51.3872 -17.6111
51.5189 -16.7871
51.6507 -14.6853
51.7824 -11.0618
51.9142 -6.10318
52.046 -0.641367
52.1777 4.08767
52.3095 7.06691
52.4412 8.06234
52.573 7.69365
52.7047 6.96948
52.8365 6.66759
52.9682 7.01776
53.1 7.83669
53.2317 8.87685
53.3635 10.0356
53.4952 11.285
53.627 12.4802
53.7587 13.2928
53.8905 13.3485
54.0222 12.4307
54.154 10.5605
54.2857 7.9115
54.4175 4.67861
54.5492 1.03624
54.681 -2.80855
54.8128 -6.57109
54.9445 -9.93423
55.0763 -12.6494
55.208 -14.5914
55.3398 -15.7185
55.4715 -16.0016
55.6033 -15.417
55.735 -14.0206
55.8668 -12.0145
55.9985 -9.71331
56.1303 -7.41654
56.262 -5.29246
56.3938 -3.36571
56.5255 -1.59142
56.6573 0.0830119
56.789 1.72981
56.9208 3.47599
57.0525 5.46022
57.1843 7.692
57.316 9.92905
57.4478 11.7228
57.5796 12.6517
57.7113 12.5792
57.8431 11.7266
57.9748 10.4919
58.1066 9.17019
58.2383 7.80655
58.3701 6.28484
58.5018 4.53901
58.6336 2.67669
58.7653 0.91349
58.8971 -0.590488
59.0288 -1.81717
59.1606 -2.82585
59.2923 -3.63168
59.4241 -4.17814
59.5558 -4.44299
59.6876 -4.55967
59.8193 -4.80162
59.9511 -5.4069
60.0828 -6.38336
60.2146 -7.46631
60.3463 -8.26885
60.4781 -8.50035
60.6099 -8.0872
60.7416 -7.13883
60.8734 -5.83937
61.0051 -4.37601
61.1369 -2.92873
61.2686 -1.65719
61.4004 -0.634151
61.5321 0.227946
61.6639 1.15364
61.7956 2.34881
61.9274 3.81544
62.0591 5.30212
62.1909 6.45841
62.3226 7.08122
62.4544 7.24897
62.5861 7.23074
62.7179 7.25418
62.8496 7.33513
62.9814 7.30504
63.1131 6.987
63.2449 6.34513
63.3767 5.47808
63.5084 4.48898
63.6402 3.37911
63.7719 2.074
63.9037 0.548635
64.0354 -1.08096
64.1672 -2.59491
64.2989 -3.80226
64.4307 -4.64768
64.5624 -5.20511
64.6942 -5.58268
64.8259 -5.83828
64.9577 -5.97492
65.0894 -5.99357
65.2212 -5.92744
65.3529 -5.81526
65.4847 -5.64728
65.6164 -5.35139
65.7482 -4.84331
65.8799 -4.0963
66.0117 -3.16433
66.1435 -2.14063
66.2752 -1.09662
66.407 -0.0592381
66.5387 0.961389
66.6705 1.93474
66.8022 2.80731
66.934 3.53442
67.0657 4.10621
67.1975 4.53685
67.3292 4.83123
67.461 4.97236
67.5927 4.94976
67.7245 4.7999
67.8562 4.60867
67.988 4.45972
68.1197 4.3696
68.2515 4.27019
68.3832 4.05867
68.515 3.6736
68.6467 3.13221
68.7785 2.50199
68.9102 1.84016
69.042 1.1592
69.1738 0.444572
69.3055 -0.302092
69.4373 -1.04267
69.569 -1.72549
69.7008 -2.32699
69.8325 -2.87029
69.9643 -3.4032
70.096 -3.95557
70.2278 -4.51087
70.3595 -5.00974
70.4913 -5.37649
70.623 -5.54766
70.7548 -5.49022
70.8865 -5.20736
71.0183 -4.73342
71.15 -4.1174
71.2818 -3.3997
71.4135 -2.59651
71.5453 -1.70658
71.677 -0.73802
71.8088 0.268657
71.9406 1.24617
72.0723 2.13316
72.2041 2.90199
72.3358 3.54924
72.4676 4.05366
72.5993 4.3481
72.7311 4.35291
72.8628 4.06789
72.9946 3.65615
73.1263 3.43461
73.2581 3.73667
73.3898 4.70112
73.5216 6.10603
73.6533 7.36134
73.7851 7.70222
73.9168 6.52447
74.0486 3.72074
74.1803 -0.151621
74.3121 -3.99166
74.4438 -6.56194
74.5756 -7.02307
74.7073 -5.33331
74.8391 -2.28499
74.9709 0.864991
75.1026 2.97483
75.2344 3.48158
75.3661 2.50505
75.4979 0.593401
75.6296 -1.65906
75.7614 -3.85067
75.8931 -5.76212
76.0249 -7.21216
76.1566 -7.98121
76.2884 -7.89656
76.4201 -6.98708
76.5519 -5.53283
76.6836 -3.93077
76.8154 -2.47419
76.9471 -1.22775
77.0789 -0.0924442
77.2106 1.01815
77.3424 2.06118
77.4741 2.90614
77.6059 3.47437
77.7377 3.82565
77.8694 4.10341
78.0012 4.39593
78.1329 4.65366
78.2647 4.74443
78.3964 4.591
78.5282 4.25724
78.6599 3.90226
78.7917 3.64925
78.9234 3.49081
79.0552 3.30883
79.1869 2.97673
79.3187 2.44631
79.4504 1.75604
79.5822 0.983538
79.7139 0.208537
79.8457 -0.484734
79.9774 -1.00102
80.1092 -1.27062
80.2409 -1.31887
80.3727 -1.29782
80.5045 -1.42077
80.6362 -1.82577
80.768 -2.47073
80.8997 -3.15064
81.0315 -3.62863
81.1632 -3.77781
81.295 -3.62739
81.4267 -3.2952
81.5585 -2.88478
81.6902 -2.43942
81.822 -1.97506
81.9537 -1.53378
82.0855 -1.18847
82.2172 -0.990459
82.349 -0.916253
82.4807 -0.871919
82.6125 -0.755001
82.7442 -0.518131
82.876 -0.180609
83.0077 0.212293
83.1395 0.635418
83.2712 1.09269
83.403 1.59113
83.5348 2.11665
83.6665 2.63868
83.7983 3.13372
83.93 3.5968
84.0618 4.02631
84.1935 4.39979
84.3253 4.66811
84.457 4.77412
84.5888 4.67574
84.7205 4.35361
84.8523 3.80738
84.984 3.0599
85.1158 2.17387
85.2475 1.2565
85.3793 0.424625
85.511 -0.260973
85.6428 -0.84079
85.7745 -1.43073
85.9063 -2.13043
86.038 -2.93397
86.1698 -3.71802
86.3016 -4.31969
86.4333 -4.63821
86.5651 -4.67631
86.6968 -4.49601
86.8286 -4.14421
86.9603 -3.62656
87.0921 -2.95285
87.2238 -2.19916
87.3556 -1.51099
87.4873 -1.02799
87.6191 -0.790153
87.7508 -0.707812
87.8826 -0.622649
88.0143 -0.407625
88.1461 -0.0260508
88.2778 0.484528
88.4096 1.06851
88.5413 1.68764
88.6731 2.31105
88.8048 2.88884
88.9366 3.35215
89.0684 3.64723
89.2001 3.76853
89.3319 3.75466
89.4636 3.64984
89.5954 3.46981
89.7271 3.20499
89.8589 2.85198
89.9906 2.45019
90.1224 2.03462
90.2541 1.64862
90.3859 1.3068
90.5176 0.97118
90.6494 0.629958
90.7811 0.275001
90.9129 -0.126296
91.0446 -0.607362
91.1764 -1.22062
91.3081 -1.93935
91.4399 -2.67523
91.5716 -3.27071
91.7034 -3.55892
91.8351 -3.49033
91.9669 -3.21513
92.0987 -2.77488
92.2304 -2.25412
92.3622 -1.7391
92.4939 -1.28249
92.6257 -0.92745
92.7574 -0.7357
92.8892 -0.62792
93.0209 -0.514282
93.1527 -0.312897
93.2844 -0.0124926
93.4162 0.303476
93.5479 0.519664
93.6797 0.648715
93.8114 0.756029
93.9432 0.849253
94.0749 0.955517
94.2067 1.09524
94.3384 1.22895
94.4702 1.36034
94.6019 1.52543
94.7337 1.75594
94.8655 2.0314
94.9972 2.27671
95.129 2.33064
95.2607 2.13592
95.3925 1.80899
95.5242 1.42133
95.656 1.0827
95.7877 0.768498
95.9195 0.502675
96.0512 0.261078
96.183 0.100297
96.3147 0.0645214
96.4465 0.0623562
96.5782 0.0308854
96.71 -0.0694745
96.8417 -0.305426
96.9735 -0.62403
97.1052 -0.936017
97.237 -1.22053
97.3687 -1.45835
97.5005 -1.7238
97.6323 -1.88416
97.764 -1.98939
97.8958 -1.90398
98.0275 -1.78224
98.1593 -1.54256
98.291 -1.25765
98.4228 -0.937294
98.5545 -0.666895
98.6863 -0.33272
98.818 0.023765
98.9498 0.367381
99.0815 0.604491
99.2133 0.808083
99.345 0.960922
99.4768 1.09988
99.6085 1.19013
99.7403 1.23256
99.872 1.16798
100.004 1.04352
100.136 0.937348
100.267 0.904244
100.399 0.916764
100.531 0.905075
100.663 0.922042
100.794 0.905193
100.926 0.873532
101.058 0.860484
101.19 0.826378
101.321 0.71378
101.453 0.500994
101.585 0.271378
101.717 0.0981281
101.848 -0.0240928
101.98 -0.146013
102.112 -0.210473
102.244 -0.330906
102.375 -0.423402
102.507 -0.492223
102.639 -0.556032
102.771 -0.657654
102.902 -0.792433
103.034 -0.918721
103.166 -0.956706
103.298 -0.919835
103.429 -0.748866
103.561 -0.582839
103.693 -0.398859
103.825 -0.234647
103.956 -0.1314
104.088 -0.0452558
104.22 -0.0407189
104.352 -0.0397491
104.483 -0.0254319
104.615 0.0192791
104.747 0.155762
104.879 0.346473
105.01 0.445148
105.142 0.488822
105.274 0.485749
105.406 0.496523
105.537 0.511926
105.669 0.554796
105.801 0.569777
105.933 0.548119
106.064 0.456562
106.196 0.371958
106.328 0.292395
106.46 0.238659
106.591 0.204787
106.723 0.117696
106.855 0.0369473
106.987 0.0112073
107.118 0.0421862
107.25 0.166143
107.382 0.2417
107.514 0.176043
107.645 0.132373
107.777 0.128941
107.909 0.185933
108.041 0.257967
108.172 0.2398
108.304 0.127566
108.436 -0.0512889
108.568 -0.171361
108.699 -0.282577
108.831 -0.352285
108.963 -0.427926
109.095 -0.542733
109.226 -0.636181
109.358 -0.671641
109.49 -0.558035
109.622 -0.39995
109.753 -0.149182
109.885 0.073322
110.017 0.267255
110.149 0.393856
110.28 0.438165
110.412 0.384086
110.544 0.298215
110.676 0.16651
110.807 0.0600257
110.939 0.0373293
111.071 0.0420161
111.203 0.078988
111.334 0.042172
111.466 0.0488503
111.598 0.0532974
111.73 0.104965
111.862 0.122136
111.993 0.175833
112.125 0.171217
112.257 0.154228
112.389 0.154664
112.52 0.169251
112.652 0.205871
112.784 0.173217
112.916 0.145255
113.047 0.117599
113.179 0.0810747
113.311 0.0411107
113.443 0.00249576
113.574 0.000384677
113.706 0.0370891
113.838 0.0443834
113.97 0.0515376
114.101 0.0451015
114.233 0.0406251
114.365 -0.0179548
114.497 -0.0738785
114.628 -0.101234
114.76 -0.133463
114.892 -0.158421
115.024 -0.235989
115.155 -0.262343
115.287 -0.208644
115.419 -0.119012
115.551 0.0176514
115.682 0.0662975
115.814 0.0304152
115.946 -0.041348
116.078 -0.129605
116.209 -0.144269
116.341 -0.128652
116.473 -0.00774911
116.605 0.0483887
116.736 0.029765
116.868 0.0264021
117 0.0763222
117.132 0.104138
117.263 0.0790565
117.395 0.0697846
117.527 0.00910401
117.659 -0.0179511
117.79 -0.00200289
117.922 0.0649806
118.054 0.0569949
118.186 0.0387399
118.317 0.0440416
118.449 0.0421769
118.581 0.0618684
118.713 0.0703007
118.844 0.0784549
118.976 0.0115378
119.108 0.0155814
119.24 0.00224197
119.371 0.00559107
119.503 0.00597383
119.635 -0.0145484
119.767 -0.0210262
119.898 0.00221659
120.03 0.0297957
120.162 0.0106585
120.294 -0.00428671
120.425 -0.0262804
120.557 -0.0206318
120.689 -0.00618003
120.821 0.0166113
120.952 0.0268265
121.084 0.0131579
121.216 -0.00329232
121.348 -0.00383436
121.479 -0.00209613
121.611 0.0064901
121.743 0.00843872
121.875 0.0168782
122.006 0.015855
122.138 -0.00287421
122.27 0.00142837
122.402 0.00411845
122.533 0.00272982
122.665 0.00645998
122.797 0.00376029
122.929 0.0229983
123.06 0.0103303
123.192 0.000263527
123.324 0.00205782
123.456 0.00528927
123.587 0.00706628
123.719 0.00252103
123.851 0.00252103
123.983 0.00252103
124.114 0.00252103
124.246 0.00252103
124.378 0.00252103
124.51 0.00252103
124.641 0.00252103
124.773 0.00252103
124.905 0.00252103
125.037 0.00252103
125.168 0.00252103
125.3 0.00252103
125.432 0.00252103
125.564 0.00252103
125.695 0.00252103
125.827 0.00252103
125.959 0.00252103
126.091 0.00252103
126.223 0.00252103
126.354 0.00252103
126.486 0.00252103
126.618 0.00252103
126.75 0.00252103
126.881 0.00252103
127.013 0.00252103
127.145 0.00252103
127.277 0.00252103
127.408 0.00252103
127.54 0.00252103
127.672 0.00252103
127.804 0.00252103
127.935 0.00252103
128.067 0.00252103
128.199 0.00252103
128.331 0.00252103
128.462 0.00252103
128.594 0.00252103
128.726 0.00252103
128.858 0.00252103
128.989 0.00252103
129.121 0.00252103
129.253 0.00252103
129.385 0.00252103
129.516 0.00252103
129.648 0.00252103
129.78 0.00252103
129.912 0.00252103
130.043 0.00252103
130.175 0.00252103
130.307 0.00252103
130.439 0.00252103
130.57 0.00252103
130.702 0.00252103
130.834 0.00252103
130.966 0.00252103
131.097 0.00252103
