-5.13226 0.11607
-5.00051 0.291428
-4.86876 0.376052
-4.737 0.33499
-4.60525 0.205437
-4.4735 0.0794613
-4.34175 -0.0972636
-4.20999 -0.178416
-4.07824 -0.214614
-3.94649 -0.177185
-3.81474 -0.114383
-3.68299 -0.00755749
-3.55123 0.0394121
-3.41948 0.00956245
-3.28773 -0.00881818
-3.15598 -0.0166115
-3.02422 0.0242235
-2.89247 0.106145
-2.76072 0.166533
-2.62897 0.307872
-2.49721 0.361714
-2.36546 0.415568
-2.23371 0.400989
-2.10196 0.328702
-1.97021 0.202447
-1.83845 0.0805462
-1.7067 -0.025364
-1.57495 -0.0795284
-1.4432 -0.140701
-1.31144 -0.166977
-1.17969 -0.170716
-1.04794 -0.153614
-0.916187 -0.158052
-0.784434 -0.188893
-0.652682 -0.213265
-0.52093 -0.206292
-0.389177 -0.115394
-0.257425 0.101322
-0.125673 0.329122
0.00607942 0.472616
0.137832 0.529892
0.269584 0.582217
0.401336 0.597003
0.533089 0.655068
0.664841 0.622972
0.796593 0.48915
0.928346 0.252861
1.0601 0.0287292
1.19185 -0.0996942
1.3236 -0.121302
1.45535 -0.107554
1.58711 -0.0693834
1.71886 -0.130014
1.85061 -0.199065
1.98236 -0.243711
2.11412 -0.242171
2.24587 -0.25829
2.37762 -0.221013
2.50937 -0.153921
2.64113 -0.0549816
2.77288 0.0783775
2.90463 0.247725
3.03638 0.351599
3.16813 0.345655
3.29989 0.28051
3.43164 0.155087
3.56339 0.0547664
3.69514 0.0128267
3.8269 -0.0114079
3.95865 -0.0707978
4.0904 -0.102853
4.22215 -0.0420783
4.35391 0.092633
4.48566 0.207956
4.61741 0.28778
4.74916 0.267549
4.88091 0.209106
5.01267 0.191464
5.14442 0.26774
5.27617 0.342593
5.40792 0.415883
5.53968 0.434915
5.67143 0.394386
5.80318 0.266169
5.93493 0.0903014
6.06669 -0.0960696
6.19844 -0.28071
6.33019 -0.394189
6.46194 -0.32225
6.59369 -0.159342
6.72545 0.0398621
6.8572 0.154353
6.98895 0.163677
7.1207 0.13271
7.25246 0.078232
7.38421 0.119127
7.51596 0.233287
7.64771 0.352703
7.77947 0.342285
7.91122 0.284163
8.04297 0.213059
8.17472 0.235347
8.30647 0.396115
8.43823 0.512445
8.56998 0.494793
8.70173 0.403541
8.83348 0.231517
8.96524 0.0201083
9.09699 -0.158633
9.22874 -0.32674
9.36049 -0.451827
9.49225 -0.481098
9.624 -0.314999
9.75575 -0.0167835
9.8875 0.329039
10.0193 0.508608
10.151 0.537294
10.2828 0.479455
10.4145 0.326898
10.5463 0.158462
10.678 0.0320289
10.8098 -0.0868257
10.9415 -0.140039
11.0733 -0.0818578
11.205 0.168257
11.3368 0.391589
11.4685 0.552302
11.6003 0.620803
11.732 0.617037
11.8638 0.564099
11.9955 0.521702
12.1273 0.444868
12.259 0.315156
12.3908 0.193755
12.5225 0.0655258
12.6543 0.0117012
12.7861 -0.031584
12.9178 -0.122311
13.0496 -0.41288
13.1813 -0.680754
13.3131 -0.802247
13.4448 -0.529836
13.5766 -0.0671039
13.7083 0.418219
13.8401 0.684592
13.9718 0.656617
14.1036 0.544241
14.2353 0.406129
14.3671 0.418472
14.4988 0.45715
14.6306 0.465118
14.7623 0.510712
14.8941 0.507254
15.0258 0.571934
15.1576 0.67916
15.2893 0.627135
15.4211 0.438373
15.5529 0.0306177
15.6846 -0.320188
15.8164 -0.531495
15.9481 -0.498515
16.0799 -0.366443
16.2116 -0.245255
16.3434 -0.0573695
16.4751 0.154803
16.6069 0.586798
16.7386 0.988123
16.8704 1.24807
17.0021 1.17609
17.1339 0.854207
17.2656 0.522764
17.3974 0.256624
17.5291 0.0792968
17.6609 -0.0769928
17.7926 -0.209682
17.9244 -0.294071
18.0561 -0.192418
18.1879 0.00853893
18.3196 0.237497
18.4514 0.323805
18.5832 0.215516
18.7149 0.0599963
18.8467 -0.0169435
18.9784 0.0575468
19.1102 0.180031
19.2419 0.368111
19.3737 0.515133
19.5054 0.546237
19.6372 0.593831
19.7689 0.65879
19.9007 0.61406
20.0324 0.377761
20.1642 0.0871345
20.2959 -0.162646
20.4277 -0.252613
20.5594 -0.21535
20.6912 -0.179342
20.8229 -0.213942
20.9547 -0.293899
21.0864 -0.273425
21.2182 -0.0932473
21.35 0.164587
21.4817 0.371596
21.6135 0.467347
21.7452 0.578096
21.877 0.838958
22.0087 1.23085
22.1405 1.51587
22.2722 1.4617
22.404 1.0183
22.5357 0.381052
22.6675 -0.169407
22.7992 -0.485753
22.931 -0.622264
23.0627 -0.704376
23.1945 -0.755224
23.3262 -0.67058
23.458 -0.36533
23.5897 0.0772641
23.7215 0.431655
23.8532 0.523307
23.985 0.395475
24.1168 0.270934
24.2485 0.336685
24.3803 0.56444
24.512 0.74772
24.6438 0.716842
24.7755 0.511857
24.9073 0.33857
25.039 0.357179
25.1708 0.52329
25.3025 0.641544
25.4343 0.568289
25.566 0.348133
25.6978 0.147099
25.8295 0.0653666
25.9613 0.0383103
26.093 -0.0676487
26.2248 -0.275293
26.3565 -0.439386
26.4883 -0.386074
26.62 -0.10457
26.7518 0.219345
26.8835 0.374911
27.0153 0.328625
27.1471 0.243452
27.2788 0.292644
27.4106 0.466763
27.5423 0.583879
27.6741 0.49613
27.8058 0.270041
27.9376 0.138282
28.0693 0.263012
28.2011 0.559081
28.3328 0.770852
28.4646 0.728706
28.5963 0.514063
28.7281 0.353204
28.8598 0.352169
28.9916 0.366241
29.1233 0.162874
29.2551 -0.283188
29.3868 -0.688067
29.5186 -0.692724
29.6503 -0.220238
29.7821 0.410083
29.9139 0.751327
30.0456 0.630213
30.1774 0.282214
30.3091 0.0829434
30.4409 0.151992
30.5726 0.242626
30.7044 0.0373534
30.8361 -0.4598
30.9679 -0.859269
31.0996 -0.743606
31.2314 -0.0953569
31.3631 0.648901
31.4949 0.992251
31.6266 0.833107
31.7584 0.526195
31.8901 0.493074
32.0219 0.789045
32.1536 1.07439
32.2854 1.00925
32.4171 0.640497
32.5489 0.35579
32.6807 0.445739
32.8124 0.749341
32.9442 0.788247
33.0759 0.277357
33.2077 -0.523982
33.3394 -1.01876
33.4712 -0.856595
33.6029 -0.296054
33.7347 0.0522256
33.8664 -0.140871
33.9982 -0.569213
34.1299 -0.606805
34.2617 0.0156605
34.3934 0.883137
34.5252 1.28866
34.6569 0.962551
34.7887 0.372498
34.9204 0.248984
35.0522 0.805259
35.1839 1.47686
35.3157 1.49248
35.4474 0.707642
35.5792 -0.188503
35.711 -0.362549
35.8427 0.261059
35.9745 0.846756
36.1062 0.460106
36.238 -0.969916
36.3697 -2.56989
36.5015 -3.44744
36.6332 -3.61618
36.765 -3.79223
36.8967 -4.09475
37.0285 -3.02782
37.1602 1.80518
37.292 11.3089
37.4237 22.676
37.5555 29.5258
37.6872 24.9508
37.819 5.72678
37.9507 -25.0343
38.0825 -58.3895
38.2142 -82.6999
38.346 -87.5918
38.4778 -67.3044
38.6095 -23.0279
38.7413 35.9057
38.873 92.899
39.0048 128.368
39.1365 127.301
39.2683 87.0563
39.4 20.4793
39.5318 -48.9172
39.6635 -98.0679
39.7953 -115.372
39.927 -104.672
40.0588 -79.9117
40.1905 -54.7131
40.3223 -34.4874
40.454 -16.1558
40.5858 5.65739
40.7175 31.8959
40.8493 57.3444
40.981 74.603
41.1128 79.623
41.2446 73.8951
41.3763 61.9307
41.5081 46.9925
41.6398 29.2069
41.7716 7.47829
41.9033 -17.1455
42.0351 -40.2591
42.1668 -56.3867
42.2986 -62.6937
42.4303 -60.7291
42.5621 -54.7032
42.6938 -47.9849
42.8256 -40.9495
42.9573 -31.8271
43.0891 -19.3648
43.2208 -4.63088
43.3526 9.60138
43.4843 21.0295
43.6161 29.3319
43.7478 35.6623
43.8796 40.8505
44.0113 44.2223
44.1431 44.1845
44.2749 39.8955
44.4066 32.301
44.5384 23.5134
44.6701 15.1694
44.8019 7.35467
44.9336 -0.937754
45.0654 -10.3502
45.1971 -20.1364
45.3289 -28.4931
45.4606 -33.8441
45.5924 -35.8473
45.7241 -35.2917
45.8559 -33.1687
45.9876 -29.9056
46.1194 -25.4257
46.2511 -19.781
46.3829 -13.5604
46.5146 -7.6086
46.6464 -2.3729
46.7781 2.40681
46.9099 7.31877
47.0417 12.5845
47.1734 17.7352
47.3052 21.9557
47.4369 24.7222
47.5687 26.0982
47.7004 26.44
47.8322 25.872
47.9639 24.1075
48.0957 20.8011
48.2274 16.0579
48.3592 10.5573
48.4909 5.13904
48.6227 0.239881
48.7544 -4.27986
48.8862 -8.76645
49.0179 -13.23
49.1497 -17.1572
49.2814 -19.8573
49.4132 -21.0149
49.5449 -20.9425
49.6767 -20.3215
49.8085 -19.6767
49.9402 -19.0328
50.072 -17.9893
50.2037 -16.0712
50.3355 -13.0252
50.4672 -8.87606
50.599 -3.8277
50.7307 1.78722
50.8625 7.44141
50.9942 12.3732
51.126 15.7556
51.2577 17.0672
51.3895 16.4277
51.5212 14.6146
51.653 12.6955
51.7847 11.4951
51.9165 11.2443
52.0482 11.6128
52.18 12.0441
52.3117 12.1177
52.4435 11.6926
52.5752 10.7926
52.707 9.39698
52.8388 7.34196
52.9705 4.42091
53.1023 0.590089
53.234 -3.896
53.3658 -8.53591
53.4975 -12.7856
53.6293 -16.2661
53.761 -18.8331
53.8928 -20.4824
54.0245 -21.1999
54.1563 -20.8944
54.288 -19.4706
54.4198 -16.9644
54.5515 -13.6126
54.6833 -9.78583
54.815 -5.84433
54.9468 -2.03949
55.0785 1.46987
55.2103 4.54007
55.342 7.02234
55.4738 8.85368
55.6056 10.1767
55.7373 11.338
55.8691 12.6965
56.0008 14.3486
56.1326 15.9826
56.2643 17.0033
56.3961 16.863
56.5278 15.3755
56.6596 12.7996
56.7913 9.66206
56.9231 6.4741
57.0548 3.53907
57.1866 0.939185
57.3183 -1.36129
57.4501 -3.41443
57.5818 -5.24861
57.7136 -6.86444
57.8453 -8.22176
57.9771 -9.22273
58.1088 -9.73847
58.2406 -9.69877
58.3724 -9.18951
58.5041 -8.46641
58.6359 -7.84751
58.7676 -7.54686
58.8994 -7.56501
59.0311 -7.70571
59.1629 -7.68978
59.2946 -7.27792
59.4264 -6.3396
59.5581 -4.87149
59.6899 -2.99806
59.8216 -0.957127
59.9534 0.964028
60.0851 2.55352
60.2169 3.79841
60.3486 4.90015
60.4804 6.13129
60.6121 7.61271
60.7439 9.17923
60.8756 10.4528
61.0074 11.082
61.1391 10.9685
61.2709 10.3065
61.4027 9.41608
61.5344 8.51286
61.6662 7.59746
61.7979 6.53177
61.9297 5.21212
62.0614 3.68188
62.1932 2.09836
62.3249 0.601108
62.4567 -0.794939
62.5884 -2.19383
62.7202 -3.71281
62.8519 -5.36364
62.9837 -7.0067
63.1154 -8.40295
63.2472 -9.32612
63.3789 -9.66933
63.5107 -9.49113
63.6424 -8.97828
63.7742 -8.34336
63.9059 -7.71174
64.0377 -7.0652
64.1695 -6.28118
64.3012 -5.24262
64.433 -3.93904
64.5647 -2.48179
64.6965 -1.02422
64.8282 0.343604
64.96 1.63494
65.0917 2.91033
65.2235 4.18168
65.3552 5.36681
65.487 6.3345
65.6187 6.99451
65.7505 7.34857
65.8822 7.46142
66.014 7.39047
66.1457 7.14758
66.2775 6.72653
66.4092 6.15871
66.541 5.53099
66.6727 4.94151
66.8045 4.43336
66.9363 3.96798
67.068 3.45896
67.1998 2.83071
67.3315 2.05209
67.4633 1.1324
67.595 0.107324
67.7268 -0.959587
67.8585 -1.97183
67.9903 -2.82531
68.122 -3.46935
68.2538 -3.95689
68.3855 -4.4247
68.5173 -4.99822
68.649 -5.68979
68.7808 -6.37667
68.9125 -6.88033
69.0443 -7.0781
69.176 -6.95218
69.3078 -6.54563
69.4395 -5.88723
69.5713 -4.97207
69.703 -3.81738
69.8348 -2.52441
69.9666 -1.26242
70.0983 -0.170292
70.2301 0.736606
70.3618 1.55972
70.4936 2.40893
70.6253 3.2919
70.7571 4.10628
70.8888 4.73977
71.0206 5.17497
71.1523 5.4902
71.2841 5.75301
71.4158 5.91689
71.5476 5.83961
71.6793 5.43002
71.8111 4.80241
71.9428 4.29208
72.0746 4.28617
72.2063 4.96315
72.3381 6.10233
72.4698 7.08256
72.6016 7.08898
72.7334 5.45669
72.8651 2.02753
72.9969 -2.62971
73.1286 -7.27941
73.2604 -10.4228
73.3921 -10.9369
73.5239 -8.65418
73.6556 -4.53496
73.7874 -0.269072
73.9191 2.51473
74.0509 2.98441
74.1826 1.36145
74.3144 -1.40452
74.4461 -4.26158
74.5779 -6.54285
74.7096 -8.05235
74.8414 -8.82823
74.9731 -8.88134
75.1049 -8.14407
75.2366 -6.61596
75.3684 -4.5034
75.5002 -2.18244
75.6319 -0.00686735
75.7637 1.86284
75.8954 3.46292
76.0272 4.8817
76.1589 6.11862
76.2907 7.0734
76.4224 7.65045
76.5542 7.85373
76.6859 7.77333
76.8177 7.48715
76.9494 6.98951
77.0812 6.22608
77.2129 5.20282
77.3447 4.05954
77.4764 3.03029
77.6082 2.31431
77.7399 1.9548
77.8717 1.80753
78.0034 1.60801
78.1352 1.08783
78.2669 0.086771
78.3987 -1.36828
78.5305 -3.03699
78.6622 -4.51872
78.794 -5.39908
78.9257 -5.44657
79.0575 -4.75326
79.1892 -3.71419
79.321 -2.83211
79.4527 -2.4574
79.5845 -2.6262
79.7162 -3.09131
79.848 -3.50401
79.9797 -3.61052
80.1115 -3.34393
80.2432 -2.79114
80.375 -2.10072
80.5067 -1.40793
80.6385 -0.802549
80.7702 -0.320058
80.902 0.0615872
81.0337 0.410237
81.1655 0.798757
81.2973 1.2518
81.429 1.72525
81.5608 2.14607
81.6925 2.48425
81.8243 2.78938
81.956 3.15004
82.0878 3.60619
82.2195 4.09432
82.3513 4.47974
82.483 4.65092
82.6148 4.59352
82.7465 4.38196
82.8783 4.10384
83.01 3.79067
83.1418 3.41394
83.2735 2.93722
83.4053 2.36383
83.537 1.73354
83.6688 1.07993
83.8005 0.39905
83.9323 -0.337274
84.0641 -1.14021
84.1958 -1.97826
84.3276 -2.78899
84.4593 -3.5088
84.5911 -4.08834
84.7228 -4.48728
84.8546 -4.67217
84.9863 -4.636
85.1181 -4.42266
85.2498 -4.11895
85.3816 -3.80236
85.5133 -3.48366
85.6451 -3.10103
85.7768 -2.58051
85.9086 -1.91121
86.0403 -1.16322
86.1721 -0.428934
86.3038 0.254557
86.4356 0.921782
86.5673 1.61421
86.6991 2.2998
86.8308 2.86446
86.9626 3.19519
87.0944 3.2815
87.2261 3.23739
87.3579 3.2185
87.4896 3.30803
87.6214 3.47289
87.7531 3.62116
87.8849 3.69424
88.0166 3.70018
88.1484 3.66295
88.2801 3.55631
88.4119 3.26574
88.5436 2.71023
88.6754 1.97096
88.8071 1.13717
88.9389 0.338131
89.0706 -0.355927
89.2024 -0.940339
89.3341 -1.42075
89.4659 -1.75356
89.5976 -1.94059
89.7294 -2.00377
89.8612 -2.10594
89.9929 -2.35876
90.1247 -2.82941
90.2564 -3.42907
90.3882 -3.90558
90.5199 -4.11463
90.6517 -3.86653
90.7834 -3.28605
90.9152 -2.47329
91.0469 -1.5094
91.1787 -0.536387
91.3104 0.353064
91.4422 1.00362
91.5739 1.42148
91.7057 1.58765
91.8374 1.60503
91.9692 1.56712
92.1009 1.57588
92.2327 1.59128
92.3644 1.46576
92.4962 1.26202
92.628 1.16818
92.7597 1.27768
92.8915 1.50187
93.0232 1.79905
93.155 2.0177
93.2867 2.12763
93.4185 2.14777
93.5502 2.12873
93.682 2.06087
93.8137 1.87991
93.9455 1.55692
94.0772 1.15565
94.209 0.734237
94.3407 0.335801
94.4725 -0.0268051
94.6042 -0.361959
94.736 -0.669059
94.8677 -0.912879
94.9995 -1.0669
95.1312 -1.03879
95.263 -0.909934
95.3947 -0.8452
95.5265 -0.977041
95.6583 -1.16504
95.79 -1.4038
95.9218 -1.53366
96.0535 -1.57688
96.1853 -1.54677
96.317 -1.5077
96.4488 -1.34001
96.5805 -0.982592
96.7123 -0.520739
96.844 -0.0216384
96.9758 0.377231
97.1075 0.619173
97.2393 0.766161
97.371 0.75053
97.5028 0.768001
97.6345 0.741866
97.7663 0.759962
97.898 0.853356
98.0298 1.05299
98.1615 1.28051
98.2933 1.44277
98.4251 1.41907
98.5568 1.25631
98.6886 0.99365
98.8203 0.756209
98.9521 0.605153
99.0838 0.563069
99.2156 0.5898
99.3473 0.650763
99.4791 0.762906
99.6108 0.88363
99.7426 0.881882
99.8743 0.714047
100.006 0.369169
100.138 -0.101137
100.27 -0.593393
100.401 -0.895874
100.533 -1.05256
100.665 -1.04207
100.797 -0.985896
100.928 -0.899758
101.06 -0.783731
101.192 -0.595241
101.324 -0.340031
101.455 -0.0759315
101.587 0.0600546
101.719 0.153463
101.851 0.202539
101.982 0.283612
102.114 0.389218
102.246 0.493678
102.378 0.432412
102.509 0.231793
102.641 -0.0136214
102.773 -0.213434
102.905 -0.365817
103.036 -0.440349
103.168 -0.443283
103.3 -0.387514
103.432 -0.181084
103.563 0.133145
103.695 0.458272
103.827 0.715999
103.959 0.893182
104.09 0.966308
104.222 0.95449
104.354 0.900132
104.486 0.821641
104.617 0.638862
104.749 0.412812
104.881 0.200331
105.013 0.0699215
105.144 0.0161089
105.276 0.043799
105.408 0.0126155
105.54 -0.090908
105.671 -0.213909
105.803 -0.241246
105.935 -0.184626
106.067 -0.124737
106.198 -0.107133
106.33 -0.145725
106.462 -0.23478
106.594 -0.211046
106.725 -0.0918521
106.857 0.0694798
106.989 0.158856
107.121 0.128882
107.252 0.10433
107.384 0.0897866
107.516 0.0954005
107.648 0.0633075
107.779 0.0248848
107.911 -0.0700029
108.043 -0.109648
108.175 -0.0734851
108.306 -0.0156281
108.438 0.109442
108.57 0.239589
108.702 0.255492
108.833 0.208249
108.965 0.134177
109.097 0.0150089
109.229 -0.0868423
109.36 -0.134289
109.492 -0.0861448
109.624 0.00273837
109.756 0.117908
109.888 0.161111
110.019 0.173847
110.151 0.098145
110.283 -0.0265707
110.415 -0.0400993
110.546 0.0609816
110.678 0.199303
110.81 0.354213
110.942 0.455394
111.073 0.491441
111.205 0.396682
111.337 0.335136
111.469 0.251462
111.6 0.134264
111.732 0.0174314
111.864 -0.0258525
111.996 -0.0154676
112.127 0.0366663
112.259 0.058935
112.391 -0.0329783
112.523 -0.153164
112.654 -0.295504
112.786 -0.387505
112.918 -0.441786
113.05 -0.349696
113.181 -0.251271
113.313 -0.0925102
113.445 -0.00563002
113.577 0.12612
113.708 0.206754
113.84 0.224641
113.972 0.200364
114.104 0.087232
114.235 0.0487757
114.367 0.00836195
114.499 0.0299374
114.631 0.0707593
114.762 0.0542752
114.894 0.146203
115.026 0.26483
115.158 0.324649
115.289 0.327588
115.421 0.144422
115.553 -0.0279773
115.685 -0.193721
115.816 -0.214586
115.948 -0.184716
116.08 -0.121414
116.212 -0.0644044
116.343 -0.0855828
116.475 -0.0237149
116.607 -0.0172403
116.739 0.0617813
116.87 0.0912943
117.002 0.112704
117.134 0.105737
117.266 0.0401051
117.397 0.0145005
117.529 0.0203448
117.661 0.0327281
117.793 5.82921e-05
117.924 -0.0285513
118.056 -0.0738365
118.188 -0.0379667
118.32 0.0049042
118.451 0.0372091
118.583 0.0498308
118.715 0.0167646
118.847 0.000737447
118.978 0.0147469
119.11 0.0869212
119.242 0.0617652
119.374 -0.0143017
119.505 -0.0152658
119.637 -0.00732799
119.769 -0.016395
119.901 -0.0206202
120.032 -0.00255878
120.164 -0.0274955
120.296 -0.0261117
120.428 -0.00802042
120.559 0.0144549
120.691 0.0267886
120.823 0.012211
120.955 0.00689064
121.086 0.00398968
121.218 0.00590875
121.35 0.00861295
121.482 0.00051222
121.613 0.00594601
121.745 0.0115805
121.877 0.0138726
122.009 0.00484601
122.14 0.0048075
122.272 0.00481823
122.404 0.00481823
122.536 0.00481823
122.667 0.00481823
122.799 0.00481823
122.931 0.00481823
123.063 0.00481823
123.194 0.00481823
123.326 0.00481823
123.458 0.00481823
123.59 0.00481823
123.721 0.00481823
123.853 0.00481823
123.985 0.00481823
124.117 0.00481823
124.249 0.00481823
124.38 0.00481823
124.512 0.00481823
124.644 0.00481823
124.776 0.00481823
124.907 0.00481823
125.039 0.00481823
125.171 0.00481823
125.303 0.00481823
125.434 0.00481823
125.566 0.00481823
125.698 0.00481823
125.83 0.00481823
125.961 0.00481823
126.093 0.00481823
126.225 0.00481823
126.357 0.00481823
126.488 0.00481823
126.62 0.00481823
126.752 0.00481823
126.884 0.00481823
127.015 0.00481823
127.147 0.00481823
127.279 0.00481823
127.411 0.00481823
127.542 0.00481823
127.674 0.00481823
127.806 0.00481823
127.938 0.00481823
128.069 0.00481823
128.201 0.00481823
128.333 0.00481823
128.465 0.00481823
128.596 0.00481823
128.728 0.00481823
128.86 0.00481823
128.992 0.00481823
129.123 0.00481823
129.255 0.00481823
129.387 0.00481823
129.519 0.00481823
129.65 0.00481823
