0 0.421821
0.1 1.11438
0.2 1.59306
0.3 1.72064
0.4 1.27216
0.5 0.83846
0.6 0.141488
0.7 -0.308775
0.8 -0.51691
0.9 -0.699232
1 -0.391426
1.1 0.0249522
1.2 0.424293
1.3 0.989897
1.4 1.69339
1.5 2.07653
1.6 2.4881
1.7 2.77972
1.8 2.74854
1.9 2.21508
2 1.5053
2.1 0.335238
2.2 -0.493583
2.3 -1.09177
2.4 -1.42606
2.5 -1.88791
2.6 -1.89431
2.7 -1.27742
2.8 -0.720093
2.9 -0.139649
3 0.339897
3.1 0.888326
3.2 1.24697
3.3 1.67104
3.4 1.9354
3.5 2.10022
3.6 2.32288
3.7 2.60762
3.8 2.66545
3.9 2.51015
4 1.83435
4.1 0.832909
4.2 -0.564898
4.3 -1.62186
4.4 -1.87677
4.5 -1.90868
4.6 -1.52718
4.7 -1.31481
4.8 -0.778463
4.9 -0.0739191
5 0.73677
5.1 1.44024
5.2 1.7574
5.3 1.66584
5.4 1.46205
5.5 1.33785
5.6 1.26881
5.7 1.23397
5.8 0.955495
5.9 0.600065
6 0.423556
6.1 0.298512
6.2 0.11715
6.3 0.029699
6.4 0.327345
6.5 0.826806
6.6 1.49029
6.7 1.80517
6.8 1.99164
6.9 1.83472
7 1.46138
7.1 0.680356
7.2 -0.0752454
7.3 -0.785141
7.4 -1.45209
7.5 -1.82544
7.6 -1.96109
7.7 -1.57514
7.8 -1.21163
7.9 -0.453676
8 0.5968
8.1 1.83183
8.2 2.62834
8.3 3.09721
8.4 3.23692
8.5 3.11033
8.6 2.87775
8.7 2.63364
8.8 1.92358
8.9 0.904676
9 0.0606573
9.1 -0.243678
9.2 -0.475097
9.3 -0.336841
9.4 -0.301474
9.5 0.0097375
9.6 0.742403
9.7 1.3653
9.8 1.79407
9.9 1.14074
10 0.473966
10.1 -0.206825
10.2 -0.521591
10.3 -0.192711
10.4 0.365554
10.5 0.708487
10.6 0.979726
10.7 1.52042
10.8 2.09886
10.9 2.43572
11 2.41759
11.1 2.06251
11.2 1.54621
11.3 1.05611
11.4 0.588297
11.5 -0.134933
11.6 -0.587433
11.7 -0.73344
11.8 -0.243869
11.9 0.0992245
12 0.314789
12.1 -0.107392
12.2 -1.01393
12.3 -1.8071
12.4 -2.01242
12.5 -1.80419
12.6 -1.32708
12.7 -0.451889
12.8 0.72534
12.9 1.71997
13 2.32305
13.1 2.93127
13.2 3.31982
13.3 3.07756
13.4 2.4412
13.5 1.87407
13.6 1.5905
13.7 1.5077
13.8 1.26771
13.9 0.782225
14 0.16888
14.1 -0.129675
14.2 0.0263626
14.3 0.468456
14.4 1.13869
14.5 1.84364
14.6 2.58933
14.7 3.11001
14.8 3.42863
14.9 3.43038
15 3.22257
15.1 2.70053
15.2 2.00954
15.3 1.27874
15.4 0.358662
15.5 -0.859959
15.6 -2.06756
15.7 -3.20445
15.8 -4.26092
15.9 -4.76455
16 -4.131
16.1 -2.50488
16.2 -0.741355
16.3 0.690216
16.4 1.85434
16.5 2.79908
16.6 3.30633
16.7 2.93226
16.8 1.94932
16.9 0.781529
17 0.122395
17.1 0.145845
17.2 0.840529
17.3 1.83059
17.4 2.78879
17.5 3.50029
17.6 3.67239
17.7 3.26044
17.8 2.43296
17.9 0.945728
18 -1.33365
18.1 -3.86505
18.2 -6.00448
18.3 -7.34488
18.4 -7.51919
18.5 -6.44998
18.6 -4.18821
18.7 -0.504937
18.8 4.33782
18.9 9.13476
19 12.8903
19.1 15.31
19.2 16.1648
19.3 15.2232
19.4 12.4143
19.5 8.33407
19.6 3.7015
19.7 -1.19739
19.8 -5.94278
19.9 -10.0459
20 -13.4123
20.1 -16.0283
20.2 -17.2452
20.3 -16.5752
20.4 -14.1919
20.5 -10.2467
20.6 -4.54238
20.7 2.80143
20.8 11.4184
20.9 20.7828
21 28.9994
21.1 33.0222
21.2 30.5324
21.3 20.417
21.4 1.37698
21.5 -27.3662
21.6 -62.3415
21.7 -94.7009
21.8 -113.28
21.9 -110.646
22 -85.011
22.1 -38.3352
22.2 25.2629
22.3 98.9671
22.4 169.237
22.5 218.41
22.6 234.631
22.7 211.519
22.8 131.235
22.9 -1.96374
23 -141.942
23.1 -239.012
23.2 -278.144
23.3 -272.919
23.4 -229.795
23.5 -159.327
23.6 -85.0432
23.7 -26.5933
23.8 12.9862
23.9 37.4726
24 50.0439
24.1 54.9631
24.2 60.0752
24.3 70.5065
24.4 86.9632
24.5 106.141
24.6 120.386
24.7 123.404
24.8 113.269
24.9 92.4144
25 64.7453
25.1 35.1639
25.2 6.91381
25.3 -19.3069
25.4 -45.2828
25.5 -71.8332
25.6 -97.3645
25.7 -117.444
25.8 -127.972
25.9 -126.295
26 -111.763
26.1 -87.9832
26.2 -62.6374
26.3 -42.6095
26.4 -29.4149
26.5 -21.2406
26.6 -15.5805
26.7 -8.3013
26.8 3.39397
26.9 21.102
27 43.514
27.1 67.0589
27.2 86.3414
27.3 97.8842
27.4 100.298
27.5 94.6315
27.6 84.4249
27.7 73.7466
27.8 63.7872
27.9 52.751
28 38.7117
28.1 20.6969
28.2 -1.343
28.3 -25.3981
28.4 -46.9573
28.5 -62.2727
28.6 -71.5136
28.7 -76.1969
28.8 -77.4827
28.9 -76.588
29 -74.4082
29.1 -70.7046
29.2 -64.4067
29.3 -54.8202
29.4 -42.6387
29.5 -29.6095
29.6 -18.0022
29.7 -9.17613
29.8 -3.1506
29.9 1.69145
30 7.36104
30.1 15.0309
30.2 24.8325
30.3 35.3461
30.4 44.1376
30.5 49.5942
30.6 51.5899
30.7 51.3343
30.8 50.1579
30.9 48.9478
31 47.7957
31.1 46.331
31.2 43.6889
31.3 38.7286
31.4 31.2373
31.5 22.239
31.6 13.3724
31.7 5.81444
31.8 -0.0279136
31.9 -4.88828
32 -10.0394
32.1 -16.5029
32.2 -24.1164
32.3 -31.525
32.4 -37.7229
32.5 -42.1645
32.6 -44.7015
32.7 -46.0789
32.8 -47.1154
32.9 -48.3518
33 -49.639
33.1 -49.9096
33.2 -47.5108
33.3 -41.4643
33.4 -33.036
33.5 -24.5228
33.6 -17.4089
33.7 -11.6014
33.8 -6.91648
33.9 -2.52181
34 2.42312
34.1 8.32009
34.2 15.0196
34.3 22.1668
34.4 28.9231
34.5 34.6765
34.6 39.3415
34.7 43.5268
34.8 47.1418
34.9 49.9153
35 51.6319
35.1 51.8757
35.2 50.2076
35.3 46.4365
35.4 40.6733
35.5 33.9482
35.6 27.1953
35.7 20.9957
35.8 15.3007
35.9 9.74932
36 4.07112
36.1 -2.37072
36.2 -9.70412
36.3 -16.9626
36.4 -22.4098
36.5 -25.6991
36.6 -28.1318
36.7 -30.809
36.8 -34.3309
36.9 -38.2699
37 -41.8397
37.1 -44.6713
37.2 -46.4326
37.3 -47.1234
37.4 -46.5766
37.5 -44.838
37.6 -42.2497
37.7 -39.1996
37.8 -35.7053
37.9 -31.1235
38 -24.9336
38.1 -17.2453
38.2 -9.01456
38.3 -1.30763
38.4 5.37139
38.5 11.4111
38.6 17.051
38.7 22.046
38.8 26.4042
38.9 30.2751
39 33.7516
39.1 36.5517
39.2 38.6591
39.3 40.0612
39.4 40.7774
39.5 41.0131
39.6 40.8669
39.7 40.2528
39.8 38.9517
39.9 36.7334
40 33.5987
40.1 29.6759
40.2 25.4625
40.3 21.2834
40.4 16.9984
40.5 12.3424
40.6 7.40645
40.7 2.38137
40.8 -2.97639
40.9 -8.5734
41 -14.1731
41.1 -19.4326
41.2 -23.9233
41.3 -27.4719
41.4 -30.0304
41.5 -31.9219
41.6 -33.7249
41.7 -35.3326
41.8 -36.3917
41.9 -36.8608
42 -37.1429
42.1 -36.8273
42.2 -35.5003
42.3 -32.8733
42.4 -29.2605
42.5 -25.3964
42.6 -21.5136
42.7 -17.7431
42.8 -14.2336
42.9 -11.2176
43 -8.83114
43.1 -6.99101
43.2 -5.33536
43.3 -2.9302
43.4 1.1398
43.5 6.78174
43.6 13.0636
43.7 19.0631
43.8 24.3088
43.9 28.5575
44 31.6837
44.1 33.3433
44.2 33.8085
44.3 33.5251
44.4 32.6115
44.5 31.3838
44.6 30.0506
44.7 28.8577
44.8 27.7584
44.9 26.6134
45 25.4413
45.1 24.091
45.2 22.252
45.3 19.5984
45.4 16.2529
45.5 12.607
45.6 8.63689
45.7 4.52133
45.8 0.776391
45.9 -2.52665
46 -5.66759
46.1 -9.13177
46.2 -12.9033
46.3 -16.4829
46.4 -19.3857
46.5 -21.4155
46.6 -22.6506
46.7 -23.7045
46.8 -25.1907
46.9 -27.2761
47 -29.3906
47.1 -30.7047
47.2 -31.2973
47.3 -31.248
47.4 -30.3957
47.5 -28.6807
47.6 -26.4639
47.7 -23.85
47.8 -20.9676
47.9 -17.9468
48 -15.0317
48.1 -11.6739
48.2 -7.52301
48.3 -2.86087
48.4 1.88342
48.5 6.07507
48.6 9.43056
48.7 12.3634
48.8 15.3036
48.9 17.8056
49 19.5966
49.1 21.0603
49.2 22.2098
49.3 23.2854
49.4 24.6581
49.5 25.8788
49.6 25.9988
49.7 25.1977
49.8 24.4163
49.9 23.96
50 23.4876
50.1 22.7819
50.2 21.6217
50.3 20.1411
50.4 18.5343
50.5 16.6118
50.6 14.1912
50.7 11.4642
50.8 8.41313
50.9 5.12732
51 1.95242
51.1 -0.705707
51.2 -2.87953
51.3 -4.98041
51.4 -6.9749
51.5 -9.2301
51.6 -11.9681
51.7 -15.2364
51.8 -18.5257
51.9 -21.4295
52 -23.5387
52.1 -24.7923
52.2 -25.289
52.3 -25.5732
52.4 -25.5734
52.5 -25.0851
52.6 -23.7101
52.7 -21.6419
52.8 -19.4218
52.9 -17.1725
53 -14.8182
53.1 -12.2519
53.2 -10.0035
53.3 -8.18217
53.4 -6.5119
53.5 -4.68526
53.6 -2.20354
53.7 0.750274
53.8 3.78495
53.9 6.58216
54 9.07643
54.1 11.2437
54.2 13.1123
54.3 14.7068
54.4 15.9887
54.5 16.503
54.6 16.897
54.7 17.5567
54.8 18.2667
54.9 18.6736
55 18.8868
55.1 18.732
55.2 18.0914
55.3 17.3103
55.4 16.5489
55.5 15.8589
55.6 14.8263
55.7 13.5492
55.8 12.3398
55.9 11.1277
56 9.90168
56.1 8.3404
56.2 6.05513
56.3 3.23644
56.4 0.557136
56.5 -1.98809
56.6 -4.33565
56.7 -6.47197
56.8 -8.01704
56.9 -9.06978
57 -9.81598
57.1 -10.6596
57.2 -11.7193
57.3 -12.6844
57.4 -13.2429
57.5 -13.7905
57.6 -14.3366
57.7 -14.3407
57.8 -13.477
57.9 -12.4688
58 -11.6377
58.1 -11.0256
58.2 -10.4909
58.3 -9.77372
58.4 -8.95328
58.5 -8.1413
58.6 -7.08622
58.7 -5.75666
58.8 -4.18592
58.9 -2.63754
59 -1.26153
59.1 -0.599323
59.2 -0.0964706
59.3 0.561771
59.4 1.50997
59.5 2.72382
59.6 4.38713
59.7 6.33503
59.8 8.21795
59.9 9.7015
60 10.7766
60.1 11.5659
60.2 11.6393
60.3 11.2982
60.4 10.7583
60.5 10.1685
60.6 9.8399
60.7 9.97154
60.8 10.2761
60.9 10.5481
61 10.5099
61.1 10.1822
61.2 9.84387
61.3 9.87437
61.4 9.85442
61.5 9.32669
61.6 8.58882
61.7 7.78244
61.8 6.3456
61.9 4.27836
62 1.97639
62.1 -0.137162
62.2 -2.03806
62.3 -3.6948
62.4 -4.70031
62.5 -5.02677
62.6 -4.53818
62.7 -3.48829
62.8 -2.36385
62.9 -1.77893
63 -1.83929
63.1 -2.89416
63.2 -4.99335
63.3 -7.97992
63.4 -11.7834
63.5 -15.5698
63.6 -18.3353
63.7 -19.5557
63.8 -19.5445
63.9 -18.1157
64 -15.3977
64.1 -11.88
64.2 -7.98815
64.3 -3.78089
64.4 0.716289
64.5 5.32128
64.6 9.46291
64.7 12.7268
64.8 14.9275
64.9 15.49
65 14.5248
65.1 12.5268
65.2 9.70515
65.3 6.02389
65.4 2.02224
65.5 -1.65629
65.6 -4.05121
65.7 -4.87561
65.8 -4.59419
65.9 -3.79498
66 -2.55037
66.1 -0.97997
66.2 0.552568
66.3 2.042
66.4 3.37846
66.5 4.20261
66.6 4.59568
66.7 5.01037
66.8 5.51134
66.9 6.25622
67 7.07335
67.1 7.99841
67.2 9.16765
67.3 10.8455
67.4 12.5557
67.5 13.6694
67.6 13.8893
67.7 12.9251
67.8 11.216
67.9 9.2441
68 6.88864
68.1 4.46216
68.2 2.21336
68.3 0.167384
68.4 -1.68819
68.5 -3.61085
68.6 -5.66916
68.7 -7.60818
68.8 -9.32991
68.9 -10.9308
69 -12.5415
69.1 -13.8812
69.2 -15.0453
69.3 -15.8517
69.4 -15.9846
69.5 -15.0296
69.6 -13.2377
69.7 -11.2844
69.8 -9.3682
69.9 -7.5
70 -5.5536
70.1 -3.89178
70.2 -2.76389
70.3 -2.05542
70.4 -1.25901
70.5 0.0172126
70.6 1.69805
70.7 4.08055
70.8 6.87685
70.9 9.23254
71 11.0222
71.1 12.3657
71.2 12.9792
71.3 12.9681
71.4 12.6552
71.5 12.5347
71.6 12.0082
71.7 10.9316
71.8 9.49328
71.9 8.36339
72 7.51168
72.1 6.62771
72.2 5.18881
72.3 3.45076
72.4 1.80881
72.5 0.766869
72.6 0.16851
72.7 -0.275834
72.8 -0.809919
72.9 -1.64176
73 -2.80489
73.1 -3.84557
73.2 -4.58294
73.3 -5.12099
73.4 -5.41399
73.5 -5.0668
73.6 -4.33023
73.7 -3.77045
73.8 -3.19035
73.9 -2.59396
74 -2.11058
74.1 -1.78915
74.2 -1.03002
74.3 -0.150353
74.4 0.601579
74.5 1.17461
74.6 1.71482
74.7 2.35199
74.8 2.81685
74.9 2.43618
75 1.16662
75.1 -0.0954632
75.2 -0.931702
75.3 -1.04259
75.4 -0.737388
75.5 -0.170537
75.6 0.451785
75.7 0.87814
75.8 1.01836
75.9 1.29286
76 1.50829
76.1 1.6763
76.2 1.77256
76.3 1.81059
76.4 1.6147
76.5 1.21633
76.6 0.842864
76.7 0.517011
76.8 0.475032
76.9 0.304066
77 -0.190461
77.1 -0.476241
77.2 -0.779463
77.3 -1.4027
77.4 -1.84737
77.5 -1.75316
77.6 -1.16167
77.7 -0.49114
77.8 0.297997
77.9 1.28783
78 2.70394
78.1 3.43111
78.2 3.35448
78.3 2.7158
78.4 1.9401
78.5 1.27428
78.6 0.672699
78.7 0.245547
78.8 -0.223447
78.9 -0.461831
79 -0.0631476
79.1 0.532103
79.2 1.22127
79.3 2.15449
79.4 3.10508
79.5 3.80356
79.6 4.18433
79.7 4.4807
79.8 4.471
79.9 4.04939
80 3.10582
80.1 1.98563
80.2 1.41237
80.3 1.26726
80.4 1.40326
80.5 1.47647
80.6 1.49515
80.7 1.36644
80.8 1.25108
80.9 0.585971
81 -0.588085
81.1 -1.68351
81.2 -2.7378
81.3 -3.88286
81.4 -4.89694
81.5 -5.36376
81.6 -5.16169
81.7 -4.3437
81.8 -3.44505
81.9 -2.34618
82 -0.993397
82.1 0.646636
82.2 1.92703
82.3 2.73422
82.4 2.70362
82.5 1.81696
82.6 0.385674
82.7 -1.05624
82.8 -1.98459
82.9 -2.42844
83 -2.3085
83.1 -1.61806
83.2 -0.0829946
83.3 1.38585
83.4 2.64318
83.5 3.69353
83.6 4.10936
83.7 3.65956
83.8 2.90145
83.9 1.98905
84 0.585114
84.1 -0.967259
84.2 -1.88441
84.3 -2.08093
84.4 -1.67516
84.5 -0.809795
84.6 0.392595
84.7 1.40272
84.8 2.07898
84.9 2.45366
85 2.6667
85.1 2.31377
85.2 1.97784
85.3 1.84779
85.4 2.22615
85.5 2.41863
85.6 2.65265
85.7 2.9485
85.8 3.15774
85.9 3.02219
86 2.409
86.1 1.46266
86.2 0.187132
86.3 -0.435651
86.4 -0.608791
86.5 -0.534626
86.6 -0.342313
86.7 -0.649602
86.8 -0.84665
86.9 -0.88915
87 -1.0241
87.1 -1.04357
87.2 -0.914973
87.3 -0.876038
87.4 -0.869527
87.5 -0.680875
87.6 -0.648068
87.7 -0.618667
87.8 -0.275674
87.9 -0.324371
88 -0.884886
88.1 -1.57532
88.2 -1.82518
88.3 -2.19511
88.4 -2.46603
88.5 -2.58392
88.6 -2.42573
88.7 -1.92708
88.8 -1.38517
88.9 -0.629343
89 -0.340523
89.1 -0.241904
89.2 -0.177606
89.3 0.111714
89.4 0.63732
89.5 1.51738
89.6 2.20144
89.7 2.44003
89.8 2.43704
89.9 2.12011
90 1.67086
90.1 1.1319
90.2 0.723006
90.3 0.718119
90.4 1.2198
90.5 2.0455
90.6 2.97977
90.7 3.76813
90.8 4.32708
90.9 4.73466
91 4.19015
91.1 3.10051
91.2 2.07494
91.3 1.10821
91.4 0.422341
91.5 -0.219879
91.6 -0.958413
91.7 -1.48146
91.8 -1.60737
91.9 -1.46806
92 -1.39828
92.1 -1.23064
92.2 -0.936632
92.3 -0.971684
92.4 -0.559086
92.5 -0.453452
92.6 -0.691237
92.7 -0.917554
92.8 -0.960516
92.9 -1.02738
93 -0.973433
93.1 -0.831939
93.2 -0.826187
93.3 -0.864801
93.4 -0.868872
93.5 -0.699378
93.6 -0.488437
93.7 -0.231742
93.8 -0.212798
93.9 -0.225508
94 -0.230582
94.1 0.0388592
94.2 0.158922
94.3 0.0696783
94.4 -0.154892
94.5 -0.347521
94.6 -0.515377
94.7 -0.653825
94.8 -0.495806
94.9 -0.115628
95 0.168915
95.1 0.377976
95.2 0.678913
95.3 0.762382
95.4 0.75217
95.5 0.859788
95.6 0.979347
95.7 0.439332
95.8 0.085376
95.9 0.0212642
96 0.282876
96.1 0.89861
96.2 1.30004
96.3 1.25996
96.4 1.03415
96.5 0.828892
96.6 0.754904
96.7 0.777596
96.8 0.858817
96.9 0.717691
97 0.515853
97.1 0.221589
97.2 -0.032699
97.3 0.210195
97.4 0.295973
97.5 0.306924
97.6 0.0143022
97.7 -0.123816
97.8 -0.169784
97.9 -0.35363
98 -0.567233
98.1 -0.801476
98.2 -0.965375
98.3 -1.09384
98.4 -1.21408
98.5 -0.956745
98.6 -0.76505
98.7 -0.772154
98.8 -0.773924
98.9 -0.7957
99 -0.823388
99.1 -0.947486
99.2 -0.905248
99.3 -0.724748
99.4 -0.310907
99.5 0.122777
99.6 0.582316
99.7 0.941109
99.8 1.12575
99.9 1.34906
100 1.23101
100.1 0.990465
100.2 0.765581
100.3 0.435578
100.4 0.198656
100.5 -0.127309
100.6 -0.206187
100.7 -0.141324
100.8 0.013152
100.9 0.0587638
101 -0.0500296
101.1 -0.152678
101.2 -0.0442334
101.3 0.00946672
101.4 0.0717693
101.5 0.0855191
101.6 0.0595821
101.7 0.0923372
101.8 0.144109
101.9 0.145826
102 0.0689803
102.1 0.0575654
102.2 0.0644637
102.3 0.128454
