-1.68 -0.346518
-1.58347 0.165916
-1.48694 1.03605
-1.39041 1.92278
-1.29388 2.76493
-1.19735 3.34078
-1.10082 3.2935
-1.00429 2.51686
-0.907764 1.49545
-0.811235 0.428752
-0.714706 -0.463915
-0.618176 -0.981998
-0.521647 -1.05301
-0.425117 -0.741837
-0.328588 -0.215575
-0.232058 0.321013
-0.135529 0.71276
-0.0389994 0.476214
0.05753 0.35882
0.154059 0.0393949
0.250589 -0.238209
0.347118 -0.429584
0.443648 -0.38588
0.540177 -0.361129
0.636707 -0.355387
0.733236 -0.735718
0.829766 -0.672232
0.926295 -0.73847
1.02282 -0.675674
1.11935 -0.40497
1.21588 0.106987
1.31241 0.826776
1.40894 1.63952
1.50547 2.42075
1.602 3.37657
1.69853 3.55237
1.79506 3.42441
1.89159 3.1781
1.98812 2.67775
2.08465 1.99284
2.18118 0.397498
2.27771 -0.307793
2.37424 -0.86171
2.47077 -1.21782
2.5673 -1.34576
2.66383 -1.19071
2.76035 -0.93539
2.85688 -0.522852
2.95341 -0.0437872
3.04994 0.394309
3.14647 0.526918
3.243 0.604895
3.33953 0.766498
3.43606 0.754126
3.53259 0.725357
3.62912 0.742592
3.72565 1.11742
3.82218 1.2333
3.91871 1.1897
4.01524 0.85022
4.11177 0.403092
4.2083 -0.259022
4.30483 -0.99953
4.40136 -1.70759
4.49788 -1.98955
4.59441 -1.9287
4.69094 -1.43592
4.78747 -0.357648
4.884 0.658805
4.98053 1.56547
5.07706 2.09413
5.17359 2.20033
5.27012 1.91662
5.36665 1.38852
5.46318 0.818532
5.55971 0.609606
5.65624 0.392361
5.75277 0.399623
5.8493 0.536594
5.94583 0.670748
6.04236 0.706134
6.13889 0.641371
6.23541 0.581402
6.33194 0.697563
6.42847 1.09655
6.525 1.88423
6.62153 2.92237
6.71806 3.88914
6.81459 4.44179
6.91112 4.31485
7.00765 3.41439
7.10418 1.89012
7.20071 0.330027
7.29724 -1.16828
7.39377 -1.89147
7.4903 -1.88614
7.58683 -1.28922
7.68336 -0.29451
7.77989 0.450711
7.87642 0.721808
7.97294 0.525377
8.06947 -0.160007
8.166 -1.04212
8.26253 -1.86484
8.35906 -2.44384
8.45559 -2.65844
8.55212 -2.85358
8.64865 -2.39268
8.74518 -1.97041
8.84171 -1.07732
8.93824 0.0453422
9.03477 1.29615
9.1313 2.4791
9.22783 3.38084
9.32436 3.77928
9.42089 3.70121
9.51742 3.29779
9.61395 2.81294
9.71047 2.47285
9.807 2.37852
9.90353 2.456
10.0001 2.49262
10.0966 2.24517
10.1931 1.56905
10.2897 0.50604
10.3862 -0.712362
10.4827 -1.74845
10.5792 -2.28987
10.6758 -2.1698
10.7723 -1.4247
10.8688 -0.270639
10.9654 1.32443
11.0619 2.50564
11.1584 3.15304
11.2549 3.20103
11.3515 2.73135
11.448 1.91166
11.5445 0.934663
11.6411 -0.0192662
11.7376 -0.795307
11.8341 -1.26963
11.9307 -1.36359
12.0272 -1.06935
12.1237 -0.472667
12.2202 0.249176
12.3168 0.867233
12.4133 1.17143
12.5098 1.04481
12.6064 0.508198
12.7029 -0.286187
12.7994 -1.10954
12.8959 -1.73439
12.9925 -2.00139
13.089 -1.85012
13.1855 -1.3107
13.2821 -0.472769
13.3786 0.544394
13.4751 1.60594
13.5717 2.56295
13.6682 3.25788
13.7647 3.54971
13.8612 3.3592
13.9578 2.71422
14.0543 1.76562
14.1508 0.752142
14.2474 -0.0806436
14.3439 -0.574905
14.4404 -0.72188
14.5369 -0.655274
14.6335 -0.575078
14.73 -0.637828
14.8265 -0.870002
14.9231 -1.15174
15.0196 -1.28168
15.1161 -1.08942
15.2127 -0.534616
15.3092 0.262574
15.4057 1.07817
15.5022 1.69818
15.5988 2.0266
15.6953 2.12683
15.7918 2.17192
15.8884 2.33081
15.9849 2.65498
16.0814 3.03171
16.1779 3.23405
16.2745 3.04362
16.371 2.38006
16.4675 1.36513
16.5641 0.283298
16.6606 -0.543276
16.7571 -0.900806
16.8537 -0.775063
16.9502 -0.341703
17.0467 0.13537
17.1432 0.439845
17.2398 0.499372
17.3363 0.394026
17.4328 0.279704
17.5294 0.276958
17.6259 0.392865
17.7224 0.521033
17.8189 0.516833
17.9155 0.299884
18.012 -0.079957
18.1085 -0.454513
18.2051 -0.621854
18.3016 -0.455062
18.3981 0.0274021
18.4947 0.669452
18.5912 1.25703
18.6877 1.62207
18.7842 1.71117
18.8808 1.58298
18.9773 1.34351
19.0738 1.06617
19.1704 0.751417
19.2669 0.35278
19.3634 -0.149208
19.4599 -0.678708
19.5565 -1.05618
19.653 -1.06873
19.7495 -0.586879
19.8461 0.340065
19.9426 1.47306
20.0391 2.47562
20.1357 3.06728
20.2322 3.15611
20.3287 2.87348
20.4252 2.4866
20.5218 2.23385
20.6183 2.17595
20.7148 2.15158
20.8114 1.86932
20.9079 1.08903
21.0044 -0.209542
21.1009 -1.77161
21.1975 -3.16551
21.294 -3.98688
21.3905 -4.05795
21.4871 -3.50834
21.5836 -2.68818
21.6801 -1.95927
21.7767 -1.48314
21.8732 -1.13135
21.9697 -0.57699
22.0662 0.478159
22.1628 2.06971
22.2593 3.87134
22.3558 5.30268
22.4524 5.80195
22.5489 5.12352
22.6454 3.49736
22.742 1.55415
22.8385 0.0436846
22.935 -0.512937
23.0315 -0.0577438
23.1281 1.00444
23.2246 2.03752
23.3211 2.50971
23.4177 2.25198
23.5142 1.50465
23.6107 0.737006
23.7072 0.35175
23.8038 0.447818
23.9003 0.777295
23.9968 0.917224
24.0934 0.550764
24.1899 -0.312058
24.2864 -1.30867
24.383 -1.91351
24.4795 -1.73531
24.576 -0.749142
24.6725 0.674529
24.7691 1.96367
24.8656 2.6501
24.9621 2.60737
25.0587 2.07962
25.1552 1.48353
25.2517 1.1031
25.3482 0.867845
25.4448 0.362631
25.5413 -0.916354
25.6378 -3.1958
25.7344 -6.164
25.8309 -8.98437
25.9274 -10.6072
26.024 -10.2338
26.1205 -7.69335
26.217 -3.52913
26.3135 1.25298
26.4101 5.63982
26.5066 9.02203
26.6031 11.3424
26.6997 12.916
26.7962 14.05
26.8927 14.71
26.9892 14.4533
27.0858 12.6895
27.1823 9.12037
27.2788 4.08821
27.3754 -1.40849
27.4719 -6.08911
27.5684 -8.97792
27.665 -9.8797
27.7615 -9.4524
27.858 -8.79486
27.9545 -8.74495
28.0511 -9.27319
28.1476 -9.34242
28.2441 -7.37608
28.3407 -2.15104
28.4372 6.32143
28.5337 16.3936
28.6302 25.1089
28.7268 29.1504
28.8233 25.9952
28.9198 14.7652
29.0164 -3.55192
29.1129 -26.495
29.2094 -50.802
29.306 -72.9348
29.4025 -89.2195
29.499 -95.7299
29.5955 -88.353
29.6921 -63.5115
29.7886 -19.6897
29.8851 40.65
29.9817 109.671
30.0782 174.319
30.1747 218.628
30.2712 227.938
30.3678 193.78
30.4643 117.661
30.5608 12.0729
30.6574 -102.062
30.7539 -200.95
30.8504 -264.718
30.947 -283.073
31.0435 -257.788
31.14 -201.182
31.2365 -131.227
31.3331 -65.2497
31.4296 -14.5826
31.5261 17.9307
31.6227 36.9425
31.7192 50.8964
31.8157 67.4056
31.9122 89.7042
32.0088 115.519
32.1053 138.554
32.2018 151.661
32.2984 150.12
32.3949 133.6
32.4914 106.045
32.588 73.7715
32.6845 42.7741
32.781 16.5273
32.8775 -4.79722
32.9741 -23.4968
33.0706 -42.4402
33.1671 -63.101
33.2637 -84.4658
33.3602 -103.289
33.4567 -115.516
33.5532 -118.153
33.6498 -110.708
33.7463 -95.5391
33.8428 -76.9641
33.9394 -59.546
34.0359 -46.3057
34.1324 -37.6245
34.229 -31.2791
34.3255 -23.5619
34.422 -10.9863
34.5185 8.13586
34.6151 32.8745
34.7116 59.9105
34.8081 84.6654
34.9047 102.839
35.0012 111.737
35.0977 110.905
35.1942 101.913
35.2908 87.487
35.3873 70.4144
35.4838 52.7114
35.5804 35.3302
35.6769 18.429
35.7734 1.95534
35.87 -13.8156
35.9665 -28.0817
36.063 -39.7373
36.1595 -47.8747
36.2561 -52.2674
36.3526 -53.5621
36.4491 -53.0551
36.5457 -52.1542
36.6422 -51.7866
36.7387 -52.0417
36.8352 -52.2195
36.9318 -51.2485
37.0283 -48.2582
37.1248 -43.0206
37.2214 -36.0559
37.3179 -28.3701
37.4144 -20.982
37.511 -14.4868
37.6075 -8.87125
37.704 -3.64561
37.8005 1.80798
37.8971 7.8771
37.9936 14.5415
38.0901 21.4497
38.1867 28.1724
38.2832 34.4578
38.3797 40.3246
38.4763 45.9324
38.5728 51.3143
38.6693 56.1429
38.7658 59.6938
38.8624 61.0558
38.9589 59.4978
39.0554 54.8019
39.152 47.3827
39.2485 38.1247
39.345 28.0206
39.4415 17.8047
39.5381 7.77274
39.6346 -2.12262
39.7311 -11.9728
39.8277 -21.5998
39.9242 -30.4278
40.0207 -37.6381
40.1173 -42.5375
40.2138 -44.9403
40.3103 -45.3423
40.4068 -44.7618
40.5034 -44.3038
40.5999 -44.6542
40.6964 -45.7609
40.793 -46.8706
40.8895 -46.9105
40.986 -45.028
41.0825 -41.0164
41.1791 -35.4162
41.2756 -29.2452
41.3721 -23.5026
41.4687 -18.7011
41.5652 -14.6611
41.6617 -10.6613
41.7583 -5.8537
41.8548 0.276762
41.9513 7.63964
42.0478 15.578
42.1444 23.1778
42.2409 29.6725
42.3374 34.7336
42.434 38.515
42.5305 41.4558
42.627 43.9735
42.7235 46.2202
42.8201 48.0239
42.9166 49.0205
43.0131 48.8774
43.1097 47.4706
43.2062 44.917
43.3027 41.4623
43.3993 37.3097
43.4958 32.5083
43.5923 26.9716
43.6888 20.6145
43.7854 13.5146
43.8819 5.9889
43.9784 -1.47463
44.075 -8.40271
44.1715 -14.5352
44.268 -19.9202
44.3645 -24.8434
44.4611 -29.6257
44.5576 -34.3995
44.6541 -38.9906
44.7507 -42.9755
44.8472 -45.8853
44.9437 -47.4429
45.0403 -47.7017
45.1368 -47.0045
45.2333 -45.787
45.3298 -44.3345
45.4264 -42.6308
45.5229 -40.3877
45.6194 -37.2388
45.716 -32.9929
45.8125 -27.7999
45.909 -22.1313
46.0055 -16.578
46.1021 -11.5669
46.1986 -7.1477
46.2951 -2.96631
46.3917 1.55575
46.4882 6.92239
46.5847 13.2922
46.6813 20.3669
46.7778 27.4867
46.8743 33.8779
46.9708 38.9263
47.0674 42.3527
47.1639 44.2255
47.2604 44.8356
47.357 44.5231
47.4535 43.5521
47.55 42.0851
47.6465 40.2378
47.7431 38.1465
47.8396 35.9784
47.9361 33.8647
48.0327 31.7927
48.1292 29.5358
48.2257 26.6863
48.3223 22.8008
48.4188 17.601
48.5153 11.1316
48.6118 3.79198
48.7084 -3.78213
48.8049 -10.9328
48.9014 -17.1875
48.998 -22.3632
49.0945 -26.5274
49.191 -29.8541
49.2875 -32.4651
49.3841 -34.3504
49.4806 -35.4079
49.5771 -35.5693
49.6737 -34.9264
49.7702 -33.7684
49.8667 -32.4935
49.9633 -31.4332
50.0598 -30.6837
50.1563 -30.045
50.2528 -29.1135
50.3494 -27.4929
50.4459 -25.0204
50.5424 -21.889
50.639 -18.5961
50.7355 -15.7314
50.832 -13.7031
50.9285 -12.531
51.0251 -11.807
51.1216 -10.845
51.2181 -8.95104
51.3147 -5.69317
51.4112 -1.05686
51.5077 4.57163
51.6043 10.5691
51.7008 16.3012
51.7973 21.3084
51.8938 25.3854
51.9904 28.5441
52.0869 30.9074
52.1834 32.6006
52.28 33.6932
52.3765 34.2042
52.473 34.1473
52.5695 33.5732
52.6661 32.5795
52.7626 31.2839
52.8591 29.7819
52.9557 28.1185
53.0522 26.2924
53.1487 24.2858
53.2453 22.098
53.3418 19.7553
53.4383 17.289
53.5348 14.6919
53.6314 11.885
53.7279 8.71885
53.8244 5.02166
53.921 0.677733
54.0175 -4.29603
54.114 -9.71033
54.2105 -15.2196
54.3071 -20.3901
54.4036 -24.7948
54.5001 -28.1063
54.5967 -30.1596
54.6932 -30.9769
54.7897 -30.7535
54.8863 -29.8138
54.9828 -28.5461
55.0793 -27.3235
55.1758 -26.4211
55.2724 -25.948
55.3689 -25.8143
55.4654 -25.7544
55.562 -25.408
55.6585 -24.4392
55.755 -22.6542
55.8516 -20.0687
55.9481 -16.8963
56.0446 -13.4587
56.1411 -10.057
56.2377 -6.86172
56.3342 -3.87209
56.4307 -0.962943
56.5273 2.0065
56.6238 5.0795
56.7203 8.14515
56.8168 10.971
56.9134 13.3116
57.0099 15.0382
57.1064 16.222
57.203 17.1233
57.2995 18.0851
57.396 19.3791
57.4926 21.0764
57.5891 23.0062
57.6856 24.8232
57.7821 26.1522
57.8787 26.7428
57.9752 26.5611
58.0717 25.7794
58.1683 24.6731
58.2648 23.4796
58.3613 22.2874
58.4578 21.0097
58.5544 19.4486
58.6509 17.4158
58.7474 14.8467
58.844 11.8507
58.9405 8.67486
59.037 5.59839
59.1336 2.80947
59.2301 0.322296
59.3266 -2.02737
59.4231 -4.50596
59.5197 -7.3578
59.6162 -10.6844
59.7127 -14.3753
59.8093 -18.1146
59.9058 -21.4602
60.0023 -23.9637
60.0988 -25.293
60.1954 -25.319
60.2919 -24.1471
60.3884 -22.0889
60.485 -19.5888
60.5815 -17.1257
60.678 -15.115
60.7746 -13.8305
60.8711 -13.3618
60.9676 -13.6107
61.0641 -14.3255
61.1607 -15.1611
61.2572 -15.7523
61.3537 -15.7832
61.4503 -15.0408
61.5468 -13.4463
61.6433 -11.0604
61.7398 -8.06523
61.8364 -4.72631
61.9329 -1.33924
62.0294 1.82988
62.126 4.59914
62.2225 6.90622
62.319 8.81145
62.4156 10.4633
62.5121 12.0338
62.6086 13.6443
62.7051 15.3114
62.8017 16.9358
62.8982 18.3431
62.9947 19.3619
63.0913 19.905
63.1878 20.0158
63.2843 19.8547
63.3808 19.6271
63.4774 19.4834
63.5739 19.4378
63.6704 19.3465
63.767 18.9605
63.8635 18.0328
63.96 16.4315
64.0566 14.2083
64.1531 11.5874
64.2496 8.88134
64.3461 6.37134
64.4427 4.20805
64.5392 2.37773
64.6357 0.745215
64.7323 -0.852445
64.8288 -2.51212
64.9253 -4.21914
65.0218 -5.87144
65.1184 -7.35677
65.2149 -8.63733
65.3114 -9.79158
65.408 -10.9853
65.5045 -12.3819
65.601 -14.0362
65.6976 -15.826
65.7941 -17.4628
65.8906 -18.5808
65.9871 -18.8697
66.0837 -18.1925
66.1802 -16.6369
66.2767 -14.4807
66.3733 -12.0912
66.4698 -9.80445
66.5663 -7.8389
66.6628 -6.27093
66.7594 -5.07112
66.8559 -4.16881
66.9524 -3.5049
67.049 -3.04561
67.1455 -2.75749
67.242 -2.56822
67.3386 -2.34673
67.4351 -1.92416
67.5316 -1.15217
67.6281 0.0289465
67.7247 1.54907
67.8212 3.2197
67.9177 4.79797
68.0143 6.07628
68.1108 6.9573
68.2073 7.48055
68.3038 7.7904
68.4004 8.06335
68.4969 8.4304
68.5934 8.93031
68.69 9.51096
68.7865 10.0715
68.883 10.5182
68.9796 10.8036
69.0761 10.9315
69.1726 10.9313
69.2691 10.8218
69.3657 10.5905
69.4622 10.2027
69.5587 9.635
69.6553 8.91298
69.7518 8.12805
69.8483 7.41812
69.9448 6.91693
70.0414 6.69397
70.1379 6.71387
70.2344 6.83565
70.331 6.85375
70.4275 6.56318
70.524 5.82054
70.6206 4.57655
70.7171 2.87083
70.8136 0.798073
70.9101 -1.5328
71.0067 -4.02502
71.1032 -6.59523
71.1997 -9.15501
71.2963 -11.5895
71.3928 -13.7518
71.4893 -15.4812
71.5859 -16.6424
71.6824 -17.1651
71.7789 -17.0658
71.8754 -16.4392
71.972 -15.4188
72.0685 -14.1244
72.165 -12.6187
72.2616 -10.8919
72.3581 -8.88203
72.4546 -6.52441
72.5511 -3.80911
72.6477 -0.825073
72.7442 2.22787
72.8407 5.06474
72.9373 7.37195
73.0338 8.87738
73.1303 9.41327
73.2269 8.95405
73.3234 7.62007
73.4199 5.6481
73.5164 3.33934
73.613 1.00062
73.7095 -1.10534
73.806 -2.78947
73.9026 -3.94295
73.9991 -4.52545
74.0956 -4.54519
74.1921 -4.04058
74.2887 -3.0693
74.3852 -1.70435
74.4817 -0.0316871
74.5783 1.85624
74.6748 3.87289
74.7713 5.95122
74.8679 8.04965
74.9644 10.1422
75.0609 12.192
75.1574 14.1184
75.254 15.7739
75.3505 16.9503
75.447 17.4199
75.5436 17.0048
75.6401 15.6487
75.7366 13.4617
75.8331 10.7137
75.9297 7.77153
76.0262 5.00159
76.1227 2.67011
76.2193 0.881013
76.3158 -0.427312
76.4123 -1.42837
76.5089 -2.32269
76.6054 -3.25868
76.7019 -4.28994
76.7984 -5.3807
76.895 -6.44766
76.9915 -7.41174
77.088 -8.23284
77.1846 -8.91375
77.2811 -9.47844
77.3776 -9.9435
77.4741 -10.3029
77.5707 -10.2808
77.6672 -10.7499
77.7637 -10.6953
77.8603 -10.5167
77.9568 -10.2765
78.0533 -10.0166
78.1499 -9.71938
78.2464 -9.48223
78.3429 -8.60371
78.4394 -7.60796
78.536 -6.2458
78.6325 -4.58942
78.729 -2.78998
78.8256 -1.16635
78.9221 0.486678
79.0186 1.99321
79.1151 3.43287
79.2117 4.9238
79.3082 6.50303
79.4047 8.22751
79.5013 9.91753
79.5978 11.3523
79.6943 12.5213
79.7909 12.8945
79.8874 12.6565
79.9839 11.9261
80.0804 10.8838
80.177 9.6947
80.2735 8.2797
80.37 6.74951
80.4666 5.44105
80.5631 4.10847
80.6596 2.67279
80.7561 1.24079
80.8527 0.477432
80.9492 0.358821
81.0457 0.53127
81.1423 0.499352
81.2388 0.364381
81.3353 0.00462269
81.4319 -0.401784
81.5284 -0.636983
81.6249 -1.59925
81.7214 -2.43925
81.818 -3.01233
81.9145 -3.21186
82.011 -3.05635
82.1076 -2.68158
82.2041 -2.2898
82.3006 -2.07518
82.3971 -2.28931
82.4937 -2.69952
82.5902 -3.24274
82.6867 -3.72958
82.7833 -3.97349
82.8798 -3.73599
82.9763 -3.29634
83.0729 -2.58521
83.1694 -1.7402
83.2659 -0.904789
83.3624 0.0183035
83.459 0.51744
83.5555 1.03489
83.652 1.48079
83.7486 1.4145
83.8451 1.83676
83.9416 2.21775
84.0381 2.3675
84.1347 2.2453
84.2312 1.796
84.3277 1.47074
84.4243 0.941193
84.5208 0.652669
84.6173 0.743347
84.7139 1.22301
84.8104 1.8937
84.9069 2.55879
85.0034 3.00423
85.1 2.95884
85.1965 2.45163
85.293 1.60938
85.3896 0.647656
85.4861 -0.208607
85.5826 -0.797028
85.6791 -0.853563
85.7757 -0.84493
85.8722 -0.721128
85.9687 -0.758837
86.0653 -0.884227
86.1618 -0.802937
86.2583 -0.772339
86.3549 -0.832348
86.4514 -1.00308
86.5479 -1.2646
86.6444 -1.5465
86.741 -1.73724
86.8375 -1.32605
86.934 -0.945442
87.0306 -0.278726
87.1271 0.512353
87.2236 1.53851
87.3202 2.62873
87.4167 3.77865
87.5132 4.36912
87.6097 4.48683
87.7063 4.03268
87.8028 3.07223
87.8993 1.9052
87.9959 0.50936
88.0924 -0.944677
88.1889 -1.72616
88.2854 -1.91057
88.382 -1.30212
88.4785 -0.290171
88.575 0.803107
88.6716 1.78073
88.7681 2.31463
88.8646 2.41826
88.9612 2.19668
89.0577 1.84616
89.1542 1.43515
89.2507 1.40958
89.3473 1.58756
89.4438 1.8712
89.5403 2.12415
89.6369 2.2351
89.7334 2.15812
89.8299 1.81641
89.9264 1.49604
90.023 1.0798
90.1195 0.600377
90.216 -0.160848
90.3126 -0.82006
90.4091 -1.70806
90.5056 -2.3972
90.6022 -2.90617
90.6987 -3.16215
90.7952 -2.88078
90.8917 -2.73597
90.9883 -2.60583
91.0848 -2.60418
91.1813 -2.68876
91.2779 -2.85264
91.3744 -2.94742
91.4709 -2.62658
91.5674 -1.95488
91.664 -0.989606
91.7605 0.237785
91.857 1.38399
91.9536 2.37451
92.0501 2.95495
92.1466 3.02004
92.2432 2.59719
92.3397 1.82079
92.4362 0.875518
92.5327 -0.0622066
92.6293 -0.861135
92.7258 -1.42487
92.8223 -1.65623
92.9189 -1.61945
93.0154 -1.52173
93.1119 -1.112
93.2084 -0.59455
93.305 0.419702
93.4015 0.922516
93.498 1.14554
93.5946 1.57571
93.6911 1.73062
93.7876 1.84617
93.8842 1.96974
93.9807 2.31835
94.0772 2.83694
94.1737 3.44944
94.2703 4.02744
94.3668 4.4369
94.4633 4.57912
94.5599 4.41016
94.6564 3.83188
94.7529 3.08527
94.8494 2.15821
94.946 1.18106
95.0425 0.319371
95.139 -0.36296
95.2356 -0.749477
95.3321 -0.802112
95.4286 -0.255813
95.5252 0.213017
95.6217 0.516483
95.7182 0.601909
95.8147 -0.0666918
95.9113 -0.822755
96.0078 -1.98207
96.1043 -2.92498
96.2009 -3.78427
96.2974 -4.1489
96.3939 -3.80809
96.4904 -3.18023
96.587 -2.4001
96.6835 -1.75207
96.78 -1.8419
96.8766 -2.08393
96.9731 -2.2
97.0696 -2.27
