-3.79 1.40693
-3.69535 2.18305
-3.6007 3.00045
-3.50605 3.41451
-3.41139 3.58265
-3.31674 3.3253
-3.22209 2.7309
-3.12744 1.70892
-3.03279 0.822352
-2.93814 0.135847
-2.84349 -0.569705
-2.74883 -0.668336
-2.65418 -0.502427
-2.55953 -0.00409901
-2.46488 0.214931
-2.37023 0.256218
-2.27558 0.0645654
-2.18093 -0.388401
-2.08627 -0.674269
-1.99162 -0.724045
-1.89697 -0.898248
-1.80232 -0.933433
-1.70767 -0.853995
-1.61302 -0.754033
-1.51837 -0.84227
-1.42371 -0.799406
-1.32906 -0.654273
-1.23441 -0.068153
-1.13976 0.114395
-1.04511 0.589489
-0.950457 1.12793
-0.855805 1.66224
-0.761154 2.02757
-0.666502 1.8251
-0.571851 1.50038
-0.4772 0.969675
-0.382548 0.350294
-0.287897 -0.194518
-0.193245 -0.502687
-0.0985938 -0.164477
-0.00394231 0.0109846
0.0907091 0.464414
0.185361 0.7138
0.280012 0.965062
0.374663 0.829251
0.469315 0.227408
0.563966 -0.744025
0.658618 -2.06258
0.753269 -2.9969
0.847921 -3.31189
0.942572 -2.68369
1.03722 -1.49958
1.13187 0.0636461
1.22653 1.64914
1.32118 2.94468
1.41583 3.75466
1.51048 4.52567
1.60513 4.33632
1.69978 3.81569
1.79444 3.23243
1.88909 2.52048
1.98374 1.77994
2.07839 1.28556
2.17304 0.613575
2.26769 -0.127589
2.36234 -0.617258
2.457 -0.764222
2.55165 -0.829232
2.6463 -0.216707
2.74095 0.588304
2.8356 1.36333
2.93025 1.90828
3.0249 2.10207
3.11956 1.92
3.21421 1.61092
3.30886 0.902215
3.40351 0.0504704
3.49816 -0.850887
3.59281 -1.69209
3.68746 -2.3373
3.78212 -2.64236
3.87677 -2.50415
3.97142 -1.921
4.06607 -1.16034
4.16072 -0.179747
4.25537 0.565107
4.35002 0.41643
4.44468 0.272156
4.53933 -0.529328
4.63398 -1.09919
4.72863 -1.3303
4.82328 -0.952009
4.91793 -0.267809
5.01258 0.616942
5.10724 1.41541
5.20189 1.49533
5.29654 1.64569
5.39119 1.49627
5.48584 1.17959
5.58049 0.835058
5.67514 0.561865
5.7698 0.393853
5.86445 0.314688
5.9591 0.0323916
6.05375 -0.0263647
6.1484 0.161174
6.24305 0.514253
6.3377 0.855336
6.43236 1.15061
6.52701 1.68945
6.62166 2.09171
6.71631 2.31071
6.81096 2.36445
6.90561 2.30607
7.00026 2.17371
7.09492 1.6287
7.18957 1.27895
7.28422 0.792598
7.37887 0.138986
7.47352 -0.606262
7.56817 -1.25141
7.66282 -1.55101
7.75748 -1.31762
7.85213 -0.528926
7.94678 0.627643
8.04143 1.8032
8.13608 2.80075
8.23073 2.93859
8.32538 2.36985
8.42004 1.28823
8.51469 0.0286423
8.60934 -1.07393
8.70399 -1.80525
8.79864 -2.11887
8.89329 -2.09768
8.98794 -1.86386
9.0826 -1.49499
9.17725 -0.995241
9.2719 -0.333991
9.36655 0.477923
9.4612 1.32797
9.55585 2.00341
9.6505 2.26483
9.74516 1.95924
9.83981 1.11418
9.93446 -0.0403676
10.0291 -1.14088
10.1238 -1.82339
10.2184 -1.86207
10.3131 -1.25202
10.4077 -0.202895
10.5024 0.948029
10.597 1.85987
10.6917 2.29522
10.7863 2.17246
10.881 1.55708
10.9756 0.613378
11.0703 -0.451123
11.1649 -1.42627
11.2596 -2.12198
11.3542 -2.38564
11.4489 -2.12729
11.5435 -1.352
11.6382 -0.182774
11.7328 1.14956
11.8275 2.3611
11.9221 3.20232
12.0168 3.5434
12.1114 3.41668
12.2061 2.99213
12.3007 2.49483
12.3954 2.10374
12.49 1.88254
12.5847 1.77659
12.6794 1.67414
12.774 1.49399
12.8687 1.24677
12.9633 1.03248
13.058 0.973977
13.1526 1.12574
13.2473 1.41387
13.3419 1.64857
13.4366 1.60973
13.5312 1.16312
13.6259 0.343953
13.7205 -0.641302
13.8152 -1.50081
13.9098 -1.98911
14.0045 -2.01646
14.0991 -1.67854
14.1938 -1.19228
14.2884 -0.774678
14.3831 -0.532469
14.4777 -0.423228
14.5724 -0.307345
14.667 -0.0579736
14.7617 0.337498
14.8563 0.746356
14.951 0.951495
15.0456 0.772672
15.1403 0.180505
15.2349 -0.66225
15.3296 -1.4583
15.4242 -1.9042
15.5189 -1.8229
15.6135 -1.2329
15.7082 -0.322704
15.8028 0.648188
15.8975 1.46228
15.9922 2.00978
16.0868 2.27948
16.1815 2.29605
16.2761 2.05798
16.3708 1.52742
16.4654 0.685384
16.5601 -0.382897
16.6547 -1.4367
16.7494 -2.11471
16.844 -2.06014
16.9387 -1.08291
17.0333 0.726419
17.128 2.99937
17.2226 5.21951
17.3173 6.91996
17.4119 7.84877
17.5066 8.01646
17.6012 7.60439
17.6959 6.79183
17.7905 5.60864
17.8852 3.90873
17.9798 1.49036
18.0745 -1.69941
18.1691 -5.39674
18.2638 -9.00065
18.3584 -11.736
18.4531 -12.934
18.5477 -12.2934
18.6424 -9.98795
18.737 -6.56276
18.8317 -2.67689
18.9263 1.16736
19.021 4.76011
19.1156 8.11423
19.2103 11.2411
19.305 13.9188
19.3996 15.6118
19.4943 15.6211
19.5889 13.4086
19.6836 8.92672
19.7782 2.76625
19.8729 -3.98306
19.9675 -10.1093
20.0622 -14.7103
20.1568 -17.4569
20.2515 -18.5505
20.3461 -18.4014
20.4408 -17.2159
20.5354 -14.7425
20.6301 -10.3484
20.7247 -3.42418
20.8194 6.07652
20.914 17.2407
21.0087 28.1673
21.1033 36.3506
21.198 39.32
21.2926 35.2722
21.3873 23.4686
21.4819 4.33677
21.5766 -20.6052
21.6712 -48.8038
21.7659 -76.5958
21.8605 -99.1152
21.9552 -110.495
22.0498 -104.722
22.1445 -77.269
22.2391 -27.2152
22.3338 40.891
22.4284 116.381
22.5231 183.763
22.6178 226.08
22.7124 229.591
22.8071 188.325
22.9017 106.856
22.9964 0.0601026
23.091 -110.383
23.1857 -201.787
23.2803 -256.719
23.375 -267.606
23.4696 -238.175
23.5643 -181.305
23.6589 -114.214
23.7536 -52.7804
23.8482 -7.04192
23.9429 20.6958
24.0375 34.7816
24.1322 42.9645
24.2268 52.487
24.3215 67.1172
24.4161 86.1323
24.5108 105.354
24.6054 119.48
24.7001 124.533
24.7947 119.358
24.8894 105.654
24.984 86.769
25.0787 65.9651
25.1733 45.0588
25.268 24.0298
25.3626 1.68915
25.4573 -23.0251
25.5519 -49.825
25.6466 -76.5505
25.7412 -99.6198
25.8359 -115.255
25.9306 -120.937
26.0252 -116.433
26.1199 -103.959
26.2145 -87.3881
26.3092 -70.8435
26.4038 -57.24
26.4985 -47.3589
26.5931 -39.7889
26.6878 -31.7185
26.7824 -20.2275
26.8771 -3.54966
26.9717 18.1732
27.0664 42.8986
27.161 67.3873
27.2557 88.2761
27.3503 103.076
27.445 110.733
27.5396 111.593
27.6343 106.887
27.7289 98.0219
27.8236 86.0259
27.9182 71.36
28.0129 54.129
28.1075 34.5168
28.2022 13.1801
28.2968 -8.62738
28.3915 -29.2715
28.4861 -47.189
28.5808 -61.3439
28.6754 -71.4618
28.7701 -77.9332
28.8647 -81.4479
28.9594 -82.5614
29.0541 -81.422
29.1487 -77.7986
29.2434 -71.3832
29.338 -62.1936
29.4327 -50.8411
29.5273 -38.4999
29.622 -26.5668
29.7166 -16.1666
29.8113 -7.74634
29.9059 -0.960085
30.0006 5.09385
30.0952 11.3981
30.1899 18.5335
30.2845 26.4164
30.3792 34.3668
30.4738 41.4513
30.5685 46.9092
30.6631 50.4461
30.7578 52.2599
30.8524 52.8172
30.9471 52.5265
31.0417 51.5007
31.1364 49.5354
31.231 46.3001
31.3257 41.6145
31.4203 35.6394
31.515 28.865
31.6096 21.9024
31.7043 15.2013
31.7989 8.86124
31.8936 2.64951
31.9882 -3.78299
32.0829 -10.6157
32.1775 -17.6742
32.2722 -24.4653
32.3669 -30.4198
32.4615 -35.2062
32.5562 -38.9269
32.6508 -42.0658
32.7455 -45.1943
32.8401 -48.5849
32.9348 -51.9503
33.0294 -54.4696
33.1241 -55.1203
33.2187 -53.1629
33.3134 -48.5344
33.408 -41.9394
33.5027 -34.5744
33.5973 -27.6097
33.692 -21.6809
33.7866 -16.6445
33.8813 -11.718
33.9759 -5.93448
34.0706 1.31876
34.1652 9.94862
34.2599 19.1609
34.3545 27.8092
34.4492 34.9005
34.5438 40.0001
34.6385 43.3377
34.7331 45.5818
34.8278 47.4192
34.9224 49.1705
35.0171 50.6402
35.1117 51.2632
35.2064 50.4504
35.301 47.9324
35.3957 43.915
35.4903 38.972
35.585 33.7489
35.6797 28.652
35.7743 23.6969
35.869 18.593
35.9636 13.0018
36.0583 6.81197
36.1529 0.264748
36.2476 -6.1437
36.3422 -11.927
36.4369 -16.8854
36.5315 -21.2292
36.6262 -25.469
36.7208 -30.122
36.8155 -35.3921
36.9101 -40.9956
37.0048 -46.2339
37.0994 -50.279
37.1941 -52.5273
37.2887 -52.8403
37.3834 -51.5545
37.478 -49.2662
37.5727 -46.5136
37.6673 -43.5279
37.762 -40.1788
37.8566 -36.1301
37.9513 -31.1045
38.0459 -25.1025
38.1406 -18.4522
38.2352 -11.6657
38.3299 -5.1891
38.4245 0.808873
38.5192 6.48914
38.6138 12.2038
38.7085 18.2452
38.8031 24.6212
38.8978 30.9842
38.9925 36.7521
39.0871 41.3598
39.1818 44.5075
39.2764 46.2751
39.3711 47.0494
39.4657 47.3066
39.5604 47.3699
39.655 47.2657
39.7497 46.7457
39.8443 45.4483
39.939 43.1026
40.0336 39.6619
40.1283 35.3053
40.2229 30.3204
40.3176 24.9492
40.4122 19.2933
40.5069 13.3306
40.6015 7.0271
40.6962 0.467144
40.7908 -6.08669
40.8855 -12.2487
40.9801 -17.6572
41.0748 -22.1332
41.1694 -25.7583
41.2641 -28.8241
41.3587 -31.6744
41.4534 -34.5227
41.548 -37.341
41.6427 -39.8783
41.7373 -41.7922
41.832 -42.8215
41.9266 -42.9009
42.0213 -42.1586
42.1159 -40.8041
42.2106 -38.9767
42.3053 -36.6477
42.3999 -33.6412
42.4946 -29.7654
42.5892 -24.9857
42.6839 -19.5393
42.7785 -13.9171
42.8732 -8.70979
42.9678 -4.38316
43.0625 -1.08965
43.1571 1.39234
43.2518 3.56135
43.3464 5.98256
43.4411 9.0604
43.5357 12.8925
43.6304 17.2596
43.725 21.7391
43.8197 25.8773
43.9143 29.3374
44.009 31.9685
44.1036 33.7845
44.1983 34.8906
44.2929 35.4073
44.3876 35.4316
44.4822 35.0386
44.5769 34.3014
44.6715 33.2987
44.7662 32.0933
44.8608 30.6951
44.9555 29.0356
45.0501 26.9837
45.1448 24.4044
45.2394 21.2375
45.3341 17.5512
45.4288 13.5376
45.5234 9.44413
45.6181 5.47079
45.7127 1.68586
45.8074 -1.99478
45.902 -5.74943
45.9967 -9.73967
46.0913 -14.0008
46.186 -18.3878
46.2806 -22.6047
46.3753 -26.3014
46.4699 -29.1938
46.5646 -31.1487
46.6592 -32.2016
46.7539 -32.5063
46.8485 -32.249
46.9432 -31.576
47.0378 -30.5643
47.1325 -29.2424
47.2271 -27.6371
47.3218 -25.8098
47.4164 -23.8584
47.5111 -21.8814
47.6057 -19.927
47.7004 -17.9602
47.795 -15.8697
47.8897 -13.5173
47.9843 -10.8044
48.079 -7.72704
48.1736 -4.38894
48.2683 -0.970681
48.3629 2.33195
48.4576 5.37099
48.5522 8.0854
48.6469 10.5046
48.7416 12.7217
48.8362 14.8525
48.9309 16.997
49.0255 19.2133
49.1202 21.5027
49.2148 23.8043
49.3095 25.9945
49.4041 27.8965
49.4988 29.3025
49.5934 30.0142
49.6881 29.891
49.7827 28.8938
49.8774 27.1045
49.972 24.7108
50.0667 21.9612
50.1613 19.1034
50.256 16.3318
50.3506 13.7612
50.4453 11.4292
50.5399 9.3192
50.6346 7.38643
50.7292 5.57227
50.8239 3.80635
50.9185 2.00436
51.0132 0.0752883
51.1078 -2.05583
51.2025 -4.41586
51.2971 -6.95957
51.3918 -9.57153
51.4864 -12.1003
51.5811 -14.4132
51.6757 -16.4459
51.7704 -18.2198
51.865 -19.814
51.9597 -21.3035
52.0544 -22.6934
52.149 -23.8844
52.2437 -24.6918
52.3383 -24.9137
52.433 -24.4166
52.5276 -23.1994
52.6223 -21.4043
52.7169 -19.2683
52.8116 -17.0406
52.9062 -14.9028
53.0009 -12.9281
53.0955 -11.0925
53.1902 -9.32275
53.2848 -7.55172
53.3795 -5.74918
53.4741 -3.91664
53.5688 -2.05689
53.6634 -0.145104
53.7581 1.87412
53.8527 4.05639
53.9474 6.40953
54.042 8.85756
54.1367 11.2426
54.2313 13.3709
54.326 15.085
54.4206 16.3263
54.5153 17.1568
54.6099 17.7283
54.7046 18.2134
54.7992 18.7323
54.8939 19.3106
54.9885 19.8843
55.0832 20.3424
55.1778 20.5792
55.2725 20.5256
55.3672 20.1457
55.4618 19.4067
55.5565 18.251
55.6511 16.597
55.7458 14.3772
55.8404 11.5989
55.9351 8.3918
56.0297 5.01004
56.1244 1.77675
56.219 -1.01135
56.3137 -3.17754
56.4083 -4.71337
56.503 -5.75866
56.5976 -6.5234
56.6923 -7.19073
56.7869 -7.84853
56.8816 -8.48099
56.9762 -9.01922
57.0709 -9.41839
57.1655 -9.71558
57.2602 -10.034
57.3548 -10.5286
57.4495 -11.3025
57.5441 -12.3368
57.6388 -13.4745
57.7334 -14.4693
57.8281 -15.0756
57.9227 -15.1407
58.0174 -14.6542
58.112 -13.7376
58.2067 -12.5829
58.3013 -11.3745
58.396 -10.2306
58.4906 -9.18693
58.5853 -8.21977
58.68 -7.28579
58.7746 -6.3519
58.8693 -5.39954
58.9639 -4.40728
59.0586 -3.33086
59.1532 -2.10113
59.2479 -0.648513
59.3425 1.05648
59.4372 2.96961
59.5318 4.96884
59.6265 6.88749
59.7211 8.57215
59.8158 9.93788
59.9104 10.9935
60.0051 11.8241
60.0997 12.5395
60.1944 13.2152
60.289 13.8544
60.3837 14.3888
60.4783 14.7152
60.573 14.7467
60.6676 14.4531
60.7623 13.8725
60.8569 13.0915
60.9516 12.21
61.0462 11.3084
61.1409 10.4329
61.2355 9.59821
61.3302 8.79932
61.4248 8.0189
61.5195 7.22435
61.6141 6.36003
61.7088 5.34714
61.8034 4.10198
61.8981 2.57207
61.9928 0.776053
62.0874 -1.17469
62.1821 -3.09005
62.2767 -4.75285
62.3714 -5.99089
62.466 -6.73988
62.5607 -7.06927
62.6553 -7.15874
62.75 -7.23499
62.8446 -7.49587
62.9393 -8.05278
63.0339 -8.9114
63.1286 -9.9912
63.2232 -11.1669
63.3179 -12.3082
63.4125 -13.3014
63.5072 -14.0496
63.6018 -14.4647
63.6965 -14.4646
63.7911 -13.9865
63.8858 -13.0098
63.9804 -11.5747
64.0751 -9.77986
64.1697 -7.75415
64.2644 -5.61236
64.359 -3.41769
64.4537 -1.17223
64.5483 1.15573
64.643 3.57831
64.7376 6.03506
64.8323 8.36842
64.9269 10.3437
65.0216 11.7079
65.1162 12.2628
65.2109 11.9224
65.3056 10.7318
65.4002 8.84717
65.4949 6.49192
65.5895 3.91423
65.6842 1.36382
65.7788 -0.91124
65.8735 -2.66245
65.9681 -3.65392
66.0628 -3.70165
66.1574 -2.73112
66.2521 -0.828012
66.3467 1.74855
66.4414 4.60853
66.536 7.32362
66.6307 9.53917
66.7253 11.0631
66.82 11.8966
66.9146 12.1955
67.0093 12.1817
67.1039 12.0431
67.1986 11.8641
67.2932 11.6104
67.3879 11.1683
67.4825 10.4123
67.5772 9.26698
67.6718 7.73924
67.7665 5.91092
67.8611 3.90492
67.9558 1.84573
68.0504 -0.167382
68.1451 -2.06772
68.2397 -3.8154
68.3344 -5.39036
68.4291 -6.79277
68.5237 -8.04994
68.6184 -9.22051
68.713 -10.3851
68.8077 -11.6198
68.9023 -12.9589
68.997 -14.3638
69.0916 -15.7128
69.1863 -16.8196
69.2809 -17.4764
69.3756 -17.5039
69.4702 -16.7925
69.5649 -15.3216
69.6595 -13.1586
69.7542 -10.4436
69.8488 -7.37165
69.9435 -4.17529
70.0381 -1.1059
70.1328 1.59462
70.2274 3.73413
70.3221 5.21598
70.4167 6.07272
70.5114 6.4684
70.606 6.65822
70.7007 6.91221
70.7953 7.42803
70.89 8.2665
70.9846 9.33735
71.0793 10.442
71.1739 11.356
71.2686 11.9148
71.3632 12.0676
71.4579 11.8776
71.5525 11.4735
71.6472 10.9797
71.7419 10.4598
71.8365 9.898
71.9312 9.22399
72.0258 8.36248
72.1205 7.27916
72.2151 5.99931
72.3098 4.59241
72.4044 3.13564
72.4991 1.67989
72.5937 0.239102
72.6884 -1.19132
72.783 -2.49428
72.8777 -3.69656
72.9723 -4.70993
73.067 -5.42986
73.1616 -5.49057
73.2563 -5.42534
73.3509 -5.05219
73.4456 -4.22901
73.5402 -3.65941
73.6349 -3.2902
73.7295 -3.13078
73.8242 -3.27956
73.9188 -3.69865
74.0135 -4.27427
74.1081 -4.8315
74.2028 -5.29529
74.2974 -5.21086
74.3921 -4.55354
74.4867 -3.31483
74.5814 -1.64941
74.676 0.138636
74.7707 1.66484
74.8653 2.57513
74.96 2.81256
75.0547 2.0104
75.1493 0.618758
75.244 -1.17813
75.3386 -2.40928
75.4333 -3.02316
75.5279 -2.95828
75.6226 -2.38936
75.7172 -1.63145
75.8119 -0.995355
75.9065 -0.658679
76.0012 -0.213609
76.0958 -0.0866068
76.1905 -0.0165139
76.2851 0.773857
76.3798 1.46582
76.4744 2.37453
76.5691 3.27529
76.6637 3.96753
76.7584 4.88975
76.853 5.77174
76.9477 6.54017
77.0423 7.06641
77.137 6.92354
77.2316 6.48324
77.3263 5.44634
77.4209 3.92147
77.5156 2.18802
77.6102 0.630938
77.7049 -0.384589
77.7995 -0.649869
77.8942 -0.200783
77.9888 0.466537
78.0835 1.35927
78.1781 1.89672
78.2728 1.69684
78.3675 1.0533
78.4621 0.0271589
78.5568 -1.07075
78.6514 -1.94432
78.7461 -2.41451
78.8407 -2.41494
78.9354 -2.11496
79.03 -1.6816
79.1247 -1.25605
79.2193 -0.704322
79.314 -0.40115
79.4086 -0.169181
79.5033 0.0267403
79.5979 0.240506
79.6926 -0.0410691
79.7872 -0.103388
79.8819 -0.16068
79.9765 -0.165121
80.0712 -0.069578
80.1658 0.155609
80.2605 0.488818
80.3551 0.876854
80.4498 1.25395
80.5444 1.56304
80.6391 1.77675
80.7337 1.91277
80.8284 1.92517
80.923 1.90157
81.0177 1.6669
81.1123 1.22122
81.207 0.557995
81.3016 -0.240761
81.3963 -1.06645
81.4909 -1.75665
81.5856 -2.15025
81.6803 -2.158
81.7749 -1.81364
81.8696 -1.27599
81.9642 -0.774012
82.0589 -0.515361
82.1535 -0.741735
82.2482 -1.09091
82.3428 -1.7089
82.4375 -2.29265
82.5321 -2.2798
82.6268 -1.94197
82.7214 -1.26423
82.8161 -0.432873
82.9107 0.437714
83.0054 1.07645
83.1 1.57182
83.1947 1.68893
83.2893 1.5565
83.384 1.26009
83.4786 0.886673
83.5733 0.381142
83.6679 0.124959
83.7626 -0.042974
83.8572 -0.171807
83.9519 0.116122
84.0465 0.688839
84.1412 1.48471
84.2358 2.36444
84.3305 3.03963
84.4251 3.65771
84.5198 3.60539
84.6144 3.10695
84.7091 2.30976
84.8037 1.43212
84.8984 0.877126
84.9931 0.346013
85.0877 0.0684505
85.1824 -0.0111013
85.277 0.271954
85.3717 0.40822
85.4663 0.602743
85.561 0.957658
85.6556 1.53995
85.7503 2.27331
85.8449 3.03555
85.9396 3.6258
86.0342 3.72654
86.1289 3.43115
86.2235 2.91748
86.3182 1.5502
86.4128 -0.0196716
86.5075 -1.57253
86.6021 -2.69162
86.6968 -3.52488
86.7914 -3.60554
86.8861 -3.18443
86.9807 -2.42609
87.0754 -1.75724
87.17 -0.915574
87.2647 -0.205109
87.3593 0.315381
87.454 0.619288
87.5486 0.700111
87.6433 0.669665
87.7379 0.329883
87.8326 -0.139831
87.9272 -0.646695
88.0219 -1.19847
88.1166 -1.59029
88.2112 -1.85402
88.3059 -2.01641
88.4005 -2.13116
88.4952 -2.08784
88.5898 -2.28952
88.6845 -2.73981
88.7791 -2.88062
88.8738 -2.6399
88.9684 -2.42449
89.0631 -2.02263
89.1577 -1.47836
89.2524 -0.850694
89.347 -0.198677
89.4417 0.404685
89.5363 0.938976
89.631 1.38675
89.7256 1.54535
89.8203 1.87624
89.9149 2.24832
90.0096 2.68742
90.1042 3.57336
90.1989 4.12754
90.2935 4.54258
90.3882 4.73171
90.4828 4.87937
90.5775 4.61717
90.6721 4.04329
90.7668 3.27705
90.8614 2.22204
90.9561 1.13817
91.0507 0.161946
91.1454 -0.656165
91.24 -0.90011
91.3347 -0.851487
91.4294 -0.867178
91.524 -0.775084
91.6187 -0.664259
91.7133 -0.852139
91.808 -1.01574
91.9026 -1.40178
91.9973 -1.76269
92.0919 -2.09902
92.1866 -2.29356
92.2812 -2.07504
92.3759 -1.67005
92.4705 -1.23533
92.5652 -0.688729
92.6598 -0.165212
92.7545 -0.217705
92.8491 -0.174668
92.9438 -0.25925
93.0384 -0.247056
