-0.45 0.774412
-0.355724 0.672826
-0.261448 0.636952
-0.167172 0.459331
-0.0728966 0.705313
0.0213792 1.01598
0.115655 1.91372
0.209931 2.8349
0.304207 3.58995
0.398483 4.24051
0.492758 4.41291
0.587034 4.18515
0.68131 3.63624
0.775586 3.02887
0.869862 2.21557
0.964138 1.65828
1.05841 0.668474
1.15269 -0.541556
1.24697 -1.80873
1.34124 -2.99887
1.43552 -3.88822
1.52979 -4.25523
1.62407 -3.74197
1.71834 -3.59268
1.81262 -2.37104
1.9069 -0.882469
2.00117 0.635271
2.09545 1.88837
2.18972 2.65758
2.284 3.07231
2.37828 2.31923
2.47255 1.64246
2.56683 0.917114
2.6611 0.489782
2.75538 0.0407671
2.84965 -0.161733
2.94393 -0.242867
3.03821 0.125101
3.13248 0.742034
3.22676 1.53282
3.32103 2.38446
3.41531 3.15222
3.50959 3.68035
3.60386 3.83513
3.69814 3.42829
3.79241 2.6556
3.88669 1.62568
3.98096 0.867603
4.07524 -0.276918
4.16952 -1.46434
4.26379 -2.12843
4.35807 -2.34994
4.45234 -1.85299
4.54662 -1.09413
4.6409 -0.140065
4.73517 0.634225
4.82945 1.69468
4.92372 2.36843
5.018 2.77454
5.11227 2.69794
5.20655 2.64289
5.30083 2.82624
5.3951 2.44781
5.48938 1.92491
5.58365 1.64362
5.67793 1.1698
5.77221 0.724772
5.86648 0.548114
5.96076 0.263046
6.05503 0.133264
6.14931 0.020883
6.24358 -0.06611
6.33786 -0.139922
6.43214 -0.165156
6.52641 -0.0698256
6.62069 0.409627
6.71496 0.921266
6.80924 1.59754
6.90352 2.32664
6.99779 2.95619
7.09207 3.33846
7.18634 3.42648
7.28062 3.1857
7.37489 2.55499
7.46917 1.80524
7.56345 0.702725
7.65772 -0.0192703
7.752 -0.607137
7.84627 -1.15968
7.94055 -1.53337
8.03483 -1.87055
8.1291 -2.18521
8.22338 -2.43415
8.31765 -3.03844
8.41193 -3.03654
8.5062 -2.4572
8.60048 -1.41809
8.69476 -0.121736
8.78903 1.16422
8.88331 2.36648
8.97758 2.96931
9.07186 3.15704
9.16614 3.04081
9.26041 2.79511
9.35469 2.57797
9.44896 2.46559
9.54324 2.37284
9.63752 2.12948
9.73179 1.95511
9.82607 1.76975
9.92034 1.3851
10.0146 0.891839
10.1089 0.626753
10.2032 0.775479
10.2974 1.09463
10.3917 1.5756
10.486 1.96044
10.5803 1.96977
10.6745 1.43134
10.7688 0.384348
10.8631 -0.892325
10.9574 -1.95191
11.0517 -2.33436
11.1459 -1.74837
11.2402 -0.208285
11.3345 1.93404
11.4288 4.0825
11.523 5.58563
11.6173 5.95164
11.7116 5.01196
11.8059 2.96687
11.9001 0.081122
11.9944 -2.59109
12.0887 -4.72924
12.183 -5.95855
12.2772 -6.16185
12.3715 -5.44547
12.4658 -4.0456
12.5601 -2.22902
12.6543 -0.232156
12.7486 1.74725
12.8429 3.52519
12.9372 4.91032
13.0314 5.71764
13.1257 5.82141
13.22 5.2211
13.3143 4.07821
13.4085 2.69021
13.5028 1.39874
13.5971 0.465927
13.6914 -0.0249267
13.7857 -0.193309
13.8799 -0.292623
13.9742 -0.575955
14.0685 -1.15863
14.1628 -1.94487
14.257 -2.65753
14.3513 -2.96077
14.4456 -2.6198
14.5399 -1.62168
14.6341 -0.198792
14.7284 1.25821
14.8227 2.35841
14.917 2.86671
15.0112 2.78721
15.1055 2.33894
15.1998 1.84037
15.2941 1.56123
15.3883 1.61174
15.4826 1.9172
15.5769 2.28114
15.6712 2.49771
15.7654 2.45316
15.8597 2.16756
15.954 1.76245
16.0483 1.37976
16.1425 1.10051
16.2368 0.907782
16.3311 0.711384
16.4254 0.416522
16.5197 -0.00471593
16.6139 -0.480311
16.7082 -0.862805
16.8025 -0.99878
16.8968 -0.807001
16.991 -0.325183
17.0853 0.29744
17.1796 0.856625
17.2739 1.17021
17.3681 1.1402
17.4624 0.775553
17.5567 0.173233
17.651 -0.525192
17.7452 -1.17702
17.8395 -1.66471
17.9338 -1.90292
18.0281 -1.8371
18.1223 -1.4464
18.2166 -0.755406
18.3109 0.15345
18.4052 1.14181
18.4994 2.0417
18.5937 2.70217
18.688 3.03672
18.7823 3.04698
18.8765 2.80736
18.9708 2.41685
19.0651 1.94425
19.1594 1.40038
19.2537 0.758253
19.3479 0.0147069
19.4422 -0.741078
19.5365 -1.29808
19.6308 -1.36537
19.725 -0.682973
19.8193 0.84026
19.9136 3.02623
20.0079 5.42135
20.1021 7.4035
20.1964 8.3703
20.2907 7.93776
20.385 6.06976
20.4792 3.08736
20.5735 -0.44179
20.6678 -3.88333
20.7621 -6.70953
20.8563 -8.60132
20.9506 -9.45387
21.0449 -9.30811
21.1392 -8.26174
21.2334 -6.41314
21.3277 -3.86386
21.422 -0.765847
21.5163 2.62853
21.6105 5.95772
21.7048 8.80377
21.7991 10.7914
21.8934 11.6906
21.9877 11.4768
22.0819 10.3225
22.1762 8.52816
22.2705 6.42647
22.3648 4.30134
22.459 2.34765
22.5533 0.67187
22.6476 -0.687322
22.7419 -1.74283
22.8361 -2.55744
22.9304 -3.24593
23.0247 -3.95859
23.119 -4.83084
23.2132 -5.90734
23.3075 -7.0745
23.4018 -8.04497
23.4961 -8.42136
23.5903 -7.829
23.6846 -6.06769
23.7789 -3.21369
23.8732 0.380815
23.9674 4.19764
24.0617 7.72397
24.156 10.6044
24.2503 12.6999
24.3445 14.0279
24.4388 14.6227
24.5331 14.4007
24.6274 13.1204
24.7216 10.4785
24.8159 6.30844
24.9102 0.786495
25.0045 -5.46851
25.0988 -11.4749
25.193 -16.1364
25.2873 -18.5668
25.3816 -18.356
25.4759 -15.6667
25.5701 -11.129
25.6644 -5.59107
25.7587 0.1512
25.853 5.52724
25.9472 10.2093
26.0415 14.0057
26.1358 16.7268
26.2301 18.1251
26.3243 17.9558
26.4186 16.1141
26.5129 12.7433
26.6072 8.20994
26.7014 2.91904
26.7957 -2.94249
26.89 -9.56139
26.9843 -17.3831
27.0785 -26.6722
27.1728 -36.88
27.2671 -46.1233
27.3614 -51.1366
27.4556 -47.9439
27.5499 -33.2225
27.6442 -5.99355
27.7385 30.9866
27.8328 70.804
27.927 103.373
28.0213 117.811
28.1156 105.658
28.2099 63.9647
28.3041 -2.80989
28.3984 -82.8894
28.4927 -159.482
28.587 -214.785
28.6812 -234.595
28.7755 -212.169
28.8698 -150.172
28.9641 -60.1108
29.0583 40.562
29.1526 132.776
29.2469 200.319
29.3412 233.197
29.4354 229.065
29.5297 192.57
29.624 133.13
29.7183 62.0356
29.8125 -10.1322
29.9068 -75.1328
30.0011 -127.548
30.0954 -164.395
30.1896 -184.405
30.2839 -187.463
30.3782 -174.471
30.4725 -147.54
30.5668 -110.19
30.661 -67.1996
30.7553 -23.9194
30.8496 14.8068
30.9439 45.7475
31.0381 67.939
31.1324 82.5754
31.2267 92.1326
31.321 99.0655
31.4152 104.619
31.5095 108.26
31.6038 107.959
31.6981 101.214
31.7923 86.3273
31.8866 63.4064
31.9809 34.6298
32.0752 3.68373
32.1694 -25.3828
32.2637 -49.3959
32.358 -66.8833
32.4523 -78.1952
32.5465 -84.9398
32.6408 -89.0432
32.7351 -91.8606
32.8294 -93.696
32.9236 -93.8552
33.0179 -91.1144
33.1122 -84.3209
33.2065 -72.8444
33.3008 -56.7283
33.395 -36.5728
33.4893 -13.3135
33.5836 11.9291
33.6779 37.8469
33.7721 62.85
33.8664 85.0311
33.9607 102.332
34.055 112.938
34.1492 115.775
34.2435 110.898
34.3378 99.5381
34.4321 83.7629
34.5263 65.8348
34.6206 47.5398
34.7149 29.7648
34.8092 12.4992
34.9034 -4.76157
34.9977 -22.42
35.092 -40.2813
35.1863 -57.3929
35.2805 -72.2855
35.3748 -83.4807
35.4691 -90.0149
35.5634 -91.7277
35.6576 -89.2005
35.7519 -83.403
35.8462 -75.2504
35.9405 -65.2982
36.0348 -53.712
36.129 -40.495
36.2233 -25.8165
36.3176 -10.2399
36.4119 5.28577
36.5061 19.6736
36.6004 32.0491
36.6947 42.0155
36.789 49.6894
36.8832 55.491
36.9775 59.8045
37.0718 62.6965
37.1661 63.8474
37.2603 62.7369
37.3546 58.988
37.4489 52.6836
37.5432 44.4836
37.6374 35.4662
37.7317 26.7599
37.826 19.1355
37.9203 12.7484
38.0145 7.14962
38.1088 1.55031
38.2031 -4.78774
38.2974 -12.2161
38.3916 -20.5575
38.4859 -29.1952
38.5802 -37.3216
38.6745 -44.2109
38.7687 -49.3919
38.863 -52.6684
38.9573 -54.0227
39.0516 -53.4945
39.1459 -51.1228
39.2401 -46.9868
39.3344 -41.3048
39.4287 -34.5105
39.523 -27.2301
39.6172 -20.1391
39.7115 -13.751
39.8058 -8.23504
39.9001 -3.35732
39.9943 1.41599
40.0886 6.69009
40.1829 12.8837
40.2772 20.0496
40.3714 27.8418
40.4657 35.6285
40.56 42.6872
40.6543 48.3917
40.7485 52.3216
40.8428 54.273
40.9371 54.2038
41.0314 52.169
41.1256 48.2944
41.2199 42.7964
41.3142 36.0182
41.4085 28.4361
41.5027 20.6022
41.597 13.0303
41.6913 6.06629
41.7856 -0.196449
41.8799 -5.91427
41.9741 -11.3979
42.0684 -16.9628
42.1627 -22.7879
42.257 -28.836
42.3512 -34.8622
42.4455 -40.4904
42.5398 -45.317
42.6341 -48.9945
42.7283 -51.2705
42.8226 -51.9866
42.9169 -51.0623
43.0112 -48.4926
43.1054 -44.3675
43.1997 -38.9005
43.294 -32.4396
43.3883 -25.4349
43.4825 -18.3591
43.5768 -11.6056
43.6711 -5.39976
43.7654 0.2375
43.8596 5.45907
43.9539 10.5064
44.0482 15.6044
44.1425 20.8752
44.2367 26.2991
44.331 31.725
44.4253 36.9144
44.5196 41.5933
44.6139 45.493
44.7081 48.3736
44.8024 50.0374
44.8967 50.344
44.991 49.2311
45.0852 46.736
45.1795 43.0036
45.2738 38.2683
45.3681 32.8095
45.4623 26.8918
45.5566 20.7128
45.6509 14.3784
45.7452 7.91536
45.8394 1.31351
45.9337 -5.42097
46.028 -12.2235
46.1223 -18.9548
46.2165 -25.4122
46.3108 -31.3601
46.4051 -36.5653
46.4994 -40.8277
46.5936 -44.0038
46.6879 -46.0217
46.7822 -46.8916
46.8765 -46.7068
46.9707 -45.6305
47.065 -43.8619
47.1593 -41.5862
47.2536 -38.9209
47.3479 -35.881
47.4421 -32.3812
47.5364 -28.2812
47.6307 -23.4624
47.725 -17.9053
47.8192 -11.7362
47.9135 -5.22038
48.0078 1.29723
48.1021 7.48232
48.1963 13.0953
48.2906 18.037
48.3849 22.3422
48.4792 26.1282
48.5734 29.5267
48.6677 32.6277
48.762 35.4544
48.8563 37.9708
48.9505 40.1051
49.0448 41.7694
49.1391 42.8641
49.2334 43.2697
49.3276 42.8417
49.4219 41.4267
49.5162 38.9057
49.6105 35.2547
49.7047 30.5961
49.799 25.2109
49.8933 19.4968
49.9876 13.8761
50.0819 8.68345
50.1761 4.07332
50.2704 -0.0153485
50.3647 -3.82281
50.459 -7.67118
50.5532 -11.8405
50.6475 -16.4616
50.7418 -21.461
50.8361 -26.5743
50.9303 -31.4185
51.0246 -35.5963
51.1189 -38.7978
51.2132 -40.8678
51.3074 -41.8236
51.4017 -41.8216
51.496 -41.0905
51.5903 -39.8519
51.6845 -38.2551
51.7788 -36.3456
51.8731 -34.0719
51.9674 -31.3291
52.0616 -28.019
52.1559 -24.1069
52.2502 -19.6518
52.3445 -14.8011
52.4387 -9.75141
52.533 -4.69244
52.6273 0.242386
52.7216 4.99859
52.8159 9.58803
52.9101 14.0486
53.0044 18.3961
53.0987 22.5908
53.193 26.5346
53.2872 30.0974
53.3815 33.1589
53.4758 35.644
53.5701 37.5339
53.6643 38.8498
53.7586 39.6175
53.8529 39.8359
53.9472 39.4651
54.0414 38.4424
54.1357 36.7178
54.23 34.2921
54.3243 31.2365
54.4185 27.6862
54.5128 23.81
54.6071 19.7711
54.7014 15.6961
54.7956 11.661
54.8899 7.69389
54.9842 3.78521
55.0785 -0.105121
55.1727 -4.04571
55.267 -8.13033
55.3613 -12.4613
55.4556 -17.1117
55.5498 -22.0722
55.6441 -27.2015
55.7384 -32.2074
55.8327 -36.6784
55.927 -40.1684
56.0212 -42.3107
56.1155 -42.922
56.2098 -42.0571
56.3041 -39.9913
56.3983 -37.1352
56.4926 -33.9163
56.5869 -30.6691
56.6812 -27.5743
56.7754 -24.6589
56.8697 -21.8455
56.964 -19.0197
57.0583 -16.0824
57.1525 -12.9703
57.2468 -9.64673
57.3411 -6.08333
57.4354 -2.25432
57.5296 1.84653
57.6239 6.17416
57.7182 10.6066
57.8125 14.9474
57.9067 18.9641
58.001 22.4507
58.0953 25.2882
58.1896 27.4744
58.2838 29.1081
58.3781 30.3367
58.4724 31.2913
58.5667 32.0397
58.661 32.5781
58.7552 32.8576
58.8495 32.8259
58.9438 32.4563
59.0381 31.7451
59.1323 30.6821
59.2266 29.2145
59.3209 27.2352
59.4152 24.613
59.5094 21.259
59.6037 17.2011
59.698 12.6254
59.7923 7.85521
59.8865 3.26648
59.9808 -0.831997
60.0751 -4.3021
60.1694 -7.21682
60.2636 -9.81561
60.3579 -12.3908
60.4522 -15.1528
60.5465 -18.1319
60.6407 -21.1608
60.735 -23.9426
60.8293 -26.1751
60.9236 -27.6753
61.0178 -28.4493
61.1121 -28.6803
61.2064 -28.6421
61.3007 -28.5782
61.395 -28.6008
61.4892 -28.6494
61.5835 -28.5232
61.6778 -27.9685
61.7721 -26.7799
61.8663 -24.8744
61.9606 -22.3104
62.0549 -19.2522
62.1492 -15.9016
62.2434 -12.4285
62.3377 -8.9291
62.432 -5.42396
62.5263 -1.88935
62.6205 1.69729
62.7148 5.32019
62.8091 8.91181
62.9034 12.366
62.9976 15.5687
63.0919 18.432
63.1862 20.9148
63.2805 23.0241
63.3747 24.7966
63.469 26.269
63.5633 27.4509
63.6576 28.3115
63.7518 28.787
63.8461 28.807
63.9404 28.3315
64.0347 27.3826
64.129 26.0567
64.2232 24.5082
64.3175 22.9067
64.4118 21.3799
64.5061 19.9642
64.6003 18.5836
64.6946 17.0702
64.7889 15.2217
64.8832 12.8797
64.9774 9.9964
65.0717 6.66575
65.166 3.10182
65.2603 -0.427868
65.3545 -3.68984
65.4488 -6.55858
65.5431 -9.04717
65.6374 -11.2828
65.7316 -13.4376
65.8259 -15.644
65.9202 -17.9301
66.0145 -20.2005
66.1087 -22.2686
66.203 -23.926
66.2973 -25.0171
66.3916 -25.4899
66.4858 -25.4038
66.5801 -24.8963
66.6744 -24.1261
66.7687 -23.2189
66.863 -22.2358
66.9572 -21.1729
67.0515 -19.9836
67.1458 -18.6078
67.2401 -16.9917
67.3343 -15.093
67.4286 -12.8758
67.5229 -10.3088
67.6172 -7.37663
67.7114 -4.10736
67.8057 -0.604056
67.9 2.93899
67.9943 6.25274
68.0885 9.04857
68.1828 11.0996
68.2771 12.3213
68.3714 12.8182
68.4656 12.8742
68.5599 12.8828
68.6542 13.2368
68.7485 14.2139
68.8427 15.8973
68.937 18.1564
69.0313 20.6934
69.1256 23.133
69.2198 25.1249
69.3141 26.423
69.4084 26.9203
69.5027 26.6377
69.597 25.6815
69.6912 24.1915
69.7855 22.3
69.8798 20.1098
69.9741 17.6895
70.0683 15.0766
70.1626 12.2816
70.2569 9.29102
70.3512 6.07693
70.4454 2.6181
70.5397 -1.06546
70.634 -4.87513
70.7283 -8.61179
70.8225 -11.9882
70.9168 -14.6836
71.0111 -16.4298
71.1054 -17.1012
71.1996 -16.7719
71.2939 -15.7134
71.3882 -14.3258
71.4825 -13.0238
71.5767 -12.1185
71.671 -11.7402
71.7653 -11.8299
71.8596 -12.1998
71.9538 -12.6329
72.0481 -12.9781
72.1424 -13.1981
72.2367 -13.355
72.3309 -13.545
72.4252 -13.8192
72.5195 -14.1312
72.6138 -14.339
72.7081 -14.259
72.8023 -13.7438
72.8966 -12.7454
72.9909 -11.3309
73.0852 -9.64269
73.1794 -7.82376
73.2737 -5.9453
73.368 -3.97331
73.4623 -1.79116
73.5565 0.732222
73.6508 3.66138
73.7451 6.93909
73.8394 10.3826
73.9336 13.7319
74.0279 16.727
74.1222 19.1785
74.2165 21.0016
74.3107 22.2048
74.405 22.8458
74.4993 22.9816
74.5936 22.6414
74.6878 21.8328
74.7821 20.5741
74.8764 18.9305
74.9707 17.0296
75.0649 15.0422
75.1592 13.1356
75.2535 11.4183
75.3478 9.90345
75.4421 8.50796
75.5363 7.08991
75.6306 5.50874
75.7249 3.68538
75.8192 1.64047
75.9134 -0.501229
76.0077 -2.53909
76.102 -4.24689
76.1963 -5.63969
76.2905 -6.17273
76.3848 -6.06822
76.4791 -5.48041
76.5734 -4.85383
76.6676 -4.1622
76.7619 -3.91967
76.8562 -4.42154
76.9505 -5.51802
77.0447 -7.12199
77.139 -9.06151
77.2333 -10.5757
77.3276 -11.4089
77.4218 -11.4153
77.5161 -10.6142
77.6104 -9.55647
77.7047 -8.64557
77.7989 -8.26651
77.8932 -8.57416
77.9875 -9.29272
78.0818 -10.2978
78.1761 -11.0302
78.2703 -11.2345
78.3646 -10.9809
78.4589 -9.81042
78.5532 -8.22634
78.6474 -6.57382
78.7417 -5.12506
78.836 -3.98477
78.9303 -3.0804
79.0245 -1.95231
79.1188 -1.09359
79.2131 -0.0455328
79.3074 1.26453
79.4016 2.52491
79.4959 3.73347
79.5902 5.05667
79.6845 6.47293
79.7787 8.66135
79.873 10.8951
79.9673 13.0305
80.0616 14.8937
80.1558 16.2283
80.2501 16.8476
80.3444 16.411
80.4387 15.5631
80.5329 14.2838
80.6272 12.9478
80.7215 11.6323
80.8158 11.0506
80.9101 9.9581
81.0043 8.8196
81.0986 7.63238
81.1929 6.45321
81.2872 5.37847
81.3814 4.49238
81.4757 3.8121
81.57 3.26143
81.6643 2.70751
81.7585 1.9523
81.8528 0.990126
81.9471 -0.332459
82.0414 -1.81952
82.1356 -3.10106
82.2299 -4.3205
82.3242 -5.17509
82.4185 -5.80757
82.5127 -6.39841
82.607 -7.12678
82.7013 -8.08142
82.7956 -9.09584
82.8898 -10.2357
82.9841 -11.2887
83.0784 -11.5379
83.1727 -11.3461
83.2669 -10.7639
83.3612 -9.82292
83.4555 -8.86519
83.5498 -8.06152
83.6441 -7.42202
83.7383 -6.81649
83.8326 -6.06104
83.9269 -4.80294
84.0212 -3.50474
84.1154 -2.12715
84.2097 -0.764109
84.304 0.530574
84.3983 1.388
84.4925 1.6584
84.5868 1.70341
84.6811 1.748
84.7754 1.99292
84.8696 2.542
84.9639 3.37197
85.0582 4.35246
85.1525 5.5228
85.2467 6.3312
85.341 6.58231
85.4353 6.71206
85.5296 6.65361
85.6238 6.48439
85.7181 6.47548
85.8124 6.6297
85.9067 6.92314
86.0009 7.51612
86.0952 7.82968
86.1895 8.20147
86.2838 8.51708
86.378 8.12505
86.4723 7.58255
86.5666 6.92787
86.6609 5.97595
86.7552 5.25139
86.8494 4.37596
86.9437 3.63543
87.038 2.87699
87.1323 2.31492
87.2265 2.07995
87.3208 1.25773
87.4151 0.431039
87.5094 -0.158989
87.6036 -0.200127
87.6979 -0.468991
87.7922 -0.863526
87.8865 -1.56743
87.9807 -2.50165
88.075 -3.91948
88.1693 -5.52559
88.2636 -7.02926
88.3578 -8.16119
88.4521 -8.82126
88.5464 -8.88706
88.6407 -8.6189
88.7349 -8.19659
88.8292 -7.73392
88.9235 -7.22838
89.0178 -6.27207
89.112 -5.41738
89.2063 -4.33799
89.3006 -3.10549
89.3949 -1.88486
89.4892 -0.870977
89.5834 -0.108451
89.6777 0.199642
89.772 -0.075001
89.8663 -0.105376
89.9605 0.282337
90.0548 0.861166
90.1491 1.0636
90.2434 1.67037
90.3376 2.33251
90.4319 2.94241
90.5262 3.45311
90.6205 3.87937
90.7147 4.06633
90.809 4.41975
90.9033 4.65105
90.9976 4.41593
91.0918 4.01661
91.1861 3.16099
91.2804 2.40706
91.3747 1.81119
91.4689 1.70386
91.5632 2.22727
91.6575 3.16724
91.7518 3.89738
91.846 4.78461
91.9403 5.09159
92.0346 4.62636
92.1289 3.52039
92.2232 2.02725
92.3174 0.55107
92.4117 -0.313197
92.506 -0.878019
92.6003 -0.746603
92.6945 -0.142334
92.7888 0.308694
92.8831 0.978561
92.9774 1.43876
93.0716 1.4771
93.1659 1.15671
93.2602 0.676661
93.3545 0.159022
93.4487 -0.303205
93.543 -0.674767
93.6373 -0.989084
93.7316 -1.13407
93.8258 -1.32203
93.9201 -1.17034
94.0144 -0.909274
94.1087 -0.837583
94.2029 -0.713679
94.2972 -0.902151
94.3915 -1.19459
94.4858 -1.63296
94.58 -2.16545
94.6743 -2.71498
94.7686 -3.19241
94.8629 -3.62861
94.9572 -3.71594
95.0514 -3.36324
95.1457 -2.68123
95.24 -1.91615
95.3343 -0.796581
95.4285 0.366912
95.5228 1.38576
95.6171 2.07968
95.7114 1.96113
95.8056 1.73111
95.8999 1.29262
95.9942 0.834547
