-3.82 -0.449421
-3.72 -0.934288
-3.62 -1.19866
-3.52 -1.57022
-3.42 -1.6297
-3.32 -1.5935
-3.22 -1.37977
-3.12 -0.992028
-3.02 -0.591128
-2.92 0.369614
-2.82 1.35442
-2.72 1.9154
-2.62 2.58036
-2.52 3.19383
-2.42 3.44908
-2.32 3.70149
-2.22 3.92389
-2.12 3.27156
-2.02 2.38236
-1.92 1.13819
-1.82 -0.164783
-1.72 -1.26429
-1.62 -1.65854
-1.52 -1.96717
-1.42 -2.28913
-1.32 -2.5939
-1.22 -2.46892
-1.12 -1.79989
-1.02 -0.789691
-0.92 -0.0655448
-0.82 0.406423
-0.72 0.474361
-0.62 0.303531
-0.52 0.203194
-0.42 0.15425
-0.32 -0.034967
-0.22 -0.403077
-0.12 -0.576282
-0.02 -0.593086
0.08 0.0771952
0.18 0.919741
0.28 1.43871
0.38 1.80774
0.48 2.41379
0.58 2.9997
0.68 3.29706
0.78 2.83999
0.88 1.92477
0.98 1.09409
1.08 0.676264
1.18 0.45214
1.28 0.537847
1.38 0.107495
1.48 -0.152204
1.58 -0.0975833
1.68 0.386923
1.78 0.864018
1.88 0.932513
1.98 0.179547
2.08 -0.428785
2.18 -0.800896
2.28 -0.265447
2.38 0.0465457
2.48 0.461092
2.58 0.690051
2.68 0.962446
2.78 1.0208
2.88 0.956761
2.98 0.754023
3.08 0.647611
3.18 0.130339
3.28 -0.0676205
3.38 -0.173092
3.48 -0.22106
3.58 -0.0751756
3.68 0.107041
3.78 0.431619
3.88 0.623968
3.98 0.445388
4.08 0.361507
4.18 0.366825
4.28 0.0706769
4.38 -0.405813
4.48 -0.732835
4.58 -0.553998
4.68 0.309942
4.78 0.993113
4.88 1.33602
4.98 1.17174
5.08 0.0326897
5.18 -0.991826
5.28 -1.17164
5.38 -0.748517
5.48 -0.446817
5.58 -0.447233
5.68 -0.178994
5.78 0.934367
5.88 2.36377
5.98 2.88108
6.08 2.98854
6.18 3.08263
6.28 3.15951
6.38 3.29107
6.48 3.76296
6.58 3.73411
6.68 2.66314
6.78 1.24028
6.88 0.265231
6.98 -0.593268
7.08 -1.45209
7.18 -2.34388
7.28 -2.86103
7.38 -2.9237
7.48 -2.89068
7.58 -2.56626
7.68 -1.76085
7.78 -0.981648
7.88 -0.24369
7.98 0.171577
8.08 0.68422
8.18 1.42779
8.28 2.18178
8.38 2.76178
8.48 2.93823
8.58 2.67036
8.68 1.9642
8.78 1.11063
8.88 0.312712
8.98 -0.113674
9.08 -0.213336
9.18 -0.283552
9.28 -0.357416
9.38 -0.208495
9.48 0.119893
9.58 0.272086
9.68 0.294672
9.78 0.213764
9.88 0.1013
9.98 -0.361332
10.08 -1.0241
10.18 -0.971567
10.28 -0.283598
10.38 0.644366
10.48 1.32165
10.58 1.57766
10.68 1.36979
10.78 1.28333
10.88 1.15041
10.98 0.842816
11.08 0.58359
11.18 0.390924
11.28 0.296222
11.38 0.408133
11.48 1.20523
11.58 1.96767
11.68 2.33337
11.78 2.19766
11.88 1.75087
11.98 1.11753
12.08 0.812352
12.18 0.907922
12.28 1.16312
12.38 1.19201
12.48 0.992848
12.58 0.597951
12.68 0.163805
12.78 -0.257302
12.88 -0.763552
12.98 -0.967348
13.08 -0.807597
13.18 -0.45878
13.28 -0.100559
13.38 0.343419
13.48 0.642091
13.58 0.846744
13.68 0.882735
13.78 0.486156
13.88 -0.296034
13.98 -1.44682
14.08 -2.47523
14.18 -3.02929
14.28 -2.70018
14.38 -1.85393
14.48 -1.26535
14.58 -1.17412
14.68 -1.24291
14.78 -0.62188
14.88 0.856922
14.98 2.27884
15.08 2.91326
15.18 2.49333
15.28 1.52808
15.38 0.88759
15.48 0.728893
15.58 0.88048
15.68 0.839812
15.78 0.512205
15.88 0.531065
15.98 1.55629
16.08 3.33559
16.18 4.65097
16.28 4.99444
16.38 4.40177
16.48 3.4266
16.58 2.71404
16.68 2.16503
16.78 1.42312
16.88 0.493556
16.98 -0.606694
17.08 -1.6451
17.18 -2.12489
17.28 -2.17141
17.38 -2.48158
17.48 -3.21307
17.58 -3.74357
17.68 -3.49114
17.78 -2.30834
17.88 -0.750806
17.98 0.374802
18.08 0.714614
18.18 0.590646
18.28 0.479647
18.38 0.40733
18.48 0.591218
18.58 0.692468
18.68 0.356861
18.78 -0.228928
18.88 -0.493988
18.98 -0.292275
19.08 0.0924601
19.18 0.43483
19.28 0.911403
19.38 1.44307
19.48 1.89576
19.58 2.06227
19.68 1.71763
19.78 1.40132
19.88 1.43562
19.98 1.68068
20.08 2.52653
20.18 3.93493
20.28 5.12016
20.38 5.70116
20.48 5.67764
20.58 5.04621
20.68 3.87924
20.78 1.82839
20.88 -1.12787
20.98 -4.52887
21.08 -7.70002
21.18 -9.86189
21.28 -10.9252
21.38 -10.8983
21.48 -9.64731
21.58 -7.13489
21.68 -3.82723
21.78 -0.158365
21.88 3.3345
21.98 6.68732
22.08 9.77091
22.18 11.9265
22.28 13.0376
22.38 13.4474
22.48 13.0531
22.58 11.7549
22.68 9.96398
22.78 8.06307
22.88 5.9152
22.98 2.72131
23.08 -1.7478
23.18 -7.31164
23.28 -13.2199
23.38 -18.7116
23.48 -22.2874
23.58 -23.1313
23.68 -20.896
23.78 -15.3135
23.88 -6.44272
23.98 5.26146
24.08 18.0338
24.18 28.9266
24.28 34.4177
24.38 32.6661
24.48 22.2697
24.58 -0.213898
24.68 -33.2696
24.78 -69.0473
24.88 -96.5613
24.98 -105.392
25.08 -93.5883
25.18 -62.526
25.28 -11.6308
25.38 55.3839
25.48 127.792
25.58 186.882
25.68 217.201
25.78 213.294
25.88 160.139
25.98 49.2956
26.08 -83.1071
26.18 -187.422
26.28 -241.541
26.38 -250.818
26.48 -229.394
26.58 -182.382
26.68 -122.746
26.78 -68.2318
26.88 -27.2962
26.98 1.2683
27.08 22.9231
27.18 42.2776
27.28 62.7307
27.38 86.7883
27.48 114.073
27.58 139.525
27.68 154.842
27.78 155.018
27.88 139.263
27.98 110.94
28.08 76.4389
28.18 42.4334
28.28 11.0991
28.38 -18.3026
28.48 -47.2313
28.58 -76.1088
28.68 -102.766
28.78 -123.044
28.88 -132.736
28.98 -129.906
29.08 -113.679
29.18 -89.1605
29.28 -64.8951
29.38 -47.579
29.48 -38.3951
29.58 -34.8172
29.68 -31.7174
29.78 -24.2608
29.88 -9.35622
29.98 13.0367
30.08 40.828
30.18 69.2727
30.28 92.5765
30.38 106.999
30.48 111.356
30.58 106.28
30.68 94.5078
30.78 79.627
30.88 64.0606
30.98 48.9148
31.08 33.3384
31.18 16.515
31.28 -0.933061
31.38 -17.239
31.48 -30.5852
31.58 -40.025
31.68 -46.9097
31.78 -52.9122
31.88 -58.8955
31.98 -64.8108
32.08 -69.2449
32.18 -70.4652
32.28 -67.7255
32.38 -60.8027
32.48 -50.5039
32.58 -39.7897
32.68 -30.8854
32.78 -24.1614
32.88 -18.8448
32.98 -13.8664
33.08 -7.50696
33.18 1.10816
33.28 11.1139
33.38 21.1383
33.48 30.0166
33.58 36.7612
33.68 41.6193
33.78 45.2485
33.88 48.1931
33.98 51.3616
34.08 54.6073
34.18 56.8299
34.28 56.9744
34.38 54.4103
34.48 49.1087
34.58 41.373
34.68 32.455
34.78 23.1979
34.88 13.9706
34.98 4.39763
35.08 -5.88025
35.18 -16.4085
35.28 -25.6506
35.38 -32.8177
35.48 -37.4668
35.58 -39.8159
35.68 -40.4996
35.78 -41.3546
35.88 -43.4726
35.98 -46.5335
36.08 -48.8187
36.18 -49.3793
36.28 -47.6724
36.38 -43.9268
36.48 -38.4552
36.58 -32.5076
36.68 -26.9316
36.78 -21.9703
36.88 -17.2898
36.98 -12.5723
37.08 -7.33352
37.18 -1.01058
37.28 6.42206
37.38 14.2273
37.48 21.2417
37.58 26.9379
37.68 31.6153
37.78 35.6964
37.88 40.003
37.98 44.5971
38.08 48.7328
38.18 51.9583
38.28 53.4504
38.38 52.5933
38.48 49.4389
38.58 45.182
38.68 40.6769
38.78 35.9076
38.88 30.5526
38.98 24.4383
39.08 17.1172
39.18 8.95175
39.28 0.955293
39.38 -6.74877
39.48 -13.9828
39.58 -20.3466
39.68 -25.7341
39.78 -30.1697
39.88 -33.7499
39.98 -36.5956
40.08 -38.9539
40.18 -40.9568
40.28 -42.5222
40.38 -43.804
40.48 -44.5787
40.58 -44.8468
40.68 -44.5299
40.78 -43.5439
40.88 -41.2698
40.98 -37.4935
41.08 -32.5759
41.18 -26.8055
41.28 -20.7872
41.38 -14.8783
41.48 -9.1724
41.58 -3.57573
41.68 2.187
41.78 8.23473
41.88 14.4704
41.98 20.4366
42.08 25.7496
42.18 30.3414
42.28 34.4535
42.38 37.9666
42.48 40.9805
42.58 43.4252
42.68 45.2663
42.78 46.4809
42.88 46.5982
42.98 45.3907
43.08 43.0988
43.18 40.0995
43.28 36.6112
43.38 32.5097
43.48 28.1142
43.58 23.4617
43.68 18.2435
43.78 12.4533
43.88 6.22745
43.98 -0.195876
44.08 -6.45999
44.18 -11.8401
44.28 -16.1463
44.38 -19.9046
44.48 -23.6277
44.58 -26.9249
44.68 -29.4345
44.78 -31.3226
44.88 -33.1991
44.98 -35.4575
45.08 -37.8759
45.18 -39.8793
45.28 -40.8456
45.38 -40.8259
45.48 -40.0339
45.58 -38.3702
45.68 -35.447
45.78 -31.5654
45.88 -26.8813
45.98 -21.9937
46.08 -17.6266
46.18 -13.9263
46.28 -10.2392
46.38 -6.43764
46.48 -2.27057
46.58 2.03897
46.68 6.50271
46.78 10.6728
46.88 14.5267
46.98 18.7326
47.08 23.3831
47.18 27.8248
47.28 31.4939
47.38 34.2467
47.48 36.2857
47.58 37.7533
47.68 38.2163
47.78 37.5874
47.88 36.232
47.98 34.6412
48.08 32.841
48.18 31.1263
48.28 29.3499
48.38 26.8813
48.48 23.3361
48.58 19.0007
48.68 14.3263
48.78 9.72398
48.88 5.46199
48.98 1.39517
49.08 -2.0377
49.18 -4.60632
49.28 -6.79914
49.38 -9.18179
49.48 -11.7878
49.58 -14.7834
49.68 -18.2444
49.78 -21.9927
49.88 -25.3519
49.98 -28.0718
50.08 -30.101
50.18 -31.6621
50.28 -32.9434
50.38 -33.3184
50.48 -32.4566
50.58 -30.9348
50.68 -29.6301
50.78 -28.6714
50.88 -27.6968
50.98 -26.2126
51.08 -23.9539
51.18 -21.1483
51.28 -18.0985
51.38 -14.5673
51.48 -10.3718
51.58 -5.73295
51.68 -0.878882
51.78 4.05505
51.88 9.0168
51.98 13.6006
52.08 17.3274
52.18 19.9766
52.28 21.967
52.38 23.6186
52.48 24.8101
52.58 25.7726
52.68 26.4618
52.78 27.1655
52.88 28.0561
52.98 28.829
53.08 29.2205
53.18 28.5377
53.28 27.0332
53.38 25.3029
53.48 23.3904
53.58 21.4887
53.68 19.4188
53.78 17.2331
53.88 14.9667
53.98 12.5637
54.08 9.93991
54.18 6.87368
54.28 3.53841
54.38 0.486033
54.48 -2.41151
54.58 -5.34589
54.68 -8.44962
54.78 -11.9744
54.88 -15.5485
54.98 -18.5803
55.08 -20.998
55.18 -22.8864
55.28 -24.3534
55.38 -25.2993
55.48 -25.5228
55.58 -25.1493
55.68 -24.2849
55.78 -22.9888
55.88 -21.5302
55.98 -20.2882
56.08 -19.2462
56.18 -18.302
56.28 -17.2403
56.38 -16.2068
56.48 -14.8078
56.58 -12.947
56.68 -10.6932
56.78 -8.40171
56.88 -5.70218
56.98 -2.33947
57.08 1.1982
57.18 4.33836
57.28 6.90753
57.38 9.14885
57.48 11.3691
57.58 13.5974
57.68 15.9003
57.78 17.8009
57.88 19.0606
57.98 20.0294
58.08 20.6632
58.18 20.845
58.28 20.7701
58.38 20.7305
58.48 20.7555
58.58 20.4999
58.68 19.5616
58.78 18.2265
58.88 16.8867
58.98 15.6258
59.08 14.3321
59.18 12.981
59.28 11.6465
59.38 9.92235
59.48 7.72301
59.58 5.04368
59.68 2.02412
59.78 -1.01231
59.88 -3.86527
59.98 -6.56323
60.08 -8.63738
60.18 -10.0861
60.28 -11.0072
60.38 -11.261
60.48 -10.958
60.58 -10.8791
60.68 -11.3618
60.78 -12.3032
60.88 -13.172
60.98 -13.8537
61.08 -14.5647
61.18 -15.5122
61.28 -16.512
61.38 -17.0698
61.48 -16.8197
61.58 -15.7278
61.68 -14.1341
61.78 -12.1843
61.88 -10.1772
61.98 -8.22892
62.08 -6.11919
62.18 -4.10158
62.28 -2.77686
62.38 -1.77178
62.48 -0.500945
62.58 0.687887
62.68 1.87913
62.78 3.16562
62.88 4.46319
62.98 5.54086
63.08 6.45678
63.18 7.27245
63.28 7.79992
63.38 7.82487
63.48 7.81776
63.58 8.39509
63.68 9.67053
63.78 11.598
63.88 13.833
63.98 15.8096
64.08 16.8999
64.18 16.948
64.28 16.4412
64.38 15.025
64.48 12.5486
64.58 9.35119
64.68 6.25723
64.78 4.12747
64.88 3.27781
64.98 3.41528
65.08 3.92936
65.18 4.73823
65.28 5.24075
65.38 5.69439
65.48 5.99095
65.58 5.80008
65.68 5.0271
65.78 3.67636
65.88 1.84357
65.98 -0.21512
66.08 -2.50015
66.18 -5.22926
66.28 -8.31472
66.38 -11.347
66.48 -13.9166
66.58 -15.8971
66.68 -16.9315
66.78 -16.9362
66.88 -16.4511
66.98 -15.9746
67.08 -15.666
67.18 -15.6402
67.28 -15.3974
67.38 -14.4426
67.48 -12.3976
67.58 -8.98303
67.68 -4.5948
67.78 -0.278016
67.88 3.61758
67.98 6.69789
68.08 8.61561
68.18 9.04804
68.28 8.22138
68.38 6.59428
68.48 4.39903
68.58 2.1638
68.68 0.0366485
68.78 -1.77555
68.88 -2.84393
68.98 -2.77322
69.08 -2.05812
69.18 -0.901766
69.28 0.841237
69.38 3.21266
69.48 6.09211
69.58 9.08508
69.68 11.3525
69.78 13.1217
69.88 14.5304
69.98 16.0628
70.08 17.6346
70.18 18.619
70.28 18.5941
70.38 17.5916
70.48 15.6064
70.58 13.0536
70.68 10.6474
70.78 8.33163
70.88 5.74357
70.98 2.56174
71.08 -0.888897
71.18 -4.41943
71.28 -7.68335
71.38 -10.1211
71.48 -11.5983
71.58 -12.1439
71.68 -11.8133
71.78 -10.5569
71.88 -8.89422
71.98 -7.36882
72.08 -6.5518
72.18 -6.0722
72.28 -6.13232
72.38 -6.87839
72.48 -7.33884
72.58 -7.21326
72.68 -6.66357
72.78 -5.50641
72.88 -4.07953
72.98 -2.77198
73.08 -2.19167
73.18 -2.30441
73.28 -2.76062
73.38 -3.03795
73.48 -2.94714
73.58 -2.5242
73.68 -2.2504
73.78 -1.74019
73.88 -0.824031
73.98 0.129306
74.08 1.54499
74.18 2.35216
74.28 2.70308
74.38 3.05359
74.48 3.3409
74.58 3.5692
74.68 3.71596
74.78 3.60892
74.88 3.46162
74.98 3.63131
75.08 4.09173
75.18 5.18649
75.28 6.10617
75.38 6.79712
75.48 7.08117
75.58 7.18805
75.68 7.13205
75.78 6.86674
75.88 6.58602
75.98 6.21361
76.08 5.78674
76.18 5.26475
76.28 4.41208
76.38 3.04299
76.48 2.2053
76.58 1.78463
76.68 1.1336
76.78 0.0628953
76.88 -1.00922
76.98 -1.70535
77.08 -1.98258
77.18 -1.68115
77.28 -1.25402
77.38 -1.21045
77.48 -1.6962
77.58 -2.0159
77.68 -2.1721
77.78 -2.42389
77.88 -2.98247
77.98 -3.56886
78.08 -4.21291
78.18 -4.3001
78.28 -4.56751
78.38 -4.92411
78.48 -5.52016
78.58 -6.03208
78.68 -5.94373
78.78 -5.35634
78.88 -4.59423
78.98 -3.88577
79.08 -3.01982
79.18 -1.62886
79.28 -0.264747
79.38 0.441922
79.48 0.64352
79.58 1.00356
79.68 1.6315
79.78 2.43273
79.88 3.22303
79.98 3.722
80.08 4.14179
80.18 4.47658
80.28 4.61713
80.38 4.84935
80.48 5.20696
80.58 5.58703
80.68 5.38983
80.78 4.78425
80.88 4.38698
80.98 3.72413
81.08 2.67222
81.18 1.43008
81.28 0.048058
81.38 -1.17911
81.48 -1.49141
81.58 -0.999861
81.68 0.0147037
81.78 0.800695
81.88 0.980908
81.98 0.564861
82.08 -0.119604
82.18 -0.723843
82.28 -0.997847
82.38 -1.06709
82.48 -0.915057
82.58 -0.651137
82.68 -0.258854
82.78 -0.0278111
82.88 0.0547043
82.98 -0.402126
83.08 -1.09087
83.18 -1.39275
83.28 -1.45835
83.38 -1.33622
83.48 -1.01603
83.58 -0.565848
83.68 -0.0905231
83.78 0.100972
83.88 -0.18644
83.98 -0.234262
84.08 -0.0458556
84.18 0.524775
84.28 1.25176
84.38 1.50465
84.48 1.19609
84.58 0.539982
84.68 0.0788048
84.78 -0.152237
84.88 -0.471805
84.98 -0.935906
85.08 -1.22207
85.18 -1.01745
85.28 -0.650943
85.38 -0.0942175
85.48 0.640536
85.58 1.27073
85.68 1.88927
85.78 2.30973
85.88 1.93484
85.98 1.20233
86.08 0.599216
86.18 0.159451
86.28 -0.21774
86.38 -0.709703
86.48 -1.4412
86.58 -1.54442
86.68 -1.42091
86.78 -0.846869
86.88 -0.0131032
86.98 0.630203
87.08 0.921301
87.18 1.23614
87.28 1.22687
87.38 0.942988
87.48 0.0760297
87.58 -1.30524
87.68 -2.47317
87.78 -2.89264
87.88 -1.95898
87.98 -0.67711
88.08 0.69482
88.18 2.26648
88.28 3.48325
88.38 3.7937
88.48 3.28492
88.58 2.18773
88.68 1.40659
88.78 1.10148
88.88 1.49543
88.98 1.60655
89.08 1.6047
89.18 1.4949
89.28 1.25958
89.38 0.877915
89.48 0.260161
89.58 -0.580472
89.68 -1.50047
89.78 -2.05672
89.88 -2.18185
89.98 -2.18069
90.08 -1.88276
90.18 -1.39351
90.28 -0.785372
90.38 -0.377332
90.48 -0.19495
90.58 -0.107471
90.68 0.142801
90.78 0.691947
90.88 1.25638
90.98 1.70009
91.08 1.80068
91.18 1.42736
91.28 0.951941
91.38 0.171158
91.48 -0.864997
91.58 -1.47691
91.68 -1.98092
91.78 -2.74146
91.88 -3.19618
91.98 -2.98578
92.08 -2.56947
92.18 -2.1858
92.28 -1.87119
92.38 -1.29624
92.48 -0.766934
92.58 -0.0474316
92.68 0.393794
92.78 0.635592
92.88 0.773982
92.98 1.10037
93.08 1.09352
93.18 0.941985
93.28 0.611913
93.38 0.226763
93.48 -0.082896
93.58 -0.0990484
93.68 0.000744954
93.78 0.218975
93.88 0.495751
93.98 1.01389
94.08 1.60305
94.18 1.78846
94.28 2.02623
94.38 2.37574
94.48 2.43858
94.58 2.17123
94.68 1.76099
94.78 1.1878
94.88 0.749615
94.98 0.466682
95.08 0.105731
95.18 -0.333509
95.28 -0.661461
95.38 -1.03456
95.48 -0.988565
95.58 -0.825277
95.68 -0.466011
95.78 -0.196471
95.88 0.148058
95.98 0.586181
96.08 0.85558
96.18 0.776094
96.28 0.593105
96.38 0.102737
96.48 -0.198518
96.58 -0.558174
96.68 -0.954677
96.78 -1.22339
96.88 -1.33748
96.98 -1.16423
97.08 -0.947009
97.18 -0.891809
97.28 -0.922681
97.38 -0.992875
97.48 -0.80099
97.58 -0.666686
97.68 -0.338214
97.78 -0.158558
97.88 -0.14928
97.98 -0.186792
98.08 -0.164251
98.18 -0.0682366
98.28 0.0936858
98.38 0.142367
98.48 0.341036
