-1.75 0.424999
-1.65 0.84557
-1.55 1.22528
-1.45 1.62834
-1.35 1.76101
-1.25 1.29799
-1.15 0.805964
-1.05 0.47017
-0.95 0.656903
-0.85 1.07325
-0.75 1.73469
-0.65 2.36373
-0.55 2.98415
-0.45 3.32901
-0.35 3.51093
-0.25 3.39681
-0.15 2.83911
-0.05 1.81858
0.05 0.680499
0.15 -0.151317
0.25 -0.655041
0.35 -0.740162
0.45 -0.895799
0.55 -0.789212
0.65 0.213497
0.75 0.632912
0.85 1.01537
0.95 0.720369
1.05 -0.319834
1.15 -0.945532
1.25 -1.18339
1.35 -0.799221
1.45 -0.574355
1.55 -0.333357
1.65 -0.33064
1.75 -0.269873
1.85 -0.0347228
1.95 0.315372
2.05 0.580093
2.15 0.584893
2.25 0.231077
2.35 -0.174814
2.45 -0.197571
2.55 0.0682791
2.65 0.144421
2.75 0.0804504
2.85 -0.301532
2.95 -0.270438
3.05 0.0729337
3.15 0.655274
3.25 1.16369
3.35 0.947517
3.45 1.41067
3.55 1.98406
3.65 2.49797
3.75 2.65394
3.85 2.46289
3.95 2.2409
4.05 1.44645
4.15 0.858746
4.25 0.424564
4.35 0.194409
4.45 0.51374
4.55 1.1292
4.65 1.45326
4.75 1.14145
4.85 0.356577
4.95 0.116344
5.05 0.286466
5.15 0.771876
5.25 1.36733
5.35 1.71239
5.45 2.02224
5.55 2.21496
5.65 2.3455
5.75 2.05701
5.85 1.61518
5.95 1.14983
6.05 1.00589
6.15 0.937679
6.25 0.652126
6.35 -0.0385137
6.45 -0.652471
6.55 -1.32462
6.65 -1.5781
6.75 -1.20397
6.85 -0.735759
6.95 -0.280293
7.05 -0.0594946
7.15 -0.117838
7.25 -0.0936661
7.35 0.392514
7.45 0.526932
7.55 0.0639675
7.65 -0.460183
7.75 -1.09055
7.85 -1.50477
7.95 -1.58318
8.05 -1.03434
8.15 -0.146152
8.25 0.740385
8.35 1.25087
8.45 1.46852
8.55 1.66258
8.65 1.80583
8.75 1.7624
8.85 1.66456
8.95 1.60815
9.05 1.71278
9.15 1.87163
9.25 2.10078
9.35 2.46759
9.45 2.88101
9.55 3.3916
9.65 3.95896
9.75 4.26042
9.85 3.97055
9.95 3.06981
10.05 1.87296
10.15 0.783881
10.25 0.440809
10.35 0.450331
10.45 0.0431308
10.55 -0.664227
10.65 -1.11681
10.75 -1.5798
10.85 -1.5674
10.95 -1.39195
11.05 -1.14323
11.15 -1.23892
11.25 -1.50426
11.35 -1.91872
11.45 -2.08718
11.55 -1.87124
11.65 -1.28818
11.75 -0.467608
11.85 0.401406
11.95 1.16738
12.05 1.593
12.15 1.83343
12.25 2.01797
12.35 1.97584
12.45 1.81067
12.55 1.76875
12.65 1.49548
12.75 1.26663
12.85 1.3818
12.95 1.65424
13.05 1.84337
13.15 2.26595
13.25 2.79429
13.35 3.03561
13.45 2.85824
13.55 2.02473
13.65 0.573022
13.75 -0.826479
13.85 -1.78802
13.95 -2.08673
14.05 -1.96628
14.15 -1.748
14.25 -1.25661
14.35 -0.416797
14.45 0.667444
14.55 1.57157
14.65 1.97667
14.75 2.18349
14.85 2.00822
14.95 1.62107
15.05 1.39375
15.15 1.14301
15.25 0.919524
15.35 0.56917
15.45 0.276871
15.55 0.212234
15.65 0.366779
15.75 0.567902
15.85 0.888633
15.95 1.26671
16.05 1.55264
16.15 1.99483
16.25 2.51474
16.35 2.73404
16.45 2.28587
16.55 1.497
16.65 1.01688
16.75 0.935236
16.85 0.842414
16.95 0.602884
17.05 0.242861
17.15 0.00954037
17.25 -0.10843
17.35 -0.181417
17.45 -0.253903
17.55 -0.276975
17.65 -0.420665
17.75 -0.859715
17.85 -1.26046
17.95 -1.37961
18.05 -1.16119
18.15 -0.555071
18.25 0.369875
18.35 1.10988
18.45 1.63268
18.55 1.89236
18.65 1.77348
18.75 1.61441
18.85 1.8656
18.95 2.36958
19.05 2.531
19.15 2.43087
19.25 2.20616
19.35 1.56381
19.45 1.00415
19.55 0.910605
19.65 1.06656
19.75 1.1653
19.85 1.05331
19.95 0.743597
20.05 0.43908
20.15 0.182597
20.25 0.0168269
20.35 -0.364793
20.45 -0.765324
20.55 -0.9547
20.65 -0.967008
20.75 -0.664047
20.85 -0.33786
20.95 -0.107331
21.05 0.435578
21.15 1.42268
21.25 2.46112
21.35 2.97036
21.45 2.82305
21.55 2.14745
21.65 1.37022
21.75 0.868794
21.85 0.924707
21.95 1.18859
22.05 1.26614
22.15 1.17552
22.25 1.04959
22.35 0.955022
22.45 0.681718
22.55 -0.0728996
22.65 -1.28022
22.75 -1.98665
22.85 -1.76424
22.95 -0.894222
23.05 0.301039
23.15 1.22576
23.25 1.62222
23.35 1.63231
23.45 1.36429
23.55 0.937803
23.65 0.307376
23.75 -0.445584
23.85 -1.19963
23.95 -1.42625
24.05 -1.49993
24.15 -1.35652
24.25 -0.696543
24.35 0.878932
24.45 2.9997
24.55 4.89178
24.65 6.10527
24.75 6.60655
24.85 6.35442
24.95 4.90665
25.05 2.37897
25.15 -0.778121
25.25 -4.36415
25.35 -7.92488
25.45 -10.6842
25.55 -11.8873
25.65 -11.3137
25.75 -8.8486
25.85 -4.58844
25.95 0.747865
26.05 6.72443
26.15 12.539
26.25 17.1318
26.35 19.545
26.45 19.3451
26.55 16.3067
26.65 11.0546
26.75 4.64295
26.85 -1.76528
26.95 -7.69311
27.05 -12.1111
27.15 -14.3379
27.25 -14.6671
27.35 -13.5461
27.45 -11.3631
27.55 -8.67702
27.65 -5.77193
27.75 -2.38116
27.85 1.86887
27.95 7.24623
28.05 13.9224
28.15 20.9064
28.25 25.8447
28.35 25.7964
28.45 18.9687
28.55 3.75662
28.65 -21.2488
28.75 -54.5534
28.85 -87.7885
28.95 -109.471
29.05 -111.624
29.15 -92.8539
29.25 -53.8155
29.35 5.17374
29.45 78.1482
29.55 150.624
29.65 203.832
29.75 226.923
29.85 217.841
29.95 163.48
30.05 52.7142
30.15 -80.2625
30.25 -187.01
30.35 -243.083
30.45 -256.215
30.55 -235.41
30.65 -185.111
30.75 -121.511
30.85 -64.5738
30.95 -23.2461
31.05 4.73469
31.15 23.829
31.25 37.9558
31.35 50.8585
31.45 65.9107
31.55 84.5561
31.65 105.068
31.75 122.205
31.85 130.138
31.95 126.294
32.05 111.228
32.15 88.8811
32.25 63.3134
32.35 36.4656
32.45 8.09633
32.55 -22.6993
32.65 -56.0663
32.75 -88.8037
32.85 -114.877
32.95 -129.345
33.05 -131.235
33.15 -120.717
33.25 -101.252
33.35 -80.3308
33.45 -63.088
33.55 -51.4015
33.65 -43.6631
33.75 -35.8598
33.85 -24.0246
33.95 -5.96745
34.05 18.7281
34.15 47.7247
34.25 75.9506
34.35 97.1575
34.45 108.199
34.55 109.213
34.65 102.297
34.75 90.5886
34.85 77.4259
34.95 64.6182
35.05 51.9129
35.15 37.7256
35.25 20.5571
35.35 0.582996
35.45 -19.8838
35.55 -37.8182
35.65 -50.893
35.75 -59.8394
35.85 -66.3228
35.95 -71.4003
36.05 -75.5284
36.15 -77.7495
36.25 -76.3018
36.35 -69.8572
36.45 -58.1664
36.55 -43.5276
36.65 -29.445
36.75 -18.0915
36.85 -9.35542
36.95 -2.76679
37.05 2.64249
37.15 7.5234
37.25 12.1767
37.35 16.8354
37.45 21.6299
37.55 26.0288
37.65 29.4931
37.75 32.4077
37.85 35.5346
37.95 39.949
38.05 45.2441
38.15 50.3898
38.25 53.8944
38.35 54.0812
38.45 50.1815
38.55 42.9833
38.65 34.7003
38.75 26.5798
38.85 19.0059
38.95 11.4247
39.05 3.31081
39.15 -5.71074
39.25 -15.2933
39.35 -24.418
39.45 -32.4944
39.55 -38.7555
39.65 -42.8566
39.75 -45.0157
39.85 -46.566
39.95 -48.0104
40.05 -49.6125
40.15 -51.0391
40.25 -51.2284
40.35 -49.2745
40.45 -44.3408
40.55 -37.4794
40.65 -29.8649
40.75 -22.8697
40.85 -16.7443
40.95 -11.0252
41.05 -4.73452
41.15 2.38432
41.25 9.70358
41.35 16.6292
41.45 22.8269
41.55 27.9782
41.65 31.8985
41.75 34.7359
41.85 37.3509
41.95 39.9497
42.05 42.3577
42.15 44.2481
42.25 45.3252
42.35 44.9674
42.45 42.8298
42.55 39.1292
42.65 34.8137
42.75 30.8068
42.85 26.959
42.95 22.5744
43.05 17.0799
43.15 10.9572
43.25 4.84263
43.35 -1.18354
43.45 -6.87244
43.55 -12.6596
43.65 -18.0976
43.75 -23.3681
43.85 -28.7164
43.95 -34.3506
44.05 -39.9206
44.15 -44.3579
44.25 -47.2896
44.35 -48.7628
44.45 -48.5486
44.55 -46.9461
44.65 -44.2368
44.75 -40.8537
44.85 -37.0099
44.95 -32.9224
45.05 -28.6513
45.15 -24.0924
45.25 -19.3525
45.35 -14.7427
45.45 -10.0963
45.55 -5.04969
45.65 0.528347
45.75 6.56355
45.85 12.6058
45.95 18.4325
46.05 23.8393
46.15 28.7301
46.25 33.0392
46.35 36.3775
46.45 38.7854
46.55 40.3764
46.65 41.3339
46.75 41.9375
46.85 42.0679
46.95 41.0839
47.05 39.0171
47.15 36.2777
47.25 33.2141
47.35 30.2092
47.45 26.7989
47.55 22.8879
47.65 18.2219
47.75 12.7999
47.85 6.77728
47.95 0.539623
48.05 -5.67147
48.15 -11.4356
48.25 -16.6893
48.35 -21.3301
48.45 -25.2762
48.55 -28.5142
48.65 -31.0725
48.75 -33.2665
48.85 -35.296
48.95 -36.8425
49.05 -37.6931
49.15 -37.9438
49.25 -38.121
49.35 -38.0793
49.45 -37.0803
49.55 -34.56
49.65 -30.6349
49.75 -25.9409
49.85 -21.2832
49.95 -17.1021
50.05 -13.504
50.15 -10.3614
50.25 -7.3436
50.35 -4.08712
50.45 -0.468216
50.55 3.21726
50.65 6.82252
50.75 10.5979
50.85 14.5958
50.95 18.3488
51.05 21.718
51.15 24.5483
51.25 26.7747
51.35 28.428
51.45 29.8843
51.55 30.9383
51.65 31.503
51.75 31.1584
51.85 30.4435
51.95 29.9943
52.05 29.5197
52.15 28.5542
52.25 26.594
52.35 23.6529
52.45 20.011
52.55 16.2587
52.65 12.8873
52.75 10.1433
52.85 7.98796
52.95 5.96663
53.05 3.87157
53.15 1.33649
53.25 -1.6129
53.35 -5.39363
53.45 -9.95286
53.55 -14.5853
53.65 -18.6826
53.75 -21.9533
53.85 -24.7395
53.95 -27.4384
54.05 -29.8864
54.15 -32.02
54.25 -33.6817
54.35 -34.8268
54.45 -35.0236
54.55 -34.1055
54.65 -31.9719
54.75 -29.0076
54.85 -25.6838
54.95 -22.346
55.05 -18.9802
55.15 -15.9075
55.25 -13.1363
55.35 -10.7531
55.45 -8.05704
55.55 -4.46413
55.65 -0.415033
55.75 3.66312
55.85 7.42521
55.95 10.8484
56.05 13.9496
56.15 16.5032
56.25 18.4367
56.35 20.2106
56.45 21.8797
56.55 23.5286
56.65 25.178
56.75 26.4868
56.85 27.37
56.95 27.8511
57.05 27.2993
57.15 26.0651
57.25 24.6013
57.35 23.0587
57.45 21.4038
57.55 19.7708
57.65 18.3074
57.75 16.6276
57.85 14.8618
57.95 13.0291
58.05 11.0446
58.15 8.50895
58.25 5.37738
58.35 2.2429
58.45 -0.948234
58.55 -4.26585
58.65 -8.0205
58.75 -11.8801
58.85 -15.4228
58.95 -18.3422
59.05 -20.64
59.15 -22.2537
59.25 -23.3487
59.35 -24.0116
59.45 -24.1164
59.55 -23.5034
59.65 -22.7328
59.75 -22.2793
59.85 -22.0863
59.95 -21.9095
60.05 -21.0339
60.15 -19.5062
60.25 -17.6989
60.35 -15.7596
60.45 -13.687
60.55 -11.2795
60.65 -8.63168
60.75 -6.00848
60.85 -3.90736
60.95 -2.04919
61.05 -0.122128
61.15 2.07598
61.25 4.51202
61.35 7.24583
61.45 9.88088
61.55 12.3931
61.65 14.7223
61.75 17.0718
61.85 18.8326
61.95 19.6563
62.05 20.0226
62.15 20.1822
62.25 20.2182
62.35 20.2797
62.45 20.2586
62.55 19.9776
62.65 19.6396
62.75 19.1789
62.85 18.0663
62.95 16.6816
63.05 15.5984
63.15 14.5455
63.25 12.7112
63.35 9.95919
63.45 6.68519
63.55 3.59755
63.65 0.713423
63.75 -1.62107
63.85 -3.35425
63.95 -4.77286
64.05 -5.98694
64.15 -7.2903
64.25 -8.89168
64.35 -10.7855
64.45 -13.0234
64.55 -15.1123
64.65 -16.4905
64.75 -16.8952
64.85 -16.9295
64.95 -16.8013
65.05 -16.386
65.15 -15.6351
65.25 -14.7083
65.35 -13.9707
65.45 -13.8033
65.55 -13.8283
65.65 -13.2005
65.75 -11.7923
65.85 -9.98349
65.95 -8.08294
66.05 -6.18045
66.15 -4.18567
66.25 -2.26593
66.35 -0.254481
66.45 1.80399
66.55 3.66424
66.65 4.88778
66.75 5.8202
66.85 6.76219
66.95 7.80887
67.05 8.79454
67.15 9.3977
67.25 9.64079
67.35 10.144
67.45 11.0206
67.55 11.7475
67.65 12.0714
67.75 12.2822
67.85 12.3185
67.95 12.1467
68.05 11.9981
68.15 11.8738
68.25 11.6523
68.35 11.0726
68.45 10.3432
68.55 9.7527
68.65 9.08533
68.75 8.15769
68.85 7.05003
68.95 5.80029
69.05 4.34488
69.15 2.96669
69.25 1.98429
69.35 0.995246
69.45 -0.302765
69.55 -1.83947
69.65 -3.17972
69.75 -3.77247
69.85 -3.84793
69.95 -3.35461
70.05 -2.48007
70.15 -1.42815
70.25 -0.950151
70.35 -1.70254
70.45 -3.80483
70.55 -6.77725
70.65 -10.2515
70.75 -14.0527
70.85 -17.7209
70.95 -20.6331
71.05 -22.0616
71.15 -21.552
71.25 -19.4943
71.35 -16.3215
71.45 -12.0188
71.55 -7.10919
71.65 -2.06049
71.75 2.5376
71.85 6.32262
71.95 9.16656
72.05 10.9235
72.15 11.4789
72.25 10.5383
72.35 8.433
72.45 5.749
72.55 2.99891
72.65 0.929213
72.75 0.164612
72.85 0.296716
72.95 1.31019
73.05 2.93139
73.15 4.44802
73.25 5.97961
73.35 7.06362
73.45 7.0756
73.55 6.49881
73.65 6.05514
73.75 5.81519
73.85 5.70241
73.95 6.19582
74.05 7.15808
74.15 8.33588
74.25 9.31269
74.35 10.0503
74.45 10.3404
74.55 10.2034
74.65 9.50396
74.75 8.35161
74.85 6.70941
74.95 5.02427
75.05 3.37701
75.15 1.92719
75.25 0.273446
75.35 -1.42651
75.45 -2.86887
75.55 -3.93153
75.65 -4.72917
75.75 -5.4108
75.85 -6.21825
75.95 -6.90948
76.05 -7.30141
76.15 -8.00561
76.25 -9.16829
76.35 -9.95865
76.45 -9.90328
76.55 -9.0741
76.65 -7.6624
76.75 -6.00172
76.85 -4.55584
76.95 -3.67501
77.05 -3.33427
77.15 -3.36047
77.25 -3.62091
77.35 -3.39197
77.45 -3.0245
77.55 -2.55276
77.65 -1.79094
77.75 -1.09234
77.85 -0.354357
77.95 0.679544
78.05 1.73513
78.15 2.46595
78.25 2.88158
78.35 3.38304
78.45 3.92877
78.55 4.40632
78.65 4.75079
78.75 5.0384
78.85 5.43863
78.95 5.93034
79.05 6.46985
79.15 6.99238
79.25 7.36255
79.35 7.3651
79.45 6.88374
79.55 6.30819
79.65 5.57907
79.75 4.57656
79.85 3.54235
79.95 3.23665
80.05 3.40594
80.15 3.13622
80.25 2.41127
80.35 2.28218
80.45 2.15524
80.55 2.03387
80.65 1.77316
80.75 1.36001
80.85 0.779797
80.95 0.641457
81.05 0.605644
81.15 0.333496
81.25 -0.510117
81.35 -1.90472
81.45 -2.83149
81.55 -3.48762
81.65 -3.87721
81.75 -4.02921
81.85 -4.12575
81.95 -4.11518
82.05 -3.74661
82.15 -3.6653
82.25 -3.90871
82.35 -4.27249
82.45 -4.46953
82.55 -4.87156
82.65 -5.0144
82.75 -4.35946
82.85 -3.1839
82.95 -1.5823
83.05 0.0879314
83.15 1.65582
83.25 2.31385
83.35 2.79196
83.45 2.95118
83.55 2.97912
83.65 2.82712
83.75 2.69714
83.85 2.58607
83.95 2.74959
84.05 3.16331
84.15 3.69882
84.25 4.24255
84.35 4.38212
84.45 4.13038
84.55 3.55182
84.65 2.45959
84.75 1.45323
84.85 0.942968
84.95 0.40751
85.05 0.203343
85.15 0.313695
85.25 0.33444
85.35 0.103978
85.45 0.208798
85.55 0.387966
85.65 0.350336
85.75 -0.0295428
85.85 -0.379092
85.95 -0.191705
86.05 0.28434
86.15 0.619752
86.25 0.724936
86.35 0.78173
86.45 0.534661
86.55 0.0640101
86.65 0.0127921
86.75 -0.0408725
86.85 -0.121704
86.95 0.183489
87.05 1.01103
87.15 1.95034
87.25 2.42071
87.35 2.62162
87.45 2.56125
87.55 2.37216
87.65 2.40191
87.75 2.56283
87.85 2.1842
87.95 1.63356
88.05 1.36288
88.15 0.91437
88.25 0.589003
88.35 0.063983
88.45 -0.383546
88.55 -0.784034
88.65 -0.918685
88.75 -1.00702
88.85 -1.18693
88.95 -1.59048
89.05 -1.92045
89.15 -2.06304
89.25 -1.97879
89.35 -1.81667
89.45 -1.4618
89.55 -1.09707
89.65 -0.585367
89.75 -0.191464
89.85 -0.394949
89.95 -1.23856
90.05 -2.32965
90.15 -2.86348
90.25 -3.3107
90.35 -3.50309
90.45 -3.1902
90.55 -1.97512
90.65 -0.386718
90.75 1.0549
90.85 2.02856
90.95 2.80548
91.05 3.37055
91.15 3.45653
91.25 3.08531
91.35 2.09785
91.45 0.559974
91.55 -0.837984
91.65 -1.73022
91.75 -1.68787
91.85 -0.90464
91.95 0.196692
92.05 1.23994
92.15 1.99202
92.25 2.3016
92.35 2.34681
92.45 2.40419
92.55 2.25088
92.65 1.80533
92.75 1.23956
92.85 1.00607
92.95 0.887021
93.05 1.25326
93.15 1.94944
93.25 2.21023
93.35 2.01554
93.45 1.89804
93.55 1.89828
93.65 1.8278
93.75 1.62587
93.85 1.15812
93.95 0.785811
94.05 0.171512
94.15 -0.315412
94.25 -0.404674
94.35 -0.975868
94.45 -1.51483
94.55 -1.74715
94.65 -1.81793
94.75 -1.78231
94.85 -1.62844
94.95 -1.46071
95.05 -1.01468
95.15 -0.327627
95.25 -0.0149915
95.35 -0.00878909
95.45 -0.459682
95.55 -1.29782
95.65 -1.7413
95.75 -1.98789
95.85 -1.99754
95.95 -1.92178
96.05 -1.67846
96.15 -1.43528
96.25 -1.02863
96.35 -0.359444
96.45 0.449587
96.55 0.77137
96.65 0.501681
96.75 0.144992
96.85 -0.0206605
96.95 -0.0445648
97.05 0.00909047
97.15 0.232462
97.25 0.476208
97.35 0.894861
97.45 1.63412
97.55 2.68695
97.65 3.8171
97.75 4.4139
97.85 4.32405
97.95 3.97618
98.05 3.65752
98.15 3.1647
98.25 2.56151
98.35 2.07702
98.45 1.36002
98.55 0.926704
98.65 0.559905
98.75 0.344629
98.85 0.668135
98.95 0.516793
99.05 0.302244
99.15 -0.148723
99.25 -0.83203
99.35 -1.37172
99.45 -1.68678
99.55 -1.75796
99.65 -1.75397
99.75 -1.62825
99.85 -1.44013
99.95 -1.18146
100.05 -0.889493
100.15 -0.479157
100.25 -0.144122
100.35 -0.137511
100.45 -0.165733
100.55 -0.294315
