0 2.11448
0.1 2.17168
0.2 1.73377
0.3 1.22899
0.4 0.714804
0.5 0.233584
0.6 0.17471
0.7 0.352113
0.8 0.956214
0.9 1.4832
1 1.4843
1.1 1.5864
1.2 1.68192
1.3 1.8041
1.4 1.62716
1.5 0.964208
1.6 0.076908
1.7 -1.1149
1.8 -2.17542
1.9 -2.6547
2 -2.78875
2.1 -2.78711
2.2 -2.54816
2.3 -1.90356
2.4 -0.961766
2.5 -0.193952
2.6 0.480914
2.7 0.702807
2.8 0.819993
2.9 0.952018
3 1.45683
3.1 1.67421
3.2 1.54157
3.3 1.47204
3.4 1.96615
3.5 2.76575
3.6 3.42913
3.7 3.35537
3.8 2.59763
3.9 1.4149
4 0.294642
4.1 -0.347085
4.2 -0.87937
4.3 -1.01169
4.4 -0.986296
4.5 -0.58814
4.6 0.268949
4.7 1.16853
4.8 2.10009
4.9 2.2799
5 2.45356
5.1 2.43895
5.2 2.22841
5.3 1.91705
5.4 1.18629
5.5 0.466913
5.6 -0.172316
5.7 -0.765813
5.8 -1.32238
5.9 -1.68038
6 -1.50017
6.1 -0.698721
6.2 0.200959
6.3 0.809289
6.4 1.13752
6.5 1.23287
6.6 0.58205
6.7 -0.223703
6.8 -1.13216
6.9 -1.99172
7 -2.7876
7.1 -2.97423
7.2 -2.49868
7.3 -1.6795
7.4 -0.817879
7.5 0.0778868
7.6 1.04361
7.7 1.65254
7.8 1.92929
7.9 2.26369
8 2.50796
8.1 2.37246
8.2 2.06819
8.3 2.08859
8.4 2.14966
8.5 2.24304
8.6 2.42
8.7 2.63445
8.8 2.5231
8.9 2.20173
9 2.07069
9.1 1.99708
9.2 1.78651
9.3 0.967828
9.4 0.449336
9.5 0.450739
9.6 0.885545
9.7 1.20621
9.8 1.28308
9.9 1.49652
10 1.61894
10.1 1.68546
10.2 1.28489
10.3 0.25839
10.4 -1.02663
10.5 -2.10628
10.6 -2.67862
10.7 -2.46594
10.8 -1.87957
10.9 -1.19337
11 -0.384792
11.1 0.869859
11.2 1.99137
11.3 2.89777
11.4 3.04838
11.5 2.39405
11.6 1.36372
11.7 0.389093
11.8 -0.47868
11.9 -1.2713
12 -1.62694
12.1 -1.92574
12.2 -1.91689
12.3 -1.81983
12.4 -1.72774
12.5 -1.76526
12.6 -1.57528
12.7 -0.610051
12.8 0.65269
12.9 2.00937
13 3.35202
13.1 4.28024
13.2 4.82162
13.3 4.99674
13.4 4.57394
13.5 3.75823
13.6 3.0122
13.7 2.51493
13.8 2.1692
13.9 1.87086
14 1.48793
14.1 1.09831
14.2 0.9353
14.3 0.868443
14.4 0.657171
14.5 0.420217
14.6 0.532895
14.7 0.441147
14.8 0.0275202
14.9 -0.630016
15 -1.37278
15.1 -2.17392
15.2 -2.75
15.3 -2.57917
15.4 -1.66797
15.5 -0.396992
15.6 0.76645
15.7 1.14558
15.8 1.09785
15.9 1.2706
16 1.60344
16.1 1.51706
16.2 1.01329
16.3 0.642054
16.4 0.628644
16.5 0.885756
16.6 1.12932
16.7 1.4128
16.8 1.54497
16.9 1.56256
17 1.59577
17.1 1.65304
17.2 1.48893
17.3 1.20539
17.4 0.488758
17.5 -0.510325
17.6 -1.46896
17.7 -2.01709
17.8 -1.96502
17.9 -1.3388
18 -0.424702
18.1 0.327653
18.2 0.711582
18.3 1.02974
18.4 1.41218
18.5 1.43551
18.6 1.16238
18.7 1.03301
18.8 1.08744
18.9 1.38799
19 1.87237
19.1 2.3872
19.2 2.58587
19.3 2.41212
19.4 2.11676
19.5 1.60161
19.6 0.819768
19.7 0.12644
19.8 -0.393509
19.9 -0.925457
20 -1.14413
20.1 -0.98673
20.2 -0.166943
20.3 0.978321
20.4 2.24112
20.5 3.23844
20.6 3.71521
20.7 3.54499
20.8 2.42047
20.9 0.555382
21 -1.36437
21.1 -3.01056
21.2 -4.76113
21.3 -6.46733
21.4 -7.47667
21.5 -7.29176
21.6 -5.77225
21.7 -3.1531
21.8 -0.047564
21.9 3.05384
22 5.83848
22.1 8.12642
22.2 9.77386
22.3 10.957
22.4 11.5523
22.5 11.6837
22.6 11.5295
22.7 10.9853
22.8 10.0539
22.9 8.29289
23 5.25302
23.1 0.293253
23.2 -6.14821
23.3 -13.4873
23.4 -20.785
23.5 -26.1382
23.6 -27.8161
23.7 -25.3152
23.8 -18.9763
23.9 -9.18488
24 3.77457
24.1 18.2043
24.2 30.8433
24.3 37.5755
24.4 35.7509
24.5 23.6213
24.6 -0.998798
24.7 -36.7721
24.8 -74.6634
24.9 -101.778
25 -107.799
25.1 -91.4191
25.2 -54.2623
25.3 3.2638
25.4 77.8282
25.5 154.543
25.6 211.085
25.7 234.316
25.8 216.829
25.9 139.698
26 12.2095
26.1 -123.178
26.2 -218.894
26.3 -258.579
26.4 -258.252
26.5 -225.252
26.6 -167.368
26.7 -103.309
26.8 -51.3662
26.9 -15.5604
27 8.93703
27.1 26.0384
27.2 40.2975
27.3 57.0757
27.4 79.2566
27.5 104.936
27.6 127.847
27.7 140.526
27.8 139.539
27.9 123.919
28 97.6282
28.1 67.9945
28.2 40.3074
28.3 15.7402
28.4 -7.82372
28.5 -33.4949
28.6 -62.3611
28.7 -90.8858
28.8 -112.527
28.9 -123.123
29 -122
29.1 -109.068
29.2 -88.8093
29.3 -69.047
29.4 -55.9086
29.5 -50.1503
29.6 -48.1643
29.7 -43.7951
29.8 -32.1646
29.9 -12.3097
30 15.3388
30.1 47.8407
30.2 78.6265
30.3 101.004
30.4 112.031
30.5 111.302
30.6 100.666
30.7 84.8932
30.8 69.2655
30.9 55.9018
31 43.5499
31.1 30.6066
31.2 16.4287
31.3 1.32807
31.4 -13.3552
31.5 -26.0868
31.6 -35.4108
31.7 -41.7424
31.8 -46.9872
31.9 -52.592
32 -59.0193
32.1 -65.1969
32.2 -69.235
32.3 -69.4713
32.4 -64.9754
32.5 -55.8805
32.6 -44.8171
32.7 -34.6042
32.8 -26.4683
32.9 -19.95
33 -14.1451
33.1 -7.85111
33.2 -0.453603
33.3 7.7054
33.4 15.8702
33.5 23.3483
33.6 29.7663
33.7 35.4212
33.8 40.6623
33.9 46.0336
34 51.545
34.1 56.3988
34.2 59.3595
34.3 59.2918
34.4 55.7226
34.5 49.636
34.6 42.3644
34.7 34.6734
34.8 27.071
34.9 19.428
35 11.1748
35.1 1.97745
35.2 -7.64454
35.3 -16.4537
35.4 -23.9311
35.5 -29.5799
35.6 -33.4298
35.7 -36.5662
35.8 -40.2411
35.9 -44.777
36 -49.4644
36.1 -53.0398
36.2 -54.5927
36.3 -53.3896
36.4 -49.2899
36.5 -43.3149
36.6 -36.9176
36.7 -31.4091
36.8 -27.0528
36.9 -23.5178
37 -19.9981
37.1 -15.5053
37.2 -9.40185
37.3 -2.0593
37.4 5.58123
37.5 12.7776
37.6 19.157
37.7 24.9433
37.8 30.3673
37.9 35.5359
38 40.6972
38.1 45.7692
38.2 50.1587
38.3 53.0602
38.4 53.8573
38.5 52.5301
38.6 49.7685
38.7 46.5257
38.8 43.4406
38.9 39.8896
39 35.0347
39.1 28.6184
39.2 20.7584
39.3 12.0731
39.4 3.92252
39.5 -3.10981
39.6 -9.65963
39.7 -16.1583
39.8 -22.2565
39.9 -27.7408
40 -32.459
40.1 -36.6375
40.2 -40.3849
40.3 -43.6238
40.4 -46.3578
40.5 -48.4109
40.6 -49.4939
40.7 -49.7913
40.8 -49.394
40.9 -47.8685
41 -44.9923
41.1 -41.1106
41.2 -36.7637
41.3 -32.0594
41.4 -26.603
41.5 -20.2945
41.6 -13.6763
41.7 -7.03767
41.8 -0.413362
41.9 6.3464
42 13.3504
42.1 20.1555
42.2 25.9288
42.3 30.1111
42.4 33.2361
42.5 35.8564
42.6 38.6125
42.7 41.195
42.8 43.0327
42.9 44.0934
43 44.677
43.1 44.5963
43.2 44.076
43.3 42.8091
43.4 40.4887
43.5 37.1591
43.6 33.0424
43.7 28.0322
43.8 22.31
43.9 15.6892
44 8.42502
44.1 1.5982
44.2 -3.74553
44.3 -7.59322
44.4 -10.7699
44.5 -14.017
44.6 -17.3333
44.7 -20.7746
44.8 -24.4023
44.9 -28.2354
45 -32.1451
45.1 -35.9971
45.2 -39.143
45.3 -41.5302
45.4 -42.9131
45.5 -42.9708
45.6 -41.6294
45.7 -39.1119
45.8 -35.9169
45.9 -32.5002
46 -29.301
46.1 -26.4091
46.2 -23.6807
46.3 -20.655
46.4 -16.7496
46.5 -12.0682
46.6 -7.16118
46.7 -2.05244
46.8 3.25864
46.9 8.62895
47 13.7492
47.1 18.364
47.2 22.0227
47.3 24.9221
47.4 27.4889
47.5 29.5057
47.6 30.9702
47.7 31.6101
47.8 31.7395
47.9 31.9218
48 32.4891
48.1 32.8412
48.2 32.6376
48.3 32.0374
48.4 30.7096
48.5 28.3226
48.6 25.2534
48.7 21.7189
48.8 18.0876
48.9 14.5992
49 11.882
49.1 9.95293
49.2 8.24971
49.3 5.78774
49.4 2.63275
49.5 -0.814407
49.6 -4.69805
49.7 -8.95669
49.8 -13.2847
49.9 -17.5416
50 -21.4031
50.1 -24.3093
50.2 -26.2723
50.3 -28.0949
50.4 -29.8118
50.5 -30.8702
50.6 -31.0569
50.7 -30.5412
50.8 -29.8251
50.9 -29.2531
51 -28.84
51.1 -28.2191
51.2 -26.9168
51.3 -24.7674
51.4 -21.8218
51.5 -18.361
51.6 -14.5599
51.7 -10.4349
51.8 -6.2157
51.9 -2.24466
52 1.4407
52.1 4.93731
52.2 8.44235
52.3 11.6437
52.4 14.602
52.5 17.2695
52.6 19.4921
52.7 21.3057
52.8 22.8511
52.9 23.9809
53 24.7506
53.1 25.0039
53.2 24.9885
53.3 24.7303
53.4 24.0419
53.5 22.9788
53.6 21.8827
53.7 20.709
53.8 19.6537
53.9 19.0076
54 18.6276
54.1 17.7254
54.2 16.0903
54.3 14.1551
54.4 12.0759
54.5 9.78659
54.6 7.12
54.7 4.25453
54.8 1.42843
54.9 -1.42619
55 -4.4636
55.1 -7.81249
55.2 -11.3258
55.3 -14.7219
55.4 -17.9008
55.5 -20.5313
55.6 -22.4441
55.7 -23.4722
55.8 -23.7746
55.9 -23.6831
56 -23.3816
56.1 -22.8175
56.2 -22.0967
56.3 -21.1222
56.4 -19.8903
56.5 -18.3609
56.6 -16.7818
56.7 -15.3579
56.8 -13.5808
56.9 -11.5378
57 -9.27801
57.1 -6.77434
57.2 -4.06087
57.3 -1.28157
57.4 1.18683
57.5 3.39344
57.6 5.13231
57.7 6.5694
57.8 7.99295
57.9 9.16124
58 10.3405
58.1 11.8596
58.2 13.4437
58.3 15.0107
58.4 16.4198
58.5 17.4734
58.6 18.0225
58.7 18.2458
58.8 18.3518
58.9 18.5391
59 18.7001
59.1 18.4296
59.2 17.5237
59.3 16.1154
59.4 14.6047
59.5 13.4397
59.6 12.3999
59.7 11.0185
59.8 9.25657
59.9 7.27955
60 5.26291
60.1 3.0349
60.2 0.353035
60.3 -2.75576
60.4 -5.84728
60.5 -8.40251
60.6 -10.2279
60.7 -11.2382
60.8 -11.6241
60.9 -11.6515
61 -11.7214
61.1 -12.3468
61.2 -13.0946
61.3 -13.3053
61.4 -13.0138
61.5 -12.444
61.6 -11.9374
61.7 -11.0704
61.8 -9.83228
61.9 -8.39947
62 -7.29788
62.1 -7.16963
62.2 -7.28734
62.3 -6.60383
62.4 -5.42822
62.5 -4.35189
62.6 -3.68284
62.7 -2.86551
62.8 -1.8701
62.9 -1.01729
63 -0.311548
63.1 0.293585
63.2 0.871171
63.3 1.56068
63.4 2.53684
63.5 3.75073
63.6 4.96608
63.7 6.25394
63.8 7.4351
63.9 8.40674
64 9.30852
64.1 9.93269
64.2 10.7046
64.3 11.2394
64.4 11.4475
64.5 11.7028
64.6 11.6705
64.7 11.046
64.8 10.0935
64.9 9.13709
65 8.01656
65.1 6.68777
65.2 5.59786
65.3 5.16116
65.4 4.98863
65.5 4.71434
65.6 4.35809
65.7 4.1158
65.8 4.21504
65.9 4.66556
66 4.98942
66.1 4.49547
66.2 3.28417
66.3 1.41919
66.4 -1.12107
66.5 -4.13955
66.6 -7.561
66.7 -10.7557
66.8 -13.2631
66.9 -14.8483
67 -15.4161
67.1 -15.2902
67.2 -15.0111
67.3 -14.5375
67.4 -13.4274
67.5 -11.0108
67.6 -7.16138
67.7 -2.73223
67.8 1.37769
67.9 4.82511
68 7.26155
68.1 8.61064
68.2 8.53161
68.3 6.93383
68.4 4.14934
68.5 0.682533
68.6 -2.76371
68.7 -5.50441
68.8 -7.12015
68.9 -7.70206
69 -7.28327
69.1 -6.09969
69.2 -4.31549
69.3 -1.83058
69.4 0.800181
69.5 2.98679
69.6 4.90326
69.7 6.77517
69.8 8.40544
69.9 9.77604
70 10.6275
70.1 10.6574
70.2 10.308
70.3 9.7668
70.4 9.11979
70.5 8.3729
70.6 7.5036
70.7 6.63279
70.8 5.9598
70.9 5.62162
71 5.35696
71.1 4.89735
71.2 4.29656
71.3 3.89182
71.4 3.45746
71.5 2.6962
71.6 1.6521
71.7 0.415292
71.8 -0.865572
71.9 -2.14461
72 -3.47379
72.1 -4.93824
72.2 -5.93971
72.3 -6.2754
72.4 -5.90169
72.5 -4.9249
72.6 -3.54939
72.7 -2.56145
72.8 -2.1276
72.9 -2.33865
73 -2.8676
73.1 -3.40956
73.2 -3.91284
73.3 -4.13541
73.4 -4.3857
73.5 -4.40223
73.6 -3.96757
73.7 -3.15811
73.8 -2.36747
73.9 -1.44315
74 -0.72366
74.1 -0.506721
74.2 -0.36378
74.3 0.0486379
74.4 1.07011
74.5 2.04186
74.6 2.72496
74.7 3.00047
74.8 3.19482
74.9 3.68992
75 4.18116
75.1 4.65399
75.2 4.67917
75.3 4.29126
75.4 3.68772
75.5 2.92434
75.6 2.31797
75.7 2.41554
75.8 2.83208
75.9 3.23759
76 3.7914
76.1 3.81668
76.2 3.40374
76.3 2.94949
76.4 2.79779
76.5 2.31383
76.6 1.6044
76.7 0.686725
76.8 -0.150789
76.9 -0.998048
77 -1.26852
77.1 -1.10317
77.2 -0.920164
77.3 -0.990615
77.4 -0.994478
77.5 -0.545333
77.6 0.165019
77.7 0.452289
77.8 0.528113
77.9 0.000543349
78 -0.620045
78.1 -1.13611
78.2 -1.31176
78.3 -1.07982
78.4 -0.965232
78.5 -0.785183
78.6 -0.678136
78.7 -0.726013
78.8 -0.877585
78.9 -0.791426
79 -0.554895
79.1 -0.376586
79.2 -0.423988
79.3 -0.435257
79.4 -0.270395
79.5 0.336005
79.6 1.44047
79.7 2.6242
79.8 3.69305
79.9 4.63416
80 5.18174
80.1 5.32358
80.2 5.12477
80.3 4.73908
80.4 3.72286
80.5 2.40649
80.6 1.0526
80.7 0.0863736
80.8 -0.346887
80.9 -0.543906
81 -1.03752
81.1 -1.75134
81.2 -2.30056
81.3 -2.70299
81.4 -2.42368
81.5 -1.73866
81.6 -1.17898
81.7 -0.84465
81.8 -0.674058
81.9 -0.710861
82 -0.968054
82.1 -1.41699
82.2 -1.7959
82.3 -2.22014
82.4 -2.47126
82.5 -2.60923
82.6 -2.33932
82.7 -1.9681
82.8 -1.44733
82.9 -0.617943
83 0.103981
83.1 0.703292
83.2 1.18902
83.3 1.62854
83.4 1.41752
83.5 0.967369
83.6 0.788148
83.7 1.32624
83.8 1.84223
83.9 2.51569
84 3.18615
84.1 3.98585
84.2 4.63208
84.3 4.76125
84.4 4.5033
84.5 4.1344
84.6 3.66891
84.7 3.06122
84.8 2.38375
84.9 1.96704
85 1.60872
85.1 1.24914
85.2 0.89202
85.3 0.358534
85.4 0.342041
85.5 0.0949505
85.6 -0.342911
85.7 -0.70318
85.8 -1.09101
85.9 -1.71196
86 -2.15453
86.1 -2.47455
86.2 -2.4822
86.3 -2.49074
86.4 -2.83037
86.5 -2.99464
86.6 -3.12589
86.7 -3.1041
86.8 -2.71493
86.9 -2.01069
87 -1.05149
87.1 -0.0930945
87.2 0.851073
87.3 1.60181
87.4 1.91258
87.5 1.82229
87.6 1.34433
87.7 0.619794
87.8 0.264676
87.9 -0.106352
88 -0.361425
88.1 -0.551011
88.2 -0.467826
88.3 0.107364
88.4 0.595286
88.5 0.912522
88.6 0.890157
88.7 1.0016
88.8 0.917192
88.9 0.82179
89 0.263176
89.1 0.0104643
89.2 0.432999
89.3 1.43204
89.4 2.47128
89.5 2.96038
89.6 3.11292
89.7 2.99884
89.8 2.84111
89.9 2.51836
90 1.87315
90.1 1.09695
90.2 0.761334
90.3 0.705808
90.4 0.39925
90.5 0.18435
90.6 0.0387068
90.7 -0.00910693
90.8 0.165646
90.9 0.05583
91 -0.236358
91.1 -0.0515113
91.2 -0.0615692
91.3 -0.122448
91.4 -0.351062
91.5 -0.302632
91.6 -0.515486
91.7 -0.736465
91.8 -1.1903
91.9 -1.64434
92 -1.99181
92.1 -2.24863
92.2 -2.355
92.3 -2.33132
92.4 -2.10368
92.5 -2.01268
92.6 -1.95165
92.7 -1.79063
92.8 -1.27795
92.9 -1.08272
93 -1.03189
93.1 -1.06111
93.2 -0.698747
93.3 -0.204817
93.4 0.591851
93.5 1.54417
93.6 2.36873
93.7 3.08698
93.8 3.23148
93.9 2.83571
94 2.17362
94.1 1.61276
94.2 1.44104
94.3 1.40035
94.4 1.49446
94.5 1.71723
94.6 1.82114
94.7 1.73192
94.8 1.53818
94.9 1.47406
95 1.10612
95.1 0.668856
95.2 -0.00119985
95.3 -0.712371
95.4 -1.38841
95.5 -1.77723
95.6 -1.40712
95.7 -0.925022
95.8 -0.483692
95.9 -0.182802
96 0.276582
96.1 0.964816
96.2 1.42755
96.3 1.51152
96.4 0.989181
96.5 0.137367
96.6 -0.507118
96.7 -0.807433
96.8 -0.632655
96.9 -0.539388
97 -0.558197
97.1 -0.715764
97.2 -0.726749
97.3 -0.511669
97.4 -0.510304
97.5 -0.597115
97.6 -0.912602
97.7 -1.11059
97.8 -1.00772
97.9 -0.826001
98 -0.57595
98.1 -0.500512
98.2 -0.443456
98.3 -0.151511
98.4 0.112522
98.5 0.367376
98.6 0.54208
98.7 0.588004
98.8 0.579976
98.9 0.466031
99 0.448954
99.1 0.216212
99.2 0.0792393
99.3 -0.00489902
99.4 0.0994671
99.5 0.255191
99.6 0.529058
99.7 0.772503
99.8 1.04628
99.9 0.925433
100 0.834638
100.1 0.6591
100.2 0.550218
100.3 0.482478
100.4 0.40126
100.5 0.352469
100.6 0.341619
100.7 0.306028
100.8 0.231022
100.9 -0.0623701
101 -0.504878
101.1 -0.825218
101.2 -0.913097
101.3 -0.726072
101.4 -0.424986
101.5 -0.245483
101.6 -0.125691
101.7 -0.0666699
101.8 -0.0213933
101.9 0.00507695
102 0.167641
102.1 0.2324
102.2 0.278854
102.3 0.282705
