-1.55 -0.46713
-1.45 -0.315158
-1.35 -0.169021
-1.25 -0.0910043
-1.15 0.0484685
-1.05 0.441992
-0.95 1.0364
-0.85 1.74396
-0.75 2.20247
-0.65 2.41578
-0.55 2.28346
-0.45 2.15496
-0.35 2.03337
-0.25 1.80667
-0.15 1.50514
-0.05 0.708902
0.05 -0.214323
0.15 -0.918886
0.25 -1.04597
0.35 -0.973678
0.45 -0.538083
0.55 0.0662861
0.65 0.719289
0.75 1.19007
0.85 1.36646
0.95 1.1836
1.05 0.688723
1.15 0.281049
1.25 -0.175659
1.35 -0.540012
1.45 -1.01188
1.55 -1.03643
1.65 -0.6995
1.75 -0.367452
1.85 0.0875044
1.95 0.752834
2.05 1.18453
2.15 1.29423
2.25 1.75506
2.35 2.12525
2.45 2.22834
2.55 1.75803
2.65 1.18718
2.75 0.758828
2.85 0.677459
2.95 0.764563
3.05 0.866725
3.15 1.08105
3.25 1.3016
3.35 1.30596
3.45 1.42147
3.55 1.65032
3.65 1.50539
3.75 0.827338
3.85 0.0207074
3.95 -0.577545
4.05 -0.541216
4.15 -0.200381
4.25 -0.0606668
4.35 0.00872961
4.45 0.0957138
4.55 0.489076
4.65 1.0302
4.75 1.17941
4.85 1.36099
4.95 1.41772
5.05 1.77195
5.15 1.9869
5.25 1.60242
5.35 0.724047
5.45 -0.712428
5.55 -2.04967
5.65 -2.58954
5.75 -2.63105
5.85 -2.358
5.95 -1.61609
6.05 -0.636808
6.15 0.724641
6.25 2.18194
6.35 3.09397
6.45 3.29801
6.55 2.13565
6.65 0.729303
6.75 -0.54654
6.85 -1.47816
6.95 -2.05752
7.05 -2.27233
7.15 -1.96373
7.25 -0.906724
7.35 0.586216
7.45 1.7188
7.55 2.03595
7.65 1.72951
7.75 1.31633
7.85 1.21934
7.95 1.73379
8.05 2.33378
8.15 2.32185
8.25 2.00015
8.35 1.63863
8.45 1.38438
8.55 1.35107
8.65 1.23174
8.75 0.860352
8.85 0.412848
8.95 -0.134115
9.05 -0.491245
9.15 -0.881793
9.25 -1.53436
9.35 -2.21959
9.45 -2.19537
9.55 -1.25125
9.65 0.20081
9.75 1.51591
9.85 2.57476
9.95 3.13234
10.05 3.52375
10.15 3.4479
10.25 2.72643
10.35 1.54178
10.45 0.205104
10.55 -0.900075
10.65 -1.25155
10.75 -0.787445
10.85 -0.180839
10.95 0.171507
11.05 0.364077
11.15 0.570655
11.25 0.818152
11.35 0.993024
11.45 0.792642
11.55 0.330161
11.65 -0.12162
11.75 -0.29938
11.85 -0.37664
11.95 -0.0520581
12.05 0.565727
12.15 1.09991
12.25 1.40078
12.35 1.48109
12.45 1.54952
12.55 1.59468
12.65 1.49346
12.75 1.33888
12.85 1.37046
12.95 1.6029
13.05 1.67248
13.15 1.5691
13.25 1.46188
13.35 1.64932
13.45 1.78402
13.55 1.72804
13.65 1.25403
13.75 0.429504
13.85 -0.48733
13.95 -1.16371
14.05 -1.41425
14.15 -1.3029
14.25 -1.01243
14.35 -0.746537
14.45 -0.78481
14.55 -0.835918
14.65 -0.520448
14.75 0.119043
14.85 1.09403
14.95 1.90521
15.05 2.19997
15.15 1.55727
15.25 0.643897
15.35 -0.126482
15.45 -0.615692
15.55 -0.892872
15.65 -0.706923
15.75 -0.0388578
15.85 0.965419
15.95 2.3848
16.05 3.62162
16.15 4.43353
16.25 4.42093
16.35 3.63976
16.45 2.5041
16.55 1.1242
16.65 -0.456287
16.75 -2.21272
16.85 -3.90801
16.95 -5.38807
17.05 -6.64031
17.15 -7.04453
17.25 -6.54886
17.35 -4.73155
17.45 -1.60221
17.55 1.67484
17.65 4.8891
17.75 7.99776
17.85 10.4882
17.95 11.778
18.05 11.6986
18.15 10.6062
18.25 8.97824
18.35 6.81332
18.45 3.32728
18.55 -0.747361
18.65 -4.89295
18.75 -8.8641
18.85 -12.5484
18.95 -15.5833
19.05 -16.9122
19.15 -16.2889
19.25 -13.5533
19.35 -8.9732
19.45 -3.17233
19.55 3.14639
19.65 9.5674
19.75 15.3173
19.85 19.7096
19.95 22.1185
20.05 21.9138
20.15 19.0725
20.25 14.362
20.35 8.3089
20.45 1.35557
20.55 -6.07256
20.65 -12.6836
20.75 -17.4041
20.85 -20.1089
20.95 -20.574
21.05 -18.7175
21.15 -14.8427
21.25 -9.40401
21.35 -2.70366
21.45 4.92268
21.55 13.2739
21.65 21.6545
21.75 28.2134
21.85 30.5855
21.95 26.5294
22.05 14.2986
22.15 -6.8801
22.25 -34.3776
22.35 -65.0093
22.45 -90.6871
22.55 -102.71
22.65 -95.9575
22.75 -70.1925
22.85 -26.0777
22.95 34.9738
23.05 103.05
23.15 162.01
23.25 198.917
23.35 208.875
23.45 183.32
23.55 104.029
23.65 -19.7212
23.75 -143.581
23.85 -222.011
23.95 -247.137
24.05 -237.772
24.15 -200.942
24.25 -144.077
24.35 -82.5109
24.45 -31.4778
24.55 3.87565
24.65 26.9511
24.75 42.6745
24.85 55.1186
24.95 68.0516
25.05 84.2533
25.15 102.898
25.25 119.537
25.35 128.468
25.45 125.207
25.55 109.095
25.65 83.166
25.75 53.6754
25.85 25.8542
25.95 1.90884
26.05 -19.5771
26.15 -40.7175
26.25 -63.0918
26.35 -86.6014
26.45 -107.6
26.55 -120.813
26.65 -123.318
26.75 -114.962
26.85 -98.1828
26.95 -78.6358
27.05 -60.6831
27.15 -45.8389
27.25 -32.9248
27.35 -19.8349
27.45 -3.91084
27.55 16.6099
27.65 42.2903
27.75 71.2211
27.85 98.0143
27.95 116.948
28.05 124.33
28.15 120.308
28.25 106.623
28.35 87.0756
28.45 66.4354
28.55 47.4654
28.65 29.6251
28.75 12.1328
28.85 -5.47861
28.95 -23.3891
29.05 -40.7652
29.15 -55.042
29.25 -63.8657
29.35 -68.0039
29.45 -68.837
29.55 -68.5729
29.65 -68.674
29.75 -69.2453
29.85 -68.2981
29.95 -63.9317
30.05 -55.1612
30.15 -42.9441
30.25 -29.1647
30.35 -16.3574
30.45 -6.10394
30.55 1.3548
30.65 6.92642
30.75 12.5472
30.85 19.0242
30.95 26.2248
31.05 33.7502
31.15 40.5342
31.25 45.8382
31.35 49.4777
31.45 51.5639
31.55 52.6666
31.65 53.2269
31.75 53.3646
31.85 52.8599
31.95 50.6816
32.05 46.1993
32.15 38.7739
32.25 29.2269
32.35 18.8632
32.45 8.89364
32.55 -0.524096
32.65 -9.95323
32.75 -19.6254
32.85 -29.1046
32.95 -37.4065
33.05 -43.4848
33.15 -46.7544
33.25 -47.8362
33.35 -47.8991
33.45 -48.0275
33.55 -48.8686
33.65 -50.6834
33.75 -52.914
33.85 -53.9956
33.95 -52.291
34.05 -46.8365
34.15 -38.3235
34.25 -28.579
34.35 -18.7254
34.45 -9.12607
34.55 -0.0927775
34.65 8.24305
34.75 16.3504
34.85 24.3752
34.95 32.0892
35.05 38.8295
35.15 43.7457
35.25 46.1647
35.35 46.4073
35.45 45.3778
35.55 43.4815
35.65 41.218
35.75 39.067
35.85 37.3941
35.95 36.0909
36.05 35.0539
36.15 34.3406
36.25 33.4547
36.35 31.8948
36.45 29.3808
36.55 25.8726
36.65 20.9584
36.75 13.6806
36.85 4.44001
36.95 -5.8498
37.05 -16.2041
37.15 -25.6113
37.25 -33.8123
37.35 -40.5768
37.45 -45.9003
37.55 -50.1201
37.65 -53.1317
37.75 -54.6252
37.85 -54.1836
37.95 -51.3455
38.05 -46.7261
38.15 -42.1257
38.25 -38.507
38.35 -35.8502
38.45 -33.4105
38.55 -30.8387
38.65 -27.4345
38.75 -22.7513
38.85 -16.9082
38.95 -10.0026
39.05 -2.752
39.15 4.44166
39.25 11.3034
39.35 17.6563
39.45 24.0051
39.55 30.2558
39.65 36.1096
39.75 41.1182
39.85 44.6835
39.95 46.7723
40.05 47.4346
40.15 47.1716
40.25 46.4832
40.35 45.2865
40.45 43.5119
40.55 41.1985
40.65 38.1562
40.75 34.3404
40.85 29.7007
40.95 24.8132
41.05 20.0876
41.15 15.416
41.25 10.6715
41.35 5.89576
41.45 0.682566
41.55 -5.19291
41.65 -10.9441
41.75 -16.1984
41.85 -21.0258
41.95 -25.7426
42.05 -30.7157
42.15 -35.387
42.25 -39.2851
42.35 -42.3944
42.45 -44.8219
42.55 -46.2241
42.65 -46.2971
42.75 -45.1244
42.85 -42.9094
42.95 -39.6453
43.05 -35.9522
43.15 -32.1563
43.25 -28.4787
43.35 -24.5887
43.45 -20.5987
43.55 -16.6302
43.65 -12.4559
43.75 -8.37988
43.85 -4.56743
43.95 -0.779659
44.05 3.56863
44.15 8.80878
44.25 14.8454
44.35 20.9222
44.45 26.1841
44.55 30.5735
44.65 34.2988
44.75 37.1999
44.85 38.9949
44.95 39.7487
45.05 39.8976
45.15 39.6651
45.25 38.9851
45.35 37.3191
45.45 34.9283
45.55 32.5291
45.65 30.235
45.75 27.6131
45.85 24.7552
45.95 22.0018
46.05 19.0489
46.15 15.397
46.25 10.8561
46.35 5.58404
46.45 0.186703
46.55 -4.64262
46.65 -8.57824
46.75 -11.6172
46.85 -14.4823
46.95 -17.3561
47.05 -20.6383
47.15 -24.3192
47.25 -28.0819
47.35 -31.6334
47.45 -34.9899
47.55 -37.5022
47.65 -38.9292
47.75 -39.1673
47.85 -38.3833
47.95 -36.9786
48.05 -35.2377
48.15 -32.7875
48.25 -29.7924
48.35 -26.5622
48.45 -23.1241
48.55 -19.6451
48.65 -16.2449
48.75 -12.6771
48.85 -8.75819
48.95 -4.25703
49.05 0.5507
49.15 5.19023
49.25 9.4175
49.35 13.7118
49.45 17.7776
49.55 21.0654
49.65 23.8189
49.75 25.9761
49.85 27.4961
49.95 28.6333
50.05 29.3945
50.15 29.8193
50.25 30.3546
50.35 30.7249
50.45 30.8804
50.55 30.8407
50.65 30.4768
50.75 29.4428
50.85 27.6361
50.95 25.3525
51.05 22.6274
51.15 19.3371
51.25 15.5981
51.35 11.9645
51.45 8.42324
51.55 5.06107
51.65 1.50743
51.75 -2.07643
51.85 -5.69165
51.95 -9.38627
52.05 -12.906
52.15 -15.937
52.25 -18.1107
52.35 -19.6362
52.45 -21.2267
52.55 -22.8959
52.65 -24.6887
52.75 -26.2853
52.85 -27.2581
52.95 -27.9128
53.05 -27.9151
53.15 -27.2256
53.25 -26.4418
53.35 -25.7436
53.45 -24.8019
53.55 -23.4427
53.65 -21.3033
53.75 -18.3146
53.85 -14.7956
53.95 -11.1711
54.05 -7.47849
54.15 -3.97509
54.25 -0.918582
54.35 1.43604
54.45 3.6536
54.55 5.91066
54.65 8.08604
54.75 10.2868
54.85 12.5093
54.95 14.6664
55.05 16.6702
55.15 18.8772
55.25 21.0435
55.35 23.1688
55.45 25.0189
55.55 26.3034
55.65 26.7622
55.75 26.3824
55.85 25.2387
55.95 23.468
56.05 21.2069
56.15 19.0254
56.25 17.0445
56.35 15.0369
56.45 12.6988
56.55 10.3452
56.65 8.36037
56.75 6.8881
56.85 5.87521
56.95 4.80666
57.05 3.19006
57.15 0.823913
57.25 -2.0237
57.35 -5.4218
57.45 -8.92563
57.55 -12.1001
57.65 -14.5881
57.75 -16.4734
57.85 -17.8745
57.95 -19.183
58.05 -20.4072
58.15 -20.5543
58.25 -19.7745
58.35 -18.4994
58.45 -17.0677
58.55 -15.5158
58.65 -13.835
58.75 -12.4232
58.85 -11.2631
58.95 -10.5773
59.05 -10.3992
59.15 -10.5233
59.25 -10.6795
59.35 -10.3457
59.45 -9.35852
59.55 -8.0107
59.65 -6.41986
59.75 -4.47829
59.85 -2.03354
59.95 0.952557
60.05 4.18397
60.15 7.15845
60.25 9.58909
60.35 11.5792
60.45 13.1421
60.55 14.2016
60.65 14.6446
60.75 14.3722
60.85 13.3881
60.95 12.1339
61.05 11.1705
61.15 11.1666
61.25 12.1573
61.35 13.521
61.45 14.9677
61.55 15.8781
61.65 15.9155
61.75 15.1186
61.85 13.9345
61.95 12.5045
62.05 10.9623
62.15 9.71731
62.25 8.40969
62.35 6.8396
62.45 4.85272
62.55 2.90879
62.65 1.01337
62.75 -0.952825
62.85 -2.67005
62.95 -3.85638
63.05 -4.48526
63.15 -4.98715
63.25 -5.41959
63.35 -6.05251
63.45 -7.20319
63.55 -9.17459
63.65 -12.0632
63.75 -15.3609
63.85 -17.7397
63.95 -18.8128
64.05 -18.8851
64.15 -18.401
64.25 -17.6908
64.35 -16.5488
64.45 -14.8781
64.55 -12.6495
64.65 -10.4716
64.75 -8.26761
64.85 -5.40616
64.95 -1.649
65.05 2.57152
65.15 6.69049
65.25 10.0411
65.35 12.2241
65.45 13.2536
65.55 13.3679
65.65 12.3329
65.75 10.135
65.85 7.15946
65.95 3.98218
66.05 1.14709
66.15 -1.35845
66.25 -3.21297
66.35 -4.1903
66.45 -4.19609
66.55 -3.30173
66.65 -1.50805
66.75 0.514931
66.85 2.29695
66.95 3.49829
67.05 4.49948
67.15 5.7646
67.25 7.14512
67.35 8.66023
67.45 10.2395
67.55 11.5296
67.65 12.7014
67.75 13.7199
67.85 14.7056
67.95 15.4949
68.05 15.8013
68.15 15.5534
68.25 14.9539
68.35 13.9563
68.45 12.3444
68.55 10.0566
68.65 7.44894
68.75 4.57045
68.85 1.27141
68.95 -2.61006
69.05 -6.82673
69.15 -10.6997
69.25 -13.5559
69.35 -15.6639
69.45 -17.2682
69.55 -18.1539
69.65 -18.5038
69.75 -18.5612
69.85 -18.5075
69.95 -18.532
70.05 -18.3997
70.15 -17.9408
70.25 -17.447
70.35 -16.5823
70.45 -14.8333
70.55 -12.2002
70.65 -9.17313
70.75 -6.02226
70.85 -3.12171
70.95 -0.3821
71.05 2.24921
71.15 4.64924
71.25 6.84531
71.35 9.11628
71.45 11.3896
71.55 13.6569
71.65 15.8832
71.75 17.3885
71.85 18.1745
71.95 18.4463
72.05 18.1654
72.15 17.3833
72.25 16.1599
72.35 14.0566
72.45 11.5081
72.55 8.97381
72.65 6.79513
72.75 4.88856
72.85 3.23657
72.95 2.13875
73.05 1.76572
73.15 2.02127
73.25 2.15575
73.35 1.59958
73.45 0.0834999
73.55 -2.27992
73.65 -4.75434
73.75 -6.21881
73.85 -7.28151
73.95 -8.16054
74.05 -8.8676
74.15 -9.3726
74.25 -9.31614
74.35 -8.81128
74.45 -8.0779
74.55 -6.91136
74.65 -5.27393
74.75 -3.31641
74.85 -1.79323
74.95 -0.589125
75.05 0.239517
75.15 1.2993
75.25 2.19315
75.35 2.66717
75.45 2.48448
75.55 1.99065
75.65 1.38227
75.75 0.881014
75.85 0.261048
75.95 -0.109526
76.05 -0.468381
76.15 -0.518114
76.25 0.178498
76.35 1.13223
76.45 1.89896
76.55 2.58618
76.65 3.12213
76.75 3.4485
76.85 3.43113
76.95 2.9193
77.05 2.34662
77.15 1.47253
77.25 0.473404
77.35 -0.451575
77.45 -0.730504
77.55 -0.448015
77.65 -0.0716766
77.75 0.283019
77.85 0.581067
77.95 0.527542
78.05 0.297154
78.15 -0.00358127
78.25 -0.460602
78.35 -0.892771
78.45 -1.08586
78.55 -1.03183
78.65 -0.739176
78.75 -0.056128
78.85 0.741234
78.95 1.43112
79.05 1.89192
79.15 2.20792
79.25 2.87664
79.35 3.04922
79.45 3.02526
79.55 2.90856
79.65 2.38814
79.75 1.31433
79.85 0.465111
79.95 0.0340476
80.05 0.149073
80.15 0.507988
80.25 0.946471
80.35 1.13103
80.45 1.21012
80.55 1.24805
80.65 1.72085
80.75 2.06547
80.85 2.03188
80.95 1.41079
81.05 0.876105
81.15 0.772518
81.25 1.16591
81.35 1.76795
81.45 2.12472
81.55 1.89435
81.65 1.48862
81.75 0.992401
81.85 0.393125
81.95 -0.621439
82.05 -1.1062
82.15 -1.3729
82.25 -1.66139
82.35 -2.31702
82.45 -2.86841
82.55 -3.32142
82.65 -3.82019
82.75 -4.20179
82.85 -4.30081
82.95 -4.15072
83.05 -4.0488
83.15 -3.43567
83.25 -2.27666
83.35 -0.868796
83.45 0.191902
83.55 0.983469
83.65 1.20451
83.75 1.34281
83.85 1.39479
83.95 1.34124
84.05 1.26077
84.15 1.24258
84.25 1.53132
84.35 1.99307
84.45 2.57223
84.55 3.24829
84.65 3.86497
84.75 3.95966
84.85 3.73539
84.95 3.17667
85.05 2.34745
85.15 1.58072
85.25 0.80888
85.35 0.0718216
85.45 -0.144972
85.55 0.0246841
85.65 0.100907
85.75 0.397191
85.85 0.859856
85.95 1.23131
86.05 1.51719
86.15 1.51131
86.25 1.36014
86.35 1.0375
86.45 0.608532
86.55 0.17296
86.65 0.0389288
86.75 -0.059685
86.85 0.117091
86.95 0.307025
87.05 0.70495
87.15 0.783214
87.25 0.657941
87.35 0.274635
87.45 -0.427792
87.55 -1.32757
87.65 -1.72842
87.75 -1.97246
87.85 -2.10526
87.95 -2.20265
88.05 -2.71726
88.15 -2.99097
88.25 -3.11874
88.35 -3.22893
88.45 -3.00694
88.55 -2.70058
88.65 -2.27867
88.75 -1.4416
88.85 -0.568074
88.95 0.12417
89.05 0.461275
89.15 0.717946
89.25 0.621936
89.35 0.521399
89.45 0.385257
89.55 0.192313
89.65 0.210405
89.75 0.461405
89.85 1.26466
89.95 1.7732
90.05 2.19923
90.15 2.25152
90.25 2.14308
90.35 1.7128
90.45 1.11181
90.55 0.424586
90.65 -0.162707
90.75 -0.43972
90.85 -0.45581
90.95 -0.380472
91.05 -0.124871
91.15 0.0670463
91.25 0.185844
91.35 0.455181
91.45 1.15647
91.55 1.99766
91.65 2.78241
91.75 2.90247
91.85 2.97368
91.95 2.84224
92.05 2.44653
92.15 1.67301
92.25 0.965091
92.35 -0.0131922
92.45 -0.732655
92.55 -1.31412
92.65 -1.9104
92.75 -2.33674
92.85 -2.42742
92.95 -2.30726
93.05 -2.24154
93.15 -1.79657
93.25 -1.06342
93.35 -0.694157
93.45 -0.33919
93.55 -0.233725
93.65 -0.537786
93.75 -1.04888
93.85 -1.28296
93.95 -1.40116
94.05 -1.22166
94.15 -0.75045
94.25 -0.347506
94.35 0.0943374
94.45 0.671633
94.55 0.801184
94.65 0.835091
94.75 0.979808
94.85 1.07957
94.95 0.952731
95.05 0.55991
95.15 0.225698
95.25 -0.0626851
95.35 -0.138458
95.45 -0.131886
95.55 -0.0395797
95.65 0.0345789
95.75 0.406814
95.85 0.741516
95.95 0.980778
96.05 0.964594
96.15 0.998582
96.25 0.973667
96.35 1.01156
96.45 0.969686
96.55 1.13678
96.65 1.14237
96.75 1.0044
96.85 0.868222
96.95 0.497788
97.05 0.158137
97.15 0.181267
97.25 0.256564
97.35 0.451117
97.45 0.627347
97.55 0.684775
97.65 0.87824
97.75 1.0697
97.85 1.11176
97.95 0.909455
98.05 0.615921
98.15 0.363917
98.25 0.296246
98.35 0.109256
98.45 -0.208568
98.55 -0.481359
98.65 -0.707184
98.75 -0.804149
98.85 -0.72279
98.95 -0.711991
99.05 -0.695003
99.15 -0.505169
99.25 -0.630558
99.35 -0.600963
99.45 -0.543053
99.55 -0.459863
99.65 -0.442928
99.75 -0.514264
99.85 -0.745841
99.95 -0.910406
100.05 -0.826671
100.15 -0.651972
100.25 -0.385727
100.35 -0.0293854
100.45 -0.0349705
100.55 -0.0862122
100.65 -0.0568287
100.75 0.0574864
