0 1.19836
0.0901442 1.8107
0.180288 2.40815
0.270433 2.92344
0.360577 3.46859
0.450721 3.74303
0.540865 3.9893
0.63101 3.97724
0.721154 3.85132
0.811298 3.57434
0.901442 2.77564
0.991587 2.07718
1.08173 1.12597
1.17187 0.0530044
1.26202 -1.00068
1.35216 -1.87175
1.44231 -2.42803
1.53245 -2.61413
1.6226 -2.67367
1.71274 -2.37355
1.80288 -1.95611
1.89303 -1.70336
1.98317 -1.31695
2.07332 -0.912438
2.16346 -0.443711
2.25361 0.128927
2.34375 0.810823
2.43389 1.56414
2.52404 2.34865
2.61418 2.97214
2.70433 3.77754
2.79447 4.14803
2.88462 4.27956
2.97476 4.14475
3.0649 3.71081
3.15505 2.95169
3.24519 1.87586
3.33534 0.433062
3.42548 -1.01303
3.51562 -2.31565
3.60577 -3.27412
3.69591 -3.76269
3.78606 -3.58498
3.8762 -3.18063
3.96635 -2.63523
4.05649 -2.19261
4.14663 -1.90693
4.23678 -1.72451
4.32692 -1.4901
4.41707 -0.93613
4.50721 -0.0437675
4.59736 1.38529
4.6875 2.87509
4.77764 4.32325
4.86779 5.70614
4.95793 6.61294
5.04808 6.99788
5.13822 6.56681
5.22837 5.81182
5.31851 4.60308
5.40865 2.7027
5.4988 1.05123
5.58894 -0.8085
5.67909 -2.69424
5.76923 -4.25637
5.85937 -5.42147
5.94952 -6.01259
6.03966 -5.9212
6.12981 -5.13536
6.21995 -4.10454
6.3101 -2.43272
6.40024 -0.636143
6.49038 1.05312
6.58053 2.46275
6.67067 3.48935
6.76082 4.08336
6.85096 4.14418
6.94111 3.78202
7.03125 2.96905
7.12139 2.23593
7.21154 0.968745
7.30168 -0.185414
7.39183 -0.943231
7.48197 -1.10461
7.57212 -0.623548
7.66226 0.370736
7.7524 1.61539
7.84255 2.80315
7.93269 3.68213
8.02284 4.12444
8.11298 4.13728
8.20312 3.81824
8.29327 3.28318
8.38341 2.60708
8.47356 1.80835
8.5637 0.882163
8.65385 -0.140771
8.74399 -1.14897
8.83413 -1.95267
8.92428 -2.34303
9.01442 -2.18538
9.10457 -1.50148
9.19471 -0.4952
9.28486 0.500467
9.375 1.14087
9.46514 1.20488
9.55529 0.689104
9.64543 -0.182657
9.73558 -1.04273
9.82572 -1.52322
9.91587 -1.40118
10.006 -0.685809
10.0962 0.386392
10.1863 1.44358
10.2764 2.11753
10.3666 2.17335
10.4567 1.58247
10.5469 0.518391
10.637 -0.712872
10.7272 -1.77352
10.8173 -2.38674
10.9075 -2.39479
10.9976 -1.77532
11.0877 -0.625945
11.1779 0.866835
11.268 2.46214
11.3582 3.89971
11.4483 4.9382
11.5385 5.39791
11.6286 5.20144
11.7187 4.39796
11.8089 3.15621
11.899 1.72108
11.9892 0.34438
12.0793 -0.785263
12.1695 -1.58478
12.2596 -2.07377
12.3498 -2.3295
12.4399 -2.42373
12.53 -2.37478
12.6202 -2.14002
12.7103 -1.65249
12.8005 -0.880139
12.8906 0.127227
12.9808 1.23345
13.0709 2.26116
13.1611 3.06529
13.2512 3.59518
13.3413 3.90759
13.4315 4.1175
13.5216 4.30756
13.6118 4.44357
13.7019 4.34639
13.7921 3.74635
13.8822 2.40581
13.9724 0.257475
14.0625 -2.5075
14.1526 -5.44956
14.2428 -7.99336
14.3329 -9.59914
14.4231 -9.92123
14.5132 -8.88784
14.6034 -6.6752
14.6935 -3.60077
14.7837 0.00153717
14.8738 3.85655
14.9639 7.73829
15.0541 11.3931
15.1442 14.4572
15.2344 16.4407
15.3245 16.8196
15.4147 15.2167
15.5048 11.5951
15.595 6.36587
15.6851 0.336716
15.7752 -5.50056
15.8654 -10.2689
15.9555 -13.4668
16.0457 -15.0734
16.1358 -15.4475
16.226 -15.0622
16.3161 -14.1981
16.4062 -12.7432
16.4964 -10.2032
16.5865 -5.93536
16.6767 0.483238
16.7668 8.90329
16.857 18.4094
16.9471 27.3633
17.0373 33.6688
17.1274 35.1719
17.2175 30.0891
17.3077 17.3883
17.3978 -2.89696
17.488 -29.4094
17.5781 -59.2766
17.6683 -88.0667
17.7584 -110.045
17.8486 -118.897
17.9387 -108.98
18.0288 -76.9701
18.119 -23.5057
18.2091 45.7361
18.2993 120.105
18.3894 185.51
18.4796 227.312
18.5697 233.953
18.6599 200.326
18.75 129.788
18.8401 34.0433
18.9303 -69.3038
19.0204 -160.959
19.1106 -224.733
19.2007 -251.511
19.2909 -241.176
19.381 -201.939
19.4712 -147.331
19.5613 -91.8839
19.6514 -46.9255
19.7416 -17.7894
19.8317 -3.23325
19.9219 2.95129
20.012 8.88385
20.1022 21.2754
20.1923 43.0114
20.2825 72.3799
20.3726 104.031
20.4627 131.129
20.5529 147.781
20.643 150.839
20.7332 140.506
20.8233 119.698
20.9135 92.5914
21.0036 63.0493
21.0937 33.5688
21.1839 5.09089
21.274 -22.396
21.3642 -48.8709
21.4543 -73.4596
21.5445 -94.2089
21.6346 -108.585
21.7248 -114.478
21.8149 -111.245
21.905 -100.307
21.9952 -84.9655
22.0853 -69.4607
22.1755 -57.5846
22.2656 -51.3767
22.3558 -50.3978
22.4459 -51.8707
22.5361 -51.6475
22.6262 -45.6557
22.7163 -31.3094
22.8065 -8.39755
22.8966 20.828
22.9868 52.3464
23.0769 81.5523
23.1671 104.495
23.2572 118.765
23.3474 123.793
23.4375 120.563
23.5276 110.95
23.6178 96.9934
23.7079 80.371
23.7981 62.2112
23.8882 43.2121
23.9784 23.9101
24.0685 4.90893
24.1587 -13.0547
24.2488 -29.2252
24.3389 -43.0312
24.4291 -54.243
24.5192 -62.9817
24.6094 -69.565
24.6995 -74.2656
24.7897 -77.1136
24.8798 -77.8524
24.97 -76.0825
25.0601 -71.5281
25.1502 -64.2949
25.2404 -54.983
25.3305 -44.5846
25.4207 -34.1981
25.5108 -24.6809
25.601 -16.3966
25.6911 -9.16947
25.7812 -2.46764
25.8714 4.27357
25.9615 11.3386
26.0517 18.5741
26.1418 25.4562
26.232 31.3443
26.3221 35.794
26.4123 38.7765
26.5024 40.6962
26.5925 42.1967
26.6827 43.8494
26.7728 45.87
26.863 47.9983
26.9531 49.595
27.0433 49.9081
27.1334 48.3811
27.2236 44.8638
27.3137 39.6332
27.4038 33.231
27.494 26.2097
27.5841 18.9189
27.6743 11.438
27.7644 3.67891
27.8546 -4.40503
27.9447 -12.6276
28.0349 -20.509
28.125 -27.3944
28.2151 -32.7049
28.3053 -36.2007
28.3954 -38.1216
28.4856 -39.1224
28.5757 -40.0133
28.6659 -41.4151
28.756 -43.4789
28.8462 -45.8011
28.9363 -47.5771
29.0264 -47.9314
29.1166 -46.2824
29.2067 -42.5863
29.2969 -37.3564
29.387 -31.4558
29.4772 -25.7577
29.5673 -20.821
29.6575 -16.715
29.7476 -13.0562
29.8377 -9.22441
29.9279 -4.65414
30.018 0.927414
30.1082 7.4073
30.1983 14.3588
30.2885 21.225
30.3786 27.5207
30.4687 32.963
30.5589 37.4895
30.649 41.1803
30.7392 44.1393
30.8293 46.4043
30.9195 47.9234
31.0096 48.5962
31.0998 48.3431
31.1899 47.1558
31.28 45.1
31.3702 42.2741
31.4603 38.756
31.5505 34.5765
31.6406 29.7398
31.7308 24.2826
31.8209 18.3325
31.9111 12.127
32.0012 5.96832
32.0913 0.12672
32.1815 -5.26217
32.2716 -10.2531
32.3618 -15.0626
32.4519 -19.9599
32.5421 -25.1194
32.6322 -30.5026
32.7224 -35.8244
32.8125 -40.6267
32.9026 -44.4283
32.9928 -46.8923
33.0829 -47.9367
33.1731 -47.7452
33.2632 -46.6776
33.3534 -45.1225
33.4435 -43.3575
33.5337 -41.4758
33.6238 -39.3988
33.7139 -36.9583
33.8041 -33.9994
33.8942 -30.4531
33.9844 -26.3481
34.0745 -21.7696
34.1647 -16.795
34.2548 -11.4531
34.345 -5.73067
34.4351 0.373086
34.5252 6.777
34.6154 13.2737
34.7055 19.5426
34.7957 25.222
34.8858 30.0133
34.976 33.7713
35.0661 36.5389
35.1562 38.5118
35.2464 39.9468
35.3365 41.0558
35.4267 41.929
35.5168 42.5182
35.607 42.6795
35.6971 42.2506
35.7873 41.1228
35.8774 39.278
35.9675 36.7794
36.0577 33.7303
36.1478 30.2292
36.238 26.3477
36.3281 22.1402
36.4183 17.6755
36.5084 13.0647
36.5986 8.46158
36.6887 4.02691
36.7788 -0.130163
36.869 -4.0052
36.9591 -7.71469
37.0493 -11.459
37.1394 -15.4399
37.2296 -19.763
37.3197 -24.3658
37.4099 -29.0032
37.5 -33.3008
37.5901 -36.8587
37.6803 -39.3675
37.7704 -40.6928
37.8606 -40.9018
37.9507 -40.2229
38.0409 -38.9594
38.131 -37.3916
38.2212 -35.7021
38.3113 -33.9465
38.4014 -32.0728
38.4916 -29.9735
38.5817 -27.5466
38.6719 -24.741
38.762 -21.5736
38.8522 -18.1175
38.9423 -14.4718
39.0325 -10.7274
39.1226 -6.94312
39.2127 -3.1394
39.3029 0.690928
39.393 4.5599
39.4832 8.45958
39.5733 12.3444
39.6635 16.1278
39.7536 19.6946
39.8437 22.9272
39.9339 25.7365
40.024 28.0866
40.1142 30.0022
40.2043 31.5546
40.2945 32.8268
40.3846 33.8703
40.4748 34.6692
40.5649 35.13
40.655 35.1029
40.7452 34.4323
40.8353 33.0201
40.9255 30.8762
41.0156 28.1369
41.1058 25.0387
41.1959 21.8555
41.2861 18.82
41.3762 16.0571
41.4663 13.5542
41.5565 11.179
41.6466 8.736
41.7368 6.04144
41.8269 2.9873
41.9171 -0.425908
42.0072 -4.09601
42.0974 -7.85803
42.1875 -11.5363
42.2776 -14.9892
42.3678 -18.1323
42.4579 -20.9368
42.5481 -23.4103
42.6382 -25.5729
42.7284 -27.4385
42.8185 -29.0085
42.9087 -30.2732
42.9988 -31.2181
43.0889 -31.8278
43.1791 -32.0849
43.2692 -31.9689
43.3594 -31.4552
43.4495 -30.5208
43.5397 -29.1527
43.6298 -27.3565
43.72 -25.1591
43.8101 -22.6034
43.9002 -19.7379
43.9904 -16.6057
44.0805 -13.241
44.1707 -9.67711
44.2608 -5.96111
44.351 -2.16961
44.4411 1.58621
44.5312 5.17215
44.6214 8.45817
44.7115 11.3524
44.8017 13.8282
44.8918 15.9317
44.982 17.7653
45.0721 19.4504
45.1623 21.0832
45.2524 22.6998
45.3425 24.2617
45.4327 25.667
45.5228 26.7814
45.613 27.4776
45.7031 27.6698
45.7933 27.3345
45.8834 26.5134
45.9736 25.3016
46.0637 23.8276
46.1538 22.2285
46.244 20.6265
46.3341 19.1075
46.4243 17.7047
46.5144 16.3902
46.6046 15.0776
46.6947 13.6401
46.7849 11.9402
46.875 9.86651
46.9651 7.36535
47.0553 4.45759
47.1454 1.23406
47.2356 -2.16831
47.3257 -5.59981
47.4159 -8.92713
47.506 -12.0473
47.5962 -14.8833
47.6863 -17.3677
47.7764 -19.4285
47.8666 -20.9887
47.9567 -21.9863
48.0469 -22.4083
48.137 -22.3212
48.2272 -21.8814
48.3173 -21.3112
48.4075 -20.8422
48.4976 -20.6437
48.5877 -20.7605
48.6779 -21.0872
48.768 -21.3905
48.8582 -21.3756
48.9483 -20.7746
49.0385 -19.4272
49.1286 -17.3258
49.2187 -14.6137
49.3089 -11.5384
49.399 -8.38182
49.4892 -5.39107
49.5793 -2.73088
49.6695 -0.467112
49.7596 1.42214
49.8498 3.01964
49.9399 4.43927
50.03 5.80159
50.1202 7.21578
50.2103 8.76445
50.3005 10.4878
50.3906 12.3684
50.4808 14.3224
50.5709 16.2063
50.6611 17.8431
50.7512 19.0662
50.8413 19.7674
50.9315 19.9331
51.0216 19.6522
51.1118 19.0917
51.2019 18.4449
51.2921 17.8719
51.3822 17.4523
51.4724 17.1686
51.5625 16.9229
51.6526 16.58
51.7428 16.0173
51.8329 15.1622
51.9231 14.0058
52.0132 12.5912
52.1034 10.9856
52.1935 9.25233
52.2837 7.43412
52.3738 5.55301
52.4639 3.62182
52.5541 1.65781
52.6442 -0.311299
52.7344 -2.25263
52.8245 -4.14091
52.9147 -5.96975
53.0048 -7.75225
53.095 -9.50776
53.1851 -11.2392
53.2752 -12.9124
53.3654 -14.4495
53.4555 -15.7434
53.5457 -16.6915
53.6358 -17.2351
53.726 -17.3897
53.8161 -17.2495
53.9062 -16.9622
53.9964 -16.6792
54.0865 -16.4999
54.1767 -16.4286
54.2668 -16.3628
54.357 -16.1178
54.4471 -15.4807
54.5373 -14.277
54.6274 -12.4278
54.7175 -9.97897
54.8077 -7.09628
54.8978 -4.02711
54.988 -1.04422
55.0781 1.61174
55.1683 3.77519
55.2584 5.37472
55.3486 6.42814
55.4387 7.02035
55.5288 7.27443
55.619 7.32535
55.7091 7.3018
55.7993 7.31591
55.8894 7.45748
55.9796 7.7879
56.0697 8.33186
56.1599 9.06853
56.25 9.92766
56.3401 10.7968
56.4303 11.5428
56.5204 12.0451
56.6106 12.2324
56.7007 12.1085
56.7909 11.758
56.881 11.3224
56.9712 10.9549
57.0613 10.7642
57.1514 10.7704
57.2416 10.8886
57.3317 10.9508
57.4219 10.7606
57.512 10.1636
57.6022 9.10783
57.6923 7.67094
57.7825 6.04301
57.8726 4.46866
57.9627 3.16832
58.0529 2.26621
58.143 1.75014
58.2332 1.47624
58.3233 1.21516
58.4135 0.721527
58.5036 -0.198351
58.5937 -1.64235
58.6839 -3.60238
58.774 -5.98432
58.8642 -8.64339
58.9543 -11.4171
59.0445 -14.143
59.1346 -16.6597
59.2248 -18.7981
59.3149 -20.377
59.405 -21.2138
59.4952 -21.1518
59.5853 -20.0976
59.6755 -18.0532
59.7656 -15.1308
59.8558 -11.5406
59.9459 -7.55644
60.0361 -3.4709
60.1262 0.445718
60.2163 3.96985
60.3065 6.92991
60.3966 9.19812
60.4868 10.6805
60.5769 11.3151
60.6671 11.084
60.7572 10.0323
60.8474 8.28587
60.9375 6.05351
61.0276 3.60763
61.1178 1.24444
61.2079 -0.766261
61.2981 -2.22718
61.3882 -3.0426
61.4784 -3.22351
61.5685 -2.87032
61.6587 -2.14085
61.7488 -1.21397
61.8389 -0.257024
61.9291 0.598735
62.0192 1.27461
62.1094 1.7541
62.1995 2.08583
62.2897 2.37749
62.3798 2.7777
62.47 3.44429
62.5601 4.50289
62.6502 6.00543
62.7404 7.90163
62.8305 10.0358
62.9207 12.174
63.0108 14.0562
63.101 15.4591
63.1911 16.2488
63.2812 16.4057
63.3714 16.013
63.4615 15.2133
63.5517 14.1483
63.6418 12.9059
63.732 11.4911
63.8221 9.83348
63.9123 7.82464
64.0024 5.37304
64.0925 2.45406
64.1827 -0.861935
64.2728 -4.41256
64.363 -7.97446
64.4531 -11.3097
64.5433 -14.2105
64.6334 -16.5285
64.7236 -18.1822
64.8137 -19.1461
64.9038 -19.4315
64.994 -19.0726
65.0841 -18.1232
65.1743 -16.6665
65.2644 -14.8289
65.3546 -12.785
65.4447 -10.7434
65.5349 -8.90986
65.625 -7.43511
65.7151 -6.3638
65.8053 -5.60507
65.8954 -4.94168
65.9856 -4.08237
66.0757 -2.74727
66.1659 -0.76186
66.256 1.87113
66.3462 4.949
66.4363 8.10792
66.5264 10.9156
66.6166 12.9907
66.7067 14.1114
66.7969 14.2765
66.887 13.6975
66.9772 12.7249
67.0673 11.7317
67.1575 10.9951
67.2476 10.6153
67.3377 10.4992
67.4279 10.4109
67.518 10.0695
67.6082 9.25717
67.6983 7.89868
67.7885 6.08736
67.8786 4.05127
67.9687 2.07677
68.0589 0.420064
68.149 -0.761399
68.2392 -1.4366
68.3293 -1.68437
68.4195 -1.64654
68.5096 -1.47402
68.5998 -1.28802
68.6899 -1.16783
68.78 -1.16243
68.8702 -1.31194
68.9603 -1.66128
69.0505 -2.25435
69.1406 -3.10854
69.2308 -4.18142
69.3209 -5.34822
69.4111 -6.4065
69.5012 -7.11412
69.5913 -7.25268
69.6815 -6.69655
69.7716 -5.46272
69.8618 -3.72157
69.9519 -1.76132
70.0421 0.0853047
70.1322 1.52998
70.2224 2.61563
70.3125 2.78484
70.4026 2.67282
70.4928 2.36549
70.5829 2.12575
70.6731 2.15738
70.7632 2.36031
70.8534 3.0899
70.9435 3.94029
71.0337 4.6664
71.1238 5.0362
71.2139 4.90367
71.3041 4.25667
71.3942 3.22483
71.4844 1.97425
71.5745 1.08908
71.6647 0.358663
71.7548 0.0809302
71.845 3.93862e-05
71.9351 0.435096
72.0252 1.01848
72.1154 1.51839
72.2055 1.63954
72.2957 1.43157
72.3858 0.821992
72.476 0.144248
72.5661 -0.800218
72.6562 -1.68036
72.7464 -2.42007
72.8365 -2.62243
72.9267 -2.82463
73.0168 -2.71894
73.107 -2.45817
73.1971 -2.21992
73.2873 -2.025
73.3774 -1.7965
73.4675 -1.54096
73.5577 -1.22053
73.6478 -0.844664
73.738 -0.457232
73.8281 -0.0820745
73.9183 0.117639
74.0084 0.17578
74.0986 0.123923
74.1887 0.045129
74.2788 0.108028
74.369 0.269132
74.4591 0.781276
74.5493 1.13846
74.6394 1.65617
74.7296 2.23494
74.8197 2.83263
74.9099 3.0997
75 3.6917
75.0901 4.11586
75.1803 4.43303
75.2704 4.62834
75.3606 4.69175
75.4507 4.61928
75.5409 4.41387
75.631 3.90158
75.7212 3.38436
75.8113 2.81111
75.9014 2.1123
75.9916 1.4498
76.0817 0.865711
76.1719 0.524176
76.262 0.212826
76.3522 0.0206658
76.4423 -0.05361
76.5325 0.0621398
76.6226 -0.010641
76.7127 0.249197
76.8029 0.503353
76.893 0.653057
76.9832 0.653519
77.0733 0.405518
77.1635 -0.1752
77.2536 -0.827012
77.3437 -1.59157
77.4339 -2.24375
77.524 -2.74354
77.6142 -2.91128
77.7043 -2.72615
77.7945 -2.38917
77.8846 -2.01429
77.9748 -1.93886
78.0649 -1.68528
78.155 -1.48313
78.2452 -1.28014
78.3353 -0.864872
78.4255 -0.60942
78.5156 -0.87988
78.6058 -0.645844
78.6959 -0.426283
78.7861 -0.310133
78.8762 -0.353687
78.9663 -0.546296
79.0565 -0.691462
79.1466 -0.921607
79.2368 -0.939661
79.3269 -0.669725
79.4171 0.0260778
79.5072 0.580608
79.5974 0.954299
79.6875 1.29899
79.7776 1.33231
79.8678 1.37288
79.9579 1.38674
80.0481 1.45681
80.1382 1.64879
80.2284 1.96606
80.3185 2.42262
80.4087 2.72172
80.4988 2.85871
80.5889 2.7767
80.6791 2.49624
80.7692 2.34891
80.8594 2.03069
80.9495 1.60215
81.0397 1.52092
81.1298 1.51984
81.22 1.66704
81.3101 1.80783
81.4002 2.02018
81.4904 2.05487
81.5805 1.77548
81.6707 1.34803
81.7608 0.901764
81.851 0.578239
81.9411 0.477671
82.0312 0.475131
82.1214 0.645604
82.2115 0.883574
82.3017 0.994292
82.3918 0.866522
82.482 0.455307
82.5721 -0.0711535
82.6623 -0.493783
82.7524 -1.15067
82.8425 -1.1668
82.9327 -1.62264
83.0228 -1.78719
83.113 -1.55881
83.2031 -1.19305
83.2933 -0.604032
83.3834 0.0110642
83.4736 0.515213
83.5637 1.07302
83.6538 1.10653
83.744 0.874414
83.8341 0.457233
83.9243 -0.0378019
84.0144 -0.513101
84.1046 -0.907781
84.1947 -1.20577
84.2849 -1.42314
84.375 -1.58168
84.4651 -1.68174
84.5553 -1.68804
84.6454 -1.53659
84.7356 -1.16197
84.8257 -0.534041
84.9159 0.586319
85.006 1.3052
85.0962 1.91659
85.1863 2.08745
85.2764 2.15858
85.3666 1.95635
85.4567 1.49458
85.5469 0.896485
85.637 0.322017
85.7272 -0.0910805
85.8173 -0.147467
85.9075 -0.00395171
85.9976 0.382698
86.0877 1.0522
86.1779 1.80644
86.268 2.49991
86.3582 3.00692
86.4483 3.24515
86.5385 3.18641
86.6286 2.69775
86.7187 2.29518
86.8089 1.90141
86.899 1.27542
86.9892 0.744409
87.0793 0.104027
87.1695 -0.426115
87.2596 -0.775003
87.3498 -0.985911
87.4399 -0.876311
87.53 -0.509002
87.6202 -0.13047
87.7103 0.21696
87.8005 0.432945
87.8906 0.462531
87.9808 0.0868723
88.0709 -0.105881
88.1611 -0.389965
88.2512 -0.468845
88.3413 -0.615303
88.4315 -0.451049
88.5216 -0.63176
88.6118 -0.780103
88.7019 -0.993602
88.7921 -1.21272
88.8822 -1.33012
88.9724 -1.32711
89.0625 -1.15168
89.1526 -0.798876
89.2428 -0.562442
89.3329 -0.396291
89.4231 -0.309131
89.5132 -0.230517
89.6034 -0.239024
89.6935 -0.272279
89.7837 -0.301728
89.8738 -0.419966
89.9639 -0.327864
90.0541 -0.160679
90.1442 0.0916144
90.2344 0.181224
90.3245 0.540507
90.4147 0.9315
90.5048 1.18492
90.595 1.472
90.6851 1.45773
90.7752 1.34025
90.8654 1.00963
90.9555 0.809022
91.0457 0.325204
91.1358 -0.0813318
91.226 -0.267246
91.3161 -0.155785
91.4062 0.28678
91.4964 0.790826
91.5865 1.14814
91.6767 1.2803
91.7668 1.08015
91.857 0.590726
91.9471 -0.0526285
92.0373 -0.669451
92.1274 -1.18944
92.2175 -1.10321
