-1.53 0.1463
-1.43 0.542894
-1.33 0.706257
-1.23 0.674287
-1.13 0.260751
-1.03 -0.0595319
-0.93 -0.0285116
-0.83 -0.390043
-0.73 -0.616216
-0.63 -0.170822
-0.53 0.573175
-0.43 1.33935
-0.33 2.00921
-0.23 2.10731
-0.13 1.80328
-0.03 1.53289
0.07 1.66434
0.17 1.41152
0.27 1.14872
0.37 1.02127
0.47 1.27854
0.57 1.5211
0.67 1.8163
0.77 2.00809
0.87 1.9831
0.97 1.84334
1.07 1.68919
1.17 1.42393
1.27 0.998746
1.37 0.458089
1.47 0.22856
1.57 0.186758
1.67 -0.177097
1.77 -0.587941
1.87 -0.889284
1.97 -0.681559
2.07 -0.615112
2.17 -0.41414
2.27 -0.132445
2.37 0.044377
2.47 0.104599
2.57 0.293014
2.67 0.626435
2.77 0.983226
2.87 1.04226
2.97 1.0139
3.07 0.526311
3.17 -0.142529
3.27 -0.506138
3.37 -0.567477
3.47 -0.461459
3.57 0.0548955
3.67 0.0230138
3.77 -0.153327
3.87 -0.24654
3.97 -0.192031
4.07 0.597824
4.17 1.74527
4.27 2.33748
4.37 2.58232
4.47 2.63405
4.57 2.58905
4.67 2.41213
4.77 2.06934
4.87 1.67136
4.97 1.38333
5.07 0.545591
5.17 -0.207308
5.27 -0.0988189
5.37 0.602416
5.47 1.52187
5.57 1.9151
5.67 1.38172
5.77 0.686128
5.87 0.0892936
5.97 -0.473617
6.07 -0.926854
6.17 -1.64158
6.27 -2.30698
6.37 -2.28932
6.47 -1.51161
6.57 -0.117755
6.67 1.64467
6.77 3.19927
6.87 3.99289
6.97 3.87664
7.07 3.19826
7.17 2.05385
7.27 0.925916
7.37 -0.0849753
7.47 -1.20656
7.57 -1.96749
7.67 -2.11168
7.77 -1.74748
7.87 -0.965985
7.97 0.0613622
8.07 0.838782
8.17 1.29145
8.27 1.41424
8.37 1.61674
8.47 2.17066
8.57 2.40998
8.67 2.15732
8.77 1.80804
8.87 1.51773
8.97 1.21767
9.07 0.793675
9.17 0.221826
9.27 -0.135405
9.37 -0.3357
9.47 -0.564625
9.57 -0.798669
9.67 -0.981112
9.77 -0.798679
9.87 -0.422465
9.97 0.172314
10.07 0.985596
10.17 1.76515
10.27 2.28909
10.37 2.55629
10.47 2.67425
10.57 2.47548
10.67 1.80627
10.77 0.814437
10.87 -0.655231
10.97 -1.76806
11.07 -2.16542
11.17 -1.56319
11.27 -0.503342
11.37 0.463686
11.47 1.2049
11.57 1.54687
11.67 1.51467
11.77 1.43317
11.87 1.42155
11.97 1.46308
12.07 1.45418
12.17 1.14531
12.27 0.530305
12.37 -0.11996
12.47 -0.508567
12.57 -0.52057
12.67 -0.391929
12.77 -0.398014
12.87 -0.240165
12.97 0.24769
13.07 0.729171
13.17 0.794294
13.27 0.347411
13.37 -0.105124
13.47 -0.386721
13.57 -0.632878
13.67 -0.627994
13.77 -0.215061
13.87 0.127266
13.97 0.3334
14.07 0.61206
14.17 1.14179
14.27 2.1734
14.37 3.08034
14.47 3.42184
14.57 2.86
14.67 1.90832
14.77 1.02437
14.87 0.526778
14.97 0.3558
15.07 0.290105
15.17 0.301798
15.27 0.117515
15.37 -0.303897
15.47 -0.637431
15.57 -0.800653
15.67 -0.756498
15.77 -0.388551
15.87 0.204135
15.97 0.735073
16.07 1.13677
16.17 1.55136
16.27 1.90678
16.37 2.1311
16.47 2.17081
16.57 2.33205
16.67 2.39041
16.77 2.14893
16.87 1.60246
16.97 1.29919
17.07 1.15132
17.17 0.844715
17.27 0.321544
17.37 -0.265591
17.47 -0.990151
17.57 -1.64274
17.67 -1.91418
17.77 -1.31297
17.87 -0.0837561
17.97 0.841235
18.07 0.90068
18.17 0.403447
18.27 0.0778205
18.37 0.0350921
18.47 0.185999
18.57 0.554638
18.67 0.561961
18.77 0.512664
18.87 0.494865
18.97 0.608623
19.07 0.808524
19.17 1.12458
19.27 1.40831
19.37 1.66351
19.47 1.7202
19.57 1.75127
19.67 1.4907
19.77 1.11072
19.87 0.666187
19.97 0.182534
20.07 -0.0358954
20.17 0.272461
20.27 1.11549
20.37 2.102
20.47 3.20031
20.57 4.10795
20.67 4.29855
20.77 4.05642
20.87 3.60514
20.97 2.94166
21.07 1.9554
21.17 0.583767
21.27 -1.35021
21.37 -3.5129
21.47 -5.67774
21.57 -7.70667
21.67 -9.16446
21.77 -9.6486
21.87 -8.96358
21.97 -6.8667
22.07 -3.41125
22.17 1.02783
22.27 5.87743
22.37 10.3351
22.47 13.5748
22.57 15.3195
22.67 15.3057
22.77 13.5413
22.87 10.3675
22.97 6.40466
23.07 2.32571
23.17 -1.80982
23.27 -5.65793
23.37 -9.15343
23.47 -12.0479
23.57 -13.7513
23.67 -14.1852
23.77 -12.8797
23.87 -9.97297
23.97 -6.1292
24.07 -1.82886
24.17 2.95568
24.27 8.33141
24.37 13.7184
24.47 18.1585
24.57 20.0658
24.67 18.1664
24.77 11.279
24.87 -2.39052
24.97 -23.939
25.07 -50.9763
25.17 -75.841
25.27 -88.8561
25.37 -85.5181
25.47 -64.7042
25.57 -24.5061
25.67 33.1074
25.77 101.091
25.87 163.117
25.97 201.505
26.07 209.292
26.17 179.162
26.27 94.5108
26.37 -32.8068
26.47 -154.24
26.57 -230.041
26.67 -252.195
26.77 -241.029
26.87 -202.513
26.97 -145.853
27.07 -87.7956
27.17 -41.2753
27.27 -7.71693
27.37 17.3174
27.47 37.453
27.57 55.9732
27.67 76.0412
27.77 98.9589
27.87 122.931
27.97 142.482
28.07 150.656
28.17 143.758
28.27 122.328
28.37 91.7928
28.47 59.167
28.57 28.7983
28.67 0.387629
28.77 -27.9013
28.87 -57.0719
28.97 -86.4156
29.07 -112.106
29.17 -128.927
29.27 -133.775
29.37 -126.037
29.47 -108.583
29.57 -87.6291
29.67 -69.0259
29.77 -54.8372
29.87 -43.9828
29.97 -33.9147
30.07 -21.7977
30.17 -6.04592
30.27 14.891
30.37 40.7404
30.47 68.027
30.57 91.4087
30.67 107.28
30.77 113.68
30.87 111.078
30.97 101.245
31.07 87.0307
31.17 71.0478
31.27 54.3551
31.37 36.4227
31.47 17.0601
31.57 -3.46935
31.67 -23.0445
31.77 -39.2129
31.87 -50.3496
31.97 -56.8909
32.07 -60.4146
32.17 -62.6668
32.27 -65.1361
32.37 -67.8783
32.47 -70.0091
32.57 -69.9482
32.67 -65.777
32.77 -57.3241
32.87 -46.0766
32.97 -34.2684
33.07 -23.1639
33.17 -13.1361
33.27 -4.11545
33.37 4.12168
33.47 12.1447
33.57 19.7955
33.67 27.0023
33.77 33.3451
33.87 38.1151
33.97 41.3989
34.07 44.0758
34.17 46.6262
34.27 49.2157
34.37 51.8269
34.47 53.5004
34.57 53.3759
34.67 50.9784
34.77 46.0894
34.87 38.9886
34.97 30.3909
35.07 21.1767
35.17 11.5616
35.27 1.26948
35.37 -9.06032
35.47 -18.8275
35.57 -27.8521
35.67 -35.3741
35.77 -40.2816
35.87 -42.8981
35.97 -44.4393
36.07 -46.2158
36.17 -48.272
36.27 -50.4169
36.37 -52.0161
36.47 -52.3491
36.57 -50.6348
36.67 -47.0299
36.77 -41.5733
36.87 -34.801
36.97 -27.3683
37.07 -19.9174
37.17 -12.5023
37.27 -5.35762
37.37 1.3097
37.47 7.86125
37.57 14.7049
37.67 22.0272
37.77 29.326
37.87 35.7884
37.97 41.173
38.07 45.2773
38.17 48.0731
38.27 50.0414
38.37 51.412
38.47 51.6802
38.57 50.7161
38.67 48.5889
38.77 45.6361
38.87 41.4472
38.97 35.5961
39.07 28.2647
39.17 19.8498
39.27 11.2878
39.37 3.39102
39.47 -3.55631
39.57 -10.0603
39.67 -16.2685
39.77 -21.9817
39.87 -27.3075
39.97 -32.3881
40.07 -37.1057
40.17 -41.1684
40.27 -44.4482
40.37 -46.808
40.47 -47.887
40.57 -47.4934
40.67 -45.894
40.77 -43.8936
40.87 -41.8846
40.97 -39.515
41.07 -36.6877
41.17 -33.5931
41.27 -30.0919
41.37 -25.3604
41.47 -19.3624
41.57 -12.4899
41.67 -5.11013
41.77 2.06237
41.87 8.73164
41.97 14.8686
42.07 20.6283
42.17 25.8319
42.27 30.4359
42.37 34.3045
42.47 37.5696
42.57 40.5613
42.67 43.1882
42.77 45.1793
42.87 46.2535
42.97 46.0275
43.07 44.246
43.17 41.3266
43.27 38.1889
43.37 35.1347
43.47 31.7151
43.57 27.8183
43.67 23.5962
43.77 19.0317
43.87 13.9309
43.97 8.29465
44.07 1.84074
44.17 -5.20998
44.27 -12.3531
44.37 -18.9661
44.47 -24.5211
44.57 -28.7799
44.67 -32.3528
44.77 -35.8133
44.87 -39.2027
44.97 -41.7725
45.07 -43.2063
45.17 -43.39
45.27 -42.52
45.37 -40.6382
45.47 -37.8192
45.57 -34.594
45.67 -31.6218
45.77 -29.0416
45.87 -26.5492
45.97 -23.7856
46.07 -20.1702
46.17 -15.2234
46.27 -9.65465
46.37 -4.24429
46.47 0.384983
46.57 4.43182
46.67 7.95563
46.77 10.7943
46.87 13.2726
46.97 15.9386
47.07 19.0559
47.17 22.5364
47.27 26.321
47.37 30.2044
47.47 33.6114
47.57 36.0467
47.67 37.271
47.77 37.1965
47.87 36.3272
47.97 35.3835
48.07 34.343
48.17 32.9264
48.27 30.5744
48.37 27.1654
48.47 22.7838
48.57 18.0714
48.67 13.6338
48.77 9.51898
48.87 5.97398
48.97 2.97303
49.07 0.137112
49.17 -2.92533
49.27 -6.35087
49.37 -10.1749
49.47 -14.0095
49.57 -17.4067
49.67 -20.5471
49.77 -23.504
49.87 -26.1126
49.97 -28.0755
50.07 -29.1901
50.17 -30.1138
50.27 -31.0602
50.37 -32.0404
50.47 -33.2364
50.57 -34.0037
50.67 -33.795
50.77 -31.975
50.87 -28.9121
50.97 -25.1536
51.07 -21.2028
51.17 -17.0887
51.27 -12.9793
51.37 -9.24371
51.47 -5.99474
51.57 -2.86616
51.67 0.660111
51.77 4.68687
51.87 9.03574
51.97 13.2701
52.07 16.994
52.17 19.9361
52.27 22.0092
52.37 23.3056
52.47 24.0693
52.57 24.8216
52.67 25.7029
52.77 26.6686
52.87 27.6569
52.97 28.1836
53.07 27.6217
53.17 26.3732
53.27 24.6128
53.37 22.446
53.47 20.3462
53.57 18.722
53.67 17.3053
53.77 15.6898
53.87 13.9111
53.97 11.5996
54.07 9.17522
54.17 6.94957
54.27 4.42917
54.37 1.43344
54.47 -1.71559
54.57 -4.90937
54.67 -8.28762
54.77 -11.6461
54.87 -14.7981
54.97 -17.7905
55.07 -20.7066
55.17 -23.0078
55.27 -24.3816
55.37 -24.9628
55.47 -25.2158
55.57 -25.5594
55.67 -25.9071
55.77 -25.6719
55.87 -24.8813
55.97 -23.4198
56.07 -21.5092
56.17 -19.5886
56.27 -17.7902
56.37 -15.7519
56.47 -13.5931
56.57 -11.4851
56.67 -9.33474
56.77 -6.99062
56.87 -4.30885
56.97 -1.26547
57.07 2.14857
57.17 5.87803
57.27 9.52023
57.37 12.8258
57.47 15.5794
57.57 17.6996
57.67 19.2344
57.77 19.8711
57.87 19.9118
57.97 20.0817
58.07 20.5907
58.17 21.0168
58.27 20.9599
58.37 20.5723
58.47 20.1381
58.57 19.6905
58.67 19.3269
58.77 18.9381
58.87 18.3297
58.97 17.4964
59.07 16.4493
59.17 14.9627
59.27 13.1211
59.37 10.8636
59.47 7.91028
59.57 4.41134
59.67 0.785043
59.77 -2.74274
59.87 -6.20154
59.97 -8.88681
60.07 -10.7167
60.17 -12.0853
60.27 -13.1663
60.37 -13.952
60.47 -14.6118
60.57 -15.3888
60.67 -16.0017
60.77 -16.6217
60.87 -17.3368
60.97 -17.8592
61.07 -18.0132
61.17 -17.5838
61.27 -16.6523
61.37 -15.5091
61.47 -14.2467
61.57 -12.8298
61.67 -11.4698
61.77 -10.3595
61.87 -9.4419
61.97 -8.44221
62.07 -7.19104
62.17 -5.84231
62.27 -4.24245
62.37 -2.07447
62.47 0.330866
62.57 2.56722
62.67 4.59164
62.77 6.36015
62.87 7.71876
62.97 8.68728
63.07 9.49941
63.17 10.5126
63.27 11.8921
63.37 13.4564
63.47 15.1155
63.57 16.5749
63.67 17.8502
63.77 18.401
63.87 17.9952
63.97 17.1206
64.07 16.1585
64.17 15.1143
64.27 13.8869
64.37 12.384
64.47 10.7027
64.57 9.14026
64.67 7.97881
64.77 7.02873
64.87 6.04079
64.97 4.74519
65.07 3.24883
65.17 1.58152
65.27 0.162604
65.37 -0.921895
65.47 -1.62124
65.57 -2.0918
65.67 -2.68363
65.77 -3.49978
65.87 -4.43426
65.97 -4.81677
66.07 -4.80629
66.17 -5.17776
66.27 -6.69878
66.37 -9.48537
66.47 -13.4186
66.57 -17.2614
66.67 -20.0567
66.77 -21.9962
66.87 -23.277
66.97 -23.8323
67.07 -22.8886
67.17 -20.5097
67.27 -17.3983
67.37 -13.8427
67.47 -10.4311
67.57 -7.00479
67.67 -3.3496
67.77 0.902976
67.87 5.39203
67.97 9.71331
68.07 13.5155
68.17 16.615
68.27 18.2741
68.37 18.4256
68.47 17.4502
68.57 15.965
68.67 13.877
68.77 11.2236
68.87 8.25579
68.97 5.06889
69.07 1.61744
69.17 -1.45139
69.27 -3.37035
69.37 -4.00152
69.47 -3.21874
69.57 -0.937474
69.67 2.36047
69.77 5.77411
69.87 8.79496
69.97 10.8441
70.07 11.664
70.17 11.4267
70.27 10.7104
70.37 9.99666
70.47 9.80782
70.57 9.75834
70.67 9.33431
70.77 8.35756
70.87 6.61752
70.97 4.68558
71.07 3.07781
71.17 1.9474
71.27 0.771412
71.37 -0.521506
71.47 -1.95987
71.57 -3.53436
71.67 -5.07099
71.77 -6.75859
71.87 -8.7101
71.97 -10.7265
72.07 -12.3349
72.17 -13.4033
72.27 -14.18
72.37 -14.524
72.47 -14.3381
72.57 -13.6946
72.67 -12.8619
72.77 -12.2552
72.87 -11.79
72.97 -11.5602
73.07 -11.3268
73.17 -10.4268
73.27 -8.27971
73.37 -5.22311
73.47 -2.11557
73.57 0.589076
73.67 2.92575
73.77 4.50056
73.87 5.62482
73.97 6.81922
74.07 7.88469
74.17 8.66797
74.27 9.19804
74.37 9.50568
74.47 9.96256
74.57 10.5716
74.67 11.0823
74.77 11.4865
74.87 11.8065
74.97 11.9757
75.07 11.8628
75.17 10.9122
75.27 9.58486
75.37 8.30096
75.47 7.25643
75.57 6.51478
75.67 5.88356
75.77 5.49709
75.87 5.03838
75.97 4.82664
76.07 4.4965
76.17 3.67385
76.27 2.54957
76.37 1.22323
76.47 -0.938776
76.57 -3.22388
76.67 -4.92336
76.77 -6.01112
76.87 -6.66445
76.97 -7.12205
77.07 -7.23412
77.17 -7.55004
77.27 -8.07883
77.37 -8.88244
77.47 -9.52335
77.57 -9.54786
77.67 -8.99423
77.77 -7.66924
77.87 -5.85181
77.97 -4.41883
78.07 -3.18783
78.17 -1.93545
78.27 -0.756034
78.37 -0.111971
78.47 0.0493181
78.57 0.266059
78.67 0.668002
78.77 0.616031
78.87 0.0749105
78.97 -0.141979
79.07 0.250722
79.17 0.84357
79.27 1.50215
79.37 2.03021
79.47 2.46913
79.57 2.95499
79.67 3.23337
79.77 3.13838
79.87 3.06552
79.97 3.08896
80.07 3.55804
80.17 4.00509
80.27 4.39765
80.37 4.39913
80.47 4.34313
80.57 4.49582
80.67 4.85445
80.77 4.9792
80.87 5.10816
80.97 4.80316
81.07 3.89061
81.17 2.91133
81.27 2.15734
81.37 1.3888
81.47 0.75512
81.57 0.0125072
81.67 -0.72596
81.77 -1.00599
81.87 -1.17508
81.97 -1.21451
82.07 -1.23998
82.17 -1.01812
82.27 -0.829034
82.37 -0.845342
82.47 -0.748892
82.57 -0.404086
82.67 0.114468
82.77 0.788061
82.87 1.27966
82.97 1.44493
83.07 1.65655
83.17 1.70832
83.27 1.03128
83.37 -0.0452109
83.47 -1.51248
83.57 -3.06758
83.67 -4.26053
83.77 -4.46266
83.87 -4.02154
83.97 -3.12459
84.07 -2.18808
84.17 -1.35504
84.27 -0.591761
84.37 0.558783
84.47 1.38935
84.57 1.87327
84.67 1.94048
84.77 2.09848
84.87 1.97265
84.97 1.93696
85.07 1.76191
85.17 1.59634
85.27 1.45036
85.37 1.22431
85.47 0.760878
85.57 0.631648
85.67 0.649345
85.77 0.539389
85.87 0.343397
85.97 0.201836
86.07 -0.0776144
86.17 -0.211602
86.27 -0.0642445
86.37 0.234338
86.47 0.537362
86.57 0.46589
86.67 0.229657
86.77 0.0708817
86.87 0.21409
86.97 0.337392
87.07 0.888275
87.17 1.68684
87.27 2.39096
87.37 2.81732
87.47 2.83349
87.57 2.62862
87.67 2.0102
87.77 1.23966
87.87 0.255046
87.97 -0.424517
88.07 -1.09646
88.17 -1.34941
88.27 -0.869483
88.37 0.148158
88.47 1.19956
88.57 2.04576
88.67 2.21945
88.77 1.7686
88.87 1.15202
88.97 0.507688
89.07 -0.0849026
89.17 -0.445961
89.27 -0.558384
89.37 -0.507844
89.47 0.0166079
89.57 0.623522
89.67 0.729395
89.77 0.27706
89.87 -0.232179
89.97 -0.867797
90.07 -1.20062
90.17 -1.33309
90.27 -1.37257
90.37 -1.34114
90.47 -1.50262
90.57 -1.37148
90.67 -1.17405
90.77 -1.16805
90.87 -1.01849
90.97 -0.845984
91.07 -0.662543
91.17 -0.137692
91.27 0.712792
91.37 1.72346
91.47 2.02564
91.57 2.05461
91.67 1.64606
91.77 0.896975
91.87 0.205057
91.97 -0.222288
92.07 -0.381379
92.17 -0.605759
92.27 -0.762993
92.37 -0.957675
92.47 -0.964683
92.57 -0.53755
92.67 -0.342834
92.77 -0.218878
92.87 -0.135435
92.97 0.250359
93.07 0.45285
93.17 0.587063
93.27 0.73331
93.37 0.581613
93.47 0.351963
93.57 0.191496
93.67 0.223902
93.77 0.174226
93.87 0.453288
93.97 0.90597
94.07 1.33938
94.17 1.86305
94.27 2.298
94.37 2.60287
94.47 2.76339
94.57 2.62976
94.67 2.45408
94.77 1.96651
94.87 1.1795
94.97 0.2116
95.07 -0.857595
95.17 -1.70191
95.27 -2.36916
95.37 -2.73401
95.47 -2.78684
95.57 -2.4036
95.67 -2.13829
95.77 -1.91144
95.87 -1.49559
95.97 -1.16765
96.07 -0.77167
96.17 -0.0781696
96.27 0.396074
96.37 0.721843
96.47 0.94934
96.57 1.06589
96.67 1.15987
96.77 1.23579
96.87 1.08637
96.97 0.862494
97.07 0.453623
97.17 -0.146499
97.27 -0.638493
97.37 -0.933516
97.47 -1.16212
97.57 -0.992722
97.67 -0.733965
97.77 -0.469056
97.87 0.0489301
97.97 0.531029
98.07 0.928639
98.17 1.34334
98.27 1.48913
98.37 1.37302
98.47 1.10219
98.57 0.724527
98.67 0.305311
98.77 -0.10817
98.87 -0.374501
98.97 -0.366356
99.07 0.119766
99.17 0.368359
99.27 0.649474
99.37 0.805402
99.47 0.903439
99.57 0.821534
99.67 0.767601
99.77 0.750464
99.87 0.894875
99.97 0.963676
100.07 0.864344
100.17 0.77836
100.27 0.658053
100.37 0.476456
100.47 0.310345
100.57 0.233821
100.67 0.174371
100.77 0.109701
