-4.27 1.23853
-4.17 1.59727
-4.07 1.32735
-3.97 0.88571
-3.87 0.732594
-3.77 0.842606
-3.67 0.799136
-3.57 0.607425
-3.47 0.542286
-3.37 0.696564
-3.27 0.801875
-3.17 0.759051
-3.07 0.778818
-2.97 0.448684
-2.87 -0.205895
-2.77 -0.869717
-2.67 -1.30158
-2.57 -1.57415
-2.47 -1.61143
-2.37 -1.07625
-2.27 -0.495742
-2.17 0.232193
-2.07 1.29962
-1.97 1.75015
-1.87 1.73968
-1.77 1.16332
-1.67 0.713916
-1.57 0.436224
-1.47 0.0880123
-1.37 -0.0197861
-1.27 0.223265
-1.17 0.868807
-1.07 1.52814
-0.97 2.23489
-0.87 2.89683
-0.77 3.11473
-0.67 2.59295
-0.57 1.76734
-0.47 0.752689
-0.37 -0.31125
-0.27 -1.19828
-0.17 -1.8645
-0.07 -2.58675
0.03 -2.97957
0.13 -3.12454
0.23 -2.83399
0.33 -2.35302
0.43 -1.19757
0.53 0.0478788
0.63 1.16175
0.73 1.4133
0.83 1.90083
0.93 2.56267
1.03 3.15518
1.13 2.89383
1.23 2.13365
1.33 1.41329
1.43 1.06244
1.53 1.15401
1.63 1.31085
1.73 1.66398
1.83 1.97136
1.93 2.13673
2.03 1.96278
2.13 1.69563
2.23 1.42695
2.33 0.978312
2.43 -0.0869998
2.53 -1.62041
2.63 -3.20088
2.73 -4.15787
2.83 -4.4733
2.93 -4.32845
3.03 -3.56788
3.13 -2.45981
3.23 -0.637891
3.33 1.14118
3.43 2.07478
3.53 2.52332
3.63 2.27234
3.73 1.62299
3.83 1.07442
3.93 0.659036
4.03 0.439725
4.13 0.429085
4.23 0.817498
4.33 1.38483
4.43 2.07099
4.53 2.87445
4.63 3.60532
4.73 3.83086
4.83 3.39287
4.93 2.45014
5.03 1.40826
5.13 0.453855
5.23 -0.407746
5.33 -1.04129
5.43 -1.40961
5.53 -1.50353
5.63 -1.52476
5.73 -1.09246
5.83 -0.433998
5.93 0.0751044
6.03 0.417385
6.13 0.607941
6.23 0.832868
6.33 1.22073
6.43 1.62659
6.53 1.83697
6.63 2.23155
6.73 3.02606
6.83 3.62749
6.93 3.44861
7.03 2.44726
7.13 1.0025
7.23 -0.274771
7.33 -1.16489
7.43 -1.87106
7.53 -2.45358
7.63 -2.81896
7.73 -2.93157
7.83 -2.48357
7.93 -1.47514
8.03 -0.393256
8.13 0.263105
8.23 0.314635
8.33 0.250127
8.43 0.6606
8.53 1.03507
8.63 1.25412
8.73 1.52052
8.83 1.96265
8.93 2.75042
9.03 3.5708
9.13 4.00712
9.23 4.03164
9.33 3.51218
9.43 2.41673
9.53 1.22797
9.63 0.461709
9.73 -0.124917
9.83 -0.826191
9.93 -1.38981
10.03 -1.5587
10.13 -1.38665
10.23 -0.953891
10.33 -0.585188
10.43 -0.504966
10.53 -0.58158
10.63 -0.714179
10.73 -0.823164
10.83 -0.528237
10.93 -0.0187033
11.03 0.50794
11.13 1.07651
11.23 1.68764
11.33 1.80036
11.43 1.36765
11.53 0.569709
11.63 0.068839
11.73 0.481465
11.83 1.10385
11.93 1.3787
12.03 1.4108
12.13 1.60706
12.23 2.01013
12.33 2.26573
12.43 1.93829
12.53 1.4716
12.63 1.36423
12.73 1.59562
12.83 1.47848
12.93 1.24667
13.03 1.22675
13.13 1.67723
13.23 2.2972
13.33 2.76641
13.43 2.71634
13.53 1.68646
13.63 -0.263896
13.73 -2.67892
13.83 -5.48432
13.93 -8.49621
14.03 -10.8445
14.13 -11.8504
14.23 -11.1721
14.33 -8.97557
14.43 -5.10493
14.53 0.060362
14.63 5.652
14.73 10.8521
14.83 15.158
14.93 18.082
15.03 19.0636
15.13 17.9504
15.23 15.1148
15.33 10.806
15.43 5.5791
15.53 -0.128483
15.63 -5.80752
15.73 -10.603
15.83 -14.2103
15.93 -16.7248
16.03 -18.0345
16.13 -17.9669
16.23 -16.0506
16.33 -12.2683
16.43 -6.59078
16.53 1.04354
16.63 10.509
16.73 21.2523
16.83 30.7654
16.93 35.8751
17.03 33.8063
17.13 22.9637
17.23 2.33515
17.33 -27.4347
17.43 -62.5197
17.53 -93.9519
17.63 -110.822
17.73 -106.474
17.83 -80.9814
17.93 -34.1405
18.03 29.8027
18.13 101.514
18.23 164.322
18.33 202.425
18.43 211.926
18.53 183.309
18.63 99.7499
18.73 -22.2938
18.83 -136.477
18.93 -206.111
19.03 -228.935
19.13 -218.585
19.23 -182.227
19.33 -128.078
19.43 -73.9815
19.53 -33.8337
19.63 -9.41096
19.73 4.65013
19.83 12.6667
19.93 20.8082
20.03 34.8815
20.13 57.2942
20.23 86.3504
20.33 116.427
20.43 138.489
20.53 146.482
20.63 139.398
20.73 119.609
20.83 90.9511
20.93 58.0915
21.03 24.5358
21.13 -9.18738
21.23 -42.8434
21.33 -75.3855
21.43 -102.977
21.53 -121.068
21.63 -126.937
21.73 -120.109
21.83 -103.602
21.93 -84.0551
22.03 -67.8025
22.13 -56.843
22.23 -50.1979
22.33 -44.8549
22.43 -36.9665
22.53 -23.7421
22.63 -4.40876
22.73 20.522
22.83 48.4738
22.93 74.726
23.03 94.5013
23.13 106.48
23.23 111.454
23.33 110.152
23.43 104.313
23.53 95.5474
23.63 84.1534
23.73 69.5853
23.83 50.9192
23.93 27.8645
24.03 1.35374
24.13 -25.8884
24.23 -50.3667
24.33 -70.4103
24.43 -85.2726
24.53 -95.7535
24.63 -101.417
24.73 -101.887
24.83 -97.0831
24.93 -87.323
25.03 -73.3974
25.13 -57.0591
25.23 -40.1386
25.33 -24.6778
25.43 -12.5331
25.53 -3.79909
25.63 2.7869
25.73 8.86448
25.83 15.6126
25.93 23.6927
26.03 32.4182
26.13 40.5333
26.23 47.1185
26.33 51.6662
26.43 54.3348
26.53 55.8304
26.63 56.7404
26.73 56.9923
26.83 55.638
26.93 52.0192
27.03 46.208
27.13 38.5112
27.23 30.0098
27.33 21.3838
27.43 13.1528
27.53 5.38757
27.63 -2.37911
27.73 -10.4745
27.83 -18.9362
27.93 -27.1345
28.03 -33.9836
28.13 -38.9142
28.23 -41.783
28.33 -43.0207
28.43 -43.6822
28.53 -44.643
28.63 -46.5883
28.73 -49.2281
28.83 -51.2181
28.93 -51.1661
29.03 -48.0419
29.13 -42.3355
29.23 -35.0056
29.33 -27.2163
29.43 -20.2155
29.53 -14.0813
29.63 -8.33147
29.73 -2.39636
29.83 4.28866
29.93 11.7914
30.03 19.6836
30.13 27.5513
30.23 34.7295
30.33 41.0488
30.43 46.2108
30.53 50.4039
30.63 53.4441
30.73 54.9176
30.83 54.7123
30.93 53.082
31.03 49.9356
31.13 45.7072
31.23 41.1899
31.33 36.4894
31.43 31.2035
31.53 24.9129
31.63 17.7823
31.73 10.1673
31.83 2.48639
31.93 -4.96685
32.03 -11.8864
32.13 -18.0729
32.23 -23.448
32.33 -28.3583
32.43 -33.1361
32.53 -37.8334
32.63 -42.3456
32.73 -45.9118
32.83 -48.4823
32.93 -50.0921
33.03 -50.6936
33.13 -50.1093
33.23 -48.3671
33.33 -45.8942
33.43 -43.0013
33.53 -39.7439
33.63 -35.4771
33.73 -30.2775
33.83 -24.2669
33.93 -17.3523
34.03 -9.94573
34.13 -2.70835
34.23 4.1361
34.33 10.6588
34.43 16.908
34.53 23.0409
34.63 29.0223
34.73 34.3887
34.83 38.7998
34.93 42.2834
35.03 44.9426
35.13 46.8175
35.23 48.003
35.33 48.3127
35.43 47.6039
35.53 46.2732
35.63 44.6381
35.73 42.4496
35.83 39.5688
35.93 36.1166
36.03 31.5491
36.13 26.003
36.23 20.144
36.33 13.5944
36.43 6.2065
36.53 -1.6573
36.63 -9.34563
36.73 -16.2081
36.83 -21.8954
36.93 -26.263
37.03 -29.7711
37.13 -33.0183
37.23 -36.29
37.33 -39.3822
37.43 -42.0052
37.53 -43.763
37.63 -44.7464
37.73 -45.2793
37.83 -45.0631
37.93 -43.6429
38.03 -40.9652
38.13 -37.3842
38.23 -32.8479
38.33 -27.4643
38.43 -21.8014
38.53 -16.3883
38.63 -11.8926
38.73 -8.20808
38.83 -5.12369
38.93 -2.49405
39.03 0.453886
39.13 4.05085
39.23 8.30309
39.33 13.1434
39.43 18.3044
39.53 23.6176
39.63 28.8195
39.73 33.4528
39.83 36.6428
39.93 38.3217
40.03 38.8961
40.13 38.6591
40.23 37.79
40.33 36.4828
40.43 35.2753
40.53 34.318
40.63 33.3004
40.73 32.4091
40.83 30.9663
40.93 28.213
41.03 24.3607
41.13 19.9183
41.23 14.9612
41.33 9.4982
41.43 3.84906
41.53 -1.47593
41.63 -5.89476
41.73 -9.57076
41.83 -13.1264
41.93 -16.829
42.03 -20.7243
42.13 -24.541
42.23 -28.2649
42.33 -32.0274
42.43 -35.176
42.53 -37.5545
42.63 -38.7204
42.73 -38.3646
42.83 -36.9634
42.93 -34.9311
43.03 -32.5908
43.13 -30.1172
43.23 -27.3979
43.33 -24.5828
43.43 -21.5628
43.53 -18.6961
43.63 -16.1024
43.73 -13.6495
43.83 -11.0145
43.93 -7.35936
44.03 -2.65026
44.13 2.32743
44.23 6.96407
44.33 10.8675
44.43 14.0349
44.53 16.8086
44.63 19.2095
44.73 21.2128
44.83 22.6717
44.93 23.9208
45.03 25.2397
45.13 26.6675
45.23 28.047
45.33 29.2934
45.43 30.2589
45.53 30.4487
45.63 30.1813
45.73 29.3913
45.83 27.951
45.93 26.2878
46.03 24.1406
46.13 21.401
46.23 18.3335
46.33 15.3263
46.43 12.3775
46.53 9.01345
46.63 5.45302
46.73 2.03423
46.83 -1.39015
46.93 -4.78641
47.03 -8.54093
47.13 -12.4163
47.23 -15.8611
47.33 -18.8009
47.43 -21.2978
47.53 -23.4552
47.63 -25.0351
47.73 -25.6908
47.83 -25.6235
47.93 -25.5456
48.03 -25.7495
48.13 -26.2339
48.23 -26.6667
48.33 -26.4021
48.43 -25.3541
48.53 -23.8573
48.63 -21.8079
48.73 -19.4973
48.83 -16.8264
48.93 -13.5197
49.03 -9.77775
49.13 -5.95962
49.23 -2.5731
49.33 0.251546
49.43 2.74788
49.53 4.78368
49.63 6.2797
49.73 7.685
49.83 9.45398
49.93 11.6303
50.03 14.0676
50.13 16.3743
50.23 18.7045
50.33 20.8024
50.43 22.0974
50.53 22.625
50.63 22.5906
50.73 22.228
50.83 21.9381
50.93 21.6759
51.03 21.4578
51.13 21.1953
51.23 20.4299
51.33 19.2519
51.43 17.7358
51.53 15.8757
51.63 13.6083
51.73 10.9749
51.83 8.40034
51.93 5.93593
52.03 3.35524
52.13 0.715577
52.23 -1.47085
52.33 -3.14315
52.43 -4.72742
52.53 -6.67961
52.63 -9.10251
52.73 -11.4905
52.83 -13.1808
52.93 -14.5329
53.03 -15.9515
53.13 -17.5158
53.23 -18.8209
53.33 -19.593
53.43 -19.9041
53.53 -20.1265
53.63 -20.2809
53.73 -19.8935
53.83 -18.5696
53.93 -16.8305
54.03 -15.0905
54.13 -13.6758
54.23 -12.3791
54.33 -10.6105
54.43 -8.37479
54.53 -5.95608
54.63 -3.67708
54.73 -1.60982
54.83 0.454261
54.93 2.26134
55.03 3.7359
55.13 5.43821
55.23 7.03685
55.33 8.50024
55.43 9.79327
55.53 11.0227
55.63 12.2623
55.73 13.322
55.83 14.0116
55.93 14.2812
56.03 14.4807
56.13 14.9075
56.23 15.3414
56.33 15.6376
56.43 16.0009
56.53 16.2899
56.63 16.0245
56.73 14.8227
56.83 13.0508
56.93 10.7369
57.03 8.31668
57.13 6.38763
57.23 5.33435
57.33 4.9554
57.43 5.04231
57.53 4.91287
57.63 4.56719
57.73 3.88605
57.83 2.95315
57.93 1.94111
58.03 0.601868
58.13 -1.51026
58.23 -4.04955
58.33 -6.17749
58.43 -7.68328
58.53 -8.83543
58.63 -10.2484
58.73 -11.8965
58.83 -14.1573
58.93 -16.9138
59.03 -19.3352
59.13 -20.9419
59.23 -21.9501
59.33 -22.548
59.43 -22.0729
59.53 -19.9593
59.63 -16.8423
59.73 -13.4177
59.83 -10.0374
59.93 -6.57368
60.03 -3.07459
60.13 0.289119
60.23 3.60859
60.33 6.92519
60.43 9.89971
60.53 12.2707
60.63 14.0182
60.73 15.0985
60.83 15.1538
60.93 14.504
61.03 13.4209
61.13 11.9108
61.23 10.1168
61.33 7.98886
61.43 5.48827
61.53 2.43847
61.63 -0.713058
61.73 -3.41902
61.83 -4.97626
61.93 -4.69682
62.03 -2.96464
62.13 -0.199032
62.23 3.05414
62.33 6.29832
62.43 8.44501
62.53 9.54901
62.63 10.3653
62.73 11.1407
62.83 12.129
62.93 13.115
63.03 13.8824
63.13 14.3083
63.23 14.2083
63.33 13.684
63.43 12.3598
63.53 9.87614
63.63 6.28611
63.73 2.73213
63.83 -0.260752
63.93 -2.91928
64.03 -5.53605
64.13 -7.95922
64.23 -10.1774
64.33 -12.2917
64.43 -14.3922
64.53 -16.2649
64.63 -17.6918
64.73 -18.5309
64.83 -19.1076
64.93 -19.4038
65.03 -19.2065
65.13 -18.3128
65.23 -16.9496
65.33 -15.3095
65.43 -13.6647
65.53 -11.6933
65.63 -8.61166
65.73 -4.80859
65.83 -1.0739
65.93 2.31287
66.03 4.75312
66.13 6.4163
66.23 7.96816
66.33 9.09278
66.43 9.74997
66.53 10.3628
66.63 10.9594
66.73 11.5766
66.83 11.8635
66.93 11.7483
67.03 11.638
67.13 11.6243
67.23 11.5943
67.33 11.556
67.43 11.2815
67.53 10.6903
67.63 10.0972
67.73 9.43452
67.83 8.40196
67.93 7.61622
68.03 7.07355
68.13 6.42841
68.23 5.08786
68.33 3.17106
68.43 0.982505
68.53 -0.791942
68.63 -1.97545
68.73 -3.01485
68.83 -4.05982
68.93 -5.21495
69.03 -6.41139
69.13 -7.29177
69.23 -7.78904
69.33 -8.17048
69.43 -8.53201
69.53 -8.37685
69.63 -7.61225
69.73 -6.55456
69.83 -5.60587
69.93 -4.98534
70.03 -4.83134
70.13 -4.71748
70.23 -4.09235
70.33 -3.02694
70.43 -2.13557
70.53 -1.42883
70.63 -0.918438
70.73 -0.869271
70.83 -0.827018
70.93 -0.585945
71.03 -0.0422986
71.13 0.605407
71.23 1.20172
71.33 1.59805
71.43 2.38757
71.53 3.31432
71.63 3.9533
71.73 4.00702
71.83 3.37445
71.93 3.03295
72.03 2.87959
72.13 2.98985
72.23 2.92211
72.33 3.03397
72.43 2.99369
72.53 2.83871
72.63 2.40582
72.73 1.66794
72.83 0.8255
72.93 0.17396
73.03 -0.303087
73.13 -0.938559
73.23 -1.34142
73.33 -1.32684
73.43 -1.00853
73.53 -0.530743
73.63 0.0612383
73.73 0.479384
73.83 0.652547
73.93 1.00741
74.03 1.76995
74.13 2.36556
74.23 2.70136
74.33 2.64112
74.43 2.67573
74.53 2.76349
74.63 2.58061
74.73 2.4101
74.83 2.13203
74.93 1.4719
75.03 0.568386
75.13 -0.386457
75.23 -0.983913
75.33 -1.66002
75.43 -2.09564
75.53 -2.30264
75.63 -2.03358
75.73 -1.38741
75.83 -0.723745
75.93 -0.365463
76.03 -0.122649
76.13 -0.0323721
76.23 -0.145779
76.33 -0.187694
76.43 -0.637699
76.53 -1.14438
76.63 -1.80952
76.73 -2.3472
76.83 -2.76689
76.93 -3.01868
77.03 -2.71923
77.13 -1.45209
77.23 -0.0998471
77.33 1.17743
77.43 1.78405
77.53 1.81862
77.63 1.99993
77.73 2.28736
77.83 2.47424
77.93 2.28392
78.03 2.02126
78.13 1.32945
78.23 0.794649
78.33 -0.164474
78.43 -1.27749
78.53 -2.44353
78.63 -3.39758
78.73 -3.75759
78.83 -3.38644
78.93 -2.54655
79.03 -1.67706
79.13 -0.706712
79.23 0.280363
79.33 1.17129
79.43 1.96686
79.53 2.23619
79.63 2.04311
79.73 1.56559
79.83 1.21184
79.93 1.31259
80.03 1.7226
80.13 2.47075
80.23 3.27913
80.33 3.77956
80.43 4.26099
80.53 4.75975
80.63 4.46405
80.73 2.97923
80.83 1.0514
80.93 -0.524198
81.03 -1.56713
81.13 -2.00456
81.23 -1.74032
81.33 -1.19259
81.43 -0.213033
81.53 0.58155
81.63 1.51968
81.73 2.01211
81.83 1.86632
81.93 1.35682
82.03 0.780617
82.13 0.290049
82.23 0.0160897
82.33 -0.267431
82.43 -0.560696
82.53 -0.486239
82.63 -0.54218
82.73 -0.662199
82.83 -1.05664
82.93 -1.32546
83.03 -1.68474
83.13 -1.58587
83.23 -1.85439
83.33 -2.01043
83.43 -2.37142
83.53 -2.54563
83.63 -2.65917
83.73 -3.04792
83.83 -3.15356
83.93 -3.00631
84.03 -2.58945
84.13 -2.34676
84.23 -2.06024
84.33 -1.68786
84.43 -1.24074
84.53 -0.665108
84.63 -0.0128614
84.73 0.268579
84.83 0.209034
84.93 0.115749
85.03 0.274103
85.13 0.965632
85.23 1.87787
85.33 2.99501
85.43 4.22226
85.53 5.2027
85.63 5.28063
85.73 5.29942
85.83 5.23966
85.93 4.90253
86.03 4.22777
86.13 3.57663
86.23 2.88124
86.33 2.47225
86.43 2.10949
86.53 1.54929
86.63 1.00614
86.73 0.128905
86.83 -0.664174
86.93 -1.53092
87.03 -2.05625
87.13 -2.0473
87.23 -1.70746
87.33 -1.31187
87.43 -0.848607
87.53 -0.276758
87.63 -0.154995
87.73 -0.259417
87.83 -0.409392
87.93 -0.2085
88.03 -0.281551
88.13 -0.49376
88.23 -0.83187
88.33 -0.989937
88.43 -0.924629
88.53 -1.0062
88.63 -1.02984
88.73 -0.999643
88.83 -0.901661
88.93 -0.875514
89.03 -0.270125
89.13 0.268562
89.23 0.619725
89.33 0.264824
89.43 -0.501857
89.53 -1.1331
89.63 -1.32804
89.73 -1.45869
89.83 -1.56549
89.93 -1.50409
90.03 -1.18953
90.13 -0.604974
90.23 -0.0724225
90.33 0.344874
90.43 0.360342
90.53 0.381032
90.63 0.357264
90.73 0.171886
90.83 0.0133958
90.93 -0.112974
91.03 -0.123726
91.13 0.328917
91.23 0.538413
91.33 0.62677
91.43 0.620829
91.53 0.702211
91.63 0.809985
91.73 0.982461
91.83 0.790227
91.93 0.693798
92.03 0.762114
92.13 1.0467
92.23 1.12554
92.33 1.38352
92.43 1.58768
92.53 1.78299
92.63 1.64561
92.73 1.50089
92.83 1.08956
92.93 0.705473
93.03 0.166732
93.13 -0.0521072
93.23 -0.160461
93.33 -0.357263
93.43 -0.521097
93.53 -0.734227
93.63 -0.618994
93.73 -0.529263
93.83 -0.725471
93.93 -1.02693
94.03 -1.35186
94.13 -1.15701
94.23 -0.992707
94.33 -0.809523
94.43 -0.612221
94.53 -0.59646
94.63 -0.868414
94.73 -0.941391
94.83 -0.654762
94.93 -0.199435
95.03 0.202878
95.13 0.534132
95.23 0.783158
95.33 0.713371
95.43 0.383598
95.53 0.212155
95.63 0.0557823
95.73 -0.0349188
95.83 0.0985046
95.93 0.100791
96.03 -0.0563681
96.13 -0.0683728
96.23 -0.142569
96.33 -0.181294
96.43 0.00220459
96.53 0.0134906
96.63 0.26855
96.73 0.561521
96.83 0.873976
96.93 1.08068
97.03 1.16782
97.13 1.05529
97.23 0.628453
97.33 0.371404
97.43 0.204594
97.53 0.0492869
97.63 -0.0419261
97.73 -0.134465
97.83 -0.167954
97.93 -0.122703
98.03 -0.191658
