-1.55 0.092622
-1.45 -0.267735
-1.35 -0.78311
-1.25 -1.36154
-1.15 -1.63659
-1.05 -2.02239
-0.95 -2.26997
-0.85 -2.17841
-0.75 -1.77734
-0.65 -0.954925
-0.55 0.13405
-0.45 0.975599
-0.35 1.72131
-0.25 2.05084
-0.15 2.14747
-0.05 2.24928
0.05 2.45314
0.15 2.73878
0.25 2.79475
0.35 2.80717
0.45 2.93661
0.55 2.8225
0.65 2.27705
0.75 1.46411
0.85 0.567958
0.95 -0.189178
1.05 -0.772841
1.15 -1.27073
1.25 -1.39601
1.35 -0.991147
1.45 -0.346018
1.55 0.35339
1.65 0.892036
1.75 0.989706
1.85 0.631773
1.95 0.313634
2.05 0.111759
2.15 0.247294
2.25 0.728009
2.35 1.14597
2.45 1.25665
2.55 1.27906
2.65 1.15086
2.75 0.76381
2.85 0.527177
2.95 0.301946
3.05 0.235835
3.15 0.233754
3.25 0.237448
3.35 0.0490881
3.45 0.207322
3.55 0.635254
3.65 0.866368
3.75 1.16043
3.85 1.45602
3.95 1.42091
4.05 1.23798
4.15 1.36567
4.25 2.2786
4.35 2.80228
4.45 2.71061
4.55 2.30422
4.65 1.2386
4.75 0.306274
4.85 -0.410392
4.95 -0.884524
5.05 -0.886987
5.15 -0.755416
5.25 -0.310313
5.35 0.0959099
5.45 0.643305
5.55 1.32232
5.65 1.15826
5.75 0.43696
5.85 -0.256084
5.95 -0.93868
6.05 -1.50331
6.15 -1.8844
6.25 -1.87893
6.35 -1.56312
6.45 -1.01753
6.55 -0.258744
6.65 0.650617
6.75 1.22026
6.85 1.61497
6.95 1.80431
7.05 2.13285
7.15 2.38801
7.25 2.63019
7.35 2.88856
7.45 3.11856
7.55 3.21308
7.65 2.76478
7.75 2.02311
7.85 1.42217
7.95 0.767747
8.05 -0.028616
8.15 -0.899457
8.25 -1.5321
8.35 -1.96096
8.45 -1.9583
8.55 -1.54197
8.65 -1.06297
8.75 -0.765824
8.85 -0.15877
8.95 0.664273
9.05 1.23353
9.15 1.40601
9.25 1.1576
9.35 0.844083
9.45 0.42411
9.55 0.0840624
9.65 -0.156652
9.75 -0.31383
9.85 -0.185917
9.95 0.530166
10.05 1.71151
10.15 3.107
10.25 3.87277
10.35 3.89808
10.45 3.61848
10.55 3.05437
10.65 2.35739
10.75 1.57794
10.85 0.644871
10.95 -0.138369
11.05 -0.47257
11.15 -0.605607
11.25 -0.489918
11.35 -0.257932
11.45 -0.020068
11.55 0.0995845
11.65 0.205799
11.75 0.424002
11.85 0.614054
11.95 0.432199
12.05 -0.118499
12.15 -0.767526
12.25 -0.952771
12.35 -0.829948
12.45 -0.832455
12.55 -1.04636
12.65 -0.996766
12.75 -0.705262
12.85 -0.299607
12.95 0.188619
13.05 0.652807
13.15 0.983887
13.25 1.18906
13.35 1.62547
13.45 1.84313
13.55 1.52091
13.65 0.810646
13.75 0.272362
13.85 0.204067
13.95 0.643498
14.05 1.28022
14.15 2.09478
14.25 2.99825
14.35 3.71285
14.45 3.98752
14.55 3.994
14.65 3.44144
14.75 2.27931
14.85 0.641656
14.95 -1.02109
15.05 -2.14279
15.15 -2.92498
15.25 -3.64015
15.35 -3.96618
15.45 -3.55217
15.55 -2.19679
15.65 0.0986457
15.75 2.86744
15.85 5.56795
15.95 7.49539
16.05 8.21095
16.15 7.74579
16.25 6.34979
16.35 4.19153
16.45 1.40032
16.55 -1.9667
16.65 -5.32561
16.75 -8.06178
16.85 -10.0459
16.95 -11.3819
17.05 -11.6106
17.15 -10.1954
17.25 -6.97752
17.35 -2.65651
17.45 1.84672
17.55 6.26948
17.65 9.90136
17.75 12.0323
17.85 12.7292
17.95 11.5605
18.05 8.79076
18.15 5.24882
18.25 2.19018
18.35 0.0694596
18.45 -0.990467
18.55 -1.31112
18.65 -1.20108
18.75 -0.970295
18.85 -1.27402
18.95 -1.82596
19.05 -2.05649
19.15 -2.20953
19.25 -2.58831
19.35 -3.02082
19.45 -3.15879
19.55 -2.83418
19.65 -2.23883
19.75 -1.29618
19.85 0.120128
19.95 2.09371
20.05 4.50757
20.15 6.94179
20.25 8.85773
20.35 9.85692
20.45 9.72765
20.55 8.73018
20.65 7.19633
20.75 4.64332
20.85 0.810609
20.95 -3.62696
21.05 -7.95612
21.15 -11.348
21.25 -13.4436
21.35 -14.2566
21.45 -13.6759
21.55 -11.1906
21.65 -7.08919
21.75 -1.91374
21.85 3.79052
21.95 9.46675
22.05 14.4382
22.15 18.0809
22.25 19.987
22.35 20.0555
22.45 18.104
22.55 13.9935
22.65 7.87386
22.75 0.636649
22.85 -7.37202
22.95 -14.7798
23.05 -20.468
23.15 -23.5844
23.25 -23.6752
23.35 -20.5491
23.45 -14.704
23.55 -7.14667
23.65 1.33869
23.75 10.1767
23.85 19.1109
23.95 27.5679
24.05 33.8828
24.15 35.7131
24.25 31.1529
24.35 18.3123
24.45 -3.60649
24.55 -35.3614
24.65 -72.2794
24.75 -104.156
24.85 -120.069
24.95 -114.786
25.05 -88.6104
25.15 -41.5487
25.25 22.803
25.35 96.2166
25.45 164.977
25.55 213.218
25.65 231.048
25.75 209.694
25.85 135.619
25.95 13.6089
26.05 -114.834
26.15 -205.602
26.25 -244.048
26.35 -241.965
26.45 -209.597
26.55 -156.523
26.65 -99.1323
26.75 -51.8893
26.85 -19.3364
26.95 2.49348
27.05 17.4899
27.15 30.5315
27.25 46.039
27.35 66.1489
27.45 89.9982
27.55 113.681
27.65 130.208
27.75 134.711
27.85 126.702
27.95 107.417
28.05 81.3894
28.15 53.0969
28.25 24.2922
28.35 -4.74706
28.45 -34.2364
28.55 -63.1541
28.65 -88.8001
28.75 -107.41
28.85 -116.014
28.95 -113.268
29.05 -101.004
29.15 -85.2843
29.25 -71.9552
29.35 -62.6849
29.45 -57.2145
29.55 -52.4056
29.65 -43.813
29.75 -29.5123
29.85 -8.5279
29.95 18.7821
30.05 49.4889
30.15 77.9862
30.25 98.8211
30.35 109.612
30.45 110.601
30.55 102.94
30.65 89.553
30.75 74.5597
30.85 59.6854
30.95 44.8058
31.05 29.1928
31.15 12.8513
31.25 -3.45139
31.35 -18.3172
31.45 -30.6345
31.55 -40.3753
31.65 -48.0558
31.75 -55.3316
31.85 -62.9489
31.95 -69.6164
32.05 -73.5196
32.15 -72.9123
32.25 -67.7526
32.35 -58.8715
32.45 -47.7579
32.55 -36.4542
32.65 -26.5596
32.75 -18.7263
32.85 -12.0294
32.95 -5.12454
33.05 2.88494
33.15 11.648
33.25 20.0312
33.35 26.6138
33.45 30.8418
33.55 33.4039
33.65 35.2827
33.75 37.2492
33.85 39.9708
33.95 43.6898
34.05 47.8247
34.15 51.1588
34.25 53.0103
34.35 53.0383
34.45 51.1416
34.55 47.3423
34.65 41.6979
34.75 33.9259
34.85 23.6524
34.95 10.6955
35.05 -3.86811
35.15 -18.6248
35.25 -32.4289
35.35 -43.8626
35.45 -51.5426
35.55 -56.0982
35.65 -58.5553
35.75 -59.4147
35.85 -59.2076
35.95 -57.8918
36.05 -54.7204
36.15 -49.0283
36.25 -41.5083
36.35 -33.7833
36.45 -27.0428
36.55 -21.9292
36.65 -18.1881
36.75 -15.2287
36.85 -11.9041
36.95 -7.95571
37.05 -2.97886
37.15 3.14416
37.25 9.98938
37.35 16.9684
37.45 23.4761
37.55 29.324
37.65 34.7674
37.75 40.0772
37.85 44.7967
37.95 48.5448
38.05 51.1042
38.15 51.7999
38.25 50.5822
38.35 48.0277
38.45 44.8248
38.55 41.3616
38.65 37.7809
38.75 33.5221
38.85 27.9934
38.95 21.1475
39.05 13.3127
39.15 5.30982
39.25 -2.36233
39.35 -9.76921
39.45 -17.0027
39.55 -23.735
39.65 -29.6338
39.75 -34.5388
39.85 -38.3866
39.95 -41.3476
40.05 -43.6494
40.15 -45.4522
40.25 -46.7632
40.35 -48.0773
40.45 -49.5123
40.55 -50.4943
40.65 -50.6083
40.75 -48.9196
40.85 -45.0891
40.95 -39.3708
41.05 -32.3762
41.15 -24.5027
41.25 -15.9057
41.35 -7.72427
41.45 -0.23957
41.55 6.5348
41.65 12.617
41.75 18.3566
41.85 23.6768
41.95 28.144
42.05 31.9753
42.15 34.9871
42.25 37.2195
42.35 39.3676
42.45 41.5484
42.55 43.3881
42.65 44.5242
42.75 45.0653
42.85 44.7516
42.95 43.6186
43.05 41.7016
43.15 38.9078
43.25 35.4418
43.35 32.0053
43.45 27.9474
43.55 22.7301
43.65 16.5593
43.75 10.0107
43.85 3.00996
43.95 -4.09463
44.05 -10.925
44.15 -17.045
44.25 -22.5172
44.35 -27.2444
44.45 -31.0648
44.55 -34.1639
44.65 -36.8705
44.75 -39.4442
44.85 -41.8777
44.95 -43.2014
45.05 -43.4614
45.15 -43.2468
45.25 -42.3188
45.35 -40.4699
45.45 -37.9323
45.55 -35.123
45.65 -32.2655
45.75 -28.757
45.85 -24.6482
45.95 -20.5243
46.05 -16.6493
46.15 -12.7014
46.25 -8.47654
46.35 -3.53649
46.45 2.3312
46.55 8.43734
46.65 14.4821
46.75 19.9164
46.85 24.7667
46.95 28.9183
47.05 32.1102
47.15 34.6418
47.25 36.8127
47.35 38.3212
47.45 39.1891
47.55 39.2049
47.65 38.0068
47.75 36.4048
47.85 34.6016
47.95 32.2739
48.05 29.5386
48.15 26.8843
48.25 24.1586
48.35 21.3528
48.45 18.5265
48.55 15.6021
48.65 12.5868
48.75 9.38156
48.85 5.83587
48.95 1.92734
49.05 -2.14042
49.15 -6.44657
49.25 -11.0922
49.35 -16.0853
49.45 -20.4925
49.55 -23.9259
49.65 -26.6315
49.75 -28.625
49.85 -30.3631
49.95 -31.4425
50.05 -31.8936
50.15 -32.0939
50.25 -32.6038
50.35 -33.306
50.45 -33.5072
50.55 -32.5886
50.65 -30.7574
50.75 -28.2654
50.85 -25.7169
50.95 -23.1447
51.05 -20.2543
51.15 -17.0059
51.25 -13.3157
51.35 -9.32863
51.45 -5.14326
51.55 -0.622267
51.65 4.17417
51.75 8.93908
51.85 13.062
51.95 16.4413
52.05 19.253
52.15 21.6265
52.25 23.3947
52.35 24.5956
52.45 25.4159
52.55 25.9381
52.65 26.5328
52.75 27.3054
52.85 27.7589
52.95 27.7056
53.05 27.6418
53.15 27.7252
53.25 27.8401
53.35 27.6124
53.45 26.467
53.55 24.5198
53.65 21.9631
53.75 18.7792
53.85 14.6993
53.95 10.4284
54.05 6.46969
54.15 2.96444
54.25 -0.00933316
54.35 -2.71662
54.45 -5.33984
54.55 -8.06556
54.65 -11.1898
54.75 -14.8616
54.85 -18.4046
54.95 -21.6816
55.05 -24.6152
55.15 -27.2638
55.25 -29.1138
55.35 -29.9549
55.45 -29.631
55.55 -28.4293
55.65 -26.8821
55.75 -25.3288
55.85 -23.6139
55.95 -21.8299
56.05 -19.993
56.15 -18.2282
56.25 -16.6734
56.35 -15.3247
56.45 -13.7364
56.55 -11.691
56.65 -8.87086
56.75 -5.45299
56.85 -1.93796
56.95 1.24822
57.05 4.00321
57.15 6.39602
57.25 8.90571
57.35 11.5748
57.45 14.1017
57.55 16.2562
57.65 18.0732
57.75 19.5494
57.85 21.1244
57.95 22.8277
58.05 24.0319
58.15 24.6267
58.25 24.9126
58.35 25.0458
58.45 24.5434
58.55 23.4628
58.65 22.288
58.75 20.9404
58.85 19.3765
58.95 17.5017
59.05 15.3946
59.15 12.993
59.25 10.0369
59.35 6.83336
59.45 3.61432
59.55 0.561745
59.65 -2.24441
59.75 -4.81434
59.85 -6.88696
59.95 -8.65315
60.05 -10.5786
60.15 -12.5941
60.25 -14.3496
60.35 -15.6668
60.45 -16.4177
60.55 -16.6013
60.65 -16.3976
60.75 -16.1412
60.85 -15.5475
60.95 -14.7296
61.05 -14.0854
61.15 -13.6379
61.25 -13.2862
61.35 -13.0386
61.45 -13.1171
61.55 -13.5486
61.65 -13.5489
61.75 -12.9667
61.85 -12.1253
61.95 -10.8734
62.05 -9.19397
62.15 -7.36631
62.25 -5.31214
62.35 -2.91695
62.45 -0.311838
62.55 2.1511
62.65 4.16666
62.75 5.70325
62.85 6.96388
62.95 8.27742
63.05 9.52474
63.15 10.6434
63.25 11.5124
63.35 12.0579
63.45 12.9223
63.55 14.6078
63.65 16.6848
63.75 18.2697
63.85 19.0945
63.95 19.3017
64.05 18.6486
64.15 17.5282
64.25 16.0221
64.35 13.757
64.45 10.9556
64.55 8.25862
64.65 6.1719
64.75 5.01683
64.85 4.33012
64.95 3.96576
65.05 3.77757
65.15 3.80067
65.25 3.84597
65.35 3.91029
65.45 3.53031
65.55 2.58932
65.65 1.09543
65.75 -0.619883
65.85 -2.58604
65.95 -4.60036
66.05 -6.72325
66.15 -8.97278
66.25 -11.7089
66.35 -14.8457
66.45 -17.9492
66.55 -20.5186
66.65 -22.3113
66.75 -23.4577
66.85 -23.3808
66.95 -22.113
67.05 -19.6517
67.15 -15.7829
67.25 -10.8326
67.35 -5.34914
67.45 0.115258
67.55 4.54801
67.65 7.80615
67.75 9.44153
67.85 9.41045
67.95 7.6567
68.05 4.81268
68.15 1.87574
68.25 -0.504385
68.35 -1.92598
68.45 -1.97246
68.55 -0.61004
68.65 1.59419
68.75 3.58795
68.85 4.94282
68.95 5.41443
69.05 5.0809
69.15 4.51481
69.25 4.07768
69.35 4.71648
69.45 6.47434
69.55 8.78851
69.65 11.1264
69.75 13.0051
69.85 14.2871
69.95 14.9939
70.05 14.9632
70.15 14.6156
70.25 14.2252
70.35 13.7388
70.45 13.1005
70.55 12.2907
70.65 11.2338
70.75 9.72984
70.85 7.88532
70.95 5.32082
71.05 1.99442
71.15 -1.62481
71.25 -4.81601
71.35 -7.34589
71.45 -9.06819
71.55 -10.4496
71.65 -11.9105
71.75 -13.2236
71.85 -14.1585
71.95 -14.6221
72.05 -14.3193
72.15 -13.3792
72.25 -11.8939
72.35 -10.1708
72.45 -8.81173
72.55 -7.98431
72.65 -7.4879
72.75 -7.33778
72.85 -7.42966
72.95 -7.37301
73.05 -6.82682
73.15 -5.86788
73.25 -4.35556
73.35 -2.4013
73.45 -0.482092
73.55 0.814121
73.65 2.05353
73.75 3.2389
73.85 4.45736
73.95 5.12798
74.05 5.19742
74.15 5.10308
74.25 5.14088
74.35 5.23179
74.45 5.72837
74.55 6.06569
74.65 6.42163
74.75 6.47933
74.85 6.73102
74.95 6.78914
75.05 6.64202
75.15 6.58657
75.25 7.15578
75.35 8.22624
75.45 9.31002
75.55 9.62442
75.65 9.45175
75.75 8.53614
75.85 6.70273
75.95 4.26209
76.05 1.97817
76.15 -0.0859884
76.25 -1.32764
76.35 -1.6557
76.45 -1.30935
76.55 -0.559168
76.65 0.281166
76.75 0.570829
76.85 0.229213
76.95 -0.295679
77.05 -0.982563
77.15 -1.43813
77.25 -2.0978
77.35 -2.80879
77.45 -3.43253
77.55 -3.64455
77.65 -3.7663
77.75 -3.83273
77.85 -4.05699
77.95 -4.12688
78.05 -4.01489
78.15 -3.84052
78.25 -3.557
78.35 -2.92206
78.45 -2.41214
78.55 -1.62384
78.65 -1.09866
78.75 -0.967548
78.85 -1.30319
78.95 -2.00514
79.05 -2.62324
79.15 -2.65461
79.25 -1.87083
79.35 -0.997404
79.45 0.0610297
79.55 1.33449
79.65 2.54441
79.75 3.5631
79.85 4.23006
79.95 4.41819
80.05 4.88706
80.15 5.08268
80.25 4.88958
80.35 4.03569
80.45 2.42433
80.55 0.941729
80.65 -0.203157
80.75 -1.03153
80.85 -0.848039
80.95 -0.184748
81.05 0.381248
81.15 0.985463
81.25 1.78262
81.35 2.57798
81.45 2.83285
81.55 2.76028
81.65 2.67866
81.75 3.16646
81.85 3.5336
81.95 3.77394
82.05 3.77411
82.15 3.6317
82.25 3.29181
82.35 2.61529
82.45 1.90518
82.55 1.55556
82.65 1.10406
82.75 0.357386
82.85 -0.490268
82.95 -1.13614
83.05 -1.48898
83.15 -1.55858
83.25 -1.85777
83.35 -1.90471
83.45 -1.55387
83.55 -0.919882
83.65 -0.334785
83.75 0.367971
83.85 0.566831
83.95 0.318185
84.05 -0.249404
84.15 -1.1141
84.25 -2.02307
84.35 -2.97426
84.45 -3.28362
84.55 -3.55193
84.65 -3.39938
84.75 -2.99272
84.85 -2.49355
84.95 -1.79292
85.05 -1.09604
85.15 -0.254289
85.25 0.431013
85.35 0.926919
85.45 0.967258
85.55 0.689752
85.65 0.64411
85.75 0.509252
85.85 0.446088
85.95 0.149972
86.05 -0.161829
86.15 -0.253324
86.25 -0.274696
86.35 -0.535143
86.45 -0.737857
86.55 -0.568688
86.65 -0.158692
86.75 0.39792
86.85 1.02276
86.95 1.53854
87.05 1.81642
87.15 1.76561
87.25 1.69808
87.35 1.72942
87.45 1.64984
87.55 1.61383
87.65 1.76771
87.75 2.17705
87.85 2.61588
87.95 3.31864
88.05 3.82803
88.15 3.88577
88.25 3.18169
88.35 2.22712
88.45 1.45867
88.55 0.587345
88.65 -0.216462
88.75 -0.806009
88.85 -0.9514
88.95 -0.601859
89.05 0.223255
89.15 1.01501
89.25 1.32294
89.35 0.977684
89.45 -0.0753893
89.55 -0.875433
89.65 -1.33617
89.75 -1.45138
89.85 -1.39606
89.95 -1.27813
90.05 -1.20182
90.15 -1.15181
90.25 -1.1506
90.35 -1.42134
90.45 -1.58266
90.55 -1.54162
90.65 -1.23788
90.75 -1.01039
90.85 -0.440818
90.95 0.241916
91.05 0.877387
91.15 1.13384
91.25 0.826222
91.35 0.208085
91.45 -0.411162
91.55 -0.954263
91.65 -1.30897
91.75 -0.942867
91.85 -0.527865
91.95 -0.00511232
92.05 0.627196
92.15 1.09677
92.25 1.39515
92.35 1.31318
92.45 1.1795
92.55 1.04549
92.65 0.838448
92.75 0.404877
92.85 -0.198877
92.95 -0.739402
93.05 -0.938136
93.15 -0.739167
93.25 -0.630732
93.35 -0.247886
93.45 0.421436
93.55 1.30974
93.65 2.07608
93.75 2.42655
93.85 2.46783
93.95 2.44011
94.05 2.3249
94.15 2.17576
94.25 2.05761
94.35 1.92487
94.45 1.71795
94.55 1.61908
94.65 1.56373
94.75 1.42653
94.85 0.911294
94.95 0.154877
95.05 -0.620808
95.15 -1.1388
95.25 -1.59021
95.35 -1.49575
95.45 -1.39312
95.55 -1.18447
95.65 -1.0497
95.75 -0.839544
95.85 -0.63936
95.95 -0.506784
96.05 -0.348814
96.15 -0.259484
96.25 -0.251323
96.35 -0.010052
96.45 0.0742107
96.55 -0.00735247
96.65 -0.241519
96.75 -0.287358
96.85 -0.380002
96.95 -0.297892
97.05 -0.416306
97.15 -0.549238
97.25 -0.705613
97.35 -0.709777
97.45 -0.223782
97.55 0.172456
97.65 0.284175
97.75 0.262985
97.85 0.131258
97.95 0.016316
98.05 0.0215229
98.15 0.191125
98.25 0.48941
98.35 0.436442
98.45 0.301663
98.55 0.260227
98.65 0.306135
98.75 0.596495
98.85 0.835493
98.95 1.02464
99.05 1.10492
99.15 1.22368
99.25 1.04661
99.35 0.754222
99.45 0.325752
99.55 0.0142938
99.65 -0.00775536
99.75 0.0761479
99.85 0.360272
99.95 0.513334
100.05 0.753681
100.15 0.80283
100.25 0.895099
100.35 0.915653
100.45 0.799677
100.55 0.559472
100.65 0.281847
100.75 -0.125911
