-4.3 0.911078
-4.20535 -0.200808
-4.1107 -0.871107
-4.01605 -1.43602
-3.92139 -1.63985
-3.82674 -1.58209
-3.73209 -1.40106
-3.63744 -1.00534
-3.54279 -0.774557
-3.44814 -0.515372
-3.35349 -0.147269
-3.25883 0.323628
-3.16418 0.956349
-3.06953 1.20066
-2.97488 1.20044
-2.88023 0.980242
-2.78558 1.12423
-2.69093 0.871701
-2.59627 0.715273
-2.50162 0.677026
-2.40697 0.680373
-2.31232 0.598819
-2.21767 0.485014
-2.12302 0.028996
-2.02837 -0.766475
-1.93371 -0.879382
-1.83906 -0.752712
-1.74441 -0.312407
-1.64976 0.708204
-1.55511 1.82038
-1.46046 2.83845
-1.36581 3.41341
-1.27115 3.59915
-1.1765 3.11967
-1.08185 2.73156
-0.9872 2.4503
-0.892548 2.36453
-0.797897 2.40512
-0.703245 2.40154
-0.608594 2.19181
-0.513942 1.72307
-0.419291 1.08598
-0.324639 0.436593
-0.229988 0.0462899
-0.135337 -0.106175
-0.0406851 -0.141884
0.0539663 -0.354653
0.148618 -0.834824
0.243269 -1.68983
0.337921 -2.97121
0.432572 -3.74883
0.527224 -4.33237
0.621875 -4.34905
0.716526 -3.34142
0.811178 -1.79083
0.905829 -0.103504
1.00048 1.30266
1.09513 2.25303
1.18978 2.42672
1.28444 2.08963
1.37909 1.36154
1.47374 0.682917
1.56839 0.387891
1.66304 -0.234893
1.75769 -0.694432
1.85234 -1.04031
1.947 -1.15816
2.04165 -0.90344
2.1363 -0.460515
2.23095 0.451619
2.3256 1.96637
2.42025 3.57126
2.5149 4.93473
2.60956 5.77018
2.70421 5.92061
2.79886 5.47925
2.89351 4.39212
2.98816 3.04035
3.08281 1.71067
3.17746 0.640024
3.27212 -0.0302782
3.36677 0.187336
3.46142 0.241171
3.55607 0.390689
3.65072 0.484229
3.74537 0.409712
3.84002 0.132065
3.93468 -0.287788
4.02933 -0.705209
4.12398 -0.9403
4.21863 -0.851658
4.31328 -0.408414
4.40793 0.272882
4.50258 0.95013
4.59724 1.33567
4.69189 1.20586
4.78654 0.494502
4.88119 -0.671613
4.97584 -2.01247
5.07049 -3.19298
5.16514 -3.93652
5.2598 -4.10535
5.35445 -3.71822
5.4491 -2.9073
5.54375 -1.84549
5.6384 -0.684961
5.73305 0.465148
5.8277 1.52151
5.92236 2.39462
6.01701 2.97502
6.11166 3.15692
6.20631 2.89134
6.30096 2.23708
6.39561 1.37298
6.49026 0.552619
6.58492 0.0146402
6.67957 -0.110644
6.77422 0.148969
6.86887 0.629173
6.96352 1.1136
7.05817 1.43905
7.15282 1.56763
7.24748 1.58868
7.34213 1.65119
7.43678 1.86433
7.53143 2.22174
7.62608 2.59188
7.72073 2.7811
7.81538 2.63638
7.91004 2.13282
8.00469 1.39919
8.09934 0.667384
8.19399 0.171897
8.28864 0.0499856
8.38329 0.290958
8.47794 0.754856
8.5726 1.24421
8.66725 1.58734
8.7619 1.69111
8.85655 1.54365
8.9512 1.17865
9.04585 0.633575
9.1405 -0.0668869
9.23516 -0.89258
9.32981 -1.77223
9.42446 -2.57333
9.51911 -3.12351
9.61376 -3.27338
9.70841 -2.97172
9.80306 -2.30969
9.89772 -1.50188
9.99237 -0.803909
10.087 -0.401719
10.1817 -0.326433
10.2763 -0.438974
10.371 -0.494712
10.4656 -0.258023
10.5603 0.38843
10.6549 1.3911
10.7496 2.55081
10.8442 3.60747
10.9389 4.33797
11.0335 4.62049
11.1282 4.44219
11.2228 3.86174
11.3175 2.96151
11.4121 1.82392
11.5068 0.543602
11.6014 -0.74243
11.6961 -1.84139
11.7907 -2.53553
11.8854 -2.65592
11.98 -2.16617
12.0747 -1.20751
12.1694 -0.070265
12.264 0.906771
12.3587 1.4675
12.4533 1.53796
12.548 1.24422
12.6426 0.839259
12.7373 0.575717
12.8319 0.589335
12.9266 0.85058
13.0212 1.20403
13.1159 1.46729
13.2105 1.53045
13.3052 1.40079
13.3998 1.17215
13.4945 0.94463
13.5891 0.7492
13.6838 0.527976
13.7784 0.184717
13.8731 -0.325261
13.9677 -0.924626
14.0624 -1.41414
14.157 -1.55435
14.2517 -1.19021
14.3463 -0.349862
14.441 0.741814
14.5356 1.74997
14.6303 2.37616
14.7249 2.48856
14.8196 2.16706
14.9142 1.64037
15.0089 1.15156
15.1035 0.828551
15.1982 0.631887
15.2928 0.407136
15.3875 0.0079154
15.4822 -0.585795
15.5768 -1.22671
15.6715 -1.66346
15.7661 -1.67238
15.8608 -1.18061
15.9554 -0.307029
16.0501 0.703106
16.1447 1.60963
16.2394 2.29286
16.334 2.77895
16.4287 3.15697
16.5233 3.44023
16.618 3.46739
16.7126 2.92484
16.8073 1.50345
16.9019 -0.881925
16.9966 -3.93388
17.0912 -6.98275
17.1859 -9.19192
17.2805 -9.87882
17.3752 -8.79996
17.4698 -6.25428
17.5645 -2.94465
17.6591 0.33915
17.7538 3.05808
17.8484 5.11082
17.9431 6.77824
18.0377 8.46363
18.1324 10.3782
18.227 12.351
18.3217 13.8714
18.4163 14.3413
18.511 13.3926
18.6056 11.0859
18.7003 7.87335
18.795 4.34403
18.8896 0.903214
18.9843 -2.41925
19.0789 -5.90169
19.1736 -9.82498
19.2682 -14.0965
19.3629 -18.0322
19.4575 -20.4568
19.5522 -20.1196
19.6468 -16.2487
19.7415 -8.98369
19.8361 0.520386
19.9308 10.3592
20.0254 18.3725
20.1201 22.6279
20.2147 21.7074
20.3094 14.7743
20.404 1.57771
20.4987 -17.389
20.5933 -40.4722
20.688 -64.3318
20.7826 -83.7013
20.8773 -91.8989
20.9719 -82.345
21.0666 -50.8863
21.1612 1.78833
21.2559 68.6642
21.3505 136.772
21.4452 189.779
21.5398 212.31
21.6345 194.726
21.7291 136.703
21.8238 48.1786
21.9184 -52.8861
22.0131 -145.379
22.1078 -210.979
22.2024 -239.176
22.2971 -229.682
22.3917 -191.495
22.4864 -139.105
22.581 -87.3198
22.6757 -46.6161
22.7703 -20.581
22.865 -6.12353
22.9596 3.95294
23.0543 17.2582
23.1489 38.5253
23.2436 67.9074
23.3382 101.286
23.4329 132.182
23.5275 154.283
23.6222 163.518
23.7168 158.94
23.8115 142.296
23.9061 116.727
24.0008 85.3436
24.0954 50.3499
24.1901 13.0227
24.2847 -25.6045
24.3794 -63.8569
24.474 -98.91
24.5687 -127.026
24.6633 -144.515
24.758 -149.042
24.8526 -140.672
24.9473 -122.163
25.0419 -98.2871
25.1366 -74.3787
25.2312 -54.6495
25.3259 -40.9069
25.4206 -32.1742
25.5152 -25.3488
25.6099 -16.6255
25.7045 -3.11648
25.7992 15.9652
25.8938 38.9936
25.9885 62.5636
26.0831 82.7618
26.1778 96.531
26.2724 102.585
26.3671 101.555
26.4617 95.3984
26.5564 86.4016
26.651 76.2484
26.7457 65.5522
26.8403 53.9863
26.935 40.8641
27.0296 25.8204
27.1243 9.23491
27.2189 -7.79648
27.3136 -23.8875
27.4082 -37.9252
27.5029 -49.4555
27.5975 -58.6868
27.6922 -66.1284
27.7868 -72.0819
27.8815 -76.2885
27.9761 -77.9471
28.0708 -76.1188
28.1654 -70.313
28.2601 -60.9398
28.3547 -49.369
28.4494 -37.5274
28.5441 -27.2005
28.6387 -19.3649
28.7334 -13.8636
28.828 -9.58056
28.9227 -5.02369
29.0173 0.96469
29.112 8.70524
29.2066 17.6074
29.3013 26.5273
29.3959 34.3503
29.4906 40.4958
29.5852 45.0999
29.6799 48.809
29.7745 52.3226
29.8692 55.9362
29.9638 59.323
30.0585 61.6505
30.1531 61.9517
30.2478 59.5442
30.3424 54.2866
30.4371 46.5652
30.5317 37.056
30.6264 26.4268
30.721 15.1521
30.8157 3.53396
30.9103 -8.11951
31.005 -19.3022
31.0996 -29.2635
31.1943 -37.1763
31.2889 -42.4553
31.3836 -45.0589
31.4782 -45.5926
31.5729 -45.1284
31.6675 -44.7948
31.7622 -45.321
31.8569 -46.7484
31.9515 -48.4499
32.0462 -49.4442
32.1408 -48.855
32.2355 -46.2924
32.3301 -41.9838
32.4248 -36.6089
32.5194 -30.939
32.6141 -25.4716
32.7087 -20.2404
32.8034 -14.879
32.898 -8.88696
32.9927 -1.94753
33.0873 5.86619
33.182 14.0915
33.2766 22.065
33.3713 29.1902
33.4659 35.1454
33.5606 39.9397
33.6552 43.8089
33.7499 47.0291
33.8445 49.7505
33.9392 51.9321
34.0338 53.3883
34.1285 53.8991
34.2231 53.3094
34.3178 51.5646
34.4124 48.6792
34.5071 44.6819
34.6017 39.5894
34.6964 33.4367
34.791 26.3465
34.8857 18.5848
34.9803 10.5504
35.075 2.68474
35.1697 -4.66515
35.2643 -11.3581
35.359 -17.4816
35.4536 -23.2634
35.5483 -28.9124
35.6429 -34.4679
35.7376 -39.7367
35.8322 -44.3545
35.9269 -47.9405
36.0215 -50.2658
36.1162 -51.3475
36.2108 -51.4213
36.3055 -50.8071
36.4001 -49.7418
36.4948 -48.2654
36.5894 -46.2202
36.6841 -43.3581
36.7787 -39.4963
36.8734 -34.6376
36.968 -28.9918
37.0627 -22.8925
37.1573 -16.656
37.252 -10.4602
37.3466 -4.30523
37.4413 1.92618
37.5359 8.34734
37.6306 14.9508
37.7252 21.5574
37.8199 27.8538
37.9145 33.4932
38.0092 38.2051
38.1038 41.8596
38.1985 44.4643
38.2931 46.1077
38.3878 46.891
38.4825 46.8898
38.5771 46.1607
38.6718 44.7761
38.7664 42.8538
38.8611 40.5483
38.9557 38.0009
39.0504 35.2722
39.145 32.2995
39.2397 28.9119
39.3343 24.9058
39.429 20.1529
39.5236 14.6873
39.6183 8.73177
39.7129 2.64478
39.8076 -3.18786
39.9022 -8.47013
39.9969 -13.073
40.0915 -17.0439
40.1862 -20.5534
40.2808 -23.8097
40.3755 -26.9793
40.4701 -30.1404
40.5648 -33.2742
40.6594 -36.2806
40.7541 -39.001
40.8487 -41.2372
40.9434 -42.7704
41.038 -43.3918
41.1327 -42.9485
41.2273 -41.3987
41.322 -38.8497
41.4166 -35.5564
41.5113 -31.8641
41.6059 -28.11
41.7006 -24.5174
41.7953 -21.128
41.8899 -17.8035
41.9846 -14.2989
42.0792 -10.3786
42.1739 -5.92572
42.2685 -0.999881
42.3632 4.1782
42.4578 9.30272
42.5525 14.0821
42.6471 18.3181
42.7418 21.9352
42.8364 24.9587
42.9311 27.4627
43.0257 29.5201
43.1204 31.1797
43.215 32.4735
43.3097 33.4419
43.4043 34.1519
43.499 34.6911
43.5936 35.1354
43.6883 35.5048
43.7829 35.7307
43.8776 35.6528
43.9722 35.053
44.0669 33.7149
44.1615 31.4897
44.2562 28.3449
44.3508 24.3825
44.4455 19.8215
44.5401 14.9513
44.6348 10.069
44.7294 5.41643
44.8241 1.13038
44.9187 -2.77899
45.0134 -6.41582
45.1081 -9.95119
45.2027 -13.5521
45.2974 -17.3072
45.392 -21.1768
45.4867 -24.9859
45.5813 -28.4708
45.676 -31.3619
45.7706 -33.4739
45.8653 -34.7675
45.9599 -35.3542
46.0546 -35.4457
46.1492 -35.2656
46.2439 -34.9652
46.3385 -34.5758
46.4332 -34.016
46.5278 -33.1435
46.6225 -31.8216
46.7171 -29.967
46.8118 -27.5591
46.9064 -24.614
47.0011 -21.1473
47.0957 -17.1552
47.1904 -12.6306
47.285 -7.60884
47.3797 -2.21566
47.4743 3.31385
47.569 8.6666
47.6636 13.5265
47.7583 17.6631
47.8529 20.994
47.9476 23.5909
48.0422 25.6267
48.1369 27.2878
48.2316 28.6946
48.3262 29.8644
48.4209 30.7316
48.5155 31.2081
48.6102 31.2491
48.7048 30.8887
48.7995 30.2273
48.8941 29.3818
48.9888 28.4268
49.0834 27.3608
49.1781 26.1151
49.2727 24.5976
49.3674 22.7466
49.462 20.5622
49.5567 18.099
49.6513 15.426
49.746 12.5794
49.8406 9.53899
49.9353 6.24621
50.0299 2.65682
50.1246 -1.19877
50.2192 -5.18275
50.3139 -9.06735
50.4085 -12.6001
50.5032 -15.5894
50.5978 -17.9711
50.6925 -19.8234
50.7871 -21.3238
50.8818 -22.6654
50.9764 -23.9723
51.0711 -25.2499
51.1657 -26.3908
51.2604 -27.228
51.355 -27.6082
51.4497 -27.4512
51.5444 -26.7699
51.639 -25.6496
51.7337 -24.2021
51.8283 -22.5209
51.923 -20.6588
52.0176 -18.6332
52.1123 -16.4508
52.2069 -14.1309
52.3016 -11.7129
52.3962 -9.24381
52.4909 -6.7537
52.5855 -4.23729
52.6802 -1.65437
52.7748 1.0471
52.8695 3.89532
52.9641 6.86397
53.0588 9.86257
53.1534 12.754
53.2481 15.3915
53.3427 17.6588
53.4374 19.4953
53.532 20.8959
53.6267 21.8902
53.7213 22.513
53.816 22.7845
53.9106 22.7111
54.0053 22.3067
54.0999 21.6204
54.1946 20.754
54.2892 19.8528
54.3839 19.0678
54.4785 18.4999
54.5732 18.1504
54.6678 17.8983
54.7625 17.5208
54.8572 16.7518
54.9518 15.3623
55.0465 13.2318
55.1411 10.3873
55.2358 6.99623
55.3304 3.31921
55.4251 -0.357708
55.5197 -3.78537
55.6144 -6.78827
55.709 -9.26985
55.8037 -11.1951
55.8983 -12.5679
55.993 -13.4198
56.0876 -13.8139
56.1823 -13.8574
56.2769 -13.7057
56.3716 -13.543
56.4662 -13.5392
56.5609 -13.794
56.6555 -14.2963
56.7502 -14.9195
56.8448 -15.4633
56.9395 -15.7297
57.0341 -15.6015
57.1288 -15.0891
57.2234 -14.3218
57.3181 -13.4861
57.4127 -12.7372
57.5074 -12.1247
57.602 -11.5682
57.6967 -10.8924
57.7913 -9.90723
57.886 -8.49293
57.9806 -6.65013
58.0753 -4.49283
58.17 -2.19073
58.2646 0.107067
58.3593 2.32653
58.4539 4.47377
58.5486 6.59013
58.6432 8.68445
58.7379 10.6822
58.8325 12.4226
58.9272 13.7108
59.0218 14.3994
59.1165 14.461
59.2111 14.0136
59.3058 13.2849
59.4004 12.5317
59.4951 11.9525
59.5897 11.6328
59.6844 11.5433
59.779 11.5854
59.8737 11.6547
59.9683 11.6849
60.063 11.655
60.1576 11.5607
60.2523 11.3761
60.3469 11.0369
60.4416 10.4591
60.5362 9.58734
60.6309 8.44225
60.7255 7.13465
60.8202 5.82979
60.9148 4.6731
61.0095 3.71347
61.1041 2.86672
61.1988 1.94479
61.2934 0.743148
61.3881 -0.852697
61.4828 -2.79463
61.5774 -4.8731
61.6721 -6.79719
61.7667 -8.31961
61.8614 -9.34854
61.956 -9.99222
62.0507 -10.5129
62.1453 -11.2089
62.24 -12.2787
62.3346 -13.7262
62.4293 -15.3505
62.5239 -16.8193
62.6186 -17.7908
62.7132 -18.0275
62.8079 -17.4548
62.9025 -16.1467
62.9972 -14.2576
63.0918 -11.9408
63.1865 -9.29918
63.2811 -6.38738
63.3758 -3.25926
63.4704 -0.0277809
63.5651 3.1009
63.6597 5.84288
63.7544 7.89982
63.849 9.04436
63.9437 9.19106
64.0383 8.4236
64.133 6.96879
64.2276 5.13076
64.3223 3.21333
64.4169 1.45972
64.5116 0.0273228
64.6063 -1.00177
64.7009 -1.58838
64.7956 -1.70235
64.8902 -1.30435
64.9849 -0.351139
65.0795 1.17906
65.1742 3.2529
65.2688 5.75494
65.3635 8.48063
65.4581 11.1565
65.5528 13.4861
65.6474 15.2127
65.7421 16.1796
65.8367 16.3696
65.9314 15.907
66.026 15.0154
66.1207 13.9414
66.2153 12.8692
66.31 11.8554
66.4046 10.8122
66.4993 9.54715
66.5939 7.84869
66.6886 5.58451
66.7832 2.77458
66.8779 -0.390895
66.9725 -3.59665
67.0672 -6.49286
67.1618 -8.79587
67.2565 -10.3612
67.3511 -11.2049
67.4458 -11.4712
67.5404 -11.3666
67.6351 -11.0902
67.7297 -10.7852
67.8244 -10.5241
67.9191 -10.3212
68.0137 -10.1573
68.1084 -9.99963
68.203 -9.81154
68.2977 -9.55327
68.3923 -9.18326
68.487 -8.66665
68.5816 -7.98975
68.6763 -7.17253
68.7709 -6.2689
68.8656 -5.35044
68.9602 -4.47919
69.0549 -3.6827
69.1495 -2.94522
69.2442 -2.22059
69.3388 -1.46036
69.4335 -0.641195
69.5281 0.224561
69.6228 1.10187
69.7174 1.96172
69.8121 2.80707
69.9067 3.67694
70.0014 4.62149
70.096 5.65812
70.1907 6.73289
70.2853 7.71287
70.38 8.42179
70.4746 8.70916
70.5693 8.61409
70.6639 8.08917
70.7586 7.36498
70.8532 6.79221
70.9479 6.45587
71.0425 6.45889
71.1372 6.71791
71.2319 7.03127
71.3265 7.35375
71.4212 7.2607
71.5158 6.65009
71.6105 5.7364
71.7051 4.70615
71.7998 3.81247
71.8944 3.39268
71.9891 3.12115
72.0837 3.25009
72.1784 3.26578
72.273 3.08252
72.3677 2.58787
72.4623 1.8871
72.557 0.778916
72.6516 -0.392198
72.7463 -1.51344
72.8409 -2.51178
72.9356 -3.37328
73.0302 -4.12314
73.1249 -5.00298
73.2195 -5.58158
73.3142 -6.03701
73.4088 -6.45912
73.5035 -6.66207
73.5981 -6.66909
73.6928 -6.25238
73.7874 -6.13325
73.8821 -5.83034
73.9767 -5.37717
74.0714 -4.95369
74.166 -4.24542
74.2607 -3.71596
74.3553 -3.33771
74.45 -3.16429
74.5447 -3.19761
74.6393 -3.37833
74.734 -3.41067
74.8286 -3.71068
74.9233 -3.45786
75.0179 -2.89125
75.1126 -1.79077
75.2072 -0.619913
75.3019 0.701534
75.3965 2.04585
75.4912 3.06273
75.5858 4.22679
75.6805 5.21981
75.7751 5.96652
75.8698 6.40744
75.9644 6.42279
76.0591 6.21665
76.1537 5.90621
76.2484 5.4779
76.343 5.22352
76.4377 5.2145
76.5323 5.28832
76.627 5.52875
76.7216 5.63046
76.8163 5.55039
76.9109 5.15595
77.0056 3.94897
77.1002 2.92163
77.1949 1.82704
77.2895 0.852258
77.3842 0.153053
77.4788 -0.14222
77.5735 -0.151177
77.6681 0.0126498
77.7628 -0.0898563
77.8575 -0.491158
77.9521 -0.902444
78.0468 -1.51998
78.1414 -2.03375
78.2361 -2.72671
78.3307 -3.25161
78.4254 -3.56692
78.52 -3.58955
78.6147 -3.41755
78.7093 -3.531
78.804 -3.54503
78.8986 -3.58265
78.9933 -3.54033
79.0879 -3.2922
79.1826 -2.50177
79.2772 -1.84467
79.3719 -0.933181
79.4665 -0.0386432
79.5612 0.732657
79.6558 1.30389
79.7505 1.79266
79.8451 2.21844
79.9398 2.44643
80.0344 2.61906
80.1291 3.02131
80.2237 3.28093
80.3184 3.17643
80.413 2.65071
80.5077 1.89654
80.6023 0.917431
80.697 -0.0420311
80.7916 -0.817906
80.8863 -1.16844
80.9809 -1.05968
81.0756 -0.603145
81.1703 0.0987229
81.2649 0.452686
81.3596 0.855799
81.4542 1.22962
81.5489 1.58708
81.6435 1.89173
81.7382 2.04147
81.8328 1.81167
81.9275 0.978539
82.0221 -0.0341948
82.1168 -0.969381
82.2114 -2.07178
82.3061 -2.49571
82.4007 -2.51391
82.4954 -1.8667
82.59 -0.593819
82.6847 0.660441
82.7793 1.34879
82.874 1.73895
82.9686 1.71528
83.0633 0.900591
83.1579 0.370775
83.2526 -0.427806
83.3472 -0.900587
83.4419 -0.649529
83.5365 -0.0450891
83.6312 0.522323
83.7258 1.30563
83.8205 1.73528
83.9151 1.84509
84.0098 1.6119
84.1044 1.15745
84.1991 0.643752
84.2938 0.212311
84.3884 -0.052237
84.4831 -0.125998
84.5777 -0.0262984
84.6724 0.213106
84.767 0.556252
84.8617 1.1396
84.9563 1.40217
85.051 1.6854
85.1456 1.83364
85.2403 1.80735
85.3349 1.60385
85.4296 1.26786
85.5242 0.880403
85.6189 0.605717
85.7135 0.289176
85.8082 0.386447
85.9028 0.593383
85.9975 0.862718
86.0921 1.12178
86.1868 1.22531
86.2814 1.26017
86.3761 1.21674
86.4707 0.972796
86.5654 0.884126
86.66 0.750871
86.7547 0.564089
86.8493 0.295444
86.944 -0.0890689
87.0386 -0.608838
87.1333 -1.25096
87.2279 -1.86559
87.3226 -2.59797
87.4172 -3.49641
87.5119 -3.91803
87.6066 -4.04471
87.7012 -4.02338
87.7959 -3.64007
87.8905 -2.95805
87.9852 -2.07147
88.0798 -1.04084
88.1745 -0.0742963
88.2691 1.13617
88.3638 1.6409
88.4584 1.87565
88.5531 1.84824
88.6477 1.57135
88.7424 1.11767
88.837 0.573875
88.9317 0.197573
89.0263 -0.555881
89.121 -0.882007
89.2156 -1.04601
89.3103 -0.669204
89.4049 -0.411561
89.4996 0.0810077
89.5942 0.737215
89.6889 1.42149
89.7835 1.98075
89.8782 2.30547
89.9728 2.35933
90.0675 2.2323
90.1621 2.15675
90.2568 2.13827
90.3514 2.44972
90.4461 2.62669
90.5407 2.77247
90.6354 2.57395
90.73 2.44439
90.8247 2.10816
90.9194 1.60321
91.014 1.008
91.1087 0.406113
91.2033 -0.146656
91.298 -0.727383
91.3926 -1.14501
91.4873 -1.27692
91.5819 -1.56801
91.6766 -1.75694
91.7712 -1.78719
91.8659 -1.57437
91.9605 -1.27935
92.0552 -0.852592
92.1498 -0.407257
92.2445 -0.288208
92.3391 -0.142426
92.4338 -0.0837777
92.5284 0.000356745
