-1.53 2.32838
-1.43 2.34143
-1.33 2.23149
-1.23 1.99907
-1.13 1.98674
-1.03 1.47369
-0.93 0.81097
-0.83 0.0547145
-0.73 -0.910313
-0.63 -1.7433
-0.53 -1.96354
-0.43 -1.8603
-0.33 -1.89082
-0.23 -1.79784
-0.13 -1.58774
-0.03 -1.33879
0.07 -0.934859
0.17 -0.206163
0.27 0.626132
0.37 1.42273
0.47 1.8601
0.57 2.07783
0.67 1.92092
0.77 1.76902
0.87 1.61011
0.97 1.5919
1.07 1.45445
1.17 0.988729
1.27 0.554072
1.37 0.444904
1.47 0.81169
1.57 1.3474
1.67 1.62941
1.77 1.33377
1.87 0.81818
1.97 0.444928
2.07 0.210941
2.17 -0.175957
2.27 -0.669603
2.37 -1.07293
2.47 -1.28112
2.57 -1.23995
2.67 -0.895073
2.77 -0.350587
2.87 0.907815
2.97 1.93206
3.07 2.45495
3.17 2.37641
3.27 2.15025
3.37 1.56842
3.47 1.23204
3.57 1.36682
3.67 1.60652
3.77 1.84098
3.87 1.66004
3.97 1.13722
4.07 0.743813
4.17 0.59097
4.27 0.451921
4.37 0.138523
4.47 -0.156278
4.57 0.222999
4.67 0.689836
4.77 0.997745
4.87 1.32482
4.97 1.62823
5.07 1.48381
5.17 1.20529
5.27 0.702753
5.37 -0.0222991
5.47 -0.513316
5.57 -0.730423
5.67 -0.864926
5.77 -0.361381
5.87 0.231865
5.97 0.821813
6.07 1.09351
6.17 1.04425
6.27 0.794463
6.37 0.360255
6.47 -0.0908956
6.57 -0.378413
6.67 -0.372268
6.77 -0.218912
6.87 -0.111001
6.97 0.182602
7.07 0.738682
7.17 1.13921
7.27 0.990715
7.37 0.422514
7.47 -0.147066
7.57 -0.209793
7.67 0.568892
7.77 1.95428
7.87 3.14253
7.97 3.65019
8.07 3.51556
8.17 2.90074
8.27 2.06638
8.37 1.23252
8.47 0.349274
8.57 -0.370001
8.67 -0.925712
8.77 -1.09926
8.87 -0.837276
8.97 -0.101929
9.07 0.898991
9.17 1.67224
9.27 1.94397
9.37 1.74606
9.47 1.18152
9.57 0.586041
9.67 0.10374
9.77 -0.286222
9.87 -0.410732
9.97 -0.400106
10.07 -0.475096
10.17 -0.271288
10.27 0.616432
10.37 1.59777
10.47 2.31791
10.57 2.84412
10.67 3.16803
10.77 2.99449
10.87 2.4297
10.97 1.19448
11.07 -0.109561
11.17 -0.963918
11.27 -1.38382
11.37 -1.68044
11.47 -1.76721
11.57 -1.5537
11.67 -1.2454
11.77 -0.823009
11.87 -0.283191
11.97 0.348489
12.07 0.828177
12.17 1.00432
12.27 1.30715
12.37 1.88754
12.47 2.71935
12.57 3.22012
12.67 3.13648
12.77 2.30581
12.87 1.04645
12.97 0.0373416
13.07 -0.579315
13.17 -0.56124
13.27 -0.364417
13.37 -0.227792
13.47 0.131844
13.57 0.573009
13.67 1.11217
13.77 1.59828
13.87 2.09017
13.97 2.11131
14.07 1.57382
14.17 0.746527
14.27 0.299851
14.37 0.0836984
14.47 -0.130276
14.57 -0.30631
14.67 -0.3704
14.77 -0.311252
14.87 -0.251794
14.97 -0.0594779
15.07 0.262452
15.17 0.402458
15.27 0.49474
15.37 0.724016
15.47 1.13189
15.57 1.43739
15.67 1.41298
15.77 1.16456
15.87 1.15568
15.97 1.27048
16.07 1.24426
16.17 0.813633
16.27 0.0604503
16.37 -0.447311
16.47 -0.592962
16.57 -0.366784
16.67 0.240746
16.77 0.778237
16.87 0.963905
16.97 0.750976
17.07 0.676075
17.17 0.930948
17.27 1.20743
17.37 1.40142
17.47 1.49089
17.57 1.44564
17.67 1.13384
17.77 0.675576
17.87 0.385724
17.97 0.431854
18.07 0.984515
18.17 1.3746
18.27 1.36662
18.37 1.01054
18.47 0.830165
18.57 1.0507
18.67 1.13416
18.77 0.898496
18.87 0.4877
18.97 0.0665922
19.07 -0.153392
19.17 -0.385811
19.27 -0.568454
19.37 -1.01143
19.47 -1.82636
19.57 -2.57304
19.67 -2.98212
19.77 -2.86964
19.87 -2.21467
19.97 -0.829296
20.07 1.22863
20.17 3.43694
20.27 5.25713
20.37 6.60027
20.47 7.56155
20.57 7.81993
20.67 6.86175
20.77 4.6242
20.87 1.61466
20.97 -1.60969
21.07 -4.74091
21.17 -7.72038
21.27 -10.0476
21.37 -11.2785
21.47 -11.0461
21.57 -8.78933
21.67 -4.94743
21.77 0.156292
21.87 6.01319
21.97 11.7266
22.07 16.3925
22.17 19.1108
22.27 19.5239
22.37 17.4462
22.47 12.9612
22.57 6.44539
22.67 -1.27203
22.77 -8.44643
22.87 -14.249
22.97 -17.9358
23.07 -18.7319
23.17 -16.9324
23.27 -13.3377
23.37 -9.2113
23.47 -4.92891
23.57 -0.373443
23.67 4.44632
23.77 9.44909
23.87 14.8622
23.97 20.6566
24.07 25.3313
24.17 26.669
24.27 22.5464
24.37 11.8366
24.47 -7.54141
24.57 -36.2843
24.67 -69.9299
24.77 -98.2379
24.87 -111.56
24.97 -105.511
25.07 -80.9303
25.17 -37.0043
25.27 24.5012
25.37 96.1929
25.47 162.843
25.57 208.534
25.67 226.504
25.77 210.203
25.87 144.432
25.97 27.6267
26.07 -102.599
26.17 -197.7
26.27 -240.576
26.37 -243.626
26.47 -215.175
26.57 -162.559
26.67 -102.908
26.77 -52.7759
26.87 -18.297
26.97 4.23606
27.07 18.3524
27.17 28.8247
27.27 40.8414
27.37 57.6653
27.47 80.2561
27.57 106.022
27.67 127.207
27.77 137.255
27.87 135.477
27.97 122.585
28.07 100.049
28.17 71.781
28.27 41.0182
28.37 9.04459
28.47 -24.9963
28.57 -61.1065
28.67 -95.3846
28.77 -121.473
28.87 -134.95
28.97 -134.787
29.07 -122.597
29.17 -104.503
29.27 -86.454
29.37 -72.3242
29.47 -61.9335
29.57 -52.7098
29.67 -41.2567
29.77 -25.2197
29.87 -3.37421
29.97 25.0207
30.07 56.6554
30.17 85.0642
30.27 104.729
30.37 113.86
30.47 113.265
30.57 104.63
30.67 91.8845
30.77 78.3581
30.87 65.3677
30.97 52.0617
31.07 37.3734
31.17 21.0732
31.27 3.37884
31.37 -15.0964
31.47 -32.4935
31.57 -47.3484
31.67 -59.733
31.77 -69.8693
31.87 -77.7784
31.97 -83.0678
32.07 -84.8032
32.17 -82.1023
32.27 -74.1457
32.37 -61.0473
32.47 -45.3573
32.57 -30.4274
32.67 -18.6358
32.77 -10.2679
32.87 -3.90232
32.97 1.76319
33.07 7.64286
33.17 14.1138
33.27 20.9321
33.37 27.3879
33.47 32.7786
33.57 36.8597
33.67 40.0518
33.77 42.8808
33.87 45.5149
33.97 47.8688
34.07 49.4524
34.17 49.4798
34.27 47.505
34.37 43.6933
34.47 38.4186
34.57 31.9577
34.67 24.7966
34.77 17.3852
34.87 9.33412
34.97 0.189134
35.07 -9.81618
35.17 -20.2059
35.27 -29.4977
35.37 -36.3299
35.47 -40.1948
35.57 -41.8028
35.67 -42.3163
35.77 -43.0186
35.87 -44.4982
35.97 -46.1792
36.07 -47.4813
36.17 -47.4121
36.27 -44.9625
36.37 -40.4268
36.47 -35.0047
36.57 -29.4451
36.67 -24.0255
36.77 -19.0322
36.87 -14.2709
36.97 -9.00262
37.07 -2.73659
37.17 4.36196
37.27 12.0818
37.37 19.7555
37.47 26.6063
37.57 32.3363
37.67 36.8888
37.77 40.7607
37.87 44.0192
37.97 46.6272
38.07 48.4252
38.17 49.0427
38.27 48.1082
38.37 45.5366
38.47 41.9863
38.57 37.8399
38.67 33.0381
38.77 27.3678
38.87 21.1761
38.97 14.985
39.07 8.9356
39.17 2.75178
39.27 -3.37922
39.37 -9.52397
39.47 -15.7036
39.57 -22.1785
39.67 -29.0226
39.77 -35.7513
39.87 -41.7866
39.97 -46.226
40.07 -48.6318
40.17 -49.4955
40.27 -49.2948
40.37 -48.3113
40.47 -46.6633
40.57 -44.8099
40.67 -42.5308
40.77 -39.7097
40.87 -35.9092
40.97 -31.2487
41.07 -25.6327
41.17 -19.1277
41.27 -11.9517
41.37 -4.63309
41.47 2.54042
41.57 9.3365
41.67 15.6373
41.77 21.1522
41.87 25.7015
41.97 29.8877
42.07 33.6773
42.17 36.9745
42.27 39.736
42.37 41.886
42.47 43.4469
42.57 44.5476
42.67 45.047
42.77 44.6747
42.87 43.1873
42.97 39.9365
43.07 35.0204
43.17 29.3951
43.27 24.1134
43.37 19.059
43.47 13.9058
43.57 8.98245
43.67 4.41883
43.77 0.0534805
43.87 -4.37069
43.97 -9.40805
44.07 -14.8751
44.17 -20.1901
44.27 -24.8693
44.37 -28.5689
44.47 -31.0771
44.57 -33.1631
44.67 -35.3829
44.77 -37.3639
44.87 -38.6811
44.97 -39.2678
45.07 -39.1308
45.17 -38.3752
45.27 -36.9063
45.37 -34.9928
45.47 -32.3709
45.57 -28.6852
45.67 -24.4538
45.77 -20.0991
45.87 -15.7759
45.97 -11.7113
46.07 -7.79482
46.17 -3.71867
46.27 0.398463
46.37 4.68416
46.47 9.12786
46.57 13.5861
46.67 18.2466
46.77 22.6663
46.87 26.469
46.97 29.5682
47.07 31.762
47.17 32.8743
47.27 33.1447
47.37 33.1185
47.47 33.0339
47.57 32.6379
47.67 31.3016
47.77 29.1268
47.87 27.086
47.97 25.6137
48.07 23.9723
48.17 22.0121
48.27 19.2499
48.37 15.7846
48.47 12.1906
48.57 8.82494
48.67 5.70092
48.77 2.44868
48.87 -1.06553
48.97 -4.76148
49.07 -8.54608
49.17 -11.5199
49.27 -13.8804
49.37 -16.2846
49.47 -18.9689
49.57 -21.8099
49.67 -24.5263
49.77 -26.4638
49.87 -28.0814
49.97 -29.5914
50.07 -31.0218
50.17 -32.1184
50.27 -32.615
50.37 -32.2386
50.47 -30.9274
50.57 -28.8926
50.67 -26.4379
50.77 -24.0208
50.87 -21.7481
50.97 -18.7651
51.07 -15.0096
51.17 -10.6665
51.27 -6.12605
51.37 -1.61341
51.47 2.83678
51.57 7.30002
51.67 11.7326
51.77 15.8318
51.87 19.331
51.97 22.3384
52.07 25.0869
52.17 26.9748
52.27 27.6088
52.37 27.2252
52.47 26.3189
52.57 25.4522
52.67 24.6674
52.77 24.0963
52.87 23.5152
52.97 22.756
53.07 21.948
53.17 20.9403
53.27 19.6636
53.37 18.135
53.47 16.3889
53.57 14.3538
53.67 11.9885
53.77 9.72259
53.87 7.58748
53.97 5.58496
54.07 3.4375
54.17 0.594347
54.27 -3.10384
54.37 -7.1678
54.47 -10.876
54.57 -14.2223
54.67 -17.0223
54.77 -19.0474
54.87 -20.5448
54.97 -21.7039
55.07 -22.6649
55.17 -23.7179
55.27 -24.9331
55.37 -25.8257
55.47 -25.8147
55.57 -25.0319
55.67 -23.7483
55.77 -22.3515
55.87 -20.4564
55.97 -17.9415
56.07 -15.2318
56.17 -12.5956
56.27 -9.91709
56.37 -7.20028
56.47 -4.8212
56.57 -2.75831
56.67 -0.766829
56.77 1.24188
56.87 3.45739
56.97 5.90066
57.07 8.66062
57.17 11.4634
57.27 14.0578
57.37 15.9409
57.47 17.1766
57.57 18.1456
57.67 19.2833
57.77 20.1674
57.87 20.4927
57.97 20.3818
58.07 20.2789
58.17 20.008
58.27 19.4261
58.37 18.7198
58.47 17.9438
58.57 16.954
58.67 15.7647
58.77 14.4239
58.87 13.1883
58.97 11.71
59.07 10.1164
59.17 8.35002
59.27 6.35951
59.37 4.16288
59.47 1.76031
59.57 -0.680006
59.67 -2.9924
59.77 -5.46801
59.87 -8.11781
59.97 -10.4683
60.07 -12.3362
60.17 -14.0947
60.27 -15.6607
60.37 -16.9944
60.47 -17.6791
60.57 -17.8508
60.67 -17.6172
60.77 -16.8818
60.87 -16.2976
60.97 -16.2721
61.07 -16.0551
61.17 -15.433
61.27 -14.3279
61.37 -12.7287
61.47 -10.8098
61.57 -9.2196
61.67 -8.36159
61.77 -7.55288
61.87 -6.53806
61.97 -5.29725
62.07 -4.00901
62.17 -2.83702
62.27 -1.35672
62.37 0.751269
62.47 3.4182
62.57 6.57787
62.67 9.62614
62.77 11.6832
62.87 12.911
62.97 14.037
63.07 15.2775
63.17 15.9686
63.27 16.1114
63.37 15.7498
63.47 15.0385
63.57 14.6033
63.67 14.7909
63.77 15.2944
63.87 15.4077
63.97 14.7384
64.07 13.5513
64.17 12.2979
64.27 10.8494
64.37 9.24323
64.47 7.62778
64.57 5.99223
64.67 4.25008
64.77 2.4147
64.87 0.78204
64.97 -0.387761
65.07 -1.40718
65.17 -2.06985
65.27 -3.0228
65.37 -4.2458
65.47 -5.5353
65.57 -6.60821
65.67 -6.92961
65.77 -6.62726
65.87 -6.17076
65.97 -5.84825
66.07 -5.49397
66.17 -5.06084
66.27 -5.45924
66.37 -7.45485
66.47 -10.4843
66.57 -13.9153
66.67 -17.3394
66.77 -20.2219
66.87 -22.0416
66.97 -22.6728
67.07 -22.083
67.17 -19.7081
67.27 -15.9596
67.37 -11.287
67.47 -6.03309
67.57 -0.616424
67.67 4.73261
67.77 9.93069
67.87 14.4218
67.97 17.3428
68.07 18.3618
68.17 17.5039
68.27 15.2713
68.37 12.3333
68.47 9.27619
68.57 6.14512
68.67 3.41745
68.77 1.77706
68.87 1.40532
68.97 2.22602
69.07 3.72235
69.17 5.41424
69.27 7.31133
69.37 8.92379
69.47 9.79735
69.57 10.1347
69.67 9.92004
69.77 9.49355
69.87 9.04593
69.97 8.61048
70.07 8.4875
70.17 8.43647
70.27 8.20794
70.37 7.82189
70.47 7.28648
70.57 6.03478
70.67 4.16135
70.77 2.08657
70.87 -0.206867
70.97 -2.3211
71.07 -3.92788
71.17 -5.11994
71.27 -6.03432
71.37 -6.72966
71.47 -7.30612
71.57 -7.96088
71.67 -8.71942
71.77 -9.48173
71.87 -10.0341
71.97 -10.7489
72.07 -11.5596
72.17 -11.8373
72.27 -11.32
72.37 -10.2135
72.47 -9.05768
72.57 -7.94571
72.67 -6.91089
72.77 -5.99469
72.87 -5.47855
72.97 -5.02858
73.07 -4.2586
73.17 -3.33868
73.27 -2.18117
73.37 -0.567056
73.47 1.08181
73.57 2.52041
73.67 4.08834
73.77 5.70828
73.87 6.9418
73.97 7.73421
74.07 8.01794
74.17 8.13084
74.27 8.26587
74.37 8.11571
74.47 7.84329
74.57 7.49073
74.67 7.17004
74.77 7.36608
74.87 7.97581
74.97 8.26677
75.07 8.51545
75.17 8.72145
75.27 9.07605
75.37 8.98924
75.47 8.53331
75.57 8.02929
75.67 7.56353
75.77 7.20276
75.87 6.45581
75.97 5.24228
76.07 3.74116
76.17 1.87539
76.27 -0.199401
76.37 -2.34543
76.47 -3.99128
76.57 -4.93657
76.67 -5.67565
76.77 -6.80012
76.87 -7.82795
76.97 -8.27485
77.07 -8.75783
77.17 -8.92106
77.27 -8.78512
77.37 -8.49956
77.47 -8.21332
77.57 -7.78111
77.67 -6.90743
77.77 -5.77274
77.87 -5.04017
77.97 -4.63903
78.07 -4.35332
78.17 -3.47363
78.27 -2.09026
78.37 -1.07255
78.47 -0.537867
78.57 -0.119574
78.67 0.483589
78.77 1.39527
78.87 2.18714
78.97 2.98238
79.07 3.59991
79.17 3.86677
79.27 3.8048
79.37 3.79574
79.47 3.62787
79.57 3.56821
79.67 3.37852
79.77 3.12379
79.87 3.26988
79.97 3.52961
80.07 3.90821
80.17 4.50753
80.27 5.16804
80.37 5.51069
80.47 5.69074
80.57 5.65293
80.67 5.06653
80.77 4.3978
80.87 4.04319
80.97 3.62183
81.07 3.17576
81.17 2.5657
81.27 1.66848
81.37 0.862197
81.47 0.181375
81.57 -0.278058
81.67 -0.392828
81.77 -0.329873
81.87 -0.203186
81.97 -0.147536
82.07 -0.231324
82.17 -0.455638
82.27 -1.01419
82.37 -1.51286
82.47 -2.17074
82.57 -2.74808
82.67 -2.68446
82.77 -3.48229
82.87 -4.50373
82.97 -5.27791
83.07 -5.2414
83.17 -4.61908
83.27 -3.56713
83.37 -2.28882
83.47 -0.930397
83.57 0.522096
83.67 2.07326
83.77 2.94005
83.87 3.06113
83.97 2.41191
84.07 1.52434
84.17 0.792865
84.27 0.681756
84.37 0.578718
84.47 0.556101
84.57 0.798328
84.67 0.923961
84.77 0.777962
84.87 0.765147
84.97 0.617718
85.07 0.454899
85.17 0.620664
85.27 1.08793
85.37 1.77258
85.47 2.63315
85.57 3.04454
85.67 2.9561
85.77 2.63369
85.87 1.9089
85.97 0.728033
86.07 -0.449134
86.17 -1.43814
86.27 -1.96461
86.37 -2.25434
86.47 -2.20304
86.57 -1.70948
86.67 -1.02462
86.77 -0.249148
86.87 0.325069
86.97 0.906879
87.07 1.15991
87.17 1.29758
87.27 1.50161
87.37 1.68053
87.47 1.91075
87.57 1.88345
87.67 2.05159
87.77 2.28332
87.87 2.3398
87.97 2.11121
88.07 1.71823
88.17 1.30163
88.27 0.719754
88.37 -0.140159
88.47 -0.764387
88.57 -1.18921
88.67 -1.17656
88.77 -0.915492
88.87 -0.4924
88.97 0.185068
89.07 0.985557
89.17 1.80275
89.27 2.18463
89.37 2.0797
89.47 1.67488
89.57 1.1145
89.67 0.43204
89.77 -0.409491
89.87 -1.13714
89.97 -1.80492
90.07 -2.1546
90.17 -2.22157
90.27 -2.10408
90.37 -1.85349
90.47 -1.7483
90.57 -1.24167
90.67 -0.274005
90.77 0.972759
90.87 2.08096
90.97 2.82307
91.07 3.23743
91.17 3.07308
91.27 2.23882
91.37 1.14026
91.47 0.11304
91.57 -0.736906
91.67 -1.2954
91.77 -1.25404
91.87 -1.02523
91.97 -0.684525
92.07 -0.361404
92.17 -0.399616
92.27 -0.615793
92.37 -0.790369
92.47 -0.68105
92.57 -0.583728
92.67 -0.323506
92.77 -0.159894
92.87 0.0098064
92.97 0.0398039
93.07 0.251178
93.17 0.681979
93.27 1.15039
93.37 1.48343
93.47 1.76945
93.57 1.89377
93.67 1.55907
93.77 1.43091
93.87 1.67934
93.97 2.03258
94.07 2.53505
94.17 2.55309
94.27 2.12971
94.37 1.48169
94.47 0.832016
94.57 0.340604
94.67 0.0274818
94.77 0.158768
94.87 0.267287
94.97 0.132551
95.07 -0.0648219
95.17 -0.14104
95.27 -0.159377
95.37 -0.293249
95.47 -0.727092
95.57 -1.37277
95.67 -2.0594
95.77 -2.24628
95.87 -2.33199
95.97 -2.05905
96.07 -1.72041
96.17 -1.49879
96.27 -1.08077
96.37 -0.293029
96.47 0.318692
96.57 0.791151
96.67 0.947627
96.77 0.87871
96.87 0.863447
96.97 0.962082
97.07 1.04256
97.17 0.794973
97.27 0.267218
97.37 -0.0911191
97.47 -0.271024
97.57 -0.497246
97.67 -0.354603
97.77 -0.297686
97.87 -0.110724
97.97 0.00217002
98.07 0.0462102
98.17 0.101526
98.27 0.0558116
98.37 0.0653537
98.47 0.216676
98.57 0.430945
98.67 0.681772
98.77 0.996943
98.87 1.42301
98.97 1.87377
99.07 1.95462
99.17 1.59269
99.27 1.50769
99.37 1.502
99.47 1.22704
99.57 0.89301
99.67 0.554778
99.77 0.141311
99.87 -0.175669
99.97 -0.38725
100.07 -0.514863
100.17 -0.468162
100.27 -0.13746
100.37 -0.0539577
100.47 -0.00773908
100.57 0.0235639
100.67 -0.00288862
100.77 -0.0689094
