0 1.20106
0.1 1.24655
0.2 0.869759
0.3 0.392461
0.4 0.0312391
0.5 -0.396593
0.6 -1.00351
0.7 -1.5421
0.8 -1.87598
0.9 -2.10245
1 -1.88637
1.1 -1.1681
1.2 -0.416119
1.3 -0.0660506
1.4 0.047172
1.5 0.00225976
1.6 -0.237425
1.7 -0.299407
1.8 0.0569684
1.9 0.68101
2 1.12404
2.1 1.3009
2.2 1.47095
2.3 1.64926
2.4 1.96142
2.5 2.91394
2.6 3.57647
2.7 3.57672
2.8 3.43318
2.9 3.07084
3 3.04142
3.1 2.4171
3.2 1.49034
3.3 0.616859
3.4 -0.0935442
3.5 -0.803781
3.6 -1.45168
3.7 -1.74038
3.8 -1.71057
3.9 -1.10523
4 -0.716313
4.1 -0.597428
4.2 -0.563254
4.3 -0.580778
4.4 -0.62975
4.5 -0.395616
4.6 0.00297814
4.7 0.585537
4.8 1.42345
4.9 2.07269
5 2.3439
5.1 1.85082
5.2 1.46981
5.3 1.10828
5.4 1.27601
5.5 1.41317
5.6 1.26889
5.7 0.798205
5.8 0.369983
5.9 0.272469
6 0.093955
6.1 0.216718
6.2 0.699715
6.3 1.60136
6.4 2.24618
6.5 2.84241
6.6 2.75246
6.7 2.31512
6.8 1.74821
6.9 1.06386
7 0.164423
7.1 -0.647436
7.2 -1.37927
7.3 -1.7356
7.4 -1.8923
7.5 -1.71509
7.6 -1.33701
7.7 -1.27474
7.8 -1.34251
7.9 -1.01155
8 -0.744208
8.1 -0.305151
8.2 0.199773
8.3 0.607321
8.4 1.16423
8.5 2.16504
8.6 3.23392
8.7 3.97187
8.8 4.58263
8.9 4.8945
9 4.69527
9.1 3.85448
9.2 2.41184
9.3 0.732554
9.4 -0.760214
9.5 -1.9623
9.6 -2.78148
9.7 -2.96782
9.8 -2.2059
9.9 -0.97069
10 -0.0815123
10.1 0.273555
10.2 0.409023
10.3 0.612684
10.4 1.17556
10.5 1.62846
10.6 1.73683
10.7 1.35663
10.8 0.575409
10.9 -0.106913
11 -0.578078
11.1 -0.734026
11.2 -0.245001
11.3 0.861052
11.4 1.95045
11.5 2.82238
11.6 3.6329
11.7 4.34156
11.8 4.59848
11.9 4.01114
12 2.6771
12.1 1.03558
12.2 -0.46186
12.3 -1.63048
12.4 -2.36403
12.5 -2.4374
12.6 -2.05231
12.7 -1.71291
12.8 -1.59874
12.9 -1.6544
13 -1.75819
13.1 -1.54461
13.2 -0.79123
13.3 0.187732
13.4 1.28321
13.5 2.49508
13.6 3.93202
13.7 5.19022
13.8 6.01538
13.9 5.94957
14 5.44664
14.1 4.19491
14.2 2.48557
14.3 0.650669
14.4 -1.12859
14.5 -2.63223
14.6 -3.56077
14.7 -3.81653
14.8 -3.46336
14.9 -2.62288
15 -1.95372
15.1 -1.35601
15.2 -0.709305
15.3 -0.281975
15.4 -0.170156
15.5 0.210879
15.6 1.10904
15.7 2.3344
15.8 3.58385
15.9 4.80544
16 5.79403
16.1 6.69047
16.2 7.3118
16.3 7.18184
16.4 5.80081
16.5 3.03748
16.6 -0.643116
16.7 -4.18399
16.8 -7.58317
16.9 -10.435
17 -12.1182
17.1 -11.9229
17.2 -9.85147
17.3 -6.26291
17.4 -1.81589
17.5 2.94455
17.6 7.27218
17.7 10.6215
17.8 12.711
17.9 12.9547
18 11.5601
18.1 9.18431
18.2 6.47195
18.3 4.13266
18.4 2.21524
18.5 0.407442
18.6 -1.43276
18.7 -3.22635
18.8 -4.83295
18.9 -6.05646
19 -7.06032
19.1 -7.94641
19.2 -8.44313
19.3 -8.07903
19.4 -6.07504
19.5 -2.26985
19.6 3.31019
19.7 10.3683
19.8 17.4016
19.9 21.6958
20 20.8852
20.1 13.4384
20.2 -2.25833
20.3 -26.1509
20.4 -54.5378
20.5 -79.9904
20.6 -93.488
20.7 -89.2277
20.8 -66.5153
20.9 -22.4486
21 40.4354
21.1 111.362
21.2 171.879
21.3 207.548
21.4 213.653
21.5 180.736
21.6 90.192
21.7 -45.2386
21.8 -170.471
21.9 -240.617
22 -256.719
22.1 -239.096
22.2 -192.323
22.3 -129.326
22.4 -70.666
22.5 -27.2865
22.6 0.9206
22.7 17.8254
22.8 27.9241
22.9 37.9245
23 54.0719
23.1 78.5451
23.2 108.195
23.3 134.731
23.4 148.917
23.5 148.141
23.6 133.136
23.7 105.662
23.8 72.9899
23.9 41.5031
24 12.0008
24.1 -17.3413
24.2 -48.7415
24.3 -82.6876
24.4 -114.484
24.5 -136.458
24.6 -144.908
24.7 -138.873
24.8 -120.555
24.9 -95.5476
25 -72.1975
25.1 -54.721
25.2 -42.2852
25.3 -32.5182
25.4 -22.0569
25.5 -8.19967
25.6 11.0128
25.7 36.3801
25.8 64.8706
25.9 89.7328
26 105.117
26.1 110.038
26.2 105.609
26.3 94.4084
26.4 80.7415
26.5 67.573
26.6 54.9527
26.7 41.6146
26.8 26.0572
26.9 8.18227
27 -10.4438
27.1 -27.085
27.2 -39.3123
27.3 -46.8298
27.4 -51.3557
27.5 -55.1213
27.6 -59.5612
27.7 -64.6256
27.8 -69.4319
27.9 -72.265
28 -71.6661
28.1 -66.6323
28.2 -57.4012
28.3 -45.93
28.4 -33.857
28.5 -22.3559
28.6 -11.4267
28.7 -0.794913
28.8 9.66946
28.9 19.4853
29 27.8887
29.1 34.5779
29.2 39.3362
29.3 42.1423
29.4 43.5949
29.5 44.8425
29.6 46.6719
29.7 49.2516
29.8 51.9685
29.9 53.609
30 52.8255
30.1 49.2745
30.2 43.4432
30.3 36.1934
30.4 28.2248
30.5 19.2027
30.6 8.71439
30.7 -2.62732
30.8 -13.845
30.9 -23.7614
31 -31.3817
31.1 -36.7063
31.2 -40.391
31.3 -42.8577
31.4 -44.5287
31.5 -46.0743
31.6 -48.1483
31.7 -50.5021
31.8 -51.9925
31.9 -51.4872
32 -48.5391
32.1 -43.2243
32.2 -36.6389
32.3 -29.9749
32.4 -24.0953
32.5 -19.0253
32.6 -14.2877
32.7 -9.12576
32.8 -3.07666
32.9 3.80845
33 11.1726
33.1 18.701
33.2 26.4905
33.3 33.7294
33.4 39.8671
33.5 44.8609
33.6 49.0639
33.7 52.3287
33.8 54.3639
33.9 54.9955
34 53.9439
34.1 51.2727
34.2 47.3743
34.3 42.733
34.4 37.2772
34.5 31.0245
34.6 24.5248
34.7 17.4868
34.8 9.996
34.9 2.5649
35 -4.59837
35.1 -11.3996
35.2 -17.8211
35.3 -23.9279
35.4 -29.8406
35.5 -35.7955
35.6 -41.2565
35.7 -45.2049
35.8 -47.6884
35.9 -49.1543
36 -49.7436
36.1 -49.4683
36.2 -48.9704
36.3 -48.0673
36.4 -46.122
36.5 -42.9244
36.6 -38.3883
36.7 -32.7696
36.8 -26.5358
36.9 -20.1216
37 -13.757
37.1 -7.35221
37.2 -1.11948
37.3 4.76641
37.4 10.589
37.5 16.0513
37.6 20.8112
37.7 24.736
37.8 27.9789
37.9 31.2029
38 34.5625
38.1 37.8237
38.2 40.7128
38.3 43.0903
38.4 44.7923
38.5 45.7273
38.6 45.5878
38.7 44.4145
38.8 42.371
38.9 39.26
39 35.5596
39.1 31.5306
39.2 26.8227
39.3 21.3641
39.4 15.4716
39.5 9.56865
39.6 3.77
39.7 -1.92838
39.8 -7.58851
39.9 -13.2483
40 -18.6148
40.1 -23.4426
40.2 -27.9589
40.3 -32.1663
40.4 -35.9363
40.5 -39.1129
40.6 -41.2147
40.7 -42.3926
40.8 -42.6375
40.9 -42.2497
41 -41.402
41.1 -40.1015
41.2 -38.1126
41.3 -35.65
41.4 -32.9336
41.5 -29.9697
41.6 -26.5897
41.7 -22.9191
41.8 -18.7027
41.9 -13.6755
42 -8.36324
42.1 -2.91429
42.2 2.77929
42.3 8.42914
42.4 13.5128
42.5 17.7713
42.6 21.6763
42.7 25.3246
42.8 28.727
42.9 31.6223
43 33.5483
43.1 34.8611
43.2 36.2229
43.3 37.7812
43.4 38.8297
43.5 38.8706
43.6 37.9997
43.7 36.3024
43.8 33.5303
43.9 29.4696
44 24.5581
44.1 19.5624
44.2 15.0928
44.3 11.4439
44.4 8.55291
44.5 6.08299
44.6 4.09916
44.7 2.40478
44.8 0.73304
44.9 -1.76188
45 -5.32322
45.1 -9.4688
45.2 -13.7564
45.3 -17.8978
45.4 -21.7134
45.5 -25.5129
45.6 -29.1639
45.7 -32.0342
45.8 -33.9627
45.9 -35.075
46 -35.3673
46.1 -34.983
46.2 -34.0412
46.3 -32.7667
46.4 -31.1838
46.5 -29.0671
46.6 -26.3917
46.7 -23.1381
46.8 -19.3495
46.9 -15.6629
47 -11.997
47.1 -8.03286
47.2 -4.16036
47.3 -0.732695
47.4 2.15281
47.5 4.93259
47.6 8.32644
47.7 12.0199
47.8 15.7576
47.9 19.3979
48 22.6612
48.1 25.3061
48.2 27.3079
48.3 28.5738
48.4 28.9716
48.5 28.9452
48.6 28.7625
48.7 28.4509
48.8 27.8902
48.9 27.185
49 26.2307
49.1 25.0951
49.2 23.4068
49.3 20.937
49.4 18.0394
49.5 15.0575
49.6 12.2797
49.7 9.39962
49.8 6.74667
49.9 4.45759
50 2.11895
50.1 -0.776168
50.2 -4.08745
50.3 -7.35904
50.4 -10.4926
50.5 -13.4548
50.6 -16.2665
50.7 -18.7514
50.8 -20.5779
50.9 -21.6728
51 -22.1338
51.1 -22.2472
51.2 -22.233
51.3 -22.2885
51.4 -22.6276
51.5 -22.8438
51.6 -22.6818
51.7 -22.4177
51.8 -21.8586
51.9 -20.9027
52 -19.7707
52.1 -18.1264
52.2 -15.7238
52.3 -12.8451
52.4 -10.0258
52.5 -7.32959
52.6 -4.28697
52.7 -0.747318
52.8 3.05693
52.9 6.79358
53 10.0547
53.1 12.5014
53.2 14.4129
53.3 16.2426
53.4 17.8216
53.5 19.3549
53.6 20.8261
53.7 22.0259
53.8 22.8954
53.9 23.1951
54 22.8047
54.1 21.952
54.2 20.499
54.3 18.4285
54.4 16.4756
54.5 15.02
54.6 13.8256
54.7 12.9109
54.8 12.3044
54.9 11.2817
55 9.56688
55.1 7.12656
55.2 4.42476
55.3 1.95964
55.4 -0.0911783
55.5 -2.17693
55.6 -4.32773
55.7 -6.22146
55.8 -7.39578
55.9 -7.91589
56 -8.34362
56.1 -9.0093
56.2 -9.95504
56.3 -11.0161
56.4 -11.8709
56.5 -12.7057
56.6 -13.6266
56.7 -14.4092
56.8 -14.7007
56.9 -14.4186
57 -13.8556
57.1 -13.4307
57.2 -13.1029
57.3 -12.983
57.4 -12.7068
57.5 -12.0037
57.6 -11.0287
57.7 -10.1163
57.8 -9.13333
57.9 -7.87996
58 -6.19275
58.1 -4.08068
58.2 -1.65689
58.3 0.965063
58.4 3.52981
58.5 5.7319
58.6 7.63571
58.7 9.20822
58.8 10.2479
58.9 10.7448
59 10.9063
59.1 10.8322
59.2 10.7175
59.3 10.771
59.4 11.2421
59.5 12.1435
59.6 13.1635
59.7 13.8253
59.8 14.0414
59.9 13.8695
60 13.3478
60.1 12.404
60.2 10.7976
60.3 8.54215
60.4 6.45303
60.5 5.05622
60.6 4.19186
60.7 3.60589
60.8 3.30859
60.9 3.37039
61 3.90453
61.1 4.24456
61.2 3.60841
61.3 2.26403
61.4 0.806499
61.5 -0.611453
61.6 -2.11486
61.7 -3.57556
61.8 -5.05137
61.9 -6.29852
62 -7.22848
62.1 -8.12136
62.2 -9.44042
62.3 -11.2405
62.4 -13.3244
62.5 -15.2281
62.6 -16.6532
62.7 -17.6452
62.8 -18.1046
62.9 -17.7736
63 -16.5605
63.1 -13.8804
63.2 -9.81831
63.3 -4.60439
63.4 1.31121
63.5 6.94935
63.6 11.349
63.7 14.1523
63.8 14.8088
63.9 13.1307
64 9.74285
64.1 5.88466
64.2 2.21816
64.3 -1.11582
64.4 -3.42625
64.5 -4.258
64.6 -3.98524
64.7 -3.0482
64.8 -1.66268
64.9 -0.251514
65 1.38055
65.1 2.96431
65.2 4.31659
65.3 5.76696
65.4 7.50011
65.5 9.54707
65.6 11.56
65.7 13.4484
65.8 14.4784
65.9 14.2868
66 13.2429
66.1 11.7815
66.2 10.2301
66.3 8.4829
66.4 6.66548
66.5 4.78952
66.6 3.12982
66.7 2.11174
66.8 1.36572
66.9 0.308976
67 -1.03194
67.1 -2.11499
67.2 -2.84202
67.3 -3.39873
67.4 -3.80808
67.5 -4.23535
67.6 -4.91455
67.7 -5.65615
67.8 -6.29591
67.9 -7.07202
68 -7.81825
68.1 -8.07628
68.2 -7.9248
68.3 -7.55667
68.4 -6.83279
68.5 -5.90622
68.6 -4.791
68.7 -3.85107
68.8 -3.05547
68.9 -2.6014
69 -2.6766
69.1 -3.03117
69.2 -3.30757
69.3 -3.39313
69.4 -3.18404
69.5 -3.02808
69.6 -2.68453
69.7 -1.77157
69.8 -0.431386
69.9 1.20216
70 2.46144
70.1 2.99505
70.2 3.16323
70.3 3.5732
70.4 4.16346
70.5 4.58059
70.6 4.77105
70.7 5.19183
70.8 5.94481
70.9 7.14966
71 8.41932
71.1 9.18504
71.2 9.32426
71.3 9.24451
71.4 9.22689
71.5 8.95582
71.6 8.20711
71.7 7.44571
71.8 7.04659
71.9 6.60654
72 5.79761
72.1 4.46366
72.2 2.94212
72.3 1.57325
72.4 0.227564
72.5 -1.70214
72.6 -3.68486
72.7 -5.40784
72.8 -6.50024
72.9 -6.60652
73 -6.5113
73.1 -6.08504
73.2 -5.16372
73.3 -4.16086
73.4 -3.2755
73.5 -2.96376
73.6 -2.97474
73.7 -3.509
73.8 -4.30108
73.9 -4.678
74 -4.60049
74.1 -4.2511
74.2 -3.62083
74.3 -2.71346
74.4 -1.60378
74.5 -0.111955
74.6 1.20352
74.7 1.51638
74.8 1.07021
74.9 0.815509
75 1.00724
75.1 1.34476
75.2 1.37804
75.3 1.63689
75.4 2.30472
75.5 3.25816
75.6 4.09897
75.7 4.79515
75.8 4.90548
75.9 4.48281
76 3.94562
76.1 3.42817
76.2 2.70775
76.3 2.03927
76.4 2.06147
76.5 2.21762
76.6 2.0752
76.7 1.49618
76.8 0.411038
76.9 -0.242465
77 -0.546974
77.1 -0.705447
77.2 -0.737986
77.3 -0.855016
77.4 -0.926236
77.5 -0.705373
77.6 -0.636428
77.7 -0.944787
77.8 -1.50299
77.9 -1.66978
78 -1.46229
78.1 -1.01129
78.2 -0.648529
78.3 -0.100015
78.4 0.629399
78.5 1.25599
78.6 1.55015
78.7 1.32304
78.8 1.43491
78.9 1.79647
79 2.31028
79.1 2.51335
79.2 2.7083
79.3 2.39544
79.4 1.86782
79.5 1.96456
79.6 1.96681
79.7 1.68333
79.8 1.60457
79.9 1.52644
80 1.38784
80.1 1.1587
80.2 0.504752
80.3 -0.26299
80.4 -1.06281
80.5 -1.79572
80.6 -2.39643
80.7 -2.51637
80.8 -2.48264
80.9 -2.08584
81 -1.14981
81.1 -0.114117
81.2 0.820484
81.3 1.19867
81.4 1.1863
81.5 0.833283
81.6 0.254936
81.7 -0.594499
81.8 -1.57481
81.9 -2.00604
82 -1.63964
82.1 -1.16348
82.2 -0.410376
82.3 0.229637
82.4 0.401798
82.5 0.64982
82.6 0.955186
82.7 0.966795
82.8 0.937552
82.9 0.554102
83 0.1963
83.1 -0.0422283
83.2 -0.14923
83.3 -0.253709
83.4 -0.246023
83.5 -0.162489
83.6 0.148606
83.7 0.402061
83.8 0.691338
83.9 0.993202
84 1.08531
84.1 1.16154
84.2 1.30676
84.3 1.79462
84.4 2.31626
84.5 2.77778
84.6 3.09591
84.7 2.90639
84.8 2.45541
84.9 2.07353
85 1.75579
85.1 1.46692
85.2 1.12084
85.3 0.884225
85.4 0.819776
85.5 0.779127
85.6 0.509235
85.7 0.190268
85.8 -0.17009
85.9 -0.599805
86 -1.04888
86.1 -1.35427
86.2 -1.47021
86.3 -1.24226
86.4 -0.928203
86.5 -0.747547
86.6 -0.529767
86.7 -0.0887269
86.8 0.371314
86.9 0.625941
87 0.446517
87.1 0.329843
87.2 0.223229
87.3 0.0546498
87.4 -0.388213
87.5 -0.987563
87.6 -1.76916
87.7 -2.65584
87.8 -3.06939
87.9 -3.41354
88 -2.91853
88.1 -2.69706
88.2 -2.49552
88.3 -1.92479
88.4 -0.713371
88.5 0.426377
88.6 1.12112
88.7 1.79352
88.8 2.21729
88.9 2.26146
89 2.15567
89.1 1.87787
89.2 1.36249
89.3 0.837827
89.4 0.553786
89.5 0.551929
89.6 0.701043
89.7 1.13373
89.8 1.80065
89.9 2.39068
90 2.65257
90.1 2.53096
90.2 2.15479
90.3 1.70368
90.4 1.26882
90.5 0.903933
90.6 0.553725
90.7 0.316841
90.8 0.140679
90.9 0.178445
91 0.204029
91.1 0.427311
91.2 0.564795
91.3 0.407161
91.4 0.0735677
91.5 -0.0259082
91.6 -0.133948
91.7 -0.23638
91.8 -0.120076
91.9 -0.184486
92 -0.265896
92.1 -0.250271
92.2 -0.314649
92.3 -0.235358
92.4 -0.358143
92.5 -0.706453
92.6 -1.19854
92.7 -1.54348
92.8 -1.67906
92.9 -1.70042
93 -1.76453
93.1 -1.74627
93.2 -1.73461
93.3 -1.15425
93.4 -0.688176
93.5 -0.568243
93.6 -0.286195
93.7 -0.0294722
93.8 0.0655915
93.9 0.119688
94 0.518528
94.1 1.0541
94.2 1.58496
94.3 2.121
94.4 2.34156
94.5 2.62294
94.6 2.5306
94.7 2.10675
94.8 1.57113
94.9 1.04521
95 0.774795
95.1 0.593843
95.2 0.363538
95.3 0.29265
95.4 0.248077
95.5 0.0587606
95.6 -0.220467
95.7 -0.482711
95.8 -0.593095
95.9 -0.583995
96 -0.128939
96.1 0.18587
96.2 0.323083
96.3 0.395143
96.4 0.333726
96.5 0.218474
96.6 0.0226203
96.7 -0.213457
96.8 -0.417516
96.9 -0.548325
97 -0.738371
97.1 -0.821232
97.2 -0.712082
97.3 -0.639236
97.4 -0.657093
97.5 -0.677634
97.6 -0.635245
97.7 -0.385447
97.8 0.0830353
97.9 0.202463
98 0.384582
98.1 0.393783
98.2 0.475123
98.3 0.435846
98.4 0.301506
98.5 0.196302
98.6 0.123771
98.7 -0.0118787
98.8 -0.234519
98.9 -0.210716
99 -0.111101
99.1 0.0930311
99.2 0.243792
99.3 0.216851
99.4 0.301262
99.5 0.267706
99.6 0.243496
99.7 0.0899581
99.8 0.0899581
99.9 0.0899581
100 0.0899581
100.1 0.0899581
100.2 0.0899581
100.3 0.0899581
100.4 0.0899581
100.5 0.0899581
100.6 0.0899581
100.7 0.0899581
100.8 0.0899581
100.9 0.0899581
101 0.0899581
101.1 0.0899581
101.2 0.0899581
101.3 0.0899581
101.4 0.0899581
101.5 0.0899581
101.6 0.0899581
101.7 0.0899581
101.8 0.0899581
101.9 0.0899581
102 0.0899581
102.1 0.0899581
102.2 0.0899581
102.3 0.0899581
