-0.45 1.93804
-0.355724 2.81849
-0.261448 3.53199
-0.167172 3.6561
-0.0728966 3.48603
0.0213792 3.50908
0.115655 3.13563
0.209931 2.54769
0.304207 2.04233
0.398483 1.58672
0.492758 1.37335
0.587034 1.36364
0.68131 1.41846
0.775586 1.22716
0.869862 0.871463
0.964138 0.39286
1.05841 -0.439857
1.15269 -1.48795
1.24697 -2.41778
1.34124 -3.03487
1.43552 -3.41173
1.52979 -3.08616
1.62407 -2.40992
1.71834 -1.10934
1.81262 -0.0944684
1.9069 0.625648
2.00117 0.898181
2.09545 0.679049
2.18972 0.127843
2.284 -0.785889
2.37828 -1.5898
2.47255 -2.44807
2.56683 -3.34869
2.6611 -3.23508
2.75538 -2.55738
2.84965 -1.36117
2.94393 0.0258951
3.03821 1.45445
3.13248 2.70015
3.22676 3.58062
3.32103 3.97819
3.41531 3.84866
3.50959 3.22245
3.60386 2.20255
3.69814 1.24282
3.79241 0.101197
3.88669 -0.961399
3.98096 -1.40418
4.07524 -1.63143
4.16952 -1.3279
4.26379 -0.685136
4.35807 0.2047
4.45234 1.22074
4.54662 2.09782
4.6409 2.96617
4.73517 3.35599
4.82945 3.61399
4.92372 3.73429
5.018 3.82997
5.11227 4.24354
5.20655 4.65624
5.30083 4.17369
5.3951 3.42073
5.48938 2.44712
5.58365 1.12372
5.67793 -0.307314
5.77221 -1.62363
5.86648 -2.82447
5.96076 -3.46546
6.05503 -3.67905
6.14931 -3.74071
6.24358 -3.4191
6.33786 -2.98447
6.43214 -2.50832
6.52641 -2.01426
6.62069 -1.30374
6.71496 -0.814677
6.80924 -0.38356
6.90352 -0.0904989
6.99779 -0.0214931
7.09207 -0.257904
7.18634 -0.470932
7.28062 -1.0452
7.37489 -1.58454
7.46917 -1.78
7.56345 -1.38463
7.65772 -0.423377
7.752 1.06688
7.84627 2.75507
7.94055 4.3815
8.03483 5.62266
8.1291 6.25025
8.22338 6.2275
8.31765 5.55815
8.41193 4.39619
8.5062 2.98566
8.60048 1.58222
8.69476 0.412488
8.78903 -0.455004
8.88331 -0.584224
8.97758 -0.248377
9.07186 0.559483
9.16614 1.64462
9.26041 2.71851
9.35469 3.44948
9.44896 3.54242
9.54324 2.65075
9.63752 0.870344
9.73179 -1.22887
9.82607 -3.85091
9.92034 -5.53398
10.0146 -6.19201
10.1089 -6.18933
10.2032 -5.38789
10.2974 -4.02278
10.3917 -2.40345
10.486 -0.803829
10.5803 0.599047
10.6745 1.73022
10.7688 2.5765
10.8631 3.13249
10.9574 3.36835
11.0517 3.23867
11.1459 2.72622
11.2402 1.89147
11.3345 0.893148
11.4288 -0.0416627
11.523 -0.691519
11.6173 -0.999707
11.7116 -0.782096
11.8059 -0.302267
11.9001 0.20056
11.9944 0.354922
12.0887 0.405458
12.183 0.326227
12.2772 0.317661
12.3715 0.57935
12.4658 1.20115
12.5601 2.10327
12.6543 3.05558
12.7486 3.76828
12.8429 4.01121
12.9372 3.70628
13.0314 2.95175
13.1257 1.97111
13.22 1.01563
13.3143 0.269491
13.4085 -0.199829
13.5028 -0.429521
13.5971 -0.504887
13.6914 -0.495872
13.7857 -0.422996
13.8799 -0.2674
13.9742 -0.0113961
14.0685 0.322317
14.1628 0.662427
14.257 0.920462
14.3513 1.0437
14.4456 1.05506
14.5399 1.05018
14.6341 1.14628
14.7284 1.40686
14.8227 1.7851
14.917 2.12271
15.0112 2.2138
15.1055 1.90741
15.1998 1.19805
15.2941 0.255348
15.3883 -0.628065
15.4826 -1.15069
15.5769 -1.12663
15.6712 -0.562163
15.7654 0.350517
15.8597 1.31689
15.954 2.05865
16.0483 2.41071
16.1425 2.35557
16.2368 1.98901
16.3311 1.44674
16.4254 0.837774
16.5197 0.219814
16.6139 -0.378341
16.7082 -0.913093
16.8025 -1.30003
16.8968 -1.43195
16.991 -1.23682
17.0853 -0.741413
17.1796 -0.0965134
17.2739 0.463595
17.3681 0.717838
17.4624 0.566839
17.5567 0.0957253
17.651 -0.447491
17.7452 -0.754752
17.8395 -0.595648
17.9338 0.0769783
18.0281 1.10608
18.1223 2.20403
18.2166 3.08231
18.3109 3.57049
18.4052 3.66551
18.4994 3.49128
18.5937 3.19781
18.688 2.86127
18.7823 2.44319
18.8765 1.83116
18.9708 0.935002
19.0651 -0.220744
19.1594 -1.46579
19.2537 -2.53716
19.3479 -3.18989
19.4422 -3.30441
19.5365 -2.93025
19.6308 -2.24183
19.725 -1.43302
19.8193 -0.613571
19.9136 0.229411
20.0079 1.18024
20.1021 2.28362
20.1964 3.44328
20.2907 4.39983
20.385 4.81498
20.4792 4.42741
20.5735 3.19898
20.6678 1.36727
20.7621 -0.634209
20.8563 -2.35548
20.9506 -3.51915
21.0449 -4.11855
21.1392 -4.36935
21.2334 -4.53787
21.3277 -4.73921
21.422 -4.81973
21.5163 -4.39779
21.6105 -3.05289
21.7048 -0.57122
21.7991 2.88
21.8934 6.74483
21.9877 10.2493
22.0819 12.67
22.1762 13.5716
22.2705 12.9021
22.3648 10.9143
22.459 7.97593
22.5533 4.3861
22.6476 0.306393
22.7419 -4.16058
22.8361 -8.80598
22.9304 -13.1826
23.0247 -16.6138
23.119 -18.3726
23.2132 -17.9565
23.3075 -15.3177
23.4018 -10.9163
23.4961 -5.55372
23.5903 -0.0600441
23.6846 5.00604
23.7789 9.48501
23.8732 13.5041
23.9674 17.1896
24.0617 20.3745
24.156 22.4853
24.2503 22.7026
24.3445 20.338
24.4388 15.2403
24.5331 8.00943
24.6274 -0.12201
24.7216 -7.70677
24.8159 -13.6101
24.9102 -17.3847
25.0045 -19.3009
25.0988 -20.0149
25.193 -20.0497
25.2873 -19.3723
25.3816 -17.312
25.4759 -12.8936
25.5701 -5.44386
25.6644 4.82136
25.7587 16.5234
25.853 27.3092
25.9472 34.4325
26.0415 35.4823
26.1358 28.9773
26.2301 14.6538
26.3243 -6.53114
26.4186 -32.5146
26.5129 -60.1819
26.6072 -85.3284
26.7014 -102.714
26.7957 -106.53
26.89 -91.5345
26.9843 -54.8133
27.0785 2.29813
27.1728 72.9169
27.2671 144.764
27.3614 202.22
27.4556 230.047
27.5499 217.823
27.6442 163.614
27.7385 75.4999
27.8328 -29.8525
27.927 -131.339
28.0213 -209.085
28.1156 -249.792
28.2099 -249.992
28.3041 -216.171
28.3984 -161.824
28.4927 -102.615
28.587 -51.4112
28.6812 -14.9157
28.7755 7.10949
28.8698 20.0645
28.9641 31.1715
29.0583 46.0455
29.1526 66.51
29.2469 90.3377
29.3412 112.73
29.4354 128.66
29.5297 134.959
29.624 131.266
29.7183 119.579
29.8125 102.816
29.9068 83.1912
30.0011 61.2357
30.0954 35.938
30.1896 5.87761
30.2839 -29.2345
30.3782 -67.4066
30.4725 -104.228
30.5668 -133.901
30.661 -151.078
30.7553 -152.763
30.8496 -139.483
30.9439 -115.248
31.0381 -86.2644
31.1324 -58.9063
31.2267 -37.7045
31.321 -24.0985
31.4152 -16.3739
31.5095 -10.7344
31.6038 -3.03171
31.6981 9.54315
31.7923 27.434
31.8866 48.6793
31.9809 69.769
32.0752 86.9768
32.1694 97.6042
32.2637 100.68
32.358 96.9283
32.4523 88.1439
32.5465 76.3257
32.6408 62.9757
32.7351 48.8234
32.8294 34.0071
32.9236 18.5213
33.0179 2.64437
33.1122 -12.8943
33.2065 -27.0776
33.3008 -38.9816
33.395 -48.1471
33.4893 -54.7278
33.5836 -59.3295
33.6779 -62.6243
33.7721 -64.9462
33.8664 -66.0851
33.9607 -65.3954
34.055 -62.169
34.1492 -56.0843
34.2435 -47.5
34.3378 -37.4401
34.4321 -27.2668
34.5263 -18.1959
34.6206 -10.8837
34.7149 -5.27145
34.8092 -0.745924
34.9034 3.48556
34.9977 8.0044
35.092 12.9664
35.1863 18.1516
35.2805 23.2186
35.3748 27.9977
35.4691 32.6396
35.5634 37.5247
35.6576 42.9756
35.7519 48.9305
35.8462 54.7674
35.9405 59.3956
36.0348 61.5969
36.129 60.4677
36.2233 55.7578
36.3176 47.951
36.4119 38.0592
36.5061 27.2371
36.6004 16.4086
36.6947 6.07161
36.789 -3.65144
36.8832 -12.7859
36.9775 -21.2556
37.0718 -28.7686
37.1661 -34.908
37.2603 -39.3722
37.3546 -42.2176
37.4489 -43.9432
37.5432 -45.339
37.6374 -47.1458
37.7317 -49.6832
37.826 -52.6318
37.9203 -55.0914
38.0145 -55.9043
38.1088 -54.1096
38.2031 -49.3265
38.2974 -41.9019
38.3916 -32.7686
38.4859 -23.0913
38.5802 -13.8697
38.6745 -5.66987
38.7687 1.4204
38.863 7.63176
38.9573 13.2613
39.0516 18.4676
39.1459 23.2063
39.2401 27.3115
39.3344 30.6473
39.4287 33.2263
39.523 35.2213
39.6172 36.8688
39.7115 38.3295
39.8058 39.5958
39.9001 40.5061
39.9943 40.8605
40.0886 40.5683
40.1829 39.7378
40.2772 38.6438
40.3714 37.5818
40.4657 36.6784
40.56 35.7602
40.6543 34.3576
40.7485 31.8543
40.8428 27.7186
40.9371 21.7147
41.0314 13.9994
41.1256 5.06769
41.2199 -4.41711
41.3142 -13.8239
41.4085 -22.6937
41.5027 -30.7696
41.597 -37.9261
41.6913 -44.0601
41.7856 -49.0142
41.8799 -52.5802
41.9741 -54.5754
42.0684 -54.9466
42.1627 -53.8364
42.257 -51.5713
42.3512 -48.5714
42.4455 -45.2232
42.5398 -41.7723
42.6341 -38.2797
42.7283 -34.652
42.8226 -30.7205
42.9169 -26.3265
43.0112 -21.3797
43.1054 -15.8754
43.1997 -9.88418
43.294 -3.53469
43.3883 2.99542
43.4825 9.48303
43.5768 15.6729
43.6711 21.3143
43.7654 26.2197
43.8596 30.3208
43.9539 33.6922
44.0482 36.5169
44.1425 39.0004
44.2367 41.2652
44.331 43.2771
44.4253 44.8418
44.5196 45.6797
44.6139 45.547
44.7081 44.3444
44.8024 42.1608
44.8967 39.2311
44.991 35.8288
45.0852 32.1517
45.1795 28.259
45.2738 24.0931
45.3681 19.5704
45.4623 14.6902
45.5566 9.59689
45.6509 4.5562
45.7452 -0.149613
45.8394 -4.3557
45.9337 -8.10867
46.028 -11.6671
46.1223 -15.3998
46.2165 -19.6235
46.3108 -24.4504
46.4051 -29.7132
46.4994 -34.9979
46.5936 -39.7665
46.6879 -43.5139
46.7822 -45.8952
46.8765 -46.7824
46.9707 -46.2437
47.065 -44.4776
47.1593 -41.7415
47.2536 -38.3076
47.3479 -34.4473
47.4421 -30.4281
47.5364 -26.4976
47.6307 -22.843
47.725 -19.5393
47.8192 -16.5152
47.9135 -13.5665
48.0078 -10.4244
48.1021 -6.85723
48.1963 -2.76474
48.2906 1.77973
48.3849 6.55819
48.4792 11.2942
48.5734 15.7541
48.6677 19.8145
48.762 23.4666
48.8563 26.7607
48.9505 29.7286
49.0448 32.3275
49.1391 34.4408
49.2334 35.9327
49.3276 36.7261
49.4219 36.8549
49.5162 36.4584
49.6105 35.7133
49.7047 34.7388
49.799 33.5254
49.8933 31.9296
49.9876 29.7476
50.0819 26.8339
50.1761 23.2109
50.2704 19.1105
50.3647 14.922
50.459 11.0605
50.5532 7.81056
50.6475 5.21196
50.7418 3.03733
50.8361 0.872506
50.9303 -1.73201
51.0246 -5.09831
51.1189 -9.30778
51.2132 -14.1746
51.3074 -19.307
51.4017 -24.226
51.496 -28.4938
51.5903 -31.8105
51.6845 -34.057
51.7788 -35.2815
51.8731 -35.6504
51.9674 -35.3832
52.0616 -34.6936
52.1559 -33.7458
52.2502 -32.6308
52.3445 -31.3613
52.4387 -29.8843
52.533 -28.1076
52.6273 -25.9347
52.7216 -23.3009
52.8159 -20.1981
52.9101 -16.6817
53.0044 -12.857
53.0987 -8.85141
53.193 -4.78561
53.2872 -0.755821
53.3815 3.16656
53.4758 6.92098
53.5701 10.4409
53.6643 13.6465
53.7586 16.4551
53.8529 18.8048
53.9472 20.68
54.0414 22.124
54.1357 23.2276
54.23 24.0959
54.3243 24.8064
54.4185 25.3775
54.5128 25.7627
54.6071 25.8757
54.7014 25.6374
54.7956 25.0237
54.8899 24.0943
54.9842 22.9858
55.0785 21.8714
55.1727 20.8972
55.267 20.122
55.3613 19.4798
55.4556 18.7832
55.5498 17.7681
55.6441 16.1688
55.7384 13.8008
55.8327 10.6271
55.927 6.78594
56.0212 2.57143
56.1155 -1.63131
56.2098 -5.43802
56.3041 -8.55961
56.3983 -10.8714
56.4926 -12.4377
56.5869 -13.4843
56.6812 -14.329
56.7754 -15.2909
56.8697 -16.605
56.964 -18.3668
57.0583 -20.5164
57.1525 -22.8615
57.2468 -25.1257
57.3411 -27.0061
57.4354 -28.2244
57.5296 -28.5679
57.6239 -27.9164
57.7182 -26.2608
57.8125 -23.7103
57.9067 -20.4862
58.001 -16.8961
58.0953 -13.2847
58.1896 -9.96821
58.2838 -7.16733
58.3781 -4.95935
58.4724 -3.26731
58.5667 -1.89268
58.661 -0.582436
58.7552 0.891582
58.8495 2.66772
58.9438 4.76407
59.0381 7.08879
59.1323 9.48171
59.2266 11.768
59.3209 13.8037
59.4152 15.4998
59.5094 16.8241
59.6037 17.7876
59.698 18.4251
59.7923 18.7797
59.8865 18.8924
59.9808 18.7957
60.0751 18.5114
60.1694 18.051
60.2636 17.4209
60.3579 16.6348
60.4522 15.7258
60.5465 14.7533
60.6407 13.7952
60.735 12.9211
60.8293 12.1566
60.9236 11.4546
61.0178 10.6919
61.1121 9.70315
61.2064 8.34257
61.3007 6.5509
61.395 4.39441
61.4892 2.05255
61.5835 -0.246824
61.6778 -2.31924
61.7721 -4.09986
61.8663 -5.6646
61.9606 -7.18059
62.0549 -8.80501
62.1492 -10.5799
62.2434 -12.3768
62.3377 -13.9256
62.432 -14.9207
62.5263 -15.1607
62.6205 -14.6553
62.7148 -13.646
62.8091 -12.5252
62.9034 -11.6859
62.9976 -11.3673
63.0919 -11.5661
63.1862 -12.0506
63.2805 -12.4696
63.3747 -12.501
63.469 -11.9722
63.5633 -10.8993
63.6576 -9.43539
63.7518 -7.7642
63.8461 -5.99978
63.9404 -4.14653
64.0347 -2.1383
64.129 0.0683861
64.2232 2.4021
64.3175 4.6407
64.4118 6.45852
64.5061 7.53979
64.6003 7.7076
64.6946 7.00817
64.7889 5.71205
64.8832 4.23222
64.9774 2.99668
65.0717 2.32965
65.166 2.38545
65.2603 3.14971
65.3545 4.48995
65.4488 6.22028
65.5431 8.14803
65.6374 10.0907
65.7316 11.8742
65.8259 13.3346
65.9202 14.3384
66.0145 14.8174
66.1087 14.7979
66.203 14.3957
66.2973 13.769
66.3916 13.0433
66.4858 12.2445
66.5801 11.2813
66.6744 9.99582
66.7687 8.26577
66.863 6.11033
66.9572 3.74144
67.0515 1.52297
67.1458 -0.156949
67.2401 -1.05008
67.3343 -1.17449
67.4286 -0.840058
67.5229 -0.552627
67.6172 -0.831448
67.7114 -2.01516
67.8057 -4.1383
67.9 -6.92908
67.9943 -9.92468
68.0885 -12.649
68.1828 -14.7734
68.2771 -16.1929
68.3714 -16.9958
68.4656 -17.3528
68.5599 -17.3875
68.6542 -17.0936
68.7485 -16.3342
68.8427 -14.916
68.937 -12.6983
69.0313 -9.68033
69.1256 -6.03021
69.2198 -2.04888
69.3141 1.90644
69.4084 5.4999
69.5027 8.46446
69.597 10.6104
69.6912 11.8102
69.7855 11.9848
69.8798 11.1122
69.9741 9.25781
70.0683 6.60721
70.1626 3.47554
70.2569 0.273865
70.3512 -2.56527
70.4454 -4.68041
70.5397 -5.85876
70.634 -6.07091
70.7283 -5.45328
70.8225 -4.25002
70.9168 -2.73964
71.0111 -1.17212
71.1054 0.268737
71.1996 1.4781
71.2939 2.42789
71.3882 3.15984
71.4825 3.7768
71.5767 4.4264
71.671 5.26959
71.7653 6.43319
71.8596 7.9579
71.9538 9.76334
72.0481 11.6508
72.1424 13.352
72.2367 14.6099
72.3309 15.2626
72.4252 15.2925
72.5195 14.8179
72.6138 14.028
72.7081 13.0896
72.8023 12.0664
72.8966 10.8899
72.9909 9.39541
73.0852 7.40882
73.1794 4.84341
73.2737 1.76343
73.368 -1.61503
73.4623 -4.98606
73.5565 -8.05082
73.6508 -10.6066
73.7451 -12.5916
73.8394 -14.0698
73.9336 -15.1699
74.0279 -16.0112
74.1222 -16.65
74.2165 -17.0711
74.3107 -17.2182
74.405 -17.0445
74.4993 -16.5502
74.5936 -15.787
74.6878 -14.8275
74.7821 -13.717
74.8764 -12.4368
74.9707 -10.9015
75.0649 -8.99772
75.1592 -6.64783
75.2535 -3.87054
75.3478 -0.807548
75.4421 2.29926
75.5363 5.17407
75.6306 7.59071
75.7249 9.43899
75.8192 10.7465
75.9134 11.6472
76.0077 12.3121
76.102 12.8723
76.1963 13.4594
76.2905 13.8136
76.3848 13.8808
76.4791 13.5877
76.5734 12.7166
76.6676 11.8186
76.7619 10.8236
76.8562 9.98792
76.9505 9.17773
77.0447 8.06488
77.139 7.28846
77.2333 6.37478
77.3276 5.1896
77.4218 3.52413
77.5161 1.75751
77.6104 -0.0652512
77.7047 -1.75954
77.7989 -3.1644
77.8932 -4.18756
77.9875 -5.05819
78.0818 -5.42593
78.1761 -5.48904
78.2703 -5.47979
78.3646 -5.45046
78.4589 -5.39573
78.5532 -5.34223
78.6474 -5.30725
78.7417 -5.29789
78.836 -5.30394
78.9303 -5.30566
79.0245 -5.22641
79.1188 -5.04571
79.2131 -4.7325
79.3074 -4.33267
79.4016 -3.55069
79.4959 -3.00837
79.5902 -2.71834
79.6845 -2.56548
79.7787 -2.15118
79.873 -1.90635
79.9673 -1.04859
80.0616 0.479759
80.1558 2.59081
80.2501 4.95736
80.3444 6.99722
80.4387 8.48433
80.5329 8.84007
80.6272 8.48931
80.7215 7.39101
80.8158 5.98094
80.9101 4.57535
81.0043 3.4422
81.0986 2.6758
81.1929 2.19939
81.2872 1.83921
81.3814 1.4309
81.4757 0.907156
81.57 0.399499
81.6643 -0.0416822
81.7585 -0.236133
81.8528 -0.271174
81.9471 0.0454221
82.0414 0.399949
82.1356 0.407072
82.2299 0.293807
82.3242 -0.356443
82.4185 -0.996789
82.5127 -1.67082
82.607 -2.23933
82.7013 -2.5393
82.7956 -2.83313
82.8898 -2.95028
82.9841 -3.15514
83.0784 -3.49429
83.1727 -3.96546
83.2669 -4.12576
83.3612 -3.96091
83.4555 -3.39079
83.5498 -2.42226
83.6441 -1.15042
83.7383 0.270488
83.8326 1.67165
83.9269 2.60879
84.0212 3.64378
84.1154 4.27021
84.2097 4.73228
84.304 5.16761
84.3983 5.02358
84.4925 4.60437
84.5868 3.98406
84.6811 3.27796
84.7754 2.61624
84.8696 2.10488
84.9639 1.79027
85.0582 1.64416
85.1525 1.44332
85.2467 1.28581
85.341 0.74573
85.4353 0.425939
85.5296 0.080329
85.6238 -0.471295
85.7181 -0.763523
85.8124 -0.953955
85.9067 -1.00593
86.0009 -0.634363
86.0952 -0.45393
86.1895 -0.570022
86.2838 -0.557315
86.378 -0.230037
86.4723 0.171719
86.5666 0.586368
86.6609 1.12611
86.7552 1.83686
86.8494 1.89288
86.9437 1.67904
87.038 1.39626
87.1323 0.953541
87.2265 0.227388
87.3208 -0.439221
87.4151 -1.15379
87.5094 -1.77085
87.6036 -2.4805
87.6979 -2.73552
87.7922 -2.77045
87.8865 -2.58651
87.9807 -2.24458
88.075 -1.7553
88.1693 -1.14469
88.2636 -0.487938
88.3578 0.117648
88.4521 0.424815
88.5464 0.640163
88.6407 0.652047
88.7349 0.462916
88.8292 0.123417
88.9235 -0.218742
89.0178 -0.584189
89.112 -0.732701
89.2063 -0.62741
89.3006 -0.272019
89.3949 0.277227
89.4892 0.839976
89.5834 1.53567
89.6777 2.22338
89.772 2.71394
89.8663 3.28159
89.9605 3.94547
90.0548 4.29131
90.1491 4.38944
90.2434 4.05491
90.3376 3.46641
90.4319 2.68816
90.5262 1.84087
90.6205 1.16548
90.7147 0.659776
90.809 0.431436
90.9033 0.442437
90.9976 0.743298
91.0918 0.744509
91.1861 0.329559
91.2804 -0.179489
91.3747 -0.847713
91.4689 -1.43829
91.5632 -2.2491
91.6575 -2.97188
91.7518 -3.00507
91.846 -2.6914
91.9403 -1.991
92.0346 -1.26751
92.1289 -0.530787
92.2232 -0.0586119
92.3174 0.480622
92.4117 0.904921
92.506 1.13447
92.6003 1.27151
92.6945 1.17548
92.7888 0.672014
92.8831 0.0943606
92.9774 -0.585315
93.0716 -1.41964
93.1659 -1.98438
93.2602 -2.34198
93.3545 -2.447
93.4487 -2.22731
93.543 -1.88698
93.6373 -1.36517
93.7316 -0.845563
93.8258 -0.253596
93.9201 0.340905
94.0144 1.0746
94.1087 1.46492
94.2029 1.88825
94.2972 2.02273
94.3915 1.9674
94.4858 1.97888
94.58 1.97944
94.6743 1.9325
94.7686 1.76884
94.8629 1.02757
94.9572 0.438504
95.0514 -0.268181
95.1457 -0.939129
95.24 -1.35968
95.3343 -1.44893
95.4285 -1.12594
95.5228 -0.479902
95.6171 0.905462
95.7114 1.45718
95.8056 1.66645
95.8999 1.37512
95.9942 0.729249
