0 0.603564
0.0908954 0.881078
0.181791 1.31872
0.272686 1.46533
0.363582 1.09702
0.454477 0.719252
0.545373 0.168638
0.636268 -0.610415
0.727163 -0.939532
0.818059 -0.855848
0.908954 -0.311592
0.99985 0.455998
1.09075 1.52059
1.18164 2.47269
1.27254 3.11073
1.36343 3.32556
1.45433 3.31833
1.54522 3.03405
1.63612 2.48849
1.72701 1.92027
1.81791 1.39131
1.9088 0.907105
1.9997 0.588653
2.09059 0.183628
2.18149 -0.144443
2.27239 -0.406835
2.36328 -0.525483
2.45418 -0.458897
2.54507 -0.354929
2.63597 -0.0922505
2.72686 0.145945
2.81776 0.282938
2.90865 0.192158
2.99955 0.0117381
3.09044 0.336419
3.18134 0.207269
3.27224 0.0689903
3.36313 -0.187301
3.45403 -0.443597
3.54492 -0.623538
3.63582 -0.627605
3.72671 -0.360677
3.81761 0.226029
3.9085 1.15968
3.9994 2.24348
4.09029 3.32866
4.18119 4.16974
4.27209 4.60691
4.36298 4.2774
4.45388 3.80843
4.54477 3.14458
4.63567 2.24885
4.72656 1.59496
4.81746 1.05702
4.90835 0.550709
4.99925 0.305139
5.09014 -0.638805
5.18104 -1.57368
5.27194 -2.05898
5.36283 -2.40224
5.45373 -2.37809
5.54462 -1.91223
5.63552 -1.08834
5.72641 -0.107039
5.81731 0.663783
5.9082 1.38081
5.9991 1.63044
6.08999 1.30101
6.18089 0.91645
6.27178 0.5269
6.36268 0.176195
6.45358 0.0699389
6.54447 0.102698
6.63537 0.180802
6.72626 0.241896
6.81716 0.295632
6.90805 0.415679
6.99895 0.688725
7.08984 1.27241
7.18074 1.96727
7.27163 2.59842
7.36253 3.02849
7.45343 3.08333
7.54432 2.70259
7.63522 1.97036
7.72611 1.07741
7.81701 0.243848
7.9079 -0.257193
7.9988 -0.51817
8.08969 -0.271334
8.18059 0.139386
8.27148 0.668336
8.36238 1.18469
8.45328 1.61193
8.54417 1.91976
8.63507 2.09367
8.72596 2.10868
8.81686 1.92784
8.90775 1.41557
8.99865 0.830616
9.08954 0.144628
9.18044 -0.293681
9.27133 -0.792135
9.36223 -1.01371
9.45312 -0.95266
9.54402 -0.697949
9.63492 -0.163314
9.72581 0.226316
9.81671 0.170542
9.9076 0.139208
9.9985 0.124185
10.0894 0.309919
10.1803 0.774527
10.2712 1.43401
10.3621 2.0673
10.453 2.41219
10.5439 2.48353
10.6348 1.81662
10.7257 0.478026
10.8166 -0.544179
10.9075 -0.989083
10.9983 -1.11684
11.0892 -0.806878
11.1801 -0.246882
11.271 0.329187
11.3619 0.752245
11.4528 0.981609
11.5437 1.09322
11.6346 1.20599
11.7255 1.46987
11.8164 1.71217
11.9073 1.86778
11.9982 1.80648
12.0891 1.47892
12.18 0.970006
12.2709 0.47935
12.3618 0.233616
12.4527 0.281496
12.5436 0.868614
12.6345 1.61758
12.7254 2.24321
12.8163 2.51323
12.9072 2.35682
12.998 1.89558
13.0889 1.38011
13.1798 1.06376
13.2707 1.07674
13.3616 1.36431
13.4525 1.71939
13.5434 1.89166
13.6343 1.71599
13.7252 1.19395
13.8161 0.4874
13.907 -0.16986
13.9979 -0.59347
14.0888 -0.737066
14.1797 -0.700846
14.2706 -0.657099
14.3615 -0.735607
14.4524 -0.934681
14.5433 -1.11055
14.6342 -1.05514
14.7251 -0.622779
14.816 0.163616
14.9069 1.08903
14.9977 1.82631
15.0886 2.08565
15.1795 1.75989
15.2704 0.990163
15.3613 0.113361
15.4522 -0.487768
15.5431 -0.560881
15.634 -0.100145
15.7249 0.655854
15.8158 1.34394
15.9067 1.65444
15.9976 1.47872
16.0885 0.953341
16.1794 0.380559
16.2703 0.0679581
16.3612 0.170499
16.4521 0.615469
16.543 1.14674
16.6339 1.46244
16.7248 1.37232
16.8157 0.892927
16.9066 0.233438
16.9974 -0.315596
17.0883 -0.527398
17.1792 -0.338881
17.2701 0.145675
17.361 0.742163
17.4519 1.30764
17.5428 1.81767
17.6337 2.34873
17.7246 2.9723
17.8155 3.62469
17.9064 4.04063
17.9973 3.81182
18.0882 2.56586
18.1791 0.1889
18.27 -3.02188
18.3609 -6.36972
18.4518 -8.95448
18.5427 -9.9833
18.6336 -9.06261
18.7245 -6.33854
18.8154 -2.41933
18.9062 1.88395
18.9971 5.87386
19.088 9.18845
19.1789 11.8253
19.2698 13.967
19.3607 15.7126
19.4516 16.8703
19.5425 16.9397
19.6334 15.3121
19.7243 11.5986
19.8152 5.91961
19.9061 -1.0033
19.997 -8.02214
20.0879 -13.9392
20.1788 -17.9162
20.2697 -19.7209
20.3606 -19.6938
20.4515 -18.4517
20.5424 -16.4815
20.6333 -13.838
20.7242 -10.1104
20.8151 -4.69251
20.9059 2.76286
20.9968 11.9241
21.0877 21.6019
21.1786 29.9081
21.2695 34.6922
21.3604 34.0755
21.4513 26.8811
21.5422 12.8446
21.6331 -7.36958
21.724 -32.2128
21.8149 -59.2183
21.9058 -84.8686
21.9967 -104.516
22.0876 -112.648
22.1785 -103.749
22.2694 -73.8215
22.3603 -22.2517
22.4512 46.5964
22.5421 122.833
22.633 192.125
22.7239 238.509
22.8148 248.384
22.9056 214.581
22.9965 139.157
23.0874 33.8369
23.1783 -82.3045
23.2692 -187.411
23.3601 -262.361
23.451 -295.554
23.5419 -285.468
23.6328 -240.243
23.7237 -174.521
23.8146 -104.683
23.9055 -44.1079
23.9964 0.0169668
24.0873 27.4609
24.1782 43.3059
24.2691 54.7681
24.36 67.8129
24.4509 84.8267
24.5418 104.083
24.6327 120.977
24.7236 130.333
24.8145 128.732
24.9053 115.915
24.9962 94.7642
25.0871 70.0027
25.178 46.2422
25.2689 26.2445
25.3598 10.1039
25.4507 -4.36404
25.5416 -20.2545
25.6325 -39.8455
25.7234 -63.248
25.8143 -87.9929
25.9052 -109.713
25.9961 -123.646
26.087 -126.359
26.1779 -117.039
26.2688 -97.8606
26.3597 -73.323
26.4506 -48.8059
26.5415 -28.8902
26.6324 -16.0303
26.7233 -10.014
26.8142 -8.33715
26.905 -7.29355
26.9959 -3.34771
27.0868 5.7006
27.1777 20.1262
27.2686 38.3878
27.3595 57.7994
27.4504 75.4478
27.5413 88.9974
27.6322 97.1277
27.7231 99.5304
27.814 96.5823
27.9049 88.9213
27.9958 77.1448
28.0867 61.7543
28.1776 43.3169
28.2685 22.7025
28.3594 1.21714
28.4503 -19.4861
28.5412 -37.717
28.6321 -52.1586
28.723 -62.1945
28.8139 -68.0044
28.9047 -70.3785
28.9956 -70.3351
29.0865 -68.7128
29.1774 -65.9174
29.2683 -61.9251
29.3592 -56.5161
29.4501 -49.6012
29.541 -41.4623
29.6319 -32.7743
29.7228 -24.392
29.8137 -17.0077
29.9046 -10.856
29.9955 -5.62621
30.0864 -0.637443
30.1773 4.79794
30.2682 10.9968
30.3591 17.7023
30.45 24.1643
30.5409 29.4737
30.6318 32.9948
30.7227 34.6869
30.8136 35.1529
30.9044 35.3816
30.9953 36.2974
31.0862 38.3253
31.1771 41.1753
31.268 43.9456
31.3589 45.4955
31.4498 44.9108
31.5407 41.8458
31.6316 36.5927
31.7225 29.8644
31.8134 22.4189
31.9043 14.7269
31.9952 6.8536
32.0861 -1.39095
32.177 -10.125
32.2679 -19.0819
32.3588 -27.5008
32.4497 -34.3111
32.5406 -38.5476
32.6315 -39.8056
32.7224 -38.5079
32.8133 -35.8312
32.9041 -33.2956
32.995 -32.181
33.0859 -33.0226
33.1768 -35.4106
33.2677 -38.1838
33.3586 -39.9306
33.4495 -39.5729
33.5404 -36.7773
33.6313 -32.0215
33.7222 -26.3087
33.8131 -20.6807
33.904 -15.766
33.9949 -11.5689
34.0858 -7.57802
34.1767 -3.11909
34.2676 2.24083
34.3585 8.43979
34.4494 14.9377
34.5403 20.9807
34.6312 25.9668
34.7221 29.7217
34.813 32.544
34.9038 35.0029
34.9947 37.5961
35.0856 40.4478
35.1765 43.2018
35.2674 45.1655
35.3583 45.6313
35.4492 44.2162
35.5401 41.0495
35.631 36.7188
35.7219 32.0051
35.8128 27.5398
35.9037 23.5533
35.9946 19.8326
36.0855 15.8979
36.1764 11.3013
36.2673 5.8892
36.3582 -0.101536
36.4491 -6.15664
36.54 -11.7402
36.6309 -16.5537
36.7218 -20.662
36.8127 -24.4184
36.9035 -28.2313
36.9944 -32.2943
37.0853 -36.4242
37.1762 -40.0952
37.2671 -42.6586
37.358 -43.6413
37.4489 -42.9735
37.5398 -41.0327
37.6307 -38.4788
37.7216 -35.9586
37.8125 -33.8242
37.9034 -31.9989
37.9943 -30.0534
38.0852 -27.4492
38.1761 -23.828
38.267 -19.2034
38.3579 -13.9644
38.4488 -8.69288
38.5397 -3.89024
38.6306 0.249986
38.7215 3.91223
38.8123 7.53943
38.9032 11.5856
38.9941 16.2627
39.085 21.4049
39.1759 26.512
39.2668 30.9484
39.3577 34.1983
39.4486 36.0593
39.5395 36.6873
39.6304 36.4845
39.7213 35.8959
39.8122 35.2153
39.9031 34.4942
39.994 33.582
40.0849 32.2652
40.1758 30.4197
40.2667 28.0966
40.3576 25.4977
40.4485 22.8608
40.5394 20.3216
40.6303 17.8286
40.7212 15.1586
40.812 12.0257
40.9029 8.2271
40.9938 3.75302
41.0847 -1.19385
41.1756 -6.276
41.2665 -11.1534
41.3574 -15.6028
41.4483 -19.5669
41.5392 -23.1152
41.6301 -26.3442
41.721 -29.2771
41.8119 -31.8169
41.9028 -33.7778
41.9937 -34.976
42.0846 -35.3269
42.1755 -34.8944
42.2664 -33.8646
42.3573 -32.4558
42.4482 -30.8143
42.5391 -28.9528
42.63 -26.7667
42.7209 -24.1226
42.8117 -20.9743
42.9026 -17.4444
42.9935 -13.8254
43.0844 -10.4922
43.1753 -7.76232
43.2662 -5.767
43.3571 -4.39173
43.448 -3.31372
43.5389 -2.11866
43.6298 -0.445041
43.7207 1.90532
43.8116 4.93144
43.9025 8.4756
43.9934 12.3114
44.0843 16.2281
44.1752 20.0713
44.2661 23.7293
44.357 27.0853
44.4479 29.9763
44.5388 32.1908
44.6297 33.5167
44.7206 33.8186
44.8114 33.1041
44.9023 31.5417
44.9932 29.4161
45.0841 27.0364
45.175 24.6384
45.2659 22.3244
45.3568 20.0663
45.4477 17.7667
45.5386 15.3426
45.6295 12.7886
45.7204 10.1868
45.8113 7.65947
45.9022 5.29178
45.9931 3.06849
46.084 0.86125
46.1749 -1.52057
46.2658 -4.23636
46.3567 -7.32166
46.4476 -10.6425
46.5385 -13.9229
46.6294 -16.8372
46.7203 -19.1306
46.8111 -20.7156
46.902 -21.7015
46.9929 -22.3464
47.0838 -22.9483
47.1747 -23.7241
47.2656 -24.7228
47.3565 -25.8077
47.4474 -26.7106
47.5383 -27.1328
47.6292 -26.8518
47.7201 -25.7931
47.811 -24.0452
47.9019 -21.8172
47.9928 -19.3612
48.0837 -16.8907
48.1746 -14.5217
48.2655 -12.2525
48.3564 -9.98414
48.4473 -7.56758
48.5382 -4.86344
48.6291 -1.79559
48.72 1.61321
48.8108 5.23179
48.9017 8.83896
48.9926 12.167
49.0835 14.9611
49.1744 17.0416
49.2653 18.3519
49.3562 18.976
49.4471 19.1193
49.538 19.0537
49.6289 19.0429
49.7198 19.2707
49.8107 19.7946
49.9016 20.54
49.9925 21.3334
50.0834 21.9621
50.1743 22.2373
50.2652 22.039
50.3561 21.3314
50.447 20.1487
50.5379 18.5656
50.6288 16.6666
50.7197 14.5299
50.8105 12.2271
50.9014 9.83294
50.9923 7.43458
51.0832 5.12812
51.1741 3.0012
51.265 1.10714
51.3559 -0.55709
51.4468 -2.05689
51.5377 -3.50434
51.6286 -5.02439
51.7195 -6.71418
51.8104 -8.61006
51.9013 -10.6733
51.9922 -12.7981
52.0831 -14.8374
52.174 -16.6366
52.2649 -18.0633
52.3558 -19.0281
52.4467 -19.4918
52.5376 -19.4649
52.6285 -19.0001
52.7194 -18.1845
52.8102 -17.1294
52.9011 -15.9576
52.992 -14.7877
53.0829 -13.715
53.1738 -12.7935
53.2647 -12.0246
53.3556 -11.356
53.4465 -10.6931
53.5374 -9.92014
53.6283 -8.92615
53.7192 -7.62794
53.8101 -5.9861
53.901 -4.01106
53.9919 -1.75981
54.0828 0.673804
54.1737 3.17245
54.2646 5.60994
54.3555 7.86592
54.4464 9.83974
54.5373 11.4624
54.6282 12.705
54.7191 13.5814
54.8099 14.1437
54.9008 14.4716
54.9917 14.6555
55.0826 14.779
55.1735 14.9023
55.2644 15.0513
55.3553 15.2136
55.4462 15.3414
55.5371 15.363
55.628 15.1987
55.7189 14.7807
55.8098 14.0712
55.9007 13.0757
55.9916 11.845
56.0825 10.465
56.1734 9.03599
56.2643 7.64568
56.3552 6.34718
56.4461 5.14913
56.537 4.02314
56.6279 2.9257
56.7187 1.82497
56.8096 0.719467
56.9005 -0.361641
56.9914 -1.37912
57.0823 -2.31657
57.1732 -3.20922
57.2641 -4.15095
57.355 -5.26961
57.4459 -6.67442
57.5368 -8.39422
57.6277 -10.333
57.7186 -12.2665
57.8095 -13.8897
57.9004 -14.9038
57.9913 -15.1129
58.0822 -14.4962
58.1731 -13.2226
58.264 -11.6024
58.3549 -9.98909
58.4458 -8.66847
58.5367 -7.77585
58.6276 -7.27063
58.7184 -6.97543
58.8093 -6.66004
58.9002 -6.13377
58.9911 -5.30881
59.082 -4.21188
59.1729 -2.94586
59.2638 -1.6254
59.3547 -0.320731
59.4456 0.962232
59.5365 2.2567
59.6274 3.57987
59.7183 4.8791
59.8092 6.01197
59.9001 6.77782
59.991 6.99352
60.0819 6.58369
60.1728 5.6447
60.2637 4.44962
60.3546 3.38401
60.4455 2.83125
60.5364 3.04845
60.6273 4.07967
60.7181 5.74004
60.809 7.67695
60.8999 9.48496
60.9908 10.8307
61.0817 11.5424
61.1726 11.6336
61.2635 11.2599
61.3544 10.632
61.4453 9.92385
61.5362 9.21477
61.6271 8.48315
61.718 7.64893
61.8089 6.63914
61.8998 5.44413
61.9907 4.13879
62.0816 2.86126
62.1725 1.76176
62.2634 0.94706
62.3543 0.446393
62.4452 0.212942
62.5361 0.156996
62.627 0.191999
62.7178 0.269292
62.8087 0.384147
62.8996 0.550929
62.9905 0.761417
63.0814 0.949594
63.1723 0.983969
63.2632 0.695807
63.3541 -0.0655789
63.445 -1.37284
63.5359 -3.18167
63.6268 -5.33036
63.7177 -7.57871
63.8086 -9.67051
63.8995 -11.3944
63.9904 -12.6197
64.0813 -13.297
64.1722 -13.429
64.2631 -13.032
64.354 -12.1084
64.4449 -10.6478
64.5358 -8.65385
64.6267 -6.18291
64.7175 -3.37321
64.8084 -0.445222
64.8993 2.33103
64.9902 4.69166
65.0811 6.43622
65.172 7.46466
65.2629 7.78174
65.3538 7.47144
65.4447 6.65705
65.5356 5.467
65.6265 4.02099
65.7174 2.43765
65.8083 0.852156
65.8992 -0.574315
65.9901 -1.66707
66.081 -2.27386
66.1719 -2.31112
66.2628 -1.79834
66.3537 -0.860974
66.4446 0.3055
66.5355 1.49953
66.6264 2.58071
66.7172 3.5123
66.8081 4.3604
66.899 5.25028
66.9899 6.29865
67.0808 7.5516
67.1717 8.95458
67.2626 10.366
67.3535 11.6056
67.4444 12.515
67.5353 13.002
67.6262 13.052
67.7171 12.7061
67.808 12.0218
67.8989 11.0398
67.9898 9.77447
68.0807 8.23192
68.1716 6.44185
68.2625 4.48213
68.3534 2.47723
68.4443 0.56631
68.5352 -1.1463
68.6261 -2.63328
68.7169 -3.95564
68.8078 -5.23291
68.8987 -6.58211
68.9896 -8.05212
69.0805 -9.58422
69.1714 -11.0194
69.2623 -12.1514
69.3532 -12.8036
69.4441 -12.8954
69.535 -12.4689
69.6259 -11.6648
69.7168 -10.6594
69.8077 -9.59412
69.8986 -8.52991
69.9895 -7.44729
70.0804 -6.28869
70.1713 -5.01897
70.2622 -3.67056
70.3531 -2.34747
70.444 -1.18352
70.5349 -0.274115
70.6258 0.383991
70.7166 0.912045
70.8075 1.51309
70.8984 2.39158
70.9893 3.66227
71.0802 5.28875
71.1711 7.08064
71.262 8.7532
71.3529 10.026
71.4438 10.7204
71.5347 10.8154
71.6256 10.4422
71.7165 9.81976
71.8074 9.1637
71.8983 8.60536
71.9892 8.15401
72.0801 7.71363
72.171 7.14194
72.2619 6.32295
72.3528 5.22126
72.4437 3.89762
72.5346 2.48409
72.6255 1.13415
72.7163 -0.027991
72.8072 -0.938209
72.8981 -1.59434
72.989 -2.03436
73.0799 -2.30552
73.1708 -2.50484
73.2617 -2.50549
73.3526 -2.21095
73.4435 -2.18007
73.5344 -1.94782
73.6253 -1.58617
73.7162 -1.158
73.8071 -0.726638
73.898 -0.348907
73.9889 -0.0579386
74.0798 0.143433
74.1707 0.277517
74.2616 0.378615
74.3525 0.477955
74.4434 0.592115
74.5343 0.550905
74.6252 0.77157
74.716 0.818976
74.8069 0.804067
74.8978 0.695699
74.9887 0.377687
75.0796 0.0824242
75.1705 -0.225916
75.2614 -0.477057
75.3523 -0.604432
75.4432 -0.565835
75.5341 -0.359893
75.625 -0.0447721
75.7159 0.447356
75.8068 0.884417
75.8977 1.13584
75.9886 1.11886
76.0795 0.827034
76.1704 0.334416
76.2613 -0.136877
76.3522 -0.328197
76.4431 -0.306418
76.534 -0.466437
76.6248 -0.606107
76.7157 -0.522116
76.8066 0.223428
76.8975 0.188733
76.9884 0.391708
77.0793 0.655272
77.1702 0.735726
77.2611 0.859449
77.352 1.07646
77.4429 1.39949
77.5338 1.79311
77.6247 2.15984
77.7156 2.39907
77.8065 2.46762
77.8974 2.36091
77.9883 2.08063
78.0792 1.67211
78.1701 1.21256
78.261 0.888292
78.3519 0.512767
78.4428 0.250055
78.5337 0.079145
78.6245 -0.0580545
78.7154 -0.229588
78.8063 -0.481104
78.8972 -0.811653
78.9881 -1.1682
79.079 -1.41265
79.1699 -1.55237
79.2608 -1.47926
79.3517 -1.1843
79.4426 -0.680491
79.5335 -0.0487895
79.6244 0.550912
79.7153 1.18286
79.8062 1.77211
79.8971 2.27143
79.988 2.84656
80.0789 3.09418
80.1698 3.10963
80.2607 2.85367
80.3516 2.27956
80.4425 1.6398
80.5334 0.943221
80.6242 0.321425
80.7151 -0.0893101
80.806 -0.184253
80.8969 0.0769303
80.9878 0.689678
81.0787 1.36175
81.1696 2.20263
81.2605 3.00862
81.3514 3.5428
81.4423 3.54526
81.5332 3.20775
81.6241 2.4374
81.715 1.30973
81.8059 -0.0489657
81.8968 -1.47502
81.9877 -2.78294
82.0786 -3.78753
82.1695 -4.33567
82.2604 -4.45551
82.3513 -3.94542
82.4422 -3.03357
82.5331 -1.94373
82.6239 -0.828887
82.7148 -0.137329
82.8057 0.1844
82.8966 0.338658
82.9875 -0.186199
83.0784 -0.703341
83.1693 -1.07827
83.2602 -1.31588
83.3511 -0.879972
83.442 -0.655459
83.5329 -0.466206
83.6238 -0.442965
83.7147 -0.633943
83.8056 -0.980426
83.8965 -1.07351
83.9874 -1.14969
84.0783 -1.1175
84.1692 -0.854209
84.2601 -0.22542
84.351 0.518572
84.4419 1.0703
84.5328 1.37057
84.6236 1.52638
84.7145 1.56878
84.8054 1.58309
84.8963 1.63102
84.9872 1.72382
85.0781 1.84048
85.169 1.92273
85.2599 1.92849
85.3508 1.86266
85.4417 1.78283
85.5326 1.778
85.6235 1.91528
85.7144 2.34308
85.8053 2.77132
85.8962 3.38482
85.9871 3.94377
86.078 4.34408
86.1689 4.50527
86.2598 4.38208
86.3507 3.96648
86.4416 3.34172
86.5325 2.48931
86.6233 1.47426
86.7142 0.810252
86.8051 -0.218794
86.896 -1.1094
86.9869 -1.47496
87.0778 -1.85667
87.1687 -2.01929
87.2596 -2.2051
87.3505 -2.11619
87.4414 -1.91173
87.5323 -1.62963
87.6232 -1.30401
87.7141 -0.97043
87.805 -0.671733
87.8959 -0.458005
87.9868 -0.376614
88.0777 -0.28627
88.1686 -0.415657
88.2595 -0.634643
88.3504 -1.06052
88.4413 -1.16686
88.5322 -1.51795
88.623 -1.59711
88.7139 -1.67887
88.8048 -1.62524
88.8957 -1.57025
88.9866 -1.33598
89.0775 -1.46105
89.1684 -1.65214
89.2593 -1.79532
89.3502 -1.78476
89.4411 -1.56377
89.532 -1.14079
89.6229 -0.596183
89.7138 0.0405657
89.8047 0.694402
89.8956 1.34038
89.9865 1.98711
90.0774 2.65078
90.1683 2.99173
90.2592 3.58981
90.3501 4.08232
90.441 4.23214
90.5319 4.26311
90.6227 4.067
90.7136 3.70536
90.8045 3.27348
90.8954 3.03713
90.9863 3.12104
91.0772 2.8288
91.1681 2.50134
91.259 2.0706
91.3499 1.61316
91.4408 1.20338
91.5317 0.818295
91.6226 0.537434
91.7135 0.242976
91.8044 -0.0727091
91.8953 -0.458545
91.9862 -0.93185
92.0771 -1.45642
92.168 -1.58265
92.2589 -1.97788
92.3498 -2.21163
92.4407 -2.09042
92.5316 -1.705
92.6224 -1.17281
92.7133 -0.658723
92.8042 -0.309553
92.8951 -0.230091
92.986 -0.2612
