-1.68 0.333833
-1.58347 -0.108122
-1.48694 -0.623722
-1.39041 -0.687412
-1.29388 -0.806447
-1.19735 -0.630374
-1.10082 -0.297547
-1.00429 0.325045
-0.907764 1.15427
-0.811235 1.63148
-0.714706 1.7068
-0.618176 1.31768
-0.521647 0.537393
-0.425117 -0.452693
-0.328588 -1.42404
-0.232058 -2.0691
-0.135529 -2.60122
-0.0389994 -2.63103
0.05753 -2.25524
0.154059 -1.18853
0.250589 -0.176312
0.347118 0.807291
0.443648 1.7379
0.540177 2.53029
0.636707 2.92654
0.733236 2.86908
0.829766 2.93488
0.926295 2.85965
1.02282 2.58662
1.11935 2.08074
1.21588 1.35675
1.31241 0.542703
1.40894 -0.307699
1.50547 -0.793887
1.602 -1.28434
1.69853 -1.52122
1.79506 -1.51408
1.89159 -1.26069
1.98812 -0.636044
2.08465 -0.102462
2.18118 0.577435
2.27771 1.36101
2.37424 2.18831
2.47077 2.98238
2.5673 3.4672
2.66383 3.91494
2.76035 4.1149
2.85688 4.00219
2.95341 3.54049
3.04994 2.56682
3.14647 1.35608
3.243 0.439567
3.33953 -0.71135
3.43606 -1.42983
3.53259 -1.04033
3.62912 -1.13428
3.72565 -0.991086
3.82218 -0.713619
3.91871 0.0447848
4.01524 0.655125
4.11177 0.622488
4.2083 0.352077
4.30483 0.0364165
4.40136 -0.419858
4.49788 -0.804469
4.59441 -0.988979
4.69094 -0.75403
4.78747 -0.412817
4.884 -0.279943
4.98053 0.394863
5.07706 1.08173
5.17359 1.70823
5.27012 2.20377
5.36665 2.50885
5.46318 2.72389
5.55971 2.66842
5.65624 2.52364
5.75277 2.38149
5.8493 2.32168
5.94583 2.36944
6.04236 2.47463
6.13889 2.53088
6.23541 2.19257
6.33194 1.92088
6.42847 1.51911
6.525 1.1434
6.62153 1.33231
6.71806 1.51646
6.81459 1.78658
6.91112 1.96362
7.00765 1.571
7.10418 0.992876
7.20071 0.0492404
7.29724 -1.00004
7.39377 -2.06295
7.4903 -2.92579
7.58683 -2.91321
7.68336 -2.34377
7.77989 -1.48604
7.87642 -0.781324
7.97294 -0.302533
8.06947 -0.116988
8.166 -0.0971327
8.26253 -0.00361756
8.35906 0.36949
8.45559 0.867724
8.55212 1.83376
8.64865 3.17311
8.74518 3.97718
8.84171 4.23603
8.93824 3.89364
9.03477 3.15522
9.1313 1.99391
9.22783 0.752125
9.32436 -0.390525
9.42089 -1.32473
9.51742 -1.97369
9.61395 -2.24702
9.71047 -2.03093
9.807 -1.23375
9.90353 0.134772
10.0001 1.9009
10.0966 3.73061
10.1931 5.21617
10.2897 6.01522
10.3862 5.97795
10.4827 5.19814
10.5792 3.95959
10.6758 2.60373
10.7723 1.4199
10.8688 0.192324
10.9654 -0.707742
11.0619 -1.53274
11.1584 -2.33563
11.2549 -3.03887
11.3515 -3.45742
11.448 -3.40687
11.5445 -2.83389
11.6411 -1.88889
11.7376 -0.890017
11.8341 -0.187421
11.9307 0.00548289
12.0272 -0.275676
12.1237 -0.753777
12.2202 -1.03923
12.3168 -0.817789
12.4133 -0.0028512
12.5098 1.22398
12.6064 2.50163
12.7029 3.45862
12.7994 3.87432
12.8959 3.75314
12.9925 3.2829
13.089 2.71164
13.1855 2.21759
13.2821 1.84376
13.3786 1.52514
13.4751 1.17987
13.5717 0.79909
13.6682 0.474361
13.7647 0.343427
13.8612 0.488303
13.9578 0.852885
14.0543 1.23908
14.1508 1.39531
14.2474 1.15515
14.3439 0.5493
14.4404 -0.17666
14.5369 -0.658128
14.6335 -0.578577
14.73 0.175029
14.8265 1.44767
14.9231 2.87544
15.0196 4.03777
15.1161 4.62573
15.2127 4.54531
15.3092 3.91322
15.4057 2.96166
15.5022 1.9139
15.5988 0.900596
15.6953 -0.0451052
15.7918 -0.926737
15.8884 -1.71003
15.9849 -2.29163
16.0814 -2.53642
16.1779 -2.36152
16.2745 -1.81183
16.371 -1.07293
16.4675 -0.403356
16.5641 -0.0171131
16.6606 0.0197494
16.7571 -0.181029
16.8537 -0.393616
16.9502 -0.40253
17.0467 -0.120021
17.1432 0.36814
17.2398 0.852814
17.3363 1.11808
17.4328 1.05811
17.5294 0.730159
17.6259 0.31758
17.7224 0.0294841
17.8189 -0.00201866
17.9155 0.231658
18.012 0.646148
18.1085 1.14363
18.2051 1.68313
18.3016 2.29166
18.3981 3.00703
18.4947 3.79234
18.5912 4.48612
18.6877 4.83606
18.7842 4.61309
18.8808 3.74885
18.9773 2.41455
19.0738 0.983713
19.1704 -0.11751
19.2669 -0.602355
19.3634 -0.45742
19.4599 0.0573193
19.5565 0.548428
19.653 0.697779
19.7495 0.428392
19.8461 -0.063821
19.9426 -0.430957
20.0391 -0.380203
20.1357 0.148937
20.2322 0.938325
20.3287 1.60424
20.4252 1.80826
20.5218 1.44805
20.6183 0.719695
20.7148 0.0150742
20.8114 -0.289196
20.9079 -0.0329572
21.0044 0.649122
21.1009 1.41475
21.1975 1.91462
21.294 1.98918
21.3905 1.74733
21.4871 1.48246
21.5836 1.47751
21.6801 1.81715
21.7767 2.32218
21.8732 2.64872
21.9697 2.49554
22.0662 1.79484
22.1628 0.766931
22.2593 -0.202467
22.3558 -0.796755
22.4524 -0.976961
22.5489 -1.03283
22.6454 -1.43115
22.742 -2.53394
22.8385 -4.34135
22.935 -6.41001
23.0315 -8.00635
23.1281 -8.42405
23.2246 -7.30078
23.3211 -4.76552
23.4177 -1.34103
23.5142 2.3365
23.6107 5.81447
23.7072 8.96332
23.8038 11.8792
23.9003 14.6166
23.9968 16.9278
24.0934 18.1959
24.1899 17.6399
24.2864 14.7097
24.383 9.45983
24.4795 2.67942
24.576 -4.32825
24.6725 -10.2325
24.7691 -14.1906
24.8656 -16.1199
24.9621 -16.5772
25.0587 -16.3016
25.1552 -15.6714
25.2517 -14.3829
25.3482 -11.5535
25.4448 -6.22955
25.5413 1.94416
25.6378 12.2273
25.7344 22.7196
25.8309 30.773
25.9274 33.6994
26.024 29.4759
26.1205 17.2066
26.217 -2.71776
26.3135 -28.6357
26.4101 -57.6177
26.5066 -85.3885
26.6031 -106.333
26.6997 -113.934
26.7962 -101.97
26.8927 -66.4732
26.9892 -8.003
27.0858 66.6797
27.1823 144.524
27.2788 208.31
27.3754 240.814
27.4719 229.932
27.5684 173.056
27.665 78.9862
27.7615 -33.6354
27.858 -141.156
27.9545 -221.557
28.0511 -260.682
28.1476 -255.894
28.2441 -215.893
28.3407 -156.884
28.4372 -96.5784
28.5337 -48.3263
28.6302 -17.4706
28.7268 -1.07341
28.8233 9.21769
28.9198 22.5916
29.0164 44.7644
29.1129 75.6314
29.2094 109.624
29.306 138.345
29.4025 154.152
29.499 153.115
29.5955 136.179
29.6921 108.25
29.7886 75.8404
29.8851 44.4362
29.9817 16.7706
30.0782 -7.36777
30.1747 -29.9034
30.2712 -52.5773
30.3678 -75.383
30.4643 -96.101
30.5608 -111.126
30.6574 -117.153
30.7539 -112.879
30.8504 -99.9037
30.947 -82.3563
31.0435 -65.3877
31.14 -53.1644
31.2365 -47.2211
31.3331 -45.874
31.4296 -44.9392
31.5261 -39.4541
31.6227 -25.6931
31.7192 -2.6749
31.8157 27.4021
31.9122 59.9053
32.0088 89.3298
32.1053 111.024
32.2018 122.421
32.2984 123.394
32.3949 115.73
32.4914 102.089
32.588 84.9416
32.6845 65.9331
32.781 45.8255
32.8775 24.9068
32.9741 3.54445
33.0706 -17.4475
33.1671 -36.8093
33.2637 -53.1683
33.3602 -65.4911
33.4567 -73.4008
33.5532 -77.2002
33.6498 -77.6154
33.7463 -75.4215
33.8428 -71.1608
33.9394 -65.0911
34.0359 -57.3565
34.1324 -48.2424
34.229 -38.333
34.3255 -28.4551
34.422 -19.4277
34.5185 -11.7586
34.6151 -5.46765
34.7116 -0.149814
34.8081 4.74822
34.9047 9.58913
35.0012 14.3379
35.0977 18.6104
35.1942 21.9554
35.2908 24.209
35.3873 25.7073
35.4838 27.2108
35.5804 29.5519
35.6769 33.1756
35.7734 37.8186
35.87 42.5142
35.9665 45.9473
36.063 46.9992
36.1595 45.2159
36.2561 40.966
36.3526 35.2084
36.4491 28.9935
36.5457 22.9589
36.6422 17.0816
36.7387 10.8125
36.8352 3.51544
36.9318 -5.03098
37.0283 -14.3479
37.1248 -23.3496
37.2214 -30.7812
37.3179 -35.7803
37.4144 -38.2733
37.511 -39.0008
37.6075 -39.1537
37.704 -39.8008
37.8005 -41.3923
37.8971 -43.5791
37.9936 -45.4241
38.0901 -45.8835
38.1867 -44.3067
38.2832 -40.7075
38.3797 -35.6902
38.4763 -30.0952
38.5728 -24.5701
38.6693 -19.2931
38.7658 -13.9831
38.8624 -8.16711
38.9589 -1.54163
39.0554 5.77644
39.152 13.2434
39.2485 20.1208
39.345 25.811
39.4415 30.1114
39.5381 33.2548
39.6346 35.7237
39.7311 37.9491
39.8277 40.0597
39.9242 41.8141
40.0207 42.7419
40.1173 42.4092
40.2138 40.661
40.3103 37.7149
40.4068 34.0646
40.5034 30.2545
40.5999 26.648
40.6964 23.3033
40.793 20.0055
40.8895 16.4177
40.986 12.259
41.0825 7.41727
41.1791 1.95645
41.2756 -3.95691
41.3721 -10.1416
41.4687 -16.4428
41.5652 -22.7076
41.6617 -28.7301
41.7583 -34.2228
41.8548 -38.8587
41.9513 -42.3758
42.0478 -44.6902
42.1444 -45.9446
42.2409 -46.4491
42.3374 -46.5298
42.434 -46.3547
42.5305 -45.8307
42.627 -44.6301
42.7235 -42.3415
42.8201 -38.6754
42.9166 -33.6209
43.0131 -27.4764
43.1097 -20.742
43.2062 -13.929
43.3027 -7.3838
43.3993 -1.21184
43.4958 4.6714
43.5923 10.4003
43.6888 16.0139
43.7854 21.3845
43.8819 26.2551
43.9784 30.3578
44.075 33.5421
44.1715 35.8401
44.268 37.4353
44.3645 38.5532
44.4611 39.3368
44.5576 39.7746
44.6541 39.715
44.7507 38.9581
44.8472 37.3692
44.9437 34.9577
45.0403 31.8824
45.1368 28.3884
45.2333 24.7126
45.3298 21.0079
45.4264 17.3156
45.5229 13.59
45.6194 9.74926
45.716 5.72276
45.8125 1.47583
45.909 -2.98728
46.0055 -7.62681
46.1021 -12.3638
46.1986 -17.0696
46.2951 -21.5635
46.3917 -25.6354
46.4882 -29.0963
46.5847 -31.8392
46.6813 -33.8764
46.7778 -35.323
46.8743 -36.3246
46.9708 -36.9585
47.0674 -37.1614
47.1639 -36.7323
47.2604 -35.423
47.357 -33.0824
47.4535 -29.7866
47.55 -25.8814
47.6465 -21.9014
47.7431 -18.3898
47.8396 -15.6911
47.9361 -13.8117
48.0327 -12.4123
48.1292 -10.9413
48.2257 -8.85102
48.3223 -5.80425
48.4188 -1.78465
48.5153 2.92686
48.6118 7.88615
48.7084 12.6602
48.8049 16.9614
48.9014 20.6918
48.998 23.8939
49.0945 26.6526
49.191 29.0048
49.2875 30.9023
49.3841 32.2363
49.4806 32.8989
49.5771 32.8414
49.6737 32.1001
49.7702 30.781
49.8667 29.021
49.9633 26.9512
50.0598 24.6782
50.1563 22.2861
50.2528 19.8442
50.3494 17.4051
50.4459 14.9927
50.5424 12.5886
50.639 10.1348
50.7355 7.56324
50.832 4.84107
50.9285 2.00892
51.0251 -0.817159
51.1216 -3.49098
51.2181 -5.91337
51.3147 -8.10318
51.4112 -10.2198
51.5077 -12.5145
51.6043 -15.2243
51.7008 -18.4519
51.7973 -22.0903
51.8938 -25.8293
51.9904 -29.2471
52.0869 -31.946
52.1834 -33.6745
52.28 -34.3826
52.3765 -34.1944
52.473 -33.3192
52.5695 -31.9513
52.6661 -30.2063
52.7626 -28.1148
52.8591 -25.6649
52.9557 -22.8557
53.0522 -19.7258
53.1487 -16.3434
53.2453 -12.7698
53.3418 -9.02893
53.4383 -5.10873
53.5348 -1.0021
53.6314 3.23731
53.7279 7.46062
53.8244 11.4395
53.921 14.9335
54.0175 17.7785
54.114 19.9506
54.2105 21.5675
54.3071 22.8243
54.4036 23.8927
54.5001 24.8375
54.5967 25.5934
54.6932 26.0145
54.7897 25.9698
54.8863 25.4304
54.9828 24.5004
55.0793 23.3724
55.1758 22.2327
55.2724 21.166
55.3689 20.1152
55.4654 18.9175
55.562 17.3991
55.6585 15.4779
55.755 13.2177
55.8516 10.8044
55.9481 8.45672
56.0446 6.31767
56.1411 4.38514
56.2377 2.51621
56.3342 0.501922
56.4307 -1.82784
56.5273 -4.52321
56.6238 -7.4951
56.7203 -10.5609
56.8168 -13.5235
56.9134 -16.2377
57.0099 -18.629
57.1064 -20.6632
57.203 -22.2938
57.2995 -23.4288
57.396 -23.9462
57.4926 -23.7556
57.5891 -22.8734
57.6856 -21.4651
57.7821 -19.8235
57.8787 -18.2812
57.9752 -17.0931
58.0717 -16.3411
58.1683 -15.9038
58.2648 -15.506
58.3613 -14.8225
58.4578 -13.5931
58.5544 -11.6995
58.6509 -9.18248
58.7474 -6.20347
58.844 -2.98068
58.9405 0.268893
59.037 3.36158
59.1336 6.15486
59.2301 8.54639
59.3266 10.4797
59.4231 11.96
59.5197 13.0666
59.6162 13.9453
59.7127 14.7685
59.8093 15.6713
59.9058 16.6915
60.0023 17.7421
60.0988 18.6388
60.1954 19.1733
60.2919 19.2039
60.3884 18.7194
60.485 17.8477
60.5815 16.802
60.678 15.7908
60.7746 14.9337
60.8711 14.2218
60.9676 13.5376
61.0641 12.7224
61.1607 11.6559
61.2572 10.309
61.3537 8.74978
61.4503 7.1031
61.5468 5.4884
61.6433 3.96633
61.7398 2.51647
61.8364 1.05158
61.9329 -0.542912
62.0294 -2.36295
62.126 -4.44943
62.2225 -6.76904
62.319 -9.21211
62.4156 -11.6049
62.5121 -13.7356
62.6086 -15.3938
62.7051 -16.4218
62.8017 -16.7656
62.8982 -16.5064
62.9947 -15.8528
63.0913 -15.0834
63.1878 -14.4521
63.2843 -14.0895
63.3808 -13.9428
63.4774 -13.7873
63.5739 -13.3138
63.6704 -12.2608
63.767 -10.5369
63.8635 -8.27892
63.96 -5.8151
64.0566 -3.54747
64.1531 -1.80135
64.2496 -0.707114
64.3461 -0.163568
64.4427 0.104818
64.5392 0.426686
64.6357 1.05464
64.7323 2.08307
64.8288 3.44121
64.9253 4.9528
65.0218 6.42452
65.1184 7.71878
65.2149 8.782
65.3114 9.62739
65.408 10.2951
65.5045 10.8196
65.601 11.2225
65.6976 11.5278
65.7941 11.7804
65.8906 12.0448
65.9871 12.3751
66.0837 12.7702
66.1802 13.1408
66.2767 13.3135
66.3733 13.0828
66.4698 12.2923
66.5663 10.9104
66.6628 9.0648
66.7594 7.01508
66.8559 5.07422
66.9524 3.51029
67.049 2.46902
67.1455 1.94539
67.242 1.80872
67.3386 1.8619
67.4351 1.90457
67.5316 1.77537
67.6281 1.36536
67.7247 0.612239
67.8212 -0.507124
67.9177 -1.97345
68.0143 -3.7126
68.1108 -5.58768
68.2073 -7.41208
68.3038 -8.98979
68.4004 -10.1725
68.4969 -10.9093
68.5934 -11.264
68.69 -11.3864
68.7865 -11.4465
68.883 -11.558
68.9796 -11.7244
69.0761 -11.8304
69.1726 -11.6823
69.2691 -11.0793
69.3657 -9.88524
69.4622 -8.07412
69.5587 -5.73635
69.6553 -3.05051
69.7518 -0.237431
69.8483 2.48399
69.9448 4.92672
70.0414 6.94856
70.1379 8.45295
70.2344 9.38415
70.331 9.72057
70.4275 9.46732
70.524 8.64866
70.6206 7.3035
70.7171 5.48923
70.8136 3.29713
70.9101 0.875535
71.0067 -1.55218
71.1032 -3.69236
71.1997 -5.22091
71.2963 -5.8558
71.3928 -5.44065
71.4893 -4.00559
71.5859 -1.77384
71.6824 0.897657
71.7789 3.62659
71.8754 6.12077
71.972 8.25204
72.0685 10.0561
72.165 11.6586
72.2616 13.1639
72.3581 14.5607
72.4546 15.6911
72.5511 16.303
72.6477 16.1586
72.7442 15.1505
72.8407 13.3663
72.9373 11.0706
73.0338 8.61051
73.1303 6.28766
73.2269 4.25601
73.3234 2.48911
73.4199 0.828795
73.5164 -0.912097
73.613 -2.84341
73.7095 -4.93668
73.806 -7.03386
73.9026 -8.91634
73.9991 -10.3978
74.0956 -11.3968
74.1921 -11.9592
74.2887 -12.2246
74.3852 -12.3573
74.4817 -12.4759
74.5783 -12.6073
74.6748 -12.6825
74.7713 -12.5674
74.8679 -12.1131
74.9644 -11.2067
75.0609 -9.80753
75.1574 -7.9624
75.254 -5.80056
75.3505 -3.51018
75.447 -1.30141
75.5436 0.637818
75.6401 2.18317
75.7366 3.30052
75.8331 4.0471
75.9297 4.54404
76.0262 4.92858
76.1227 5.30422
76.2193 5.70994
76.3158 6.12181
76.4123 6.48564
76.5089 6.76311
76.6054 6.9666
76.7019 7.16304
76.7984 7.44301
76.895 7.87014
76.9915 8.43704
77.088 9.05161
77.1846 9.56228
77.2811 9.81089
77.3776 9.688
77.4741 9.16283
77.5707 8.37242
77.6672 7.34138
77.7637 6.14163
77.8603 4.83705
77.9568 3.49516
78.0533 2.206
78.1499 1.08646
78.2464 0.240131
78.3429 -0.248504
78.4394 -0.406998
78.536 -0.409229
78.6325 -0.510268
78.729 -1.16206
78.8256 -2.05754
78.9221 -3.36725
79.0186 -4.87959
79.1151 -6.25978
79.2117 -7.15891
79.3082 -7.2606
79.4047 -6.6754
79.5013 -5.42659
79.5978 -3.59409
79.6943 -1.92567
79.7909 -0.609148
79.8874 0.173211
79.9839 0.398519
80.0804 0.254628
80.177 -0.284927
80.2735 -1.19054
80.37 -1.65231
80.4666 -1.7574
80.5631 -1.59733
80.6596 -0.911769
80.7561 0.228004
80.8527 1.52669
80.9492 3.18529
81.0457 3.99778
81.1423 4.18109
81.2388 3.73423
81.3353 2.92398
81.4319 2.05223
81.5284 1.18317
81.6249 0.685923
81.7214 0.461698
81.818 0.408114
81.9145 0.349456
82.011 0.179271
82.1076 -0.0670935
82.2041 -0.220785
82.3006 0.0344301
82.3971 0.356328
82.4937 1.31233
82.5902 2.43329
82.6867 3.36761
82.7833 3.6266
82.8798 3.2603
82.9763 2.34949
83.0729 1.15823
83.1694 0.0142269
83.2659 -0.477244
83.3624 -0.886354
83.459 -1.01285
83.5555 -0.998438
83.652 -1.24018
83.7486 -1.1782
83.8451 -1.01457
83.9416 -0.679119
84.0381 0.184643
84.1347 0.84737
84.2312 1.36358
84.3277 1.76894
84.4243 1.98213
84.5208 2.01148
84.6173 2.36256
84.7139 2.10316
84.8104 2.09466
84.9069 1.68932
85.0034 1.24746
85.1 0.8557
85.1965 0.635408
85.293 0.714062
85.3896 1.16823
85.4861 1.96403
85.5826 2.93145
85.6791 3.82759
85.7757 4.23552
85.8722 4.09842
85.9687 3.32035
86.0653 2.25736
86.1618 1.24268
86.2583 0.573296
86.3549 0.370286
86.4514 0.53119
86.5479 0.788391
86.6444 0.847476
86.741 0.735519
86.8375 0.136787
86.934 -0.538643
87.0306 -1.17537
87.1271 -1.19382
87.2236 -0.666824
87.3202 -0.0252267
87.4167 0.516572
87.5132 0.57795
87.6097 0.0222838
87.7063 -0.806662
87.8028 -2.059
87.8993 -3.19292
87.9959 -4.23432
88.0924 -4.44435
88.1889 -4.11817
88.2854 -3.43782
88.382 -2.74145
88.4785 -2.18566
88.575 -1.61424
88.6716 -0.985007
88.7681 -0.271639
88.8646 0.559481
88.9612 1.17366
89.0577 1.97387
89.1542 2.70826
89.2507 3.20054
89.3473 3.38936
89.4438 3.3034
89.5403 3.04527
89.6369 2.74664
89.7334 2.40327
89.8299 2.31502
89.9264 2.33747
90.023 2.40087
90.1195 2.29559
90.216 2.29457
90.3126 2.23239
90.4091 2.13155
90.5056 2.0428
90.6022 2.02474
90.6987 1.95366
90.7952 2.05521
90.8917 2.28196
90.9883 2.59258
91.0848 2.87555
91.1813 3.11101
91.2779 3.31914
91.3744 3.63877
91.4709 3.14601
91.5674 3.03179
91.664 2.81776
91.7605 2.3701
91.857 1.81293
91.9536 0.974142
92.0501 -0.129714
92.1466 -1.39178
92.2432 -2.62933
92.3397 -3.63365
92.4362 -4.23798
92.5327 -4.2324
92.6293 -3.93769
92.7258 -3.37163
92.8223 -2.72377
92.9189 -2.60719
93.0154 -2.3621
93.1119 -1.68621
93.2084 -0.869251
93.305 0.176272
93.4015 1.03179
93.498 1.87942
93.5946 2.33345
93.6911 2.28627
93.7876 1.83397
93.8842 0.875394
93.9807 -0.18248
94.0772 -1.05304
94.1737 -1.53274
94.2703 -1.56521
94.3668 -1.24469
94.4633 -0.759771
94.5599 -0.280337
94.6564 0.0184763
94.7529 0.16964
94.8494 0.355815
94.946 0.529754
95.0425 0.876346
95.139 1.28766
95.2356 1.87307
95.3321 2.59187
95.4286 2.72704
95.5252 2.39948
95.6217 1.8727
95.7182 1.11558
95.8147 0.823369
95.9113 0.390672
96.0078 0.201586
96.1043 0.394442
96.2009 0.823448
96.2974 1.29915
96.3939 1.75198
96.4904 2.08397
96.587 2.23758
96.6835 2.68268
96.78 2.7535
96.8766 2.43034
96.9731 2.01894
97.0696 1.58939
