-0.45 0.906184
-0.35 1.2023
-0.25 1.40369
-0.15 1.75156
-0.05 1.83315
0.05 1.95595
0.15 1.77578
0.25 1.52002
0.35 0.731174
0.45 0.188041
0.55 -0.167722
0.65 -0.339816
0.75 -0.696188
0.85 -0.735862
0.95 -0.940059
1.05 -0.946709
1.15 -0.822208
1.25 -0.561176
1.35 -0.336745
1.45 -0.0989892
1.55 0.145642
1.65 0.456436
1.75 0.562276
1.85 0.672517
1.95 0.795865
2.05 1.08885
2.15 1.04936
2.25 1.39608
2.35 1.64953
2.45 1.70811
2.55 1.69149
2.65 1.80676
2.75 2.17137
2.85 2.38187
2.95 2.2532
3.05 1.96323
3.15 1.553
3.25 1.05267
3.35 0.742735
3.45 0.561567
3.55 0.395778
3.65 0.100573
3.75 0.0101761
3.85 -0.425972
3.95 -0.703225
4.05 -0.759654
4.15 -0.340359
4.25 0.235558
4.35 0.57432
4.45 0.822283
4.55 1.35867
4.65 1.62574
4.75 1.65327
4.85 1.29015
4.95 0.558826
5.05 -0.103719
5.15 -0.710705
5.25 -1.22917
5.35 -1.23781
5.45 -0.810695
5.55 -0.264525
5.65 0.397604
5.75 0.941857
5.85 1.2944
5.95 1.2496
6.05 1.19804
6.15 1.11661
6.25 1.15978
6.35 1.19967
6.45 0.985297
6.55 0.655244
6.65 0.455386
6.75 0.491018
6.85 0.825647
6.95 1.38082
7.05 1.91249
7.15 2.15504
7.25 1.78426
7.35 1.6309
7.45 1.44927
7.55 1.55909
7.65 1.63485
7.75 1.59724
7.85 1.24042
7.95 0.56169
8.05 -0.0376754
8.15 -0.313742
8.25 -0.614857
8.35 -0.805495
8.45 -0.69813
8.55 -0.325764
8.65 0.125916
8.75 0.678497
8.85 0.771319
8.95 0.704335
9.05 0.56402
9.15 0.427107
9.25 0.198264
9.35 -0.017743
9.45 -0.198552
9.55 -0.252235
9.65 -0.0509722
9.75 0.305633
9.85 0.860169
9.95 1.38675
10.05 1.63499
10.15 1.5331
10.25 1.55447
10.35 1.31446
10.45 0.729205
10.55 0.242891
10.65 0.20796
10.75 0.861844
10.85 1.50016
10.95 2.1865
11.05 2.69359
11.15 2.93158
11.25 3.12969
11.35 2.8673
11.45 2.83984
11.55 2.70879
11.65 2.43044
11.75 1.56937
11.85 0.408328
11.95 -0.705276
12.05 -1.53689
12.15 -2.08734
12.25 -2.23727
12.35 -2.16262
12.45 -1.73806
12.55 -1.16336
12.65 -0.617219
12.75 -0.0606516
12.85 0.707954
12.95 1.06768
13.05 1.28599
13.15 1.43457
13.25 1.58846
13.35 1.88984
13.45 2.11303
13.55 2.18512
13.65 2.22437
13.75 2.16545
13.85 2.1435
13.95 2.19234
14.05 1.82222
14.15 1.26
14.25 0.574909
14.35 -0.0671893
14.45 -0.629508
14.55 -1.09773
14.65 -1.57446
14.75 -1.79365
14.85 -1.13563
14.95 -0.00711545
15.05 1.29098
15.15 2.32658
15.25 2.86432
15.35 2.86759
15.45 2.69758
15.55 2.19295
15.65 1.40025
15.75 0.489965
15.85 -0.149562
15.95 -0.360691
16.05 -0.234624
16.15 -0.044237
16.25 0.12245
16.35 0.31825
16.45 0.791746
16.55 1.54101
16.65 1.99507
16.75 2.2125
16.85 2.30839
16.95 2.16298
17.05 2.02727
17.15 1.90242
17.25 1.563
17.35 1.06305
17.45 0.662589
17.55 0.131413
17.65 -0.506795
17.75 -1.05398
17.85 -1.36829
17.95 -1.46857
18.05 -1.15075
18.15 -0.32844
18.25 0.379817
18.35 1.05583
18.45 1.61946
18.55 1.94864
18.65 2.0601
18.75 1.98399
18.85 1.8722
18.95 1.69258
19.05 1.47622
19.15 0.940335
19.25 0.118552
19.35 -0.632425
19.45 -1.03675
19.55 -0.958333
19.65 -0.401993
19.75 0.595168
19.85 1.71492
19.95 2.78579
20.05 3.77334
20.15 4.62948
20.25 5.33156
20.35 5.55295
20.45 4.93177
20.55 3.42599
20.65 1.64065
20.75 -0.313276
20.85 -2.23432
20.95 -3.93051
21.05 -5.54037
21.15 -7.03166
21.25 -8.09235
21.35 -8.02837
21.45 -6.10581
21.55 -2.73806
21.65 1.47095
21.75 6.00879
21.85 9.8835
21.95 12.4207
22.05 13.4491
22.15 12.9136
22.25 10.688
22.35 7.08429
22.45 3.00974
22.55 -0.898193
22.65 -3.99555
22.75 -5.84798
22.85 -6.52528
22.95 -6.71322
23.05 -6.66244
23.15 -6.25542
23.25 -5.68698
23.35 -4.62899
23.45 -3.10248
23.55 -1.41626
23.65 0.533058
23.75 2.28656
23.85 3.46728
23.95 3.9498
24.05 3.77088
24.15 3.39124
24.25 3.16582
24.35 2.99725
24.45 2.7121
24.55 2.36321
24.65 2.15513
24.75 1.95154
24.85 1.76908
24.95 1.60104
25.05 0.926407
25.15 0.17273
25.25 -0.356293
25.35 -0.416143
25.45 0.119534
25.55 0.653575
25.65 0.787762
25.75 0.412606
25.85 -0.189533
25.95 -0.573841
26.05 -0.84517
26.15 -0.910598
26.25 -0.823078
26.35 -0.412791
26.45 0.303984
26.55 1.31183
26.65 2.45212
26.75 3.36611
26.85 3.61628
26.95 3.2235
27.05 2.48367
27.15 1.65787
27.25 0.91253
27.35 0.25548
27.45 -0.465232
27.55 -1.06827
27.65 -1.54836
27.75 -1.6244
27.85 -1.45066
27.95 -1.04581
28.05 -0.647946
28.15 -0.0293445
28.25 0.954482
28.35 2.02424
28.45 2.85861
28.55 2.96837
28.65 2.2776
28.75 1.13448
28.85 -0.0453872
28.95 -1.10631
29.05 -2.13919
29.15 -2.6577
29.25 -2.52206
29.35 -2.07493
29.45 -1.36082
29.55 -0.537465
29.65 0.503007
29.75 1.98776
29.85 3.84448
29.95 6.03703
30.05 8.27182
30.15 9.83876
30.25 9.78848
30.35 8.4459
30.45 6.35717
30.55 3.4469
30.65 -0.176674
30.75 -4.03876
30.85 -7.92204
30.95 -11.281
31.05 -13.152
31.15 -13.401
31.25 -12.088
31.35 -9.25385
31.45 -5.23604
31.55 -0.251271
31.65 5.2794
31.75 10.9342
31.85 15.8052
31.95 18.7652
32.05 19.1237
32.15 16.8264
32.25 11.4415
32.35 3.65856
32.45 -5.30319
32.55 -13.7685
32.65 -19.3317
32.75 -20.69
32.85 -18.059
32.95 -12.2742
33.05 -4.67577
33.15 3.65595
33.25 11.4394
33.35 17.3367
33.45 20.5236
33.55 20.5723
33.65 17.4986
33.75 11.9293
33.85 4.72002
33.95 -3.11987
34.05 -10.9343
34.15 -17.9247
34.25 -22.9542
34.35 -24.7915
34.45 -22.7104
34.55 -17.1083
34.65 -8.23958
34.75 3.22457
34.85 15.4831
34.95 26.2513
35.05 33.6051
35.15 35.2239
35.25 29.2246
35.35 14.6241
35.45 -9.51795
35.55 -43.0777
35.65 -79.4202
35.75 -106.163
35.85 -114.269
35.95 -101.349
36.05 -68.4379
36.15 -17.7011
36.25 48.0346
36.35 120.892
36.45 185.468
36.55 224.586
36.65 228.143
36.75 190.441
36.85 100.822
36.95 -23.7674
37.05 -148.099
37.15 -236.088
37.25 -272.345
37.35 -268.58
37.45 -231.264
37.55 -170.565
37.65 -105.19
37.75 -49.744
37.85 -8.15047
37.95 24.3202
38.05 51.6084
38.15 75.3196
38.25 96.6017
38.35 114.655
38.45 126.984
38.55 130.972
38.65 124.193
38.75 106.786
38.85 82.5536
38.95 58.6041
39.05 38.9598
39.15 23.3854
39.25 9.05985
39.35 -7.25632
39.45 -28.2781
39.55 -55.4801
39.65 -85.0544
39.75 -109.98
39.85 -124.168
39.95 -126.174
40.05 -116.288
40.15 -96.7173
40.25 -73.7872
40.35 -53.8532
40.45 -38.922
40.55 -27.0469
40.65 -15.5409
40.75 -2.15131
40.85 14.4726
40.95 34.1156
41.05 53.9683
41.15 71.0086
41.25 83.2243
41.35 89.5685
41.45 90.1378
41.55 85.9945
41.65 79.038
41.75 70.5969
41.85 60.5508
41.95 48.1664
42.05 32.9781
42.15 14.9696
42.25 -4.13592
42.35 -21.6922
42.45 -36.0581
42.55 -47.2989
42.65 -55.9882
42.75 -62.2438
42.85 -66.364
42.95 -68.4046
43.05 -68.2279
43.15 -65.54
43.25 -60.2843
43.35 -53.3769
43.45 -45.9182
43.55 -38.8555
43.65 -32.283
43.75 -25.3833
43.85 -17.4923
43.95 -8.31703
44.05 2.0519
44.15 12.4776
44.25 21.8309
44.35 29.0934
44.45 33.7199
44.55 36.7304
44.65 39.3857
44.75 42.6361
44.85 46.2656
44.95 49.7385
45.05 52.0522
45.15 52.3189
45.25 50.2139
45.35 46.02
45.45 40.4664
45.55 33.9708
45.65 27.1106
45.75 20.0616
45.85 12.4356
45.95 3.45286
46.05 -6.91431
46.15 -17.3937
46.25 -26.174
46.35 -32.0321
46.45 -34.9801
46.55 -36.4186
46.65 -37.3586
46.75 -38.6351
46.85 -40.5499
46.95 -42.9792
47.05 -45.4568
47.15 -47.0251
47.25 -46.8283
47.35 -44.8085
47.45 -41.2692
47.55 -37.3081
47.65 -33.3348
47.75 -28.7495
47.85 -22.8455
47.95 -15.7281
48.05 -7.68532
48.15 0.647717
48.25 8.54317
48.35 15.7423
48.45 22.0493
48.55 27.4966
48.65 32.1128
48.75 36.2934
48.85 40.3141
48.95 43.9213
49.05 46.5061
49.15 47.9517
49.25 48.4156
49.35 48.1234
49.45 46.7194
49.55 43.8635
49.65 40.007
49.75 35.3484
49.85 29.6861
49.95 23.0726
50.05 15.8141
50.15 8.33769
50.25 0.844224
50.35 -6.18753
50.45 -12.1107
50.55 -17.0036
50.65 -21.5031
50.75 -26.3254
50.85 -31.2928
50.95 -35.7408
51.05 -39.3991
51.15 -42.0229
51.25 -43.8114
51.35 -44.8707
51.45 -45.3433
51.55 -45.1147
51.65 -44.4467
51.75 -43.2042
51.85 -40.7605
51.95 -36.9316
52.05 -31.8856
52.15 -26.3637
52.25 -20.6751
52.35 -14.7086
52.45 -8.49032
52.55 -2.34052
52.65 3.78045
52.75 9.79674
52.85 15.4009
52.95 20.1311
53.05 24.1349
53.15 27.4519
53.25 30.103
53.35 32.2724
53.45 34.0189
53.55 35.6761
53.65 37.2642
53.75 38.4845
53.85 39.3579
53.95 39.6948
54.05 39.1599
54.15 37.5914
54.25 35.1324
54.35 32.1926
54.45 28.7508
54.55 24.4298
54.65 19.0919
54.75 12.9104
54.85 6.72937
54.95 0.920963
55.05 -4.15912
55.15 -8.71342
55.25 -12.853
55.35 -16.6291
55.45 -19.8188
55.55 -22.6408
55.65 -25.1493
55.75 -27.4247
55.85 -29.3335
55.95 -31.2033
56.05 -32.8789
56.15 -34.6619
56.25 -36.1524
56.35 -36.9909
56.45 -36.6232
56.55 -34.9668
56.65 -32.4355
56.75 -29.3618
56.85 -25.9968
56.95 -22.4608
57.05 -18.6029
57.15 -14.8593
57.25 -11.3922
57.35 -7.69233
57.45 -3.64223
57.55 0.532358
57.65 4.63902
57.75 8.54293
57.85 12.5797
57.95 16.4812
58.05 19.924
58.15 22.8751
58.25 25.3507
58.35 27.2237
58.45 28.4806
58.55 29.3546
58.65 29.809
58.75 29.9119
58.85 29.6512
58.95 29.2717
59.05 28.7193
59.15 28.056
59.25 26.8821
59.35 24.7156
59.45 21.7738
59.55 18.5029
59.65 15.1317
59.75 12.0995
59.85 9.36965
59.95 6.97612
60.05 4.74696
60.15 2.06251
60.25 -1.24197
60.35 -4.72269
60.45 -8.1591
60.55 -11.1693
60.65 -13.8553
60.75 -16.5257
60.85 -19.1557
60.95 -21.7942
61.05 -24.251
61.15 -26.6571
61.25 -28.6631
61.35 -30.136
61.45 -31.0798
61.55 -31.1623
61.65 -29.9935
61.75 -27.8722
61.85 -25.2436
61.95 -22.3807
62.05 -19.4277
62.15 -16.4416
62.25 -13.4369
62.35 -10.5538
62.45 -7.82571
62.55 -5.26899
62.65 -2.75525
62.75 0.0633904
62.85 3.24972
62.95 6.46232
63.05 9.69604
63.15 12.6033
63.25 15.2856
63.35 17.4287
63.45 19.0686
63.55 20.688
63.65 22.0998
63.75 23.0212
63.85 23.3715
63.95 23.111
64.05 22.4636
64.15 21.5823
64.25 20.3511
64.35 19.0564
64.45 18.0158
64.55 17.4537
64.65 17.2256
64.75 16.9766
64.85 16.1956
64.95 14.8478
65.05 13.0784
65.15 11.0537
65.25 8.91116
65.35 6.24695
65.45 3.07676
65.55 -0.142894
65.65 -3.09392
65.75 -6.10674
65.85 -9.33418
65.95 -12.3542
66.05 -14.981
66.15 -16.9844
66.25 -18.4778
66.35 -19.5427
66.45 -19.7788
66.55 -19.2349
66.65 -18.7048
66.75 -18.1469
66.85 -17.69
66.95 -17.7022
67.05 -17.7001
67.15 -17.09
67.25 -16.2332
67.35 -15.6323
67.45 -15.2806
67.55 -15.022
67.65 -14.0706
67.75 -12.0531
67.85 -9.19936
67.95 -5.67461
68.05 -1.98457
68.15 1.57443
68.25 4.80808
68.35 7.37734
68.45 9.22523
68.55 10.5226
68.65 11.7085
68.75 13.1244
68.85 14.2196
68.95 14.7879
69.05 15.1016
69.15 15.5354
69.25 16.0527
69.35 16.5542
69.45 16.7803
69.55 16.9856
69.65 17.0566
69.75 16.762
69.85 16.0138
69.95 15.0932
70.05 13.7663
70.15 11.9959
70.25 10.1058
70.35 8.52497
70.45 7.50081
70.55 7.02247
70.65 6.26107
70.75 4.95605
70.85 3.17548
70.95 0.708861
71.05 -2.1347
71.15 -4.62448
71.25 -6.46949
71.35 -7.85568
71.45 -8.88949
71.55 -9.73769
71.65 -10.66
71.75 -11.6878
71.85 -12.3838
71.95 -12.6582
72.05 -12.544
72.15 -12.0727
72.25 -11.0814
72.35 -10.0642
72.45 -9.1634
72.55 -8.50808
72.65 -8.20254
72.75 -8.30118
72.85 -8.85141
72.95 -9.15429
73.05 -8.87247
73.15 -8.35873
73.25 -7.19034
73.35 -5.71358
73.45 -4.18466
73.55 -2.41431
73.65 -0.534731
73.75 1.44015
73.85 3.68207
73.95 5.88333
74.05 7.62054
74.15 8.85169
74.25 9.34319
74.35 8.96367
74.45 7.86532
74.55 6.36624
74.65 5.22832
74.75 4.93114
74.85 5.4407
74.95 6.44695
75.05 7.81974
75.15 9.14514
75.25 10.4061
75.35 11.4343
75.45 11.846
75.55 11.4663
75.65 10.6487
75.75 10.0693
75.85 10.055
75.95 9.81384
76.05 8.98714
76.15 7.69714
76.25 6.3904
76.35 5.08749
76.45 4.39078
76.55 3.67772
76.65 3.1625
76.75 2.46131
76.85 1.63152
76.95 0.551742
77.05 -1.19381
77.15 -3.94024
77.25 -7.58976
77.35 -11.4575
77.45 -14.5174
77.55 -16.5484
77.65 -17.5768
77.75 -17.715
77.85 -16.9438
77.95 -15.3338
78.05 -13.3547
78.15 -10.8605
78.25 -8.0554
78.35 -4.53576
78.45 -0.596468
78.55 3.52635
78.65 7.63022
78.75 10.7597
78.85 12.0403
78.95 11.7363
79.05 10.0867
79.15 7.27665
79.25 4.46141
79.35 1.73416
79.45 -0.318567
79.55 -1.66984
79.65 -2.09405
79.75 -1.92145
79.85 -1.85368
79.95 -2.34787
80.05 -3.08669
80.15 -3.77362
80.25 -4.18006
80.35 -3.93689
80.45 -3.25773
80.55 -1.92221
80.65 -0.571254
80.75 0.777991
80.85 2.44151
80.95 4.09043
81.05 6.15603
81.15 8.26362
81.25 10.0382
81.35 11.1845
81.45 11.6418
81.55 11.6864
81.65 11.1961
81.75 9.81878
81.85 8.38928
81.95 7.20983
82.05 6.19666
82.15 5.20252
82.25 4.327
82.35 3.62588
82.45 2.85156
82.55 1.90233
82.65 0.550974
82.75 -1.02273
82.85 -3.0483
82.95 -5.1011
83.05 -6.98815
83.15 -8.28081
83.25 -9.08005
83.35 -9.20656
83.45 -8.77926
83.55 -8.25626
83.65 -7.65325
83.75 -7.2538
83.85 -6.88398
83.95 -6.24393
84.05 -5.73879
84.15 -5.12961
84.25 -4.39943
84.35 -3.52561
84.45 -2.36858
84.55 -1.4109
84.65 -0.473728
84.75 0.349969
84.85 1.43459
84.95 2.58894
85.05 3.81848
85.15 5.17613
85.25 6.58803
85.35 7.07351
85.45 7.38102
85.55 7.31514
85.65 6.69597
85.75 5.84819
85.85 4.88858
85.95 4.18579
86.05 3.44556
86.15 2.63302
86.25 1.85203
86.35 1.23621
86.45 0.774543
86.55 0.876321
86.65 1.13388
86.75 1.37448
86.85 1.38093
86.95 1.33263
87.05 0.784285
87.15 -0.0779757
87.25 -1.2056
87.35 -1.82753
87.45 -1.94381
87.55 -1.84304
87.65 -1.56184
87.75 -1.07737
87.85 -0.628032
87.95 -0.434427
88.05 -0.4363
88.15 -0.657096
88.25 -0.919854
88.35 -1.04914
88.45 -0.559214
88.55 0.0686156
88.65 0.564887
88.75 1.01061
88.85 1.21314
88.95 1.37796
89.05 1.72989
89.15 1.9704
89.25 1.93198
89.35 1.34013
89.45 0.996977
89.55 0.79612
89.65 0.72676
89.75 0.402927
89.85 0.262014
89.95 0.271258
90.05 0.232824
90.15 0.301708
90.25 0.348609
90.35 0.595179
90.45 0.937882
90.55 1.19317
90.65 1.37796
90.75 1.16502
90.85 0.774863
90.95 0.420747
91.05 0.431328
91.15 0.44582
91.25 -0.0120575
91.35 -0.651301
91.45 -1.34954
91.55 -2.27739
91.65 -2.63725
91.75 -2.71606
91.85 -2.64558
91.95 -2.59991
92.05 -2.71689
92.15 -2.61876
92.25 -2.28977
92.35 -1.78346
92.45 -1.26061
92.55 -0.757064
92.65 -0.290203
92.75 0.117014
92.85 0.764882
92.95 1.28909
93.05 1.77178
93.15 2.30685
93.25 2.80988
93.35 3.4086
93.45 4.06508
93.55 4.96193
93.65 5.40644
93.75 5.70638
93.85 5.4039
93.95 4.86841
94.05 4.15909
94.15 2.9563
94.25 1.37447
94.35 0.242672
94.45 -0.826261
94.55 -1.61887
94.65 -2.1385
94.75 -2.49076
94.85 -2.66576
94.95 -2.112
95.05 -1.65858
95.15 -1.06696
95.25 -0.703927
95.35 -0.557833
95.45 -0.42963
95.55 -0.390524
95.65 -0.332817
95.75 -0.40911
95.85 -0.621028
95.95 -1.0356
96.05 -1.21465
96.15 -1.14762
96.25 -0.881854
96.35 -0.42588
96.45 0.209375
96.55 0.753514
96.65 1.20798
96.75 1.64085
96.85 1.70501
96.95 1.44522
97.05 0.573306
97.15 -0.283911
97.25 -0.912796
97.35 -0.915564
97.45 -0.925394
97.55 -0.79954
97.65 -0.607876
97.75 -0.357313
97.85 -0.0520666
97.95 0.199366
98.05 0.471782
98.15 0.299279
98.25 0.378637
98.35 0.411494
98.45 0.305159
98.55 0.121581
98.65 -0.0915762
98.75 -0.39565
98.85 -0.371154
98.95 -0.122926
99.05 0.351438
99.15 0.924239
99.25 1.41743
99.35 1.81324
99.45 1.69003
99.55 1.55703
99.65 1.17742
99.75 0.903014
99.85 0.782899
99.95 0.68652
100.05 0.708951
100.15 0.730344
100.25 0.839175
100.35 0.889795
100.45 0.784954
100.55 0.678274
100.65 0.545815
100.75 0.271094
100.85 -0.0307956
100.95 -0.33797
101.05 -0.643941
101.15 -0.79429
101.25 -0.701044
101.35 -0.363437
101.45 0.0946391
101.55 0.159777
101.65 0.326524
101.75 0.376297
101.85 0.244394
