-1.75 1.4931
-1.65 1.17125
-1.55 0.976267
-1.45 0.995442
-1.35 0.880541
-1.25 0.83958
-1.15 0.663656
-1.05 0.816195
-0.95 0.703878
-0.85 0.711654
-0.75 0.672445
-0.65 0.476662
-0.55 0.245773
-0.45 0.0454709
-0.35 0.0650453
-0.25 0.369504
-0.15 0.827222
-0.05 1.12962
0.05 1.18733
0.15 0.864161
0.25 -0.0458013
0.35 -0.764263
0.45 -2.15889
0.55 -2.47264
0.65 -2.36546
0.75 -1.59564
0.85 -0.653787
0.95 0.326997
1.05 1.57244
1.15 2.55088
1.25 3.45009
1.35 4.03184
1.45 3.64339
1.55 3.26764
1.65 2.83868
1.75 2.17593
1.85 1.09953
1.95 0.252743
2.05 -0.142292
2.15 -0.17898
2.25 -0.158584
2.35 -0.178381
2.45 0.0299729
2.55 0.511727
2.65 1.16871
2.75 1.3092
2.85 1.39588
2.95 1.30708
3.05 1.14484
3.15 1.02292
3.25 1.10805
3.35 1.49773
3.45 1.38413
3.55 1.08925
3.65 0.788567
3.75 0.485225
3.85 0.380349
3.95 0.281742
4.05 0.144149
4.15 0.369389
4.25 0.581822
4.35 1.28113
4.45 1.87485
4.55 2.20807
4.65 2.27606
4.75 2.15609
4.85 1.74964
4.95 1.26869
5.05 0.767924
5.15 0.515186
5.25 0.441498
5.35 0.503455
5.45 0.409324
5.55 0.40045
5.65 0.399875
5.75 0.692077
5.85 1.07215
5.95 0.983005
6.05 0.468456
6.15 0.123808
6.25 -0.0253485
6.35 -0.439206
6.45 -0.341348
6.55 -0.175181
6.65 0.545348
6.75 1.42511
6.85 2.00159
6.95 2.38961
7.05 2.40123
7.15 2.15794
7.25 1.90158
7.35 1.6683
7.45 0.793111
7.55 -0.155624
7.65 -0.721979
7.75 -0.875095
7.85 -0.698553
7.95 -0.154303
8.05 0.898782
8.15 1.81587
8.25 2.44798
8.35 2.91234
8.45 3.02674
8.55 2.74764
8.65 2.67779
8.75 2.38352
8.85 1.97452
8.95 1.43687
9.05 1.32493
9.15 1.39194
9.25 1.52131
9.35 1.45856
9.45 1.20257
9.55 0.558848
9.65 0.254217
9.75 0.173108
9.85 -0.0716975
9.95 -0.617924
10.05 -1.28918
10.15 -1.59511
10.25 -1.3665
10.35 -0.944592
10.45 -0.531597
10.55 -0.0954273
10.65 0.744448
10.75 1.59559
10.85 2.58086
10.95 3.19602
11.05 3.18387
11.15 2.79011
11.25 2.61375
11.35 2.46027
11.45 2.32336
11.55 1.99997
11.65 1.5487
11.75 1.23398
11.85 1.17681
11.95 0.901447
12.05 0.391543
12.15 -0.19314
12.25 -0.529936
12.35 -0.444068
12.45 -0.105325
12.55 0.158397
12.65 0.386609
12.75 0.567709
12.85 0.823569
12.95 1.10696
13.05 1.35699
13.15 1.49861
13.25 1.39674
13.35 1.20453
13.45 1.05871
13.55 0.89974
13.65 0.797386
13.75 0.693127
13.85 0.932529
13.95 1.61519
14.05 2.31485
14.15 2.59449
14.25 2.05271
14.35 1.16643
14.45 0.632509
14.55 0.340878
14.65 0.105451
14.75 -0.0207402
14.85 -0.131964
14.95 -0.134874
15.05 0.108202
15.15 0.773354
15.25 1.38064
15.35 1.77582
15.45 1.81081
15.55 1.70557
15.65 1.4122
15.75 1.1345
15.85 1.07387
15.95 1.40056
16.05 1.60963
16.15 1.3753
16.25 0.993836
16.35 0.525837
16.45 0.0793833
16.55 -0.0914619
16.65 -0.134637
16.75 -0.38372
16.85 -0.705014
16.95 -1.05516
17.05 -1.35203
17.15 -1.37933
17.25 -1.20918
17.35 -0.8237
17.45 -0.313006
17.55 0.34377
17.65 1.06987
17.75 2.07771
17.85 3.25396
17.95 4.34229
18.05 5.04379
18.15 5.38072
18.25 5.16815
18.35 4.39178
18.45 3.20054
18.55 1.80143
18.65 0.476066
18.75 -0.62062
18.85 -1.33118
18.95 -1.5235
19.05 -1.3583
19.15 -0.872416
19.25 -0.256975
19.35 0.0900014
19.45 0.400037
19.55 0.838699
19.65 0.969418
19.75 0.84225
19.85 0.615147
19.95 0.323531
20.05 0.234964
20.15 0.368143
20.25 0.348611
20.35 0.323844
20.45 0.350943
20.55 0.400831
20.65 0.50539
20.75 1.11079
20.85 2.03845
20.95 2.55998
21.05 2.2648
21.15 1.4551
21.25 0.542722
21.35 0.0376538
21.45 0.0232804
21.55 0.414613
21.65 1.02258
21.75 1.95756
21.85 3.32906
21.95 4.86074
22.05 6.01399
22.15 6.02138
22.25 4.77574
22.35 2.53585
22.45 -0.706296
22.55 -4.44057
22.65 -8.09468
22.75 -10.6021
22.85 -11.6317
22.95 -11.2364
23.05 -9.19131
23.15 -5.62339
23.25 -1.01754
23.35 4.54762
23.45 10.2339
23.55 14.902
23.65 17.8024
23.75 18.9131
23.85 18.2245
23.95 15.2937
24.05 10.8763
24.15 5.42466
24.25 -0.701883
24.35 -6.70609
24.45 -11.9315
24.55 -15.9449
24.65 -18.425
24.75 -18.8908
24.85 -18.0065
24.95 -15.8945
25.05 -11.9119
25.15 -6.38617
25.25 0.326715
25.35 8.35194
25.45 17.3907
25.55 25.7155
25.65 31.0354
25.75 30.9948
25.85 24.3973
25.95 9.71567
26.05 -14.7364
26.15 -48.2746
26.25 -82.7319
26.35 -104.326
26.45 -105.873
26.55 -87.732
26.65 -50.4041
26.75 5.12401
26.85 74.5697
26.95 146.47
27.05 202.089
27.15 228.745
27.25 219.928
27.35 157.112
27.45 34.3144
27.55 -107.994
27.65 -218.113
27.75 -270.488
27.85 -276.908
27.95 -248.483
28.05 -188.719
28.15 -113.779
28.25 -47.4263
28.35 -0.527253
28.45 30.4976
28.55 51.1869
28.65 64.6421
28.75 74.7184
28.85 85.6159
28.95 98.2085
29.05 109.893
29.15 115.951
29.25 112.189
29.35 97.8162
29.45 75.9734
29.55 51.4063
29.65 29.1164
29.75 9.57656
29.85 -8.65953
29.95 -28.1996
30.05 -52.6108
30.15 -82.059
30.25 -111.828
30.35 -134.173
30.45 -142.004
30.55 -133.684
30.65 -111.592
30.75 -80.6817
30.85 -50.0939
30.95 -26.5542
31.05 -10.3851
31.15 0.623389
31.25 9.39971
31.35 19.012
31.45 31.4283
31.55 47.1009
31.65 64.2203
31.75 79.1119
31.85 88.7358
31.95 91.5033
32.05 88.2016
32.15 81.0971
32.25 72.5871
32.35 63.3239
32.45 53.0742
32.55 40.3385
32.65 23.6471
32.75 2.67721
32.85 -21.1828
32.95 -44.8422
33.05 -65.0685
33.15 -79.2838
33.25 -87.5597
33.35 -90.8482
33.45 -89.8453
33.55 -85.6002
33.65 -78.9737
33.75 -69.4022
33.85 -56.7615
33.95 -41.6012
34.05 -25.7849
34.15 -11.1635
34.25 0.954487
34.35 10.3422
34.45 17.6633
34.55 23.7611
34.65 29.0126
34.75 33.2017
34.85 35.7639
34.95 36.6041
35.05 36.0266
35.15 34.8759
35.25 34.2934
35.35 34.9515
35.45 36.7481
35.55 39.0206
35.65 41.1428
35.75 41.7407
35.85 39.8787
35.95 35.3275
36.05 28.7413
36.15 20.9624
36.25 12.4437
36.35 3.68448
36.45 -5.71984
36.55 -15.8598
36.65 -25.9043
36.75 -34.5916
36.85 -41.0139
36.95 -44.2191
37.05 -44.4553
37.15 -42.7633
37.25 -40.6122
37.35 -39.5321
37.45 -40.1433
37.55 -41.6103
37.65 -42.2256
37.75 -41.1146
37.85 -38.1494
37.95 -33.1148
38.05 -26.9675
38.15 -20.697
38.25 -14.6083
38.35 -8.86805
38.45 -2.9444
38.55 3.71385
38.65 11.2108
38.75 19.2727
38.85 27.0118
38.95 33.8339
39.05 39.1744
39.15 42.7309
39.25 44.5625
39.35 45.2184
39.45 45.1739
39.55 44.3425
39.65 42.6591
39.75 40.0413
39.85 36.4933
39.95 32.1347
40.05 26.9766
40.15 21.6981
40.25 16.8299
40.35 12.2865
40.45 7.53181
40.55 2.06374
40.65 -3.61352
40.75 -9.24955
40.85 -14.8506
40.95 -20.094
41.05 -24.8396
41.15 -29.3578
41.25 -33.751
41.35 -37.4653
41.45 -40.2101
41.55 -42.4058
41.65 -44.2295
41.75 -45.3545
41.85 -44.9065
41.95 -42.9841
42.05 -40.1709
42.15 -36.8667
42.25 -33.0057
42.35 -28.6137
42.45 -23.3267
42.55 -17.3185
42.65 -11.0455
42.75 -4.90677
42.85 0.683695
42.95 5.85681
43.05 10.7207
43.15 15.2634
43.25 19.637
43.35 23.8414
43.45 27.691
43.55 31.3156
43.65 34.586
43.75 37.2602
43.85 39.2019
43.95 40.5641
44.05 41.0089
44.15 40.3666
44.25 38.9169
44.35 36.6895
44.45 33.6365
44.55 29.8068
44.65 25.5795
44.75 21.2548
44.85 16.9279
44.95 12.8591
45.05 8.51978
45.15 3.59945
45.25 -1.4644
45.35 -6.69436
45.45 -11.9895
45.55 -17.4243
45.65 -22.6553
45.75 -26.9302
45.85 -30.5091
45.95 -33.4344
46.05 -35.5782
46.15 -37.1054
46.25 -38.0183
46.35 -38.1854
46.45 -37.705
46.55 -36.6615
46.65 -34.8266
46.75 -32.1337
46.85 -28.8418
46.95 -24.9556
47.05 -20.8146
47.15 -16.9664
47.25 -13.312
47.35 -9.77313
47.45 -6.52811
47.55 -3.42864
47.65 -0.295688
47.75 2.45977
47.85 5.18265
47.95 8.39451
48.05 11.9456
48.15 15.627
48.25 19.3859
48.35 22.8819
48.45 25.9327
48.55 28.7546
48.65 31.3142
48.75 33.2846
48.85 34.2948
48.95 34.2913
49.05 33.3006
49.15 31.7443
49.25 29.7475
49.35 27.4006
49.45 24.7898
49.55 21.9571
49.65 19.0397
49.75 15.8954
49.85 12.5984
49.95 9.20711
50.05 5.7092
50.15 2.16866
50.25 -1.27952
50.35 -4.64808
50.45 -7.8652
50.55 -10.9489
50.65 -14.0361
50.75 -17.2546
50.85 -20.5139
50.95 -23.6438
51.05 -26.0703
51.15 -27.5991
51.25 -28.5877
51.35 -29.1969
51.45 -29.1391
51.55 -28.6679
51.65 -27.9475
51.75 -27.0442
51.85 -25.7974
51.95 -24.0986
52.05 -21.6813
52.15 -18.6756
52.25 -15.4204
52.35 -12.3145
52.45 -9.83314
52.55 -7.68906
52.65 -5.24376
52.75 -2.67736
52.85 -0.418049
52.95 2.20879
53.05 5.42635
53.15 8.97796
53.25 12.6617
53.35 16.4058
53.45 20.0884
53.55 23.322
53.65 25.6196
53.75 26.8318
53.85 27.2909
53.95 27.1844
54.05 26.7024
54.15 26.0088
54.25 24.8073
54.35 22.9967
54.45 21.0257
54.55 19.2146
54.65 17.6636
54.75 16.4013
54.85 15.093
54.95 13.6282
55.05 11.8128
55.15 9.75772
55.25 7.72572
55.35 5.39833
55.45 2.66549
55.55 -0.476024
55.65 -4.04066
55.75 -7.52285
55.85 -10.4625
55.95 -12.8255
56.05 -15.0673
56.15 -17.0764
56.25 -19.0008
56.35 -20.8635
56.45 -22.6897
56.55 -23.9239
56.65 -24.2463
56.75 -23.6761
56.85 -22.407
56.95 -20.5996
57.05 -18.8237
57.15 -17.3708
57.25 -15.9335
57.35 -14.4609
57.45 -12.724
57.55 -10.9887
57.65 -9.65173
57.75 -8.55255
57.85 -7.33936
57.95 -6.04913
58.05 -4.42594
58.15 -2.16791
58.25 0.590069
58.35 3.76236
58.45 7.2138
58.55 10.518
58.65 13.3696
58.75 15.9288
58.85 18.2133
58.95 20.2139
59.05 21.8999
59.15 22.8817
59.25 22.9499
59.35 22.3689
59.45 21.6451
59.55 20.7197
59.65 19.2666
59.75 17.559
59.85 15.7627
59.95 14.263
60.05 13.2829
60.15 12.4167
60.25 11.1918
60.35 9.3979
60.45 7.67425
60.55 5.95102
60.65 4.27227
60.75 2.70792
60.85 0.807796
60.95 -1.40162
61.05 -3.67792
61.15 -5.83223
61.25 -7.87053
61.35 -10.0612
61.45 -12.2998
61.55 -14.2672
61.65 -15.6179
61.75 -15.9443
61.85 -15.636
61.95 -15.2172
62.05 -15.1517
62.15 -15.3683
62.25 -15.3388
62.35 -14.7146
62.45 -13.8215
62.55 -13.1572
62.65 -13.0538
62.75 -13.1424
62.85 -12.8505
62.95 -11.5445
63.05 -9.21316
63.15 -6.42332
63.25 -3.67312
63.35 -1.12912
63.45 1.56344
63.55 4.29983
63.65 6.8306
63.75 8.80093
63.85 9.94581
63.95 10.3518
64.05 10.4326
64.15 10.3621
64.25 10.2433
64.35 9.99338
64.45 9.42761
64.55 8.86684
64.65 8.36343
64.75 8.0564
64.85 8.26912
64.95 9.31364
65.05 10.8419
65.15 12.431
65.25 13.8569
65.35 14.7022
65.45 14.631
65.55 13.7059
65.65 12.2071
65.75 10.5841
65.85 9.13487
65.95 7.91723
66.05 6.49757
66.15 4.8143
66.25 3.1203
66.35 1.2397
66.45 -1.07127
66.55 -3.337
66.65 -5.19968
66.75 -6.7376
66.85 -7.87526
66.95 -8.67932
67.05 -8.72954
67.15 -7.90973
67.25 -6.96131
67.35 -6.44689
67.45 -6.47712
67.55 -6.86277
67.65 -7.66693
67.75 -8.62612
67.85 -9.58172
67.95 -10.5851
68.05 -11.5201
68.15 -12.5922
68.25 -13.2457
68.35 -12.8706
68.45 -11.9731
68.55 -10.6242
68.65 -8.85339
68.75 -6.7784
68.85 -4.32164
68.95 -1.31542
69.05 2.04174
69.15 5.1216
69.25 7.74586
69.35 10.1105
69.45 12.0174
69.55 13.2451
69.65 13.684
69.75 12.9801
69.85 11.4084
69.95 9.36969
70.05 7.36217
70.15 5.2221
70.25 2.62132
70.35 0.0852004
70.45 -1.1499
70.55 -0.810638
70.65 0.628542
70.75 2.58769
70.85 4.95002
70.95 7.36338
71.05 9.34486
71.15 10.8888
71.25 11.5311
71.35 11.0861
71.45 10.0052
71.55 8.91781
71.65 7.99617
71.75 7.61885
71.85 7.49713
71.95 6.8644
72.05 5.32157
72.15 3.39874
72.25 1.47861
72.35 -0.370533
72.45 -1.83886
72.55 -2.74309
72.65 -2.94872
72.75 -2.87264
72.85 -3.1966
72.95 -4.28882
73.05 -6.413
73.15 -9.12673
73.25 -12.1744
73.35 -15.003
73.45 -17.1715
73.55 -18.2506
73.65 -18.3078
73.75 -17.2736
73.85 -15.2628
73.95 -12.6472
74.05 -9.98107
74.15 -7.35886
74.25 -4.84999
74.35 -2.37444
74.45 -0.0209426
74.55 1.82359
74.65 3.10057
74.75 4.26382
74.85 5.17681
74.95 5.61565
75.05 5.94414
75.15 6.64574
75.25 7.59647
75.35 8.87827
75.45 10.5395
75.55 11.7945
75.65 12.5126
75.75 12.8415
75.85 12.8387
75.95 12.3127
76.05 11.2982
76.15 10.1711
76.25 9.02039
76.35 7.77191
76.45 6.1718
76.55 4.37429
76.65 2.95171
76.75 2.18792
76.85 2.0233
76.95 1.83532
77.05 1.00174
77.15 0.17243
77.25 -0.442993
77.35 -0.767116
77.45 -1.22389
77.55 -2.03347
77.65 -3.19955
77.75 -4.5375
77.85 -5.50494
77.95 -6.23894
78.05 -6.96262
78.15 -7.09196
78.25 -6.54413
78.35 -5.79018
78.45 -5.26
78.55 -4.77731
78.65 -4.06225
78.75 -2.95662
78.85 -2.04167
78.95 -1.1073
79.05 -0.489566
79.15 0.0200002
79.25 0.640319
79.35 1.0489
79.45 1.17626
79.55 1.29305
79.65 1.44682
79.75 1.70797
79.85 2.28538
79.95 2.80563
80.05 2.8199
80.15 2.54484
80.25 2.17831
80.35 2.07152
80.45 1.76029
80.55 1.32548
80.65 0.881012
80.75 0.586737
80.85 0.520241
80.95 0.827468
81.05 1.45415
81.15 2.40558
81.25 3.23891
81.35 3.82638
81.45 4.14721
81.55 4.21758
81.65 3.96103
81.75 3.48368
81.85 2.73925
81.95 1.92449
82.05 1.49924
82.15 1.01412
82.25 0.298408
82.35 -0.399658
82.45 -1.05778
82.55 -1.64904
82.65 -1.60866
82.75 -1.05875
82.85 -0.174898
82.95 1.01045
83.05 1.99304
83.15 2.47896
83.25 2.75392
83.35 3.26525
83.45 3.45589
83.55 2.95346
83.65 2.16004
83.75 1.55858
83.85 1.10101
83.95 0.908349
84.05 0.516478
84.15 0.0857375
84.25 -0.365966
84.35 -0.491193
84.45 -0.339243
84.55 -0.201618
84.65 0.0189347
84.75 0.178333
84.85 0.269552
84.95 0.709133
85.05 0.697675
85.15 0.273263
85.25 -0.238032
85.35 -0.42684
85.45 -0.0710056
85.55 0.487973
85.65 0.802367
85.75 1.0992
85.85 1.29374
85.95 1.35541
86.05 1.3337
86.15 0.934551
86.25 0.405285
86.35 -0.0496655
86.45 -0.440236
86.55 -1.29913
86.65 -2.06337
86.75 -2.82841
86.85 -3.18239
86.95 -2.44788
87.05 -1.16303
87.15 0.107475
87.25 1.1631
87.35 1.58193
87.45 1.30249
87.55 0.674175
87.65 0.296016
87.75 0.386627
87.85 1.03671
87.95 1.9167
88.05 2.57178
88.15 3.27473
88.25 3.95651
88.35 4.11111
88.45 3.95474
88.55 3.81672
88.65 3.62669
88.75 3.39301
88.85 3.0794
88.95 2.57996
89.05 1.93131
89.15 1.33563
89.25 1.0506
89.35 0.929305
89.45 0.953903
89.55 1.00799
89.65 0.946449
89.75 0.947788
89.85 1.35812
89.95 1.58553
90.05 1.56258
90.15 1.30005
90.25 0.788576
90.35 0.390821
90.45 -0.0233243
90.55 -0.296751
90.65 -0.489428
90.75 -0.509931
90.85 -0.515792
90.95 -0.465772
91.05 -0.468862
91.15 -0.697224
91.25 -1.03832
91.35 -1.49466
91.45 -1.96876
91.55 -1.9583
91.65 -2.07952
91.75 -2.19195
91.85 -2.0221
91.95 -1.63099
92.05 -0.946073
92.15 -0.645073
92.25 -0.137711
92.35 0.205005
92.45 0.679765
92.55 0.975174
92.65 1.08569
92.75 1.10785
92.85 1.05349
92.95 1.26087
93.05 1.39493
93.15 1.53803
93.25 1.48573
93.35 1.39155
93.45 1.18623
93.55 1.17359
93.65 1.03517
93.75 0.800177
93.85 0.834448
93.95 0.962107
94.05 1.26234
94.15 1.66074
94.25 1.8469
94.35 1.91656
94.45 1.81025
94.55 1.72315
94.65 1.46507
94.75 1.14279
94.85 0.701427
94.95 0.553838
95.05 0.637751
95.15 0.567122
95.25 0.720024
95.35 0.85581
95.45 1.17945
95.55 1.50137
95.65 1.87886
95.75 1.92521
95.85 1.58883
95.95 1.20146
96.05 0.702211
96.15 0.272104
96.25 -0.12689
96.35 -0.560166
96.45 -1.28907
96.55 -1.54068
96.65 -1.61367
96.75 -1.51196
96.85 -1.15276
96.95 -0.772608
97.05 -0.502971
97.15 -0.369447
97.25 -0.0363421
97.35 0.155405
97.45 0.0267018
97.55 -0.122464
97.65 -0.380156
97.75 -0.606366
97.85 -0.70508
97.95 -0.917047
98.05 -1.16925
98.15 -1.2445
98.25 -1.09021
98.35 -0.74533
98.45 -0.198954
98.55 0.309957
98.65 1.03769
98.75 1.5732
98.85 1.80786
98.95 1.64703
99.05 1.63817
99.15 1.46772
99.25 1.06641
99.35 0.566688
99.45 0.254159
99.55 0.233793
99.65 0.26618
99.75 0.114078
99.85 0.224772
99.95 0.133432
100.05 0.194905
100.15 0.344154
100.25 0.777821
100.35 1.15998
100.45 1.54096
100.55 1.53422
