0 1.1686
0.1 1.30994
0.2 1.14462
0.3 1.01108
0.4 1.23851
0.5 1.37335
0.6 1.31873
0.7 1.45845
0.8 1.71766
0.9 2.16512
1 2.20942
1.1 2.19029
1.2 1.7875
1.3 0.86338
1.4 -0.0583041
1.5 -0.924041
1.6 -0.808039
1.7 -0.777424
1.8 -0.504591
1.9 -0.405758
2 -0.0352029
2.1 0.0369897
2.2 -0.157484
2.3 0.185837
2.4 0.74454
2.5 1.30738
2.6 1.72916
2.7 1.73199
2.8 1.60762
2.9 1.53054
3 1.38067
3.1 0.673136
3.2 0.031004
3.3 -0.842217
3.4 -1.19869
3.5 -1.0881
3.6 -0.753423
3.7 -0.00756404
3.8 0.817933
3.9 1.48934
4 1.98802
4.1 2.05552
4.2 2.06844
4.3 2.17648
4.4 2.16284
4.5 2.37733
4.6 2.10235
4.7 1.3913
4.8 0.348588
4.9 -0.229598
5 -0.986286
5.1 -1.64251
5.2 -2.14594
5.3 -2.66114
5.4 -2.27671
5.5 -1.24536
5.6 0.256962
5.7 1.12334
5.8 2.03123
5.9 2.72817
6 3.0797
6.1 3.10386
6.2 2.79951
6.3 2.60284
6.4 2.48569
6.5 2.15889
6.6 1.37684
6.7 0.823569
6.8 0.862144
6.9 1.24827
7 1.49151
7.1 1.35707
7.2 0.835705
7.3 0.115696
7.4 -0.476977
7.5 -0.723742
7.6 -0.667451
7.7 -0.783868
7.8 -0.755639
7.9 -0.658722
8 -0.310142
8.1 0.500303
8.2 1.23486
8.3 1.69713
8.4 1.56361
8.5 1.243
8.6 1.13347
8.7 1.57747
8.8 2.00488
8.9 1.91922
9 1.43561
9.1 1.20972
9.2 1.50586
9.3 1.55832
9.4 1.42519
9.5 1.31368
9.6 1.17725
9.7 1.22747
9.8 1.23363
9.9 1.3958
10 1.39931
10.1 1.50113
10.2 1.19357
10.3 0.921825
10.4 0.859659
10.5 1.00802
10.6 0.508329
10.7 -0.350355
10.8 -0.59633
10.9 -0.213389
11 0.11069
11.1 0.111377
11.2 0.283568
11.3 0.706551
11.4 1.3748
11.5 2.17264
11.6 2.09717
11.7 1.47472
11.8 0.570453
11.9 0.2092
12 0.309611
12.1 0.579329
12.2 0.593262
12.3 0.130334
12.4 -0.253226
12.5 -0.132688
12.6 0.52156
12.7 1.01815
12.8 1.41546
12.9 1.76498
13 1.9621
13.1 1.76972
13.2 1.07116
13.3 0.268498
13.4 -0.198836
13.5 0.0994804
13.6 0.491541
13.7 0.429064
13.8 0.375311
13.9 0.647881
14 1.04178
14.1 1.23264
14.2 1.31541
14.3 1.34173
14.4 1.20306
14.5 0.733401
14.6 0.326148
14.7 0.28796
14.8 0.452988
14.9 0.383271
15 -0.0837797
15.1 -0.225975
15.2 0.35207
15.3 1.06527
15.4 1.57988
15.5 1.77063
15.6 1.67919
15.7 1.81785
15.8 2.44466
15.9 3.13276
16 3.50466
16.1 3.72716
16.2 3.90222
16.3 3.92015
16.4 3.26288
16.5 2.0503
16.6 0.478447
16.7 -0.817648
16.8 -1.87511
16.9 -2.85147
17 -3.37603
17.1 -3.1046
17.2 -2.25857
17.3 -1.21362
17.4 -0.112783
17.5 0.753134
17.6 1.28093
17.7 1.68288
17.8 1.79823
17.9 1.52747
18 1.03237
18.1 0.630744
18.2 0.434555
18.3 0.42962
18.4 0.597676
18.5 0.805627
18.6 0.740981
18.7 0.730604
18.8 0.707347
18.9 0.612508
19 0.598623
19.1 0.679839
19.2 0.838698
19.3 0.930332
19.4 1.04275
19.5 1.34117
19.6 1.87124
19.7 2.43912
19.8 2.67681
19.9 2.74197
20 2.96724
20.1 3.67578
20.2 4.33436
20.3 4.66835
20.4 4.63297
20.5 3.96895
20.6 2.98163
20.7 1.85346
20.8 0.482154
20.9 -1.56096
21 -3.85388
21.1 -5.85974
21.2 -7.51681
21.3 -8.49455
21.4 -7.97499
21.5 -5.95614
21.6 -2.86307
21.7 0.555632
21.8 4.12091
21.9 7.23396
22 9.26385
22.1 9.84889
22.2 9.27834
22.3 7.44503
22.4 4.70775
22.5 2.05229
22.6 -0.0347005
22.7 -0.737594
22.8 0.0956685
22.9 1.77407
23 3.59038
23.1 4.7886
23.2 4.7369
23.3 3.08275
23.4 -0.599912
23.5 -5.49688
23.6 -10.1311
23.7 -13.2993
23.8 -14.0371
23.9 -11.48
24 -5.56396
24.1 2.87711
24.2 11.1927
24.3 15.7159
24.4 14.4318
24.5 5.97902
24.6 -11.6487
24.7 -37.6305
24.8 -63.5623
24.9 -78.5658
25 -75.68
25.1 -54.4974
25.2 -15.9887
25.3 39.9253
25.4 109.391
25.5 174.496
25.6 214.041
25.7 218.936
25.8 181.572
25.9 80.9669
26 -57.8022
26.1 -180.067
26.2 -250.477
26.3 -269.383
26.4 -250.654
26.5 -197.395
26.6 -129.379
26.7 -70.4144
26.8 -30.5657
26.9 -6.34308
27 7.92588
27.1 17.1445
27.2 28.287
27.3 46.5003
27.4 73.5478
27.5 106.695
27.6 136.029
27.7 151.465
27.8 150.657
27.9 135.372
28 109.33
28.1 78.7633
28.2 48.1593
28.3 18.7234
28.4 -11.4473
28.5 -44.8844
28.6 -81.6473
28.7 -116.558
28.8 -141.463
28.9 -150.31
29 -141.138
29.1 -118.415
29.2 -91.9453
29.3 -70.4531
29.4 -56.944
29.5 -49.6992
29.6 -43.8624
29.7 -34.1907
29.8 -17.6178
29.9 7.84253
30 40.172
30.1 72.7408
30.2 97.7584
30.3 110.979
30.4 112.283
30.5 102.501
30.6 85.7659
30.7 68.8904
30.8 55.8131
30.9 46.0628
31 37.3713
31.1 27.9226
31.2 16.6126
31.3 3.50986
31.4 -10.0758
31.5 -22.8625
31.6 -34.7095
31.7 -45.9573
31.8 -56.8534
31.9 -66.6815
32 -74.0997
32.1 -77.4872
32.2 -75.3368
32.3 -67.0597
32.4 -54.8316
32.5 -41.7289
32.6 -31.2446
32.7 -24.1212
32.8 -19.802
32.9 -16.435
33 -12.0159
33.1 -5.83569
33.2 2.14177
33.3 11.3327
33.4 20.3445
33.5 27.9452
33.6 33.6708
33.7 38.2122
33.8 42.2759
33.9 46.3937
34 50.1596
34.1 52.6455
34.2 53.0491
34.3 51.1943
34.4 47.4107
34.5 42.3066
34.6 37.1393
34.7 32.2577
34.8 26.9662
34.9 20.3899
35 11.4221
35.1 -0.0740837
35.2 -12.9683
35.3 -25.3637
35.4 -35.2123
35.5 -40.7562
35.6 -42.4334
35.7 -42.0554
35.8 -41.7317
35.9 -42.5506
36 -44.7923
36.1 -47.1554
36.2 -48.6297
36.3 -48.2993
36.4 -45.9629
36.5 -42.6766
36.6 -38.9041
36.7 -34.8485
36.8 -30.0858
36.9 -24.2221
37 -17.4085
37.1 -9.52609
37.2 -0.698906
37.3 8.53024
37.4 16.9879
37.5 23.8701
37.6 29.4076
37.7 34.1053
37.8 38.6986
37.9 43.4416
38 47.7221
38.1 50.8294
38.2 52.3824
38.3 52.1577
38.4 50.277
38.5 47.1114
38.6 42.9446
38.7 38.3069
38.8 33.7174
38.9 29.113
39 23.9826
39.1 17.9594
39.2 11.1656
39.3 4.52658
39.4 -1.66257
39.5 -7.79006
39.6 -14.1611
39.7 -20.9516
39.8 -27.7886
39.9 -34.4558
40 -40.5649
40.1 -46.2384
40.2 -50.8455
40.3 -53.3829
40.4 -54.0161
40.5 -52.9713
40.6 -51.1279
40.7 -48.9667
40.8 -46.2032
40.9 -42.5145
41 -37.8306
41.1 -32.22
41.2 -26.5884
41.3 -21.2279
41.4 -15.6369
41.5 -9.7386
41.6 -3.56418
41.7 2.67735
41.8 9.35948
41.9 16.4458
42 23.4507
42.1 29.6673
42.2 34.4944
42.3 37.8134
42.4 40.0245
42.5 41.4868
42.6 42.3492
42.7 42.4794
42.8 42.0689
42.9 41.1847
43 40.0495
43.1 38.4898
43.2 36.5694
43.3 34.3
43.4 31.8039
43.5 29.0769
43.6 25.6098
43.7 20.8172
43.8 14.7069
43.9 8.00629
44 1.27813
44.1 -4.76849
44.2 -9.95965
44.3 -14.3675
44.4 -18.3822
44.5 -22.2807
44.6 -26.321
44.7 -30.5134
44.8 -34.3399
44.9 -37.5188
45 -39.9617
45.1 -41.4933
45.2 -42.1131
45.3 -42.0114
45.4 -41.0296
45.5 -38.6799
45.6 -35.6832
45.7 -32.1694
45.8 -28.0178
45.9 -23.5107
46 -19.4098
46.1 -16.0433
46.2 -13.4779
46.3 -11.0777
46.4 -8.56496
46.5 -5.37458
46.6 -1.41745
46.7 2.85905
46.8 7.50624
46.9 12.7193
47 17.9917
47.1 22.9525
47.2 27.5239
47.3 31.2503
47.4 34.0658
47.5 35.831
47.6 36.4458
47.7 35.8903
47.8 34.3197
47.9 32.2754
48 30.4064
48.1 28.9867
48.2 27.7545
48.3 26.2653
48.4 24.4184
48.5 22.0205
48.6 19.0893
48.7 15.6528
48.8 11.8839
48.9 8.4993
49 5.97663
49.1 4.05927
49.2 2.30245
49.3 -0.219629
49.4 -3.97639
49.5 -8.69387
49.6 -13.6951
49.7 -18.3791
49.8 -22.5055
49.9 -25.8648
50 -28.2248
50.1 -29.9424
50.2 -31.074
50.3 -31.5119
50.4 -31.6067
50.5 -31.675
50.6 -31.5758
50.7 -30.9624
50.8 -29.4281
50.9 -27.0549
51 -24.5473
51.1 -22.1982
51.2 -19.6857
51.3 -16.7461
51.4 -13.0934
51.5 -9.00969
51.6 -4.96999
51.7 -1.03818
51.8 2.57437
51.9 5.92215
52 9.38915
52.1 13.0058
52.2 16.3643
52.3 19.2911
52.4 21.7606
52.5 23.8817
52.6 25.3513
52.7 26.018
52.8 25.9946
52.9 25.367
53 24.6126
53.1 24.2555
53.2 23.813
53.3 22.81
53.4 21.4241
53.5 19.8672
53.6 18.4048
53.7 17.2415
53.8 15.7723
53.9 13.7797
54 11.8988
54.1 10.2286
54.2 8.42115
54.3 5.93386
54.4 2.84051
54.5 -0.564126
54.6 -3.66095
54.7 -6.14142
54.8 -8.55666
54.9 -10.9569
55 -12.6782
55.1 -13.8626
55.2 -14.9043
55.3 -16.0775
55.4 -17.1514
55.5 -18.0357
55.6 -18.78
55.7 -19.1969
55.8 -19.5404
55.9 -19.4831
56 -18.96
56.1 -18.1707
56.2 -17.5586
56.3 -17.1066
56.4 -16.7918
56.5 -16.414
56.6 -15.7954
56.7 -14.2886
56.8 -11.6646
56.9 -8.42123
57 -5.43185
57.1 -2.81491
57.2 -0.507535
57.3 2.00459
57.4 4.85174
57.5 7.08202
57.6 8.39387
57.7 9.57035
57.8 11.1593
57.9 13.1563
58 15.2629
58.1 17.2057
58.2 18.7053
58.3 19.4772
58.4 19.8679
58.5 20.2489
58.6 20.3623
58.7 20.237
58.8 20.1182
58.9 19.8302
59 19.1064
59.1 18.0238
59.2 16.3799
59.3 14.415
59.4 12.3889
59.5 10.1599
59.6 7.84525
59.7 5.19887
59.8 2.36178
59.9 -0.412681
60 -2.71752
60.1 -4.6857
60.2 -6.35721
60.3 -7.88148
60.4 -9.2302
60.5 -10.2446
60.6 -10.7887
60.7 -11.0004
60.8 -11.5325
60.9 -12.7364
61 -13.9781
61.1 -14.6728
61.2 -14.9169
61.3 -15.0114
61.4 -15.0423
61.5 -14.706
61.6 -13.8988
61.7 -12.8393
61.8 -11.5482
61.9 -10.2118
62 -9.24854
62.1 -8.57973
62.2 -7.5427
62.3 -5.88193
62.4 -4.00243
62.5 -1.93443
62.6 0.392645
62.7 2.83838
62.8 4.9302
62.9 6.49515
63 7.28924
63.1 7.55774
63.2 7.58522
63.3 7.46809
63.4 7.62807
63.5 8.30513
63.6 9.16802
63.7 10.0622
63.8 10.927
63.9 11.6577
64 11.8702
64.1 11.3258
64.2 10.3612
64.3 9.42064
64.4 8.78721
64.5 8.38299
64.6 8.20612
64.7 7.982
64.8 7.6742
64.9 7.70968
65 8.05435
65.1 8.00416
65.2 7.61249
65.3 7.1464
65.4 6.57085
65.5 5.90308
65.6 5.09385
65.7 4.17758
65.8 2.95625
65.9 1.55358
66 0.0925013
66.1 -1.40424
66.2 -3.24667
66.3 -5.33285
66.4 -7.80223
66.5 -10.9735
66.6 -14.1999
66.7 -16.5653
66.8 -17.664
66.9 -17.552
67 -16.8717
67.1 -15.8416
67.2 -14.2153
67.3 -11.6933
67.4 -8.68325
67.5 -5.72653
67.6 -3.18736
67.7 -0.138468
67.8 3.4117
67.9 6.92513
68 9.53925
68.1 10.6351
68.2 10.168
68.3 8.40034
68.4 5.61722
68.5 2.28302
68.6 -1.09354
68.7 -4.06669
68.8 -6.23386
68.9 -7.08543
69 -6.3111
69.1 -4.58159
69.2 -2.60655
69.3 -0.698617
69.4 0.894489
69.5 2.27987
69.6 3.59646
69.7 4.93039
69.8 6.16018
69.9 7.37354
70 8.64108
70.1 9.88182
70.2 10.9458
70.3 11.8631
70.4 12.6749
70.5 12.9533
70.6 12.3431
70.7 11.1705
70.8 10.0935
70.9 9.28822
71 8.43301
71.1 7.67776
71.2 6.85627
71.3 6.0668
71.4 5.11709
71.5 3.86329
71.6 2.27211
71.7 -0.0704239
71.8 -3.01839
71.9 -5.53026
72 -6.91219
72.1 -7.39848
72.2 -7.27714
72.3 -7.37372
72.4 -7.89315
72.5 -8.65887
72.6 -9.30011
72.7 -10.1859
72.8 -10.941
72.9 -11.3006
73 -11.6171
73.1 -11.8868
73.2 -11.4474
73.3 -10.2441
73.4 -9.06008
73.5 -8.04973
73.6 -6.80398
73.7 -5.09209
73.8 -3.3425
73.9 -1.37074
74 1.06225
74.1 3.56378
74.2 5.5392
74.3 7.02464
74.4 8.24744
74.5 9.03906
74.6 9.34989
74.7 9.23665
74.8 9.12144
74.9 9.41922
75 9.85394
75.1 10.1518
75.2 9.72602
75.3 8.577
75.4 7.37251
75.5 6.62945
75.6 6.04182
75.7 5.52866
75.8 4.71392
75.9 3.73376
76 3.13904
76.1 2.65283
76.2 1.86391
76.3 1.06944
76.4 0.121574
76.5 -0.356411
76.6 -0.944833
76.7 -1.61692
76.8 -2.00498
76.9 -2.23638
77 -2.63692
77.1 -3.15496
77.2 -3.69997
77.3 -4.35121
77.4 -4.78644
77.5 -4.46949
77.6 -3.54722
77.7 -2.29879
77.8 -1.77087
77.9 -1.68942
78 -1.88808
78.1 -2.46154
78.2 -2.65279
78.3 -2.51641
78.4 -2.12879
78.5 -2.0231
78.6 -1.6773
78.7 -0.945946
78.8 0.10738
78.9 1.295
79 2.29534
79.1 3.29695
79.2 3.89767
79.3 3.77844
79.4 3.27132
79.5 2.77883
79.6 2.46662
79.7 2.15908
79.8 1.95764
79.9 1.95439
80 2.48127
80.1 2.9519
80.2 3.09974
80.3 2.9094
80.4 2.9719
80.5 2.78563
80.6 1.9585
80.7 0.525229
80.8 -0.983288
80.9 -2.31703
81 -3.4863
81.1 -4.32008
81.2 -4.69541
81.3 -4.46506
81.4 -3.51635
81.5 -1.83355
81.6 -0.0142808
81.7 1.51248
81.8 2.76582
81.9 3.45809
82 3.5794
82.1 2.783
82.2 1.18106
82.3 -0.534734
82.4 -1.76025
82.5 -2.53988
82.6 -2.7528
82.7 -2.42469
82.8 -1.61705
82.9 -0.0302043
83 1.86841
83.1 3.58253
83.2 5.07074
83.3 5.82015
83.4 5.89641
83.5 5.56474
83.6 4.91101
83.7 3.96122
83.8 2.84358
83.9 1.67543
84 0.625247
84.1 -0.0807817
84.2 -0.265896
84.3 -0.529458
84.4 -0.48475
84.5 -0.289489
84.6 0.0687305
84.7 0.558739
84.8 0.797169
84.9 0.468195
85 -0.551047
85.1 -1.42447
85.2 -1.55018
85.3 -1.29309
85.4 -0.77987
85.5 -0.280672
85.6 0.0416208
85.7 -0.0302907
85.8 -0.0638287
85.9 -0.0159891
86 -0.409292
86.1 -1.1863
86.2 -1.96408
86.3 -2.18698
86.4 -2.16406
86.5 -2.06792
86.6 -1.72404
86.7 -1.42518
86.8 -1.05224
86.9 -0.914888
87 -0.791091
87.1 -0.00702444
87.2 0.833449
87.3 1.51059
87.4 1.65524
87.5 1.3625
87.6 0.898977
87.7 0.438233
87.8 0.359726
87.9 0.369905
88 0.602507
88.1 1.19188
88.2 1.68836
88.3 2.04335
88.4 2.03792
88.5 1.91249
88.6 1.72015
88.7 1.55999
88.8 1.24126
88.9 1.13308
89 1.25342
89.1 1.22832
89.2 1.35485
89.3 1.631
89.4 2.16464
89.5 2.22426
89.6 1.87728
89.7 0.926863
89.8 -0.0928557
89.9 -0.720204
90 -0.626627
90.1 -0.295527
90.2 0.222341
90.3 0.756552
90.4 0.90909
90.5 1.23196
90.6 1.0407
90.7 0.474611
90.8 -0.0335268
90.9 -0.0729091
91 -0.228759
91.1 -0.304872
91.2 -0.443725
91.3 -0.689788
91.4 -0.689919
91.5 -0.543894
91.6 -0.542306
91.7 -0.39049
91.8 -0.29583
91.9 -0.287183
92 -0.365901
92.1 -0.532257
92.2 -0.516701
92.3 -0.461582
92.4 -0.61271
92.5 -1.00409
92.6 -1.44811
92.7 -1.86459
92.8 -2.30024
92.9 -2.52585
93 -2.67461
93.1 -2.52629
93.2 -2.22424
93.3 -1.7799
93.4 -0.884291
93.5 0.0661351
93.6 1.07057
93.7 2.09388
93.8 2.81919
93.9 3.2737
94 3.53706
94.1 3.61253
94.2 3.3629
94.3 2.94302
94.4 2.6529
94.5 2.41711
94.6 2.05789
94.7 1.57819
94.8 0.915226
94.9 0.697756
95 0.160707
95.1 -0.0133564
95.2 -0.228805
95.3 -0.12961
95.4 0.0413006
95.5 0.141872
95.6 0.43801
95.7 0.54405
95.8 0.259629
95.9 -0.270289
96 -0.639094
96.1 -0.92763
96.2 -1.01589
96.3 -0.853839
96.4 -0.596851
96.5 -0.568455
96.6 -0.397026
96.7 -0.0875084
96.8 0.338983
96.9 0.526636
97 0.436592
97.1 0.120383
97.2 -0.395699
97.3 -0.669806
97.4 -0.856392
97.5 -0.950508
97.6 -0.862583
97.7 -0.614453
97.8 -0.265929
97.9 -0.167096
98 -0.244154
98.1 -0.5643
98.2 -1.10326
98.3 -1.46291
98.4 -1.63605
98.5 -1.43062
98.6 -1.08055
98.7 -0.567333
98.8 -0.0157778
98.9 0.489713
99 1.21596
99.1 1.39024
99.2 1.38207
99.3 1.32228
99.4 1.08738
99.5 0.791895
99.6 0.391296
99.7 0.146574
99.8 0.0679302
99.9 -0.0354488
100 -0.139302
100.1 0.0658524
100.2 0.27651
100.3 0.355552
100.4 0.403787
100.5 0.246865
100.6 0.170899
100.7 0.109127
100.8 -0.133987
100.9 -0.515277
101 -0.505958
101.1 -0.556183
101.2 -0.610888
101.3 -0.185772
101.4 0.00750952
101.5 0.216583
101.6 0.501446
101.7 0.678099
101.8 0.667063
101.9 0.527806
102 0.326894
102.1 0.129119
102.2 0.0417295
102.3 -0.0441102
