-1.55 1.67821
-1.45 1.35834
-1.35 1.20278
-1.25 1.28257
-1.15 1.27111
-1.05 1.14216
-0.95 1.16177
-0.85 1.44881
-0.75 1.96643
-0.65 1.31992
-0.55 0.244149
-0.45 -0.408207
-0.35 -0.781022
-0.25 -0.976785
-0.15 -0.479573
-0.05 0.33848
0.05 1.15537
0.15 1.41974
0.25 1.13026
0.35 1.10498
0.45 0.578605
0.55 -0.575208
0.65 -1.70115
0.75 -2.06282
0.85 -2.1908
0.95 -1.8893
1.05 -1.27911
1.15 -0.192807
1.25 0.998102
1.35 1.48123
1.45 1.4717
1.55 1.42418
1.65 1.57381
1.75 1.8182
1.85 1.95726
1.95 1.74173
2.05 1.276
2.15 0.511373
2.25 0.244707
2.35 0.485422
2.45 1.28495
2.55 2.27762
2.65 3.10084
2.75 3.57254
2.85 3.73597
2.95 3.81561
3.05 3.6912
3.15 3.09239
3.25 1.78102
3.35 0.174468
3.45 -1.29874
3.55 -1.76845
3.65 -1.4885
3.75 -0.647247
3.85 0.0960908
3.95 0.551996
4.05 0.70627
4.15 1.0507
4.25 1.09343
4.35 1.13154
4.45 0.253051
4.55 -0.89058
4.65 -2.04814
4.75 -2.35556
4.85 -2.0772
4.95 -1.76803
5.05 -1.06978
5.15 -0.564464
5.25 0.390125
5.35 1.45493
5.45 2.42185
5.55 3.59541
5.65 3.92189
5.75 3.4895
5.85 2.98538
5.95 2.65478
6.05 2.13126
6.15 1.1374
6.25 -0.0838579
6.35 -1.13729
6.45 -1.77041
6.55 -1.74764
6.65 -1.41626
6.75 -0.615311
6.85 0.193139
6.95 1.09265
7.05 2.02271
7.15 2.77176
7.25 3.1075
7.35 3.1455
7.45 3.16344
7.55 3.10857
7.65 2.99916
7.75 2.54788
7.85 1.54377
7.95 0.255034
8.05 -0.603631
8.15 -0.774769
8.25 -0.272583
8.35 0.861958
8.45 2.10884
8.55 2.85112
8.65 3.13644
8.75 2.85801
8.85 1.98913
8.95 0.985375
9.05 0.0125316
9.15 -1.10467
9.25 -2.09115
9.35 -2.36077
9.45 -1.91717
9.55 -1.25876
9.65 -0.203898
9.75 0.992201
9.85 2.14039
9.95 3.20999
10.05 4.27643
10.15 5.22917
10.25 5.83441
10.35 6.01594
10.45 5.83049
10.55 5.12066
10.65 3.67547
10.75 1.50473
10.85 -1.24512
10.95 -4.41263
11.05 -7.32213
11.15 -9.65283
11.25 -11.3192
11.35 -11.8418
11.45 -10.7039
11.55 -7.74285
11.65 -3.52151
11.75 1.65422
11.85 7.16588
11.95 12.0005
12.05 15.5602
12.15 17.7018
12.25 17.9592
12.35 16.3371
12.45 13.1815
12.55 8.5829
12.65 2.91571
12.75 -2.6517
12.85 -7.74433
12.95 -12.0827
13.05 -14.8487
13.15 -16.0379
13.25 -15.9421
13.35 -14.3282
13.45 -10.8123
13.55 -6.0149
13.65 -0.505935
13.75 6.15087
13.85 14.1228
13.95 22.9442
14.05 30.7887
14.15 34.5923
14.25 31.9729
14.35 20.8037
14.45 -1.3364
14.55 -34.7709
14.65 -73.4905
14.75 -107.833
14.85 -124.992
14.95 -118.224
15.05 -88.4264
15.15 -36.0816
15.25 37.3185
15.35 117.921
15.45 186.352
15.55 225.45
15.65 231.249
15.75 191.755
15.85 92.1169
15.95 -50.967
16.05 -182.015
16.15 -255.487
16.25 -272.21
16.35 -247.935
16.45 -190.953
16.55 -120.558
16.65 -58.1339
16.75 -14.3824
16.85 10.851
16.95 22.2634
17.05 25.6289
17.15 29.738
17.25 41.0062
17.35 61.3744
17.45 87.9377
17.55 112.447
17.65 126.178
17.75 125.786
17.85 112.932
17.95 91.7706
18.05 66.7664
18.15 42.0897
18.25 17.9026
18.35 -7.24863
18.45 -35.1606
18.55 -65.7405
18.65 -94.7279
18.75 -116.04
18.85 -124.999
18.95 -119.634
19.05 -102.086
19.15 -80.4578
19.25 -63.5581
19.35 -54.5676
19.45 -50.974
19.55 -47.4583
19.65 -39.3637
19.75 -24.4048
19.85 -2.22083
19.95 26.8007
20.05 57.7935
20.15 84.7857
20.25 102.004
20.35 107.737
20.45 102.946
20.55 90.2556
20.65 74.7246
20.75 60.6549
20.85 48.5575
20.95 36.7927
21.05 23.6631
21.15 8.83742
21.25 -6.53467
21.35 -20.55
21.45 -31.8052
21.55 -41.2233
21.65 -49.8859
21.75 -59.0705
21.85 -67.8599
21.95 -74.5461
22.05 -77.2582
22.15 -74.5338
22.25 -65.9196
22.35 -52.3399
22.45 -36.6158
22.55 -22.7028
22.65 -13.043
22.75 -6.92514
22.85 -2.30527
22.95 2.44954
23.05 8.09135
23.15 14.2296
23.25 20.0807
23.35 25.0686
23.45 28.789
23.55 31.413
23.65 33.9361
23.75 37.0778
23.85 41.3347
23.95 46.1219
24.05 50.1023
24.15 51.5746
24.25 49.721
24.35 44.6416
24.45 37.5288
24.55 29.2514
24.65 20.3235
24.75 10.9554
24.85 0.750372
24.95 -10.2904
25.05 -21.135
25.15 -29.9959
25.25 -35.6386
25.35 -37.8225
25.45 -36.3394
25.55 -32.4619
25.65 -29.1937
25.75 -28.4545
25.85 -30.3316
25.95 -33.9387
26.05 -37.9146
26.15 -40.2196
26.25 -40.1656
26.35 -37.4915
26.45 -33.291
26.55 -29.3387
26.65 -26.3501
26.75 -23.7404
26.85 -20.6213
26.95 -15.9477
27.05 -9.44002
27.15 -1.21272
27.25 7.78362
27.35 16.6207
27.45 24.6778
27.55 31.7676
27.65 38.0256
27.75 43.5855
27.85 48.6703
27.95 52.81
28.05 55.2922
28.15 55.8351
28.25 53.799
28.35 49.5004
28.45 43.9825
28.55 37.8586
28.65 31.4994
28.75 25.3398
28.85 19.3596
28.95 13.0132
29.05 5.58255
29.15 -2.1688
29.25 -9.14469
29.35 -15.2526
29.45 -20.5487
29.55 -25.615
29.65 -30.9454
29.75 -36.5185
29.85 -41.5947
29.95 -45.1954
30.05 -47.4379
30.15 -48.2892
30.25 -47.5085
30.35 -45.4957
30.45 -43.3221
30.55 -41.3136
30.65 -38.8345
30.75 -35.6297
30.85 -31.9903
30.95 -27.4518
31.05 -22.0643
31.15 -15.8594
31.25 -9.07763
31.35 -2.20757
31.45 3.83589
31.55 9.19864
31.65 13.8812
31.75 18.0891
31.85 21.848
31.95 24.7474
32.05 26.65
32.15 28.2764
32.25 30.2567
32.35 33.2697
32.45 37.3919
32.55 42.0623
32.65 46.3395
32.75 49.2053
32.85 49.2934
32.95 46.6482
33.05 41.9468
33.15 35.7802
33.25 28.2322
33.35 20.1916
33.45 12.4023
33.55 5.11956
33.65 -1.08069
33.75 -6.06254
33.85 -9.89475
33.95 -12.3467
34.05 -13.1453
34.15 -12.4227
34.25 -10.6621
34.35 -9.20327
34.45 -9.4702
34.55 -12.6127
34.65 -18.9176
34.75 -26.9362
34.85 -34.991
34.95 -42.1353
35.05 -47.4579
35.15 -50.2
35.25 -50.4278
35.35 -48.5387
35.45 -44.8764
35.55 -40.2726
35.65 -35.4386
35.75 -30.4068
35.85 -25.1297
35.95 -19.3397
36.05 -12.9674
36.15 -6.6586
36.25 -0.891678
36.35 4.26325
36.45 9.05989
36.55 13.6118
36.65 17.8174
36.75 21.3926
36.85 24.2307
36.95 26.6688
37.05 29.206
37.15 31.8622
37.25 34.1373
37.35 35.5925
37.45 36.4422
37.55 37.0431
37.65 37.1668
37.75 36.5303
37.85 34.8803
37.95 32.1407
38.05 28.5689
38.15 24.8539
38.25 21.0952
38.35 16.7878
38.45 11.9147
38.55 7.30585
38.65 3.41253
38.75 0.480736
38.85 -1.49447
38.95 -2.66981
39.05 -3.94941
39.15 -5.59309
39.25 -7.62513
39.35 -10.0354
39.45 -12.7573
39.55 -16.0036
39.65 -20.0479
39.75 -24.1256
39.85 -27.5906
39.95 -30.5612
40.05 -32.9847
40.15 -34.992
40.25 -36.1671
40.35 -36.188
40.45 -35.2394
40.55 -33.1727
40.65 -30.2479
40.75 -26.7687
40.85 -23.0443
40.95 -19.2408
41.05 -15.2364
41.15 -11.2562
41.25 -7.23121
41.35 -3.39774
41.45 0.300972
41.55 3.82084
41.65 7.23519
41.75 10.5225
41.85 13.762
41.95 16.4871
42.05 18.5915
42.15 20.6689
42.25 22.6793
42.35 24.3106
42.45 25.4651
42.55 26.0534
42.65 26.1911
42.75 26.2149
42.85 26.2425
42.95 26.0932
43.05 25.5815
43.15 24.754
43.25 23.4752
43.35 21.9892
43.45 20.0519
43.55 17.7266
43.65 15.4577
43.75 13.1489
43.85 10.7448
43.95 8.64833
44.05 6.75961
44.15 4.78392
44.25 2.84235
44.35 0.758545
44.45 -2.38149
44.55 -6.48752
44.65 -10.6659
44.75 -14.7374
44.85 -18.1311
44.95 -20.492
45.05 -22.3029
45.15 -23.4121
45.25 -24.2199
45.35 -24.4761
45.45 -24.3235
45.55 -24.2777
45.65 -24.0341
45.75 -23.8591
45.85 -23.3886
45.95 -22.5708
46.05 -21.1972
46.15 -19.2114
46.25 -16.4063
46.35 -13.5566
46.45 -11.0638
46.55 -8.69506
46.65 -5.93476
46.75 -2.71047
46.85 0.606061
46.95 3.37725
47.05 5.18972
47.15 6.79812
47.25 8.64742
47.35 10.8029
47.45 12.9196
47.55 14.9184
47.65 16.8798
47.75 18.743
47.85 20.3645
47.95 21.444
48.05 21.9716
48.15 21.9371
48.25 21.6926
48.35 21.5118
48.45 21.176
48.55 20.741
48.65 19.9915
48.75 18.6848
48.85 17.218
48.95 15.8089
49.05 14.0412
49.15 11.884
49.25 9.36364
49.35 6.72592
49.45 3.96181
49.55 1.39045
49.65 -0.82
49.75 -2.66968
49.85 -4.66957
49.95 -6.8944
50.05 -8.97448
50.15 -10.2546
50.25 -11.1282
50.35 -11.862
50.45 -12.5561
50.55 -13.2752
50.65 -13.9309
50.75 -14.3971
50.85 -14.7185
50.95 -15.4309
51.05 -16.6896
51.15 -17.9986
51.25 -19.1867
51.35 -19.9104
51.45 -19.3556
51.55 -17.4516
51.65 -14.8873
51.75 -11.924
51.85 -8.90088
51.95 -6.22467
52.05 -3.59577
52.15 -1.27196
52.25 0.745089
52.35 2.3902
52.45 3.7741
52.55 4.81696
52.65 5.75979
52.75 7.00563
52.85 8.33411
52.95 9.49574
53.05 10.5521
53.15 11.5642
53.25 12.411
53.35 12.9895
53.45 13.3565
53.55 13.7308
53.65 13.957
53.75 13.9672
53.85 14.2239
53.95 14.6995
54.05 15.3371
54.15 15.9703
54.25 15.6387
54.35 13.8891
54.45 11.2464
54.55 8.36703
54.65 5.7805
54.75 3.6062
54.85 1.80148
54.95 0.886208
55.05 1.16654
55.15 2.17486
55.25 3.62261
55.35 5.34727
55.45 6.55132
55.55 6.47175
55.65 5.14583
55.75 2.4139
55.85 -1.41311
55.95 -5.78038
56.05 -10.1675
56.15 -14.1932
56.25 -17.4779
56.35 -19.7444
56.45 -20.9388
56.55 -21.1382
56.65 -20.8651
56.75 -20.0925
56.85 -18.7957
56.95 -17.1823
57.05 -14.9431
57.15 -12.0303
57.25 -8.01783
57.35 -2.77285
57.45 2.79621
57.55 7.69612
57.65 10.9967
57.75 12.3411
57.85 11.6733
57.95 9.54424
58.05 6.78181
58.15 4.6013
58.25 2.71167
58.35 1.13114
58.45 -0.118271
58.55 -0.823997
58.65 -1.11638
58.75 -1.11058
58.85 -0.627903
58.95 0.0515288
59.05 1.21915
59.15 3.01581
59.25 4.87428
59.35 6.47831
59.45 7.57259
59.55 8.27547
59.65 8.56194
59.75 8.60619
59.85 9.01607
59.95 9.98983
60.05 11.459
60.15 12.5622
60.25 13.5782
60.35 14.5123
60.45 15.1341
60.55 15.1086
60.65 14.3245
60.75 12.8037
60.85 10.8252
60.95 8.06291
61.05 4.35184
61.15 0.387099
61.25 -3.12399
61.35 -6.02254
61.45 -8.11851
61.55 -9.75219
61.65 -11.2973
61.75 -12.5664
61.85 -13.4717
61.95 -13.9349
62.05 -14.0851
62.15 -13.9887
62.25 -13.7137
62.35 -13.2436
62.45 -12.6149
62.55 -12.0028
62.65 -11.1321
62.75 -9.70859
62.85 -7.69726
62.95 -5.71256
63.05 -4.0438
63.15 -2.68089
63.25 -1.52114
63.35 -0.524227
63.45 0.679276
63.55 2.36031
63.65 4.12642
63.75 5.31606
63.85 6.09993
63.95 7.20613
64.05 8.69575
64.15 10.0981
64.25 10.8086
64.35 10.6935
64.45 9.84384
64.55 8.83732
64.65 8.19546
64.75 7.57368
64.85 6.96576
64.95 6.38017
65.05 5.91351
65.15 5.71924
65.25 6.19404
65.35 6.81626
65.45 7.1088
65.55 6.70739
65.65 5.65487
65.75 4.01025
65.85 1.94629
65.95 0.0815197
66.05 -1.21769
66.15 -2.12892
66.25 -2.88809
66.35 -2.93512
66.45 -2.22735
66.55 -1.51296
66.65 -1.60631
66.75 -2.24821
66.85 -3.32573
66.95 -4.53459
67.05 -5.49652
67.15 -5.94188
67.25 -5.93921
67.35 -4.94591
67.45 -2.93392
67.55 -0.614423
67.65 1.34966
67.75 2.4273
67.85 2.60841
67.95 2.5002
68.05 2.24147
68.15 1.75462
68.25 1.1225
68.35 0.228537
68.45 -0.548848
68.55 -0.541104
68.65 0.234104
68.75 1.30207
68.85 2.16013
68.95 2.53419
69.05 2.41874
69.15 1.89346
69.25 1.02364
69.35 -0.0395083
69.45 -1.16018
69.55 -2.0392
69.65 -2.21352
69.75 -1.91565
69.85 -1.25294
69.95 -0.0645988
70.05 1.20848
70.15 2.12955
70.25 2.99835
70.35 3.39599
70.45 2.8896
70.55 1.92797
70.65 1.16411
70.75 0.664379
70.85 0.249765
70.95 -0.521166
71.05 -1.6493
71.15 -2.07329
71.25 -1.62382
71.35 -0.265936
71.45 1.29006
71.55 2.55806
71.65 3.4685
71.75 4.00534
71.85 4.5032
71.95 4.90913
72.05 5.29719
72.15 5.52201
72.25 5.22281
72.35 4.61521
72.45 3.87854
72.55 3.12071
72.65 2.20541
72.75 1.30236
72.85 0.919411
72.95 1.28919
73.05 1.92364
73.15 2.50222
73.25 3.18833
73.35 3.47426
73.45 3.10381
73.55 2.26824
73.65 1.37863
73.75 0.30131
73.85 -0.385749
73.95 -0.459637
74.05 -0.0977136
74.15 0.227779
74.25 0.372275
74.35 0.145298
74.45 -0.214317
74.55 -0.668961
74.65 -1.1505
74.75 -1.58749
74.85 -2.44715
74.95 -3.17525
75.05 -3.88434
75.15 -4.70253
75.25 -5.55119
75.35 -5.36252
75.45 -4.48431
75.55 -3.64584
75.65 -2.5248
75.75 -1.59422
75.85 -0.905321
75.95 -0.496134
76.05 -0.566545
76.15 -1.39951
76.25 -2.37489
76.35 -2.75935
76.45 -2.51982
76.55 -1.54271
76.65 -0.0149482
76.75 2.00263
76.85 4.10461
76.95 5.94048
77.05 7.46465
77.15 8.61535
77.25 9.36491
77.35 9.39764
77.45 8.76199
77.55 7.57409
77.65 6.52623
77.75 5.96333
77.85 6.15884
77.95 6.32042
78.05 6.11852
78.15 5.32616
78.25 4.20771
78.35 2.86543
78.45 1.46804
78.55 -0.232735
78.65 -1.59209
78.75 -2.23271
78.85 -1.96742
78.95 -1.11504
79.05 -0.388221
79.15 -0.166028
79.25 -0.499004
79.35 -1.35772
79.45 -2.11045
79.55 -2.28757
79.65 -2.56465
79.75 -2.91954
79.85 -3.15959
79.95 -2.99126
80.05 -2.2725
80.15 -1.26801
80.25 -0.76254
80.35 -1.05004
80.45 -1.40065
80.55 -1.5798
80.65 -2.30981
80.75 -3.09535
80.85 -3.03282
80.95 -2.32512
81.05 -1.36108
81.15 0.0209411
81.25 1.21919
81.35 1.77898
81.45 1.93049
81.55 2.11702
81.65 1.96556
81.75 1.16704
81.85 -0.136345
81.95 -1.32251
82.05 -1.74291
82.15 -1.46378
82.25 -0.929014
82.35 -0.438423
82.45 -0.149258
82.55 0.222181
82.65 1.30476
82.75 2.18717
82.85 2.84047
82.95 3.39667
83.05 4.14134
83.15 5.09524
83.25 6.20952
83.35 6.71505
83.45 6.67713
83.55 6.32524
83.65 5.61407
83.75 4.77941
83.85 3.79094
83.95 2.69197
84.05 1.70031
84.15 0.843584
84.25 0.442859
84.35 0.120968
84.45 0.063744
84.55 0.0205341
84.65 0.2007
84.75 0.101175
84.85 -0.0297683
84.95 -0.669007
85.05 -1.49245
85.15 -2.06096
85.25 -2.03022
85.35 -1.96162
85.45 -2.35562
85.55 -2.39275
85.65 -2.47285
85.75 -2.22516
85.85 -1.67492
85.95 -1.15544
86.05 -1.32919
86.15 -1.60712
86.25 -2.34834
86.35 -2.9876
86.45 -2.84076
86.55 -2.19646
86.65 -2.31063
86.75 -2.10748
86.85 -1.46496
86.95 -0.356246
87.05 0.560872
87.15 1.51854
87.25 2.32686
87.35 2.86707
87.45 2.85393
87.55 2.7085
87.65 2.69905
87.75 2.51066
87.85 1.86882
87.95 1.03364
88.05 0.539345
88.15 0.561198
88.25 0.553192
88.35 0.545475
88.45 0.795705
88.55 0.673267
88.65 0.920904
88.75 1.4369
88.85 1.93952
88.95 2.07965
89.05 1.98411
89.15 1.85534
89.25 1.65975
89.35 1.71796
89.45 1.64281
89.55 1.61814
89.65 1.4252
89.75 1.10234
89.85 0.962732
89.95 1.0032
90.05 1.27614
90.15 1.43198
90.25 1.35701
90.35 1.11466
90.45 1.01756
90.55 0.612118
90.65 -0.132504
90.75 -0.839716
90.85 -1.28504
90.95 -2.00178
91.05 -2.75169
91.15 -3.40232
91.25 -3.62574
91.35 -3.32848
91.45 -2.77572
91.55 -2.63174
91.65 -2.15199
91.75 -1.44886
91.85 -1.04272
91.95 -0.787609
92.05 -0.348126
92.15 -0.011238
92.25 0.623891
92.35 1.20959
92.45 1.56952
92.55 1.66835
92.65 1.62518
92.75 1.74123
92.85 1.76357
92.95 1.3904
93.05 1.18269
93.15 0.967402
93.25 1.13096
93.35 1.43965
93.45 1.79973
93.55 2.20016
93.65 2.45114
93.75 2.26919
93.85 1.53953
93.95 0.888674
94.05 0.435369
94.15 0.0824276
94.25 -0.120696
94.35 -0.33197
94.45 -0.272802
94.55 -0.174965
94.65 -0.175108
94.75 -0.493776
94.85 -0.659284
94.95 -0.546877
95.05 -0.280536
95.15 0.0919779
95.25 0.407799
95.35 0.659241
95.45 0.948066
95.55 1.12987
95.65 1.16229
95.75 1.06344
95.85 0.701316
95.95 0.241371
96.05 -0.223079
96.15 -0.513156
96.25 -0.58217
96.35 -0.396819
96.45 -0.26335
96.55 -0.243028
96.65 -0.297944
96.75 -0.266137
96.85 -0.253599
96.95 -0.00992868
97.05 0.0402673
97.15 0.14255
97.25 0.278593
97.35 0.369176
97.45 0.463607
97.55 0.424957
97.65 0.423173
97.75 0.23995
97.85 -0.0649086
97.95 -0.217321
98.05 -0.149437
98.15 -0.140565
98.25 -0.143304
98.35 -0.214004
98.45 -0.336627
98.55 -0.367109
98.65 -0.345917
98.75 -0.423281
98.85 -0.541596
98.95 -0.566529
99.05 -0.406641
99.15 -0.249884
99.25 -0.0447853
99.35 -0.00123888
99.45 0.0928834
99.55 0.188458
99.65 0.0742827
99.75 0.0934329
99.85 0.0450651
99.95 0.0958536
100.05 0.3515
100.15 0.649226
100.25 0.716549
100.35 0.673063
100.45 0.5801
100.55 0.495686
100.65 0.274005
100.75 0.0495617
