0 -3.04449
0.0901442 -3.37797
0.180288 -2.78103
0.270433 -1.62511
0.360577 -0.424592
0.450721 0.677892
0.540865 1.62484
0.63101 2.20773
0.721154 2.53932
0.811298 2.66974
0.901442 2.77992
0.991587 2.49079
1.08173 1.95882
1.17187 1.186
1.26202 0.276584
1.35216 -0.589353
1.44231 -1.2015
1.53245 -1.38764
1.6226 -0.777539
1.71274 0.0104265
1.80288 1.04305
1.89303 2.00745
1.98317 2.87963
2.07332 3.5312
2.16346 3.9046
2.25361 3.99538
2.34375 3.83423
2.43389 3.47025
2.52404 2.80937
2.61418 2.27264
2.70433 1.57656
2.79447 0.952642
2.88462 0.601206
2.97476 0.464011
3.0649 0.495617
3.15505 0.593681
3.24519 0.567951
3.33534 0.443315
3.42548 0.217394
3.51562 -0.0383777
3.60577 -0.213589
3.69591 -0.213054
3.78606 -0.118067
3.8762 0.274729
3.96635 0.726071
4.05649 0.986064
4.14663 0.985346
4.23678 0.710989
4.32692 0.259569
4.41707 -0.259307
4.50721 -0.596701
4.59736 -0.810901
4.6875 -0.521021
4.77764 -0.0584116
4.86779 0.741438
4.95793 1.21447
5.04808 1.43545
5.13822 1.64507
5.22837 1.68804
5.31851 1.71565
5.40865 2.55817
5.4988 2.63099
5.58894 2.34922
5.67909 1.68352
5.76923 1.08636
5.85937 0.496102
5.94952 0.0775625
6.03966 -0.080047
6.12981 0.00856547
6.21995 0.604445
6.3101 0.778561
6.40024 0.683064
6.49038 0.302478
6.58053 -0.226941
6.67067 -0.6676
6.76082 -0.610929
6.85096 -0.252006
6.94111 0.424241
7.03125 1.46955
7.12139 2.61588
7.21154 3.36162
7.30168 3.65103
7.39183 3.43159
7.48197 2.76729
7.57212 1.79917
7.66226 0.697063
7.7524 -0.375979
7.84255 -1.27858
7.93269 -1.89287
8.02284 -2.12818
8.11298 -1.93686
8.20312 -1.3394
8.29327 -0.443336
8.38341 0.563006
8.47356 1.45122
8.5637 2.01901
8.65385 2.15636
8.74399 1.88117
8.83413 1.32553
8.92428 0.676592
9.01442 0.0991598
9.10457 -0.322639
9.19471 -0.596215
9.28486 -0.780239
9.375 -0.917473
9.46514 -0.980964
9.55529 -0.868372
9.64543 -0.453736
9.73558 0.326775
9.82572 1.40131
9.91587 2.54636
10.006 3.44818
10.0962 3.82233
10.1863 3.53965
10.2764 2.698
10.3666 1.60049
10.4567 0.643358
10.5469 0.159607
10.637 0.287466
10.7272 0.922362
10.8173 1.7729
10.9075 2.4929
10.9976 2.82693
11.0877 2.70299
11.1779 2.23423
11.268 1.6374
11.3582 1.11596
11.4483 0.769266
11.5385 0.571185
11.6286 0.421439
11.7187 0.232877
11.8089 -6.82136e-05
11.899 -0.193525
11.9892 -0.231948
12.0793 -0.0566395
12.1695 0.270192
12.2596 0.56985
12.3498 0.626457
12.4399 0.303884
12.53 -0.362338
12.6202 -1.1524
12.7103 -1.74391
12.8005 -1.85265
12.8906 -1.36317
12.9808 -0.381619
13.0709 0.81802
13.1611 1.92732
13.2512 2.74536
13.3413 3.25143
13.4315 3.56666
13.5216 3.82437
13.6118 4.02334
13.7019 3.95519
13.7921 3.26405
13.8822 1.62747
13.9724 -1.02253
14.0625 -4.35336
14.1526 -7.65123
14.2428 -10.0227
14.3329 -10.7053
14.4231 -9.35435
14.5132 -6.17576
14.6034 -1.84045
14.6935 2.78129
14.7837 6.94291
14.8738 10.252
14.9639 12.7049
15.0541 14.5223
15.1442 15.884
15.2344 16.7133
15.3245 16.6368
15.4147 15.1514
15.5048 11.9181
15.595 7.02724
15.6851 1.08551
15.7752 -4.94234
15.8654 -10.0756
15.9555 -13.6838
16.0457 -15.6922
16.1358 -16.5156
16.226 -16.7402
16.3161 -16.7093
16.4062 -16.2244
16.4964 -14.5353
16.5865 -10.6559
16.6767 -3.88895
16.7668 5.66539
16.857 16.8469
16.9471 27.5432
17.0373 35.1386
17.1274 37.1377
17.2175 31.7505
17.3077 18.2851
17.3978 -2.68823
17.488 -29.3236
17.5781 -58.5339
17.6683 -86.0416
17.7584 -106.55
17.8486 -114.24
17.9387 -103.767
18.0288 -71.7552
18.119 -18.4843
18.2091 50.8078
18.2993 125.684
18.3894 191.813
18.4796 233.839
18.5697 239.257
18.6599 202.188
18.75 125.827
18.8401 22.5448
18.9303 -88.6353
19.0204 -186.639
19.1106 -253.703
19.2007 -279.849
19.2909 -265.075
19.381 -218.582
19.4712 -155.373
19.5613 -91.4078
19.6514 -38.9734
19.7416 -3.74785
19.8317 15.6172
19.9219 25.5143
20.012 33.9509
20.1022 47.0642
20.1923 66.8535
20.2825 90.8332
20.3726 113.507
20.4627 128.884
20.5529 132.92
20.643 124.931
20.7332 107.509
20.8233 85.1375
20.9135 62.2194
21.0036 41.3951
21.0937 22.8471
21.1839 4.80085
21.274 -15.0877
21.3642 -38.1361
21.4543 -63.5603
21.5445 -88.3951
21.6346 -108.441
21.7248 -119.83
21.8149 -120.548
21.905 -111.284
21.9952 -95.268
22.0853 -77.1473
22.1755 -61.3623
22.2656 -50.6284
22.3558 -45.0913
22.4459 -42.4341
22.5361 -38.8573
22.6262 -30.5334
22.7163 -15.002
22.8065 7.97106
22.8966 36.3127
22.9868 66.2904
23.0769 93.5963
23.1671 114.469
23.2572 126.497
23.3474 128.928
23.4375 122.491
23.5276 108.908
23.6178 90.3318
23.7079 68.8966
23.7981 46.465
23.8882 24.5459
23.9784 4.29572
24.0685 -13.4853
24.1587 -28.3911
24.2488 -40.4487
24.3389 -50.0876
24.4291 -57.987
24.5192 -64.8104
24.6094 -70.9071
24.6995 -76.1063
24.7897 -79.7077
24.8798 -80.7029
24.97 -78.1625
25.0601 -71.6408
25.1502 -61.4372
25.2404 -48.5975
25.3305 -34.6493
25.4207 -21.1726
25.5108 -9.37365
25.601 0.174307
25.6911 7.53869
25.7812 13.2086
25.8714 17.7705
25.9615 21.6335
26.0517 24.9224
26.1418 27.5628
26.232 29.4857
26.3221 30.819
26.4123 31.9478
26.5024 33.3943
26.5925 35.5712
26.6827 38.5312
26.7728 41.8484
26.863 44.7085
26.9531 46.1832
27.0433 45.5748
27.1334 42.6765
27.2236 37.8302
27.3137 31.7564
27.4038 25.2377
27.494 18.8055
27.5841 12.5744
27.6743 6.29839
27.7644 -0.389826
27.8546 -7.6809
27.9447 -15.3872
28.0349 -22.9423
28.125 -29.6074
28.2151 -34.7843
28.3053 -38.2811
28.3954 -40.3969
28.4856 -41.7756
28.5757 -43.0944
28.6659 -44.7306
28.756 -46.5655
28.8462 -48.0187
28.9363 -48.3003
29.0264 -46.764
29.1166 -43.1994
29.2067 -37.9308
29.2969 -31.6827
29.387 -25.2801
29.4772 -19.3253
29.5673 -13.9981
29.6575 -9.06267
29.7476 -4.06274
29.8377 1.39891
29.9279 7.43587
30.018 13.8114
30.1082 20.0508
30.1983 25.6652
30.2885 30.3672
30.3786 34.1718
30.4687 37.3349
30.5589 40.1698
30.649 42.8395
30.7392 45.2337
30.8293 46.9924
30.9195 47.6626
31.0096 46.9088
31.0998 44.6718
31.1899 41.1993
31.28 36.937
31.3702 32.338
31.4603 27.6857
31.5505 23.0145
31.6406 18.1599
31.7308 12.9053
31.8209 7.14386
31.9111 0.97493
32.0012 -5.31284
32.0913 -11.3546
32.1815 -16.8566
32.2716 -21.6994
32.3618 -25.9467
32.4519 -29.7612
32.5421 -33.2771
32.6322 -36.5014
32.7224 -39.2966
32.8125 -41.4514
32.9026 -42.7993
32.9928 -43.315
33.0829 -43.1339
33.1731 -42.4792
33.2632 -41.5327
33.3534 -40.3198
33.4435 -38.6708
33.5337 -36.2898
33.6238 -32.9008
33.7139 -28.4044
33.8041 -22.9667
33.8942 -16.9945
33.9844 -11.0016
34.0745 -5.42568
34.1647 -0.477209
34.2548 3.91303
34.345 8.02703
34.4351 12.2075
34.5252 16.6915
34.6154 21.5021
34.7055 26.4396
34.7957 31.165
34.8858 35.3265
34.976 38.6682
35.0661 41.0751
35.1562 42.5472
35.2464 43.1331
35.3365 42.87
35.4267 41.7656
35.5168 39.8314
35.607 37.1391
35.6971 33.859
35.7873 30.2473
35.8774 26.5775
35.9675 23.0454
36.0577 19.6953
36.1478 16.41
36.238 12.9753
36.3281 9.19397
36.4183 4.99471
36.5084 0.484282
36.5986 -4.08616
36.6887 -8.42574
36.7788 -12.3307
36.869 -15.7718
36.9591 -18.8984
37.0493 -21.9553
37.1394 -25.1496
37.2296 -28.5288
37.3197 -31.9284
37.4099 -35.0129
37.5 -37.3933
37.5901 -38.768
37.6803 -39.0271
37.7704 -38.2761
37.8606 -36.7753
37.9507 -34.826
38.0409 -32.6577
38.131 -30.363
38.2212 -27.9025
38.3113 -25.1682
38.4014 -22.0671
38.4916 -18.5844
38.5817 -14.7989
38.6719 -10.8514
38.762 -6.88766
38.8522 -3.00898
38.9423 0.745103
39.0325 4.37862
39.1226 7.90032
39.2127 11.2897
39.3029 14.4881
39.393 17.4197
39.4832 20.0285
39.5733 22.3087
39.6635 24.3091
39.7536 26.1063
39.8437 27.759
39.9339 29.2677
40.024 30.5603
40.1142 31.5147
40.2043 32.0069
40.2945 31.9624
40.3846 31.385
40.4748 30.3479
40.5649 28.9521
40.655 27.2716
40.7452 25.3133
40.8353 23.0144
40.9255 20.2802
41.0156 17.0479
41.1058 13.3475
41.1959 9.33062
41.2861 5.25087
41.3762 1.39942
41.4663 -1.98196
41.5565 -4.77751
41.6466 -7.03464
41.7368 -8.94646
41.8269 -10.7851
41.9171 -12.8083
42.0072 -15.1718
42.0974 -17.875
42.1875 -20.7582
42.2776 -23.5503
42.3678 -25.9491
42.4579 -27.7082
42.5481 -28.703
42.6382 -28.9558
42.7284 -28.6135
42.8185 -27.8891
42.9087 -26.9868
42.9988 -26.0359
43.0889 -25.0565
43.1791 -23.9663
43.2692 -22.6244
43.3594 -20.8938
43.4495 -18.6996
43.5397 -16.0607
43.6298 -13.0851
43.72 -9.93102
43.8101 -6.75456
43.9002 -3.66275
43.9904 -0.693578
44.0805 2.17195
44.1707 4.9733
44.2608 7.72875
44.351 10.4092
44.4411 12.9404
44.5312 15.2328
44.6214 17.223
44.7115 18.9067
44.8017 20.344
44.8918 21.6327
44.982 22.8595
45.0721 24.0502
45.1623 25.1432
45.2524 25.9991
45.3425 26.4444
45.4327 26.3329
45.5228 25.5986
45.613 24.2791
45.7031 22.5009
45.7933 20.4326
45.8834 18.2291
45.9736 15.9872
46.0637 13.7323
46.1538 11.4364
46.244 9.05876
46.3341 6.58744
46.4243 4.06466
46.5144 1.58456
46.6046 -0.733746
46.6947 -2.78602
46.7849 -4.5188
46.875 -5.94809
46.9651 -7.15475
47.0553 -8.25997
47.1454 -9.39007
47.2356 -10.6421
47.3257 -12.0595
47.4159 -13.6229
47.506 -15.2568
47.5962 -16.8488
47.6863 -18.2771
47.7764 -19.4393
47.8666 -20.2755
47.9567 -20.7784
48.0469 -20.9875
48.137 -20.9663
48.2272 -20.7692
48.3173 -20.4111
48.4075 -19.8512
48.4976 -19.0011
48.5877 -17.7571
48.6779 -16.0466
48.768 -13.8694
48.8582 -11.317
48.9483 -8.55659
49.0385 -5.7848
49.1286 -3.16664
49.2187 -0.78415
49.3089 1.3834
49.399 3.43829
49.4892 5.51007
49.5793 7.69019
49.6695 9.98291
49.7596 12.2929
49.8498 14.4547
49.9399 16.2898
50.03 17.6689
50.1202 18.5508
50.2103 18.9857
50.3005 19.0833
50.3906 18.9623
50.4808 18.7061
50.5709 18.3423
50.6611 17.8526
50.7512 17.2044
50.8413 16.3856
50.9315 15.4251
51.0216 14.3874
51.1118 13.3471
51.2019 12.3545
51.2921 11.4113
51.3822 10.4667
51.4724 9.43539
51.5625 8.22914
51.6526 6.7875
51.7428 5.0958
51.8329 3.18643
51.9231 1.12707
52.0132 -0.995389
52.1034 -3.08746
52.1935 -5.05575
52.2837 -6.81113
52.3738 -8.27616
52.4639 -9.39923
52.5541 -10.1726
52.6442 -10.6455
52.7344 -10.9221
52.8245 -11.1389
52.9147 -11.4249
53.0048 -11.8587
53.095 -12.4386
53.1851 -13.0805
53.2752 -13.6448
53.3654 -13.9838
53.4555 -13.9886
53.5457 -13.6176
53.6358 -12.896
53.726 -11.8902
53.8161 -10.6729
53.9062 -9.29641
53.9964 -7.79025
54.0865 -6.17923
54.1767 -4.51072
54.2668 -2.87064
54.357 -1.3738
54.4471 -0.127464
54.5373 0.816428
54.6274 1.49626
54.7175 2.04073
54.8077 2.62679
54.8978 3.40834
54.988 4.44526
55.0781 5.66545
55.1683 6.8813
55.2584 7.85852
55.3486 8.41177
55.4387 8.48734
55.5288 8.1965
55.619 7.78301
55.7091 7.53586
55.7993 7.68229
55.8894 8.30476
55.9796 9.31552
56.0697 10.4973
56.1599 11.5907
56.25 12.3891
56.3401 12.7999
56.4303 12.8496
56.5204 12.6326
56.6106 12.2341
56.7007 11.665
56.7909 10.8428
56.881 9.62871
56.9712 7.90609
57.0613 5.66475
57.1514 3.05083
57.2416 0.356896
57.3317 -2.04846
57.4219 -3.82691
57.512 -4.77252
57.6022 -4.8717
57.6923 -4.29985
57.7825 -3.35858
57.8726 -2.37968
57.9627 -1.63216
58.0529 -1.2643
58.143 -1.29583
58.2332 -1.6543
58.3233 -2.23328
58.4135 -2.94483
58.5036 -3.74498
58.5937 -4.62607
58.6839 -5.58539
58.774 -6.58999
58.8642 -7.55779
58.9543 -8.3668
59.0445 -8.89056
59.1346 -9.04552
59.2248 -8.82999
59.3149 -8.33659
59.405 -7.73014
59.4952 -7.19613
59.5853 -6.87645
59.6755 -6.81488
59.7656 -6.9318
59.8558 -7.03873
59.9459 -6.88933
60.0361 -6.25168
60.1262 -4.97921
60.2163 -3.05793
60.3065 -0.615642
60.3966 2.10883
60.4868 4.82528
60.5769 7.26065
60.6671 9.21452
60.7572 10.5857
60.8474 11.3654
60.9375 11.6046
61.0276 11.3728
61.1178 10.7264
61.2079 9.69985
61.2981 8.32116
61.3882 6.64258
61.4784 4.76879
61.5685 2.86649
61.6587 1.14634
61.7488 -0.179668
61.8389 -0.950746
61.9291 -1.09998
62.0192 -0.669809
62.1094 0.206687
62.1995 1.35241
62.2897 2.60342
62.3798 3.8552
62.47 5.08077
62.5601 6.315
62.6502 7.61241
62.7404 8.99629
62.8305 10.4194
62.9207 11.7519
63.0108 12.8011
63.101 13.3553
63.1911 13.2369
63.2812 12.3465
63.3714 10.6851
63.4615 8.34987
63.5517 5.50893
63.6418 2.3654
63.732 -0.87733
63.8221 -4.04018
63.9123 -6.97972
64.0024 -9.5887
64.0925 -11.791
64.1827 -13.5366
64.2728 -14.7991
64.363 -15.5772
64.4531 -15.8949
64.5433 -15.8004
64.6334 -15.359
64.7236 -14.6411
64.8137 -13.7094
64.9038 -12.6068
64.994 -11.3523
65.0841 -9.94555
65.1743 -8.38031
65.2644 -6.66303
65.3546 -4.8296
65.4447 -2.95367
65.5349 -1.14086
65.625 0.491888
65.7151 1.84738
65.8053 2.88034
65.8954 3.61919
65.9856 4.16767
66.0757 4.68284
66.1659 5.33361
66.256 6.25188
66.3462 7.49153
66.4363 9.00918
66.5264 10.6731
66.6166 12.297
66.7067 13.6869
66.7969 14.6844
66.887 15.194
66.9772 15.1869
67.0673 14.6856
67.1575 13.7403
67.2476 12.4099
67.3377 10.7552
67.4279 8.84604
67.518 6.77409
67.6082 4.65947
67.6983 2.64293
67.7885 0.861271
67.8786 -0.586645
67.9687 -1.66981
68.0589 -2.43732
68.149 -3.00538
68.2392 -3.5216
68.3293 -4.11803
68.4195 -4.86907
68.5096 -5.76833
68.5998 -6.73083
68.6899 -7.6177
68.78 -8.27322
68.8702 -8.56174
68.9603 -8.39498
69.0505 -7.74598
69.1406 -6.65118
69.2308 -5.20479
69.3209 -3.54827
69.4111 -1.85531
69.5012 -0.310263
69.5913 0.920367
69.6815 1.72045
69.7716 2.05267
69.8618 1.97244
69.9519 1.61925
70.0421 1.18406
70.1322 0.860816
70.2224 0.632472
70.3125 0.666353
70.4026 1.19604
70.4928 1.94805
70.5829 2.78778
70.6731 3.57887
70.7632 4.21031
70.8534 4.68746
70.9435 4.86294
71.0337 4.72309
71.1238 4.23794
71.2139 3.41846
71.3041 2.34242
71.3942 1.16714
71.4844 0.0210606
71.5745 -0.563655
71.6647 -0.656119
71.7548 -0.178139
71.845 0.796259
71.9351 1.73013
72.0252 2.40048
72.1154 2.51215
72.2055 1.95979
72.2957 0.695135
72.3858 -0.891928
72.476 -2.42137
72.5661 -3.45341
72.6562 -3.98261
72.7464 -4.04466
72.8365 -3.63288
72.9267 -2.71732
73.0168 -1.63852
73.107 -0.882124
73.1971 -0.110916
73.2873 0.635786
73.3774 1.31846
73.4675 1.71842
73.5577 2.15731
73.6478 2.62343
73.738 3.03361
73.8281 3.27137
73.9183 3.26114
74.0084 3.02436
74.0986 2.65873
74.1887 2.32848
74.2788 2.20122
74.369 2.26384
74.4591 2.5192
74.5493 2.83955
74.6394 3.08241
74.7296 3.13684
74.8197 2.95789
74.9099 2.59013
75 2.08722
75.0901 1.57124
75.1803 1.12135
75.2704 0.816732
75.3606 0.691871
75.4507 0.733832
75.5409 0.891337
75.631 1.22294
75.7212 1.09841
75.8113 1.08925
75.9014 1.20153
75.9916 0.969774
76.0817 0.618953
76.1719 0.216502
76.262 -0.26519
76.3522 -0.738144
76.4423 -1.1555
76.5325 -1.4423
76.6226 -1.67518
76.7127 -1.85039
76.8029 -1.99003
76.893 -2.10876
76.9832 -2.16052
77.0733 -2.13291
77.1635 -1.85948
77.2536 -1.63011
77.3437 -1.48357
77.4339 -1.21912
77.524 -1.02917
77.6142 -0.839965
77.7043 -0.240453
77.7945 0.11816
77.8846 0.483391
77.9748 0.857665
78.0649 1.21161
78.155 1.47187
78.2452 1.57865
78.3353 1.696
78.4255 1.40886
78.5156 0.972796
78.6058 0.482299
78.6959 -0.144141
78.7861 -0.599273
78.8762 -0.780788
78.9663 -0.665334
79.0565 -0.542991
79.1466 -0.239223
79.2368 0.275055
79.3269 0.826774
79.4171 1.34525
79.5072 1.88013
79.5974 2.2239
79.6875 2.9777
79.7776 3.67219
79.8678 4.44204
79.9579 5.10918
80.0481 5.51044
80.1382 5.50367
80.2284 5.01595
80.3185 4.11698
80.4087 2.83415
80.4988 1.41667
80.5889 0.109087
80.6791 -0.870519
80.7692 -1.38132
80.8594 -1.51074
80.9495 -1.05472
81.0397 -0.53884
81.1298 0.233916
81.22 1.03551
81.3101 1.51774
81.4002 1.6174
81.4904 1.21502
81.5805 0.227893
81.6707 -1.01349
81.7608 -2.25491
81.851 -3.24961
81.9411 -3.8157
82.0312 -3.80574
82.1214 -3.39129
82.2115 -2.51267
82.3017 -1.78808
82.3918 -1.08799
82.482 -0.554571
82.5721 -0.231371
82.6623 -0.585953
82.7524 -0.445567
82.8425 -0.351032
82.9327 -0.0204033
83.0228 0.268393
83.113 0.61578
83.2031 0.971086
83.2933 1.38005
83.3834 1.75888
83.4736 2.03246
83.5637 2.10038
83.6538 1.8715
83.744 1.40128
83.8341 0.751155
83.9243 0.023693
84.0144 -0.66257
84.1046 -1.20216
84.1947 -1.52491
84.2849 -1.60438
84.375 -1.45178
84.4651 -1.10113
84.5553 -0.59423
84.6454 0.027347
84.7356 0.721238
84.8257 1.16324
84.9159 1.95688
85.006 2.58705
85.0962 2.92689
85.1863 3.00207
85.2764 2.97283
85.3666 2.7873
85.4567 2.36873
85.5469 2.06081
85.637 1.79658
85.7272 1.56825
85.8173 1.42651
85.9075 1.13964
85.9976 0.809567
86.0877 0.261443
86.1779 -0.357779
86.268 -0.913327
86.3582 -1.2504
86.4483 -1.24981
86.5385 -0.87453
86.6286 -0.14689
86.7187 0.71811
86.8089 1.53738
86.899 2.01165
86.9892 2.41383
87.0793 2.55151
87.1695 2.41217
87.2596 2.03257
87.3498 1.69979
87.4399 1.02547
87.53 0.18819
87.6202 -0.553519
87.7103 -1.12854
87.8005 -1.47252
87.8906 -1.57415
87.9808 -1.56172
88.0709 -1.49403
88.1611 -1.30361
88.2512 -1.34778
88.3413 -1.1607
88.4315 -1.16873
88.5216 -1.2664
88.6118 -1.19878
88.7019 -1.12677
88.7921 -0.985389
88.8822 -0.808623
88.9724 -0.617879
89.0625 -0.479866
89.1526 -0.580572
89.2428 -0.333702
89.3329 -0.0601223
89.4231 0.240054
89.5132 0.444858
89.6034 0.54042
89.6935 0.513436
89.7837 0.371715
89.8738 0.318285
89.9639 0.195252
90.0541 0.173875
90.1442 0.25895
90.2344 0.414578
90.3245 0.514927
90.4147 0.579045
90.5048 0.66219
90.595 0.668526
90.6851 0.47062
90.7752 0.433126
90.8654 0.42709
90.9555 0.475189
91.0457 0.460738
91.1358 0.633452
91.226 0.882122
91.3161 1.1509
91.4062 1.55865
91.4964 1.72633
91.5865 1.59898
91.6767 1.35297
91.7668 1.03523
91.857 0.726065
91.9471 0.487617
92.0373 0.341712
92.1274 0.233297
92.2175 -0.00663936
