-1.53 0.736685
-1.43 0.184201
-1.33 0.20006
-1.23 0.804517
-1.13 1.337
-1.03 1.55358
-0.93 1.43439
-0.83 1.49419
-0.73 1.43402
-0.63 1.48586
-0.53 1.58068
-0.43 1.42783
-0.33 1.02023
-0.23 0.603679
-0.13 0.709218
-0.03 0.953855
0.07 1.08035
0.17 1.17001
0.27 1.51587
0.37 2.13841
0.47 2.98401
0.57 3.69056
0.67 3.53053
0.77 3.05378
0.87 2.64135
0.97 1.89502
1.07 0.962532
1.17 -0.362484
1.27 -1.52081
1.37 -2.26296
1.47 -2.58708
1.57 -2.8805
1.67 -3.30952
1.77 -3.37819
1.87 -2.77502
1.97 -1.58587
2.07 -0.261413
2.17 1.05288
2.27 2.07667
2.37 2.4628
2.47 2.84426
2.57 3.30109
2.67 3.35378
2.77 2.70776
2.87 2.15937
2.97 1.78684
3.07 1.80228
3.17 1.6403
3.27 1.56318
3.37 1.59122
3.47 1.77191
3.57 2.00663
3.67 2.14138
3.77 1.75031
3.87 1.08593
3.97 0.287684
4.07 -0.292562
4.17 -0.293911
4.27 0.274976
4.37 0.812129
4.47 1.39529
4.57 2.27167
4.67 3.31621
4.77 3.97306
4.87 4.17331
4.97 4.03533
5.07 3.68549
5.17 3.00009
5.27 2.37703
5.37 1.7162
5.47 1.02224
5.57 0.301919
5.67 0.27014
5.77 0.402089
5.87 0.369242
5.97 0.243059
6.07 -0.141409
6.17 -0.836045
6.27 -1.43853
6.37 -1.6714
6.47 -1.53483
6.57 -1.3702
6.67 -1.39884
6.77 -1.36341
6.87 -1.28238
6.97 -1.13305
7.07 -0.331438
7.17 0.919543
7.27 2.10364
7.37 2.82594
7.47 3.10764
7.57 3.15406
7.67 3.10199
7.77 3.06225
7.87 2.95772
7.97 2.68224
8.07 2.43379
8.17 2.38732
8.27 2.73592
8.37 3.236
8.47 3.18199
8.57 2.91927
8.67 2.66545
8.77 2.30534
8.87 1.41037
8.97 0.237568
9.07 -0.522056
9.17 -0.708259
9.27 -0.659309
9.37 -0.656574
9.47 -0.583822
9.57 -0.518865
9.67 -0.496577
9.77 -0.454821
9.87 -0.231564
9.97 -0.233812
10.07 -0.438196
10.17 -0.448605
10.27 0.178274
10.37 0.805444
10.47 1.11297
10.57 1.33575
10.67 1.66794
10.77 2.21043
10.87 2.60626
10.97 2.55535
11.07 2.03794
11.17 1.38118
11.27 1.06296
11.37 0.764733
11.47 0.343589
11.57 0.0130771
11.67 0.0559302
11.77 0.955866
11.87 2.15418
11.97 2.85765
12.07 2.99348
12.17 2.78149
12.27 2.19377
12.37 1.21478
12.47 0.184271
12.57 -0.46809
12.67 -0.78038
12.77 -1.1198
12.87 -1.20168
12.97 -0.623756
13.07 0.285044
13.17 1.01014
13.27 1.5035
13.37 1.88649
13.47 2.25062
13.57 2.49144
13.67 2.50119
13.77 2.60842
13.87 2.26266
13.97 1.52429
14.07 0.604818
14.17 -0.385229
14.27 -1.28127
14.37 -1.84924
14.47 -2.21842
14.57 -2.16932
14.67 -1.75865
14.77 -0.99656
14.87 0.142057
14.97 1.30438
15.07 2.2337
15.17 3.14952
15.27 4.04062
15.37 4.57103
15.47 4.61083
15.57 4.35206
15.67 3.61387
15.77 2.56634
15.87 1.50098
15.97 0.404337
16.07 -0.748127
16.17 -1.62132
16.27 -2.02255
16.37 -1.72179
16.47 -0.797747
16.57 0.0702749
16.67 0.772943
16.77 1.19516
16.87 1.18822
16.97 0.847755
17.07 0.484373
17.17 0.495813
17.27 0.785277
17.37 1.34423
17.47 1.93353
17.57 2.25102
17.67 2.5364
17.77 2.93899
17.87 3.45044
17.97 3.88642
18.07 3.61161
18.17 2.83075
18.27 2.15663
18.37 1.48903
18.47 0.830769
18.57 -0.56629
18.67 -2.91625
18.77 -5.76367
18.87 -7.93547
18.97 -8.66929
19.07 -7.93405
19.17 -5.62967
19.27 -2.1247
19.37 2.71685
19.47 8.25869
19.57 13.2346
19.67 16.641
19.77 18.021
19.87 17.3822
19.97 15.1778
20.07 11.3253
20.17 5.57398
20.27 -1.1955
20.37 -7.5144
20.47 -12.5402
20.57 -15.8731
20.67 -17.7417
20.77 -18.1237
20.87 -17.3934
20.97 -15.2366
21.07 -11.3248
21.17 -5.64831
21.27 1.3451
21.37 9.15477
21.47 17.9495
21.57 26.4015
21.67 32.0455
21.77 32.8115
21.87 26.8082
21.97 12.1337
22.07 -12.4866
22.17 -46.2596
22.27 -82.1084
22.37 -108.106
22.47 -114.222
22.57 -98.6632
22.67 -61.1361
22.77 -2.90059
22.87 70.3413
22.97 144.203
23.07 198.67
23.17 223.727
23.27 215.937
23.37 156.211
23.47 38.2758
23.57 -96.3737
23.67 -198.656
23.77 -246.478
23.87 -251.542
23.97 -223.63
24.07 -167.945
24.17 -104.384
24.27 -52.1028
24.37 -16.977
24.47 5.04876
24.57 18.9933
24.67 29.5442
24.77 42.1129
24.87 60.6001
24.97 85.3048
25.07 111.267
25.17 130.217
25.27 135.805
25.37 127.854
25.47 109.229
25.57 84.4606
25.67 57.8691
25.77 31.3078
25.87 4.7126
25.97 -23.8184
26.07 -55.4884
26.17 -87.967
26.27 -115.133
26.37 -131.133
26.47 -133.695
26.57 -123.396
26.67 -105.305
26.77 -86.443
26.87 -71.6062
26.97 -60.9458
27.07 -52.0209
27.17 -41.4439
27.27 -26.512
27.37 -5.52469
27.47 21.9075
27.57 53.704
27.67 83.2485
27.77 105.078
27.87 117.12
27.97 119.221
28.07 112.391
28.17 98.9648
28.27 82.8884
28.37 67.0017
28.47 51.3337
28.57 34.7598
28.67 16.59
28.77 -3.16795
28.87 -23.3535
28.97 -42.7215
29.07 -59.7516
29.17 -74.1982
29.27 -85.7938
29.37 -93.6087
29.47 -96.9699
29.57 -95.4772
29.67 -88.5819
29.77 -77.0114
29.87 -61.8437
29.97 -45.2244
30.07 -29.7904
30.17 -16.3963
30.27 -5.09598
30.37 4.76016
30.47 14.0703
30.57 23.3748
30.67 32.219
30.77 39.467
30.87 44.138
30.97 45.9275
31.07 45.5036
31.17 44.3217
31.27 43.2887
31.37 42.6301
31.47 42.1574
31.57 41.2436
31.67 39.3067
31.77 36.1003
31.87 31.9004
31.97 26.8237
32.07 21.1682
32.17 15.4843
32.27 9.45332
32.37 2.15113
32.47 -6.70689
32.57 -16.9505
32.67 -26.8177
32.77 -34.6805
32.87 -39.482
32.97 -41.1226
33.07 -40.7334
33.17 -40.2916
33.27 -40.7158
33.37 -42.1229
33.47 -44.2575
33.57 -45.9047
33.67 -45.6271
33.77 -43.4874
33.87 -39.6423
33.97 -34.4129
34.07 -28.065
34.17 -21.2779
34.27 -14.55
34.37 -7.91389
34.47 -1.14896
34.57 5.97732
34.67 13.0326
34.77 19.5993
34.87 25.4981
34.97 30.5486
35.07 34.7822
35.17 38.6058
35.27 42.0984
35.37 45.0973
35.47 47.1061
35.57 47.8811
35.67 47.2482
35.77 45.3247
35.87 42.5333
35.97 39.0888
36.07 34.8544
36.17 29.778
36.27 23.827
36.37 17.3397
36.47 10.3721
36.57 3.02435
36.67 -4.35524
36.77 -11.5575
36.87 -18.3912
36.97 -24.6702
37.07 -30.5321
37.17 -36.2616
37.27 -41.5448
37.37 -46.0586
37.47 -48.9904
37.57 -50.1109
37.67 -49.4656
37.77 -47.7171
37.87 -45.4848
37.97 -42.8764
38.07 -40.0551
38.17 -37.1017
38.27 -33.5307
38.37 -29.0141
38.47 -23.7591
38.57 -17.9095
38.67 -11.5989
38.77 -5.57929
38.87 -0.20919
38.97 4.60986
39.07 9.22995
39.17 13.9591
39.27 19.1016
39.37 24.4081
39.47 29.2825
39.57 33.7737
39.67 37.8273
39.77 40.9603
39.87 42.9346
39.97 43.6309
40.07 43.1979
40.17 42.2512
40.27 40.9904
40.37 39.1059
40.47 36.4289
40.57 32.7928
40.67 28.4622
40.77 23.8426
40.87 19.1277
40.97 13.8423
41.07 7.96823
41.17 1.81851
41.27 -4.24063
41.37 -9.7818
41.47 -14.5112
41.57 -18.5767
41.67 -22.7281
41.77 -26.9416
41.87 -30.7454
41.97 -33.6241
42.07 -35.7768
42.17 -37.5879
42.27 -39.4874
42.37 -40.653
42.47 -40.4719
42.57 -39.2219
42.67 -37.5232
42.77 -35.5272
42.87 -32.8348
42.97 -29.0375
43.07 -24.0962
43.17 -18.601
43.27 -13.5047
43.37 -9.39579
43.47 -6.13377
43.57 -2.97665
43.67 0.335908
43.77 3.34922
43.87 6.13126
43.97 9.05164
44.07 12.0788
44.17 14.966
44.27 17.578
44.37 20.0614
44.47 22.6174
44.57 25.1972
44.67 27.9487
44.77 30.6174
44.87 32.8807
44.97 34.1435
45.07 34.4885
45.17 33.9315
45.27 32.5053
45.37 30.6464
45.47 28.6177
45.57 26.4591
45.67 23.8757
45.77 20.8965
45.87 17.6823
45.97 13.9912
46.07 9.70299
46.17 4.95021
46.27 -0.00741367
46.37 -4.58251
46.47 -8.14216
46.57 -10.8941
46.67 -13.6552
46.77 -16.4962
46.87 -19.0355
46.97 -21.1814
47.07 -23.5475
47.17 -26.0621
47.27 -28.1836
47.37 -29.8174
47.47 -31.0452
47.57 -31.6293
47.67 -31.4537
47.77 -30.7106
47.87 -29.2533
47.97 -27.6317
48.07 -26.1253
48.17 -24.2074
48.27 -21.9151
48.37 -19.306
48.47 -16.4985
48.57 -13.4904
48.67 -10.3127
48.77 -6.79011
48.87 -2.80666
48.97 1.72282
49.07 6.36272
49.17 10.9335
49.27 15.1454
49.37 18.8074
49.47 21.8689
49.57 24.0614
49.67 25.3293
49.77 25.8785
49.87 25.8513
49.97 25.606
50.07 25.4976
50.17 25.5727
50.27 25.5337
50.37 25.3225
50.47 25.0694
50.57 24.5426
50.67 23.3016
50.77 21.3518
50.87 19.1761
50.97 16.8145
51.07 14.223
51.17 11.1287
51.27 7.62657
51.37 4.02204
51.47 0.344736
51.57 -2.7874
51.67 -5.31337
51.77 -7.18752
51.87 -8.8106
51.97 -10.3678
52.07 -11.8136
52.17 -13.6058
52.27 -16.1564
52.37 -18.8835
52.47 -21.4578
52.57 -23.3458
52.67 -24.4118
52.77 -24.5453
52.87 -24.0129
52.97 -23.3634
53.07 -22.4564
53.17 -21.2137
53.27 -19.9115
53.37 -18.6406
53.47 -17.3533
53.57 -15.6722
53.67 -13.8132
53.77 -12.0148
53.87 -10.0088
53.97 -7.54486
54.07 -5.08506
54.17 -2.91634
54.27 -0.846276
54.37 1.54227
54.47 4.34479
54.57 7.78292
54.67 11.613
54.77 15.3256
54.87 18.5227
54.97 20.992
55.07 22.6967
55.17 23.6516
55.27 23.6003
55.37 22.8993
55.47 22.0518
55.57 21.1247
55.67 20.2816
55.77 19.1493
55.87 17.8394
55.97 16.2694
56.07 14.51
56.17 12.8236
56.27 11.4808
56.37 10.4655
56.47 9.2726
56.57 7.53052
56.67 5.53121
56.77 3.61507
56.87 1.82794
56.97 -0.237652
57.07 -2.69519
57.17 -4.953
57.27 -6.76262
57.37 -8.34152
57.47 -9.71866
57.57 -10.9262
57.67 -12.5114
57.77 -14.5542
57.87 -16.4313
57.97 -17.5202
58.07 -18.0502
58.17 -18.3602
58.27 -18.4812
58.37 -18.0982
58.47 -16.8733
58.57 -14.8131
58.67 -12.194
58.77 -9.55666
58.87 -7.50323
58.97 -5.85299
59.07 -4.26548
59.17 -2.96195
59.27 -2.06086
59.37 -1.41564
59.47 -0.761945
59.57 -0.0865334
59.67 0.471679
59.77 1.32723
59.87 2.58433
59.97 4.01111
60.07 5.61696
60.17 7.46936
60.27 9.35834
60.37 10.8114
60.47 11.9568
60.57 12.6835
60.67 12.6446
60.77 11.5732
60.87 10.2346
60.97 9.54415
61.07 9.81273
61.17 10.4987
61.27 11.4709
61.37 12.5515
61.47 13.4691
61.57 13.9794
61.67 14.0117
61.77 13.3389
61.87 11.8179
61.97 9.65797
62.07 7.13784
62.17 4.6792
62.27 2.23685
62.37 0.203177
62.47 -0.827924
62.57 -1.17645
62.67 -1.44225
62.77 -1.93121
62.87 -2.57571
62.97 -3.22854
63.07 -3.75597
63.17 -4.57479
63.27 -5.44781
63.37 -6.26832
63.47 -7.35707
63.57 -8.37645
63.67 -9.4435
63.77 -10.7949
63.87 -12.5746
63.97 -14.0437
64.07 -15.1138
64.17 -15.9035
64.27 -16.3217
64.37 -15.8751
64.47 -14.3542
64.57 -11.7169
64.67 -8.47058
64.77 -4.80217
64.87 -0.588437
64.97 3.66913
65.07 7.68201
65.17 10.8665
65.27 12.7483
65.37 13.323
65.47 12.8674
65.57 11.7083
65.67 10.352
65.77 8.96495
65.87 7.60614
65.97 5.94322
66.07 3.42477
66.17 0.25905
66.27 -2.75284
66.37 -4.88781
66.47 -5.84657
66.57 -5.41636
66.67 -3.62284
66.77 -1.06846
66.87 1.47785
66.97 3.52066
67.07 5.07292
67.17 6.15144
67.27 7.36594
67.37 8.8645
67.47 10.3874
67.57 11.8222
67.67 13.1598
67.77 14.5029
67.87 15.6733
67.97 16.0055
68.07 15.0557
68.17 13.0228
68.27 10.4977
68.37 7.81912
68.47 5.44102
68.57 3.35396
68.67 1.14709
68.77 -1.51641
68.87 -4.42174
68.97 -7.04665
69.07 -9.43183
69.17 -11.5533
69.27 -13.829
69.37 -15.9991
69.47 -17.6541
69.57 -18.2075
69.67 -17.6607
69.77 -15.9873
69.87 -14.0453
69.97 -12.3688
70.07 -10.805
70.17 -8.64449
70.27 -6.27769
70.37 -4.70039
70.47 -4.06129
70.57 -3.70961
70.67 -3.00958
70.77 -1.74458
70.87 -0.0971682
70.97 1.52347
71.07 3.05887
71.17 4.64866
71.27 6.61958
71.37 8.70419
71.47 10.2578
71.57 11.2417
71.67 11.7832
71.77 12.0397
71.87 12.004
71.97 11.4649
72.07 10.5385
72.17 10.0531
72.27 9.96517
72.37 9.91969
72.47 9.79949
72.57 9.48145
72.67 8.80824
72.77 7.47871
72.87 5.52124
72.97 3.47594
73.07 1.70587
73.17 0.312906
73.27 -0.30718
73.37 -0.371808
73.47 -0.601763
73.57 -1.19978
73.67 -1.8748
73.77 -2.43731
73.87 -2.93165
73.97 -3.39498
74.07 -3.92398
74.17 -4.56448
74.27 -4.87174
74.37 -4.75329
74.47 -4.30874
74.57 -4.03014
74.67 -4.01786
74.77 -4.06291
74.87 -3.78852
74.97 -3.24437
75.07 -2.72765
75.17 -2.12389
75.27 -1.64658
75.37 -1.21016
75.47 -0.516707
75.57 0.168978
75.67 0.708809
75.77 0.996868
75.87 1.33542
75.97 1.56084
76.07 1.59829
76.17 1.4226
76.27 0.898559
76.37 0.586297
76.47 0.782146
76.57 1.27948
76.67 1.98914
76.77 2.46507
76.87 2.93188
76.97 3.55528
77.07 3.89026
77.17 4.01108
77.27 4.11936
77.37 3.61797
77.47 2.75205
77.57 2.1677
77.67 2.02376
77.77 2.32556
77.87 2.73258
77.97 2.98332
78.07 2.93858
78.17 2.75519
78.27 2.05649
78.37 1.33421
78.47 0.742094
78.57 0.0778243
78.67 -0.595738
78.77 -0.948018
78.87 -0.933203
78.97 -0.784249
79.07 -0.590938
79.17 0.00131214
79.27 0.738358
79.37 1.5095
79.47 2.18775
79.57 2.7471
79.67 3.0546
79.77 2.63011
79.87 2.17897
79.97 1.48849
80.07 0.887998
80.17 0.414419
80.27 0.260111
80.37 0.211106
80.47 0.11536
80.57 0.171546
80.67 0.162812
80.77 -0.117856
80.87 -0.0516315
80.97 -0.335698
81.07 -0.390203
81.17 0.0657001
81.27 0.588745
81.37 1.32276
81.47 2.45139
81.57 3.47005
81.67 3.91192
81.77 3.8156
81.87 3.29191
81.97 2.34822
82.07 1.14115
82.17 0.0153583
82.27 -1.09416
82.37 -2.06296
82.47 -2.45692
82.57 -2.31094
82.67 -2.02334
82.77 -1.60235
82.87 -1.20555
82.97 -0.720653
83.07 -0.0880055
83.17 0.149942
83.27 0.213438
83.37 0.312293
83.47 0.220715
83.57 -0.0429459
83.67 -0.438072
83.77 -0.785426
83.87 -0.908624
83.97 -0.928318
84.07 -0.895366
84.17 -0.618745
84.27 -0.209326
84.37 0.941971
84.47 2.4258
84.57 3.25716
84.67 3.71894
84.77 4.00906
84.87 4.10861
84.97 3.97068
85.07 3.49434
85.17 2.91214
85.27 2.36786
85.37 1.83895
85.47 1.32935
85.57 0.870224
85.67 0.620866
85.77 0.682432
85.87 0.96799
85.97 1.48921
86.07 1.82943
86.17 1.76159
86.27 1.5191
86.37 1.41284
86.47 1.28125
86.57 1.52116
86.67 1.68345
86.77 1.50697
86.87 0.89519
86.97 0.417805
87.07 -0.303063
87.17 -0.951522
87.27 -1.63109
87.37 -2.35291
87.47 -2.58464
87.57 -2.28482
87.67 -1.84908
87.77 -1.25059
87.87 -1.14218
87.97 -1.31671
88.07 -1.3447
88.17 -1.2815
88.27 -1.02078
88.37 -0.527172
88.47 0.00952137
88.57 0.410368
88.67 0.740969
88.77 1.2486
88.87 1.66151
88.97 1.90904
89.07 1.82266
89.17 1.52256
89.27 1.07858
89.37 0.651666
89.47 0.49827
89.57 0.584709
89.67 0.681057
89.77 0.45495
89.87 0.191138
89.97 -0.141656
90.07 -0.309558
90.17 -0.514673
90.27 -0.793699
90.37 -1.25593
90.47 -1.4876
90.57 -1.46277
90.67 -0.819818
90.77 0.183667
90.87 1.16523
90.97 2.17525
91.07 3.18314
91.17 4.11346
91.27 4.46812
91.37 4.4212
91.47 3.91411
91.57 3.3398
91.67 2.84648
91.77 2.41627
91.87 2.08176
91.97 1.55704
92.07 1.13466
92.17 0.585895
92.27 -0.025955
92.37 -0.804633
92.47 -1.33276
92.57 -1.60283
92.67 -1.4616
92.77 -1.16648
92.87 -0.939011
92.97 -0.887933
93.07 -0.803123
93.17 -0.879586
93.27 -0.706074
93.37 -0.128455
93.47 0.0879153
93.57 0.12712
93.67 -0.19761
93.77 -0.620832
93.87 -1.01228
93.97 -0.817147
94.07 -0.466854
94.17 -0.308139
94.27 -0.310133
94.37 -0.309183
94.47 -0.191112
94.57 0.105388
94.67 0.338513
94.77 0.536091
94.87 0.769885
94.97 0.783271
95.07 0.740407
95.17 0.578452
95.27 0.386424
95.37 0.432028
95.47 0.752303
95.57 1.15228
95.67 1.17257
95.77 0.693033
95.87 0.0874852
95.97 -0.247213
96.07 -0.205753
96.17 0.176842
96.27 0.655531
96.37 0.919658
96.47 0.951735
96.57 0.821914
96.67 0.88205
96.77 0.93036
96.87 0.756369
96.97 0.54624
97.07 0.579455
97.17 0.946897
97.27 1.45251
97.37 1.87994
97.47 2.09286
97.57 1.92903
97.67 1.79871
97.77 1.61776
97.87 1.30321
97.97 1.07929
98.07 0.759783
98.17 0.429353
98.27 -0.0461707
98.37 -0.632785
98.47 -1.01503
98.57 -1.17724
98.67 -1.15467
98.77 -1.06963
98.87 -0.973941
98.97 -0.830685
99.07 -0.669828
99.17 -0.27217
99.27 -0.189539
99.37 -0.208296
99.47 -0.437231
99.57 -0.502952
99.67 -0.235769
99.77 0.122362
99.87 0.292979
99.97 0.350453
100.07 0.239655
100.17 0.141604
100.27 -0.149532
100.37 -0.183133
100.47 -0.149263
100.57 -0.00807517
100.67 0.307729
100.77 0.627497
