-4.27 -0.374105
-4.17 -0.511221
-4.07 -0.474288
-3.97 -0.688548
-3.87 -0.547739
-3.77 -0.163473
-3.67 0.238881
-3.57 0.125708
-3.47 0.204773
-3.37 0.750989
-3.27 1.83694
-3.17 2.85515
-3.07 3.73416
-2.97 3.85945
-2.87 3.66302
-2.77 3.10376
-2.67 2.50732
-2.57 2.02941
-2.47 1.32792
-2.37 0.336619
-2.27 -0.462197
-2.17 -0.437478
-2.07 0.257483
-1.97 0.556588
-1.87 0.596693
-1.77 0.632535
-1.67 0.0982295
-1.57 -0.505496
-1.47 -1.15861
-1.37 -1.65342
-1.27 -1.95046
-1.17 -2.23079
-1.07 -2.58568
-0.97 -2.99593
-0.87 -3.04093
-0.77 -2.59396
-0.67 -2.07726
-0.57 -1.54113
-0.47 -0.991554
-0.37 -0.2746
-0.27 0.988927
-0.17 2.29829
-0.07 3.38386
0.03 4.01805
0.13 4.26991
0.23 3.99517
0.33 3.63542
0.43 2.93956
0.53 2.07836
0.63 1.16842
0.73 0.768393
0.83 0.456984
0.93 0.172504
1.03 0.243615
1.13 0.0060674
1.23 -0.266446
1.33 -0.304868
1.43 0.23459
1.53 0.885092
1.63 1.53841
1.73 1.35759
1.83 0.68438
1.93 -0.0693098
2.03 -0.778412
2.13 -1.39764
2.23 -1.53732
2.33 -1.75364
2.43 -1.78545
2.53 -1.62885
2.63 -1.11821
2.73 -0.32982
2.83 0.571572
2.93 1.11255
3.03 1.35491
3.13 1.43318
3.23 1.40527
3.33 1.12803
3.43 0.950683
3.53 1.09518
3.63 1.42071
3.73 1.34017
3.83 0.642231
3.93 -0.132434
4.03 -0.540458
4.13 -0.431123
4.23 -0.246242
4.33 -0.354766
4.43 -0.585069
4.53 -0.524254
4.63 -0.0975903
4.73 0.636073
4.83 1.38033
4.93 1.90759
5.03 2.1114
5.13 2.07155
5.23 2.03494
5.33 1.69838
5.43 1.20571
5.53 0.309676
5.63 -0.393063
5.73 -0.820071
5.83 -1.48091
5.93 -2.10382
6.03 -2.16603
6.13 -1.66283
6.23 -1.06897
6.33 -0.61299
6.43 -0.243671
6.53 0.290295
6.63 0.958562
6.73 1.69211
6.83 2.27579
6.93 2.05044
7.03 1.37795
7.13 0.650023
7.23 -0.213674
7.33 -1.19598
7.43 -1.73133
7.53 -1.6162
7.63 -0.899612
7.73 0.234282
7.83 1.67236
7.93 3.04149
8.03 3.85651
8.13 4.0995
8.23 3.65697
8.33 3.04652
8.43 2.09167
8.53 0.902229
8.63 0.11852
8.73 0.170184
8.83 0.538854
8.93 0.957833
9.03 1.22207
9.13 1.1594
9.23 0.651904
9.33 -0.0546645
9.43 -0.778528
9.53 -1.5401
9.63 -2.2745
9.73 -2.71616
9.83 -3.03343
9.93 -3.02192
10.03 -2.62996
10.13 -1.48934
10.23 0.0813438
10.33 1.55871
10.43 2.28632
10.53 2.26522
10.63 1.98156
10.73 1.81617
10.83 1.76048
10.93 1.53327
11.03 1.14884
11.13 0.541586
11.23 0.122367
11.33 0.249645
11.43 0.803937
11.53 1.29253
11.63 1.65104
11.73 1.85957
11.83 1.98684
11.93 2.10973
12.03 2.08585
12.13 1.89309
12.23 1.50528
12.33 0.888822
12.43 0.335007
12.53 0.092709
12.63 0.226894
12.73 0.531346
12.83 0.467891
12.93 0.135701
13.03 0.0422828
13.13 -0.259954
13.23 -0.843693
13.33 -1.34407
13.43 -1.47134
13.53 -1.36509
13.63 -1.19633
13.73 -0.78384
13.83 0.0608103
13.93 0.833135
14.03 1.18738
14.13 1.08578
14.23 1.1573
14.33 1.48836
14.43 1.56758
14.53 1.52558
14.63 1.43521
14.73 1.28964
14.83 1.06164
14.93 0.635115
15.03 0.1435
15.13 -0.286234
15.23 -0.396184
15.33 -0.26052
15.43 0.193233
15.53 0.983515
15.63 1.82494
15.73 2.47648
15.83 3.25568
15.93 4.05365
16.03 4.59864
16.13 4.53788
16.23 3.67011
16.33 2.2129
16.43 -0.00568798
16.53 -3.06555
16.63 -7.01224
16.73 -10.5962
16.83 -12.585
16.93 -12.687
17.03 -10.9602
17.13 -7.67614
17.23 -3.04241
17.33 2.42721
17.43 8.15454
17.53 13.3923
17.63 17.2015
17.73 19.0789
17.83 18.8889
17.93 16.4418
18.03 11.6706
18.13 5.11243
18.23 -1.91228
18.33 -8.10389
18.43 -12.5514
18.53 -14.8991
18.63 -15.0863
18.73 -13.6633
18.83 -10.6449
18.93 -6.12156
19.03 -0.875089
19.13 4.22855
19.23 8.94373
19.33 13.4783
19.43 17.7311
19.53 20.5988
19.63 21.0967
19.73 18.1906
19.83 10.9174
19.93 -2.09171
20.03 -22.7697
20.13 -50.5796
20.23 -80.4318
20.33 -103.53
20.43 -110.668
20.53 -97.4779
20.63 -64.5478
20.73 -14.5916
20.83 49.706
20.93 121.803
21.03 186.222
21.13 226.206
21.23 235.032
21.33 202.73
21.43 112.885
21.53 -15.8683
21.63 -141.199
21.73 -224.475
21.83 -254.074
21.93 -245.212
22.03 -205.67
22.13 -148.866
22.23 -93.3731
22.33 -50.1753
22.43 -19.265
22.53 2.95049
22.63 21.1742
22.73 39.2023
22.83 59.9218
22.93 84.2238
23.03 110.162
23.13 131.398
23.23 141.256
23.33 137.8
23.43 122.765
23.53 99.9123
23.63 74.0361
23.73 48.2859
23.83 22.9992
23.93 -3.46321
24.03 -33.0446
24.13 -65.2247
24.23 -95.6811
24.33 -117.973
24.43 -127.779
24.53 -125.261
24.63 -113.046
24.73 -95.6398
24.83 -80.1263
24.93 -69.384
25.03 -61.0442
25.13 -51.8833
25.23 -38.9337
25.33 -20.5088
25.43 4.04675
25.53 33.5053
25.63 63.5836
25.73 88.4705
25.83 104.969
25.93 112.557
26.03 111.37
26.13 103.328
26.23 91.0708
26.33 77.1019
26.43 62.2453
26.53 46.138
26.63 29.1315
26.73 11.5974
26.83 -5.13481
26.93 -19.8082
27.03 -32.2093
27.13 -42.9442
27.23 -52.7953
27.33 -61.9305
27.43 -69.3817
27.53 -73.6387
27.63 -73.7587
27.73 -69.4453
27.83 -61.2433
27.93 -51.1251
28.03 -41.4228
28.13 -33.4631
28.23 -27.0465
28.33 -21.6832
28.43 -15.9048
28.53 -8.59332
28.63 0.135427
28.73 9.61615
28.83 18.3034
28.93 24.9844
29.03 29.7451
29.13 33.4739
29.23 37.3906
29.33 41.987
29.43 46.8031
29.53 50.7815
29.63 52.997
29.73 53.0144
29.83 50.571
29.93 45.8907
30.03 40.0082
30.13 33.8519
30.23 27.9695
30.33 22.3179
30.43 15.9464
30.53 7.64439
30.63 -2.15324
30.73 -12.3133
30.83 -21.1894
30.93 -27.2472
31.03 -30.9224
31.13 -33.4393
31.23 -36.4038
31.33 -40.0603
31.43 -43.5706
31.53 -46.5278
31.63 -48.6164
31.73 -49.3162
31.83 -48.1944
31.93 -44.9744
32.03 -40.1657
32.13 -34.7919
32.23 -29.5241
32.33 -24.4857
32.43 -19.2733
32.53 -13.515
32.63 -7.07589
32.73 -0.32534
32.83 6.19188
32.93 11.995
33.03 17.3065
33.13 22.5147
33.23 27.7343
33.33 32.8508
33.43 37.2549
33.53 41.1727
33.63 44.7328
33.73 47.4411
33.83 48.7415
33.93 48.5853
34.03 47.3328
34.13 45.1783
34.23 41.7586
34.33 37.3492
34.43 31.8034
34.53 25.2992
34.63 18.5815
34.73 12.2431
34.83 6.37735
34.93 0.640008
35.03 -5.34149
35.13 -11.6039
35.23 -17.8992
35.33 -24.2184
35.43 -29.7749
35.53 -34.3146
35.63 -38.3159
35.73 -41.6652
35.83 -44.3246
35.93 -46.3086
36.03 -47.6255
36.13 -48.0532
36.23 -47.4515
36.33 -45.8176
36.43 -43.1647
36.53 -39.4328
36.63 -34.5579
36.73 -29.1939
36.83 -23.7151
36.93 -18.072
37.03 -11.9767
37.13 -5.17311
37.23 1.95052
37.33 8.51659
37.43 14.438
37.53 19.6867
37.63 24.2839
37.73 28.2281
37.83 31.4641
37.93 34.1343
38.03 36.2227
38.13 37.8876
38.23 39.1571
38.33 40.1026
38.43 40.4366
38.53 39.9288
38.63 38.5844
38.73 36.6407
38.83 34.4546
38.93 32.0032
39.03 29.0087
39.13 25.2433
39.23 20.9698
39.33 16.2079
39.43 11.1383
39.53 5.96484
39.63 0.93347
39.73 -3.79818
39.83 -8.59914
39.93 -13.5084
40.03 -18.2915
40.13 -22.7573
40.23 -26.6398
40.33 -29.9314
40.43 -32.9086
40.53 -35.4784
40.63 -37.1427
40.73 -37.8875
40.83 -37.6401
40.93 -36.5102
41.03 -34.52
41.13 -31.8538
41.23 -29.2488
41.33 -27.1727
41.43 -25.6773
41.53 -24.4735
41.63 -23.2024
41.73 -21.5275
41.83 -18.8258
41.93 -15.0693
42.03 -10.4525
42.13 -5.22401
42.23 0.683395
42.33 6.77593
42.43 12.4067
42.53 17.3979
42.63 21.5423
42.73 24.7387
42.83 27.2244
42.93 29.0207
43.03 30.1464
43.13 30.6207
43.23 30.6342
43.33 30.75
43.43 31.0062
43.53 31.0476
43.63 30.4923
43.73 29.5568
43.83 28.0901
43.93 26.2409
44.03 24.2006
44.13 21.8112
44.23 19.232
44.33 16.5737
44.43 13.7062
44.53 10.4961
44.63 7.27326
44.73 4.01506
44.83 0.235085
44.93 -3.99066
45.03 -8.3066
45.13 -12.5545
45.23 -16.5392
45.33 -20.4237
45.43 -24.0599
45.53 -27.1396
45.63 -29.0692
45.73 -29.8531
45.83 -29.733
45.93 -29.3378
46.03 -29.1829
46.13 -29.1234
46.23 -28.7579
46.33 -27.8754
46.43 -26.5136
46.53 -24.4986
46.63 -22.271
46.73 -19.962
46.83 -17.5153
46.93 -14.6104
47.03 -11.093
47.13 -7.29564
47.23 -3.67714
47.33 0.266789
47.43 4.36343
47.53 8.20529
47.63 11.3853
47.73 13.7548
47.83 15.5558
47.93 16.9297
48.03 17.838
48.13 18.5173
48.23 19.076
48.33 19.6631
48.43 20.1993
48.53 21.0089
48.63 21.9017
48.73 22.4508
48.83 22.7457
48.93 22.6944
49.03 22.1597
49.13 21.3881
49.23 20.457
49.33 18.9452
49.43 17.0664
49.53 15.0858
49.63 13.1039
49.73 11.1505
49.83 9.00079
49.93 6.82227
50.03 4.39739
50.13 1.69191
50.23 -0.971222
50.33 -3.60078
50.43 -5.99548
50.53 -8.25417
50.63 -10.6899
50.73 -13.3308
50.83 -15.7561
50.93 -17.7164
51.03 -19.1968
51.13 -20.0849
51.23 -20.2849
51.33 -20.3037
51.43 -20.35
51.53 -20.3677
51.63 -19.9969
51.73 -19.5502
51.83 -19.1972
51.93 -18.7333
52.03 -17.9896
52.13 -16.799
52.23 -15.0212
52.33 -12.7439
52.43 -10.3416
52.53 -8.02209
52.63 -5.52624
52.73 -2.83813
52.83 -0.0813242
52.93 2.28942
53.03 4.51851
53.13 6.63383
53.23 8.49128
53.33 10.2201
53.43 11.7637
53.53 13.1474
53.63 14.2848
53.73 15.5288
53.83 17.0762
53.93 18.5947
54.03 19.674
54.13 20.0577
54.23 19.8826
54.33 19.7601
54.43 19.2972
54.53 18.4343
54.63 17.4378
54.73 16.2314
54.83 14.6782
54.93 12.9318
55.03 10.9698
55.13 8.91467
55.23 6.98656
55.33 4.98712
55.43 2.48763
55.53 -0.281759
55.63 -2.6908
55.73 -4.41101
55.83 -5.60813
55.93 -6.74442
56.03 -7.69351
56.13 -8.64904
56.23 -9.56469
56.33 -10.4101
56.43 -11.4347
56.53 -12.9778
56.63 -14.3304
56.73 -14.8462
56.83 -14.8228
56.93 -14.4882
57.03 -14.0224
57.13 -13.6042
57.23 -12.9852
57.33 -11.792
57.43 -10.3709
57.53 -9.04904
57.63 -7.72154
57.73 -6.54925
57.83 -5.76439
57.93 -5.2114
58.03 -4.42953
58.13 -3.53069
58.23 -2.52115
58.33 -1.00087
58.43 1.15279
58.53 3.63352
58.63 5.94197
58.73 7.69993
58.83 8.507
58.93 8.35413
59.03 7.62543
59.13 6.68837
59.23 6.2051
59.33 6.51688
59.43 7.51068
59.53 9.10711
59.63 10.9561
59.73 12.3334
59.83 12.7585
59.93 12.3943
60.03 11.1643
60.13 9.02304
60.23 7.16517
60.33 6.22596
60.43 6.35007
60.53 7.33588
60.63 8.7373
60.73 9.85965
60.83 10.1153
60.93 9.56702
61.03 8.56394
61.13 7.45959
61.23 5.76376
61.33 3.68039
61.43 1.31733
61.53 -1.21565
61.63 -3.85688
61.73 -6.82358
61.83 -9.84063
61.93 -12.4221
62.03 -14.1446
62.13 -15.0182
62.23 -15.3379
62.33 -15.1821
62.43 -14.818
62.53 -14.1668
62.63 -13.2084
62.73 -11.8052
62.83 -9.59548
62.93 -6.61445
63.03 -3.06107
63.13 0.672883
63.23 4.11323
63.33 7.10345
63.43 8.98711
63.53 9.46347
63.63 8.69651
63.73 6.84863
63.83 4.17822
63.93 1.10035
64.03 -1.84861
64.13 -4.32
64.23 -6.21511
64.33 -7.26731
64.43 -7.69964
64.53 -7.65586
64.63 -6.77439
64.73 -5.24814
64.83 -3.23873
64.93 -0.865142
65.03 1.51368
65.13 3.72929
65.23 5.4836
65.33 6.72766
65.43 7.81025
65.53 8.76854
65.63 9.64386
65.73 10.2732
65.83 10.5509
65.93 10.6001
66.03 10.5168
66.13 10.5882
66.23 10.8424
66.33 10.8236
66.43 10.3046
66.53 9.41658
66.63 8.19008
66.73 6.88366
66.83 5.76726
66.93 4.55304
67.03 3.16996
67.13 1.62566
67.23 -0.142651
67.33 -2.06232
67.43 -3.71744
67.53 -4.74475
67.63 -5.66133
67.73 -6.92806
67.83 -7.79303
67.93 -8.04303
68.03 -7.90505
68.13 -7.60821
68.23 -7.63466
68.33 -7.9811
68.43 -8.35111
68.53 -8.74184
68.63 -9.19333
68.73 -9.5528
68.83 -9.58416
68.93 -9.25169
69.03 -8.31354
69.13 -6.69838
69.23 -4.71413
69.33 -2.81709
69.43 -0.838175
69.53 1.23682
69.63 2.78783
69.73 3.71902
69.83 3.98757
69.93 3.53069
70.03 2.41038
70.13 1.41465
70.23 0.952153
70.33 1.61638
70.43 3.44319
70.53 6.04623
70.63 8.21579
70.73 9.61611
70.83 10.3634
70.93 10.5984
71.03 10.6592
71.13 10.0984
71.23 8.64911
71.33 6.80782
71.43 5.18808
71.53 4.2413
71.63 3.5948
71.73 2.94269
71.83 1.87496
71.93 0.813795
72.03 -0.214344
72.13 -0.922859
72.23 -1.49888
72.33 -1.74062
72.43 -1.9794
72.53 -2.14032
72.63 -2.23132
72.73 -2.63498
72.83 -3.15787
72.93 -3.23599
73.03 -2.82545
73.13 -2.36747
73.23 -1.99148
73.33 -1.81907
73.43 -2.41207
73.53 -3.55361
73.63 -5.12533
73.73 -6.08189
73.83 -6.11674
73.93 -5.64637
74.03 -4.58702
74.13 -3.04112
74.23 -1.33216
74.33 0.481832
74.43 2.13273
74.53 3.55259
74.63 4.17532
74.73 4.094
74.83 3.81284
74.93 3.80728
75.03 3.8879
75.13 3.77317
75.23 3.29925
75.33 2.58167
75.43 1.97713
75.53 1.45768
75.63 1.09489
75.73 0.780707
75.83 0.261295
75.93 -0.221136
76.03 -0.309531
76.13 -0.0493606
76.23 0.176617
76.33 0.293572
76.43 -0.143029
76.53 -0.925114
76.63 -1.52771
76.73 -1.95985
76.83 -2.19851
76.93 -1.94994
77.03 -1.49455
77.13 -0.874653
77.23 -0.318492
77.33 0.138653
77.43 0.209317
77.53 -0.0104884
77.63 0.150939
77.73 0.411025
77.83 0.450867
77.93 0.118357
78.03 -0.225291
78.13 -0.183309
78.23 0.155559
78.33 0.725468
78.43 1.32613
78.53 1.61412
78.63 1.35947
78.73 1.17345
78.83 1.26311
78.93 1.57978
79.03 1.53256
79.13 1.25904
79.23 1.22501
79.33 1.53326
79.43 2.21787
79.53 2.78999
79.63 2.8602
79.73 2.4292
79.83 1.99955
79.93 1.57872
80.03 1.35336
80.13 1.13429
80.23 0.612451
80.33 -0.150455
80.43 -1.03044
80.53 -1.89563
80.63 -2.60851
80.73 -2.60705
80.83 -2.52609
80.93 -2.15607
81.03 -1.63317
81.13 -1.22202
81.23 -0.758588
81.33 -0.321145
81.43 0.256395
81.53 0.522121
81.63 0.575434
81.73 0.161733
81.83 -0.396933
81.93 -1.00972
82.03 -1.18615
82.13 -1.06757
82.23 -0.865138
82.33 -0.705785
82.43 -0.58193
82.53 -0.134206
82.63 0.751746
82.73 1.31947
82.83 1.51208
82.93 1.2157
83.03 0.238557
83.13 -0.744022
83.23 -1.1023
83.33 -1.19992
83.43 -1.00458
83.53 -0.830257
83.63 -0.289736
83.73 0.203471
83.83 0.659626
83.93 1.08327
84.03 1.34927
84.13 1.24513
84.23 1.25833
84.33 1.57964
84.43 1.92729
84.53 2.11641
84.63 2.11896
84.73 2.31174
84.83 2.43729
84.93 2.18225
85.03 1.50933
85.13 0.963763
85.23 0.611049
85.33 0.355049
85.43 0.10708
85.53 -0.0795563
85.63 -0.285099
85.73 -0.199237
85.83 0.101187
85.93 0.599988
86.03 0.943371
86.13 0.705921
86.23 0.7137
86.33 0.912877
86.43 1.00416
86.53 0.778212
86.63 0.535631
86.73 0.14641
86.83 -0.239896
86.93 -0.638332
87.03 -0.895438
87.13 -1.16031
87.23 -1.34297
87.33 -1.79054
87.43 -2.3257
87.53 -2.44175
87.63 -1.93694
87.73 -1.55609
87.83 -1.05753
87.93 -1.01037
88.03 -0.97485
88.13 -1.10973
88.23 -1.25017
88.33 -1.18657
88.43 -0.954815
88.53 -0.67964
88.63 -0.564846
88.73 -0.30872
88.83 0.00890733
88.93 0.493079
89.03 0.946233
89.13 1.48491
89.23 2.15996
89.33 2.62698
89.43 2.88528
89.53 2.66644
89.63 1.97016
89.73 1.51829
89.83 1.21596
89.93 1.08385
90.03 1.11058
90.13 1.1751
90.23 0.838385
90.33 0.695886
90.43 0.370397
90.53 0.20705
90.63 0.151903
90.73 0.262641
90.83 0.253166
90.93 0.235529
91.03 0.219875
91.13 0.328438
91.23 0.645838
91.33 0.687683
91.43 0.299854
91.53 0.253218
91.63 0.146012
91.73 -0.0457173
91.83 -0.49572
91.93 -1.15652
92.03 -1.69368
92.13 -1.88547
92.23 -1.53205
92.33 -1.45979
92.43 -1.46611
92.53 -1.36342
92.63 -1.17809
92.73 -0.590123
92.83 0.194987
92.93 0.77075
93.03 0.684817
93.13 0.607391
93.23 0.520874
93.33 0.522685
93.43 0.196802
93.53 -0.159438
93.63 -0.356627
93.73 -0.110623
93.83 -0.194251
93.93 -0.0205584
94.03 -0.089466
94.13 -0.086103
94.23 -0.096237
94.33 -0.0617581
94.43 0.101829
94.53 0.514076
94.63 0.979062
94.73 1.26824
94.83 1.31554
94.93 1.33118
95.03 1.25434
95.13 0.862571
95.23 0.389988
95.33 -0.11093
95.43 -0.55651
95.53 -0.621328
95.63 -0.26775
95.73 -0.0785498
95.83 0.0791597
95.93 0.201911
96.03 0.383991
96.13 0.35968
96.23 0.345027
96.33 0.230001
96.43 0.015375
96.53 -0.117642
96.63 -0.15469
96.73 -0.00208732
96.83 0.261708
96.93 0.433455
97.03 0.483631
97.13 0.283565
97.23 0.0260703
97.33 -0.0238726
97.43 -0.095873
97.53 -0.0342492
97.63 -0.100915
97.73 -0.0158072
97.83 0.0724627
97.93 0.204137
98.03 0.315412
