-1.52 1.68917
-1.42535 1.52256
-1.3307 1.22931
-1.23605 0.583539
-1.14139 0.193417
-1.04674 -0.0548516
-0.952091 -0.0624235
-0.85744 -0.119116
-0.762788 -0.322907
-0.668137 -0.785687
-0.573486 -1.5059
-0.478834 -2.48213
-0.384183 -3.36199
-0.289531 -3.91529
-0.19488 -4.03127
-0.100228 -3.50092
-0.00557692 -2.60806
0.0890745 -1.38793
0.183726 0.176877
0.278377 1.61431
0.373029 2.94343
0.46768 4.069
0.562332 4.89652
0.656983 5.06494
0.751635 5.01742
0.846286 4.53244
0.940937 3.69513
1.03559 2.68627
1.13024 2.05036
1.22489 1.24917
1.31954 0.728625
1.41419 0.503921
1.50885 0.413312
1.6035 0.512176
1.69815 0.542749
1.7928 0.496736
1.88745 0.21066
1.9821 0.0532196
2.07675 -0.0532202
2.17141 0.160995
2.26606 0.648048
2.36071 1.23072
2.45536 1.68003
2.55001 1.81689
2.64466 1.58946
2.73931 1.09121
2.83397 0.603513
2.92862 0.150784
3.02327 -0.0482385
3.11792 0.0253724
3.21257 0.292357
3.30722 0.62229
3.40187 0.889791
3.49653 0.563844
3.59118 0.878403
3.68583 0.702154
3.78048 0.802869
3.87513 0.144367
3.96978 -0.245505
4.06444 -0.6343
4.15909 -0.888371
4.25374 -1.35655
4.34839 -1.37856
4.44304 -1.10916
4.53769 -0.567057
4.63234 0.064387
4.727 0.7579
4.82165 1.38083
4.9163 1.70785
5.01095 1.95408
5.1056 2.04266
5.20025 1.92254
5.2949 1.75146
5.38956 0.992306
5.48421 0.921177
5.57886 0.994007
5.67351 1.0312
5.76816 1.02273
5.86281 1.00131
5.95746 1.01421
6.05212 1.12925
6.14677 1.40051
6.24142 1.83615
6.33607 2.40926
6.43072 2.94757
6.52537 3.3132
6.62002 3.36875
6.71468 3.02605
6.80933 2.27935
6.90398 1.21889
6.99863 0.0183165
7.09328 -1.10389
7.18793 -1.93972
7.28258 -2.34739
7.37724 -2.28845
7.47189 -1.83217
7.56654 -1.12462
7.66119 -0.333882
7.75584 0.40624
7.85049 1.0308
7.94514 1.54233
8.0398 1.97631
8.13445 2.3522
8.2291 2.63667
8.32375 2.7401
8.4184 2.55135
8.51305 1.99612
8.6077 1.09102
8.70236 -0.0343633
8.79701 -1.1614
8.89166 -2.04528
8.98631 -2.49185
9.08096 -2.41707
9.17561 -1.86589
9.27026 -0.985683
9.36492 0.0309188
9.45957 1.00817
9.55422 1.82972
9.64887 2.44948
9.74352 2.8746
9.83817 3.13565
9.93282 3.2614
10.0275 3.26831
10.1221 3.16476
10.2168 2.96182
10.3114 2.68101
10.4061 2.35409
10.5007 2.01628
10.5954 1.69847
10.69 1.42295
10.7847 1.20318
10.8793 1.04412
10.974 0.939497
11.0686 0.866204
11.1633 0.781293
11.2579 0.628562
11.3526 0.358025
11.4472 -0.0469895
11.5419 -0.548229
11.6366 -1.05097
11.7312 -1.4295
11.8259 -1.57264
11.9205 -1.42951
12.0152 -1.03221
12.1098 -0.481367
12.2045 0.100056
12.2991 0.621404
12.3938 1.05647
12.4884 1.43265
12.5831 1.78025
12.6777 2.07044
12.7724 2.18239
12.867 1.93002
12.9617 1.14901
13.0563 -0.190525
13.151 -1.9024
13.2456 -3.58531
13.3403 -4.72447
13.4349 -4.86471
13.5296 -3.78765
13.6242 -1.61593
13.7189 1.2055
13.8135 4.04919
13.9082 6.31109
14.0028 7.59833
14.0975 7.8241
14.1921 7.17822
14.2868 5.99834
14.3814 4.60915
14.4761 3.20497
14.5707 1.82354
14.6654 0.40961
14.76 -1.0772
14.8547 -2.57392
14.9494 -3.89321
15.044 -4.77845
15.1387 -5.00324
15.2333 -4.46205
15.328 -3.20757
15.4226 -1.4216
15.5173 0.657313
15.6119 2.80575
15.7066 4.84803
15.8012 6.63787
15.8959 8.01014
15.9905 8.74352
16.0852 8.57065
16.1798 7.24698
16.2745 4.65617
16.3691 0.907471
16.4638 -3.62053
16.5584 -8.31444
16.6531 -12.4327
16.7477 -15.252
16.8424 -16.2119
16.937 -15.0236
17.0317 -11.725
17.1263 -6.68329
17.221 -0.54995
17.3156 5.82617
17.4103 11.5231
17.5049 15.6994
17.5996 17.756
17.6942 17.4685
17.7889 15.0473
17.8835 11.0947
17.9782 6.459
18.0728 2.02225
18.1675 -1.51165
18.2622 -3.76148
18.3568 -4.70311
18.4515 -4.59552
18.5461 -3.8412
18.6408 -2.84297
18.7354 -1.90916
18.8301 -1.22552
18.9247 -0.876202
19.0194 -0.875959
19.114 -1.18221
19.2087 -1.68207
19.3033 -2.17805
19.398 -2.40726
19.4926 -2.11332
19.5873 -1.15555
19.6819 0.393033
19.7766 2.21726
19.8712 3.83539
19.9659 4.76468
20.0605 4.71357
20.1552 3.71463
20.2498 2.1317
20.3445 0.529122
20.4391 -0.544933
20.5338 -0.767209
20.6284 -0.149543
20.7231 0.993842
20.8177 2.19887
20.9124 3.04701
21.007 3.31258
21.1017 3.0024
21.1963 2.28735
21.291 1.37913
21.3856 0.427133
21.4803 -0.511307
21.575 -1.42288
21.6696 -2.25658
21.7643 -2.87168
21.8589 -3.05878
21.9536 -2.63078
22.0482 -1.53445
22.1429 0.0841842
22.2375 1.90525
22.3322 3.54706
22.4268 4.71118
22.5215 5.28708
22.6161 5.36348
22.7108 5.1441
22.8054 4.8174
22.9001 4.45408
22.9947 3.98845
23.0894 3.29035
23.184 2.28129
23.2787 1.02295
23.3733 -0.277987
23.468 -1.35485
23.5626 -2.00854
23.6573 -2.20331
23.7519 -2.07326
23.8466 -1.83346
23.9412 -1.64625
24.0359 -1.5223
24.1305 -1.31825
24.2252 -0.837893
24.3198 0.0184121
24.4145 1.14408
24.5091 2.22769
24.6038 2.87706
24.6984 2.80795
24.7931 1.99873
24.8878 0.724976
24.9824 -0.550367
25.0771 -1.37883
25.1717 -1.51755
25.2664 -1.01216
25.361 -0.132824
25.4557 0.794914
25.5503 1.56579
25.645 2.17706
25.7396 2.77334
25.8343 3.49153
25.9289 4.30414
26.0236 4.96362
26.1182 5.09358
26.2129 4.38663
26.3075 2.80157
26.4022 0.644627
26.4968 -1.52235
26.5915 -3.11008
26.6861 -3.75231
26.7808 -3.44806
26.8754 -2.52097
26.9701 -1.42047
27.0647 -0.476316
27.1594 0.255275
27.254 0.967873
27.3487 1.91916
27.4433 3.19464
27.538 4.56584
27.6326 5.53914
27.7273 5.58412
27.8219 4.42445
27.9166 2.23059
28.0113 -0.401216
28.1059 -2.68593
28.2006 -3.98658
28.2952 -4.0764
28.3899 -3.18958
28.4845 -1.83837
28.5792 -0.503878
28.6738 0.621297
28.7685 1.68943
28.8631 3.02003
28.9578 4.7935
29.0524 6.80396
29.1471 8.43418
29.2417 8.89451
29.3364 7.61393
29.431 4.5732
29.5257 0.386989
29.6203 -3.92936
29.715 -7.3994
29.8096 -9.50046
29.9043 -10.325
29.9989 -10.3914
30.0936 -10.203
30.1882 -9.80386
30.2829 -8.6019
30.3775 -5.59934
30.4722 0.0458054
30.5668 8.39095
30.6615 18.3334
30.7561 27.6983
30.8508 33.7781
30.9454 34.1009
31.0401 27.1113
31.1347 12.5303
31.2294 -8.63861
31.3241 -34.2983
31.4187 -61.4132
31.5134 -86.0219
31.608 -103.23
31.7027 -107.511
31.7973 -93.6372
31.892 -58.3345
31.9866 -2.27475
32.0813 68.3552
32.1759 141.635
32.2706 201.665
32.3652 232.231
32.4599 221.498
32.5545 166.204
32.6492 73.7671
32.7438 -38.7398
32.8385 -148.719
32.9331 -234.113
33.0278 -279.443
33.1224 -279.784
33.2171 -241.36
33.3117 -178.651
33.4064 -109.166
33.501 -47.8309
33.5957 -2.97422
33.6903 24.8536
33.785 41.1287
33.8796 53.7034
33.9743 68.8989
34.0689 88.8993
34.1636 111.304
34.2582 130.719
34.3529 141.445
34.4475 139.983
34.5422 126.304
34.6369 103.496
34.7315 76.1467
34.8262 48.3409
34.9208 22.2139
35.0155 -2.33163
35.1101 -26.7432
35.2048 -52.2994
35.2994 -78.7455
35.3941 -103.757
35.4887 -123.493
35.5834 -133.992
35.678 -132.789
35.7727 -120.055
35.8673 -98.7506
35.962 -73.7311
36.0566 -50.1564
36.1513 -31.8197
36.2459 -20.0274
36.3406 -13.421
36.4352 -8.75226
36.5299 -2.2737
36.6245 8.80295
36.7192 25.3056
36.8138 45.8745
36.9085 67.5122
37.0031 86.6328
37.0978 100.181
37.1924 106.421
37.2871 105.165
37.3817 97.4729
37.4764 85.0246
37.571 69.4899
37.6657 52.1384
37.7603 33.7909
37.855 15.0337
37.9497 -3.4993
38.0443 -20.9729
38.139 -36.426
38.2336 -49.033
38.3283 -58.3922
38.4229 -64.6652
38.5176 -68.4648
38.6122 -70.5298
38.7069 -71.3454
38.8015 -70.9084
38.8962 -68.7683
38.9908 -64.3365
39.0855 -57.3087
39.1801 -47.9783
39.2748 -37.2653
39.3694 -26.4246
39.4641 -16.5644
39.5587 -8.21245
39.6534 -1.15145
39.748 5.38238
39.8427 12.2285
39.9373 19.7915
40.032 27.7511
40.1266 35.1489
40.2213 40.8175
40.3159 43.9464
40.4106 44.4997
40.5052 43.2747
40.5999 41.5599
40.6945 40.5557
40.7892 40.8322
40.8838 42.0851
40.9785 43.2975
41.0731 43.219
41.1678 40.9221
41.2625 36.1674
41.3571 29.4212
41.4518 21.5471
41.5464 13.3603
41.6411 5.28734
41.7357 -2.69633
41.8304 -10.8402
41.925 -19.2558
42.0197 -27.6416
42.1143 -35.2688
42.209 -41.2546
42.3036 -44.9828
42.3983 -46.4434
42.4929 -46.294
42.5876 -45.5887
42.6822 -45.2924
42.7769 -45.8167
42.8715 -46.8101
42.9662 -47.3123
43.0608 -46.2007
43.1555 -42.7159
43.2501 -36.8132
43.3448 -29.1795
43.4394 -20.9188
43.5341 -13.0735
43.6287 -6.21625
43.7234 -0.303385
43.818 5.16228
43.9127 10.7653
44.0073 16.8087
44.102 23.1289
44.1966 29.1744
44.2913 34.2858
44.3859 38.0167
44.4806 40.3228
44.5753 41.5311
44.6699 42.1192
44.7646 42.4379
44.8592 42.5297
44.9539 42.1376
45.0485 40.8892
45.1432 38.5461
45.2378 35.1778
45.3325 31.1627
45.4271 27.0175
45.5218 23.1462
45.6164 19.6422
45.7111 16.2468
45.8057 12.4829
45.9004 7.89302
45.995 2.26336
46.0897 -4.27383
46.1843 -11.2965
46.279 -18.2669
46.3736 -24.7278
46.4683 -30.4265
46.5629 -35.3208
46.6576 -39.4856
46.7522 -42.9894
46.8469 -45.8111
46.9415 -47.8384
47.0362 -48.9299
47.1308 -48.9954
47.2255 -48.0364
47.3201 -46.1281
47.4148 -43.3592
47.5094 -39.7778
47.6041 -35.3846
47.6987 -30.1856
47.7934 -24.2717
47.8881 -17.8736
47.9827 -11.3473
48.0774 -5.08373
48.172 0.618704
48.2667 5.65531
48.3613 10.1353
48.456 14.3056
48.5506 18.4139
48.6453 22.5764
48.7399 26.716
48.8346 30.5969
48.9292 33.9343
49.0239 36.5173
49.1185 38.284
49.2132 39.3129
49.3078 39.7434
49.4025 39.6779
49.4971 39.121
49.5918 37.9903
49.6864 36.1898
49.7811 33.6986
49.8757 30.6204
49.9704 27.1619
50.065 23.5489
50.1597 19.9254
50.2543 16.2931
50.349 12.5268
50.4436 8.46024
50.5383 3.99835
50.6329 -0.804315
50.7276 -5.74086
50.8222 -10.5277
50.9169 -14.9195
51.0116 -18.8035
51.1062 -22.2246
51.2009 -25.3283
51.2955 -28.2532
51.3902 -31.0275
51.4848 -33.5246
51.5795 -35.4998
51.6741 -36.6897
51.7688 -36.9262
51.8634 -36.2115
51.9581 -34.7204
52.0527 -32.7345
52.1474 -30.5406
52.242 -28.3402
52.3367 -26.2038
52.4313 -24.0821
52.526 -21.8545
52.6206 -19.3886
52.7153 -16.5837
52.8099 -13.3884
52.9046 -9.79844
52.9992 -5.84931
53.0939 -1.61264
53.1885 2.80177
53.2832 7.24811
53.3778 11.5596
53.4725 15.5781
53.5671 19.1872
53.6618 22.3347
53.7564 25.028
53.8511 27.3065
53.9457 29.2007
54.0404 30.7019
54.135 31.7585
54.2297 32.3015
54.3244 32.2849
54.419 31.7186
54.5137 30.6748
54.6083 29.2627
54.703 27.5865
54.7976 25.7097
54.8923 23.6456
54.9869 21.3795
55.0816 18.9084
55.1762 16.2724
55.2709 13.5573
55.3655 10.8623
55.4602 8.2477
55.5548 5.69292
55.6495 3.08988
55.7441 0.282101
55.8388 -2.86515
55.9334 -6.39524
56.0281 -10.2244
56.1227 -14.1577
56.2174 -17.9491
56.312 -21.3783
56.4067 -24.3063
56.5013 -26.6892
56.596 -28.5448
56.6906 -29.8981
56.7853 -30.7355
56.8799 -30.9956
56.9746 -30.6022
57.0692 -29.5214
57.1639 -27.8124
57.2585 -25.6418
57.3532 -23.2504
57.4478 -20.8828
57.5425 -18.7095
57.6372 -16.7742
57.7318 -14.9866
57.8265 -13.164
57.9211 -11.1016
58.0158 -8.64582
58.1104 -5.74368
58.2051 -2.45656
58.2997 1.06146
58.3944 4.60722
58.489 7.97814
58.5837 11.0143
58.6783 13.6248
58.773 15.7963
58.8676 17.5837
58.9623 19.0858
59.0569 20.4112
59.1516 21.6412
59.2462 22.8013
59.3409 23.8512
59.4355 24.6992
59.5302 25.2374
59.6248 25.3836
59.7195 25.1143
59.8141 24.4715
59.9088 23.5395
60.0034 22.4033
60.0981 21.1055
60.1927 19.6265
60.2874 17.8966
60.382 15.8381
60.4767 13.4168
60.5713 10.6785
60.666 7.75242
60.7606 4.81643
60.8553 2.04071
60.95 -0.467385
61.0446 -2.69244
61.1393 -4.70293
61.2339 -6.61164
61.3286 -8.5237
61.4232 -10.4951
61.5179 -12.5171
61.6125 -14.528
61.7072 -16.4416
61.8018 -18.1746
61.8965 -19.6603
61.9911 -20.8467
62.0858 -21.684
62.1804 -22.1181
62.2751 -22.0954
62.3697 -21.5827
62.4644 -20.5913
62.559 -19.1928
62.6537 -17.5151
62.7483 -15.7166
62.843 -13.9468
62.9376 -12.3081
63.0323 -10.832
63.1269 -9.47852
63.2216 -8.15736
63.3162 -6.7607
63.4109 -5.19681
63.5055 -3.41361
63.6002 -1.40765
63.6948 0.78095
63.7895 3.08291
63.8841 5.41818
63.9788 7.71288
64.0734 9.91099
64.1681 11.9779
64.2628 13.8952
64.3574 15.6475
64.4521 17.2074
64.5467 18.5244
64.6414 19.5253
64.736 20.1306
64.8307 20.2821
64.9253 19.9719
65.02 19.2595
65.1146 18.265
65.2093 17.1377
65.3039 16.009
65.3986 14.9495
65.4932 13.9481
65.5879 12.9251
65.6825 11.7752
65.7772 10.4224
65.8718 8.86237
65.9665 7.17309
66.0611 5.48724
66.1558 3.93869
66.2504 2.60627
66.3451 1.47973
66.4397 0.462084
66.5344 -0.594134
66.629 -1.83351
66.7237 -3.35043
66.8183 -5.16513
66.913 -7.22764
67.0076 -9.4404
67.1023 -11.6836
67.1969 -13.8302
67.2916 -15.7479
67.3863 -17.2959
67.4809 -18.3305
67.5756 -18.7273
67.6702 -18.4191
67.7649 -17.4321
67.8595 -15.9028
67.9542 -14.0585
68.0488 -12.164
68.1435 -10.449
68.2381 -9.04454
68.3328 -7.95481
68.4274 -7.07389
68.5221 -6.24104
68.6167 -5.3095
68.7114 -4.19994
68.806 -2.9182
68.9007 -1.53431
68.9953 -0.137796
69.09 1.20632
69.1846 2.47941
69.2793 3.70095
69.3739 4.89852
69.4686 6.07514
69.5632 7.19367
69.6579 8.18733
69.7525 8.99078
69.8472 9.57465
69.9418 9.96393
70.0365 10.2291
70.1311 10.4526
70.2258 10.6868
70.3204 10.9239
70.4151 11.0932
70.5097 11.0895
70.6044 10.8188
70.6991 10.2445
70.7937 9.41075
70.8884 8.43585
70.983 7.47699
71.0777 6.68137
71.1723 6.1422
71.267 5.87493
71.3616 5.81974
71.4563 5.86636
71.5509 5.89025
71.6456 5.78722
71.7402 5.49651
71.8349 5.0078
71.9295 4.35236
72.0242 3.58283
72.1188 2.74743
72.2135 1.86578
72.3081 0.91333
72.4028 -0.17895
72.4974 -1.50608
72.5921 -3.15322
72.6867 -5.15086
72.7814 -7.43571
72.876 -9.83388
72.9707 -12.0787
73.0653 -13.8647
73.16 -14.9252
73.2546 -15.109
73.3493 -14.43
73.4439 -13.0665
73.5386 -11.2536
73.6332 -9.44227
73.7279 -7.82951
73.8225 -6.51167
73.9172 -5.49739
74.0119 -4.47109
74.1065 -3.28022
74.2012 -1.78093
74.2958 0.0366931
74.3905 2.04075
74.4851 3.94592
74.5798 5.59362
74.6744 6.79884
74.7691 7.51709
74.8637 7.94174
74.9584 7.88746
75.053 7.80489
75.1477 7.09238
75.2423 6.00503
75.337 4.55359
75.4316 2.82172
75.5263 0.990468
75.6209 -0.720698
75.7156 -1.96892
75.8102 -2.57535
75.9049 -2.17427
75.9995 -1.75241
76.0942 -0.906726
76.1888 0.166589
76.2835 0.921968
76.3781 1.48732
76.4728 1.94432
76.5674 2.45806
76.6621 3.21611
76.7567 4.24651
76.8514 5.86371
76.946 7.69041
77.0407 9.41089
77.1353 10.8524
77.23 11.7725
77.3247 11.9667
77.4193 11.51
77.514 10.35
77.6086 8.96077
77.7033 7.47255
77.7979 5.65686
77.8926 3.69064
77.9872 1.90719
78.0819 -0.217264
78.1765 -2.08412
78.2712 -3.66043
78.3658 -4.85939
78.4605 -5.55993
78.5551 -5.92278
78.6498 -6.11394
78.7444 -6.31571
78.8391 -6.66004
78.9337 -7.17907
79.0284 -7.69175
79.123 -8.03165
79.2177 -8.30683
79.3123 -8.23593
79.407 -7.83943
79.5016 -7.09026
79.5963 -6.42148
79.6909 -5.8035
79.7856 -5.30063
79.8802 -4.71685
79.9749 -4.39862
80.0695 -4.28335
80.1642 -3.81607
80.2588 -3.32982
80.3535 -2.81608
80.4481 -2.054
80.5428 -1.45404
80.6375 -0.991006
80.7321 -0.272056
80.8268 0.803151
80.9214 2.22776
81.0161 4.12544
81.1107 5.8688
81.2054 7.44805
81.3 8.61477
81.3947 9.2255
81.4893 9.29644
81.584 8.9956
81.6786 8.57282
81.7733 8.25528
81.8679 7.84461
81.9626 7.86259
82.0572 7.67374
82.1519 7.66299
82.2465 6.95418
82.3412 5.79959
82.4358 4.38479
82.5305 2.77465
82.6251 1.23927
82.7198 -0.146003
82.8144 -0.93937
82.9091 -1.39397
83.0037 -1.6802
83.0984 -1.93653
83.193 -2.36766
83.2877 -3.11679
83.3823 -3.65498
83.477 -3.8086
83.5716 -3.00753
83.6663 -2.16253
83.7609 -1.14777
83.8556 -0.225665
83.9503 0.359269
84.0449 0.467347
84.1396 0.109155
84.2342 -0.668591
84.3289 -1.32672
84.4235 -1.7138
84.5182 -1.80245
84.6128 -1.85322
84.7075 -1.74774
84.8021 -1.54964
84.8968 -1.3105
84.9914 -1.03072
85.0861 -0.854128
85.1807 -0.381286
85.2754 0.23242
85.37 1.22015
85.4647 1.80637
85.5593 2.11947
85.654 2.04061
85.7486 1.56242
85.8433 1.06867
85.9379 0.5657
86.0326 0.279179
86.1272 0.342151
86.2219 0.758035
86.3165 1.33173
86.4112 1.74025
86.5058 2.15241
86.6005 1.64961
86.6951 1.43596
86.7898 0.821611
86.8844 0.0178372
86.9791 -0.878943
87.0738 -1.60805
87.1684 -2.01088
87.2631 -2.09518
87.3577 -1.58753
87.4524 -0.688954
87.547 0.459823
87.6417 1.67086
87.7363 2.74149
87.831 3.49107
87.9256 3.67281
88.0203 3.5559
88.1149 3.0227
88.2096 2.18803
88.3042 1.05179
88.3989 0.0985829
88.4935 -0.490528
88.5882 -0.691936
88.6828 -0.515465
88.7775 -0.0716242
88.8721 0.468312
88.9668 0.928397
89.0614 1.18072
89.1561 1.17741
89.2507 0.814893
89.3454 0.556665
89.44 0.288585
89.5347 0.0915198
89.6293 0.00849202
89.724 0.0460673
89.8186 0.556175
89.9133 0.726553
90.0079 0.905186
90.1026 1.09893
90.1972 1.35957
90.2919 1.88586
90.3866 2.04303
90.4812 1.77286
90.5759 1.40945
90.6705 0.846728
90.7652 0.20863
90.8598 -0.680742
90.9545 -0.811634
91.0491 -1.09722
91.1438 -1.09187
91.2384 -1.029
91.3331 -1.05147
91.4277 -1.2483
91.5224 -1.6412
91.617 -2.00512
91.7117 -2.29243
91.8063 -2.35212
91.901 -1.57873
91.9956 -1.28724
92.0903 -0.500725
92.1849 0.161771
92.2796 0.778873
92.3742 0.960572
92.4689 1.35391
92.5635 1.64702
92.6582 1.7204
92.7528 1.73113
92.8475 1.6812
92.9421 1.54649
93.0368 1.29908
93.1314 1.04366
93.2261 0.497152
93.3207 0.398748
93.4154 -0.352623
93.51 -0.938111
93.6047 -1.34044
93.6994 -1.49009
93.794 -1.12813
93.8887 -0.927427
93.9833 -0.743684
94.078 -0.634034
94.1726 -0.493846
94.2673 -0.532928
94.3619 -0.476115
94.4566 -0.350908
94.5512 0.376664
94.6459 0.719322
94.7405 1.04745
94.8352 1.3297
94.9298 1.54011
95.0245 1.6596
95.1191 1.67779
95.2138 1.43157
95.3084 1.22171
