-4.3 0.889754
-4.20535 0.993232
-4.1107 0.654479
-4.01605 0.456575
-3.92139 0.392498
-3.82674 0.539226
-3.73209 0.802074
-3.63744 1.22348
-3.54279 1.69083
-3.44814 1.87883
-3.35349 1.81914
-3.25883 1.64964
-3.16418 1.14253
-3.06953 0.489118
-2.97488 -0.246665
-2.88023 -0.988775
-2.78558 -1.84347
-2.69093 -2.27453
-2.59627 -2.29682
-2.50162 -1.84903
-2.40697 -0.986804
-2.31232 0.112001
-2.21767 1.1751
-2.12302 1.68069
-2.02837 2.20217
-1.93371 2.06393
-1.83906 1.55841
-1.74441 0.888427
-1.64976 0.258738
-1.55511 -0.066558
-1.46046 -0.176543
-1.36581 -0.19081
-1.27115 -0.0406616
-1.1765 0.501525
-1.08185 0.909713
-0.9872 1.37778
-0.892548 1.85341
-0.797897 2.23024
-0.703245 2.37267
-0.608594 2.17657
-0.513942 1.63531
-0.419291 0.870292
-0.324639 0.139578
-0.229988 -0.366282
-0.135337 -0.500616
-0.0406851 -0.276297
0.0539663 0.131355
0.148618 0.518846
0.243269 0.615668
0.337921 0.16954
0.432572 -0.657252
0.527224 -1.18925
0.621875 -1.29614
0.716526 -1.05498
0.811178 -0.415078
0.905829 0.416809
1.00048 1.03569
1.09513 1.58699
1.18978 1.7277
1.28444 1.58887
1.37909 1.01883
1.47374 0.443013
1.56839 0.530783
1.66304 0.826094
1.75769 1.21536
1.85234 1.54791
1.947 1.7025
2.04165 1.6299
2.1363 1.42083
2.23095 1.45406
2.3256 0.940965
2.42025 0.357613
2.5149 -0.1756
2.60956 -0.540492
2.70421 -0.649457
2.79886 -0.787651
2.89351 -0.444486
2.98816 0.074527
3.08281 0.596838
3.17746 0.950292
3.27212 1.06057
3.36677 0.852724
3.46142 0.509721
3.55607 0.195721
3.65072 0.0353013
3.74537 0.0611487
3.84002 0.214908
3.93468 0.400328
4.02933 0.557834
4.12398 0.715361
4.21863 0.981168
4.31328 1.47597
4.40793 2.23771
4.50258 3.15264
4.59724 3.9581
4.69189 4.32828
4.78654 4.01051
4.88119 2.94959
4.97584 1.33854
5.07049 -0.434112
5.16514 -1.92123
5.2598 -2.7787
5.35445 -2.88068
5.4491 -2.34029
5.54375 -1.43377
5.6384 -0.470682
5.73305 0.325617
5.8277 0.874877
5.92236 1.21909
6.01701 1.44975
6.11166 1.63236
6.20631 1.77163
6.30096 1.83068
6.39561 1.78294
6.49026 1.65592
6.58492 1.5326
6.67957 1.50542
6.77422 1.60974
6.86887 1.78054
6.96352 1.86589
7.05817 1.6986
7.15282 1.19224
7.24748 0.409399
7.34213 -0.439308
7.43678 -1.07207
7.53143 -1.25494
7.62608 -0.905656
7.72073 -0.13119
7.81538 0.81867
7.91004 1.65704
8.00469 2.17158
8.09934 2.28898
8.19399 2.06752
8.28864 1.63254
8.38329 1.09871
8.47794 0.525021
8.5726 -0.0754891
8.66725 -0.685884
8.7619 -1.2355
8.85655 -1.59091
8.9512 -1.603
9.04585 -1.18859
9.1405 -0.40007
9.23516 0.563072
9.32981 1.41752
9.42446 1.91046
9.51911 1.93055
9.61376 1.55935
9.70841 1.03471
9.80306 0.642202
9.89772 0.586514
9.99237 0.90454
10.087 1.45946
10.1817 2.01392
10.2763 2.3419
10.371 2.32358
10.4656 1.98131
10.5603 1.44856
10.6549 0.897968
10.7496 0.470149
10.8442 0.236443
10.9389 0.203285
11.0335 0.340565
11.1282 0.606602
11.2228 0.952286
11.3175 1.30828
11.4121 1.57606
11.5068 1.64384
11.6014 1.43081
11.6961 0.939469
11.7907 0.282076
11.8854 -0.344762
11.98 -0.736082
12.0747 -0.772549
12.1694 -0.483659
12.264 -0.0424827
12.3587 0.311309
12.4533 0.384126
12.548 0.119496
12.6426 -0.379571
12.7373 -0.906433
12.8319 -1.25081
12.9266 -1.28484
13.0212 -0.988024
13.1159 -0.40415
13.2105 0.430951
13.3052 1.5297
13.3998 2.91813
13.4945 4.53378
13.5891 6.11815
13.6838 7.18842
13.7784 7.14509
13.8731 5.50174
13.9677 2.14611
14.0624 -2.49708
14.157 -7.50383
14.2517 -11.7046
14.3463 -14.064
14.441 -14.0259
14.5356 -11.6723
14.6303 -7.62658
14.7249 -2.75708
14.8196 2.16859
14.9142 6.70686
15.0089 10.7393
15.1035 14.2752
15.1982 17.1922
15.2928 19.0846
15.3875 19.3328
15.4822 17.3747
15.5768 13.0407
15.6715 6.76189
15.7661 -0.483298
15.8608 -7.48139
15.9554 -13.2102
16.0501 -17.1632
16.1447 -19.4022
16.2394 -20.3102
16.334 -20.1831
16.4287 -18.8968
16.5233 -15.857
16.618 -10.3001
16.7126 -1.82171
16.8073 9.11738
16.9019 20.9662
16.9966 31.2714
17.0912 37.2225
17.1859 36.3478
17.2805 27.1201
17.3752 9.32215
17.4698 -15.8269
17.5645 -45.676
17.6591 -76.1797
17.7538 -102.003
17.8484 -116.889
17.9431 -114.544
18.0377 -90.1556
18.1324 -42.3351
18.227 25.1249
18.3217 102.493
18.4163 175.069
18.511 226.094
18.6056 241.075
18.7003 212.287
18.795 141.888
18.8896 42.3461
18.9843 -66.2971
19.0789 -161.691
19.1736 -225.342
19.2682 -247.639
19.3629 -230.033
19.4575 -183.667
19.5522 -125.019
19.6468 -70.2224
19.7415 -30.1013
19.8361 -7.63495
19.9308 1.49233
20.0254 5.78442
20.1201 13.7335
20.2147 30.268
20.3094 55.1489
20.404 83.6916
20.4987 109.203
20.5933 125.89
20.688 130.953
20.7826 125.095
20.8773 111.458
20.9719 93.7218
21.0666 74.3493
21.1612 53.8323
21.2559 31.1665
21.3505 5.19554
21.4452 -23.962
21.5398 -54.1815
21.6345 -81.6995
21.7291 -102.422
21.8238 -113.551
21.9184 -114.757
22.0131 -108.333
22.1078 -98.2419
22.2024 -88.4721
22.2971 -81.4235
22.3917 -77.008
22.4864 -72.8284
22.581 -65.3253
22.6757 -51.3744
22.7703 -29.665
22.865 -1.31936
22.9596 30.4323
23.0543 61.3133
23.1489 87.3177
23.2436 105.763
23.3382 115.733
23.4329 117.872
23.5275 113.741
23.6222 105.092
23.7168 93.3621
23.8115 79.515
23.9061 64.1609
24.0008 47.7776
24.0954 30.8483
24.1901 13.8438
24.2847 -2.8955
24.3794 -19.2419
24.474 -35.2146
24.5687 -50.7531
24.6633 -65.4394
24.758 -78.3423
24.8526 -88.1215
24.9473 -93.4051
25.0419 -93.3033
25.1366 -87.8303
25.2312 -78.0207
25.3259 -65.6568
25.4206 -52.7013
25.5152 -40.6729
25.6099 -30.2341
25.7045 -21.1621
25.7992 -12.6981
25.8938 -4.08872
25.9885 4.94738
26.0831 14.0484
26.1778 22.3998
26.2724 29.1695
26.3671 33.9504
26.4617 36.9784
26.5564 39.0154
26.651 40.9624
26.7457 43.4065
26.8403 46.3353
26.935 49.1586
27.0296 51.0158
27.1243 51.2
27.2189 49.472
27.3136 46.1072
27.4082 41.6665
27.5029 36.6315
27.5975 31.1223
27.6922 24.8628
27.7868 17.4222
27.8815 8.60129
27.9761 -1.25992
28.0708 -11.2425
28.1654 -20.1332
28.2601 -26.9126
28.3547 -31.2113
28.4494 -33.4947
28.5441 -34.87
28.6387 -36.5849
28.7334 -39.4525
28.828 -43.4699
28.9227 -47.8126
29.0173 -51.2034
29.112 -52.4783
29.2066 -51.0804
29.3013 -47.2591
29.3959 -41.9004
29.4906 -36.0932
29.5852 -30.6555
29.6799 -25.8469
29.7745 -21.3819
29.8692 -16.7043
29.9638 -11.3516
30.0585 -5.21483
30.1531 1.43115
30.2478 8.11621
30.3424 14.4537
30.4371 20.341
30.5317 25.9674
30.6264 31.6287
30.721 37.4593
30.8157 43.2383
30.9103 48.3856
31.005 52.1574
31.0996 53.9474
31.1943 53.5406
31.2889 51.1956
31.3836 47.5229
31.4782 43.2265
31.5729 38.8425
31.6675 34.5941
31.7622 30.4158
31.8569 26.102
31.9515 21.482
32.0462 16.5197
32.1408 11.2955
32.2355 5.90334
32.3301 0.347205
32.4248 -5.48402
32.5194 -11.7364
32.6141 -18.4483
32.7087 -25.4336
32.8034 -32.2669
32.898 -38.3974
32.9927 -43.3374
33.0873 -46.8341
33.182 -48.9338
33.2766 -49.9057
33.3713 -50.0695
33.4659 -49.6191
33.5606 -48.5364
33.6552 -46.6378
33.7499 -43.7226
33.8445 -39.7343
33.9392 -34.8447
34.0338 -29.4137
34.1285 -23.8465
34.2231 -18.4303
34.3178 -13.2386
34.4124 -8.1531
34.5071 -2.98555
34.6017 2.37233
34.6964 7.85737
34.791 13.2507
34.8857 18.2868
34.9803 22.7874
35.075 26.7394
35.1697 30.2693
35.2643 33.5298
35.359 36.5671
35.4536 39.251
35.5483 41.3153
35.6429 42.4907
35.7376 42.657
35.8322 41.9259
35.9269 40.6001
36.0215 39.0234
36.1162 37.3982
36.2108 35.6705
36.3055 33.5481
36.4001 30.6492
36.4948 26.7089
36.5894 21.7361
36.6841 16.0415
36.7787 10.12
36.8734 4.45063
36.968 -0.685451
37.0627 -5.27784
37.1573 -9.52147
37.252 -13.6572
37.3466 -17.8103
37.4413 -21.915
37.5359 -25.7605
37.6306 -29.1235
37.7252 -31.9034
37.8199 -34.1767
37.9145 -36.1332
38.0092 -37.9296
38.1038 -39.5444
38.1985 -40.7239
38.2931 -41.0619
38.3878 -40.1817
38.4825 -37.9333
38.5771 -34.5012
38.6718 -30.3641
38.7664 -26.1198
38.8611 -22.256
38.9557 -18.9755
39.0504 -16.1558
39.145 -13.4534
39.2397 -10.4937
39.3343 -7.04924
39.429 -3.12136
39.5236 1.10102
39.6183 5.36841
39.7129 9.50297
39.8076 13.461
39.9022 17.2963
39.9969 21.0551
40.0915 24.6727
40.1862 27.9418
40.2808 30.5779
40.3755 32.3524
40.4701 33.2203
40.5648 33.3658
40.6594 33.135
40.7541 32.8783
40.8487 32.78
40.9434 32.7606
41.038 32.5036
41.1327 31.5996
41.2273 29.7412
41.322 26.8773
41.4166 23.2551
41.5113 19.3308
41.6059 15.5922
41.7006 12.373
41.7953 9.73938
41.8899 7.49284
41.9846 5.27724
42.0792 2.73607
42.1739 -0.350196
42.2685 -3.99857
42.3632 -8.04358
42.4578 -12.218
42.5525 -16.2494
42.6471 -19.9301
42.7418 -23.1425
42.8364 -25.8447
42.9311 -28.0397
43.0257 -29.7508
43.1204 -31.0128
43.215 -31.8744
43.3097 -32.3966
43.4043 -32.6383
43.499 -32.6286
43.5936 -32.3386
43.6883 -31.6722
43.7829 -30.4862
43.8776 -28.6371
43.9722 -26.0397
44.0669 -22.7126
44.1615 -18.7911
44.2562 -14.502
44.3508 -10.1071
44.4455 -5.83965
44.5401 -1.85417
44.6348 1.79095
44.7294 5.11698
44.8241 8.18397
44.9187 11.0444
45.0134 13.7109
45.1081 16.1502
45.2027 18.304
45.2974 20.125
45.392 21.6107
45.4867 22.8173
45.5813 23.843
45.676 24.7848
45.7706 25.6868
45.8653 26.5022
45.9599 27.092
46.0546 27.2671
46.1492 26.8636
46.2439 25.8196
46.3385 24.2206
46.4332 22.2862
46.5278 20.2955
46.6225 18.4783
46.7171 16.9148
46.8118 15.4928
46.9064 13.9456
47.0011 11.9628
47.0957 9.3305
47.1904 6.04057
47.285 2.31999
47.3797 -1.4379
47.4743 -4.81426
47.569 -7.51957
47.6636 -9.49702
47.7583 -10.9307
47.8529 -12.1562
47.9476 -13.5145
48.0422 -15.2111
48.1369 -17.241
48.2316 -19.4046
48.3262 -21.4015
48.4209 -22.9561
48.5155 -23.9175
48.6102 -24.2964
48.7048 -24.2306
48.7995 -23.9042
48.8941 -23.4623
48.9888 -22.9572
49.0834 -22.3433
49.1781 -21.5109
49.2727 -20.3364
49.3674 -18.724
49.462 -16.6257
49.5567 -14.0435
49.6513 -11.0247
49.746 -7.66138
49.8406 -4.09349
49.9353 -0.507663
50.0299 2.882
50.1246 5.87452
50.2192 8.33469
50.3139 10.2364
50.4085 11.6742
50.5032 12.8317
50.5978 13.9162
50.6925 15.0826
50.7871 16.3812
50.8818 17.7478
50.9764 19.0394
51.0711 20.096
51.1657 20.7988
51.2604 21.0989
51.355 21.0096
51.4497 20.5723
51.5444 19.8216
51.639 18.7692
51.7337 17.4158
51.8283 15.7805
51.923 13.9264
52.0176 11.9641
52.1123 10.0248
52.2069 8.21784
52.3016 6.59286
52.3962 5.12802
52.4909 3.75179
52.5855 2.38595
52.6802 0.986477
52.7748 -0.440751
52.8695 -1.85776
52.9641 -3.23467
53.0588 -4.58661
53.1534 -5.98185
53.2481 -7.51004
53.3427 -9.22208
53.4374 -11.0715
53.532 -12.891
53.6267 -14.4233
53.7213 -15.4018
53.816 -15.6492
53.9106 -15.1534
54.0053 -14.0853
54.0999 -12.7482
54.1946 -11.4782
54.2892 -10.5347
54.3839 -10.0238
54.4785 -9.88379
54.5732 -9.9324
54.6678 -9.95077
54.7625 -9.76702
54.8572 -9.30492
54.9518 -8.58265
55.0465 -7.67027
55.1411 -6.63213
55.2358 -5.48472
55.3304 -4.19072
55.4251 -2.69089
55.5197 -0.956909
55.6144 0.961882
55.709 2.92288
55.8037 4.71711
55.8983 6.1316
55.993 7.02461
56.0876 7.38387
56.1823 7.34358
56.2769 7.15028
56.3716 7.08699
56.4662 7.38113
56.5609 8.12891
56.6555 9.2637
56.7502 10.5804
56.8448 11.8074
56.9395 12.6985
57.0341 13.1115
57.1288 13.0435
57.2234 12.6106
57.3181 11.9848
57.4127 11.3148
57.5074 10.668
57.602 10.0171
57.6967 9.27601
57.7913 8.36635
57.886 7.27983
57.9806 6.10382
58.0753 4.99451
58.17 4.10743
58.2646 3.51699
58.3593 3.16403
58.4539 2.85898
58.5486 2.34311
58.6432 1.38289
58.7379 -0.143426
58.8325 -2.20484
58.9272 -4.63863
59.0218 -7.22026
59.1165 -9.74601
59.2111 -12.0872
59.3058 -14.19
59.4004 -16.0251
59.4951 -17.5171
59.5897 -18.4973
59.6844 -18.7145
59.779 -17.9084
59.8737 -15.9188
59.9683 -12.7846
60.063 -8.78365
60.1576 -4.39104
60.2523 -0.167721
60.3469 3.37941
60.4416 5.91264
60.5362 7.31354
60.6309 7.65821
60.7255 7.14036
60.8202 5.98483
60.9148 4.39167
61.0095 2.52921
61.1041 0.564607
61.1988 -1.30084
61.2934 -2.82699
61.3881 -3.77754
61.4828 -3.9984
61.5774 -3.49466
61.6721 -2.46301
61.7667 -1.25188
61.8614 -0.25347
61.956 0.235089
62.0507 0.126498
62.1453 -0.415017
62.24 -1.02543
62.3346 -1.26819
62.4293 -0.788026
62.5239 0.567832
62.6186 2.70547
62.7132 5.32848
62.8079 8.04637
62.9025 10.4994
62.9972 12.4513
63.0918 13.8187
63.1865 14.6397
63.2811 15.0047
63.3758 14.9908
63.4704 14.6274
63.5651 13.9052
63.6597 12.8164
63.7544 11.3969
63.849 9.74621
63.9437 8.01077
64.0383 6.33653
64.133 4.81325
64.2276 3.43623
64.3223 2.10434
64.4169 0.657095
64.5116 -1.06295
64.6063 -3.14582
64.7009 -5.57134
64.7956 -8.20218
64.8902 -10.8138
64.9849 -13.1497
65.0795 -14.9834
65.1742 -16.1694
65.2688 -16.6677
65.3635 -16.5392
65.4581 -15.9137
65.5528 -14.9424
65.6474 -13.7494
65.7421 -12.3978
65.8367 -10.8815
65.9314 -9.14637
66.026 -7.13473
66.1207 -4.83591
66.2153 -2.32343
66.31 0.239228
66.4046 2.6308
66.4993 4.63363
66.5939 6.10213
66.6886 7.01086
66.7832 7.46097
66.8779 7.64014
66.9725 7.75089
67.0672 7.93607
67.1618 8.2324
67.2565 8.5706
67.3511 8.82005
67.4458 8.85598
67.5404 8.61784
67.6351 8.1329
67.7297 7.49701
67.8244 6.82534
67.9191 6.19994
68.0137 5.64052
68.1084 5.11115
68.203 4.55546
68.2977 3.93766
68.3923 3.2649
68.487 2.57785
68.5816 1.91635
68.6763 1.28249
68.7709 0.626601
68.8656 -0.130261
68.9602 -1.04556
69.0549 -2.10251
69.1495 -3.18701
69.2442 -4.11305
69.3388 -4.69095
69.4335 -4.80865
69.5281 -4.4861
69.6228 -3.87299
69.7174 -3.18684
69.8121 -2.61864
69.9067 -2.25087
70.0014 -2.02854
70.096 -1.7987
70.1907 -1.39936
70.2853 -0.753732
70.38 0.078381
70.4746 0.918966
70.5693 1.49458
70.6639 1.76188
70.7586 1.44837
70.8532 1.10453
70.9479 0.799361
71.0425 0.711863
71.1372 0.904646
71.2319 1.30441
71.3265 1.8836
71.4212 1.96498
71.5158 2.02337
71.6105 1.87332
71.7051 1.63971
71.7998 1.2827
71.8944 1.10806
71.9891 0.992326
72.0837 0.817898
72.1784 0.525043
72.273 0.316121
72.3677 -0.157426
72.4623 -0.556828
72.557 -0.763851
72.6516 -0.646979
72.7463 -0.185208
72.8409 0.504148
72.9356 1.19776
73.0302 1.64273
73.1249 1.6317
73.2195 1.10868
73.3142 0.0912459
73.4088 -1.11297
73.5035 -2.55772
73.5981 -4.13876
73.6928 -4.99423
73.7874 -5.62699
73.8821 -5.77995
73.9767 -5.389
74.0714 -4.67459
74.166 -3.28831
74.2607 -1.59889
74.3553 0.0539664
74.45 1.31196
74.5447 1.92684
74.6393 1.86561
74.734 1.2911
74.8286 0.929157
74.9233 0.752293
75.0179 1.10533
75.1126 1.77046
75.2072 3.04403
75.3019 4.35397
75.3965 5.35665
75.4912 5.86129
75.5858 5.82459
75.6805 5.43536
75.7751 4.91128
75.8698 4.43237
75.9644 3.99159
76.0591 3.59706
76.1537 3.24439
76.2484 2.68632
76.343 2.17562
76.4377 1.63679
76.5323 0.955392
76.627 0.0854261
76.7216 -0.790158
76.8163 -1.72377
76.9109 -2.66535
77.0056 -3.5753
77.1002 -3.95083
77.1949 -3.75461
77.2895 -2.89757
77.3842 -1.51504
77.4788 0.157853
77.5735 1.71389
77.6681 2.72129
77.7628 2.84867
77.8575 2.13924
77.9521 0.891038
78.0468 -0.519543
78.1414 -1.96468
78.2361 -2.83794
78.3307 -3.19326
78.4254 -2.96587
78.52 -2.76133
78.6147 -2.1473
78.7093 -2.10433
78.804 -2.18528
78.8986 -2.2574
78.9933 -2.16737
79.0879 -2.05789
79.1826 -1.56341
79.2772 -1.01435
79.3719 -0.597994
79.4665 -0.400344
79.5612 -0.601367
79.6558 -0.81047
79.7505 -0.938509
79.8451 -0.817272
79.9398 -0.355109
80.0344 0.547556
80.1291 1.43245
80.2237 2.17614
80.3184 2.82193
80.413 2.9885
80.5077 3.08395
80.6023 2.85327
80.697 2.54701
80.7916 2.1589
80.8863 1.67934
80.9809 1.10961
81.0756 0.478907
81.1703 -0.0263693
81.2649 0.0117561
81.3596 0.308405
81.4542 0.994404
81.5489 1.97477
81.6435 2.8672
81.7382 3.82554
81.8328 4.41703
81.9275 4.45987
82.0221 3.96247
82.1168 2.92423
82.2114 1.77995
82.3061 0.727407
82.4007 -0.271342
82.4954 -0.924657
82.59 -1.29817
82.6847 -1.04925
82.7793 -1.0527
82.874 -0.833595
82.9686 -0.689073
83.0633 -0.569492
83.1579 -0.269761
83.2526 0.116639
83.3472 0.272142
83.4419 0.239073
83.5365 -0.0660079
83.6312 -0.233808
83.7258 -0.191861
83.8205 -0.33776
83.9151 -0.510445
84.0098 -0.729428
84.1044 -1.02843
84.1991 -1.43823
84.2938 -1.96539
84.3884 -2.57672
84.4831 -3.19746
84.5777 -3.72574
84.6724 -4.05882
84.767 -4.12186
84.8617 -3.72686
84.9563 -3.4732
85.051 -2.92526
85.1456 -2.25558
85.2403 -1.54538
85.3349 -0.864373
85.4296 -0.263259
85.5242 0.199882
85.6189 0.611954
85.7135 0.730908
85.8082 0.498643
85.9028 0.59439
85.9975 0.649526
86.0921 0.697216
86.1868 1.00022
86.2814 1.16782
86.3761 1.35119
86.4707 1.68631
86.5654 2.13388
86.66 2.66015
86.7547 3.21296
86.8493 3.72998
86.944 4.14761
87.0386 4.40953
87.1333 4.29171
87.2279 4.15002
87.3226 3.78998
87.4172 3.32179
87.5119 2.72803
87.6066 2.07132
87.7012 1.25002
87.7959 0.712443
87.8905 0.26118
87.9852 -0.352597
88.0798 -0.704265
88.1745 -1.00299
88.2691 -0.849458
88.3638 -0.87707
88.4584 -1.23812
88.5531 -1.3514
88.6477 -1.43311
88.7424 -1.48431
88.837 -1.48942
88.9317 -1.26605
89.0263 -1.46514
89.121 -1.5695
89.2156 -1.36323
89.3103 -1.4236
89.4049 -1.4058
89.4996 -1.26045
89.5942 -0.971631
89.6889 -0.568472
89.7835 -0.120018
89.8782 0.283693
89.9728 0.483371
90.0675 0.0155584
90.1621 -0.0411993
90.2568 -0.264493
90.3514 -0.496842
90.4461 -0.803269
90.5407 -1.13753
90.6354 -1.50132
90.73 -1.82571
90.8247 -1.99992
90.9194 -1.90588
91.014 -1.45732
91.1087 -0.637494
91.2033 0.301408
91.298 1.88248
91.3926 2.94829
91.4873 3.78867
91.5819 4.13529
91.6766 3.95962
91.7712 3.35038
91.8659 2.3791
91.9605 1.5032
92.0552 0.63487
92.1498 0.285954
92.2445 0.288494
92.3391 0.655605
92.4338 1.15659
92.5284 1.68356
