-1.53 1.38667
-1.43 1.86478
-1.33 1.45002
-1.23 0.763903
-1.13 0.230388
-1.03 0.0326201
-0.93 -0.148129
-0.83 -0.453475
-0.73 -0.485967
-0.63 -0.274781
-0.53 0.213218
-0.43 0.819182
-0.33 1.36842
-0.23 1.74626
-0.13 1.67148
-0.03 1.53756
0.07 1.4995
0.17 1.76439
0.27 2.26888
0.37 2.59251
0.47 2.41967
0.57 2.71744
0.67 3.17606
0.77 3.38235
0.87 3.16134
0.97 2.93498
1.07 2.41536
1.17 1.74582
1.27 1.15613
1.37 0.717731
1.47 0.184472
1.57 -0.375865
1.67 -0.968797
1.77 -1.60906
1.87 -2.12749
1.97 -2.4331
2.07 -2.54368
2.17 -2.38123
2.27 -2.04126
2.37 -1.79444
2.47 -1.20197
2.57 -0.433954
2.67 0.804193
2.77 2.01531
2.87 3.05533
2.97 3.60409
3.07 3.78911
3.17 3.70443
3.27 3.65872
3.37 3.49595
3.47 2.78991
3.57 1.52227
3.67 0.511698
3.77 0.0141363
3.87 0.0314861
3.97 0.519072
4.07 1.28998
4.17 1.59286
4.27 1.56071
4.37 1.57301
4.47 1.78604
4.57 1.97198
4.67 2.09888
4.77 1.52766
4.87 1.12402
4.97 0.879762
5.07 0.684351
5.17 0.553873
5.27 0.368678
5.37 0.447196
5.47 0.558411
5.57 0.786134
5.67 0.451484
5.77 0.17124
5.87 0.594135
5.97 1.36057
6.07 2.15961
6.17 2.4945
6.27 2.48672
6.37 2.41501
6.47 2.03601
6.57 1.44535
6.67 0.540671
6.77 -0.654762
6.87 -1.56944
6.97 -1.7417
7.07 -1.15041
7.17 -0.288114
7.27 0.365091
7.37 0.864514
7.47 1.15073
7.57 0.988745
7.67 0.923318
7.77 1.14242
7.87 1.12639
7.97 0.987587
8.07 1.1638
8.17 1.44718
8.27 1.32805
8.37 1.22104
8.47 1.50761
8.57 1.55409
8.67 1.15718
8.77 0.88621
8.87 0.798734
8.97 0.938312
9.07 1.09508
9.17 1.00273
9.27 0.742422
9.37 0.518987
9.47 0.527855
9.57 1.01548
9.67 1.59601
9.77 1.81947
9.87 1.46867
9.97 0.792855
10.07 0.492997
10.17 0.525024
10.27 0.863346
10.37 1.39271
10.47 1.64766
10.57 1.67162
10.67 1.52345
10.77 1.40525
10.87 1.34206
10.97 1.30856
11.07 1.17855
11.17 0.753875
11.27 0.526402
11.37 0.279298
11.47 -0.26466
11.57 -1.00555
11.67 -1.59064
11.77 -1.73674
11.87 -1.7108
11.97 -1.28804
12.07 -0.607175
12.17 0.00169882
12.27 0.579368
12.37 1.49799
12.47 2.78547
12.57 3.65752
12.67 3.60449
12.77 2.83864
12.87 2.1932
12.97 1.8006
13.07 1.79421
13.17 2.06414
13.27 2.67744
13.37 3.11161
13.47 2.88907
13.57 2.454
13.67 2.18604
13.77 1.80219
13.87 0.891731
13.97 -0.500674
14.07 -1.76992
14.17 -2.45038
14.27 -2.46402
14.37 -2.06852
14.47 -2.23612
14.57 -2.42435
14.67 -1.62011
14.77 -0.239719
14.87 0.953321
14.97 1.30547
15.07 0.920943
15.17 0.595424
15.27 0.818291
15.37 1.32977
15.47 1.72321
15.57 1.92299
15.67 2.05226
15.77 2.47844
15.87 3.1822
15.97 3.60131
16.07 3.46445
16.17 2.95631
16.27 2.26607
16.37 1.72549
16.47 1.34635
16.57 0.52275
16.67 -0.594082
16.77 -1.31557
16.87 -1.2029
16.97 -0.75981
17.07 -0.117289
17.17 0.55343
17.27 1.23301
17.37 1.98555
17.47 3.24745
17.57 4.48038
17.67 5.40761
17.77 5.84174
17.87 5.46885
17.97 4.48149
18.07 3.26597
18.17 1.50724
18.27 -1.11473
18.37 -4.52237
18.47 -8.21445
18.57 -11.3698
18.67 -12.5938
18.77 -11.7306
18.87 -9.04682
18.97 -5.01582
19.07 -0.374124
19.17 4.31798
19.27 8.88846
19.37 13.1903
19.47 16.405
19.57 17.7952
19.67 17.1292
19.77 14.3372
19.87 9.96606
19.97 4.82994
20.07 -0.711762
20.17 -6.29401
20.27 -11.0762
20.37 -14.5789
20.47 -16.5911
20.57 -17.0859
20.67 -15.8828
20.77 -13.0057
20.87 -8.80249
20.97 -3.51653
21.07 2.87662
21.17 10.5449
21.27 19.3254
21.37 27.4005
21.47 31.76
21.57 30.1667
21.67 21.3833
21.77 4.23615
21.87 -23.0471
21.97 -57.7479
22.07 -90.3317
22.17 -110.108
22.27 -110
22.37 -89.4754
22.47 -47.4008
22.57 14.4016
22.67 88.7097
22.77 159.834
22.87 209.797
22.97 228.313
23.07 212.945
23.17 142.474
23.27 18.3564
23.37 -114.784
23.47 -206.529
23.57 -242.556
23.67 -240.399
23.77 -210.927
23.87 -158.555
23.97 -99.3121
24.07 -50.3199
24.17 -17.933
24.27 2.54059
24.37 15.8183
24.47 26.7862
24.57 40.7785
24.67 60.5401
24.77 86.2757
24.87 112.177
24.97 130.819
25.07 137.193
25.17 130.069
25.27 111.965
25.37 87.3916
25.47 60.8286
25.57 33.7276
25.67 5.52902
25.77 -25.528
25.87 -61.2427
25.97 -97.2517
26.07 -124.889
26.17 -138.625
26.27 -137.699
26.37 -123.746
26.47 -100.944
26.57 -78.2169
26.67 -61.18
26.77 -49.9213
26.87 -42.086
26.97 -33.6275
27.07 -20.8443
27.17 -2.46014
27.27 20.7759
27.37 46.2722
27.47 70.6829
27.57 90.5635
27.67 103.636
27.77 109.233
27.87 107.454
27.97 100.011
28.07 88.8148
28.17 75.1918
28.27 59.2145
28.37 40.479
28.47 19.3036
28.57 -2.71592
28.67 -23.0865
28.77 -39.9937
28.87 -53.5049
28.97 -64.4419
29.07 -73.5707
29.17 -81.0705
29.27 -86.3673
29.37 -88.4988
29.47 -86.2734
29.57 -78.596
29.67 -66.3603
29.77 -51.9514
29.87 -37.662
29.97 -24.7958
30.07 -13.4768
30.17 -3.5886
30.27 5.96052
30.37 15.3361
30.47 23.833
30.57 30.6713
30.67 35.1266
30.77 37.2335
30.87 37.8391
30.97 38.0752
31.07 38.9818
31.17 41.0062
31.27 43.7435
31.37 46.1929
31.47 46.9833
31.57 45.2731
31.67 41.2345
31.77 36.098
31.87 30.8953
31.97 25.5146
32.07 19.2021
32.17 11.1933
32.27 1.71508
32.37 -8.21196
32.47 -17.5912
32.57 -25.5784
32.67 -31.0042
32.77 -34.1199
32.87 -36.1184
32.97 -38.0193
33.07 -41.0161
33.17 -45.249
33.27 -49.487
33.37 -52.4122
33.47 -53.2089
33.57 -51.7223
33.67 -48.1516
33.77 -42.9392
33.87 -36.8596
33.97 -30.4577
34.07 -23.9691
34.17 -17.1031
34.27 -9.63863
34.37 -1.77932
34.47 6.06163
34.57 13.2954
34.67 19.7054
34.77 25.4243
34.87 30.7089
34.97 35.5339
35.07 39.9218
35.17 43.7698
35.27 46.5294
35.37 47.993
35.47 48.3206
35.57 47.379
35.67 45.2792
35.77 42.4386
35.87 38.751
35.97 33.9961
36.07 28.5297
36.17 23.0105
36.27 17.5321
36.37 11.7909
36.47 6.0435
36.57 0.465277
36.67 -4.88315
36.77 -10.0999
36.87 -15.5447
36.97 -21.368
37.07 -27.6201
37.17 -33.824
37.27 -39.1281
37.37 -42.8836
37.47 -44.8544
37.57 -45.899
37.67 -46.9504
37.77 -48.1199
37.87 -48.7275
37.97 -48.2053
38.07 -45.99
38.17 -42.3594
38.27 -37.4629
38.37 -31.7238
38.47 -25.9389
38.57 -20.2493
38.67 -14.5047
38.77 -8.47665
38.87 -2.1621
38.97 4.11284
39.07 10.4044
39.17 16.5005
39.27 22.0637
39.37 27.054
39.47 31.3282
39.57 34.7188
39.67 37.2669
39.77 39.1877
39.87 40.5751
39.97 41.6427
40.07 42.0832
40.17 41.6394
40.27 40.4552
40.37 38.5663
40.47 36.1803
40.57 33.5081
40.67 30.6398
40.77 27.2406
40.87 23.1805
40.97 18.5863
41.07 13.2521
41.17 7.25708
41.27 1.08128
41.37 -5.02685
41.47 -10.829
41.57 -16.1657
41.67 -21.1113
41.77 -25.6225
41.87 -29.6953
41.97 -33.5713
42.07 -36.911
42.17 -39.4649
42.27 -41.017
42.37 -41.7744
42.47 -41.6051
42.57 -40.6934
42.67 -39.046
42.77 -37.2793
42.87 -35.5264
42.97 -33.2919
43.07 -29.838
43.17 -25.5211
43.27 -21.4719
43.37 -17.9287
43.47 -14.5597
43.57 -10.749
43.67 -6.14236
43.77 -0.986675
43.87 3.96078
43.97 8.27039
44.07 12.4418
44.17 16.7862
44.27 21.3752
44.37 25.9504
44.47 29.9871
44.57 32.8237
44.67 34.7864
44.77 36.0342
44.87 36.5592
44.97 36.1731
45.07 35.2377
45.17 34.0993
45.27 32.679
45.37 30.8717
45.47 28.4935
45.57 25.3655
45.67 21.8331
45.77 18.7184
45.87 16.1132
45.97 13.4292
46.07 10.2468
46.17 6.44861
46.27 2.25839
46.37 -1.95074
46.47 -5.56485
46.57 -9.1595
46.67 -13.2206
46.77 -17.1964
46.87 -20.2492
46.97 -22.151
47.07 -23.4991
47.17 -24.7269
47.27 -26.4298
47.37 -28.8589
47.47 -31.0217
47.57 -32.4895
47.67 -33.166
47.77 -33.1933
47.87 -32.6754
47.97 -31.5759
48.07 -29.7764
48.17 -27.4329
48.27 -24.3902
48.37 -20.8983
48.47 -17.1344
48.57 -13.1818
48.67 -8.84867
48.77 -4.08294
48.87 0.588454
48.97 4.77287
49.07 8.04837
49.17 10.796
49.27 13.4291
49.37 15.7806
49.47 17.927
49.57 19.745
49.67 20.994
49.77 21.9055
49.87 22.8043
49.97 23.8435
50.07 24.8348
50.17 25.436
50.27 25.5372
50.37 25.1856
50.47 24.6752
50.57 24.0444
50.67 23.0092
50.77 21.6197
50.87 20.0522
50.97 17.9716
51.07 15.701
51.17 13.4479
51.27 11.2545
51.37 8.9661
51.47 6.15495
51.57 3.15094
51.67 -0.184437
51.77 -3.87813
51.87 -7.52474
51.97 -10.8391
52.07 -13.5881
52.17 -15.8885
52.27 -17.8693
52.37 -20.1113
52.47 -22.3685
52.57 -23.8055
52.67 -24.1183
52.77 -23.5367
52.87 -22.7613
52.97 -22.1449
53.07 -21.191
53.17 -19.8944
53.27 -18.1525
53.37 -16.3173
53.47 -14.7085
53.57 -13.4909
53.67 -12.5112
53.77 -11.4191
53.87 -10.0773
53.97 -8.39926
54.07 -6.37549
54.17 -4.09309
54.27 -1.3479
54.37 1.73692
54.47 4.67763
54.57 7.20827
54.67 9.21288
54.77 10.7721
54.87 12.2249
54.97 13.8486
55.07 15.2236
55.17 16.0259
55.27 16.8325
55.37 17.8032
55.47 18.7451
55.57 19.5638
55.67 20.2572
55.77 20.4772
55.87 19.8342
55.97 18.676
56.07 17.4485
56.17 16.0631
56.27 14.2922
56.37 12.2788
56.47 10.4026
56.57 8.85325
56.67 7.47735
56.77 6.22937
56.87 4.8372
56.97 3.19585
57.07 1.39572
57.17 -0.595196
57.27 -2.90135
57.37 -5.5139
57.47 -8.17471
57.57 -10.6956
57.67 -12.0787
57.77 -12.005
57.87 -11.6119
57.97 -11.9171
58.07 -12.9368
58.17 -13.8627
58.27 -14.2093
58.37 -14.4115
58.47 -14.6155
58.57 -14.6219
58.67 -14.3972
58.77 -13.543
58.87 -12.0559
58.97 -10.2511
59.07 -8.8587
59.17 -7.85536
59.27 -6.70207
59.37 -5.24412
59.47 -3.62838
59.57 -2.14256
59.67 -1.1917
59.77 -0.590577
59.87 0.201339
59.97 1.20333
60.07 2.03265
60.17 3.01536
60.27 3.69357
60.37 4.02872
60.47 4.63916
60.57 6.00919
60.67 7.80448
60.77 9.5129
60.87 11.0078
60.97 12.1509
61.07 13.1655
61.17 14.318
61.27 15.4226
61.37 16.1738
61.47 16.4118
61.57 16.0519
61.67 14.981
61.77 13.4777
61.87 11.5368
61.97 9.15493
62.07 6.56198
62.17 3.99265
62.27 2.01487
62.37 0.888934
62.47 0.804469
62.57 1.95482
62.67 3.74632
62.77 4.95199
62.87 4.83785
62.97 3.53769
63.07 1.55637
63.17 -0.903804
63.27 -3.7156
63.37 -6.2877
63.47 -8.31091
63.57 -9.61271
63.67 -9.94517
63.77 -9.81889
63.87 -9.78266
63.97 -10.3178
64.07 -11.6105
64.17 -13.0234
64.27 -14.2314
64.37 -14.8327
64.47 -14.9488
64.57 -14.3927
64.67 -12.8576
64.77 -10.335
64.87 -7.00375
64.97 -3.27198
65.07 0.666447
65.17 4.65485
65.27 8.01003
65.37 10.5299
65.47 12.1392
65.57 12.4477
65.67 11.4058
65.77 9.2592
65.87 6.25168
65.97 2.69484
66.07 -0.764518
66.17 -3.70674
66.27 -5.78981
66.37 -6.56815
66.47 -5.83672
66.57 -3.86775
66.67 -1.13778
66.77 1.99396
66.87 4.95581
66.97 7.67008
67.07 10.1221
67.17 12.1389
67.27 13.7559
67.37 15.1094
67.47 16.5171
67.57 17.9664
67.67 18.6478
67.77 18.023
67.87 16.4635
67.97 14.4726
68.07 11.9766
68.17 8.65464
68.27 4.68109
68.37 0.831386
68.47 -2.1841
68.57 -4.14802
68.67 -5.31052
68.77 -5.84414
68.87 -6.41203
68.97 -7.33087
69.07 -8.47277
69.17 -9.60707
69.27 -10.6241
69.37 -11.4267
69.47 -12.0698
69.57 -12.5075
69.67 -13.3217
69.77 -14.1774
69.87 -14.5643
69.97 -13.8487
70.07 -11.9037
70.17 -9.22788
70.27 -6.08208
70.37 -3.00941
70.47 -0.641585
70.57 1.12592
70.67 2.46407
70.77 3.54677
70.87 4.07085
70.97 4.26228
71.07 4.39206
71.17 4.76213
71.27 5.32067
71.37 6.09433
71.47 6.7589
71.57 6.92329
71.67 6.76418
71.77 6.60495
71.87 6.62642
71.97 6.88274
72.07 7.31989
72.17 7.20051
72.27 6.81027
72.37 6.49558
72.47 6.61647
72.57 6.48628
72.67 6.05834
72.77 5.66547
72.87 5.28855
72.97 4.82331
73.07 3.9459
73.17 2.68957
73.27 1.2763
73.37 -0.25543
73.47 -1.32346
73.57 -1.60762
73.67 -1.72637
73.77 -1.85685
73.87 -1.83018
73.97 -1.66336
74.07 -1.45594
74.17 -1.57411
74.27 -1.76881
74.37 -2.18394
74.47 -2.49291
74.57 -2.5616
74.67 -2.7642
74.77 -2.90247
74.87 -2.91126
74.97 -2.61664
75.07 -1.8153
75.17 -1.12216
75.27 -0.472762
75.37 0.318228
75.47 0.968014
75.57 1.75318
75.67 2.63322
75.77 3.02115
75.87 3.24142
75.97 3.21758
76.07 2.75903
76.17 1.82307
76.27 1.02189
76.37 0.593782
76.47 0.642828
76.57 0.925559
76.67 1.0315
76.77 1.04594
76.87 0.951667
76.97 0.857394
77.07 0.669895
77.17 0.401719
77.27 0.120065
77.37 0.210941
77.47 0.616304
77.57 1.05353
77.67 1.54793
77.77 1.51721
77.87 0.758629
77.97 -0.160336
78.07 -0.805815
78.17 -1.0351
78.27 -1.08764
78.37 -0.998564
78.47 -0.56514
78.57 0.139259
78.67 1.09129
78.77 1.78329
78.87 2.15003
78.97 2.57684
79.07 2.82673
79.17 2.78532
79.27 2.99851
79.37 3.00371
79.47 2.75925
79.57 2.34646
79.67 2.07552
79.77 1.95798
79.87 2.06804
79.97 2.00068
80.07 1.70161
80.17 1.62018
80.27 1.352
80.37 1.11098
80.47 1.10496
80.57 1.34703
80.67 1.61093
80.77 1.77935
80.87 1.66836
80.97 1.39879
81.07 0.956553
81.17 0.727046
81.27 0.65803
81.37 0.733305
81.47 0.847829
81.57 0.716229
81.67 0.343806
81.77 -0.0991449
81.87 -0.234814
81.97 0.0271977
82.07 0.25936
82.17 0.0481374
82.27 -0.857391
82.37 -1.9942
82.47 -2.65592
82.57 -2.48617
82.67 -1.42997
82.77 -0.721317
82.87 -0.284153
82.97 -0.106648
83.07 0.162355
83.17 0.71919
83.27 1.05571
83.37 0.613106
83.47 -0.329121
83.57 -1.0239
83.67 -1.51506
83.77 -1.57588
83.87 -1.55755
83.97 -1.289
84.07 -0.583389
84.17 0.189977
84.27 0.838656
84.37 0.990584
84.47 0.78996
84.57 0.228858
84.67 -0.321255
84.77 -0.658882
84.87 -0.0914655
84.97 0.950301
85.07 2.29999
85.17 3.84277
85.27 5.35426
85.37 6.2403
85.47 6.62895
85.57 6.37207
85.67 5.80676
85.77 4.95154
85.87 3.84907
85.97 2.46203
86.07 1.31057
86.17 0.602264
86.27 0.122979
86.37 -0.0754386
86.47 0.129797
86.57 0.365425
86.67 0.319797
86.77 -0.0732111
86.87 -0.540126
86.97 -0.57807
87.07 -0.729673
87.17 -1.03947
87.27 -1.43141
87.37 -1.65967
87.47 -1.84909
87.57 -2.05868
87.67 -2.33979
87.77 -2.27049
87.87 -1.6839
87.97 -0.795193
88.07 0.324768
88.17 1.40745
88.27 2.33201
88.37 2.61861
88.47 2.26536
88.57 1.52029
88.67 0.676172
88.77 -0.176237
88.87 -1.12777
88.97 -1.74609
89.07 -2.05938
89.17 -1.96903
89.27 -1.54321
89.37 -1.65878
89.47 -1.71193
89.57 -1.45744
89.67 -1.08894
89.77 -0.564233
89.87 -0.489089
89.97 -0.376658
90.07 -0.321749
90.17 0.0433032
90.27 0.817802
90.37 1.59544
90.47 2.18078
90.57 2.95471
90.67 3.269
90.77 3.31559
90.87 3.16583
90.97 2.79812
91.07 2.23033
91.17 1.71878
91.27 1.25628
91.37 1.15539
91.47 1.35382
91.57 1.71172
91.67 2.15896
91.77 2.48026
91.87 2.48509
91.97 2.10397
92.07 1.22772
92.17 0.196819
92.27 -0.803079
92.37 -1.27564
92.47 -1.30078
92.57 -0.746976
92.67 -0.493619
92.77 -0.735473
92.87 -1.09686
92.97 -1.15794
93.07 -0.921523
93.17 -0.558362
93.27 -0.255565
93.37 -0.0845986
93.47 0.0349355
93.57 0.291628
93.67 0.422155
93.77 0.353134
93.87 0.0434302
93.97 -0.186786
94.07 -0.430478
94.17 -0.604302
94.27 -0.700121
94.37 -0.697163
94.47 -0.724676
94.57 -0.433498
94.67 -0.117782
94.77 0.304537
94.87 0.663885
94.97 1.06983
95.07 1.2287
95.17 1.2747
95.27 1.02734
95.37 0.527651
95.47 -0.0940453
95.57 -0.66313
95.67 -0.955375
95.77 -0.972692
95.87 -0.880197
95.97 -0.586269
96.07 -0.115263
96.17 0.414435
96.27 0.681182
96.37 0.836121
96.47 0.895547
96.57 0.790284
96.67 0.737674
96.77 0.862919
96.87 0.874288
96.97 0.923402
97.07 0.868932
97.17 1.32598
97.27 1.61094
97.37 1.79646
97.47 1.81414
97.57 1.6135
97.67 1.36144
97.77 1.35001
97.87 1.27989
97.97 1.02608
98.07 0.87206
98.17 0.273095
98.27 -0.370029
98.37 -0.804153
98.47 -1.06268
98.57 -1.04394
98.67 -0.755614
98.77 -0.303925
98.87 0.242905
98.97 0.673693
99.07 1.00858
99.17 0.912569
99.27 0.69833
99.37 0.742376
99.47 0.61212
99.57 0.42108
99.67 0.0752537
99.77 -0.321546
99.87 -0.463361
99.97 -0.62141
100.07 -0.890841
100.17 -0.901001
100.27 -0.772496
100.37 -0.591939
100.47 -0.332381
100.57 -0.104725
100.67 -0.0781522
100.77 -0.0964212
