-0.45 0.441147
-0.35 0.537177
-0.25 0.284338
-0.15 0.05601
-0.05 -0.147343
0.05 0.0656485
0.15 0.403716
0.25 0.683294
0.35 1.13005
0.45 1.49496
0.55 1.83154
0.65 1.81786
0.75 1.22072
0.85 0.770283
0.95 0.188652
1.05 -0.149617
1.15 -0.482322
1.25 -0.516064
1.35 -0.0102159
1.45 0.518727
1.55 0.885437
1.65 0.659865
1.75 0.680692
1.85 0.326848
1.95 -0.221862
2.05 -0.677356
2.15 -1.06446
2.25 -0.997345
2.35 -0.804391
2.45 -0.903687
2.55 -0.787718
2.65 -0.348136
2.75 0.755963
2.85 1.94582
2.95 2.77394
3.05 3.09946
3.15 2.77202
3.25 2.41215
3.35 2.13575
3.45 1.72311
3.55 1.13678
3.65 0.393007
3.75 0.0182895
3.85 0.0411661
3.95 0.329342
4.05 0.335016
4.15 -0.105162
4.25 -0.978638
4.35 -1.30125
4.45 -0.890133
4.55 -0.328522
4.65 0.671989
4.75 1.01799
4.85 1.15689
4.95 1.38876
5.05 1.66044
5.15 1.49268
5.25 1.20154
5.35 0.488435
5.45 0.586314
5.55 0.946575
5.65 1.69335
5.75 2.19034
5.85 2.33165
5.95 2.17904
6.05 1.83157
6.15 1.48754
6.25 1.26469
6.35 1.02345
6.45 0.61978
6.55 0.0515374
6.65 -0.506935
6.75 -0.633036
6.85 -0.23238
6.95 0.264415
7.05 0.611203
7.15 0.559936
7.25 0.501744
7.35 0.329248
7.45 0.595788
7.55 0.473091
7.65 0.0879101
7.75 -0.433032
7.85 -0.523667
7.95 -0.155718
8.05 0.439333
8.15 1.13548
8.25 1.51118
8.35 1.60104
8.45 2.02838
8.55 2.8091
8.65 3.22188
8.75 2.73454
8.85 2.15814
8.95 1.64445
9.05 1.50597
9.15 1.31443
9.25 0.913559
9.35 0.608184
9.45 0.47819
9.55 1.11247
9.65 1.95884
9.75 1.89339
9.85 1.14415
9.95 0.244871
10.05 -0.423764
10.15 -0.428949
10.25 -0.579396
10.35 -0.873669
10.45 -1.18109
10.55 -1.16176
10.65 -0.650295
10.75 0.302593
10.85 1.52436
10.95 2.64879
11.05 3.41858
11.15 3.94704
11.25 4.14112
11.35 3.60843
11.45 2.65651
11.55 1.36021
11.65 0.22664
11.75 -0.545472
11.85 -1.29365
11.95 -2.29071
12.05 -3.1471
12.15 -3.4676
12.25 -3.10539
12.35 -2.38932
12.45 -1.56814
12.55 -0.794643
12.65 -0.296204
12.75 0.246558
12.85 0.982706
12.95 1.85119
13.05 2.55275
13.15 3.01381
13.25 3.46523
13.35 3.90946
13.45 4.10248
13.55 4.07414
13.65 3.86728
13.75 3.37555
13.85 2.80696
13.95 2.15365
14.05 1.33982
14.15 0.698393
14.25 0.351129
14.35 -0.0572716
14.45 -0.637402
14.55 -1.04487
14.65 -0.941978
14.75 -0.491776
14.85 -0.141701
14.95 -0.132993
15.05 -0.307386
15.15 -0.0994204
15.25 0.65122
15.35 1.45927
15.45 2.0251
15.55 2.22015
15.65 2.07764
15.75 1.77845
15.85 1.44557
15.95 1.20889
16.05 0.899502
16.15 0.306169
16.25 -0.0358203
16.35 0.0952408
16.45 0.360287
16.55 0.531003
16.65 0.785537
16.75 1.14881
16.85 1.48064
16.95 1.88596
17.05 2.02956
17.15 1.75368
17.25 1.47349
17.35 1.19528
17.45 0.782099
17.55 0.618942
17.65 0.70786
17.75 0.616019
17.85 0.5998
17.95 0.582054
18.05 0.467647
18.15 0.288352
18.25 0.262511
18.35 0.55749
18.45 1.01265
18.55 1.66268
18.65 2.4207
18.75 3.25167
18.85 3.82307
18.95 3.82135
19.05 2.93338
19.15 1.21753
19.25 -1.73838
19.35 -5.98339
19.45 -10.318
19.55 -13.0074
19.65 -13.0929
19.75 -10.4453
19.85 -5.18963
19.95 2.19911
20.05 10.4345
20.15 17.3538
20.25 21.5444
20.35 22.4415
20.45 19.546
20.55 12.9638
20.65 3.45201
20.75 -7.13049
20.85 -15.9602
20.95 -21.2125
21.05 -22.0098
21.15 -18.818
21.25 -12.9382
21.35 -5.71156
21.45 1.23437
21.55 7.04142
21.65 11.0698
21.75 12.6223
21.85 12.1911
21.95 10.5168
22.05 8.32203
22.15 5.90903
22.25 3.72459
22.35 1.99265
22.45 0.471106
22.55 -0.571619
22.65 -1.02969
22.75 -1.08405
22.85 -0.769529
22.95 -0.654952
23.05 -1.2655
23.15 -2.59486
23.25 -4.37911
23.35 -5.87937
23.45 -6.17965
23.55 -4.92452
23.65 -2.63843
23.75 -0.320461
23.85 1.16795
23.95 1.53444
24.05 1.41062
24.15 1.14325
24.25 1.14973
24.35 1.49377
24.45 2.14679
24.55 3.61728
24.65 6.19432
24.75 9.27832
24.85 11.417
24.95 11.4981
25.05 9.02236
25.15 5.08054
25.25 0.837235
25.35 -3.30552
25.45 -7.27876
25.55 -10.978
25.65 -13.7182
25.75 -14.7835
25.85 -13.9475
25.95 -11.2911
26.05 -7.06828
26.15 -1.79633
26.25 4.17216
26.35 10.265
26.45 15.1618
26.55 17.8737
26.65 18.2785
26.75 16.8562
26.85 14.0765
26.95 10.1312
27.05 5.22805
27.15 -0.2431
27.25 -5.6841
27.35 -10.297
27.45 -14.027
27.55 -16.5029
27.65 -17.1431
27.75 -16.146
27.85 -13.5723
27.95 -9.48016
28.05 -3.55826
28.15 4.52161
28.25 14.4488
28.35 24.6165
28.45 32.7055
28.55 35.865
28.65 32.1312
28.75 20.9533
28.85 0.493487
28.95 -30.3973
29.05 -67.1824
29.15 -99.2493
29.25 -115.653
29.35 -111.126
29.45 -85.9908
29.55 -41.8788
29.65 19.1869
29.75 91.1488
29.85 160.088
29.95 208.424
30.05 226.123
30.15 207.107
30.25 138.236
30.35 19.026
30.45 -116.084
30.55 -220.63
30.65 -271.213
30.75 -275.137
30.85 -242.54
30.95 -179.518
31.05 -108.296
31.15 -49.5195
31.25 -7.42281
31.35 21.4923
31.45 43.3979
31.55 61.6887
31.65 79.5616
31.75 99.3435
31.85 119.974
31.95 136.76
32.05 143.566
32.15 136.971
32.25 117.268
32.35 86.7106
32.45 50.4845
32.55 15.5809
32.65 -15.5863
32.75 -43.8851
32.85 -70.2439
32.95 -93.88
33.05 -112.627
33.15 -123.012
33.25 -122.8
33.35 -111.917
33.45 -91.6394
33.55 -66.961
33.65 -44.7964
33.75 -29.295
33.85 -20.9316
33.95 -18.0782
34.05 -16.5432
34.15 -11.2524
34.25 0.98531
34.35 20.3106
34.45 44.7837
34.55 69.3376
34.65 87.6592
34.75 97.8701
34.85 99.4199
34.95 92.3043
35.05 78.7103
35.15 62.893
35.25 47.7428
35.35 33.9532
35.45 20.4956
35.55 6.52322
35.65 -7.78936
35.75 -22.0663
35.85 -35.4748
35.95 -47.3333
36.05 -57.5016
36.15 -66.1455
36.25 -73.2654
36.35 -77.7553
36.45 -78.2631
36.55 -73.7364
36.65 -63.709
36.75 -48.5701
36.85 -30.8304
36.95 -14.0667
37.05 -1.09423
37.15 7.64328
37.25 12.1994
37.35 13.5109
37.45 13.1692
37.55 12.428
37.65 11.7374
37.75 11.5371
37.85 12.7066
37.95 15.7444
38.05 21.0403
38.15 28.9428
38.25 39.3609
38.35 51.0623
38.45 61.859
38.55 69.1386
38.65 71.092
38.75 66.5712
38.85 55.5996
38.95 40.2985
39.05 22.7058
39.15 4.52046
39.25 -12.7791
39.35 -28.125
39.45 -40.9114
39.55 -50.1833
39.65 -54.7592
39.75 -54.604
39.85 -50.7541
39.95 -44.8163
40.05 -38.95
40.15 -34.9347
40.25 -33.4893
40.35 -34.0873
40.45 -35.3275
40.55 -36.1076
40.65 -35.2828
40.75 -32.6271
40.85 -28.5418
40.95 -23.3738
41.05 -17.3037
41.15 -10.4197
41.25 -3.11421
41.35 4.01844
41.45 10.6444
41.55 16.8994
41.65 22.6145
41.75 27.4578
41.85 31.3
41.95 34.1562
42.05 36.3755
42.15 38.3081
42.25 40.1539
42.35 41.6817
42.45 42.3884
42.55 42.0454
42.65 40.0215
42.75 36.2727
42.85 31.7424
42.95 27.3174
43.05 23.0377
43.15 18.584
43.25 13.721
43.35 8.48533
43.45 2.82819
43.55 -2.98148
43.65 -9.15164
43.75 -15.8727
43.85 -22.5911
43.95 -28.4052
44.05 -33.2936
44.15 -37.6287
44.25 -41.6856
44.35 -44.9542
44.45 -46.4746
44.55 -46.2664
44.65 -44.3649
44.75 -41.5738
44.85 -38.4204
44.95 -35.0012
45.05 -31.6166
45.15 -28.3579
45.25 -24.8453
45.35 -20.8259
45.45 -16.2915
45.55 -11.1168
45.65 -5.44851
45.75 0.737011
45.85 7.19389
45.95 13.3657
46.05 19.0728
46.15 24.1046
46.25 28.5266
46.35 32.0382
46.45 34.5943
46.55 36.3172
46.65 36.9009
46.75 36.8583
46.85 36.4767
46.95 36.012
47.05 35.7739
47.15 35.374
47.25 34.4808
47.35 32.7704
47.45 30.1252
47.55 26.5722
47.65 22.3261
47.75 17.3419
47.85 12.0413
47.95 6.74863
48.05 1.52584
48.15 -3.68048
48.25 -8.46368
48.35 -12.9492
48.45 -17.1439
48.55 -20.8839
48.65 -24.4059
48.75 -27.8749
48.85 -31.3801
48.95 -34.8119
49.05 -37.2174
49.15 -38.4059
49.25 -38.6458
49.35 -37.7388
49.45 -36.0763
49.55 -34.004
49.65 -31.3067
49.75 -28.2373
49.85 -25.3586
49.95 -22.3468
50.05 -18.6957
50.15 -14.6461
50.25 -10.4667
50.35 -6.91495
50.45 -3.53152
50.55 -0.156787
50.65 3.11931
50.75 6.30309
50.85 9.55592
50.95 13.0962
51.05 16.8337
51.15 20.8257
51.25 24.8457
51.35 28.6198
51.45 31.7924
51.55 34.054
51.65 35.4484
51.75 36.0176
51.85 35.4631
51.95 34.0426
52.05 32.1378
52.15 30.0102
52.25 27.7888
52.35 25.4555
52.45 22.4991
52.55 18.776
52.65 14.3987
52.75 9.88518
52.85 5.50472
52.95 1.94567
53.05 -0.984217
53.15 -3.62892
53.25 -6.16642
53.35 -9.02728
53.45 -12.2898
53.55 -15.941
53.65 -19.6296
53.75 -23.3797
53.85 -27.0293
53.95 -30.0933
54.05 -32.0686
54.15 -32.4293
54.25 -31.704
54.35 -30.3428
54.45 -28.7586
54.55 -27.0742
54.65 -25.3234
54.75 -23.7094
54.85 -22.0647
54.95 -19.9156
55.05 -17.286
55.15 -14.4298
55.25 -11.593
55.35 -9.02553
55.45 -6.37897
55.55 -3.46478
55.65 -0.236096
55.75 3.28549
55.85 6.767
55.95 10.7423
56.05 15.0937
56.15 19.0561
56.25 22.1627
56.35 24.0791
56.45 24.9141
56.55 25.3691
56.65 25.9998
56.75 26.3814
56.85 26.0328
56.95 25.1875
57.05 24.0867
57.15 22.6524
57.25 20.8722
57.35 18.9333
57.45 16.9637
57.55 15.2455
57.65 14.0067
57.75 13.0494
57.85 11.9542
57.95 10.5564
58.05 8.99818
58.15 6.6341
58.25 3.34701
58.35 -0.47102
58.45 -4.03842
58.55 -7.0765
58.65 -9.71251
58.75 -11.8737
58.85 -13.7165
58.95 -15.2603
59.05 -16.8076
59.15 -18.1906
59.25 -19.4685
59.35 -20.9199
59.45 -22.3555
59.55 -23.4291
59.65 -24.0797
59.75 -23.9797
59.85 -23.311
59.95 -22.3796
60.05 -21.1094
60.15 -19.0751
60.25 -16.3848
60.35 -13.0722
60.45 -9.57895
60.55 -6.46754
60.65 -3.93858
60.75 -1.80806
60.85 0.299407
60.95 2.45694
61.05 4.70342
61.15 6.90984
61.25 8.84419
61.35 10.7634
61.45 12.6202
61.55 14.283
61.65 15.8589
61.75 17.1875
61.85 18.4242
61.95 19.6937
62.05 20.9088
62.15 21.8749
62.25 22.2105
62.35 21.8249
62.45 20.8745
62.55 19.2138
62.65 16.9751
62.75 14.3575
62.85 11.7905
62.95 9.51122
63.05 7.44087
63.15 5.4155
63.25 3.54681
63.35 2.29501
63.45 1.53601
63.55 0.856512
63.65 -0.281678
63.75 -1.69844
63.85 -2.91439
63.95 -3.85075
64.05 -5.15227
64.15 -6.68343
64.25 -8.28579
64.35 -9.89759
64.45 -11.5733
64.55 -13.5183
64.65 -15.2496
64.75 -16.3941
64.85 -16.9209
64.95 -16.8947
65.05 -16.2918
65.15 -15.4328
65.25 -14.5052
65.35 -12.6347
65.45 -10.0141
65.55 -7.70813
65.65 -5.81453
65.75 -4.26034
65.85 -3.0134
65.95 -2.01231
66.05 -1.42211
66.15 -1.35647
66.25 -1.52273
66.35 -1.40422
66.45 -0.635413
66.55 0.814178
66.65 2.77034
66.75 4.91098
66.85 7.33474
66.95 10.016
67.05 12.5423
67.15 14.4928
67.25 15.7687
67.35 15.9566
67.45 15.276
67.55 13.877
67.65 11.7725
67.75 9.53535
67.85 7.79518
67.95 6.67546
68.05 6.13403
68.15 6.23991
68.25 6.77094
68.35 7.39691
68.45 7.84663
68.55 8.18308
68.65 7.78612
68.75 6.54131
68.85 5.29658
68.95 4.18323
69.05 2.8778
69.15 1.29502
69.25 -0.577614
69.35 -2.7421
69.45 -4.70143
69.55 -6.01222
69.65 -6.36407
69.75 -6.03618
69.85 -5.38331
69.95 -4.3363
70.05 -3.36141
70.15 -2.82935
70.25 -2.50698
70.35 -2.74932
70.45 -3.75719
70.55 -5.22596
70.65 -6.64794
70.75 -7.91475
70.85 -9.15397
70.95 -10.4409
71.05 -11.9661
71.15 -13.247
71.25 -13.9847
71.35 -14.0051
71.45 -13.1886
71.55 -11.2164
71.65 -7.84738
71.75 -3.17165
71.85 1.85295
71.95 6.07355
72.05 9.03796
72.15 11.0411
72.25 12.4758
72.35 13.1632
72.45 13.2686
72.55 12.7882
72.65 11.4922
72.75 9.37531
72.85 6.986
72.95 4.56547
73.05 2.31639
73.15 0.588524
73.25 -0.593414
73.35 -1.2433
73.45 -0.956111
73.55 0.276826
73.65 1.79664
73.75 3.16573
73.85 4.25414
73.95 5.1011
74.05 5.85209
74.15 6.57343
74.25 7.14284
74.35 7.75489
74.45 8.28991
74.55 8.64196
74.65 8.44767
74.75 7.55107
74.85 6.34761
74.95 5.26303
75.05 4.28459
75.15 2.93657
75.25 1.54069
75.35 0.223131
75.45 -0.791345
75.55 -1.71567
75.65 -2.72042
75.75 -3.84266
75.85 -5.12198
75.95 -6.50996
76.05 -7.98217
76.15 -9.23164
76.25 -10.2745
76.35 -11.2376
76.45 -11.5925
76.55 -11.7499
76.65 -11.1161
76.75 -9.64977
76.85 -8.41393
76.95 -7.37546
77.05 -6.07896
77.15 -4.37715
77.25 -2.64379
77.35 -1.23489
77.45 0.0548567
77.55 1.32696
77.65 2.45666
77.75 3.50319
77.85 4.25772
77.95 4.32897
78.05 3.93664
78.15 3.16052
78.25 2.77343
78.35 3.2103
78.45 4.30342
78.55 5.45896
78.65 6.63036
78.75 7.47351
78.85 8.02206
78.95 8.2744
79.05 8.55143
79.15 8.66957
79.25 8.86969
79.35 8.7178
79.45 8.10987
79.55 7.10502
79.65 6.14089
79.75 4.99325
79.85 3.76946
79.95 2.71828
80.05 1.80022
80.15 0.960806
80.25 0.331655
80.35 -0.106201
80.45 -0.519642
80.55 -1.22314
80.65 -2.00492
80.75 -2.52428
80.85 -2.81769
80.95 -2.89843
81.05 -2.76478
81.15 -2.90284
81.25 -3.47558
81.35 -4.03769
81.45 -4.86356
81.55 -5.64869
81.65 -6.12111
81.75 -5.8779
81.85 -4.93618
81.95 -3.33804
82.05 -1.57333
82.15 -0.332146
82.25 -0.375259
82.35 -0.827184
82.45 -0.798077
82.55 -0.394315
82.65 -0.0971349
82.75 0.00595851
82.85 -0.00720526
82.95 0.186902
83.05 0.681447
83.15 1.47153
83.25 2.42859
83.35 3.24923
83.45 4.0552
83.55 4.70847
83.65 5.0554
83.75 5.3981
83.85 5.31897
83.95 4.97726
84.05 4.58009
84.15 4.00323
84.25 3.27287
84.35 2.38825
84.45 1.74415
84.55 1.4209
84.65 0.992602
84.75 0.548184
84.85 0.290536
84.95 0.493541
85.05 0.655599
85.15 0.526717
85.25 0.0709576
85.35 -0.299319
85.45 -0.340205
85.55 -0.00401094
85.65 0.387972
85.75 0.688477
85.85 0.705294
85.95 0.730434
86.05 0.643606
86.15 0.500549
86.25 0.279432
86.35 0.108316
86.45 0.103648
86.55 0.305785
86.65 0.787994
86.75 1.13141
86.85 1.37837
86.95 1.20709
87.05 1.13204
87.15 0.976806
87.25 0.85537
87.35 0.745993
87.45 0.408698
87.55 -0.0210329
87.65 -0.576554
87.75 -1.19439
87.85 -1.64467
87.95 -1.76138
88.05 -1.64415
88.15 -1.36591
88.25 -1.08946
88.35 -0.731523
88.45 -0.615499
88.55 -0.108678
88.65 0.616251
88.75 1.43173
88.85 2.09213
88.95 2.49312
89.05 2.55961
89.15 2.40648
89.25 1.89482
89.35 1.25806
89.45 0.970428
89.55 0.692796
89.65 0.697597
89.75 0.913661
89.85 1.40899
89.95 1.75823
90.05 1.83812
90.15 1.45835
90.25 0.803817
90.35 0.00738559
90.45 -0.741935
90.55 -1.49845
90.65 -1.8839
90.75 -2.02493
90.85 -2.242
90.95 -2.10087
91.05 -1.45843
91.15 -0.646703
91.25 0.362513
91.35 1.33811
91.45 1.79991
91.55 1.68986
91.65 1.4294
91.75 0.670791
91.85 -0.0297879
91.95 -0.561695
92.05 -0.773543
92.15 -0.600072
92.25 -0.200654
92.35 0.556783
92.45 1.32657
92.55 1.94625
92.65 2.46494
92.75 2.76796
92.85 2.7056
92.95 2.31799
93.05 1.71958
93.15 1.19845
93.25 0.733943
93.35 0.811515
93.45 1.1877
93.55 1.40076
93.65 1.22941
93.75 0.6937
93.85 0.243727
93.95 -0.00368327
94.05 -0.571802
94.15 -1.49655
94.25 -2.31626
94.35 -2.81844
94.45 -2.73669
94.55 -2.4125
94.65 -1.87517
94.75 -1.17165
94.85 -0.691119
94.95 -0.0583141
95.05 0.343557
95.15 0.693442
95.25 0.973259
95.35 0.966927
95.45 0.871474
95.55 0.833594
95.65 0.687423
95.75 0.629296
95.85 0.416793
95.95 0.159428
96.05 -0.180976
96.15 -0.606389
96.25 -1.04543
96.35 -1.08347
96.45 -0.714514
96.55 -0.124853
96.65 0.382563
96.75 0.742135
96.85 1.07214
96.95 1.0827
97.05 0.975188
97.15 1.00062
97.25 1.03422
97.35 1.24548
97.45 1.41847
97.55 1.68866
97.65 2.11711
97.75 2.17741
97.85 2.05732
97.95 1.58155
98.05 1.08844
98.15 0.695777
98.25 0.57252
98.35 0.664486
98.45 0.833108
98.55 1.10743
98.65 1.35587
98.75 1.32809
98.85 0.824292
98.95 0.0343693
99.05 -0.647007
99.15 -1.08362
99.25 -1.43561
99.35 -1.61057
99.45 -1.45148
99.55 -1.32643
99.65 -1.28976
99.75 -1.19213
99.85 -0.939399
99.95 -0.641736
100.05 -0.324905
100.15 0.161952
100.25 0.538149
100.35 0.676478
100.45 0.694844
100.55 0.666001
100.65 0.687729
100.75 0.607554
100.85 0.706156
100.95 0.776924
101.05 0.983419
101.15 1.12922
101.25 1.01433
101.35 0.697788
101.45 0.448837
101.55 -0.0177117
101.65 0.0997433
101.75 -0.0970828
101.85 -0.125765
