-1.23 0.68996
-1.13 0.363506
-1.03 -0.0720666
-0.93 -0.389201
-0.83 -0.713415
-0.73 -0.34801
-0.63 0.058301
-0.53 -0.00524496
-0.43 -0.324826
-0.33 -0.838345
-0.23 -1.01975
-0.13 -0.539572
-0.03 0.511727
0.07 1.6874
0.17 2.53658
0.27 3.05208
0.37 3.12087
0.47 3.09998
0.57 3.07403
0.67 2.80846
0.77 1.98024
0.87 0.888577
0.97 0.0430876
1.07 -0.589493
1.17 -1.03121
1.27 -1.46839
1.37 -1.65555
1.47 -1.44106
1.57 -1.07637
1.67 -0.826473
1.77 -0.47369
1.87 0.0548293
1.97 0.600098
2.07 0.531792
2.17 -0.00949481
2.27 -0.278362
2.37 -0.101404
2.47 0.339588
2.57 0.733416
2.67 0.762536
2.77 0.466254
2.87 0.361262
2.97 0.46393
3.07 0.928155
3.17 1.91449
3.27 2.7467
3.37 2.79216
3.47 2.29301
3.57 1.88247
3.67 1.72193
3.77 1.46936
3.87 0.985649
3.97 0.568034
4.07 0.276705
4.17 0.209673
4.27 0.13783
4.37 -0.00436924
4.47 -0.463353
4.57 -1.19018
4.67 -1.66023
4.77 -1.54906
4.87 -0.964012
4.97 -0.687751
5.07 -0.527995
5.17 -0.342723
5.27 -0.142776
5.37 0.0766633
5.47 0.34359
5.57 0.758443
5.67 1.14116
5.77 1.55235
5.87 1.88311
5.97 2.04679
6.07 1.82599
6.17 0.884749
6.27 -0.320144
6.37 -1.27386
6.47 -1.71878
6.57 -2.09508
6.67 -2.34995
6.77 -2.02966
6.87 -1.2683
6.97 -0.197451
7.07 1.15686
7.17 2.24027
7.27 2.91077
7.37 3.27094
7.47 3.35815
7.57 3.31809
7.67 3.44286
7.77 3.94848
7.87 4.35255
7.97 4.75967
8.07 5.26161
8.17 5.24654
8.27 4.31539
8.37 2.2677
8.47 -0.877869
8.57 -4.5409
8.67 -7.82886
8.77 -10.2488
8.87 -11.7372
8.97 -12.3716
9.07 -11.9318
9.17 -10.0614
9.27 -6.36266
9.37 -1.59412
9.47 3.39751
9.57 8.24438
9.67 12.6049
9.77 15.8608
9.87 17.6964
9.97 17.8748
10.07 16.093
10.17 12.5038
10.27 7.65372
10.37 2.28244
10.47 -3.13878
10.57 -8.19691
10.67 -12.6964
10.77 -16.4683
10.87 -18.769
10.97 -19.5672
11.07 -18.3653
11.17 -14.6493
11.27 -8.73402
11.37 -1.0367
11.47 8.29158
11.57 18.9234
11.67 29.2076
11.77 35.6694
11.87 35.2757
11.97 26.8877
12.07 9.75069
12.17 -17.3131
12.27 -52.4694
12.37 -87.2722
12.47 -109.4
12.57 -110.502
12.67 -89.5843
12.77 -47.389
12.87 13.4693
12.97 87.0702
13.07 157.493
13.17 207.364
13.27 226.968
13.37 208.321
13.47 133.346
13.57 8.65706
13.67 -122.118
13.77 -212.771
13.87 -246.717
13.97 -242.763
14.07 -209.103
14.17 -153.808
14.27 -92.904
14.37 -42.1623
14.47 -7.61666
14.57 15.0321
14.67 30.6531
14.77 43.5149
14.87 58.3074
14.97 77.942
15.07 101.865
15.17 124.432
15.27 137.802
15.37 137.574
15.47 123.858
15.57 98.8154
15.67 68.8586
15.77 39.3234
15.87 11.9983
15.97 -13.5287
16.07 -39.3166
16.17 -67.0895
16.27 -95.3609
16.37 -118.152
16.47 -130.151
16.57 -129.919
16.67 -118.58
16.77 -100.275
16.87 -80.7274
16.97 -64.4751
17.07 -52.0225
17.17 -41.401
17.27 -29.5026
17.37 -13.3784
17.47 9.12589
17.57 38.3837
17.67 73.3506
17.77 107.598
17.87 132.224
17.97 142.954
18.07 139.204
18.17 122.13
18.27 97.3142
18.37 70.8565
18.47 45.7397
18.57 22.4273
18.67 1.36914
18.77 -16.9705
18.87 -32.6648
18.97 -45.2336
19.07 -54.5339
19.17 -60.4473
19.27 -64.0179
19.37 -66.5253
19.47 -69.0079
19.57 -71.4333
19.67 -71.8548
19.77 -68.4731
19.87 -60.684
19.97 -49.7067
20.07 -37.1301
20.17 -25.1448
20.27 -15.0436
20.37 -7.04926
20.47 -0.218542
20.57 6.34493
20.67 13.4251
20.77 21.4405
20.87 30.0381
20.97 37.7763
21.07 43.4696
21.17 46.8787
21.27 48.1636
21.37 48.6704
21.47 49.0259
21.57 49.1057
21.67 48.4254
21.77 46.0745
21.87 41.9665
21.97 36.4529
22.07 30.2507
22.17 24.4507
22.27 19.3771
22.37 14.5382
22.47 8.47576
22.57 0.136363
22.67 -10.3465
22.77 -21.9123
22.87 -33.0315
22.97 -41.7614
23.07 -47.517
23.17 -50.8838
23.27 -52.8451
23.37 -54.1779
23.47 -54.6175
23.57 -54.4705
23.67 -53.3898
23.77 -50.8079
23.87 -45.987
23.97 -39.1135
24.07 -31.1463
24.17 -23.2269
24.27 -15.89
24.37 -8.95964
24.47 -2.14722
24.57 4.771
24.67 12.0025
24.77 19.7155
24.87 27.4331
24.97 34.2356
25.07 39.5244
25.17 43.5342
25.27 46.4435
25.37 48.4465
25.47 50.1696
25.57 51.1155
25.67 50.849
25.77 48.8173
25.87 44.9563
25.97 40.0095
26.07 34.696
26.17 29.4237
26.27 24.0351
26.37 18.6019
26.47 12.9215
26.57 6.71821
26.67 -0.38512
26.77 -8.08396
26.87 -15.5855
26.97 -22.1288
27.07 -27.8166
27.17 -32.6556
27.27 -37.0479
27.37 -40.7753
27.47 -43.2817
27.57 -44.8843
27.67 -45.9769
27.77 -46.1899
27.87 -45.2463
27.97 -43.3212
28.07 -41.0344
28.17 -38.3045
28.27 -35.2717
28.37 -31.9516
28.47 -28.3233
28.57 -23.9109
28.67 -18.6179
28.77 -12.4743
28.87 -5.6045
28.97 1.35673
29.07 8.12835
29.17 14.508
29.27 20.2413
29.37 25.753
29.47 30.9128
29.57 35.2718
29.67 39.0241
29.77 41.9927
29.87 43.9204
29.97 44.7002
30.07 44.6433
30.17 43.9973
30.27 42.8467
30.37 41.3334
30.47 38.8432
30.57 35.4257
30.67 31.3149
30.77 26.82
30.87 22.1728
30.97 17.6702
31.07 13.2586
31.17 8.40772
31.27 3.32683
31.37 -1.96483
31.47 -7.47378
31.57 -13.1178
31.67 -18.7179
31.77 -24.0251
31.87 -29.1309
31.97 -33.5897
32.07 -36.9094
32.17 -39.1326
32.27 -40.8967
32.37 -42.2955
32.47 -42.644
32.57 -42.0391
32.67 -40.5517
32.77 -38.26
32.87 -35.0912
32.97 -31.4938
33.07 -27.5203
33.17 -23.0384
33.27 -18.5686
33.37 -14.3798
33.47 -10.3393
33.57 -6.54444
33.67 -3.02539
33.77 0.158232
33.87 3.22715
33.97 6.33191
34.07 9.69141
34.17 13.6077
34.27 18.0444
34.37 22.4378
34.47 26.3379
34.57 29.8369
34.67 33.1296
34.77 35.8539
34.87 37.5551
34.97 38.3716
35.07 38.2029
35.17 37.0183
35.27 35.2127
35.37 33.0694
35.47 30.5309
35.57 27.744
35.67 25.0533
35.77 22.1212
35.87 18.559
35.97 14.4635
36.07 10.0001
36.17 5.02938
36.27 0.0107194
36.37 -4.49028
36.47 -8.39813
36.57 -11.5288
36.67 -13.8245
36.77 -15.5399
36.87 -17.2281
36.97 -19.0641
37.07 -21.176
37.17 -23.7098
37.27 -26.1186
37.37 -28.0342
37.47 -29.4561
37.57 -30.5496
37.67 -31.2268
37.77 -31.5104
37.87 -31.21
37.97 -30.4683
38.07 -29.0662
38.17 -26.8292
38.27 -24.0048
38.37 -20.8553
38.47 -17.655
38.57 -14.4195
38.67 -11.059
38.77 -7.5915
38.87 -4.27032
38.97 -1.04462
39.07 2.05071
39.17 5.23896
39.27 8.86695
39.37 12.7504
39.47 16.7531
39.57 20.9551
39.67 25
39.77 28.2209
39.87 30.4448
39.97 31.7215
40.07 32.0464
40.17 31.6001
40.27 30.6903
40.37 29.168
40.47 27.5351
40.57 25.8304
40.67 24.081
40.77 22.4375
40.87 20.5537
40.97 18.1056
41.07 15.1508
41.17 12.0686
41.27 9.42525
41.37 6.86362
41.47 4.30736
41.57 1.55016
41.67 -1.44538
41.77 -4.92594
41.87 -8.68323
41.97 -12.3954
42.07 -15.8141
42.17 -18.3931
42.27 -19.991
42.37 -21.144
42.47 -22.1799
42.57 -23.0687
42.67 -23.6545
42.77 -24.2577
42.87 -24.6765
42.97 -24.5202
43.07 -23.7805
43.17 -22.8196
43.27 -21.4684
43.37 -19.9059
43.47 -18.5179
43.57 -17.2027
43.67 -15.9239
43.77 -14.2426
43.87 -12.277
43.97 -10.1355
44.07 -7.86526
44.17 -5.18562
44.27 -1.7805
44.37 2.06667
44.47 5.9393
44.57 9.57982
44.67 12.769
44.77 15.233
44.87 17.2041
44.97 18.619
45.07 19.3541
45.17 19.5864
45.27 19.6008
45.37 19.6126
45.47 19.7009
45.57 19.7269
45.67 19.6644
45.77 19.8086
45.87 20.0367
45.97 19.9222
46.07 19.3188
46.17 18.2068
46.27 16.561
46.37 14.6026
46.47 12.7724
46.57 10.8321
46.67 8.78246
46.77 6.77297
46.87 4.49247
46.97 2.21465
47.07 -0.265514
47.17 -2.93658
47.27 -5.52204
47.37 -8.0854
47.47 -10.6126
47.57 -12.7387
47.67 -14.3022
47.77 -15.6556
47.87 -17.2819
47.97 -19.005
48.07 -20.3603
48.17 -20.8284
48.27 -20.6839
48.37 -20.155
48.47 -19.4511
48.57 -18.4723
48.67 -16.8287
48.77 -14.7191
48.87 -12.5243
48.97 -10.0567
49.07 -7.53055
49.17 -5.26778
49.27 -3.11141
49.37 -0.966711
49.47 0.821634
49.57 1.75277
49.67 2.0412
49.77 1.82776
49.87 1.28936
49.97 0.826226
50.07 1.236
50.17 2.50723
50.27 4.54516
50.37 7.18984
50.47 10.0108
50.57 12.0421
50.67 13.0937
50.77 13.9079
50.87 14.3989
50.97 14.1228
51.07 13.37
51.17 12.3854
51.27 11.737
51.37 12.0251
51.47 13.0103
51.57 13.9538
51.67 14.52
51.77 14.286
51.87 13.594
51.97 12.6819
52.07 11.4553
52.17 9.5523
52.27 7.01446
52.37 4.29848
52.47 1.4028
52.57 -1.28714
52.67 -3.36705
52.77 -4.94414
52.87 -5.93048
52.97 -6.60795
53.07 -6.86065
53.17 -6.70077
53.27 -6.28161
53.37 -5.72813
53.47 -5.261
53.57 -4.99069
53.67 -5.18739
53.77 -6.14718
53.87 -7.91629
53.97 -10.4697
54.07 -13.3782
54.17 -15.8723
54.27 -17.4489
54.37 -18.0686
54.47 -18.3592
54.57 -18.177
54.67 -17.1342
54.77 -14.8036
54.87 -10.9741
54.97 -6.18024
55.07 -0.771844
55.17 4.7243
55.27 9.50864
55.37 13.1084
55.47 15.5848
55.57 16.6416
55.67 15.9285
55.77 13.6685
55.87 10.5666
55.97 7.65597
56.07 5.40496
56.17 3.9264
56.27 2.65261
56.37 1.4102
56.47 -0.0841769
56.57 -1.41795
56.67 -2.18336
56.77 -2.00191
56.87 -0.96224
56.97 1.13565
57.07 3.59845
57.17 5.16172
57.27 5.88235
57.37 6.14689
57.47 6.31681
57.57 6.91644
57.67 8.05836
57.77 9.6837
57.87 11.5758
57.97 13.3749
58.07 14.8747
58.17 15.4479
58.27 14.7419
58.37 12.8631
58.47 10.1909
58.57 7.62914
58.67 5.39861
58.77 3.41703
58.87 1.22885
58.97 -1.5048
59.07 -4.59052
59.17 -7.7115
59.27 -10.6403
59.37 -13.55
59.47 -16.5367
59.57 -18.9754
59.67 -20.7268
59.77 -22.1146
59.87 -23.1227
59.97 -23.2884
60.07 -22.681
60.17 -21.1771
60.27 -18.9693
60.37 -16.2085
60.47 -12.9794
60.57 -9.23116
60.67 -5.16056
60.77 -1.13577
60.87 2.18886
60.97 5.16239
61.07 7.91379
61.17 10.3021
61.27 12.1766
61.37 13.5848
61.47 14.6684
61.57 15.4354
61.67 15.7608
61.77 15.9699
61.87 15.964
61.97 15.3924
62.07 14.3727
62.17 13.1696
62.27 12.04
62.37 11.0151
62.47 9.71205
62.57 8.265
62.67 7.06005
62.77 6.27402
62.87 5.26677
62.97 3.49461
63.07 1.01002
63.17 -1.38801
63.27 -3.2791
63.37 -4.76193
63.47 -5.78447
63.57 -6.499
63.67 -6.906
63.77 -6.82545
63.87 -6.38986
63.97 -5.71236
64.07 -5.1707
64.17 -5.06579
64.27 -5.00388
64.37 -5.23741
64.47 -5.46264
64.57 -5.29297
64.67 -5.05508
64.77 -5.01208
64.87 -5.12474
64.97 -4.9505
65.07 -4.17903
65.17 -3.1096
65.27 -1.71962
65.37 0.188007
65.47 2.13381
65.57 3.74324
65.67 5.29615
65.77 6.2948
65.87 6.93234
65.97 6.77669
66.07 5.4466
66.17 3.54916
66.27 1.17296
66.37 -0.80476
66.47 -2.02033
66.57 -2.33879
66.67 -2.20961
66.77 -1.68628
66.87 -0.650271
66.97 0.052322
67.07 0.529153
67.17 0.849759
67.27 1.74824
67.37 2.63288
67.47 2.80469
67.57 2.67607
67.67 2.64449
67.77 2.86318
67.87 3.08123
67.97 3.05201
68.07 2.29444
68.17 1.21613
68.27 0.401366
68.37 -0.471328
68.47 -1.49125
68.57 -2.36344
68.67 -3.17106
68.77 -3.58932
68.87 -3.51027
68.97 -3.01271
69.07 -1.99948
69.17 -0.393697
69.27 1.27503
69.37 2.40935
69.47 2.98002
69.57 3.32491
69.67 3.43683
69.77 3.1771
69.87 2.70436
69.97 2.14051
70.07 1.81685
70.17 1.72122
70.27 1.871
70.37 2.07596
70.47 2.12769
70.57 2.01855
70.67 2.10606
70.77 2.44104
70.87 2.42438
70.97 1.86349
71.07 1.13344
71.17 0.00268446
71.27 -0.885099
71.37 -1.41995
71.47 -1.512
71.57 -1.36787
71.67 -1.33217
71.77 -1.76013
71.87 -2.29907
71.97 -2.40429
72.07 -2.42063
72.17 -2.70303
72.27 -2.74745
72.37 -2.46697
72.47 -2.28308
72.57 -1.96197
72.67 -1.31905
72.77 -0.34344
72.87 0.392746
72.97 0.502613
73.07 -0.171475
73.17 -0.65722
73.27 -0.66099
73.37 -0.579601
73.47 -0.738148
73.57 -0.848849
73.67 -0.807264
73.77 -0.500314
73.87 -0.165177
73.97 0.272508
74.07 0.568268
74.17 0.303467
74.27 0.485897
74.37 0.854839
74.47 1.68983
74.57 2.68591
74.67 3.11183
74.77 2.79225
74.87 2.20281
74.97 1.77209
75.07 1.43854
75.17 1.08709
75.27 1.04562
75.37 1.29446
75.47 1.74822
75.57 2.10056
75.67 2.64019
75.77 2.95786
75.87 2.74766
75.97 2.06407
76.07 1.24486
76.17 0.892244
76.27 0.683673
76.37 0.682443
76.47 0.929796
76.57 1.06013
76.67 1.38651
76.77 1.54836
76.87 1.23995
76.97 0.605049
77.07 -0.446214
77.17 -1.28563
77.27 -1.69685
77.37 -2.21536
77.47 -2.46009
77.57 -2.47333
77.67 -2.14107
77.77 -1.63859
77.87 -1.43917
77.97 -1.90125
78.07 -1.86096
78.17 -1.44196
78.27 -0.733733
78.37 -0.226324
78.47 -0.0582989
78.57 -0.176478
78.67 -0.827348
78.77 -1.2573
78.87 -1.49423
78.97 -1.57679
79.07 -1.48365
79.17 -1.32963
79.27 -0.694586
79.37 -0.214629
79.47 0.250127
79.57 0.717453
79.67 1.37708
79.77 2.03665
79.87 2.69709
79.97 3.14207
80.07 3.18387
80.17 2.90374
80.27 2.00773
80.37 0.737198
80.47 -0.221879
80.57 -1.14639
80.67 -1.87484
80.77 -2.23511
80.87 -2.07428
80.97 -1.43708
81.07 -0.512292
81.17 0.458566
81.27 1.47997
81.37 2.45406
81.47 3.2652
81.57 4.12727
81.67 4.76259
81.77 4.91208
81.87 4.60647
81.97 4.12524
82.07 3.10222
82.17 1.86059
82.27 0.865733
82.37 -0.0969268
82.47 -0.819886
82.57 -1.20381
82.67 -1.55896
82.77 -1.90356
82.87 -1.9141
82.97 -2.19561
83.07 -2.29588
83.17 -2.66169
83.27 -3.07328
83.37 -3.43483
83.47 -3.50325
83.57 -3.4222
83.67 -3.24207
83.77 -2.57517
83.87 -1.51511
83.97 -1.22665
84.07 -0.24717
84.17 0.552911
84.27 1.31282
84.37 1.55007
84.47 1.98146
84.57 2.1811
84.67 2.05666
84.77 1.83854
84.87 1.31482
84.97 0.66782
85.07 -0.0971368
85.17 -0.87986
85.27 -1.33744
85.37 -1.54808
85.47 -1.57069
85.57 -1.62392
85.67 -0.930057
85.77 -0.720222
85.87 -0.608384
85.97 -0.352939
86.07 0.0677595
86.17 0.555091
86.27 1.0338
86.37 1.61083
86.47 1.94304
86.57 2.56485
86.67 2.9428
86.77 2.87631
86.87 2.97483
86.97 3.17312
87.07 2.91291
87.17 2.12268
87.27 1.15458
87.37 0.1659
87.47 -0.534568
87.57 -0.995358
87.67 -1.26291
87.77 -1.51378
87.87 -1.67275
87.97 -1.57312
88.07 -1.55338
88.17 -1.5798
88.27 -1.61181
88.37 -1.71521
88.47 -1.66488
88.57 -1.35005
88.67 -0.841607
88.77 -0.562619
88.87 -0.303685
88.97 0.0616463
89.07 0.456564
89.17 0.786148
89.27 1.10395
89.37 1.21139
89.47 0.983173
89.57 0.899977
89.67 0.899316
89.77 0.846079
89.87 0.526138
89.97 0.234886
90.07 -0.160928
90.17 -0.542905
90.27 -0.689055
90.37 -0.711949
90.47 -0.61704
90.57 -0.470194
90.67 -0.373266
90.77 -0.224982
90.87 0.0706727
90.97 0.295723
91.07 0.416342
91.17 0.307699
91.27 0.08554
91.37 0.319896
91.47 0.443885
91.57 0.327478
91.67 0.296878
91.77 0.416097
91.87 0.585075
91.97 0.612487
92.07 0.462383
92.17 0.281384
92.27 0.113531
92.37 0.147678
92.47 0.000677783
92.57 -0.195186
92.67 -0.42062
92.77 -0.390839
92.87 -0.364238
92.97 -0.238461
93.07 -0.213396
93.17 -0.116886
93.27 -0.0375961
93.37 -0.0265937
93.47 0.112733
93.57 0.265087
93.67 0.367035
93.77 0.391003
93.87 0.386401
93.97 0.375218
94.07 0.352989
94.17 0.258455
94.27 0.257485
94.37 0.13249
94.47 0.111507
94.57 0.139686
94.67 0.19859
94.77 0.245191
94.87 0.252098
94.97 0.205761
95.07 0.11354
95.17 0.138493
95.27 0.100645
95.37 0.0601937
95.47 0.0177397
95.57 0.0889349
95.67 0.0817366
95.77 0.0931524
95.87 0.0931524
95.97 0.0931524
96.07 0.0931524
96.17 0.0931524
96.27 0.0931524
96.37 0.0931524
96.47 0.0931524
96.57 0.0931524
96.67 0.0931524
96.77 0.0931524
96.87 0.0931524
96.97 0.0931524
97.07 0.0931524
97.17 0.0931524
97.27 0.0931524
97.37 0.0931524
97.47 0.0931524
97.57 0.0931524
97.67 0.0931524
97.77 0.0931524
97.87 0.0931524
97.97 0.0931524
98.07 0.0931524
98.17 0.0931524
98.27 0.0931524
98.37 0.0931524
98.47 0.0931524
98.57 0.0931524
98.67 0.0931524
98.77 0.0931524
98.87 0.0931524
98.97 0.0931524
99.07 0.0931524
99.17 0.0931524
99.27 0.0931524
99.37 0.0931524
99.47 0.0931524
99.57 0.0931524
99.67 0.0931524
99.77 0.0931524
99.87 0.0931524
99.97 0.0931524
100.07 0.0931524
100.17 0.0931524
100.27 0.0931524
100.37 0.0931524
100.47 0.0931524
100.57 0.0931524
100.67 0.0931524
100.77 0.0931524
100.87 0.0931524
100.97 0.0931524
101.07 0.0931524
