-4.61 1.67965
-4.51 2.58637
-4.41 3.08755
-4.31 3.28788
-4.21 2.54774
-4.11 1.91166
-4.01 1.30579
-3.91 0.779557
-3.81 0.696713
-3.71 1.08963
-3.61 1.70712
-3.51 2.68929
-3.41 3.44817
-3.31 3.74584
-3.21 3.36986
-3.11 2.39579
-3.01 1.02289
-2.91 -0.55688
-2.81 -2.28901
-2.71 -3.82081
-2.61 -5.04455
-2.51 -5.61715
-2.41 -5.09509
-2.31 -3.99954
-2.21 -2.47229
-2.11 -0.853999
-2.01 0.440744
-1.91 2.22708
-1.81 3.72445
-1.71 4.8834
-1.61 5.45941
-1.51 5.55068
-1.41 5.08511
-1.31 3.85111
-1.21 2.56074
-1.11 1.36746
-1.01 0.195224
-0.91 -0.384701
-0.81 -0.113811
-0.71 0.682187
-0.61 1.06497
-0.51 0.871798
-0.41 0.725761
-0.31 0.420099
-0.21 0.094263
-0.11 -0.0170629
-0.01 -0.147921
0.09 -0.627397
0.19 -1.15548
0.29 -1.5546
0.39 -1.80186
0.49 -1.64485
0.59 -0.883584
0.69 0.0884015
0.79 1.02261
0.89 1.98669
0.99 2.81052
1.09 3.16736
1.19 3.02578
1.29 2.28986
1.39 1.21416
1.49 0.301764
1.59 -0.140427
1.69 -0.108782
1.79 0.0848552
1.89 0.210395
1.99 0.553861
2.09 0.732973
2.19 0.593368
2.29 0.516447
2.39 0.483249
2.49 0.495688
2.59 0.651465
2.69 1.03755
2.79 1.6337
2.89 2.31099
2.99 2.57802
3.09 2.15986
3.19 1.22985
3.29 0.237474
3.39 -0.580431
3.49 -1.4418
3.59 -2.29218
3.69 -2.87853
3.79 -3.17856
3.89 -2.7519
3.99 -1.51205
4.09 0.148837
4.19 1.59677
4.29 2.44669
4.39 3.1764
4.49 3.50013
4.59 3.26034
4.69 2.50197
4.79 1.49096
4.89 0.346884
4.99 -0.720416
5.09 -1.39996
5.19 -1.49556
5.29 -1.13835
5.39 -0.593886
5.49 -0.0815152
5.59 0.40542
5.69 0.732631
5.79 1.22084
5.89 1.77463
5.99 2.38087
6.09 3.02918
6.19 3.38115
6.29 3.20126
6.39 2.29765
6.49 1.05875
6.59 0.0829882
6.69 -0.346317
6.79 -0.754049
6.89 -1.47256
6.99 -2.06054
7.09 -1.8939
7.19 -1.03396
7.29 -0.486993
7.39 -0.53631
7.49 -0.758308
7.59 -0.776373
7.69 -0.803634
7.79 -0.66882
7.89 0.0764033
7.99 1.12331
8.09 2.31097
8.19 3.70319
8.29 5.05287
8.39 5.8816
8.49 6.35911
8.59 6.12294
8.69 4.75068
8.79 2.26633
8.89 -1.16603
8.99 -4.77186
9.09 -8.12897
9.19 -10.7183
9.29 -11.7938
9.39 -11.059
9.49 -8.35877
9.59 -4.17968
9.69 0.723933
9.79 5.99466
9.89 11.3512
9.99 15.6976
10.09 18.2705
10.19 19.1415
10.29 18.0502
10.39 15.0232
10.49 10.3791
10.59 4.76004
10.69 -1.54005
10.79 -7.82649
10.89 -13.1572
10.99 -17.4072
11.09 -20.3499
11.19 -21.2671
11.29 -19.5996
11.39 -15.6571
11.49 -9.9247
11.59 -2.87359
11.69 5.17138
11.79 14.0583
11.89 23.1704
11.99 30.3951
12.09 33.1258
12.19 29.8672
12.29 19.576
12.39 0.783179
12.49 -28.15
12.59 -62.5118
12.69 -92.159
12.79 -106.372
12.89 -100.441
12.99 -74.6645
13.09 -29.2876
13.19 33.8578
13.29 106.105
13.39 170.676
13.49 210.448
13.59 219.508
13.69 189.551
13.79 105.137
13.89 -22.1715
13.99 -147.874
14.09 -229.943
14.19 -259.587
14.29 -252.674
14.39 -212.389
14.49 -146.158
14.59 -75.213
14.69 -20.3428
14.79 15.1918
14.89 37.0932
14.99 48.9233
15.09 55.4488
15.19 62.1664
15.29 73.1117
15.39 88.5516
15.49 104.167
15.59 113.825
15.69 113.641
15.79 104.054
15.89 86.8552
15.99 65.0922
16.09 42.5109
16.19 20.9049
16.29 -0.666536
16.39 -25.605
16.49 -55.8786
16.59 -90.2583
16.69 -122.44
16.79 -144.798
16.89 -152.503
16.99 -145.071
17.09 -122.64
17.19 -91.5271
17.29 -61.1739
17.39 -36.9527
17.49 -18.4831
17.59 -2.9886
17.69 12.7819
17.79 31.4951
17.89 55.1862
17.99 82.3594
18.09 106.966
18.19 122.381
18.29 125.278
18.39 115.478
18.49 96.2438
18.59 73.61
18.69 52.5637
18.79 35.1094
18.89 20.7951
18.99 7.00333
19.09 -8.26865
19.19 -25.2376
19.29 -42.1978
19.39 -56.0399
19.49 -64.2288
19.59 -66.761
19.69 -65.3629
19.79 -62.5569
19.89 -59.9329
19.99 -57.7167
20.09 -55.0221
20.19 -50.6974
20.29 -43.372
20.39 -33.4201
20.49 -22.7041
20.59 -13.4607
20.69 -6.82468
20.79 -2.2991
20.89 1.27062
20.99 4.70393
21.09 9.16719
21.19 15.2722
21.29 22.5434
21.39 29.631
21.49 35.2579
21.59 39.2003
21.69 42.322
21.79 45.3734
21.89 48.4892
21.99 51.7085
22.09 54.3127
22.19 55.0597
22.29 53.1984
22.39 48.5633
22.49 41.5863
22.59 32.6403
22.69 22.2885
22.79 11.1184
22.89 -0.87861
22.99 -13.7585
23.09 -26.8316
23.19 -39.0511
23.29 -49.2302
23.39 -55.7297
23.49 -57.8693
23.59 -57.1024
23.69 -55.3551
23.79 -54.1017
23.89 -53.551
23.99 -52.9076
24.09 -50.8094
24.19 -46.2457
24.29 -39.2981
24.39 -30.7652
24.49 -21.8438
24.59 -13.9091
24.69 -7.48158
24.79 -1.71368
24.89 4.15404
24.99 10.655
25.09 17.9692
25.19 25.5805
25.29 32.2222
25.39 37.0088
25.49 40.0238
25.59 41.5785
25.69 42.1541
25.79 42.1852
25.89 42.152
25.99 42.1762
26.09 42.1742
26.19 41.595
26.29 39.74
26.39 36.5597
26.49 32.6446
26.59 28.5728
26.69 24.3804
26.79 19.9196
26.89 14.7985
26.99 8.81798
27.09 1.83896
27.19 -5.78141
27.29 -13.0583
27.39 -19.5522
27.49 -24.696
27.59 -28.9005
27.69 -33.3564
27.79 -38.1156
27.89 -42.5766
27.99 -46.2606
28.09 -48.8072
28.19 -49.7401
28.29 -49.0408
28.39 -46.8287
28.49 -43.739
28.59 -40.1109
28.69 -35.7494
28.79 -30.969
28.89 -25.9202
28.99 -20.7121
29.09 -14.954
29.19 -8.59218
29.29 -2.44987
29.39 3.19822
29.49 8.5047
29.59 13.7375
29.69 18.9916
29.79 24.1916
29.89 28.8
29.99 32.2959
30.09 34.4372
30.19 35.8307
30.29 37.1306
30.39 38.4845
30.49 39.1972
30.59 39.4204
30.69 39.6324
30.79 39.8243
30.89 39.487
30.99 37.9356
31.09 35.0963
31.19 31.071
31.29 26.6
31.39 22.0898
31.49 17.1705
31.59 11.2949
31.69 4.48128
31.79 -2.5288
31.89 -8.8417
31.99 -14.0913
32.09 -18.8454
32.19 -23.1286
32.29 -26.9041
32.39 -30.1839
32.49 -33.0456
32.59 -35.5862
32.69 -37.9856
32.79 -40.03
32.89 -41.263
32.99 -41.3087
33.09 -40.3116
33.19 -38.6463
33.29 -36.7199
33.39 -34.5557
33.49 -31.4867
33.59 -27.3038
33.69 -22.1962
33.79 -17.0839
33.89 -12.3275
33.99 -7.7441
34.09 -3.13098
34.19 1.30325
34.29 5.25292
34.39 8.98586
34.49 12.7193
34.59 16.4178
34.69 19.8549
34.79 22.7663
34.89 24.4358
34.99 25.2605
35.09 25.9469
35.19 27.0418
35.29 28.2957
35.39 29.2772
35.49 30.1418
35.59 31.002
35.69 31.8893
35.79 32.3357
35.89 32.0029
35.99 31.1444
36.09 29.5697
36.19 27.0173
36.29 23.7131
36.39 19.6112
36.49 15.2012
36.59 10.8912
36.69 6.42349
36.79 1.97557
36.89 -2.05943
36.99 -6.00307
37.09 -9.67797
37.19 -12.957
37.29 -16.3535
37.39 -19.9034
37.49 -23.5423
37.59 -26.5324
37.69 -28.7238
37.79 -30.2827
37.89 -31.0181
37.99 -31.1245
38.09 -30.3565
38.19 -29.2328
38.29 -28.1852
38.39 -27.1048
38.49 -26.323
38.59 -25.7129
38.69 -24.5467
38.79 -22.7876
38.89 -20.5952
38.99 -17.9166
39.09 -14.5842
39.19 -10.5503
39.29 -5.95093
39.39 -1.28429
39.49 2.67736
39.59 5.80947
39.69 8.72989
39.79 11.6059
39.89 14.2577
39.99 16.9304
40.09 19.599
40.19 21.9817
40.29 24.1524
40.39 25.8164
40.49 27.0582
40.59 28.1898
40.69 28.9792
40.79 29.4503
40.89 29.3231
40.99 28.7454
41.09 27.8243
41.19 26.4823
41.29 24.5955
41.39 22.0689
41.49 19.1362
41.59 15.7621
41.69 12.2703
41.79 8.71472
41.89 5.49566
41.99 2.70484
42.09 -0.000594866
42.19 -3.0848
42.29 -6.23894
42.39 -9.00348
42.49 -11.2741
42.59 -13.2599
42.69 -15.5358
42.79 -18.0027
42.89 -19.6539
42.99 -20.6893
43.09 -22.2086
43.19 -23.9695
43.29 -25.277
43.39 -25.5643
43.49 -24.8983
43.59 -23.6967
43.69 -22.465
43.79 -21.3066
43.89 -20.2866
43.99 -19.2487
44.09 -17.9978
44.19 -16.607
44.29 -14.7303
44.39 -12.3356
44.49 -9.44498
44.59 -6.37907
44.69 -3.41424
44.79 -0.752117
44.89 1.52314
44.99 3.62202
45.09 6.14508
45.19 9.27708
45.29 12.5936
45.39 15.9705
45.49 19.132
45.59 21.818
45.69 23.9003
45.79 25.2724
45.89 25.8405
45.99 25.3763
46.09 23.9741
46.19 22.4705
46.29 21.2657
46.39 19.9005
46.49 18.2285
46.59 16.5298
46.69 14.9005
46.79 13.5788
46.89 12.4532
46.99 11.327
47.09 9.77398
47.19 7.82511
47.29 5.34571
47.39 2.7846
47.49 0.38016
47.59 -1.81797
47.69 -3.66776
47.79 -5.40996
47.89 -6.90859
47.99 -8.35066
48.09 -10.2463
48.19 -12.3864
48.29 -14.5749
48.39 -16.5728
48.49 -18.1029
48.59 -18.891
48.69 -19.3458
48.79 -19.465
48.89 -18.8883
48.99 -17.7056
49.09 -16.3384
49.19 -14.8427
49.29 -13.5011
49.39 -12.4777
49.49 -11.404
49.59 -10.3232
49.69 -9.20887
49.79 -7.98917
49.89 -6.33648
49.99 -4.34571
50.09 -2.07509
50.19 0.409659
50.29 3.08732
50.39 5.56125
50.49 7.78055
50.59 9.55575
50.69 10.8317
50.79 11.3095
50.89 11.0501
50.99 10.3457
51.09 9.57123
51.19 8.97517
51.29 9.04601
51.39 9.87637
51.49 11.1933
51.59 12.7969
51.69 14.4869
51.79 15.8413
51.89 16.5074
51.99 16.3364
52.09 15.445
52.19 14.3629
52.29 13.302
52.39 12.145
52.49 10.6912
52.59 8.94517
52.69 6.98988
52.79 4.81885
52.89 2.48746
52.99 -0.0421925
53.09 -2.66135
53.19 -4.88154
53.29 -6.28816
53.39 -7.00823
53.49 -6.70724
53.59 -5.54756
53.69 -4.62332
53.79 -4.38595
53.89 -4.86561
53.99 -5.81942
54.09 -6.9549
54.19 -8.55782
54.29 -10.8712
54.39 -13.2941
54.49 -15.2871
54.59 -16.6048
54.69 -16.9054
54.79 -16.0413
54.89 -14.7321
54.99 -13.506
55.09 -11.7155
55.19 -9.02629
55.29 -5.7352
55.39 -2.53644
55.49 0.595522
55.59 3.80627
55.69 6.73863
55.79 9.16749
55.89 10.7326
55.99 11.3838
56.09 10.979
56.19 9.96747
56.29 9.06426
56.39 8.15923
56.49 6.69603
56.59 4.46486
56.69 1.66424
56.79 -1.29984
56.89 -3.91877
56.99 -5.42029
57.09 -5.6799
57.19 -5.10445
57.29 -3.33624
57.39 -0.230859
57.49 3.49707
57.59 6.86338
57.69 9.09029
57.79 10.6017
57.89 11.8308
57.99 13.0556
58.09 14.1527
58.19 15.2151
58.29 16.1593
58.39 16.7509
58.49 16.7834
58.59 16.3092
58.69 15.0251
58.79 12.3717
58.89 8.73033
58.99 4.81482
59.09 1.23243
59.19 -2.16977
59.29 -5.23294
59.39 -7.91382
59.49 -10.334
59.59 -12.1479
59.69 -13.661
59.79 -14.9716
59.89 -15.7597
59.99 -15.9868
60.09 -15.7176
60.19 -15.0585
60.29 -14.4089
60.39 -14.2301
60.49 -14.4085
60.59 -14.4246
60.69 -13.9075
60.79 -12.484
60.89 -10.4597
60.99 -8.34838
61.09 -5.82944
61.19 -2.41205
61.29 1.44626
61.39 4.96416
61.49 7.55028
61.59 8.8179
61.69 9.15901
61.79 9.50834
61.89 10.2899
61.99 10.9567
62.09 11.1767
62.19 10.844
62.29 10.1246
62.39 9.76286
62.49 9.88662
62.59 9.57755
62.69 8.60468
62.79 7.37569
62.89 6.17614
62.99 5.25055
63.09 4.99951
63.19 5.12631
63.29 5.02306
63.39 4.64681
63.49 3.93458
63.59 3.27048
63.69 2.58399
63.79 1.66935
63.89 0.966155
63.99 0.0463928
64.09 -1.50697
64.19 -3.13565
64.29 -4.32637
64.39 -4.9763
64.49 -5.05987
64.59 -5.03193
64.69 -4.55039
64.79 -3.37277
64.89 -2.5383
64.99 -1.85942
65.09 -1.44407
65.19 -1.06188
65.29 -0.736611
65.39 -0.156277
65.49 0.0859029
65.59 -0.265697
65.69 -0.690206
65.79 -1.07196
65.89 -0.814023
65.99 -0.0984509
66.09 0.153242
66.19 0.262581
66.29 -0.196927
66.39 -0.888134
66.49 -1.35163
66.59 -1.32436
66.69 -0.901116
66.79 -0.882269
66.89 -0.689275
66.99 -0.630593
67.09 -0.371964
67.19 0.281942
67.29 1.03763
67.39 2.34449
67.49 3.04703
67.59 3.03317
67.69 2.69271
67.79 2.25705
67.89 1.99729
67.99 1.95586
68.09 2.07199
68.19 1.87738
68.29 1.62226
68.39 1.44243
68.49 1.26485
68.59 1.33437
68.69 1.48336
68.79 1.60882
68.89 1.74704
68.99 1.71773
69.09 1.33272
69.19 0.88775
69.29 0.503591
69.39 0.286466
69.49 0.126618
69.59 0.0240012
69.69 0.338457
69.79 0.905208
69.89 1.39764
69.99 2.05174
70.09 2.27199
70.19 1.95169
70.29 1.26734
70.39 0.563819
70.49 0.232751
70.59 0.159043
70.69 0.185518
70.79 0.269179
70.89 0.415166
70.99 0.623413
71.09 0.574827
71.19 0.350158
71.29 -0.173751
71.39 -0.834886
71.49 -1.11094
71.59 -1.34713
71.69 -1.47086
71.79 -1.51339
71.89 -1.392
71.99 -0.886603
72.09 -0.304355
72.19 0.0761104
72.29 0.380293
72.39 0.592681
72.49 0.516901
72.59 0.605799
72.69 1.39652
72.79 1.53409
72.89 1.5569
72.99 1.45757
73.09 1.21414
73.19 0.604429
73.29 -0.252236
73.39 -1.21982
73.49 -2.19283
73.59 -2.89401
73.69 -3.2633
73.79 -3.40722
73.89 -3.43369
73.99 -3.48856
74.09 -3.34149
74.19 -2.89861
74.29 -2.40625
74.39 -1.63023
74.49 -1.04044
74.59 -0.447228
74.69 0.0803608
74.79 0.71535
74.89 1.89719
74.99 3.35544
75.09 4.25138
75.19 4.90227
75.29 5.29949
75.39 5.32122
75.49 4.96379
75.59 4.2826
75.69 3.12896
75.79 1.80188
75.89 0.584268
75.99 -0.343035
76.09 -0.704241
76.19 -0.815549
76.29 -0.78622
76.39 -0.439569
76.49 0.1865
76.59 0.646376
76.69 0.701803
76.79 0.380639
76.89 -0.0357046
76.99 -0.020349
77.09 -0.0596069
77.19 -0.0211083
77.29 -0.138824
77.39 -0.223058
77.49 -0.16226
77.59 0.324098
77.69 1.06391
77.79 1.70366
77.89 2.09456
77.99 2.55384
78.09 2.6058
78.19 1.91676
78.29 0.875281
78.39 -0.144794
78.49 -1.00513
78.59 -1.4531
78.69 -1.98041
78.79 -2.87398
78.89 -3.44208
78.99 -3.36073
79.09 -2.75466
79.19 -1.87746
79.29 -1.12111
79.39 -0.698017
79.49 -0.473889
79.59 -0.261185
79.69 -0.0676583
79.79 0.559388
79.89 0.901698
79.99 0.553893
80.09 0.167251
80.19 0.0940811
80.29 0.39449
80.39 0.92027
80.49 1.44037
80.59 1.48875
80.69 1.0327
80.79 0.448784
80.89 -0.00581304
80.99 -0.308944
81.09 -0.220395
81.19 0.241057
81.29 0.759853
81.39 0.760924
81.49 0.982857
81.59 1.34399
81.69 1.7936
81.79 2.44502
81.89 3.19011
81.99 3.74415
82.09 3.98318
82.19 4.21669
82.29 3.81772
82.39 3.46455
82.49 2.57408
82.59 1.55173
82.69 0.358648
82.79 -0.882232
82.89 -1.72548
82.99 -2.22247
83.09 -2.4429
83.19 -2.32887
83.29 -2.14586
83.39 -2.28935
83.49 -2.38929
83.59 -1.98659
83.69 -1.75033
83.79 -1.65913
83.89 -1.69426
83.99 -1.53582
84.09 -1.59032
84.19 -1.33987
84.29 -1.0776
84.39 -0.651413
84.49 -0.106134
84.59 0.446857
84.69 0.776355
84.79 1.01404
84.89 0.863291
84.99 0.760568
85.09 0.524978
85.19 -0.0353162
85.29 -0.283953
85.39 -0.772111
85.49 -0.949849
85.59 -0.944994
85.69 -0.74438
85.79 -0.502644
85.89 -0.289865
85.99 -0.104166
86.09 -0.0967726
86.19 -0.158262
86.29 -0.452426
86.39 -0.604542
86.49 -0.181049
86.59 0.259563
86.69 0.346288
86.79 -0.0411378
86.89 0.160275
86.99 0.493218
87.09 0.701197
87.19 0.835056
87.29 0.831578
87.39 0.996108
87.49 1.35465
87.59 1.63423
87.69 1.70097
87.79 1.39399
87.89 1.11119
87.99 0.720707
88.09 0.5228
88.19 0.0780451
88.29 -0.142366
88.39 -0.289785
88.49 -0.605912
88.59 -0.926338
88.69 -1.29894
88.79 -1.3635
88.89 -1.14941
88.99 -0.520077
89.09 -0.0380641
89.19 0.520412
89.29 0.777263
89.39 0.77716
89.49 0.726641
89.59 0.686735
89.69 0.673158
89.79 0.529742
89.89 0.19706
89.99 -0.095543
90.09 -0.688568
90.19 -1.33193
90.29 -1.74816
90.39 -2.06305
90.49 -2.01673
90.59 -1.83229
90.69 -1.31232
90.79 -0.994777
90.89 -0.46957
90.99 -0.114992
91.09 -0.120857
91.19 0.14091
91.29 0.284585
91.39 0.492078
91.49 0.860613
91.59 1.14507
91.69 1.37132
91.79 1.44596
91.89 1.53029
91.99 1.23223
92.09 1.20029
92.19 1.00869
92.29 0.733981
92.39 0.448815
92.49 0.242258
92.59 0.0884863
92.69 -0.22638
92.79 -0.289537
92.89 -0.316517
92.99 -0.262907
93.09 -0.189966
93.19 -0.128863
93.29 -0.0955851
93.39 -0.0985577
93.49 -0.133397
93.59 -0.0436857
93.69 -0.0457479
93.79 -0.00793138
93.89 0.0365812
93.99 0.0485014
94.09 -0.0108833
94.19 0.0167996
94.29 0.0596723
94.39 0.112599
94.49 0.150517
94.59 -0.10535
94.69 -0.0637788
94.79 -0.0141133
94.89 0.0018743
94.99 0.001775
95.09 0.00576987
95.19 0.0128458
95.29 0.0532357
95.39 0.0532357
95.49 0.0532357
95.59 0.0532357
95.69 0.0532357
95.79 0.0532357
95.89 0.0532357
95.99 0.0532357
96.09 0.0532357
96.19 0.0532357
96.29 0.0532357
96.39 0.0532357
96.49 0.0532357
96.59 0.0532357
96.69 0.0532357
96.79 0.0532357
96.89 0.0532357
96.99 0.0532357
97.09 0.0532357
97.19 0.0532357
97.29 0.0532357
97.39 0.0532357
97.49 0.0532357
97.59 0.0532357
97.69 0.0532357
