1.31 1.88266
1.40315 1.87327
1.4963 1.60543
1.58945 1.1895
1.6826 0.696362
1.77575 0.171963
1.86889 -0.367176
1.96204 -0.579509
2.05519 -1.02636
2.14834 -1.47041
2.24149 -1.77137
2.33464 -1.76624
2.42779 -1.34852
2.52094 -0.536998
2.61409 0.502341
2.70724 1.49852
2.80038 2.16911
2.89353 2.32701
2.98668 1.95408
3.07983 1.20854
3.17298 0.362424
3.26613 -0.303332
3.35928 -0.6005
3.45243 -0.489686
3.54558 -0.0715417
3.63873 0.475682
3.73187 0.977853
3.82502 1.32668
3.91817 1.49685
4.01132 1.51955
4.10447 1.43556
4.19762 1.25925
4.29077 0.974536
4.38392 0.562882
4.47707 0.164367
4.57022 -0.355985
4.66337 -0.821725
4.75651 -1.08128
4.84966 -1.02228
4.94281 -0.61729
5.03596 0.0689785
5.12911 0.913189
5.22226 1.78735
5.31541 2.6025
5.40856 3.31855
5.50171 3.91753
5.59486 4.3607
5.688 4.56121
5.78115 4.39683
5.8743 3.76424
5.96745 2.65049
6.0606 1.18246
6.15375 -0.378399
6.2469 -1.70387
6.34005 -2.5054
6.4332 -2.6337
6.52635 -2.12695
6.6195 -1.18606
6.71264 -0.0904029
6.80579 0.904913
6.89894 1.64178
6.99209 2.07192
7.08524 2.21315
7.17839 2.08311
7.27154 1.65631
7.36469 0.875115
7.45784 -0.287539
7.55099 -1.74958
7.64413 -3.27653
7.73728 -4.51145
7.83043 -5.07988
7.92358 -4.73079
8.01673 -3.45018
8.10988 -1.49037
8.20303 0.705853
8.29618 2.65919
8.38933 4.02128
8.48248 4.68365
8.57562 4.78296
8.66877 4.605
8.76192 4.43598
8.85507 4.43114
8.94822 4.5586
9.04137 4.63718
9.13452 4.44126
9.22767 3.81649
9.32082 2.7506
9.41397 1.37132
9.50712 -0.117111
9.60026 -1.51779
9.69341 -2.69958
9.78656 -3.6047
9.87971 -4.21284
9.97286 -4.49502
10.066 -4.39478
10.1592 -3.85439
10.2523 -2.87319
10.3455 -1.56031
10.4386 -0.14187
10.5318 1.09511
10.6249 1.90437
10.7181 2.18138
10.8112 2.0115
10.9044 1.63626
10.9975 1.34844
11.0906 1.36359
11.1838 1.72921
11.2769 2.31524
11.3701 2.88931
11.4632 3.23747
11.5564 3.26845
11.6495 3.04889
11.7427 2.75356
11.8358 2.55912
11.929 2.53947
12.0221 2.61909
12.1153 2.60961
12.2084 2.31062
12.3016 1.62163
12.3947 0.606592
12.4879 -0.522276
12.581 -1.49237
12.6742 -2.08449
12.7673 -2.21553
12.8605 -1.95188
12.9536 -1.45393
13.0468 -0.888401
13.1399 -0.35929
13.2331 0.1068
13.3262 0.520151
13.4194 0.865914
13.5125 1.06761
13.6057 1.00742
13.6988 0.598518
13.792 -0.130976
13.8851 -0.996233
13.9783 -1.69172
14.0714 -1.89934
14.1646 -1.42105
14.2577 -0.269825
14.3509 1.32966
14.444 3.03363
14.5372 4.51817
14.6303 5.59117
14.7235 6.21772
14.8166 6.44755
14.9098 6.29105
15.0029 5.62488
15.0961 4.19897
15.1892 1.76341
15.2824 -1.73551
15.3755 -5.99054
15.4687 -10.3002
15.5618 -13.7129
15.655 -15.3095
15.7481 -14.5144
15.8412 -11.2992
15.9344 -6.19122
16.0275 -0.080826
16.1207 6.08077
16.2138 11.5567
16.307 15.9536
16.4001 19.1652
16.4933 21.1878
16.5864 21.9308
16.6796 21.1432
16.7727 18.5103
16.8659 13.8737
16.959 7.45205
17.0522 -0.0741965
17.1453 -7.68359
17.2385 -14.3066
17.3316 -19.1584
17.4248 -21.9504
17.5179 -22.8705
17.6111 -22.3399
17.7042 -20.6701
17.7974 -17.8073
17.8905 -13.3178
17.9837 -6.65324
18.0768 2.4031
18.17 13.3113
18.2631 24.5769
18.3563 33.8991
18.4494 38.6424
18.5426 36.4808
18.6357 26.0151
18.7289 7.20115
18.822 -18.4772
18.9152 -48.0584
19.0083 -77.3152
19.1015 -101.101
19.1946 -113.885
19.2878 -110.564
19.3809 -87.5889
19.4741 -44.2693
19.5672 16.0846
19.6604 85.6831
19.7535 152.895
19.8467 204.196
19.9398 227.175
20.033 213.865
20.1261 163.389
20.2193 82.9513
20.3124 -13.3679
20.4056 -107.863
20.4987 -183.623
20.5919 -228.785
20.685 -239.291
20.7781 -219.27
20.8713 -178.971
20.9644 -131.04
21.0576 -86.4444
21.1507 -51.4465
21.2439 -26.5724
21.337 -7.74426
21.4302 11.0504
21.5233 34.6994
21.6165 64.7151
21.7096 98.5769
21.8028 130.768
21.8959 154.939
21.9891 166.234
22.0822 162.855
22.1754 146.323
22.2685 120.496
22.3617 89.8813
22.4548 58.0572
22.548 26.8365
22.6411 -3.54978
22.7343 -33.478
22.8274 -62.7367
22.9206 -89.7529
23.0137 -111.655
23.1069 -125.179
23.2 -128.021
23.2932 -120.016
23.3863 -103.58
23.4795 -83.1593
23.5726 -63.8522
23.6658 -49.7073
23.7589 -42.3686
23.8521 -40.5852
23.9452 -40.7764
24.0384 -38.4282
24.1315 -29.7877
24.2247 -13.2256
24.3178 10.2122
24.411 37.2119
24.5041 63.3457
24.5973 84.4973
24.6904 98.0271
24.7836 103.295
24.8767 101.438
24.9699 94.6015
25.063 84.9877
25.1562 74.1259
25.2493 62.5996
25.3425 50.2543
25.4356 36.6987
25.5287 21.8166
25.6219 6.04395
25.715 -9.68752
25.8082 -24.2689
25.9013 -36.8031
25.9945 -46.8589
26.0876 -54.4766
26.1808 -59.9455
26.2739 -63.5003
26.3671 -65.1135
26.4602 -64.5095
26.5534 -61.396
26.6465 -55.7912
26.7397 -48.2592
26.8328 -39.9046
26.926 -32.09
27.0191 -25.9799
27.1123 -22.1073
27.2054 -20.1632
27.2986 -19.1148
27.3917 -17.6131
27.4849 -14.5182
27.578 -9.31968
27.6712 -2.27701
27.7643 5.7666
27.8575 13.7951
27.9506 21.0574
28.0438 27.3319
28.1369 32.9067
28.2301 38.3041
28.3232 43.8988
28.4164 49.6219
28.5095 54.8964
28.6027 58.8315
28.6958 60.5775
28.789 59.6688
28.8821 56.1919
28.9753 50.7071
29.0684 43.9704
29.1616 36.5973
29.2547 28.8345
29.3479 20.5424
29.441 11.3903
29.5342 1.15747
29.6273 -10.0095
29.7205 -21.5118
29.8136 -32.4244
29.9068 -41.7734
29.9999 -48.8347
30.0931 -53.3252
30.1862 -55.4141
30.2794 -55.5702
30.3725 -54.3365
30.4656 -52.1432
30.5588 -49.2373
30.6519 -45.7364
30.7451 -41.7485
30.8382 -37.4689
30.9314 -33.1895
31.0245 -29.2085
31.1177 -25.6946
31.2108 -22.5851
31.304 -19.5856
31.3971 -16.2834
31.4903 -12.3266
31.5834 -7.58332
31.6766 -2.20256
31.7697 3.4524
31.8629 8.96558
31.956 14.0436
32.0492 18.6191
32.1423 22.8346
32.2355 26.9191
32.3286 31.026
32.4218 35.1147
32.5149 38.938
32.6081 42.1386
32.7012 44.4044
32.7944 45.601
32.8875 45.8165
32.9807 45.2955
33.0738 44.2989
33.167 42.9594
33.2601 41.2074
33.3533 38.8003
33.4464 35.4417
33.5396 30.9293
33.6327 25.2642
33.7259 18.6703
33.819 11.5245
33.9122 4.23425
34.0053 -2.87744
34.0985 -9.63003
34.1916 -15.9724
34.2848 -21.9193
34.3779 -27.4804
34.4711 -32.6194
34.5642 -37.26
34.6574 -41.3213
34.7505 -44.7526
34.8437 -47.539
34.9368 -49.6714
35.03 -51.1015
35.1231 -51.7141
35.2162 -51.3438
35.3094 -49.8386
35.4025 -47.1422
35.4957 -43.3543
35.5888 -38.7312
35.682 -33.6199
35.7751 -28.3495
35.8683 -23.1318
35.9614 -18.0165
36.0546 -12.9241
36.1477 -7.74027
36.2409 -2.4223
36.334 2.93555
36.4272 8.11507
36.5203 12.8604
36.6135 16.9962
36.7066 20.5173
36.7998 23.6031
36.8929 26.5423
36.9861 29.6012
37.0792 32.8939
37.1724 36.3147
37.2655 39.5642
37.3587 42.2581
37.4518 44.0698
37.545 44.8428
37.6381 44.6267
37.7313 43.6241
37.8244 42.0791
37.9176 40.1604
38.0107 37.8937
38.1039 35.1691
38.197 31.8164
38.2902 27.7089
38.3833 22.846
38.4765 17.3797
38.5696 11.5756
38.6628 5.73083
38.7559 0.0856642
38.8491 -5.23326
38.9422 -10.2195
39.0354 -14.947
39.1285 -19.5056
39.2217 -23.9415
39.3148 -28.2219
39.408 -32.2334
39.5011 -35.8064
39.5943 -38.7523
39.6874 -40.9021
39.7806 -42.1375
39.8737 -42.4129
39.9669 -41.7687
40.06 -40.3326
40.1531 -38.3073
40.2463 -35.9396
40.3394 -33.4745
40.4326 -31.1028
40.5257 -28.9195
40.6189 -26.9066
40.712 -24.9484
40.8052 -22.8766
40.8983 -20.525
40.9915 -17.7767
41.0846 -14.5844
41.1778 -10.9614
41.2709 -6.95268
41.3641 -2.60512
41.4572 2.04466
41.5504 6.95736
41.6435 12.06
41.7367 17.215
41.8298 22.2103
41.923 26.7817
42.0161 30.664
42.1093 33.6536
42.2024 35.6568
42.2956 36.7046
42.3887 36.9299
42.4819 36.5157
42.575 35.6395
42.6682 34.4351
42.7613 32.9849
42.8545 31.3398
42.9476 29.5503
43.0408 27.687
43.1339 25.8363
43.2271 24.0704
43.3202 22.4065
43.4134 20.7758
43.5065 19.0239
43.5997 16.9476
43.6928 14.3596
43.786 11.1555
43.8791 7.35866
43.9723 3.1217
44.0654 -1.31601
44.1586 -5.70024
44.2517 -9.83552
44.3449 -13.6324
44.438 -17.1107
44.5312 -20.3594
44.6243 -23.4692
44.7175 -26.4669
44.8106 -29.2773
44.9037 -31.7288
44.9969 -33.6021
45.09 -34.7033
45.1832 -34.9348
45.2763 -34.337
45.3695 -33.0847
45.4626 -31.4382
45.5558 -29.6655
45.6489 -27.9611
45.7421 -26.39
45.8352 -24.8747
45.9284 -23.2286
46.0215 -21.2252
46.1147 -18.6783
46.2078 -15.5085
46.301 -11.7742
46.3941 -7.6616
46.4873 -3.43672
46.5804 0.620219
46.6736 4.27869
46.7667 7.4008
46.8599 9.95427
46.953 11.9969
47.0462 13.6432
47.1393 15.026
47.2325 16.2668
47.3256 17.4594
47.4188 18.6671
47.5119 19.9275
47.6051 21.2574
47.6982 22.6532
47.7914 24.0866
47.8845 25.4976
47.9777 26.792
48.0708 27.8477
48.164 28.5311
48.2571 28.7218
48.3503 28.3381
48.4434 27.3575
48.5366 25.8241
48.6297 23.8407
48.7229 21.5463
48.816 19.0848
48.9092 16.5728
49.0023 14.0758
49.0955 11.598
49.1886 9.08978
49.2818 6.46956
49.3749 3.654
49.4681 0.588275
49.5612 -2.73194
49.6544 -6.25207
49.7475 -9.86476
49.8406 -13.4275
49.9338 -16.7856
50.0269 -19.7951
50.1201 -22.3403
50.2132 -24.3444
50.3064 -25.7736
50.3995 -26.6373
50.4927 -26.9831
50.5858 -26.8893
50.679 -26.4517
50.7721 -25.7682
50.8653 -24.9193
50.9584 -23.9531
51.0516 -22.8777
51.1447 -21.6644
51.2379 -20.2638
51.331 -18.6285
51.4242 -16.7343
51.5173 -14.5934
51.6105 -12.2536
51.7036 -9.78562
51.7968 -7.26388
51.8899 -4.7502
51.9831 -2.28628
52.0762 0.103285
52.1694 2.40169
52.2625 4.59188
52.3557 6.65593
52.4488 8.58323
52.542 10.3824
52.6351 12.088
52.7283 13.7542
52.8214 15.4335
52.9146 17.1461
53.0077 18.8542
53.1009 20.4529
53.194 21.7865
53.2872 22.6872
53.3803 23.0235
53.4735 22.74
53.5666 21.8753
53.6598 20.5499
53.7529 18.9324
53.8461 17.1973
53.9392 15.4905
54.0324 13.9123
54.1255 12.519
54.2187 11.332
54.3118 10.346
54.405 9.5271
54.4981 8.80358
54.5912 8.05997
54.6844 7.14535
54.7775 5.90293
54.8707 4.21569
54.9638 2.05238
55.057 -0.506139
55.1501 -3.27494
55.2433 -6.00894
55.3364 -8.46849
55.4296 -10.4828
55.5227 -11.9876
55.6159 -13.0244
55.709 -13.7057
55.8022 -14.165
55.8953 -14.5126
55.9885 -14.8164
56.0816 -15.1066
56.1748 -15.3945
56.2679 -15.6857
56.3611 -15.9744
56.4542 -16.2203
56.5474 -16.3215
56.6405 -16.1089
56.7337 -15.3766
56.8268 -13.9489
56.92 -11.7629
57.0131 -8.93221
57.1063 -5.75712
57.1994 -2.66809
57.2926 -0.113053
57.3857 1.57319
57.4789 2.27019
57.572 2.10501
57.6652 1.40515
57.7583 0.590093
57.8515 0.0439531
57.9446 0.0163177
58.0378 0.583557
58.1309 1.67501
58.2241 3.14129
58.3172 4.82718
58.4104 6.61581
58.5035 8.4295
58.5967 10.1979
58.6898 11.8199
58.783 13.1496
58.8761 14.0188
58.9693 14.2921
59.0624 13.9258
59.1556 13.0023
59.2487 11.7182
59.3419 10.3282
59.435 9.06675
59.5281 8.08228
59.6213 7.41044
59.7144 6.99753
59.8076 6.7592
59.9007 6.64401
59.9939 6.66943
60.087 6.91134
60.1802 7.45073
60.2733 8.30253
60.3665 9.36046
60.4596 10.3861
60.5528 11.0512
60.6459 11.0201
60.7391 10.0424
60.8322 8.02296
60.9254 5.04614
61.0185 1.35053
61.1117 -2.73246
61.2048 -6.85135
61.298 -10.6947
61.3911 -14.0245
61.4843 -16.6809
61.5774 -18.5693
61.6706 -19.6409
61.7637 -19.8803
61.8569 -19.302
61.95 -17.9548
62.0432 -15.9275
62.1363 -13.3513
62.2295 -10.3961
62.3226 -7.26045
62.4158 -4.15715
62.5089 -1.29586
62.6021 1.13711
62.6952 3.00014
62.7884 4.21573
62.8815 4.78254
62.9747 4.7741
63.0678 4.32089
63.161 3.57835
63.2541 2.68929
63.3473 1.75369
63.4404 0.816773
63.5336 -0.119589
63.6267 -1.06739
63.7199 -2.01773
63.813 -2.91662
63.9062 -3.66242
63.9993 -4.12665
64.0925 -4.18878
64.1856 -3.76983
64.2787 -2.85054
64.3719 -1.46786
64.465 0.305237
64.5582 2.38378
64.6513 4.68434
64.7445 7.12046
64.8376 9.58378
64.9308 11.9242
65.0239 13.9461
65.1171 15.4314
65.2102 16.188
65.3034 16.1088
65.3965 15.2168
65.4897 13.6772
65.5828 11.7654
65.676 9.79912
65.7691 8.05552
65.8623 6.70218
65.9554 5.76306
66.0486 5.12899
66.1417 4.60533
66.2349 3.97739
66.328 3.07134
66.4212 1.7938
66.5143 0.144431
66.6075 -1.79387
66.7006 -3.87673
66.7938 -5.92274
66.8869 -7.73626
66.9801 -9.13006
67.0732 -9.95196
67.1664 -10.1216
67.2595 -9.65418
67.3527 -8.64916
67.4458 -7.29168
67.539 -5.81984
67.6321 -4.47251
67.7253 -3.60645
67.8184 -2.93173
67.9116 -2.62672
68.0047 -2.56607
68.0979 -2.58645
68.191 -2.55087
68.2842 -2.39699
68.3773 -2.15132
68.4705 -1.90546
68.5636 -1.55937
68.6568 -1.6674
68.7499 -1.95148
68.8431 -2.30887
68.9362 -2.58631
69.0294 -2.6323
69.1225 -2.27523
69.2156 -1.68762
69.3088 -0.923147
69.4019 0.0710154
69.4951 0.97915
69.5882 1.73477
69.6814 2.31376
69.7745 3.03107
69.8677 3.62465
69.9608 4.29945
70.054 4.89001
70.1471 5.65141
70.2403 5.68226
70.3334 5.70731
70.4266 5.68947
70.5197 5.34413
70.6129 4.83032
70.706 3.95525
70.7992 3.34153
70.8923 2.85088
70.9855 2.83305
71.0786 2.66655
71.1718 2.73866
71.2649 2.81882
71.3581 3.06634
71.4512 3.12232
71.5444 3.03973
71.6375 2.88285
71.7307 2.72644
71.8238 2.57858
71.917 2.42275
72.0101 2.17795
72.1033 2.12383
72.1964 2.08526
72.2896 1.9026
72.3827 1.5672
72.4759 0.893553
72.569 0.190872
72.6622 -0.557114
72.7553 -1.22953
72.8485 -2.1011
72.9416 -2.14713
73.0348 -2.20579
73.1279 -2.11679
73.2211 -1.96824
73.3142 -1.79944
73.4074 -1.79909
73.5005 -1.80468
73.5937 -1.56533
73.6868 -1.34517
73.78 -1.21228
73.8731 -1.21601
73.9662 -1.35959
74.0594 -1.5857
74.1525 -1.98668
74.2457 -2.05605
74.3388 -1.83803
74.432 -1.43762
74.5251 -0.607092
74.6183 0.40649
74.7114 1.42866
74.8046 2.28701
74.8977 3.17967
74.9909 3.413
75.084 3.32431
75.1772 3.31471
75.2703 2.79528
75.3635 2.18123
75.4566 1.57899
75.5498 0.63241
75.6429 0.0898796
75.7361 -0.205306
75.8292 -0.10062
75.9224 0.123324
76.0155 0.494529
76.1087 0.633566
76.2018 0.79205
76.295 0.684193
76.3881 0.545408
76.4813 0.283949
76.5744 0.0492077
76.6676 0.0928901
76.7607 0.212975
76.8539 0.465954
76.947 0.853087
77.0402 1.36824
77.1333 1.6162
77.2265 1.48876
77.3196 1.29373
77.4128 0.991697
77.5059 0.656305
77.5991 0.372316
77.6922 0.288287
77.7854 0.232463
77.8785 0.292208
77.9717 0.376031
78.0648 0.50936
78.158 0.66133
78.2511 0.709572
78.3443 0.795973
78.4374 0.831042
78.5306 0.92971
78.6237 1.05762
78.7169 1.09692
78.81 1.17358
78.9031 1.24332
78.9963 1.31568
79.0894 1.40488
79.1826 1.51953
79.2757 1.65559
79.3689 1.7951
79.462 1.64485
79.5552 1.73835
79.6483 1.56357
79.7415 1.45101
79.8346 1.10733
79.9278 0.816803
80.0209 0.376152
80.1141 -0.383307
80.2072 -1.14945
80.3004 -1.74628
80.3935 -1.70036
80.4867 -1.51794
80.5798 -0.931873
80.673 -0.0264725
80.7661 1.01087
80.8593 1.93218
80.9524 2.25787
81.0456 2.29234
81.1387 2.06475
81.2319 1.25087
81.325 0.0715799
81.4182 -1.00623
81.5113 -1.73586
81.6045 -2.16745
81.6976 -2.23731
81.7908 -2.07166
81.8839 -1.71824
81.9771 -1.29253
82.0702 -0.84568
82.1634 -0.47157
82.2565 0.200856
82.3497 0.549729
82.4428 0.84283
82.536 1.05827
82.6291 1.17695
82.7223 0.999409
82.8154 0.531859
82.9086 0.529983
83.0017 0.562794
83.0949 0.630673
83.188 0.722513
83.2812 0.826242
83.3743 0.939587
83.4675 0.934334
83.5606 1.1354
83.6537 1.39762
83.7469 1.72491
83.84 2.07524
83.9332 2.45313
84.0263 2.67316
84.1195 3.00439
84.2126 3.24898
84.3058 3.40117
84.3989 3.48033
84.4921 3.51155
84.5852 3.50361
84.6784 3.48078
84.7715 3.1166
84.8647 2.70989
84.9578 2.03525
85.051 1.10191
85.1441 0.0878523
85.2373 -1.06123
85.3304 -2.11239
85.4236 -3.04823
85.5167 -3.51779
85.6099 -3.61723
85.703 -3.44327
85.7962 -2.82704
85.8893 -1.90364
85.9825 -1.17173
86.0756 -0.0823415
86.1688 0.824176
86.2619 1.75242
86.3551 2.30984
86.4482 3.00629
86.5414 3.30749
86.6345 3.07777
86.7277 2.63904
86.8208 2.00321
86.914 1.57749
87.0071 1.10972
87.1003 0.422901
87.1934 -0.345999
87.2866 -1.2969
87.3797 -2.34474
87.4729 -3.56527
87.566 -4.41651
87.6592 -4.91199
87.7523 -4.974
87.8455 -3.96644
87.9386 -3.29757
88.0318 -2.48605
88.1249 -1.95326
88.2181 -1.14242
88.3112 -0.354753
88.4044 0.653302
88.4975 1.6371
88.5906 2.4743
88.6838 3.05465
88.7769 3.31808
88.8701 3.262
88.9632 3.01788
89.0564 2.65326
89.1495 2.25417
89.2427 1.89227
89.3358 1.5669
89.429 1.31998
89.5221 1.08008
89.6153 0.846357
89.7084 0.857561
89.8016 0.724175
89.8947 1.05095
89.9879 1.22307
90.081 1.46
90.1742 1.65508
90.2673 1.70021
90.3605 1.52847
90.4536 0.533358
90.5468 -0.0586881
90.6399 -0.585843
90.7331 -0.96185
90.8262 -1.24955
90.9194 -1.29364
91.0125 -1.20418
91.1057 -1.05598
91.1988 -0.911824
91.292 -0.973463
91.3851 -0.820265
91.4783 -0.638218
91.5714 -0.411433
91.6646 -0.148604
91.7577 0.110603
91.8509 0.305667
91.944 0.47343
92.0372 0.386282
92.1303 0.205668
92.2235 -0.0415803
92.3166 -0.315926
92.4098 -0.753839
92.5029 -0.829729
92.5961 -0.774648
92.6892 -0.594449
92.7824 -0.313504
92.8755 0.0290091
92.9687 0.0414541
93.0618 0.363268
93.155 0.618338
93.2481 0.75623
93.3412 0.746752
93.4344 0.591361
93.5275 0.327197
93.6207 0.0202634
93.7138 -0.251835
93.807 -0.695478
93.9001 -1.07735
93.9933 -0.976182
94.0864 -0.700072
94.1796 -0.31828
94.2727 0.0874008
94.3659 0.450084
94.459 0.456879
94.5522 0.66369
94.6453 0.862202
94.7385 1.06094
94.8316 1.24295
94.9248 1.36916
95.0179 1.04353
95.1111 1.0569
95.2042 1.03433
95.2974 1.10931
95.3905 0.88698
95.4837 0.799855
95.5768 0.768142
95.67 0.915758
95.7631 0.64002
95.8563 0.801634
95.9494 0.758019
96.0426 0.418933
96.1357 0.247155
96.2289 0.383873
96.322 0.301765
96.4152 0.137013
96.5083 -0.0730457
96.6015 -0.272192
