-1.23 0.281696
-1.13 -0.299009
-1.03 -0.392758
-0.93 -0.103604
-0.83 0.128284
-0.73 0.311507
-0.63 0.787768
-0.53 1.86026
-0.43 2.38151
-0.33 1.96083
-0.23 0.70056
-0.13 -0.784643
-0.03 -2.02773
0.07 -2.34915
0.17 -1.82491
0.27 -0.905047
0.37 0.13475
0.47 0.851151
0.57 1.50011
0.67 2.0812
0.77 2.11953
0.87 1.37651
0.97 0.647833
1.07 0.252789
1.17 -0.0973051
1.27 -0.12683
1.37 0.0177307
1.47 0.459899
1.57 0.952553
1.67 1.02249
1.77 0.618116
1.87 0.0140638
1.97 -0.794912
2.07 -1.34525
2.17 -1.64981
2.27 -1.89243
2.37 -1.82049
2.47 -1.40364
2.57 -0.486791
2.67 0.970917
2.77 2.37884
2.87 3.23816
2.97 3.4227
3.07 3.17515
3.17 2.63602
3.27 2.03517
3.37 1.48754
3.47 1.11708
3.57 0.663009
3.67 0.266215
3.77 0.219058
3.87 0.486917
3.97 0.710654
4.07 0.514595
4.17 -0.00115489
4.27 -0.54836
4.37 -0.690773
4.47 -0.722238
4.57 -0.960071
4.67 -1.23864
4.77 -1.28335
4.87 -0.944074
4.97 -0.536502
5.07 -0.242586
5.17 0.047899
5.27 0.472753
5.37 0.911654
5.47 1.31306
5.57 1.46132
5.67 1.5809
5.77 1.75603
5.87 1.9168
5.97 1.92283
6.07 1.85855
6.17 1.71872
6.27 1.34661
6.37 0.746284
6.47 -0.235591
6.57 -0.917067
6.67 -0.965719
6.77 -0.510652
6.87 0.28703
6.97 0.894246
7.07 1.04868
7.17 1.006
7.27 0.953442
7.37 0.780006
7.47 0.473637
7.57 0.242219
7.67 0.244695
7.77 0.387986
7.87 0.754367
7.97 1.28951
8.07 1.85398
8.17 2.19593
8.27 2.37728
8.37 2.27759
8.47 1.89826
8.57 1.71218
8.67 1.54388
8.77 1.02405
8.87 0.673147
8.97 0.360428
9.07 -0.165965
9.17 -0.855127
9.27 -1.86746
9.37 -3.21052
9.47 -4.54327
9.57 -5.44079
9.67 -5.89916
9.77 -5.82255
9.87 -4.77992
9.97 -3.11729
10.07 -1.01996
10.17 1.16073
10.27 3.32046
10.37 5.49503
10.47 7.34101
10.57 8.49764
10.67 9.04966
10.77 9.23853
10.87 8.64032
10.97 7.3919
11.07 5.31535
11.17 2.52036
11.27 -0.755095
11.37 -4.14201
11.47 -7.32106
11.57 -10.1784
11.67 -12.0915
11.77 -12.8905
11.87 -11.8618
11.97 -8.67742
12.07 -4.02073
12.17 1.2988
12.27 6.5263
12.37 11.1825
12.47 14.5778
12.57 15.6239
12.67 14.2007
12.77 10.6428
12.87 5.95823
12.97 0.626934
13.07 -4.55644
13.17 -8.51259
13.27 -10.2108
13.37 -9.24461
13.47 -6.68399
13.57 -3.78144
13.67 -1.15531
13.77 0.80963
13.87 1.88277
13.97 2.26562
14.07 2.04106
14.17 1.73588
14.27 2.08649
14.37 3.76584
14.47 6.48174
14.57 8.58415
14.67 7.93728
14.77 2.81445
14.87 -8.23832
14.97 -25.5202
15.07 -47.2109
15.17 -69.4371
15.27 -83.6843
15.37 -82.0527
15.47 -63.3832
15.57 -27.5892
15.67 25.3715
15.77 90.9417
15.87 157.163
15.97 206.665
16.07 226.379
16.17 210.882
16.27 144.532
16.37 25.6933
16.47 -111.927
16.57 -217.95
16.67 -265.741
16.77 -268.13
16.87 -236.443
16.97 -176.583
17.07 -107.16
17.17 -47.4883
17.27 -4.45081
17.37 24.353
17.47 42.7379
17.57 55.5994
17.67 68.3505
17.77 84.5234
17.87 103.325
17.97 120.699
18.07 130.824
18.17 130.005
18.27 117.85
18.37 96.2282
18.47 70.1731
18.57 44.4948
18.67 21.3595
18.77 -0.879989
18.87 -25.0081
18.97 -53.327
19.07 -84.113
19.17 -111.931
19.27 -129.659
19.37 -134.126
19.47 -125.466
19.57 -107.059
19.67 -85.5457
19.77 -66.9361
19.87 -53.0466
19.97 -42.678
20.07 -32.5489
20.17 -18.8793
20.27 1.14926
20.37 27.3016
20.47 57.381
20.57 85.8891
20.67 106.549
20.77 115.94
20.87 113.345
20.97 100.903
21.07 84.275
21.17 68.3641
21.27 54.2469
21.37 41.4843
21.47 29.2675
21.57 16.2053
21.67 1.57461
21.77 -13.9518
21.87 -28.2114
21.97 -39.6299
22.07 -47.9849
22.17 -54.2271
22.27 -59.8307
22.37 -64.6542
22.47 -67.6435
22.57 -67.4627
22.67 -63.4918
22.77 -56.2706
22.87 -47.4272
22.97 -38.8062
23.07 -31.7477
23.17 -26.1638
23.27 -21.1264
23.37 -15.5016
23.47 -8.09285
23.57 1.16695
23.67 11.5702
23.77 21.8116
23.87 30.7795
23.97 38.1427
24.07 43.856
24.17 48.0531
24.27 51.1522
24.37 53.2875
24.47 54.3485
24.57 53.6727
24.67 51.3541
24.77 48.1277
24.87 44.6191
24.97 40.879
25.07 36.5195
25.17 30.9778
25.27 23.2864
25.37 12.7389
25.47 -0.482974
25.57 -15.1611
25.67 -28.4807
25.77 -38.5205
25.87 -44.5745
25.97 -46.8646
26.07 -46.6635
26.17 -45.6976
26.27 -45.768
26.37 -47.3491
26.47 -49.953
26.57 -51.9597
26.67 -51.6587
26.77 -48.5207
26.87 -42.9786
26.97 -36.2627
27.07 -29.4335
27.17 -22.784
27.27 -16.23
27.37 -9.52447
27.47 -2.49637
27.57 4.90251
27.67 12.4495
27.77 19.879
27.87 26.3948
27.97 31.8303
28.07 36.5217
28.17 40.5785
28.27 44.0496
28.37 47.2848
28.47 50.0667
28.57 52.0825
28.67 52.6003
28.77 51.1979
28.87 48.1015
28.97 43.7412
29.07 38.5677
29.17 33.2127
29.27 27.6475
29.37 21.6835
29.47 15.2955
29.57 8.35102
29.67 1.19569
29.77 -6.39545
29.87 -14.2257
29.97 -21.7976
30.07 -28.8116
30.17 -35.3025
30.27 -41.1514
30.37 -45.676
30.47 -48.5614
30.57 -50.0827
30.67 -50.4463
30.77 -49.2734
30.87 -47.0518
30.97 -44.5719
31.07 -42.1624
31.17 -39.6033
31.27 -36.6067
31.37 -32.8876
31.47 -28.0698
31.57 -22.1823
31.67 -15.7662
31.77 -9.28788
31.87 -2.95938
31.97 3.02809
32.07 8.7748
32.17 14.6164
32.27 20.2817
32.37 25.5159
32.47 30.3627
32.57 34.647
32.67 38.1489
32.77 40.7357
32.87 41.9879
32.97 42.3188
33.07 42.257
33.17 42.3208
33.27 42.6137
33.37 42.0226
33.47 39.7725
33.57 36.2753
33.67 32.187
33.77 28.1124
33.87 23.9123
33.97 19.3475
34.07 13.8601
34.17 7.81867
34.27 1.92216
34.37 -3.53607
34.47 -9.16039
34.57 -14.6548
34.67 -19.31
34.77 -23.2415
34.87 -26.8454
34.97 -29.8645
35.07 -32.3518
35.17 -34.6533
35.27 -36.5131
35.37 -38.1555
35.47 -39.2753
35.57 -39.7614
35.67 -39.5218
35.77 -37.9548
35.87 -35.2715
35.97 -31.8554
36.07 -28.0982
36.17 -24.0966
36.27 -20.1297
36.37 -16.335
36.47 -12.9104
36.57 -10.153
36.67 -7.90713
36.77 -5.4175
36.87 -2.10309
36.97 2.07596
37.07 7.29479
37.17 12.9514
37.27 18.5615
37.37 23.8196
37.47 28.5085
37.57 32.0635
37.67 34.3355
37.77 35.5591
37.87 36.2229
37.97 36.4929
38.07 36.5562
38.17 36.1459
38.27 35.1038
38.37 33.4703
38.47 31.2091
38.57 28.7507
38.67 26.1253
38.77 23.059
38.87 19.5353
38.97 15.8452
39.07 11.9958
39.17 8.01176
39.27 3.91608
39.37 0.094117
39.47 -3.26752
39.57 -6.31524
39.67 -9.45486
39.77 -13.2366
39.87 -17.1384
39.97 -20.7627
40.07 -24.34
40.17 -27.4918
40.27 -29.8758
40.37 -31.4559
40.47 -32.1613
40.57 -32.1436
40.67 -31.5324
40.77 -30.3749
40.87 -28.5676
40.97 -26.6385
41.07 -25.1131
41.17 -23.8677
41.27 -22.6225
41.37 -21.2932
41.47 -19.5525
41.57 -16.9254
41.67 -13.8289
41.77 -10.3404
41.87 -6.20507
41.97 -1.55592
42.07 3.27783
42.17 8.01813
42.27 12.4669
42.37 16.2765
42.47 18.972
42.57 20.6896
42.67 21.6907
42.77 22.444
42.87 23.5214
42.97 24.9806
43.07 26.7644
43.17 27.8263
43.27 28.263
43.37 28.3414
43.47 28.3533
43.57 27.9727
43.67 26.6609
43.77 24.492
43.87 21.6763
43.97 18.7391
44.07 16.1773
44.17 13.5685
44.27 10.3466
44.37 6.97705
44.47 3.55113
44.57 0.167027
44.67 -3.19261
44.77 -6.37896
44.87 -9.05417
44.97 -10.7303
45.07 -11.7838
45.17 -12.4119
45.27 -12.9699
45.37 -14.039
45.47 -15.4352
45.57 -16.8944
45.67 -18.1958
45.77 -19.4335
45.87 -20.6295
45.97 -21.7708
46.07 -23.079
46.17 -23.8976
46.27 -23.9776
46.37 -23.7759
46.47 -23.1796
46.57 -22.0807
46.67 -20.6518
46.77 -18.5586
46.87 -15.6607
46.97 -12.1547
47.07 -8.18468
47.17 -4.08238
47.27 -0.288559
47.37 3.41969
47.47 7.22341
47.57 10.6989
47.67 13.417
47.77 15.001
47.87 15.7267
47.97 16.1606
48.07 16.658
48.17 17.1333
48.27 17.6096
48.37 18.0177
48.47 18.3393
48.57 18.8016
48.67 19.443
48.77 19.888
48.87 19.9106
48.97 19.3903
49.07 18.3881
49.17 16.9445
49.27 15.5346
49.37 14.1213
49.47 12.6336
49.57 11.0864
49.67 9.0781
49.77 6.74997
49.87 4.31215
49.97 1.71762
50.07 -1.02496
50.17 -3.79485
50.27 -6.14581
50.37 -8.11548
50.47 -9.68769
50.57 -10.9942
50.67 -12.1755
50.77 -13.2558
50.87 -14.1059
50.97 -14.8179
51.07 -15.5878
51.17 -16.39
51.27 -16.7487
51.37 -16.1625
51.47 -15.2388
51.57 -14.5361
51.67 -13.865
51.77 -13.0326
51.87 -12.0552
51.97 -10.9185
52.07 -9.40479
52.17 -7.60906
52.27 -5.77466
52.37 -3.99821
52.47 -2.50725
52.57 -1.162
52.67 0.271698
52.77 1.71445
52.87 3.14641
52.97 4.02078
53.07 4.70289
53.17 5.26927
53.27 5.87375
53.37 6.48627
53.47 7.11293
53.57 7.60767
53.67 8.16475
53.77 8.78212
53.87 9.48366
53.97 10.4909
54.07 11.6219
54.17 12.4443
54.27 12.8332
54.37 12.7616
54.47 12.3642
54.57 11.9907
54.67 11.4267
54.77 10.5238
54.87 9.14112
54.97 7.3967
55.07 5.30096
55.17 3.09977
55.27 1.47787
55.37 0.66122
55.47 0.612614
55.57 0.936337
55.67 1.42558
55.77 1.89347
55.87 2.63189
55.97 3.00536
56.07 2.54023
56.17 1.74916
56.27 0.493145
56.37 -1.41487
56.47 -3.74556
56.57 -6.80399
56.67 -9.73321
56.77 -11.7234
56.87 -12.8976
56.97 -13.5012
57.07 -13.8187
57.17 -14.1248
57.27 -14.1112
57.37 -13.3401
57.47 -12.0789
57.57 -11.0635
57.67 -10.626
57.77 -10.3428
57.87 -9.2545
57.97 -7.13513
58.07 -4.14561
58.17 -0.70913
58.27 2.7817
58.37 5.82094
58.47 8.16869
58.57 9.89674
58.67 10.8348
58.77 10.9618
58.87 9.75585
58.97 7.21768
59.07 3.92742
59.17 0.828586
59.27 -1.43779
59.37 -2.61617
59.47 -3.16108
59.57 -2.93102
59.67 -1.44476
59.77 0.968164
59.87 3.5576
59.97 5.40698
60.07 6.63833
60.17 8.08217
60.27 9.86281
60.37 11.7842
60.47 13.3567
60.57 14.2806
60.67 14.6604
60.77 14.3662
60.87 13.1285
60.97 11.2345
61.07 8.7938
61.17 6.18412
61.27 3.68565
61.37 1.76013
61.47 -0.0450666
61.57 -1.9224
61.67 -3.8683
61.77 -5.81293
61.87 -7.69431
61.97 -9.12391
62.07 -10.0465
62.17 -10.4573
62.27 -10.2094
62.37 -9.71052
62.47 -9.45276
62.57 -9.39637
62.67 -9.62232
62.77 -9.75559
62.87 -9.64776
62.97 -9.24296
63.07 -8.09362
63.17 -6.21932
63.27 -3.88823
63.37 -1.50019
63.47 0.761929
63.57 2.75237
63.67 4.41091
63.77 5.23663
63.87 5.22836
63.97 4.28744
64.07 2.70371
64.17 1.06779
64.27 -0.237532
64.37 -0.946235
64.47 -0.898952
64.57 -0.352994
64.67 0.162042
64.77 0.216292
64.87 0.122407
64.97 0.4783
65.07 0.935976
65.17 1.31184
65.27 1.63136
65.37 2.05404
65.47 3.00172
65.57 4.49663
65.67 6.01556
65.77 6.72429
65.87 6.8357
65.97 7.26378
66.07 8.18992
66.17 8.58903
66.27 8.51852
66.37 7.66375
66.47 6.39072
66.57 4.91232
66.67 3.27814
66.77 1.81897
66.87 0.0605111
66.97 -1.18248
67.07 -1.69767
67.17 -1.68431
67.27 -1.85137
67.37 -2.07808
67.47 -1.88238
67.57 -1.634
67.67 -1.15669
67.77 -0.420184
67.87 0.148086
67.97 0.240329
68.07 0.307207
68.17 -1.04885
68.27 -2.7226
68.37 -3.9022
68.47 -4.56566
68.57 -4.78134
68.67 -4.76195
68.77 -4.68514
68.87 -4.22751
68.97 -3.38705
69.07 -2.64888
69.17 -2.01634
69.27 -1.77648
69.37 -1.93241
69.47 -2.08177
69.57 -1.9422
69.67 -1.87882
69.77 -1.39157
69.87 -1.48149
69.97 -1.31149
70.07 -0.769907
70.17 0.207655
70.27 1.73296
70.37 2.77796
70.47 3.81879
70.57 4.76831
70.67 5.45425
70.77 5.54875
70.87 5.04069
70.97 4.38867
71.07 3.88324
71.17 3.28569
71.27 2.68471
71.37 2.08014
71.47 1.65744
71.57 1.14783
71.67 0.539025
71.77 -0.748508
71.87 -1.5898
71.97 -2.15993
72.07 -2.44887
72.17 -2.21317
72.27 -1.67413
72.37 -0.799967
72.47 -0.0512863
72.57 0.548027
72.67 0.618656
72.77 0.655888
72.87 0.663391
72.97 0.364965
73.07 -0.149708
73.17 -0.122157
73.27 0.271809
73.37 0.0884566
73.47 -0.397208
73.57 -0.759247
73.67 -0.800709
73.77 -0.754623
73.87 -0.624466
73.97 -0.20251
74.07 0.000486528
74.17 -0.13651
74.27 -0.173982
74.37 -0.428158
74.47 -0.914351
74.57 -1.59824
74.67 -1.61025
74.77 -1.11307
74.87 0.0465851
74.97 1.39511
75.07 2.70707
75.17 3.43982
75.27 3.49581
75.37 3.08831
75.47 2.31062
75.57 1.25243
75.67 -0.0338571
75.77 -1.1986
75.87 -1.66125
75.97 -1.15651
76.07 0.192735
76.17 0.856153
76.27 0.664394
76.37 0.154287
76.47 -0.343816
76.57 -0.88024
76.67 -1.96308
76.77 -3.2552
76.87 -4.00607
76.97 -3.8649
77.07 -2.76473
77.17 -1.63012
77.27 -0.695876
77.37 0.0241123
77.47 0.71583
77.57 1.15468
77.67 1.30344
77.77 1.29255
77.87 1.09756
77.97 0.853832
78.07 0.820695
78.17 1.32379
78.27 1.93702
78.37 2.42393
78.47 2.45897
78.57 2.08024
78.67 1.80854
78.77 1.22692
78.87 0.297594
78.97 -0.418865
79.07 -0.494741
79.17 -0.326542
79.27 -0.165181
79.37 -0.00574289
79.47 0.586742
79.57 1.40746
79.67 2.32446
79.77 3.01156
79.87 3.38487
79.97 3.40173
80.07 2.87337
80.17 2.06643
80.27 1.0915
80.37 0.436869
80.47 -0.241661
80.57 -0.869149
80.67 -1.4128
80.77 -1.94606
80.87 -2.38407
80.97 -2.89143
81.07 -2.94372
81.17 -2.72706
81.27 -2.35884
81.37 -1.93988
81.47 -1.20298
81.57 -0.841011
81.67 -0.748543
81.77 -0.863508
81.87 -0.67403
81.97 -0.120074
82.07 0.797327
82.17 1.61699
82.27 2.38262
82.37 2.81442
82.47 2.95189
82.57 2.56129
82.67 1.4159
82.77 0.101172
82.87 -1.31666
82.97 -2.31925
83.07 -3.04968
83.17 -3.3638
83.27 -3.27026
83.37 -2.8334
83.47 -2.1103
83.57 -1.40917
83.67 -0.77047
83.77 -0.177856
83.87 0.54322
83.97 1.223
84.07 1.53276
84.17 1.52629
84.27 1.81716
84.37 2.05553
84.47 2.17635
84.57 2.54504
84.67 2.68131
84.77 2.60341
84.87 2.41812
84.97 2.06615
85.07 1.72698
85.17 1.31122
85.27 0.996788
85.37 0.904427
85.47 1.20263
85.57 0.920993
85.67 0.611048
85.77 0.414238
85.87 -0.0918152
85.97 -0.626872
86.07 -0.982362
86.17 -1.38735
86.27 -1.82075
86.37 -2.12379
86.47 -2.2227
86.57 -1.91851
86.67 -1.52381
86.77 -1.05841
86.87 -0.748124
86.97 -0.0721632
87.07 0.230334
87.17 0.666241
87.27 0.595333
87.37 0.387521
87.47 0.242725
87.57 0.198498
87.67 0.302368
87.77 0.401552
87.87 0.321572
87.97 0.106828
88.07 -0.218985
88.17 -0.524761
88.27 -0.640237
88.37 -0.660402
88.47 -0.550063
88.57 -0.571531
88.67 -0.750791
88.77 -1.06187
88.87 -1.2787
88.97 -1.14672
89.07 -0.847602
89.17 -0.547612
89.27 -0.226517
89.37 0.172891
89.47 0.608776
89.57 1.08733
89.67 1.53769
89.77 1.87136
89.87 1.99429
89.97 1.90111
90.07 1.65834
90.17 1.21773
90.27 0.966798
90.37 0.624811
90.47 0.305835
90.57 0.102179
90.67 0.0404452
90.77 0.100024
90.87 0.120372
90.97 -0.0417919
91.07 -0.231513
91.17 -0.556503
91.27 -0.863384
91.37 -0.845322
91.47 -0.747079
91.57 -0.548894
91.67 -0.254408
91.77 -0.0858991
91.87 0.169273
91.97 0.85216
92.07 1.44628
92.17 1.56555
92.27 1.37499
92.37 0.909342
92.47 0.574879
92.57 0.17163
92.67 -0.289715
92.77 -0.844136
92.87 -1.0993
92.97 -0.944761
93.07 -0.821025
93.17 -0.714557
93.27 -0.662619
93.37 -0.378763
93.47 -0.193634
93.57 0.0728222
93.67 0.0340625
93.77 -0.0959753
93.87 -0.167011
93.97 -0.111561
94.07 0.0405868
94.17 0.114858
94.27 0.27217
94.37 0.506078
94.47 0.562959
94.57 0.604225
94.67 0.604063
94.77 0.547014
94.87 0.399457
94.97 0.196595
95.07 -0.00791735
95.17 0.000951023
95.27 0.0573256
95.37 0.0594639
95.47 0.0616015
95.57 0.207067
95.67 0.13438
95.77 0.0882067
95.87 0.0882067
95.97 0.0882067
96.07 0.0882067
96.17 0.0882067
96.27 0.0882067
96.37 0.0882067
96.47 0.0882067
96.57 0.0882067
96.67 0.0882067
96.77 0.0882067
96.87 0.0882067
96.97 0.0882067
97.07 0.0882067
97.17 0.0882067
97.27 0.0882067
97.37 0.0882067
97.47 0.0882067
97.57 0.0882067
97.67 0.0882067
97.77 0.0882067
97.87 0.0882067
97.97 0.0882067
98.07 0.0882067
98.17 0.0882067
98.27 0.0882067
98.37 0.0882067
98.47 0.0882067
98.57 0.0882067
98.67 0.0882067
98.77 0.0882067
98.87 0.0882067
98.97 0.0882067
99.07 0.0882067
99.17 0.0882067
99.27 0.0882067
99.37 0.0882067
99.47 0.0882067
99.57 0.0882067
99.67 0.0882067
99.77 0.0882067
99.87 0.0882067
99.97 0.0882067
100.07 0.0882067
100.17 0.0882067
100.27 0.0882067
100.37 0.0882067
100.47 0.0882067
100.57 0.0882067
100.67 0.0882067
100.77 0.0882067
100.87 0.0882067
100.97 0.0882067
101.07 0.0882067
