1.91 1.44527
2.01 0.576329
2.11 -0.213831
2.21 -0.729771
2.31 -0.710227
2.41 -0.830943
2.51 -1.20554
2.61 -1.39155
2.71 -1.27901
2.81 -0.645632
2.91 0.392179
3.01 1.30572
3.11 1.84252
3.21 1.93861
3.31 2.16503
3.41 1.81533
3.51 1.08908
3.61 0.579643
3.71 -0.302633
3.81 -1.33314
3.91 -2.14082
4.01 -2.47616
4.11 -2.30116
4.21 -1.78614
4.31 -0.772848
4.41 0.642187
4.51 2.05727
4.61 2.72765
4.71 3.04105
4.81 3.69264
4.91 4.39577
5.01 4.90151
5.11 5.05162
5.21 4.51629
5.31 3.63947
5.41 2.79778
5.51 2.02418
5.61 1.40344
5.71 0.578785
5.81 -0.462541
5.91 -1.06934
6.01 -0.617571
6.11 0.455372
6.21 1.61269
6.31 2.08766
6.41 1.74771
6.51 0.890389
6.61 -0.176642
6.71 -1.29849
6.81 -2.13789
6.91 -2.93667
7.01 -3.24441
7.11 -2.68918
7.21 -1.70246
7.31 -0.374589
7.41 1.11542
7.51 2.54099
7.61 3.16975
7.71 2.70447
7.81 1.74348
7.91 0.59364
8.01 -0.544888
8.11 -1.49056
8.21 -1.94892
8.31 -1.86886
8.41 -1.60635
8.51 -1.52291
8.61 -1.78328
8.71 -2.01283
8.81 -1.60973
8.91 -0.766844
9.01 0.457619
9.11 1.70283
9.21 2.76235
9.31 3.71754
9.41 4.54879
9.51 4.82748
9.61 4.67893
9.71 4.55358
9.81 4.76284
9.91 5.15015
10.01 5.19181
10.11 4.80652
10.21 4.06063
10.31 2.90702
10.41 1.32374
10.51 -0.462075
10.61 -1.86404
10.71 -3.00199
10.81 -4.15009
10.91 -4.92498
11.01 -5.21092
11.11 -4.89733
11.21 -4.22266
11.31 -3.25876
11.41 -1.74988
11.51 0.109254
11.61 1.26182
11.71 1.67779
11.81 2.11927
11.91 2.39409
12.01 2.29202
12.11 2.03066
12.21 1.67488
12.31 1.33258
12.41 1.21509
12.51 1.21347
12.61 1.28121
12.71 1.21022
12.81 1.19921
12.91 0.870758
13.01 0.324287
13.11 -0.200137
13.21 -0.61829
13.31 -1.01051
13.41 -1.30929
13.51 -1.37116
13.61 -1.28906
13.71 -1.175
13.81 -0.740807
13.91 -0.0106038
14.01 0.882532
14.11 1.46911
14.21 1.64415
14.31 1.84738
14.41 2.15422
14.51 2.27703
14.61 2.73043
14.71 3.70419
14.81 4.61556
14.91 5.16438
15.01 5.66766
15.11 5.78575
15.21 5.23753
15.31 3.79482
15.41 1.30083
15.51 -2.18194
15.61 -6.03986
15.71 -9.50903
15.81 -11.9306
15.91 -13.1441
16.01 -12.493
16.11 -9.9547
16.21 -5.69379
16.31 0.0360888
16.41 6.21318
16.51 12.025
16.61 16.9384
16.71 20.204
16.81 20.618
16.91 17.9103
17.01 12.6695
17.11 5.67534
17.21 -1.55731
17.31 -7.86302
17.41 -12.423
17.51 -14.769
17.61 -14.6629
17.71 -12.4998
17.81 -9.3391
17.91 -6.08933
18.01 -3.38672
18.11 -1.2166
18.21 1.0867
18.31 4.06892
18.41 7.79179
18.51 12.2243
18.61 16.4459
18.71 18.2441
18.81 15.8474
18.91 7.67023
19.01 -7.88034
19.11 -30.5151
19.21 -56.9054
19.31 -79.6738
19.41 -90.4066
19.51 -84.3297
19.61 -60.8829
19.71 -20.3407
19.81 34.7305
19.91 97.7152
20.01 157.51
20.11 198.693
20.21 211.128
20.31 188.396
20.41 120.417
20.51 8.73885
20.61 -117.032
20.71 -213.407
20.81 -257.407
20.91 -258.494
21.01 -227.207
21.11 -172.055
21.21 -107.961
21.31 -50.6485
21.41 -9.28205
21.51 19.7644
21.61 40.7521
21.71 56.8954
21.81 72.249
21.91 89.4271
22.01 108.51
22.11 126.498
22.21 138.26
22.31 139.287
22.41 127.566
22.51 105.16
22.61 76.6321
22.71 46.5281
22.81 16.7803
22.91 -13.0587
23.01 -44.1172
23.11 -77.0835
23.21 -110.074
23.31 -137.082
23.41 -151.458
23.51 -149.136
23.61 -131.872
23.71 -104.987
23.81 -75.9782
23.91 -50.7749
24.01 -31.883
24.11 -18.2608
24.21 -6.95874
24.31 4.94316
24.41 19.8996
24.51 39.7466
24.61 63.045
24.71 85.4767
24.81 102.434
24.91 110.703
25.01 109.439
25.11 99.3735
25.21 84.2121
25.31 68.0936
25.41 52.769
25.51 37.8025
25.61 22.327
25.71 5.9208
25.81 -11.0455
25.91 -26.9275
26.01 -39.8766
26.11 -49.6685
26.21 -56.3594
26.31 -61.0531
26.41 -65.1566
26.51 -69.24
26.61 -72.4387
26.71 -73.067
26.81 -69.9698
26.91 -63.0351
27.01 -52.413
27.11 -39.2546
27.21 -25.8514
27.31 -13.8682
27.41 -3.6675
27.51 5.02077
27.61 12.6884
27.71 19.8039
27.81 26.1408
27.91 31.4031
28.01 35.6196
28.11 38.7805
28.21 41.1683
28.31 43.5155
28.41 46.3056
28.51 49.8168
28.61 53.3433
28.71 55.3392
28.81 54.6314
28.91 50.9994
29.01 44.8492
29.11 36.6701
29.21 27.3023
29.31 17.4356
29.41 7.22782
29.51 -3.38738
29.61 -14.265
29.71 -24.6668
29.81 -33.8984
29.91 -40.9021
30.01 -45.4296
30.11 -47.9818
30.21 -49.3744
30.31 -50.243
30.41 -50.5038
30.51 -50.4941
30.61 -50.0718
30.71 -48.5441
30.81 -45.2837
30.91 -40.5852
31.01 -34.9794
31.11 -28.6936
31.21 -21.9251
31.31 -15.2277
31.41 -9.20589
31.51 -3.42659
31.61 2.75122
31.71 9.68425
31.81 17.1238
31.91 24.0348
32.01 30.0023
32.11 35.1163
32.21 39.3693
32.31 43.0296
32.41 46.426
32.51 49.1843
32.61 50.8715
32.71 51.1491
32.81 50.0664
32.91 47.8835
33.01 44.6379
33.11 40.2243
33.21 34.936
33.31 29.1338
33.41 22.8235
33.51 16.3262
33.61 9.32714
33.71 1.77099
33.81 -5.95973
33.91 -13.4801
34.01 -20.6331
34.11 -27.4716
34.21 -33.8705
34.31 -39.8115
34.41 -44.8152
34.51 -48.6252
34.61 -51.2156
34.71 -52.315
34.81 -51.7228
34.91 -49.8722
35.01 -47.3767
35.11 -44.565
35.21 -41.1822
35.31 -37.3088
35.41 -33.1291
35.51 -28.3595
35.61 -22.7205
35.71 -16.3045
35.81 -9.62145
35.91 -3.34182
36.01 2.43235
36.11 7.81544
36.21 13.1217
36.31 18.614
36.41 24.1683
36.51 29.3103
36.61 33.8719
36.71 37.834
36.81 41.2338
36.91 43.858
37.01 45.5677
37.11 46.2737
37.21 46.2901
37.31 45.6389
37.41 44.226
37.51 41.8161
37.61 38.6329
37.71 34.8211
37.81 30.3019
37.91 25.4442
38.01 20.0592
38.11 14.4538
38.21 8.88418
38.31 2.98556
38.41 -3.16704
38.51 -9.3691
38.61 -15.2014
38.71 -20.5145
38.81 -25.3343
38.91 -29.7667
39.01 -33.7003
39.11 -37.1278
39.21 -39.8802
39.31 -41.8925
39.41 -43.0792
39.51 -43.2391
39.61 -42.229
39.71 -40.1272
39.81 -37.5495
39.91 -34.7011
40.01 -31.4562
40.11 -28.1889
40.21 -24.7913
40.31 -20.8648
40.41 -16.6828
40.51 -12.8019
40.61 -9.33429
40.71 -6.3189
40.81 -3.19503
40.91 0.466109
41.01 4.75412
41.11 9.30966
41.21 14.0694
41.31 18.9398
41.41 23.5529
41.51 27.6423
41.61 31.1353
41.71 33.9599
41.81 36.0896
41.91 37.7669
42.01 38.881
42.11 39.0154
42.21 38.0901
42.31 36.3361
42.41 33.9401
42.51 30.9672
42.61 27.6499
42.71 24.191
42.81 20.7476
42.91 17.6519
43.01 15.1034
43.11 12.6534
43.21 10.0571
43.31 7.17135
43.41 3.6833
43.51 -0.631344
43.61 -5.38849
43.71 -10.331
43.81 -15.2125
43.91 -19.9333
44.01 -24.0585
44.11 -27.2107
44.21 -29.1294
44.31 -30.1875
44.41 -31.3302
44.51 -32.8507
44.61 -34.2345
44.71 -35.1505
44.81 -35.4554
44.91 -34.9483
45.01 -33.4839
45.11 -31.1183
45.21 -28.1189
45.31 -24.8219
45.41 -21.4834
45.51 -18.2727
45.61 -15.1758
45.71 -11.9671
45.81 -8.58439
45.91 -4.86533
46.01 -0.590594
46.11 4.17375
46.21 9.12582
46.31 13.7836
46.41 17.8194
46.51 20.9853
46.61 23.3156
46.71 25.3429
46.81 26.8468
46.91 28.0784
47.01 29.3723
47.11 30.3155
47.21 30.855
47.31 30.9899
47.41 30.7263
47.51 29.9328
47.61 28.3384
47.71 26.2718
47.81 23.9877
47.91 21.4922
48.01 18.5587
48.11 15.4138
48.21 11.8502
48.31 8.24678
48.41 4.94442
48.51 1.87709
48.61 -1.18177
48.71 -4.1594
48.81 -6.69951
48.91 -8.77653
49.01 -10.8185
49.11 -12.7677
49.21 -14.6613
49.31 -16.659
49.41 -18.5517
49.51 -20.1322
49.61 -21.7008
49.71 -23.0029
49.81 -23.9031
49.91 -24.6408
50.01 -25.4596
50.11 -25.8268
50.21 -25.6244
50.31 -24.8983
50.41 -23.3794
50.51 -21.3929
50.61 -19.2304
50.71 -16.964
50.81 -14.5617
50.91 -12.1541
51.01 -9.34792
51.11 -5.87142
51.21 -1.91129
51.31 1.95881
51.41 5.09501
51.51 7.77366
51.61 10.4316
51.71 12.9236
51.81 15.3852
51.91 17.505
52.01 19.1775
52.11 20.6847
52.21 21.9773
52.31 22.8167
52.41 23.0975
52.51 22.8395
52.61 22.3055
52.71 21.5145
52.81 20.5742
52.91 19.2788
53.01 17.3818
53.11 15.1209
53.21 13.2458
53.31 11.7277
53.41 10.348
53.51 9.02154
53.61 8.27953
53.71 7.61538
53.81 6.40964
53.91 4.39806
54.01 1.87503
54.11 -0.7279
54.21 -3.24989
54.31 -5.66584
54.41 -8.10613
54.51 -10.1464
54.61 -11.254
54.71 -11.7588
54.81 -12.0046
54.91 -12.4254
55.01 -13.2917
55.11 -14.2884
55.21 -15.1786
55.31 -15.7624
55.41 -16.1751
55.51 -16.5311
55.61 -16.5664
55.71 -15.7816
55.81 -14.3622
55.91 -12.8682
56.01 -11.3206
56.11 -9.55979
56.21 -7.74487
56.31 -6.31219
56.41 -5.12359
56.51 -4.10122
56.61 -3.02884
56.71 -1.86692
56.81 -0.412041
56.91 1.44425
57.01 3.30041
57.11 5.02825
57.21 7.00398
57.31 8.80513
57.41 10.1758
57.51 10.8291
57.61 10.981
57.71 11.0662
57.81 11.3325
57.91 11.9212
58.01 12.3763
58.11 12.3974
58.21 12.3024
58.31 12.7883
58.41 13.7547
58.51 14.4476
58.61 14.4886
58.71 13.8009
58.81 12.8401
58.91 11.3062
59.01 9.3926
59.11 7.30478
59.21 5.44031
59.31 3.96861
59.41 2.82942
59.51 2.00923
59.61 1.08596
59.71 -0.328363
59.81 -1.99042
59.91 -3.41228
60.01 -4.53763
60.11 -5.50355
60.21 -5.85499
60.31 -5.60118
60.41 -4.97996
60.51 -4.1894
60.61 -3.5722
60.71 -3.45485
60.81 -4.37699
60.91 -6.36088
61.01 -9.05296
61.11 -12.2355
61.21 -15.156
61.31 -16.9927
61.41 -17.5364
61.51 -17.3346
61.61 -16.7844
61.71 -15.9578
61.81 -14.568
61.91 -12.1925
62.01 -8.60564
62.11 -4.02914
62.21 0.978204
62.31 6.46181
62.41 11.5863
62.51 15.226
62.61 16.9389
62.71 16.688
62.81 14.975
62.91 12.08
63.01 8.39574
63.11 4.52355
63.21 1.45343
63.31 -0.491771
63.41 -1.55062
63.51 -1.8771
63.61 -1.58316
63.71 -0.753968
63.81 0.242631
63.91 1.25322
64.01 2.20177
64.11 3.58643
64.21 5.6093
64.31 8.23807
64.41 10.9186
64.51 12.9469
64.61 13.7636
64.71 13.7865
64.81 13.1441
64.91 11.9401
65.01 10.3153
65.11 8.05489
65.21 5.46982
65.31 2.96774
65.41 0.890988
65.51 -0.563354
65.61 -1.37271
65.71 -1.86583
65.81 -2.42786
65.91 -3.0254
66.01 -3.71094
66.11 -4.28399
66.21 -4.89968
66.31 -5.69436
66.41 -6.57391
66.51 -7.45481
66.61 -8.32805
66.71 -9.19228
66.81 -10.0139
66.91 -10.1334
67.01 -9.40526
67.11 -8.57403
67.21 -7.84135
67.31 -7.02165
67.41 -6.31007
67.51 -5.87615
67.61 -5.55808
67.71 -5.34144
67.81 -4.43591
67.91 -3.18724
68.01 -1.54253
68.11 0.215581
68.21 1.72552
68.31 2.74143
68.41 3.3079
68.51 3.78852
68.61 3.71284
68.71 3.55516
68.81 3.42231
68.91 3.80351
69.01 4.75334
69.11 6.24224
69.21 7.38626
69.31 8.04186
69.41 8.69515
69.51 9.02192
69.61 9.12805
69.71 8.83032
69.81 8.59405
69.91 8.04637
70.01 7.61305
70.11 7.1551
70.21 6.61686
70.31 5.9256
70.41 5.05853
70.51 4.3785
70.61 3.12573
70.71 1.80701
70.81 0.982836
70.91 0.21948
71.01 -0.348972
71.11 -1.02747
71.21 -1.8045
71.31 -3.01521
71.41 -4.40584
71.51 -5.72409
71.61 -6.56331
71.71 -7.17296
71.81 -7.22075
71.91 -6.63544
72.01 -5.85377
72.11 -4.77499
72.21 -3.44829
72.31 -2.56048
72.41 -1.91716
72.51 -1.39774
72.61 -1.49101
72.71 -2.00636
72.81 -2.43982
72.91 -2.57438
73.01 -2.69516
73.11 -2.53558
73.21 -2.29109
73.31 -1.88504
73.41 -1.2445
73.51 -0.108228
73.61 1.26799
73.71 2.60478
73.81 3.58349
73.91 4.70198
74.01 5.48141
74.11 5.39674
74.21 4.67676
74.31 3.86829
74.41 3.44332
74.51 3.60123
74.61 4.05371
74.71 4.63116
74.81 4.75688
74.91 4.9422
75.01 4.89718
75.11 4.21491
75.21 2.68842
75.31 0.550565
75.41 -1.04479
75.51 -2.5091
75.61 -3.32345
75.71 -3.59829
75.81 -3.18621
75.91 -2.33947
76.01 -1.5818
76.11 -1.09435
76.21 -0.764617
76.31 -0.672001
76.41 -0.459993
76.51 -0.163987
76.61 -0.145586
76.71 -0.426514
76.81 -0.837148
76.91 -1.07232
77.01 -0.7842
77.11 -0.091444
77.21 0.88699
77.31 1.5197
77.41 1.99394
77.51 2.44344
77.61 2.69975
77.71 2.48327
77.81 1.95551
77.91 1.45048
78.01 0.859705
78.11 0.0173101
78.21 -0.439991
78.31 -0.1677
78.41 0.457516
78.51 0.967629
78.61 1.70234
78.71 1.60615
78.81 1.67742
78.91 1.5756
79.01 1.36043
79.11 0.977368
79.21 0.365439
79.31 0.0342859
79.41 -0.0889245
79.51 0.127454
79.61 0.350005
79.71 0.0903477
79.81 -0.530051
79.91 -1.11484
80.01 -1.49069
80.11 -1.73108
80.21 -2.11177
80.31 -2.78465
80.41 -3.47192
80.51 -4.028
80.61 -4.39564
80.71 -4.49052
80.81 -4.25206
80.91 -3.63439
81.01 -3.03028
81.11 -2.04639
81.21 -0.872187
81.31 0.317696
81.41 1.41554
81.51 2.60371
81.61 3.68114
81.71 4.30467
81.81 4.66955
81.91 4.35636
82.01 3.28824
82.11 2.6858
82.21 2.06017
82.31 1.70979
82.41 1.25254
82.51 0.917291
82.61 0.709935
82.71 1.01666
82.81 1.56503
82.91 2.33977
83.01 2.89388
83.11 2.97955
83.21 2.81947
83.31 2.07906
83.41 1.12958
83.51 0.367865
83.61 -0.118971
83.71 -0.420467
83.81 -0.468619
83.91 -0.38873
84.01 -0.162027
84.11 -0.0160221
84.21 0.502885
84.31 1.03822
84.41 1.32996
84.51 1.06941
84.61 0.736955
84.71 0.0183183
84.81 -0.78071
84.91 -1.75262
85.01 -2.79606
85.11 -3.90224
85.21 -4.5073
85.31 -4.70009
85.41 -4.48862
85.51 -4.04748
85.61 -3.44841
85.71 -2.55582
85.81 -1.40782
85.91 -0.0933498
86.01 0.797107
86.11 1.62464
86.21 2.05387
86.31 2.49819
86.41 2.57708
86.51 2.73323
86.61 2.17325
86.71 1.6908
86.81 1.51662
86.91 1.08697
87.01 0.658929
87.11 0.181493
87.21 -0.20288
87.31 -0.613475
87.41 -1.00309
87.51 -1.47043
87.61 -1.93506
87.71 -2.01058
87.81 -1.93892
87.91 -1.40441
88.01 -0.831761
88.11 -0.320255
88.21 0.465046
88.31 1.22246
88.41 1.93551
88.51 2.85608
88.61 3.43452
88.71 4.21027
88.81 4.69664
88.91 4.79578
89.01 4.42017
89.11 3.56399
89.21 2.44974
89.31 1.25389
89.41 -0.0366284
89.51 -1.20145
89.61 -1.72427
89.71 -1.98787
89.81 -1.97721
89.91 -1.74148
90.01 -1.57645
90.11 -1.40142
90.21 -1.44598
90.31 -1.55071
90.41 -1.57301
90.51 -1.63746
90.61 -1.79894
90.71 -1.68421
90.81 -1.61335
90.91 -1.05372
91.01 -0.309458
91.11 0.369759
91.21 0.751015
91.31 0.853543
91.41 0.820591
91.51 0.707861
91.61 0.576208
91.71 0.181254
91.81 0.0511298
91.91 -0.154372
92.01 -0.160752
92.11 -0.0453374
92.21 0.0805735
92.31 0.0438995
92.41 -0.202413
92.51 -0.39674
92.61 -0.535039
92.71 -0.665851
92.81 -0.915312
92.91 -0.885379
93.01 -0.813568
93.11 -0.668487
93.21 -0.451406
93.31 -0.0244697
93.41 0.257446
93.51 0.562303
93.61 1.10009
93.71 1.67217
93.81 2.2523
93.91 2.67026
94.01 2.69484
94.11 2.35579
94.21 1.99157
94.31 1.41343
94.41 0.711248
94.51 0.102233
94.61 -0.441452
94.71 -0.783484
94.81 -0.923727
94.91 -0.853537
95.01 -0.792951
95.11 -0.556546
95.21 -0.22059
95.31 -0.16962
95.41 -0.14447
95.51 -0.389343
95.61 -0.522328
95.71 -0.554183
95.81 -0.333586
95.91 -0.202805
96.01 -0.082727
96.11 0.0865968
96.21 0.289749
96.31 0.472429
96.41 0.624741
96.51 0.744038
96.61 0.33676
96.71 0.620326
96.81 0.657861
96.91 0.485738
97.01 0.170727
97.11 -0.211021
97.21 -0.456783
97.31 -0.576948
97.41 -0.647979
97.51 -0.648179
97.61 -0.560009
97.71 -0.412511
97.81 -0.227541
97.91 -0.0615108
98.01 -0.00438008
98.11 0.0176659
98.21 0.0769771
98.31 0.155137
98.41 0.217864
98.51 0.252701
98.61 0.00469075
98.71 0.00419932
98.81 0.00660249
98.91 0.0174901
99.01 0.01897
99.11 0.0364828
99.21 0.0534967
99.31 0.0548133
99.41 0.0501322
99.51 0.0483611
99.61 0.0483611
99.71 0.0483611
99.81 0.0483611
99.91 0.0483611
100.01 0.0483611
100.11 0.0483611
100.21 0.0483611
100.31 0.0483611
100.41 0.0483611
100.51 0.0483611
100.61 0.0483611
100.71 0.0483611
100.81 0.0483611
100.91 0.0483611
101.01 0.0483611
101.11 0.0483611
101.21 0.0483611
101.31 0.0483611
101.41 0.0483611
101.51 0.0483611
101.61 0.0483611
101.71 0.0483611
101.81 0.0483611
101.91 0.0483611
102.01 0.0483611
102.11 0.0483611
102.21 0.0483611
102.31 0.0483611
102.41 0.0483611
102.51 0.0483611
102.61 0.0483611
102.71 0.0483611
102.81 0.0483611
102.91 0.0483611
103.01 0.0483611
103.11 0.0483611
103.21 0.0483611
103.31 0.0483611
103.41 0.0483611
103.51 0.0483611
103.61 0.0483611
103.71 0.0483611
103.81 0.0483611
103.91 0.0483611
104.01 0.0483611
104.11 0.0483611
104.21 0.0483611
