-4.67 1.32258
-4.57497 1.23848
-4.47995 1.41883
-4.38492 1.85395
-4.28989 1.9098
-4.19486 1.54109
-4.09984 0.742868
-4.00481 -0.287394
-3.90978 -1.23098
-3.81476 -1.79045
-3.71973 -1.82672
-3.6247 -1.42513
-3.52968 -0.857877
-3.43465 -0.459671
-3.33962 -0.473759
-3.24459 -0.938551
-3.14957 -1.6647
-3.05454 -2.31001
-2.95951 -2.51628
-2.86449 -2.04809
-2.76946 -0.878296
-2.67443 0.806567
-2.57941 2.67211
-2.48438 4.33833
-2.38935 5.47772
-2.29432 5.88166
-2.1993 5.48803
-2.10427 4.379
-2.00924 2.76174
-1.91422 0.93792
-1.81919 -0.740231
-1.72416 -1.93198
-1.62913 -2.38412
-1.53411 -2.00349
-1.43908 -0.914982
-1.34405 0.618107
-1.24903 2.15329
-1.154 3.28734
-1.05897 3.74232
-0.963945 3.44564
-0.868918 2.54254
-0.773891 1.33823
-0.678864 0.193551
-0.583837 -0.58648
-0.48881 -0.83374
-0.393783 -0.546504
-0.298756 0.132224
-0.203729 0.970594
-0.108702 1.71531
-0.0136749 2.15209
0.0813522 2.1493
0.176379 1.68143
0.271406 0.831409
0.366433 -0.229451
0.46146 -1.28341
0.556487 -2.12348
0.651514 -2.61071
0.746541 -2.71112
0.841569 -2.49568
0.936596 -2.10058
1.03162 -1.66383
1.12665 -1.2671
1.22168 -0.911645
1.3167 -0.540283
1.41173 -0.0930694
1.50676 0.435582
1.60178 0.973219
1.69681 1.39674
1.79184 1.59931
1.88687 1.56022
1.98189 1.37572
2.07692 1.22685
2.17195 1.29518
2.26697 1.66769
2.362 2.2827
2.45703 2.94957
2.55206 3.43663
2.64708 3.58336
2.74211 3.37749
2.83714 2.95391
2.93216 2.51419
3.02719 2.20964
3.12222 2.0529
3.21724 1.90954
3.31227 1.57756
3.4073 0.913528
3.50233 -0.0648616
3.59735 -1.15982
3.69238 -2.07381
3.78741 -2.55016
3.88243 -2.49931
3.97746 -2.04115
4.07249 -1.43791
4.16752 -0.951374
4.26254 -0.701269
4.35757 -0.602758
4.4526 -0.419491
4.54762 0.0941622
4.64265 1.03763
4.73768 2.28028
4.8327 3.49662
4.92773 4.30462
5.02276 4.43591
5.11779 3.85024
5.21281 2.73753
5.30784 1.41175
5.40287 0.158285
5.49789 -0.881759
5.59292 -1.73185
5.68795 -2.50275
5.78297 -3.27135
5.878 -3.99221
5.97303 -4.49633
6.06806 -4.57776
6.16308 -4.11567
6.25811 -3.15736
6.35314 -1.91073
6.44816 -0.648359
6.54319 0.421986
6.63822 1.245
6.73325 1.91314
6.82827 2.57417
6.9233 3.30923
7.01833 4.05816
7.11335 4.64125
7.20838 4.86755
7.30341 4.66469
7.39843 4.14765
7.49346 3.57715
7.58849 3.22319
7.68352 3.20991
7.77854 3.43521
7.87357 3.62023
7.9686 3.46978
8.06362 2.85567
8.15865 1.91442
8.25368 0.992772
8.3487 0.459831
8.44373 0.484899
8.53876 0.909054
8.63379 1.29468
8.72881 1.14174
8.82384 0.163757
8.91887 -1.52549
9.01389 -3.42388
9.10892 -4.85854
9.20395 -5.30453
9.29898 -4.64083
9.394 -3.20811
9.48903 -1.6352
9.58406 -0.523576
9.67908 -0.154733
9.77411 -0.372321
9.86914 -0.695292
9.96416 -0.593349
10.0592 0.229543
10.1542 1.69617
10.2492 3.42727
10.3443 4.96658
10.4393 6.01685
10.5343 6.54339
10.6294 6.68759
10.7244 6.55507
10.8194 6.02762
10.9144 4.74281
11.0095 2.28738
11.1045 -1.48418
11.1995 -6.18844
11.2945 -10.8836
11.3896 -14.3332
11.4846 -15.466
11.5796 -13.8142
11.6747 -9.71025
11.7697 -4.13521
11.8647 1.70768
11.9597 6.87458
12.0548 10.9708
12.1498 14.1086
12.2448 16.5796
12.3398 18.4524
12.4349 19.35
12.5299 18.5595
12.6249 15.4333
12.7199 9.85673
12.815 2.5054
12.91 -5.28707
13.005 -12.0138
13.1001 -16.5909
13.1951 -18.7446
13.2901 -18.9702
13.3851 -18.0767
13.4802 -16.5688
13.5752 -14.2316
13.6702 -10.1875
13.7652 -3.4498
13.8603 6.29031
13.9553 18.0562
14.0503 29.5099
14.1454 37.5052
14.2404 39.0496
14.3354 32.2574
14.4304 16.8944
14.5255 -5.64558
14.6205 -32.783
14.7155 -61.2584
14.8105 -87.3822
14.9056 -106.972
15.0006 -115.263
15.0956 -107.261
15.1907 -78.905
15.2857 -28.9539
15.3807 39.0158
15.4757 115.512
15.5708 185.855
15.6658 233.103
15.7608 242.621
15.8558 206.912
15.9509 128.933
16.0459 22.4378
16.1409 -91.1127
16.2359 -188.297
16.331 -250.271
16.426 -267.879
16.521 -243.606
16.6161 -189.782
16.7111 -123.829
16.8061 -62.4013
16.9011 -16.5161
16.9962 10.7196
17.0912 23.3156
17.1862 29.2487
17.2812 36.4678
17.3763 49.6888
17.4713 69.0694
17.5663 90.9532
17.6614 110.016
17.7564 121.685
17.8514 123.776
17.9464 116.811
18.0415 103.119
18.1365 85.3688
18.2315 65.2983
18.3265 43.2314
18.4216 18.5047
18.5166 -9.50656
18.6116 -40.336
18.7067 -71.8842
18.8017 -100.665
18.8967 -122.746
18.9917 -135
19.0868 -136.141
19.1818 -127.152
19.2768 -110.917
19.3718 -91.2243
19.4669 -71.5044
19.5619 -53.7815
19.6569 -38.2097
19.752 -23.3527
19.847 -7.08357
19.942 12.2528
20.037 34.8691
20.1321 59.1436
20.2271 81.9716
20.3221 99.7387
20.4171 109.545
20.5122 110.207
20.6072 102.635
20.7022 89.4576
20.7972 74.0343
20.8923 59.2707
20.9873 46.7083
21.0823 36.2327
21.1774 26.4739
21.2724 15.6747
21.3674 2.6225
21.4624 -12.7567
21.5575 -29.3594
21.6525 -45.3731
21.7475 -58.9806
21.8425 -68.9563
21.9376 -74.9083
22.0326 -77.1245
22.1276 -76.1852
22.2227 -72.5989
22.3177 -66.6646
22.4127 -58.6005
22.5077 -48.8101
22.6028 -38.0674
22.6978 -27.4584
22.7928 -18.0644
22.8878 -10.5409
22.9829 -4.82805
23.0779 -0.174742
23.1729 4.50198
23.268 10.0834
23.363 16.805
23.458 24.1281
23.553 30.9966
23.6481 36.3465
23.7431 39.6106
23.8381 40.9618
23.9331 41.1805
24.0282 41.2271
24.1232 41.7506
24.2182 42.7873
24.3132 43.7915
24.4083 43.9584
24.5033 42.6468
24.5983 39.6655
24.6934 35.2814
24.7884 29.9691
24.8834 24.0727
24.9784 17.5932
25.0735 10.2375
25.1685 1.70256
25.2635 -7.9737
25.3585 -18.2156
25.4536 -28.0049
25.5486 -36.2453
25.6436 -42.2149
25.7387 -45.8664
25.8337 -47.8053
25.9287 -48.9448
26.0237 -50.0106
26.1188 -51.153
26.2138 -51.8698
26.3088 -51.2839
26.4038 -48.6293
26.4989 -43.6918
26.5939 -36.9743
26.6889 -29.5006
26.784 -22.3643
26.879 -16.2559
26.974 -11.2111
27.069 -6.69731
27.1641 -1.97753
27.2591 3.45243
27.3541 9.58714
27.4491 15.9324
27.5442 21.7954
27.6392 26.6705
27.7342 30.5019
27.8292 33.6795
27.9243 36.7751
28.0193 40.1708
28.1143 43.7891
28.2094 47.075
28.3044 49.2416
28.3994 49.6471
28.4944 48.1006
28.5895 44.9373
28.6845 40.8281
28.7795 36.4322
28.8745 32.082
28.9696 27.6649
29.0646 22.7572
29.1596 16.9286
29.2547 10.0454
29.3497 2.40864
29.4447 -5.34386
29.5397 -12.5135
29.6348 -18.6435
29.7298 -23.6877
29.8248 -27.9635
29.9198 -31.9226
30.0149 -35.8693
30.1099 -39.7776
30.2049 -43.2965
30.3 -45.9316
30.395 -47.2943
30.49 -47.2854
30.585 -46.1201
30.6801 -44.1932
30.7751 -41.8691
30.8701 -39.314
30.9651 -36.4553
31.0602 -33.0785
31.1552 -28.9929
31.2502 -24.1681
31.3452 -18.7663
31.4403 -13.061
31.5353 -7.30193
31.6303 -1.61166
31.7254 4.02192
31.8204 9.65583
31.9154 15.2635
32.0104 20.6524
32.1055 25.4876
32.2005 29.4191
32.2955 32.249
32.3905 34.0473
32.4856 35.1455
32.5806 36.0027
32.6756 37.001
32.7707 38.2706
32.8657 39.6245
32.9607 40.6352
33.0557 40.812
33.1508 39.7963
33.2458 37.4871
33.3408 34.0504
33.4358 29.8243
33.5309 25.1782
33.6259 20.3955
33.7209 15.6264
33.816 10.9145
33.911 6.26007
34.006 1.67661
34.101 -2.79399
34.1961 -7.10579
34.2911 -11.247
34.3861 -15.2584
34.4811 -19.2127
34.5762 -23.1624
34.6712 -27.0826
34.7662 -30.8408
34.8613 -34.21
34.9563 -36.919
35.0513 -38.7177
35.1463 -39.4316
35.2414 -38.9908
35.3364 -37.4362
35.4314 -34.9135
35.5264 -31.6657
35.6215 -28.0201
35.7165 -24.3595
35.8115 -21.0639
35.9065 -18.4255
36.0016 -16.5593
36.0966 -15.3458
36.1916 -14.4397
36.2867 -13.3565
36.3817 -11.6137
36.4767 -8.87931
36.5717 -5.07073
36.6668 -0.36861
36.7618 4.85566
36.8568 10.1633
36.9518 15.1691
37.0469 19.6155
37.1419 23.3806
37.2369 26.4376
37.332 28.8001
37.427 30.488
37.522 31.5284
37.617 31.9795
37.7121 31.9486
37.8071 31.5821
37.9021 31.0194
37.9971 30.3334
38.0922 29.4889
38.1872 28.3477
38.2822 26.726
38.3773 24.4821
38.4723 21.5951
38.5673 18.1977
38.6623 14.5474
38.7574 10.9479
38.8524 7.65608
38.9474 4.81129
39.0424 2.41338
39.1375 0.348844
39.2325 -1.5539
39.3275 -3.46765
39.4225 -5.52805
39.5176 -7.81844
39.6126 -10.3693
39.7076 -13.1596
39.8027 -16.114
39.8977 -19.1
39.9927 -21.9376
40.0877 -24.4281
40.1828 -26.4004
40.2778 -27.7577
40.3728 -28.5035
40.4678 -28.7326
40.5629 -28.5865
40.6579 -28.1938
40.7529 -27.621
40.848 -26.856
40.943 -25.8287
41.038 -24.4549
41.133 -22.6771
41.2281 -20.4816
41.3231 -17.8857
41.4181 -14.909
41.5131 -11.5518
41.6082 -7.80098
41.7032 -3.66691
41.7982 0.767794
41.8933 5.31682
41.9883 9.70193
42.0833 13.6141
42.1783 16.8045
42.2734 19.1672
42.3684 20.7762
42.4634 21.8556
42.5584 22.6925
42.6535 23.526
42.7485 24.4583
42.8435 25.4211
42.9385 26.2107
43.0336 26.5726
43.1286 26.3011
43.2236 25.315
43.3187 23.6835
43.4137 21.6012
43.5087 19.3249
43.6037 17.101
43.6988 15.1058
43.7938 13.4148
43.8888 12.002
43.9838 10.7647
44.0789 9.56117
44.1739 8.25148
44.2689 6.73234
44.364 4.95831
44.459 2.94465
44.554 0.751088
44.649 -1.54885
44.7441 -3.9017
44.8391 -6.29681
44.9341 -8.76575
45.0291 -11.3554
45.1242 -14.0833
45.2192 -16.8947
45.3142 -19.642
45.4093 -22.1006
45.5043 -24.0201
45.5993 -25.194
45.6943 -25.5211
45.7894 -25.0354
45.8844 -23.8932
45.9794 -22.3231
46.0744 -20.5587
46.1695 -18.7793
46.2645 -17.0777
46.3595 -15.4598
46.4545 -13.8685
46.5496 -12.2194
46.6446 -10.4305
46.7396 -8.44269
46.8347 -6.22883
46.9297 -3.7982
47.0247 -1.19892
47.1197 1.48186
47.2148 4.12478
47.3098 6.5962
47.4048 8.77622
47.4998 10.5887
47.5949 12.0213
47.6899 13.1245
47.7849 13.9883
47.88 14.7041
47.975 15.3284
48.07 15.8647
48.165 16.2718
48.2601 16.4951
48.3551 16.506
48.4501 16.3302
48.5451 16.051
48.6402 15.784
48.7352 15.6329
48.8302 15.6442
48.9253 15.7774
49.0203 15.9035
49.1153 15.8308
49.2103 15.3502
49.3054 14.2878
49.4004 12.5492
49.4954 10.1493
49.5904 7.21902
49.6855 3.98937
49.7805 0.753781
49.8755 -2.18667
49.9705 -4.58535
50.0656 -6.30571
50.1606 -7.3543
50.2556 -7.87837
50.3507 -8.12413
50.4457 -8.36468
50.5407 -8.81898
50.6357 -9.58825
50.7308 -10.6323
50.8258 -11.7943
50.9208 -12.8633
51.0158 -13.6519
51.1109 -14.057
51.2059 -14.0828
51.3009 -13.8187
51.396 -13.3861
51.491 -12.8782
51.586 -12.319
51.681 -11.6607
51.7761 -10.8145
51.8711 -9.70205
51.9661 -8.30168
52.0611 -6.66837
52.1562 -4.92095
52.2512 -3.20332
52.3462 -1.63894
52.4413 -0.299104
52.5363 0.802402
52.6313 1.68941
52.7263 2.39194
52.8214 2.92209
52.9164 3.27191
53.0114 3.43547
53.1064 3.44372
53.2015 3.3918
53.2965 3.43942
53.3915 3.77625
53.4866 4.56029
53.5816 5.85194
53.6766 7.57197
53.7716 9.5045
53.8667 11.3494
53.9617 12.808
54.0567 13.6713
54.1517 13.8779
54.2468 13.5199
54.3418 12.7961
54.4368 11.9324
54.5318 11.103
54.6269 10.3813
54.7219 9.73906
54.8169 9.08504
54.912 8.32346
55.007 7.40237
55.102 6.33226
55.197 5.1716
55.2921 3.99302
55.3871 2.85216
55.4821 1.77693
55.5771 0.780333
55.6722 -0.115537
55.7672 -0.86526
55.8622 -1.41179
55.9573 -1.72469
56.0523 -1.84702
56.1473 -1.92272
56.2423 -2.18024
56.3374 -2.8675
56.4324 -4.15771
56.5274 -6.06424
56.6224 -8.40451
56.7175 -10.835
56.8125 -12.9499
56.9075 -14.407
57.0026 -15.0301
57.0976 -14.8473
57.1926 -14.05
57.2876 -12.8929
57.3827 -11.5811
57.4777 -10.1922
57.5727 -8.66897
57.6677 -6.87944
57.7628 -4.71669
57.8578 -2.18954
57.9528 0.536565
58.0478 3.16664
58.1429 5.35925
58.2379 6.83025
58.3329 7.43589
58.428 7.20601
58.523 6.32076
58.618 5.04728
58.713 3.66538
58.8081 2.40933
58.9031 1.44051
58.9981 0.848675
59.0931 0.668684
59.1882 0.896599
59.2832 1.49612
59.3782 2.39616
59.4733 3.48818
59.5683 4.63347
59.6633 5.68493
59.7583 6.51959
59.8534 7.07098
59.9484 7.34829
60.0434 7.43336
60.1384 7.4543
60.2335 7.54317
60.3285 7.7907
60.4235 8.21215
60.5186 8.73504
60.6136 9.21291
60.7086 9.4619
60.8036 9.31038
60.8987 8.64784
60.9937 7.45876
61.0887 5.83086
61.1837 3.93409
61.2788 1.97577
61.3738 0.145331
61.4688 -1.43358
61.5638 -2.72779
61.6589 -3.78788
61.7539 -4.71332
61.8489 -5.60325
61.944 -6.51186
62.039 -7.42535
62.134 -8.26816
62.229 -8.934
62.3241 -9.32751
62.4191 -9.39878
62.5141 -9.1572
62.6091 -8.66108
62.7042 -7.78324
62.7992 -7.04866
62.8942 -6.26498
62.9893 -5.43629
63.0843 -4.55338
63.1793 -3.62122
63.2743 -2.67912
63.3694 -1.80233
63.4644 -1.0826
63.5594 -0.594711
63.6544 -0.362329
63.7495 -0.337524
63.8445 -0.403663
63.9395 -0.514331
64.0346 -0.248442
64.1296 0.419772
64.2246 1.37235
64.3196 2.52112
64.4147 3.70978
64.5097 4.77159
64.6047 5.24076
64.6997 5.53286
64.7948 5.70308
64.8898 5.75158
64.9848 5.63928
65.0798 5.65511
65.1749 5.61305
65.2699 5.38856
65.3649 5.09611
65.46 4.73035
65.555 4.21313
65.65 3.87874
65.745 3.58987
65.8401 3.5533
65.9351 3.87017
66.0301 4.25376
66.1251 4.4312
66.2202 4.42564
66.3152 3.38732
66.4102 2.36349
66.5053 1.02595
66.6003 -0.301075
66.6953 -1.32675
66.7903 -1.47682
66.8854 -1.15319
66.9804 -0.755387
67.0754 -0.142986
67.1704 -0.0276105
67.2655 0.21897
67.3605 -0.182424
67.4555 -0.0690601
67.5506 0.168344
67.6456 0.553565
67.7406 1.06545
67.8356 1.4263
67.9307 0.905142
68.0257 0.533872
68.1207 0.0728568
68.2157 -0.790036
68.3108 -1.64729
68.4058 -2.45159
68.5008 -3.08921
68.5959 -3.68592
68.6909 -3.912
68.7859 -4.02975
68.8809 -4.33006
68.976 -4.57403
69.071 -4.6768
69.166 -4.692
69.261 -4.20743
69.3561 -3.288
69.4511 -1.90435
69.5461 -0.19674
69.6411 1.51645
69.7362 3.31346
69.8312 4.48453
69.9262 5.1435
70.0213 5.24443
70.1163 4.88193
70.2113 4.21794
70.3063 3.43012
70.4014 2.66941
70.4964 2.03785
70.5914 1.58704
70.6864 1.32885
70.7815 1.24819
70.8765 1.74666
70.9715 1.94125
71.0666 2.09412
71.1616 2.1579
71.2566 2.28095
71.3516 1.79155
71.4467 1.14395
71.5417 0.686102
71.6367 0.287993
71.7317 -0.00535474
71.8268 0.293597
71.9218 0.342148
72.0168 -0.197227
72.1119 -0.359715
72.2069 -0.426776
72.3019 -0.337193
72.3969 -0.077382
72.492 0.293499
72.587 0.861504
72.682 1.29115
72.777 1.05858
72.8721 1.22226
72.9671 1.26193
73.0621 1.14612
73.1571 0.894201
73.2522 0.581056
73.3472 0.317255
73.4422 0.209497
73.5373 0.316628
73.6323 0.620551
73.7273 1.11364
73.8223 0.955103
73.9174 1.02884
74.0124 0.917843
74.1074 0.647676
74.2024 0.314774
74.2975 0.241075
74.3925 0.230058
74.4875 0.352674
74.5826 0.604092
74.6776 0.940166
74.7726 1.17953
74.8676 1.51049
74.9627 1.78284
75.0577 1.97369
75.1527 2.05958
75.2477 2.00463
75.3428 1.87475
75.4378 1.40703
75.5328 0.703102
75.6279 -0.23397
75.7229 -1.16909
75.8179 -1.97319
75.9129 -2.88324
76.008 -3.00374
76.103 -2.69655
76.198 -2.23007
76.293 -1.46772
76.3881 -0.713584
76.4831 -0.193517
76.5781 0.0290867
76.6731 0.0899403
76.7682 -0.44347
76.8632 -0.525486
76.9582 -0.353464
77.0533 0.0512004
77.1483 0.581232
77.2433 0.832485
77.3383 0.629789
77.4334 0.451544
77.5284 0.156575
77.6234 -0.117959
77.7184 0.285078
77.8135 0.468307
77.9085 0.850726
78.0035 1.50691
78.0986 1.722
78.1936 1.7941
78.2886 1.55315
78.3836 1.16086
78.4787 0.612271
78.5737 0.184316
78.6687 0.0120311
78.7637 0.14967
78.8588 0.543828
78.9538 1.05875
79.0488 1.48091
79.1439 1.92693
79.2389 2.08467
79.3339 2.04298
79.4289 1.89405
79.524 1.75592
79.619 1.71975
79.714 1.42848
79.809 1.40353
79.9041 1.6591
79.9991 1.70886
80.0941 1.60459
80.1891 1.26052
80.2842 0.791583
80.3792 0.27934
80.4742 -0.19196
80.5693 -0.586803
80.6643 -1.1671
80.7593 -1.29716
80.8543 -1.87601
80.9494 -2.36225
81.0444 -2.79377
81.1394 -2.77142
81.2344 -2.74422
81.3295 -2.37614
81.4245 -1.62494
81.5195 -0.791415
81.6146 0.0250521
81.7096 0.631986
81.8046 0.899958
81.8996 0.803816
81.9947 0.423455
82.0897 -0.135132
82.1847 -0.52089
82.2797 -0.915704
82.3748 -1.19769
82.4698 -1.12637
82.5648 -1.10776
82.6599 -0.995424
82.7549 -0.940343
82.8499 -0.812448
82.9449 -0.594491
83.04 -0.283748
83.135 0.0365076
83.23 0.374376
83.325 0.808249
83.4201 1.24085
83.5151 1.4265
83.6101 1.74008
83.7052 1.64962
83.8002 1.63725
83.8952 1.53026
83.9902 1.36135
84.0853 1.0294
84.1803 0.559403
84.2753 0.185946
84.3703 0.0837115
84.4654 0.122347
84.5604 0.311379
84.6554 0.629313
84.7504 0.854541
84.8455 1.21399
84.9405 1.4839
85.0355 1.60588
85.1306 1.67693
85.2256 1.37644
85.3206 0.927499
85.4156 0.44707
85.5107 0.0366413
85.6057 -0.30083
85.7007 -0.515812
85.7957 -0.538898
85.8908 -0.115419
85.9858 0.0296223
86.0808 0.176325
86.1759 0.0937871
86.2709 0.200231
86.3659 0.172036
86.4609 0.0559416
86.556 0.0454815
86.651 -0.355654
86.746 -0.778739
86.841 -1.17433
86.9361 -1.48937
87.0311 -1.67013
87.1261 -1.66953
87.2212 -1.49285
87.3162 -1.1133
87.4112 -0.570133
87.5062 0.0411194
87.6013 0.597911
87.6963 0.985647
87.7913 0.684783
87.8863 0.509539
87.9814 0.43154
88.0764 0.375598
88.1714 0.363948
88.2664 0.388964
88.3615 0.424482
88.4565 0.44539
88.5515 0.445184
88.6466 0.245177
88.7416 0.325181
88.8366 0.468073
88.9316 0.654876
89.0267 0.848451
89.1217 0.628766
89.2167 0.670287
89.3117 0.644869
89.4068 0.570121
89.5018 0.490065
89.5968 0.454667
89.6919 0.49442
89.7869 0.602597
89.8819 0.810358
89.9769 0.857689
90.072 0.826137
90.167 0.743508
90.262 0.415344
90.357 0.0659154
90.4521 -0.234469
90.5471 -0.0391255
90.6421 -0.157601
90.7372 0.153886
90.8322 -0.148456
90.9272 -0.355992
91.0222 -0.575241
91.1173 -0.737769
91.2123 -0.67132
91.3073 -0.514623
91.4023 -0.27599
91.4974 -0.290926
91.5924 -0.118596
91.6874 0.130208
91.7824 0.302401
91.8775 0.521749
91.9725 0.738454
92.0675 0.91482
92.1626 1.01987
92.2576 1.0397
92.3526 0.737255
92.4476 0.609453
92.5427 0.472025
