-3.71 0.893519
-3.6161 0.321683
-3.5222 -0.13327
-3.4283 -0.54163
-3.3344 -0.425315
-3.2405 0.206173
-3.1466 0.917601
-3.0527 1.51216
-2.9588 2.00739
-2.8649 2.16375
-2.771 2.14779
-2.6771 1.69627
-2.5832 1.11214
-2.4893 0.28701
-2.3954 -0.346513
-2.3015 -0.782709
-2.2076 -1.15931
-2.1137 -1.33792
-2.0198 -1.86798
-1.9259 -1.95135
-1.832 -1.75078
-1.73809 -1.21328
-1.64419 -0.3968
-1.55029 0.592866
-1.45639 1.54701
-1.36249 2.24383
-1.26859 2.52598
-1.17469 2.15267
-1.08079 1.60718
-0.986893 0.686714
-0.892993 0.0337964
-0.799093 -0.0533255
-0.705192 -0.127998
-0.611292 0.174692
-0.517392 0.441696
-0.423492 0.765877
-0.329591 0.873999
-0.235691 0.746337
-0.141791 0.790327
-0.0478906 0.211748
0.0460096 -0.0769607
0.13991 -0.859724
0.23381 -1.54599
0.32771 -2.02677
0.421611 -2.24261
0.515511 -2.19133
0.609411 -1.92301
0.703311 -1.52327
0.797212 -1.08828
0.891112 -0.441044
0.985012 -0.053829
1.07891 0.185979
1.17281 0.294967
1.26671 0.345723
1.36061 0.299375
1.45451 0.420148
1.54841 0.634146
1.64231 0.913181
1.73621 1.21121
1.83011 1.5311
1.92401 1.7974
2.01791 1.9603
2.11181 2.05669
2.20572 2.01367
2.29962 1.72902
2.39352 1.3128
2.48742 0.782072
2.58132 0.102689
2.67522 -0.549586
2.76912 -1.24101
2.86302 -1.9721
2.95692 -1.91051
3.05082 -1.42454
3.14472 -0.925873
3.23862 0.157669
3.33252 1.12062
3.42642 1.88393
3.52032 2.0239
3.61422 1.6141
3.70812 0.725305
3.80202 -0.410366
3.89592 -1.33708
3.98982 -1.7203
4.08372 -1.7068
4.17762 -1.36073
4.27152 -0.86118
4.36542 -0.368793
4.45932 -0.0591895
4.55322 0.119988
4.64712 0.169525
4.74102 0.0578947
4.83492 -0.10718
4.92882 -0.49917
5.02272 -0.41288
5.11662 -0.600938
5.21052 -0.645337
5.30442 -0.469276
5.39832 -0.179945
5.49222 0.262855
5.58612 0.695641
5.68002 0.993822
5.77392 0.762213
5.86782 0.475383
5.96172 0.00459516
6.05562 -0.775949
6.14953 -1.12025
6.24343 -0.781209
6.33733 -0.067901
6.43123 0.763966
6.52513 2.07692
6.61903 2.90547
6.71293 3.5193
6.80683 3.58572
6.90073 3.14058
6.99463 2.3536
7.08853 1.44659
7.18243 0.606642
7.27633 -0.0686196
7.37023 -1.02427
7.46413 -1.41659
7.55803 -1.69505
7.65193 -1.8653
7.74583 -1.89201
7.83973 -1.72318
7.93363 -1.33068
8.02753 -0.74397
8.12143 -0.0586317
8.21533 0.883745
8.30923 1.41644
8.40313 1.65589
8.49703 1.46441
8.59093 0.940929
8.68483 0.221269
8.77873 -0.526473
8.87263 -1.06533
8.96653 -1.44182
9.06043 -1.52793
9.15433 -1.32845
9.24823 -0.892774
9.34213 -0.299363
9.43603 0.359747
9.52993 0.993805
9.62383 1.52707
9.71773 1.90971
9.81163 2.12274
9.90553 2.17473
9.99944 2.09109
10.0933 1.82126
10.1872 1.49792
10.2811 1.11293
10.375 0.694466
10.4689 0.285656
10.5628 -0.0550774
10.6567 -0.266112
10.7506 -0.418885
10.8445 -0.264458
10.9384 0.0441163
11.0323 0.383685
11.1262 0.612462
11.2201 0.563718
11.314 0.371552
11.4079 0.0181788
11.5018 -0.376042
11.5957 -0.67364
11.6896 -0.774693
11.7835 -0.965416
11.8774 -0.808658
11.9713 -0.508933
12.0652 -0.25357
12.1591 0.0182458
12.253 0.0141787
12.3469 0.0290686
12.4408 0.0895849
12.5347 0.262914
12.6286 0.335664
12.7225 0.696205
12.8164 1.14923
12.9103 1.50651
13.0042 2.05298
13.0981 2.90363
13.192 3.58511
13.2859 4.09891
13.3798 4.23287
13.4737 3.85357
13.5676 2.83821
13.6615 1.30708
13.7554 -0.430099
13.8493 -2.00482
13.9432 -2.99612
14.0371 -3.01768
14.131 -2.58069
14.2249 -1.76753
14.3188 -0.978454
14.4127 -0.551939
14.5066 -0.635565
14.6005 -1.13531
14.6944 -1.78576
14.7883 -2.26198
14.8822 -2.33418
14.9761 -1.92236
15.07 -0.922812
15.1639 0.00404263
15.2578 1.23528
15.3517 2.48358
15.4456 3.71226
15.5395 4.85902
15.6334 5.77734
15.7273 6.38255
15.8212 6.12008
15.9152 4.96546
16.0091 3.00645
16.103 0.58406
16.1969 -1.78422
16.2908 -3.56415
16.3847 -4.38291
16.4786 -4.1496
16.5725 -3.06678
16.6664 -1.53203
16.7603 0.0219446
16.8542 0.766722
16.9481 1.55144
17.042 2.25645
17.1359 2.42725
17.2298 2.35773
17.3237 2.07961
17.4176 1.58612
17.5115 0.885396
17.6054 0.0547196
17.6993 -0.94133
17.7932 -1.53454
17.8871 -1.74411
17.981 -1.54777
18.0749 -1.07672
18.1688 -0.564064
18.2627 -0.238549
18.3566 -0.21567
18.4505 -0.442802
18.5444 -0.728205
18.6383 -0.840377
18.7322 -0.626979
18.8261 -0.0920495
18.92 0.607572
19.0139 1.24274
19.1078 1.62496
19.2017 1.69141
19.2956 1.5186
19.3895 1.26182
19.4834 1.05861
19.5773 0.953218
19.6712 0.885142
19.7651 0.74608
19.859 0.468421
19.9529 0.0888002
20.0468 -0.255987
20.1407 -0.403295
20.2346 -0.268095
20.3285 0.0869965
20.4224 0.463183
20.5163 0.62215
20.6102 0.42147
20.7041 -0.0851415
20.798 -0.643883
20.8919 -0.905985
20.9858 -0.59539
21.0797 0.345256
21.1736 1.70857
21.2675 3.10568
21.3614 4.14067
21.4553 4.58806
21.5492 4.48057
21.6431 4.0593
21.737 3.61122
21.8309 3.28084
21.9248 2.96018
22.0187 2.32331
22.1126 0.996631
22.2065 -1.21729
22.3004 -4.17665
22.3943 -7.38566
22.4882 -10.143
22.5821 -11.7861
22.676 -11.9174
22.7699 -10.5088
22.8638 -7.84723
22.9577 -4.36481
23.0516 -0.453932
23.1455 3.63114
23.2394 7.7421
23.3333 11.7087
23.4272 15.2102
23.5211 17.7438
23.615 18.7362
23.7089 17.756
23.8028 14.7221
23.8967 9.99271
23.9906 4.27359
24.0845 -1.61814
24.1784 -7.02007
24.2723 -11.5828
24.3662 -15.2361
24.4601 -17.9828
24.554 -19.6409
24.6479 -19.6966
24.7418 -17.3893
24.8357 -12.0357
24.9296 -3.47729
25.0235 7.54406
25.1174 19.2667
25.2113 29.1329
25.3052 34.3114
25.3991 32.3657
25.493 21.8824
25.5869 2.91365
25.6808 -22.8213
25.7747 -51.9677
25.8686 -79.7741
25.9625 -100.555
26.0564 -108.438
26.1503 -98.4456
26.2442 -67.8413
26.3381 -17.4865
26.432 47.2411
26.5259 116.473
26.6198 177.173
26.7137 215.739
26.8076 221.371
26.9015 189.285
26.9954 122.706
27.0893 32.7949
27.1832 -63.7018
27.2771 -148.564
27.371 -206.784
27.4649 -230.364
27.5588 -220.003
27.6527 -184.139
27.7466 -135.719
27.8405 -87.8426
27.9344 -49.7921
28.0283 -24.7738
28.1222 -10.0074
28.2161 1.07055
28.31 15.4871
28.4039 37.6298
28.4978 67.5067
28.5917 100.901
28.6856 131.172
28.7795 151.839
28.8734 158.858
28.9673 151.717
29.0612 133.062
29.1551 107.194
29.249 78.1918
29.3429 48.5394
29.4368 18.7921
29.5307 -11.6864
29.6246 -43.3823
29.7185 -75.4146
29.8124 -105.083
29.9063 -128.44
30.0002 -141.662
30.0941 -142.596
30.188 -131.788
30.2819 -112.479
30.3758 -89.5479
30.4697 -67.792
30.5636 -50.2733
30.6575 -37.394
30.7514 -27.0783
30.8453 -15.9589
30.9392 -1.04831
31.0331 18.8145
31.127 42.3386
31.2209 66.2085
31.3148 86.3458
31.4087 99.4436
31.5026 104.124
31.5965 101.256
31.6904 93.3591
31.7843 83.407
31.8782 73.5827
31.9721 64.5325
32.066 55.3991
32.1599 44.5598
32.2538 30.6799
32.3477 13.5746
32.4416 -5.51163
32.5355 -24.3116
32.6294 -40.4126
32.7233 -52.1824
32.8172 -59.3216
32.9111 -62.8135
33.005 -64.3296
33.0989 -65.3938
33.1928 -66.7014
33.2867 -67.8915
33.3806 -67.8426
33.4745 -65.3141
33.5684 -59.6084
33.6623 -50.9429
33.7562 -40.3791
33.8501 -29.3787
33.944 -19.2216
34.0379 -10.5699
34.1318 -3.36245
34.2257 2.95001
34.3196 8.98706
34.4135 15.0681
34.5074 21.072
34.6013 26.5732
34.6952 31.1494
34.7891 34.6755
34.883 37.4345
34.9769 39.9888
35.0708 42.8841
35.1647 46.3498
35.2586 50.1512
35.3525 53.667
35.4464 56.1376
35.5403 56.9481
35.6342 55.7965
35.7281 52.6753
35.822 47.7021
35.9159 40.9263
36.0098 32.2478
36.1037 21.5164
36.1976 8.77135
36.2915 -5.51654
36.3854 -20.3554
36.4793 -34.3838
36.5732 -46.2301
36.6671 -54.9336
36.761 -60.2358
36.8549 -62.6031
36.9488 -62.9634
37.0427 -62.2775
37.1366 -61.1415
37.2305 -59.6001
37.3244 -57.247
37.4183 -53.5455
37.5122 -48.2004
37.6061 -41.3907
37.7 -33.7525
37.7939 -26.1251
37.8878 -19.1964
37.9817 -13.2256
38.0756 -7.97941
38.1695 -2.90634
38.2634 2.54672
38.3573 8.63732
38.4512 15.1953
38.5451 21.7119
38.639 27.593
38.7329 32.4391
38.8268 36.2096
38.9207 39.1915
39.0146 41.7996
39.1085 44.3167
39.2024 46.7113
39.2963 48.6232
39.3902 49.5217
39.4841 48.9524
39.578 46.7506
39.6719 43.1199
39.7658 38.5477
39.8597 33.6065
39.9536 28.743
40.0475 24.149
40.1414 19.761
40.2353 15.367
40.3292 10.751
40.4231 5.79821
40.517 0.520688
40.6109 -4.99181
40.7048 -10.6456
40.7987 -16.3882
40.8926 -22.1955
40.9865 -28.0134
41.0804 -33.6959
41.1743 -38.9863
41.2682 -43.5598
41.3621 -47.1117
41.456 -49.446
41.5499 -50.5182
41.6438 -50.4147
41.7377 -49.2834
41.8316 -47.2605
41.9255 -44.4358
42.0194 -40.8716
42.1133 -36.659
42.2072 -31.9644
42.3011 -27.028
42.395 -22.0993
42.4889 -17.3398
42.5828 -12.745
42.6767 -8.13855
42.7706 -3.2556
42.8645 2.11399
42.9584 7.98924
43.0523 14.1377
43.1462 20.1282
43.2401 25.4807
43.334 29.8466
43.4279 33.138
43.5218 35.5451
43.6157 37.4343
43.7096 39.1736
43.8035 40.9673
43.8974 42.7726
43.9913 44.3291
44.0852 45.2797
44.1791 45.3201
44.273 44.306
44.3669 42.2767
44.4608 39.3962
44.5547 35.8547
44.6486 31.7859
44.7425 27.2387
44.8364 22.2099
44.9303 16.7078
45.0242 10.8047
45.1181 4.64897
45.212 -1.56911
45.3059 -7.6701
45.3998 -13.524
45.4937 -19.05
45.5876 -24.1805
45.6815 -28.8155
45.7754 -32.8025
45.8693 -35.9621
45.9632 -38.1522
46.0571 -39.3383
46.151 -39.6301
46.2449 -39.2562
46.3388 -38.4859
46.4327 -37.5299
46.5266 -36.4677
46.6205 -35.2382
46.7144 -33.6948
46.8083 -31.6975
46.9022 -29.1938
46.9961 -26.2493
47.09 -23.015
47.1839 -19.6539
47.2778 -16.2689
47.3717 -12.8707
47.4656 -9.40345
47.5595 -5.80857
47.6534 -2.09034
47.7473 1.65702
47.8412 5.27688
47.9351 8.61777
48.029 11.6033
48.1229 14.2648
48.2168 16.7184
48.3107 19.0982
48.4046 21.4834
48.4985 23.8594
48.5924 26.1336
48.6863 28.1948
48.7802 29.9787
48.8741 31.4972
48.968 32.8098
49.0619 33.95
49.1558 34.8488
49.2497 35.3054
49.3436 35.0348
49.4375 33.7802
49.5314 31.4412
49.6253 28.1531
49.7192 24.2708
49.8131 20.2541
49.907 16.5002
50.0009 13.1986
50.0948 10.2765
50.1887 7.46061
50.2826 4.42903
50.3765 0.980072
50.4704 -2.86129
50.5643 -6.84977
50.6582 -10.6341
50.7521 -13.9221
50.846 -16.6149
50.9399 -18.844
51.0338 -20.8937
51.1277 -23.0477
51.2216 -25.4358
51.3155 -27.9566
51.4094 -30.3134
51.5033 -32.1467
51.5972 -33.1962
51.6911 -33.4155
51.785 -32.9826
51.8789 -32.2014
51.9728 -31.3441
52.0667 -30.5087
52.1606 -29.561
52.2545 -28.1876
52.3484 -26.037
52.4423 -22.8817
52.5362 -18.7309
52.6301 -13.8456
52.724 -8.65367
52.8179 -3.60843
52.9118 0.947684
53.0057 4.85844
53.0996 8.1465
53.1935 10.9405
53.2874 13.3806
53.3813 15.5495
53.4752 17.4566
53.5691 19.0722
53.663 20.3827
53.7569 21.4307
53.8508 22.3159
53.9447 23.1548
54.0386 24.0225
54.1325 24.9084
54.2264 25.7087
54.3203 26.2631
54.4142 26.4172
54.5081 26.0826
54.602 25.2682
54.6959 24.073
54.7898 22.6459
54.8837 21.1349
54.9777 19.6477
55.0716 18.2348
55.1655 16.8944
55.2594 15.5867
55.3533 14.2439
55.4472 12.7703
55.5411 11.0397
55.635 8.90346
55.7289 6.21851
55.8228 2.89714
55.9167 -1.03948
56.0106 -5.42824
56.1045 -9.97444
56.1984 -14.3125
56.2923 -18.1015
56.3862 -21.1225
56.4801 -23.3377
56.574 -24.8857
56.6679 -26.0117
56.7618 -26.9577
56.8557 -27.8587
56.9496 -28.6861
57.0435 -29.2621
57.1374 -29.3397
57.2313 -28.7118
57.3252 -27.305
57.4191 -25.2178
57.513 -22.6896
57.6069 -20.0145
57.7008 -17.4378
57.7947 -15.0779
57.8886 -12.9038
57.9825 -10.7711
58.0764 -8.49895
58.1703 -5.9518
58.2642 -3.09392
58.3581 0.000541194
58.452 3.17849
58.5459 6.26045
58.6398 9.09012
58.7337 11.5636
58.8276 13.6344
58.9215 15.3019
59.0154 16.5979
59.1093 17.5787
59.2032 18.3241
59.2971 18.9348
59.391 19.5187
59.4849 20.1638
59.5788 20.9044
59.6727 21.6959
59.7666 22.4147
59.8605 22.8874
59.9544 22.9435
60.0483 22.4699
60.1422 21.4445
60.2361 19.9337
60.33 18.0561
60.4239 15.9288
60.5178 13.6241
60.6117 11.1581
60.7056 8.51559
60.7995 5.69871
60.8934 2.77195
60.9873 -0.12337
61.0812 -2.79761
61.1751 -5.0755
61.269 -6.86569
61.3629 -8.20377
61.4568 -9.24518
61.5507 -10.2062
61.6446 -11.2749
61.7385 -12.5281
61.8324 -13.8904
61.9263 -15.1524
62.0202 -16.0433
62.1141 -16.3294
62.208 -15.901
62.3019 -14.8175
62.3958 -13.2957
62.4897 -11.6506
62.5836 -10.2106
62.6775 -9.2374
62.7714 -8.87062
62.8653 -9.10857
62.9592 -9.82146
63.0531 -10.7874
63.147 -11.7396
63.2409 -12.4152
63.3348 -12.601
63.4287 -12.1687
63.5226 -11.0962
63.6165 -9.46701
63.7104 -7.44695
63.8043 -5.23975
63.8982 -3.03485
63.9921 -0.963218
64.086 0.923186
64.1799 2.64125
64.2738 4.2413
64.3677 5.76292
64.4616 7.20243
64.5555 8.50711
64.6494 9.59866
64.7433 10.4145
64.8372 10.9464
64.9311 11.2581
65.025 11.4717
65.1189 11.728
65.2128 12.1381
65.3067 12.7443
65.4006 13.5058
65.4945 14.3113
65.5884 15.0099
65.6823 15.4473
65.7762 15.4949
65.8701 15.0673
65.964 14.1312
66.0579 12.7116
66.1518 10.8977
66.2457 8.84388
66.3396 6.75924
66.4335 4.87567
66.5274 3.39679
66.6213 2.43921
66.7152 1.98734
66.8091 1.88311
66.903 1.86168
66.9969 1.62635
67.0908 0.938897
67.1847 -0.307454
67.2786 -2.06
67.3725 -4.13446
67.4664 -6.28731
67.5603 -8.3032
67.6542 -10.0624
67.7481 -11.5625
67.842 -12.8871
67.9359 -14.1376
68.0298 -15.3568
68.1237 -16.4766
68.2176 -17.3109
68.3115 -17.5968
68.4054 -17.071
68.4993 -15.5545
68.5932 -13.0213
68.6871 -9.63013
68.781 -5.71209
68.8749 -1.71756
68.9688 1.86509
69.0627 4.60176
69.1566 6.19683
69.2505 6.55143
69.3444 5.78216
69.4383 4.19339
69.5322 2.20695
69.6261 0.264293
69.72 -1.27455
69.8139 -2.20772
69.9078 -2.52216
70.0017 -2.36973
70.0956 -1.99742
70.1895 -1.65556
70.2834 -1.51376
70.3773 -1.61063
70.4712 -1.84976
70.5651 -2.03783
70.659 -1.94745
70.7529 -1.38153
70.8468 -0.220322
70.9407 1.55835
71.0346 3.88384
71.1285 6.61338
71.2224 9.55824
71.3163 12.5082
71.4102 15.2521
71.5041 17.5954
71.598 19.3761
71.6919 20.4789
71.7858 20.8441
71.8797 20.4701
71.9736 19.4073
72.0675 17.7472
72.1614 15.6108
72.2553 13.1384
72.3492 10.4808
72.4431 7.78845
72.537 5.19466
72.6309 2.79266
72.7248 0.612888
72.8187 -1.38829
72.9126 -3.31765
73.0065 -5.30799
73.1004 -7.46298
73.1943 -9.8027
73.2882 -12.2331
73.3821 -14.5564
73.476 -16.5227
73.5699 -17.9081
73.6638 -18.5872
73.7577 -18.5721
73.8516 -18.0003
73.9455 -17.0761
74.0394 -15.9908
74.1333 -14.8546
74.2272 -13.6697
74.3211 -12.3542
74.415 -10.8034
74.5089 -8.95887
74.6028 -6.85484
74.6967 -4.61936
74.7906 -2.433
74.8845 -0.464137
74.9784 1.18961
75.0723 2.52921
75.1662 3.64214
75.2601 4.65928
75.354 5.70175
75.4479 6.84004
75.5418 8.07849
75.6357 9.36477
75.7296 10.6134
75.8235 11.7295
75.9174 12.6232
76.0113 13.2157
76.1052 13.442
76.1991 13.2585
76.293 12.6557
76.3869 11.6718
76.4808 10.3957
76.5747 8.95351
76.6686 7.47835
76.7625 6.07442
76.8564 4.79088
76.9503 3.61791
77.0442 2.5071
77.1381 1.40652
77.232 0.292643
77.3259 -0.81654
77.4198 -1.87331
77.5137 -2.82895
77.6076 -3.66218
77.7015 -4.38977
77.7954 -5.05174
77.8893 -5.67841
77.9832 -6.25749
78.0771 -6.72153
78.171 -6.96576
78.2649 -6.89038
78.3588 -6.44703
78.4527 -5.66549
78.5466 -4.6454
78.6405 -3.51595
78.7344 -2.38375
78.8283 -1.29645
78.9222 -0.242361
79.0161 0.812557
79.11 1.86999
79.2039 2.85834
79.2978 3.6324
79.3917 4.02098
79.4856 3.90433
79.5795 3.28497
79.6734 2.31467
79.7673 1.25807
79.8612 0.402992
79.9551 -0.0462452
80.049 -0.0454909
80.1429 0.277933
80.2368 0.686023
80.3307 0.93681
80.4246 0.889501
80.5185 0.561119
80.6124 0.110046
80.7063 -0.244337
80.8002 -0.327495
80.8941 -0.0916196
80.988 0.363636
81.0819 0.752841
81.1758 0.95293
81.2697 0.646717
81.3636 0.296894
81.4575 -0.136979
81.5514 -0.465574
81.6453 -0.547927
81.7392 -0.361875
81.8331 -0.0197107
81.927 0.277602
82.0209 0.326293
82.1148 0.00706671
82.2087 -0.828581
82.3026 -1.5097
82.3965 -2.28011
82.4904 -2.8229
82.5843 -3.02306
82.6782 -2.8744
82.7721 -2.45725
82.866 -1.86285
82.9599 -1.28191
83.0538 -0.625455
83.1477 0.109132
83.2416 0.93204
83.3355 1.82861
83.4294 2.44917
83.5233 3.37238
83.6172 3.97984
83.7111 4.28945
83.805 4.24799
83.8989 3.8724
83.9928 3.33849
84.0867 2.45858
84.1806 1.71318
84.2745 0.992431
84.3684 0.851519
84.4623 1.18147
84.5562 1.78042
84.6501 2.53225
84.744 3.22742
84.8379 3.77391
84.9318 4.06397
85.0257 3.57565
85.1196 3.13269
85.2135 3.53789
85.3074 2.85732
85.4013 2.1427
85.4952 1.66655
85.5891 1.17705
85.683 0.838017
85.7769 0.618668
85.8708 0.463969
85.9647 0.0486236
86.0586 -0.165758
86.1525 -0.745943
86.2464 -1.29302
86.3403 -1.44958
86.4342 -1.58901
86.5281 -2.00441
86.622 -2.40557
86.7159 -2.96818
86.8098 -3.65249
86.9037 -4.34011
86.9976 -4.59641
87.0915 -4.99476
87.1854 -5.14767
87.2793 -5.28526
87.3732 -4.8986
87.4671 -4.21474
87.561 -3.39653
87.6549 -2.55236
87.7488 -1.88421
87.8427 -1.43208
87.9366 -1.31733
88.0305 -1.28031
88.1244 -1.30881
88.2183 -0.792059
88.3122 -0.422463
88.4061 0.295728
88.5 1.39008
88.5939 2.76208
88.6878 4.19944
88.7817 5.39862
88.8756 6.10175
88.9695 6.15678
89.0634 5.56508
89.1573 4.48754
89.2512 3.05923
89.3451 1.76063
89.439 0.781526
89.5329 0.256615
89.6268 0.194058
89.7207 0.501739
89.8146 1.10464
89.9085 1.75498
90.0024 2.35469
90.0963 2.8529
90.1902 3.16472
90.2841 3.29272
90.378 3.21069
90.4719 3.08516
90.5658 2.57688
90.6597 1.8705
90.7536 1.06715
90.8475 0.304877
90.9414 -0.55809
91.0353 -0.944927
91.1292 -1.05462
91.2231 -0.966874
91.317 -0.999985
91.4109 -0.805915
91.5048 -0.62666
91.5987 -0.463609
91.6926 -0.147988
91.7865 0.236654
91.8804 0.893378
91.9743 1.2164
92.0682 1.29228
92.1621 1.0041
92.256 0.269289
92.3499 -0.878264
