0.94 -0.213793
1.04 0.0990098
1.14 0.343821
1.24 0.202998
1.34 -0.209293
1.44 -0.460147
1.54 -0.357502
1.64 0.0279894
1.74 0.415633
1.84 0.740552
1.94 0.749534
2.04 1.06787
2.14 1.31053
2.24 1.4423
2.34 1.38158
2.44 1.19846
2.54 0.73457
2.64 0.155183
2.74 -0.473319
2.84 -0.775257
2.94 -1.08738
3.04 -1.0546
3.14 -0.51587
3.24 -0.0651534
3.34 0.199125
3.44 0.362463
3.54 0.642193
3.64 0.904072
3.74 0.959271
3.84 0.502716
3.94 0.20067
4.04 0.259447
4.14 0.416848
4.24 0.510964
4.34 0.739344
4.44 0.509721
4.54 0.246769
4.64 0.00217655
4.74 -0.455911
4.84 -0.431085
4.94 -0.638731
5.04 -0.810624
5.14 -0.614829
5.24 -0.414422
5.34 -0.223302
5.44 0.22248
5.54 0.850761
5.64 1.25179
5.74 1.27209
5.84 1.11309
5.94 0.840591
6.04 0.845712
6.14 0.785383
6.24 0.616128
6.34 0.571325
6.44 0.616483
6.54 0.863601
6.64 1.15929
6.74 1.28524
6.84 1.20218
6.94 0.972689
7.04 0.625704
7.14 0.159244
7.24 0.215485
7.34 -0.0992743
7.44 -0.509777
7.54 -0.581838
7.64 -0.194852
7.74 0.227626
7.84 0.624713
7.94 1.08209
8.04 1.63949
8.14 2.23085
8.24 2.36127
8.34 2.30434
8.44 1.44728
8.54 0.0180452
8.64 -1.25604
8.74 -1.97666
8.84 -2.50836
8.94 -2.16788
9.04 -0.974824
9.14 0.738711
9.24 1.09765
9.34 1.29041
9.44 1.35145
9.54 1.2441
9.64 0.892939
9.74 0.238722
9.84 -0.0185444
9.94 -0.0911248
10.04 0.0963913
10.14 0.45689
10.24 0.900771
10.34 1.1525
10.44 1.78062
10.54 2.26404
10.64 2.2796
10.74 2.17605
10.84 2.11511
10.94 2.04755
11.04 1.08741
11.14 0.873506
11.24 1.11825
11.34 1.31235
11.44 1.12831
11.54 0.566844
11.64 -0.0379116
11.74 -0.460844
11.84 -1.23586
11.94 -1.90117
12.04 -2.45277
12.14 -2.59942
12.24 -2.38621
12.34 -1.83958
12.44 -1.41395
12.54 -1.01117
12.64 -0.068213
12.74 1.12031
12.84 2.09621
12.94 2.51635
13.04 2.47401
13.14 1.95745
13.24 1.20934
13.34 0.898939
13.44 1.02454
13.54 0.932567
13.64 0.538451
13.74 0.37486
13.84 0.60638
13.94 1.22264
14.04 2.06724
14.14 2.54033
14.24 2.65283
14.34 2.16815
14.44 1.25711
14.54 0.0444822
14.64 -1.34298
14.74 -2.34138
14.84 -2.4392
14.94 -1.95355
15.04 -0.856573
15.14 0.484883
15.24 1.56287
15.34 2.55172
15.44 3.02526
15.54 3.06005
15.64 2.1086
15.74 1.12975
15.84 -0.0701981
15.94 -1.14555
16.04 -1.75314
16.14 -1.74941
16.24 -1.1991
16.34 -0.544647
16.44 0.545784
16.54 1.69786
16.64 2.80276
16.74 3.68349
16.84 4.04613
16.94 3.50474
17.04 2.26718
17.14 1.04468
17.24 0.00912348
17.34 -0.387118
17.44 0.158647
17.54 1.16072
17.64 2.30519
17.74 3.53688
17.84 3.99209
17.94 3.97285
18.04 2.71021
18.14 1.05244
18.24 -0.822725
18.34 -2.23348
18.44 -2.73333
18.54 -2.92553
18.64 -3.26697
18.74 -3.44579
18.84 -2.67352
18.94 -1.3463
19.04 0.19186
19.14 1.60181
19.24 2.61185
19.34 2.48786
19.44 2.35677
19.54 2.28867
19.64 2.2807
19.74 2.29545
19.84 1.91034
19.94 1.52381
20.04 1.29218
20.14 0.991937
20.24 0.878369
20.34 1.28102
20.44 1.56658
20.54 1.50657
20.64 1.56731
20.74 1.56401
20.84 0.949698
20.94 -0.113272
21.04 -1.3375
21.14 -2.47712
21.24 -2.93966
21.34 -2.78713
21.44 -1.96018
21.54 -0.664748
21.64 0.874447
21.74 2.91934
21.84 5.26034
21.94 7.01377
22.04 7.74632
22.14 6.93328
22.24 5.11479
22.34 3.22514
22.44 1.40129
22.54 -0.481026
22.64 -2.25613
22.74 -3.04762
22.84 -2.57184
22.94 -1.57564
23.04 -0.97548
23.14 -0.368412
23.24 0.0979486
23.34 0.0616668
23.44 -0.204859
23.54 -0.430238
23.64 -0.18146
23.74 0.554388
23.84 1.07277
23.94 1.0718
24.04 0.879902
24.14 0.571177
24.24 0.306505
24.34 -0.150806
24.44 -0.648362
24.54 -0.675319
24.64 -0.15022
24.74 0.700253
24.84 1.39611
24.94 1.78696
25.04 1.78872
25.14 1.72729
25.24 1.26439
25.34 0.186228
25.44 -1.14186
25.54 -1.96056
25.64 -1.95473
25.74 -1.39494
25.84 -0.802291
25.94 -0.346528
26.04 -0.322074
26.14 -0.181599
26.24 0.659054
26.34 1.93937
26.44 2.72833
26.54 2.91847
26.64 2.57353
26.74 2.05849
26.84 1.76892
26.94 1.60249
27.04 1.16561
27.14 0.513324
27.24 0.419321
27.34 1.17984
27.44 2.28259
27.54 3.0058
27.64 3.48462
27.74 3.8075
27.84 3.91997
27.94 3.81134
28.04 3.20569
28.14 2.00485
28.24 -0.0206617
28.34 -2.76858
28.44 -5.75507
28.54 -7.9814
28.64 -9.03481
28.74 -9.15707
28.84 -8.48407
28.94 -6.80749
29.04 -4.55645
29.14 -1.75461
29.24 1.68518
29.34 5.70192
29.44 10.203
29.54 14.0782
29.64 16.6636
29.74 17.9991
29.84 17.5907
29.94 15.7048
30.04 12.1042
30.14 6.61037
30.24 -0.00794767
30.34 -6.26454
30.44 -11.3285
30.54 -15.0155
30.64 -17.387
30.74 -18.2147
30.84 -17.6072
30.94 -14.9818
31.04 -10.5359
31.14 -4.49458
31.24 2.5277
31.34 10.1345
31.44 17.6345
31.54 23.0371
31.64 24.0078
31.74 18.5096
31.84 5.49551
31.94 -16.4845
32.04 -45.519
32.14 -74.7674
32.24 -94.1846
32.34 -97.1892
32.44 -81.8849
32.54 -47.4782
32.64 3.75796
32.74 67.0053
32.84 133.166
32.94 188.116
33.04 216.392
33.14 212.49
33.24 163.197
33.34 62.6856
33.44 -64.4945
33.54 -173.433
33.64 -234.016
33.74 -247.878
33.84 -228.29
33.94 -179.018
34.04 -116.802
34.14 -61.786
34.24 -23.8386
34.34 0.243828
34.44 14.6271
34.54 24.3131
34.64 36.0437
34.74 54.0546
34.84 78.6142
34.94 106.326
35.04 130.675
35.14 143.793
35.24 142.048
35.34 124.953
35.44 95.7613
35.54 60.2916
35.64 25.3415
35.74 -5.5881
35.84 -34.4822
35.94 -62.3966
36.04 -88.5466
36.14 -109.616
36.24 -122.593
36.34 -125.696
36.44 -119.381
36.54 -104.923
36.64 -85.3521
36.74 -66.2505
36.84 -51.6243
36.94 -41.1332
37.04 -31.6585
37.14 -19.4924
37.24 -3.1623
37.34 18.0449
37.44 44.7765
37.54 74.253
37.64 99.3152
37.74 113.656
37.84 116.255
37.94 108.713
38.04 94.3004
38.14 77.8412
38.24 62.5813
38.34 49.0623
38.44 35.9165
38.54 21.2817
38.64 3.90024
38.74 -15.4804
38.84 -34.1792
38.94 -50.0513
39.04 -62.2272
39.14 -70.2415
39.24 -74.5662
39.34 -75.5945
39.44 -73.8751
39.54 -69.6665
39.64 -63.2586
39.74 -54.8489
39.84 -44.532
39.94 -34.3713
40.04 -25.9215
40.14 -19.5485
40.24 -15.1197
40.34 -11.3031
40.44 -5.99781
40.54 1.11541
40.64 9.48938
40.74 18.4
40.84 27.329
40.94 34.983
41.04 40.6929
41.14 44.826
41.24 48.7006
41.34 52.8679
41.44 56.9675
41.54 60.4717
41.64 62.002
41.74 60.6289
41.84 55.3496
41.94 46.3999
42.04 35.1053
42.14 23.2976
42.24 11.9545
42.34 1.40254
42.44 -9.34033
42.54 -20.8596
42.64 -32.5712
42.74 -43.285
42.84 -51.3667
42.94 -55.5692
43.04 -56.1579
43.14 -54.4287
43.24 -51.9997
43.34 -49.9935
43.44 -48.7935
43.54 -47.9942
43.64 -46.3844
43.74 -43.1175
43.84 -37.9527
43.94 -30.7571
44.04 -22.6254
44.14 -14.8179
44.24 -8.49442
44.34 -3.49535
44.44 1.13558
44.54 6.18422
44.64 11.7391
44.74 17.8059
44.84 24.1784
44.94 30.266
45.04 35.5135
45.14 39.8036
45.24 42.9436
45.34 45.5422
45.44 47.5471
45.54 48.8935
45.64 49.2415
45.74 48.5075
45.84 46.6038
45.94 43.1624
46.04 38.2824
46.14 32.7422
46.24 26.7007
46.34 20.3679
46.44 13.6
46.54 6.8361
46.64 -0.199095
46.74 -8.1375
46.84 -16.5158
46.94 -23.9711
47.04 -30.3425
47.14 -35.7423
47.24 -40.2758
47.34 -44.2577
47.44 -47.6953
47.54 -50.3638
47.64 -52.0894
47.74 -52.4126
47.84 -51.1369
47.94 -48.3584
48.04 -44.8859
48.14 -41.0404
48.24 -36.3617
48.34 -30.7737
48.44 -24.7007
48.54 -18.328
48.64 -12.1559
48.74 -6.60075
48.84 -1.55502
48.94 2.96588
49.04 7.16116
49.14 11.5931
49.24 16.4102
49.34 21.2568
49.44 26.1792
49.54 31.2104
49.64 35.9656
49.74 39.7691
49.84 42.5023
49.94 44.4804
50.04 45.6195
50.14 45.8467
50.24 45.4116
50.34 44.2985
50.44 42.2975
50.54 39.0454
50.64 34.6088
50.74 29.6121
50.84 24.3242
50.94 18.5419
51.04 12.6944
51.14 6.95338
51.24 1.19233
51.34 -4.61162
51.44 -9.95514
51.54 -15.0736
51.64 -20.6375
51.74 -26.066
51.84 -30.6885
51.94 -34.7358
52.04 -38.2595
52.14 -40.8378
52.24 -42.312
52.34 -42.6088
52.44 -41.9358
52.54 -40.4054
52.64 -38.4467
52.74 -36.9863
52.84 -35.4274
52.94 -33.5039
53.04 -31.4008
53.14 -28.7942
53.24 -24.9657
53.34 -19.8612
53.44 -13.9974
53.54 -8.63675
53.64 -4.29717
53.74 -0.676217
53.84 2.81733
53.94 6.60194
54.04 10.6987
54.14 15.2029
54.24 19.8031
54.34 24.8077
54.44 29.6251
54.54 33.0268
54.64 35.1902
54.74 36.5489
54.84 37.3482
54.94 37.358
55.04 36.5167
55.14 35.2112
55.24 33.7862
55.34 32.8671
55.44 32.1363
55.54 30.6542
55.64 28.3183
55.74 25.3062
55.84 22.1335
55.94 18.5471
56.04 14.1975
56.14 8.91261
56.24 3.52503
56.34 -1.58273
56.44 -6.1829
56.54 -10.3043
56.64 -13.8098
56.74 -17.0418
56.84 -20.5979
56.94 -24.3351
57.04 -28.0333
57.14 -31.4595
57.24 -35.0677
57.34 -38.2699
57.44 -40.2744
57.54 -40.6673
57.64 -39.8517
57.74 -38.1136
57.84 -35.6029
57.94 -32.6284
58.04 -29.095
58.14 -25.345
58.24 -22.088
58.34 -19.3828
58.44 -16.4906
58.54 -12.8647
58.64 -8.61357
58.74 -4.21658
58.84 -0.463449
58.94 3.32765
59.04 7.58463
59.14 11.6142
59.24 15.2344
59.34 18.4844
59.44 21.2274
59.54 23.1241
59.64 24.4468
59.74 25.5695
59.84 26.4722
59.94 27.1968
60.04 27.8431
60.14 28.3158
60.24 28.7304
60.34 29.3646
60.44 29.4989
60.54 28.3802
60.64 26.5439
60.74 24.7762
60.84 22.8906
60.94 20.7335
61.04 18.4405
61.14 16.25
61.24 14.2567
61.34 11.6215
61.44 7.54542
61.54 2.85635
61.64 -1.95831
61.74 -6.89442
61.84 -11.7823
61.94 -16.1466
62.04 -19.9923
62.14 -23.9052
62.24 -27.1308
62.34 -29.4065
62.44 -30.8916
62.54 -31.6757
62.64 -31.8215
62.74 -31.5145
62.84 -30.4948
62.94 -28.3756
63.04 -25.756
63.14 -23.1899
63.24 -20.1085
63.34 -17.4155
63.44 -15.4398
63.54 -13.6013
63.64 -11.8164
63.74 -10.039
63.84 -8.12955
63.94 -5.84136
64.04 -3.10209
64.14 -0.429621
64.24 2.30012
64.34 4.85988
64.44 7.29806
64.54 9.49229
64.64 11.4773
64.74 13.6578
64.84 16.1661
64.94 18.4535
65.04 19.8597
65.14 20.9917
65.24 21.9428
65.34 22.3496
65.44 22.4956
65.54 22.3859
65.64 21.8507
65.74 21.2405
65.84 21.0195
65.94 20.913
66.04 20.5394
66.14 19.777
66.24 18.4508
66.34 16.7144
66.44 14.1923
66.54 10.683
66.64 6.41577
66.74 1.97407
66.84 -1.67371
66.94 -4.43055
67.04 -6.50191
67.14 -8.61572
67.24 -10.4192
67.34 -11.7988
67.44 -12.6257
67.54 -13.1491
67.64 -13.9445
67.74 -15.1107
67.84 -16.4774
67.94 -17.7934
68.04 -18.6387
68.14 -19.0548
68.24 -19.3292
68.34 -19.7036
68.44 -19.564
68.54 -18.0667
68.64 -15.6285
68.74 -13.0653
68.84 -10.7029
68.94 -8.57579
69.04 -6.59214
69.14 -4.92581
69.24 -3.34797
69.34 -2.17688
69.44 -1.51043
69.54 -1.12034
69.64 -0.552163
69.74 0.586844
69.84 2.22488
69.94 4.26854
70.04 6.27099
70.14 8.28563
70.24 10.2295
70.34 12.0325
70.44 13.4102
70.54 14.343
70.64 14.9666
70.74 15.1463
70.84 14.6428
70.94 13.6764
71.04 12.9368
71.14 12.5396
71.24 12.2214
71.34 11.9022
71.44 11.7442
71.54 11.4956
71.64 10.7663
71.74 9.92142
71.84 8.96633
71.94 8.28024
72.04 7.68833
72.14 6.76161
72.24 5.58511
72.34 4.41571
72.44 3.44715
72.54 2.56508
72.64 1.61553
72.74 0.462595
72.84 -0.903962
72.94 -1.99175
73.04 -2.33649
73.14 -2.43966
73.24 -3.05182
73.34 -4.79253
73.44 -7.79862
73.54 -10.6842
73.64 -12.6265
73.74 -14.2017
73.84 -15.676
73.94 -16.7995
74.04 -17.5916
74.14 -18.1461
74.24 -18.2303
74.34 -17.771
74.44 -17.4218
74.54 -16.7405
74.64 -14.6784
74.74 -10.8903
74.84 -5.77092
74.94 -0.0482442
75.04 5.68002
75.14 10.4457
75.24 13.7244
75.34 15.3277
75.44 15.447
75.54 14.5364
75.64 12.9991
75.74 10.9337
75.84 8.44731
75.94 5.7459
76.04 3.17894
76.14 1.19085
76.24 -0.443414
76.34 -1.50538
76.44 -2.45713
76.54 -2.70925
76.64 -1.61435
76.74 0.699549
76.84 3.52526
76.94 6.16918
77.04 8.41226
77.14 10.0348
77.24 10.9772
77.34 11.8602
77.44 12.8859
77.54 13.6386
77.64 14.0194
77.74 13.4736
77.84 12.4874
77.94 11.6904
78.04 10.7947
78.14 9.30947
78.24 7.41447
78.34 5.13177
78.44 2.69921
78.54 0.683349
78.64 -1.22299
78.74 -3.32195
78.84 -5.41173
78.94 -6.77959
79.04 -7.66298
79.14 -8.47728
79.24 -9.43745
79.34 -10.9159
79.44 -12.865
79.54 -14.7044
79.64 -15.6609
79.74 -15.9899
79.84 -16.0729
79.94 -15.1952
80.04 -13.6087
80.14 -11.6277
80.24 -9.82144
80.34 -8.43212
80.44 -7.2896
80.54 -6.07792
80.64 -4.68769
80.74 -3.25593
80.84 -1.85696
80.94 -0.853992
81.04 -0.0140066
81.14 1.29966
81.24 3.02059
81.34 4.7484
81.44 6.27227
81.54 7.92166
81.64 9.85589
81.74 11.331
81.84 12.0155
81.94 11.9374
82.04 11.5115
82.14 11.137
82.24 11.0529
82.34 11.3104
82.44 11.546
82.54 11.6819
82.64 11.5342
82.74 11.1089
82.84 10.6824
82.94 9.88691
83.04 8.80283
83.14 7.56993
83.24 5.98158
83.34 4.27597
83.44 2.55563
83.54 1.01995
83.64 -0.0769207
83.74 -0.935257
83.84 -1.93251
83.94 -2.77021
84.04 -3.08863
84.14 -3.74273
84.24 -4.59825
84.34 -5.62396
84.44 -6.46409
84.54 -6.92522
84.64 -7.26519
84.74 -7.67659
84.84 -8.05831
84.94 -8.4793
85.04 -8.48232
85.14 -7.88699
85.24 -7.07849
85.34 -6.5487
85.44 -6.39759
85.54 -6.10081
85.64 -5.75215
85.74 -5.32725
85.84 -5.36019
85.94 -5.0105
86.04 -3.79944
86.14 -1.96649
86.24 -0.205561
86.34 1.5337
86.44 3.40446
86.54 4.9888
86.64 6.28613
86.74 7.59343
86.84 8.34874
86.94 8.36768
87.04 7.58906
87.14 6.67227
87.24 5.70205
87.34 4.6468
87.44 3.79849
87.54 3.10806
87.64 2.35638
87.74 1.93254
87.84 1.75807
87.94 1.75588
88.04 1.79606
88.14 1.32174
88.24 1.24144
88.34 1.4111
88.44 1.64437
88.54 2.02428
88.64 2.77761
88.74 3.17546
88.84 3.66343
88.94 4.22599
89.04 4.29477
89.14 4.44819
89.24 4.29872
89.34 3.82954
89.44 2.78377
89.54 1.45186
89.64 0.451026
89.74 -0.546362
89.84 -1.41186
89.94 -1.48828
90.04 -1.74865
90.14 -1.61488
90.24 -1.32636
90.34 -0.95803
90.44 -0.959137
90.54 -0.698779
90.64 -0.287758
90.74 -0.313487
90.84 -0.595868
90.94 -0.900536
91.04 -1.5833
91.14 -1.78412
91.24 -2.11908
91.34 -2.53599
91.44 -2.98232
91.54 -2.92929
91.64 -2.29361
91.74 -1.18982
91.84 -0.179343
91.94 0.599206
92.04 0.967749
92.14 1.36729
92.24 1.50784
92.34 1.37923
92.44 1.2013
92.54 0.987122
92.64 0.521002
92.74 0.0642563
92.84 -0.179405
92.94 -0.362267
93.04 -0.741543
93.14 -0.731185
93.24 -0.446788
93.34 -0.569122
93.44 -0.344203
93.54 0.0976397
93.64 0.573263
93.74 0.851541
93.84 0.83079
93.94 0.69916
94.04 0.404718
94.14 0.0945251
94.24 0.0022439
94.34 0.446175
94.44 1.37815
94.54 2.86159
94.64 4.24539
94.74 5.08373
94.84 5.06838
94.94 4.30638
95.04 3.31117
95.14 2.7908
95.24 1.94981
95.34 1.39984
95.44 1.38148
95.54 1.24446
95.64 1.61682
95.74 2.16708
95.84 2.05406
95.94 1.71192
96.04 1.14684
96.14 0.364715
96.24 -0.74281
96.34 -1.86296
96.44 -3.06747
96.54 -3.12093
96.64 -3.0176
96.74 -2.46478
96.84 -1.52258
96.94 -0.41081
97.04 0.360091
97.14 0.8068
97.24 0.535276
97.34 -0.397241
97.44 -1.3363
97.54 -1.63328
97.64 -1.48255
97.74 -0.876307
97.84 -0.00225568
97.94 0.449069
98.04 0.763096
98.14 0.776658
98.24 1.09266
98.34 1.14732
98.44 1.05917
98.54 0.752044
98.64 0.0882428
98.74 -0.239266
98.84 -0.17149
98.94 -0.252753
99.04 -0.41369
99.14 -0.525567
99.24 -0.792886
99.34 -0.849542
99.44 -1.00235
99.54 -1.00267
99.64 -0.311815
99.74 0.595379
99.84 1.29265
99.94 1.9652
100.04 2.72589
100.14 3.32523
100.24 3.27169
100.34 2.63809
100.44 1.72003
100.54 1.01422
100.64 0.536863
100.74 0.893336
100.84 0.969699
100.94 1.1832
101.04 1.72999
101.14 2.66431
101.24 3.69587
101.34 4.66251
101.44 4.93408
101.54 4.56674
101.64 3.69749
101.74 2.35725
101.84 1.2911
101.94 0.309728
102.04 -0.223704
102.14 -0.637722
102.24 -1.50858
102.34 -2.50718
102.44 -3.28392
102.54 -3.73409
102.64 -3.86681
102.74 -3.95316
102.84 -3.94395
102.94 -3.78775
103.04 -2.8491
103.14 -1.52398
103.24 0.00969236
