-4.94 -0.529629
-4.84535 -0.202455
-4.7507 0.1309
-4.65605 0.26628
-4.56139 0.337637
-4.46674 -0.119964
-4.37209 -0.414874
-4.27744 -0.62129
-4.18279 -0.856918
-4.08814 -1.03794
-3.99349 -1.06333
-3.89883 -0.874918
-3.80418 -0.563837
-3.70953 -0.098229
-3.61488 0.409301
-3.52023 0.867385
-3.42558 1.2891
-3.33093 1.66257
-3.23627 1.98388
-3.14162 2.4176
-3.04697 2.39252
-2.95232 2.30685
-2.85767 2.5623
-2.76302 2.26873
-2.66837 1.91373
-2.57371 1.26939
-2.47906 0.849343
-2.38441 0.791773
-2.28976 0.635281
-2.19511 0.504612
-2.10046 0.362797
-2.00581 0.19459
-1.91115 0.0128898
-1.8165 -0.208688
-1.72185 -0.274209
-1.6272 -0.171517
-1.53255 -7.50129e-05
-1.4379 0.107145
-1.34325 0.0949242
-1.24859 -0.113129
-1.15394 -0.527729
-1.05929 -1.0782
-0.964639 -1.59137
-0.869988 -1.95071
-0.775337 -2.18715
-0.680685 -1.77405
-0.586034 -0.879929
-0.491382 0.346521
-0.396731 1.6521
-0.302079 2.79737
-0.207428 3.45273
-0.112776 3.5229
-0.018125 3.07192
0.0765264 2.18978
0.171178 1.20229
0.265829 0.202533
0.360481 -0.493539
0.455132 -0.566016
0.549784 -0.241699
0.644435 0.478074
0.739087 1.51433
0.833738 2.44177
0.928389 2.89021
1.02304 2.70073
1.11769 1.89687
1.21234 0.847916
1.307 -0.4881
1.40165 -1.62935
1.4963 -2.37346
1.59095 -2.66836
1.6856 -2.59332
1.78025 -2.06978
1.8749 -2.01581
1.96956 -1.44618
2.06421 -1.03535
2.15886 -0.685617
2.25351 -0.358465
2.34816 -0.0861377
2.44281 -0.269213
2.53746 -0.314024
2.63212 0.0379354
2.72677 0.513611
2.82142 0.904701
2.91607 1.30569
3.01072 1.8907
3.10537 2.47488
3.20002 3.21757
3.29468 3.67534
3.38933 3.58498
3.48398 2.68286
3.57863 1.53552
3.67328 0.480401
3.76793 -0.437801
3.86258 -1.16261
3.95724 -0.933803
4.05189 -0.383287
4.14654 0.237913
4.24119 0.64006
4.33584 0.413308
4.43049 -0.17727
4.52514 -0.9698
4.6198 -1.91254
4.71445 -2.6458
4.8091 -3.00106
4.90375 -2.74322
4.9984 -2.21711
5.09305 -1.32886
5.1877 -0.197119
5.28236 1.22679
5.37701 2.69519
5.47166 4.01371
5.56631 5.13042
5.66096 5.43969
5.75561 5.00538
5.85026 3.86496
5.94492 2.20951
6.03957 0.306988
6.13422 -1.61174
6.22887 -2.93645
6.32352 -3.608
6.41817 -3.58068
6.51282 -2.95815
6.60748 -1.89734
6.70213 -0.589778
6.79678 0.774419
6.89143 2.02576
6.98608 3.024
7.08073 3.66659
7.17538 3.90275
7.27004 3.74878
7.36469 3.29255
7.45934 2.6748
7.55399 1.73046
7.64864 1.32916
7.74329 1.08572
7.83794 0.878198
7.9326 0.517772
8.02725 -0.16258
8.1219 -1.21474
8.21655 -2.51871
8.3112 -3.79192
8.40585 -4.66761
8.5005 -4.81642
8.59516 -4.23907
8.68981 -2.64182
8.78446 -0.457453
8.87911 1.88601
8.97376 3.9318
9.06841 5.324
9.16306 5.84495
9.25772 5.55454
9.35237 4.80058
9.44702 3.6695
9.54167 2.6627
9.63632 2.05877
9.73097 1.46877
9.82562 1.13536
9.92028 0.661889
10.0149 -0.0704896
10.1096 -0.809219
10.2042 -1.67254
10.2989 -2.43754
10.3935 -2.84635
10.4882 -2.69684
10.5828 -2.03684
10.6775 -0.990934
10.7721 -0.268444
10.8668 0.53127
10.9614 1.02829
11.0561 1.14382
11.1507 1.12582
11.2454 0.976935
11.34 0.804468
11.4347 0.914219
11.5294 1.28335
11.624 1.7234
11.7187 1.97739
11.8133 2.10188
11.908 1.30694
12.0026 0.578721
12.0973 -0.0553972
12.1919 -0.58395
12.2866 -0.323517
12.3812 0.33162
12.4759 1.15129
12.5705 1.82029
12.6652 1.77581
12.7598 1.6411
12.8545 0.87969
12.9491 0.60536
13.0438 0.634226
13.1384 0.987872
13.2331 1.55718
13.3277 1.97563
13.4224 2.13194
13.517 1.93174
13.6117 1.4177
13.7063 0.730068
13.801 0.027845
13.8956 -0.584136
13.9903 -1.08523
14.0849 -1.51686
14.1796 -1.92894
14.2742 -2.33085
14.3689 -2.67582
14.4635 -2.88413
14.5582 -2.88539
14.6528 -2.65009
14.7475 -2.19011
14.8422 -1.53168
14.9368 -0.918741
15.0315 -0.196156
15.1261 1.15527
15.2208 2.81234
15.3154 4.35372
15.4101 5.54538
15.5047 6.0395
15.5994 5.62382
15.694 4.34843
15.7887 2.55314
15.8833 0.764283
15.978 -0.506294
16.0726 -0.97333
16.1673 -0.70089
16.2619 -0.0717453
16.3566 0.389078
16.4512 0.257718
16.5459 -0.591798
16.6405 -1.93046
16.7352 -3.28271
16.8298 -4.1462
16.9245 -4.21567
17.0191 -3.50476
17.1138 -2.31286
17.2084 -1.06234
17.3031 -0.0939419
17.3977 0.476321
17.4924 0.77294
17.587 1.05238
17.6817 1.53671
17.7763 2.2808
17.871 3.14017
17.9656 3.84872
18.0603 4.15684
18.155 3.95236
18.2496 3.3029
18.3443 2.40575
18.4389 1.48347
18.5336 0.68849
18.6282 0.0677758
18.7229 -0.403065
18.8175 -0.750529
18.9122 -0.952733
19.0068 -0.945829
19.1015 -0.68477
19.1961 -0.216093
19.2908 0.29287
19.3854 0.601149
19.4801 0.503795
19.5747 -0.0524048
19.6694 -0.915601
19.764 -1.77791
19.8587 -2.31174
19.9533 -2.32748
20.048 -1.86912
20.1426 -1.1933
20.2373 -0.637544
20.3319 -0.443631
20.4266 -0.628429
20.5212 -0.970973
20.6159 -1.12379
20.7105 -0.790414
20.8052 0.123714
20.8998 1.46408
20.9945 2.90373
21.0891 4.09685
21.1838 4.82283
21.2784 5.04458
21.3731 4.85697
21.4678 4.36675
21.5624 3.58472
21.6571 2.40265
21.7517 0.675197
21.8464 -1.63768
21.941 -4.35301
22.0357 -7.04793
22.1303 -9.16616
22.225 -10.2017
22.3196 -9.86982
22.4143 -8.18256
22.5089 -5.39807
22.6036 -1.88463
22.6982 2.01627
22.7929 6.04858
22.8875 9.99778
22.9822 13.5893
23.0768 16.4173
23.1715 17.978
23.2661 17.8209
23.3608 15.7486
23.4554 11.9557
23.5501 7.01135
23.6447 1.67236
23.7394 -3.39224
23.834 -7.82247
23.9287 -11.6091
24.0233 -14.9198
24.118 -17.7949
24.2126 -19.8806
24.3073 -20.3701
24.4019 -18.23
24.4966 -12.6496
24.5912 -3.53382
24.6859 8.17203
24.7806 20.4754
24.8752 30.6635
24.9699 35.8569
25.0645 33.6244
25.1592 22.5233
25.2538 2.50753
25.3485 -24.7864
25.4431 -55.8737
25.5378 -85.4568
25.6324 -106.84
25.7271 -112.913
25.8217 -97.7711
25.9164 -58.7205
26.011 1.86711
26.1057 75.6336
26.2003 148.918
26.295 205.303
26.3896 229.631
26.4843 212.41
26.5789 153.199
26.6736 61.6604
26.7682 -44.342
26.8629 -143.247
26.9575 -215.591
27.0522 -249.247
27.1468 -242.367
27.2415 -203.081
27.3361 -146.122
27.4308 -87.6402
27.5254 -40.0933
27.6201 -8.96174
27.7147 7.69531
27.8094 16.9576
27.9041 27.1571
27.9987 44.0326
28.0934 68.4193
28.188 96.233
28.2827 120.53
28.3773 134.6
28.472 134.717
28.5666 121.429
28.6613 98.9755
28.7559 73.244
28.8506 49.2723
28.9452 29.4141
29.0399 12.9191
29.1345 -3.00723
29.2292 -21.2606
29.3238 -42.979
29.4185 -66.6464
29.5131 -88.56
29.6078 -104.417
29.7024 -111.261
29.7971 -108.862
29.8917 -99.8778
29.9864 -88.694
30.081 -79.4453
30.1757 -74.1047
30.2703 -71.5013
30.365 -67.7336
30.4596 -57.8316
30.5543 -37.9792
30.6489 -7.36291
30.7436 31.1324
30.8382 71.6656
30.9329 107.306
31.0275 132.259
31.1222 143.561
31.2169 141.63
31.3115 129.56
31.4062 111.567
31.5008 91.3241
31.5955 70.8729
31.6901 50.5023
31.7848 29.4821
31.8794 7.18749
31.9741 -15.9985
32.0687 -38.4433
32.1634 -57.765
32.258 -71.7831
32.3527 -79.419
32.4473 -81.1018
32.542 -78.4978
32.6366 -73.7254
32.7313 -68.4579
32.8259 -63.3483
32.9206 -58.0217
33.0152 -51.5871
33.1099 -43.3614
33.2045 -33.415
33.2992 -22.6631
33.3938 -12.479
33.4885 -4.05376
33.5831 2.15086
33.6778 6.57072
33.7724 10.2542
33.8671 14.2849
33.9617 19.2188
34.0564 24.8245
34.151 30.244
34.2457 34.4722
34.3403 36.8899
34.435 37.5722
34.5297 37.2214
34.6243 36.7763
34.719 36.9177
34.8136 37.7317
34.9083 38.6979
35.0029 38.9913
35.0976 37.9198
35.1922 35.2574
35.2869 31.3026
35.3815 26.6455
35.4762 21.7896
35.5708 16.8481
35.6655 11.4872
35.7601 5.1482
35.8548 -2.57383
35.9494 -11.6055
36.0441 -21.3042
36.1387 -30.6555
36.2334 -38.6592
36.328 -44.7068
36.4227 -48.7576
36.5173 -51.235
36.612 -52.7079
36.7066 -53.534
36.8013 -53.6572
36.8959 -52.6591
36.9906 -50.0295
37.0852 -45.5027
37.1799 -39.2754
37.2745 -31.9891
37.3692 -24.4855
37.4638 -17.4641
37.5585 -11.2166
37.6531 -5.56849
37.7478 -0.0489791
37.8425 5.81062
37.9371 12.2053
38.0318 18.9466
38.1264 25.5561
38.2211 31.4966
38.3157 36.4085
38.4104 40.2276
38.505 43.1328
38.5997 45.3693
38.6943 47.0555
38.789 48.0871
38.8836 48.1877
38.9783 47.0733
39.0729 44.6332
39.1676 41.0243
39.2622 36.6263
39.3569 31.8814
39.4515 27.1081
39.5462 22.3858
39.6408 17.5689
39.7355 12.417
39.8301 6.76472
39.9248 0.640702
40.0194 -5.72504
40.1141 -12.0001
40.2087 -17.8935
40.3034 -23.2611
40.398 -28.1165
40.4927 -32.5472
40.5873 -36.5907
40.682 -40.1485
40.7766 -42.9904
40.8713 -44.8527
40.9659 -45.5763
41.0606 -45.2079
41.1553 -44.004
41.2499 -42.3296
41.3446 -40.4971
41.4392 -38.6239
41.5339 -36.5802
41.6285 -34.0495
41.7232 -30.676
41.8178 -26.2265
41.9125 -20.6975
42.0071 -14.3251
42.1018 -7.50354
42.1964 -0.660046
42.2911 5.85704
42.3857 11.8335
42.4804 17.1815
42.575 21.8924
42.6697 25.9883
42.7643 29.4984
42.859 32.4644
42.9536 34.9554
43.0483 37.0674
43.1429 38.895
43.2376 40.4813
43.3322 41.7744
43.4269 42.6189
43.5215 42.7947
43.6162 42.0932
43.7108 40.3993
43.8055 37.7412
43.9001 34.2848
43.9948 30.2757
44.0894 25.9538
44.1841 21.4787
44.2787 16.8979
44.3734 12.1658
44.4681 7.20377
44.5627 1.9692
44.6574 -3.49433
44.752 -9.04558
44.8467 -14.4729
44.9413 -19.5457
45.036 -24.0686
45.1306 -27.9212
45.2253 -31.0712
45.3199 -33.5638
45.4146 -35.4921
45.5092 -36.9584
45.6039 -38.0369
45.6985 -38.7466
45.7932 -39.0425
45.8878 -38.8295
45.9825 -37.9979
46.0771 -36.4718
46.1718 -34.2523
46.2664 -31.4391
46.3611 -28.2167
46.4557 -24.8064
46.5504 -21.3991
46.645 -18.0952
46.7397 -14.8765
46.8343 -11.6235
46.929 -8.17216
47.0236 -4.38685
47.1183 -0.219718
47.2129 4.26789
47.3076 8.9278
47.4022 13.5775
47.4969 18.0558
47.5916 22.2553
47.6862 26.1188
47.7809 29.6046
47.8755 32.6453
47.9702 35.1227
48.0648 36.8795
48.1595 37.7642
48.2541 37.6928
48.3488 36.6984
48.4434 34.9443
48.5381 32.6928
48.6327 30.238
48.7274 27.8262
48.822 25.5921
48.9167 23.5328
49.0113 21.5251
49.106 19.3773
49.2006 16.8988
49.2953 13.9627
49.3899 10.545
49.4846 6.73214
49.5792 2.69725
49.6739 -1.34599
49.7685 -5.1982
49.8632 -8.72333
49.9578 -11.879
50.0525 -14.7196
50.1471 -17.3709
50.2418 -19.9821
50.3364 -22.6685
50.4311 -25.4615
50.5257 -28.2833
50.6204 -30.9525
50.715 -33.223
50.8097 -34.8427
50.9044 -35.6151
50.999 -35.4462
51.0937 -34.3628
51.1883 -32.5006
51.283 -30.0673
51.3776 -27.2936
51.4723 -24.3861
51.5669 -21.4932
51.6616 -18.688
51.7562 -15.9707
51.8509 -13.284
51.9455 -10.5389
52.0402 -7.64221
52.1348 -4.52338
52.2295 -1.15355
52.3241 2.44506
52.4188 6.20168
52.5134 10.0098
52.6081 13.7461
52.7027 17.29
52.7974 20.5371
52.892 23.4058
52.9867 25.8353
53.0813 27.7805
53.176 29.2092
53.2706 30.1029
53.3653 30.4622
53.4599 30.3145
53.5546 29.7163
53.6492 28.7493
53.7439 27.5089
53.8385 26.0881
53.9332 24.5612
54.0278 22.9735
54.1225 21.3358
54.2172 19.626
54.3118 17.7933
54.4065 15.7663
54.5011 13.4628
54.5958 10.8054
54.6904 7.74173
54.7851 4.26734
54.8797 0.443526
54.9744 -3.59751
55.069 -7.66733
55.1637 -11.5556
55.2583 -15.0759
55.353 -18.1074
55.4476 -20.617
55.5423 -22.6519
55.6369 -24.3028
55.7316 -25.652
55.8262 -26.7266
55.9209 -27.477
56.0155 -27.7903
56.1102 -27.5367
56.2048 -26.6295
56.2995 -25.0761
56.3941 -22.9992
56.4888 -20.6182
56.5834 -18.1973
56.6781 -15.9771
56.7727 -14.1153
56.8674 -12.6533
56.962 -11.5179
57.0567 -10.5534
57.1513 -9.56863
57.246 -8.38345
57.3406 -6.86043
57.4353 -4.91851
57.53 -2.53179
57.6246 0.277767
57.7193 3.44664
57.8139 6.87185
57.9086 10.4117
58.0032 13.891
58.0979 17.1147
58.1925 19.8928
58.2872 22.0687
58.3818 23.5449
58.4765 24.2967
58.5711 24.3702
58.6658 23.8659
58.7604 22.9156
58.8551 21.6596
58.9497 20.2324
59.0444 18.755
59.139 17.3332
59.2337 16.0523
59.3283 14.9672
59.423 14.0863
59.5176 13.3568
59.6123 12.6611
59.7069 11.8314
59.8016 10.6856
59.8962 9.07517
59.9909 6.93287
60.0855 4.30284
60.1802 1.34091
60.2748 -1.71767
60.3695 -4.61494
60.4641 -7.13443
60.5588 -9.15338
60.6534 -10.6671
60.7481 -11.7788
60.8428 -12.6603
60.9374 -13.4944
61.0321 -14.419
61.1267 -15.4857
61.2214 -16.6444
61.316 -17.7551
61.4107 -18.6231
61.5053 -19.0471
61.6 -18.8689
61.6946 -18.0147
61.7893 -16.5179
61.8839 -14.5192
61.9786 -12.2436
62.0732 -9.95821
62.1679 -7.92009
62.2625 -6.32477
62.3572 -5.26803
62.4518 -4.72914
62.5465 -4.57949
62.6411 -4.61395
62.7358 -4.59712
62.8304 -4.3134
62.9251 -3.60978
63.0197 -2.42298
63.1144 -0.786362
63.209 1.18335
63.3037 3.31572
63.3983 5.42592
63.493 7.35546
63.5876 9.00483
63.6823 10.3504
63.7769 11.4405
63.8716 12.3703
63.9662 13.2425
64.0609 14.1254
64.1556 15.0213
64.2502 15.8575
64.3449 16.5045
64.4395 16.8153
64.5342 16.6742
64.6288 16.0376
64.7235 14.9519
64.8181 13.5443
64.9128 11.9885
65.0074 10.4588
65.1021 9.08868
65.1967 7.94546
65.2914 7.02765
65.386 6.28107
65.4807 5.62526
65.5753 4.97962
65.67 4.2816
65.7646 3.49397
65.8593 2.60257
65.9539 1.6082
66.0486 0.516401
66.1432 -0.672067
66.2379 -1.96793
66.3325 -3.39538
66.4272 -4.98734
66.5218 -6.77296
66.6165 -8.75929
66.7111 -10.9125
66.8058 -13.1466
66.9004 -15.3265
66.9951 -17.2889
67.0897 -18.8738
67.1844 -19.9577
67.2791 -20.4728
67.3737 -20.4041
67.4684 -19.7663
67.563 -18.5727
67.6577 -16.8138
67.7523 -14.4607
67.847 -11.4986
67.9416 -7.97511
68.0363 -4.04271
68.1309 0.0306951
68.2256 3.8968
68.3202 7.2011
68.4149 9.67152
68.5095 11.1872
68.6042 11.7994
68.6988 11.6946
68.7935 11.1165
68.8881 10.2788
68.9828 9.30645
69.0774 8.22916
69.1721 7.0252
69.2667 5.6915
69.3614 4.30246
69.456 3.02591
69.5507 2.08496
69.6453 1.68069
69.74 1.9099
69.8346 2.7159
69.9293 3.89614
70.0239 5.16592
70.1186 6.25299
70.2132 6.98539
70.3079 7.33872
70.4025 7.42748
70.4972 7.44853
70.5919 7.60277
70.6865 8.02625
70.7812 8.75296
70.8758 9.71497
70.9705 10.7692
71.0651 11.7327
71.1598 12.4108
71.2544 12.6141
71.3491 12.1706
71.4437 10.9441
71.5384 8.86451
71.633 5.96611
71.7277 2.41595
71.8223 -1.48643
71.917 -5.35137
72.0116 -8.77951
72.1063 -11.4583
72.2009 -13.2411
72.2956 -14.179
72.3902 -14.4891
72.4849 -14.4707
72.5795 -14.3974
72.6742 -14.4281
72.7688 -14.5667
72.8635 -14.6846
72.9581 -14.5918
73.0528 -14.1241
73.1474 -13.2094
73.2421 -11.8873
73.3367 -10.2812
73.4314 -8.53946
73.526 -6.77869
73.6207 -5.0557
73.7153 -3.37777
73.81 -1.74033
73.9047 -0.165511
73.9993 1.2849
74.094 2.53413
74.1886 3.54245
74.2833 4.35767
74.3779 5.13118
74.4726 6.0796
74.5672 7.39861
74.6619 9.16162
74.7565 11.2493
74.8512 13.3487
74.9458 15.0332
75.0405 15.9004
75.1351 15.7151
75.2298 14.5014
75.3244 12.5435
75.4191 10.2918
75.5137 8.21153
75.6084 6.6315
75.703 5.6521
75.7977 5.14363
75.8923 4.82839
75.987 4.40621
76.0816 3.66932
76.1763 2.56285
76.2709 1.17605
76.3656 -0.318504
76.4602 -1.7404
76.5549 -2.95439
76.6495 -3.88241
76.7442 -4.48178
76.8388 -4.71577
76.9335 -4.54447
77.0281 -3.94859
77.1228 -2.97543
77.2175 -1.77771
77.3121 -0.613901
77.4068 0.20509
77.5014 0.411441
77.5961 -0.118004
77.6907 -1.29857
77.7854 -2.84535
77.88 -4.35551
77.9747 -5.43749
78.0693 -5.83867
78.164 -5.52296
78.2586 -4.67023
78.3533 -3.60042
78.4479 -2.65441
78.5426 -2.07739
78.6372 -1.94597
78.7319 -2.16007
78.8265 -2.49505
78.9212 -2.6893
79.0158 -2.53419
79.1105 -1.93803
79.2051 -0.948358
79.2998 0.26823
79.3944 1.47796
79.4891 2.44707
79.5837 3.00663
79.6784 3.09933
79.773 2.79664
79.8677 2.28071
79.9623 1.68519
80.057 1.42884
80.1516 1.58611
80.2463 2.18534
80.3409 3.1181
80.4356 4.1747
80.5303 5.11235
80.6249 5.73067
80.7196 5.92647
80.8142 5.70844
80.9089 5.29289
81.0035 4.51144
81.0982 3.62542
81.1928 2.72072
81.2875 1.75906
81.3821 0.906743
81.4768 0.175109
81.5714 -0.361248
81.6661 -0.638747
81.7607 -0.641167
81.8554 -0.353343
81.95 -0.112788
82.0447 0.0925988
82.1393 0.0664482
82.234 0.0421543
82.3286 0.426093
82.4233 0.372009
82.5179 0.369153
82.6126 0.516389
82.7072 0.816421
82.8019 1.14812
82.8965 1.40492
82.9912 1.40606
83.0858 1.06752
83.1805 0.438664
83.2751 -0.546742
83.3698 -1.33649
83.4644 -1.99515
83.5591 -2.15728
83.6537 -1.93988
83.7484 -1.44839
83.8431 -1.23459
83.9377 -1.07223
84.0324 -0.717592
84.127 -0.590162
84.2217 -0.470016
84.3163 -0.281751
84.411 0.157165
84.5056 0.667268
84.6003 1.20247
84.6949 1.8487
84.7896 2.12782
84.8842 2.09933
84.9789 1.76415
85.0735 1.19344
85.1682 0.377527
85.2628 -0.325671
85.3575 -0.865593
85.4521 -1.26532
85.5468 -0.761549
85.6414 -0.137001
85.7361 0.296267
85.8307 0.5722
85.9254 0.979797
86.02 0.735301
86.1147 0.0795208
86.2093 -0.772459
86.304 -1.5779
86.3986 -2.39376
86.4933 -2.97892
86.5879 -3.20878
86.6826 -2.92178
86.7772 -2.21717
86.8719 -1.3407
86.9666 -0.0524954
87.0612 0.650036
87.1559 1.31121
87.2505 1.6792
87.3452 1.92612
87.4398 1.89243
87.5345 1.75643
87.6291 1.68392
87.7238 1.81097
87.8184 2.18755
87.9131 2.61127
88.0077 3.18496
88.1024 3.56027
88.197 3.54472
88.2917 3.04382
88.3863 2.11202
88.481 0.947672
88.5756 0.105752
88.6703 -0.608978
88.7649 -0.814481
88.8596 -0.445958
88.9542 0.411232
89.0489 1.55135
89.1435 2.70899
89.2382 3.7493
89.3328 4.23423
89.4275 4.17981
89.5221 3.71778
89.6168 2.83275
89.7114 1.74301
89.8061 1.06839
89.9007 0.573028
89.9954 0.477135
90.09 0.713615
90.1847 1.09041
90.2794 1.3544
90.374 1.28087
90.4687 0.705428
90.5633 -0.178736
90.658 -1.32825
90.7526 -2.41245
90.8473 -3.15564
90.9419 -3.39788
91.0366 -3.14907
91.1312 -2.57583
91.2259 -1.89887
91.3205 -1.43223
91.4152 -1.18167
91.5098 -1.18101
91.6045 -1.25754
91.6991 -1.26356
91.7938 -1.12356
91.8884 -1.02869
