-3.78 0.14801
-3.68 -0.0344897
-3.58 -0.232109
-3.48 -0.0744807
-3.38 -0.339803
-3.28 -0.266019
-3.18 -0.333521
-3.08 0.10542
-2.98 0.815351
-2.88 0.930508
-2.78 1.14932
-2.68 1.40625
-2.58 1.44743
-2.48 1.39326
-2.38 1.16945
-2.28 1.07995
-2.18 0.946398
-2.08 1.06016
-1.98 1.33953
-1.88 1.53187
-1.78 1.43225
-1.68 1.07445
-1.58 0.888481
-1.48 0.70665
-1.38 0.380584
-1.28 -0.074629
-1.18 -0.121206
-1.08 -0.186523
-0.98 -0.267211
-0.88 -0.104732
-0.78 -0.340502
-0.68 -0.832767
-0.58 -1.38606
-0.48 -1.38699
-0.38 -1.47542
-0.28 -1.5595
-0.18 -1.93514
-0.08 -2.19854
0.02 -1.797
0.12 -0.701601
0.22 0.530892
0.32 1.73827
0.42 2.32746
0.52 2.04497
0.62 1.13133
0.72 0.20881
0.82 -0.773081
0.92 -0.787029
1.02 -0.687741
1.12 -0.400859
1.22 -0.0311763
1.32 0.298567
1.42 0.638464
1.52 1.00719
1.62 1.33191
1.72 1.38682
1.82 0.970475
1.92 0.0664905
2.02 -0.742924
2.12 -0.613405
2.22 -0.267683
2.32 -0.602022
2.42 -0.972633
2.52 -0.905344
2.62 -0.0303706
2.72 0.528563
2.82 1.00977
2.92 1.14055
3.02 1.21752
3.12 1.0055
3.22 0.504428
3.32 0.128875
3.42 -0.157851
3.52 -0.619598
3.62 -0.156745
3.72 0.423759
3.82 1.59058
3.92 2.42498
4.02 2.6651
4.12 2.21757
4.22 1.69904
4.32 0.824549
4.42 -0.155198
4.52 -0.888538
4.62 -1.86745
4.72 -2.43496
4.82 -2.31307
4.92 -2.11096
5.02 -2.0398
5.12 -1.65905
5.22 -1.35611
5.32 -1.73608
5.42 -1.36069
5.52 -1.07153
5.62 -0.935337
5.72 -0.601623
5.82 -0.493471
5.92 0.0513367
6.02 0.860301
6.12 1.81635
6.22 2.71009
6.32 2.64806
6.42 2.53899
6.52 2.35303
6.62 1.32509
6.72 -0.0664662
6.82 -1.49162
6.92 -2.41595
7.02 -2.62327
7.12 -1.81842
7.22 -0.463209
7.32 0.501902
7.42 0.963554
7.52 1.09551
7.62 0.95546
7.72 1.02018
7.82 0.873261
7.92 0.332114
8.02 -0.165719
8.12 -0.292264
8.22 -0.0921404
8.32 0.257305
8.42 0.31916
8.52 0.259194
8.62 0.441374
8.72 1.02
8.82 1.24424
8.92 0.451369
9.02 -0.600816
9.12 -1.23459
9.22 -1.31364
9.32 -0.633701
9.42 0.559305
9.52 1.63524
9.62 2.50994
9.72 3.24055
9.82 3.51675
9.92 3.1735
10.02 2.32082
10.12 1.21293
10.22 -0.0756234
10.32 -1.19217
10.42 -1.91102
10.52 -2.12211
10.62 -1.99072
10.72 -1.29475
10.82 -0.822443
10.92 -0.524731
11.02 -0.542805
11.12 -0.901093
11.22 -0.920299
11.32 -1.07349
11.42 -1.03811
11.52 -0.874074
11.62 -0.0889487
11.72 0.542571
11.82 1.06736
11.92 1.14831
12.02 1.41101
12.12 2.03948
12.22 2.66856
12.32 2.745
12.42 2.62758
12.52 2.5529
12.62 2.2735
12.72 1.85635
12.82 1.01033
12.92 -0.253236
13.02 -1.02891
13.12 -1.86262
13.22 -1.87271
13.32 -1.16428
13.42 -0.582518
13.52 -0.268116
13.62 -0.0961968
13.72 -0.0242871
13.82 -0.253172
13.92 -0.711764
14.02 -0.97242
14.12 -1.46904
14.22 -1.66775
14.32 -1.17445
14.42 -0.414135
14.52 0.638003
14.62 1.83479
14.72 2.97211
14.82 3.86801
14.92 4.73723
15.02 5.22272
15.12 5.32287
15.22 4.81075
15.32 3.78041
15.42 2.93208
15.52 2.90351
15.62 2.92634
15.72 2.47972
15.82 1.45315
15.92 0.320365
16.02 -0.91379
16.12 -2.34967
16.22 -3.8362
16.32 -5.11214
16.42 -6.16778
16.52 -6.65947
16.62 -6.65529
16.72 -6.30848
16.82 -5.35869
16.92 -4.09363
17.02 -2.4391
17.12 -0.671132
17.22 0.963715
17.32 2.13682
17.42 2.79703
17.52 3.38558
17.62 3.8859
17.72 4.02645
17.82 4.1313
17.92 4.3312
18.02 4.3101
18.12 3.61795
18.22 2.68193
18.32 1.64996
18.42 0.0947565
18.52 -1.31921
18.62 -2.41017
18.72 -3.04848
18.82 -3.08001
18.92 -2.61845
19.02 -1.56043
19.12 -0.401943
19.22 0.534735
19.32 1.23158
19.42 1.50476
19.52 1.54134
19.62 1.45967
19.72 1.32447
19.82 1.15868
19.92 0.903722
20.02 0.706666
20.12 0.691243
20.22 0.714694
20.32 1.02815
20.42 1.38012
20.52 1.65838
20.62 1.82065
20.72 1.78338
20.82 1.74376
20.92 1.52185
21.02 1.17986
21.12 0.566594
21.22 -0.321341
21.32 -0.839239
21.42 -1.22167
21.52 -1.88145
21.62 -2.39383
21.72 -2.39241
21.82 -1.78385
21.92 -0.756387
22.02 0.271421
22.12 0.63617
22.22 0.103547
22.32 -0.71396
22.42 -1.28805
22.52 -1.43974
22.62 -1.57458
22.72 -1.99178
22.82 -2.10526
22.92 -1.90427
23.02 -1.43634
23.12 -0.135194
23.22 2.1638
23.32 4.78586
23.42 6.94734
23.52 8.41656
23.62 9.21471
23.72 9.80895
23.82 9.56493
23.92 7.68906
24.02 4.13285
24.12 -0.406996
24.22 -5.31343
24.32 -9.76005
24.42 -13.3219
24.52 -15.284
24.62 -15.2675
24.72 -13.2014
24.82 -9.50701
24.92 -4.42378
25.02 1.17163
25.12 6.81882
25.22 12.4091
25.32 17.2131
25.42 20.0449
25.52 20.0347
25.62 17.5394
25.72 13.3056
25.82 7.68077
25.92 1.16752
26.02 -5.82255
26.12 -12.3022
26.22 -17.1437
26.32 -19.1928
26.42 -18.3913
26.52 -15.0197
26.62 -9.93023
26.72 -3.88391
26.82 2.54449
26.92 9.29304
27.02 16.4042
27.12 22.9488
27.22 27.2427
27.32 27.0146
27.42 20.3458
27.52 6.23211
27.62 -15.9185
27.72 -44.4118
27.82 -75.4642
27.92 -102.157
28.02 -116.371
28.12 -110.69
28.22 -82.3949
28.32 -33.8073
28.42 31.1565
28.52 104.195
28.62 172.766
28.72 221.537
28.82 240.578
28.92 224.103
29.02 152.875
29.12 32.5852
29.22 -100.679
29.32 -198.363
29.42 -242.166
29.52 -246.148
29.62 -217.035
29.72 -162.055
29.82 -99.1578
29.92 -47.9658
30.02 -13.7772
30.12 6.87817
30.22 18.4404
30.32 26.268
30.42 36.9341
30.52 54.4338
30.62 79.2598
30.72 107.253
30.82 130.186
30.92 140.89
31.02 136.572
31.12 118.466
31.22 90.2028
31.32 58.1993
31.42 27.4565
31.52 -0.623261
31.62 -27.1304
31.72 -54.2934
31.82 -81.5087
31.92 -105.719
32.02 -122.295
32.12 -127.431
32.22 -120.989
32.32 -106.22
32.42 -88.988
32.52 -73.7477
32.62 -61.2883
32.72 -49.3921
32.82 -35.8447
32.92 -18.6749
33.02 3.6473
33.12 31.417
33.22 63.1572
33.32 93.0892
33.42 113.511
33.52 121.23
33.62 115.272
33.72 98.9429
33.82 78.9341
33.92 61.3773
34.02 48.2637
34.12 38.3322
34.22 28.9944
34.32 17.2119
34.42 2.57438
34.52 -13.5328
34.62 -28.6205
34.72 -41.1393
34.82 -51.8878
34.92 -60.3459
35.02 -66.3613
35.12 -70.0337
35.22 -71.6255
35.32 -70.7367
35.42 -66.4981
35.52 -58.733
35.62 -48.1235
35.72 -37.0998
35.82 -27.7949
35.92 -20.0474
36.02 -13.4438
36.12 -6.77622
36.22 1.17648
36.32 10.1816
36.42 19.5553
36.52 28.471
36.62 35.7389
36.72 40.841
36.82 43.3641
36.92 44.4925
37.02 45.5944
37.12 47.2038
37.22 49.005
37.32 50.0272
37.42 49.0962
37.52 45.7644
37.62 40.7432
37.72 35.3058
37.82 29.9
37.92 24.0396
38.02 16.7296
38.12 7.26613
38.22 -3.80516
38.32 -15.7101
38.42 -27.4317
38.52 -37.5978
38.62 -44.9614
38.72 -48.4048
38.82 -49.1763
38.92 -48.8887
39.02 -48.5595
39.12 -48.4693
39.22 -48.2749
39.32 -47.2516
39.42 -44.9124
39.52 -40.9213
39.62 -35.3567
39.72 -28.8011
39.82 -22.4199
39.92 -16.5824
40.02 -10.9681
40.12 -5.05409
40.22 1.4887
40.32 8.81376
40.42 16.4234
40.52 23.4155
40.62 29.5918
40.72 34.6388
40.82 38.6036
40.92 41.9687
41.02 44.8926
41.12 47.239
41.22 48.6186
41.32 48.5256
41.42 46.6374
41.52 43.4031
41.62 39.4702
41.72 35.4414
41.82 31.6282
41.92 27.6909
42.02 23.153
42.12 17.364
42.22 10.0062
42.32 1.52091
42.42 -6.83386
42.52 -14.3676
42.62 -21.088
42.72 -27.5777
42.82 -33.5348
42.92 -38.0463
43.02 -41.4251
43.12 -44.2531
43.22 -46.2302
43.32 -47.0873
43.42 -47.087
43.52 -46.3588
43.62 -44.6381
43.72 -41.8914
43.82 -38.8316
43.92 -35.9785
44.02 -32.6282
44.12 -27.8752
44.22 -21.8742
44.32 -14.9594
44.42 -7.91775
44.52 -1.51523
44.62 4.59779
44.72 10.3065
44.82 15.2417
44.92 20.1776
45.02 25.1134
45.12 29.6919
45.22 33.7834
45.32 37.074
45.42 39.3485
45.52 40.6345
45.62 41.3287
45.72 41.7211
45.82 41.5505
45.92 40.4331
46.02 38.6489
46.12 36.2466
46.22 33.3271
46.32 29.9108
46.42 26.0127
46.52 21.7518
46.62 17.1067
46.72 11.8805
46.82 5.80512
46.92 -0.77172
47.02 -7.07921
47.12 -12.4396
47.22 -16.9065
47.32 -20.8401
47.42 -24.601
47.52 -27.6411
47.62 -30.0685
47.72 -32.5518
47.82 -35.0426
47.92 -37.5018
48.02 -39.5103
48.12 -40.592
48.22 -40.2648
48.32 -38.961
48.42 -36.4855
48.52 -33.0935
48.62 -29.2779
48.72 -25.3796
48.82 -21.604
48.92 -17.7239
49.02 -13.7034
49.12 -9.88002
49.22 -6.18986
49.32 -2.35136
49.42 1.5701
49.52 5.07602
49.62 8.5856
49.72 12.2879
49.82 16.2554
49.92 20.4781
50.02 24.5913
50.12 28.4577
50.22 31.5248
50.32 33.6573
50.42 35.0482
50.52 35.7453
50.62 35.9675
50.72 35.5871
50.82 34.1599
50.92 32.2916
51.02 30.6291
51.12 28.7349
51.22 26.3523
51.32 23.3738
51.42 19.829
51.52 15.8174
51.62 11.436
51.72 7.14457
51.82 3.34464
51.92 -0.421498
52.02 -4.26706
52.12 -8.32232
52.22 -12.5874
52.32 -16.5537
52.42 -20.3555
52.52 -23.9177
52.62 -26.9419
52.72 -28.8973
52.82 -29.9735
52.92 -30.5276
53.02 -30.7059
53.12 -30.526
53.22 -29.8238
53.32 -28.6371
53.42 -27.1041
53.52 -25.7841
53.62 -24.5861
53.72 -23.1972
53.82 -21.8326
53.92 -20.8204
54.02 -19.6597
54.12 -17.3222
54.22 -13.5608
54.32 -8.65688
54.42 -3.37824
54.52 1.72436
54.62 6.57253
54.72 11.3161
54.82 15.9051
54.92 19.2619
55.02 21.3143
55.12 22.933
55.22 24.8737
55.32 26.8147
55.42 28.0611
55.52 28.0731
55.62 27.135
55.72 26.015
55.82 25.0692
55.92 24.5308
56.02 24.2581
56.12 23.8208
56.22 22.9141
56.32 21.7164
56.42 19.988
56.52 17.8169
56.62 15.1593
56.72 12.0591
56.82 8.60137
56.92 5.01884
57.02 1.98617
57.12 -0.478209
57.22 -2.8967
57.32 -5.77124
57.42 -8.93586
57.52 -11.947
57.62 -14.5409
57.72 -16.6478
57.82 -18.2788
57.92 -19.4897
58.02 -20.5841
58.12 -21.7414
58.22 -23.0073
58.32 -24.2462
58.42 -25.0477
58.52 -25.1747
58.62 -25.0306
58.72 -24.6018
58.82 -23.8508
58.92 -22.4654
59.02 -20.3483
59.12 -17.725
59.22 -14.7991
59.32 -11.6409
59.42 -8.25318
59.52 -5.11688
59.62 -2.39532
59.72 0.219558
59.82 3.07215
59.92 6.07895
60.02 8.6809
60.12 10.8379
60.22 12.8715
60.32 14.7752
60.42 16.5753
60.52 18.1215
60.62 19.3076
60.72 20.2868
60.82 21.2567
60.92 21.912
61.02 22.207
61.12 22.2699
61.22 21.8172
61.32 20.8403
61.42 19.7599
61.52 18.1464
61.62 16.0194
61.72 13.6991
61.82 11.6108
61.92 9.41425
62.02 7.24661
62.12 4.89499
62.22 2.60062
62.32 0.36002
62.42 -1.60227
62.52 -3.25435
62.62 -4.83831
62.72 -6.40294
62.82 -8.15439
62.92 -10.096
63.02 -12.0851
63.12 -13.8493
63.22 -15.0346
63.32 -15.7312
63.42 -15.9815
63.52 -15.7391
63.62 -15.0101
63.72 -14.2037
63.82 -13.7982
63.92 -13.8087
64.02 -13.8454
64.12 -13.2169
64.22 -12.4489
64.32 -11.8383
64.42 -11.2249
64.52 -10.3523
64.62 -9.20525
64.72 -7.51971
64.82 -5.59996
64.92 -3.61682
65.02 -1.63938
65.12 0.297604
65.22 2.74044
65.32 5.02912
65.42 6.73887
65.52 8.06138
65.62 8.83871
65.72 9.21306
65.82 9.63115
65.92 10.3236
66.02 10.9424
66.12 11.3454
66.22 11.6793
66.32 12.2477
66.42 12.633
66.52 12.4337
66.62 11.8684
66.72 11.3318
66.82 11.0167
66.92 10.8908
67.02 10.9129
67.12 10.7759
67.22 10.2647
67.32 9.3518
67.42 8.16471
67.52 6.67665
67.62 4.74224
67.72 2.29099
67.82 -0.201353
67.92 -2.1735
68.02 -3.56327
68.12 -4.37866
68.22 -4.4854
68.32 -4.66437
68.42 -4.65147
68.52 -4.08666
68.62 -3.64423
68.72 -3.27741
68.82 -3.14403
68.92 -3.09084
69.02 -3.43762
69.12 -4.01978
69.22 -4.68397
69.32 -5.66191
69.42 -7.13134
69.52 -8.98008
69.62 -10.9418
69.72 -12.8525
69.82 -14.1778
69.92 -14.5119
70.02 -14.2489
70.12 -13.7067
70.22 -12.9174
70.32 -11.6276
70.42 -9.7147
70.52 -7.11957
70.62 -3.8973
70.72 0.220711
70.82 5.03754
70.92 9.4652
71.02 12.6191
71.12 14.5088
71.22 15.2689
71.32 14.7608
71.42 13.2783
71.52 11.5218
71.62 9.89646
71.72 8.26335
71.82 5.73094
71.92 2.39484
72.02 -0.57461
72.12 -2.65451
72.22 -3.94843
72.32 -4.50242
72.42 -4.34208
72.52 -2.88061
72.62 0.197037
72.72 4.30395
72.82 8.09608
72.92 10.7632
73.02 12.7148
73.12 14.1224
73.22 14.9949
73.32 15.3154
73.42 14.9946
73.52 13.9673
73.62 12.4123
73.72 9.84281
73.82 5.67088
73.92 0.491765
74.02 -3.88593
74.12 -6.78565
74.22 -8.73364
74.32 -10.2195
74.42 -11.0817
74.52 -11.2773
74.62 -10.9001
74.72 -10.351
74.82 -10.2976
74.92 -10.7276
75.02 -11.3154
75.12 -12.0628
75.22 -12.0587
75.32 -11.139
75.42 -10.1764
75.52 -9.5304
75.62 -8.50477
75.72 -6.44906
75.82 -3.46679
75.92 -0.485164
76.02 1.75754
76.12 2.87512
76.22 3.45274
76.32 4.02123
76.42 4.65726
76.52 4.92805
76.62 4.17341
76.72 2.93928
76.82 2.11657
76.92 2.02041
77.02 2.63326
77.12 3.44059
77.22 3.74131
77.32 3.68638
77.42 3.66647
77.52 3.97407
77.62 4.32053
77.72 3.95985
77.82 3.02553
77.92 2.4574
78.02 2.52403
78.12 3.30885
78.22 4.76552
78.32 6.07276
78.42 6.57631
78.52 6.83491
78.62 7.03716
78.72 7.08419
78.82 6.90308
78.92 6.40256
79.02 5.64875
79.12 4.9573
79.22 4.40276
79.32 3.65499
79.42 2.62122
79.52 1.60541
79.62 0.939119
79.72 0.21564
79.82 -0.755346
79.92 -1.70253
80.02 -3.04631
80.12 -4.79986
80.22 -6.2834
80.32 -7.20158
80.42 -7.45616
80.52 -7.15444
80.62 -6.62673
80.72 -6.00045
80.82 -5.3867
80.92 -4.94863
81.02 -4.97324
81.12 -5.8028
81.22 -7.09251
81.32 -7.86463
81.42 -7.69281
81.52 -6.6924
81.62 -5.25345
81.72 -3.71958
81.82 -1.89704
81.92 0.550026
82.02 3.0308
82.12 3.91151
82.22 3.74079
82.32 2.7764
82.42 2.13513
82.52 2.45156
82.62 3.06678
82.72 3.21864
82.82 3.29004
82.92 3.16134
83.02 3.22394
83.12 3.66807
83.22 4.60518
83.32 5.08663
83.42 5.00946
83.52 5.1407
83.62 5.00509
83.72 4.5501
83.82 3.87236
83.92 3.33226
84.02 3.00387
84.12 2.82277
84.22 2.90705
84.32 3.24644
84.42 2.90783
84.52 1.99246
84.62 1.31233
84.72 0.931214
84.82 0.606445
84.92 0.590929
85.02 0.357076
85.12 0.0328641
85.22 -0.447645
85.32 -0.82645
85.42 -0.835262
85.52 -0.934753
85.62 -1.10072
85.72 -2.1219
85.82 -3.48642
85.92 -4.23722
86.02 -4.27461
86.12 -4.23287
86.22 -4.1225
86.32 -4.14789
86.42 -3.8528
86.52 -3.33691
86.62 -2.80546
86.72 -2.17748
86.82 -1.87238
86.92 -1.74975
87.02 -0.856406
87.12 0.477188
87.22 1.95215
87.32 2.80508
87.42 3.01107
87.52 2.48745
87.62 1.41094
87.72 0.654501
87.82 0.472867
87.92 0.614879
88.02 1.53253
88.12 2.54704
88.22 3.13585
88.32 3.80005
88.42 4.06855
88.52 3.60331
88.62 2.74001
88.72 1.97676
88.82 1.08988
88.92 0.100934
89.02 -0.977079
89.12 -1.63335
89.22 -2.25539
89.32 -2.43908
89.42 -1.99886
89.52 -1.35482
89.62 -0.352694
89.72 0.640454
89.82 1.32138
89.92 1.42328
90.02 1.19394
90.12 0.14143
90.22 -0.851031
90.32 -1.77163
90.42 -1.54594
90.52 -1.24905
90.62 -0.857554
90.72 0.110924
90.82 1.454
90.92 2.97304
91.02 3.96113
91.12 3.95509
91.22 3.65223
91.32 3.11755
91.42 2.51424
91.52 1.89696
91.62 1.42452
91.72 0.741438
91.82 0.501223
91.92 0.899745
92.02 1.18993
92.12 0.976735
92.22 0.724012
92.32 0.659861
92.42 0.61965
92.52 0.743306
92.62 0.304864
92.72 -0.642363
92.82 -1.57693
92.92 -2.09723
93.02 -2.42116
93.12 -2.62605
93.22 -2.78206
93.32 -3.05381
93.42 -2.53992
93.52 -1.90956
93.62 -0.557508
93.72 0.936443
93.82 1.6756
93.92 1.84242
94.02 1.66008
94.12 1.49545
94.22 1.21786
94.32 0.763047
94.42 0.228311
94.52 -0.416784
94.62 -1.18594
94.72 -1.71079
94.82 -1.95411
94.92 -2.29551
95.02 -2.63679
95.12 -2.86072
95.22 -2.66037
95.32 -2.20414
95.42 -1.14613
95.52 -0.163164
95.62 0.42494
95.72 1.11947
95.82 1.50062
95.92 1.69383
96.02 1.73175
96.12 1.61161
96.22 1.48193
96.32 1.27728
96.42 1.20138
96.52 1.28073
96.62 1.77401
96.72 2.42658
96.82 2.62415
96.92 3.05235
97.02 3.61903
97.12 4.17076
97.22 4.41459
97.32 4.35002
97.42 3.75048
97.52 2.76103
97.62 1.76532
97.72 0.976305
97.82 0.232123
97.92 -1.14496
98.02 -2.66669
98.12 -3.53687
98.22 -3.99205
98.32 -3.97834
98.42 -3.38368
98.52 -2.92636
