1.97 -1.96213
2.07 -1.85114
2.17 -1.65549
2.27 -1.29572
2.37 -0.810175
2.47 0.384484
2.57 1.79251
2.67 2.74782
2.77 3.40094
2.87 3.2641
2.97 2.65884
3.07 2.09788
3.17 1.71127
3.27 1.48933
3.37 0.836169
3.47 0.38634
3.57 0.273914
3.67 0.527488
3.77 0.588818
3.87 0.459266
3.97 0.0570268
4.07 -0.427219
4.17 -0.940689
4.27 -0.817607
4.37 -0.432993
4.47 -0.17636
4.57 -0.207996
4.67 -0.366109
4.77 -0.333448
4.87 -0.221917
4.97 -0.413857
5.07 -1.26243
5.17 -2.1871
5.27 -2.63652
5.37 -2.53669
5.47 -2.21022
5.57 -1.90469
5.67 -1.39323
5.77 -0.861929
5.87 0.612802
5.97 1.91207
6.07 2.70252
6.17 2.73447
6.27 2.28969
6.37 2.19077
6.47 2.04473
6.57 1.97882
6.67 1.85643
6.77 1.81432
6.87 1.74527
6.97 1.95353
7.07 2.45088
7.17 2.47143
7.27 2.16497
7.37 1.93567
7.47 1.74197
7.57 1.47762
7.67 0.846858
7.77 -0.0526893
7.87 -0.671149
7.97 -0.592606
8.07 -0.212429
8.17 -0.191029
8.27 0.11866
8.37 0.332185
8.47 0.654068
8.57 0.823042
8.67 0.77988
8.77 0.487989
8.87 -0.24315
8.97 -0.887192
9.07 -1.35575
9.17 -1.28591
9.27 -0.874852
9.37 -0.482234
9.47 -0.329303
9.57 -0.548617
9.67 -0.648444
9.77 -0.190155
9.87 0.314836
9.97 0.886493
10.07 1.04606
10.17 0.830238
10.27 0.666315
10.37 0.729188
10.47 1.2596
10.57 1.60466
10.67 2.26091
10.77 2.67295
10.87 2.89248
10.97 2.85747
11.07 2.62131
11.17 1.97466
11.27 1.31314
11.37 0.290478
11.47 -0.759505
11.57 -1.37626
11.67 -1.18825
11.77 -0.41468
11.87 0.450073
11.97 0.955864
12.07 1.04598
12.17 1.08127
12.27 0.94943
12.37 0.373962
12.47 -0.595943
12.57 -0.619728
12.67 -0.869328
12.77 -0.867106
12.87 -0.873279
12.97 -0.795691
13.07 -0.443374
13.17 0.0107493
13.27 0.502129
13.37 1.10592
13.47 1.4784
13.57 1.33081
13.67 0.667909
13.77 -0.242123
13.87 -1.10368
13.97 -1.40632
14.07 -0.95482
14.17 -0.330331
14.27 0.963904
14.37 1.99777
14.47 3.32708
14.57 4.38611
14.67 4.62383
14.77 4.49016
14.87 4.36843
14.97 3.71233
15.07 2.82748
15.17 1.90956
15.27 1.10164
15.37 0.395262
15.47 -0.00641956
15.57 -0.00417902
15.67 -0.862394
15.77 -1.95129
15.87 -2.47203
15.97 -2.28215
16.07 -1.72341
16.17 -1.29015
16.27 -1.05626
16.37 -0.674989
16.47 0.0692724
16.57 0.984919
16.67 1.53826
16.77 0.849256
16.87 -0.427208
16.97 -1.80198
17.07 -2.26593
17.17 -2.12027
17.27 -1.8208
17.37 -0.778597
17.47 0.813534
17.57 2.2224
17.67 3.27806
17.77 3.61484
17.87 3.47927
17.97 3.20844
18.07 2.35995
18.17 1.5666
18.27 1.28837
18.37 0.722572
18.47 0.520043
18.57 0.849392
18.67 0.522611
18.77 0.292594
18.87 0.21479
18.97 0.447522
19.07 0.474004
19.17 0.454514
19.27 0.139106
19.37 -0.319286
19.47 -0.310205
19.57 0.0863109
19.67 0.586508
19.77 0.919652
19.87 1.19089
19.97 1.47044
20.07 1.68846
20.17 1.31603
20.27 0.629982
20.37 -0.00857115
20.47 -0.691671
20.57 -0.883375
20.67 -0.709166
20.77 0.0250152
20.87 0.540888
20.97 0.401643
21.07 -0.338445
21.17 -1.46817
21.27 -2.50458
21.37 -3.08847
21.47 -3.24759
21.57 -3.23801
21.67 -3.13282
21.77 -2.88467
21.87 -2.01464
21.97 -0.0506025
22.07 1.95321
22.17 3.26406
22.27 3.75391
22.37 3.66659
22.47 3.31751
22.57 2.76243
22.67 2.02882
22.77 1.5478
22.87 1.46085
22.97 1.23188
23.07 1.07799
23.17 1.27695
23.27 1.23803
23.37 0.687293
23.47 0.0957445
23.57 -0.0607885
23.67 0.695239
23.77 1.71192
23.87 2.02674
23.97 1.79355
24.07 1.4074
24.17 1.19288
24.27 0.941965
24.37 0.389886
24.47 -0.297883
24.57 -0.6414
24.67 -0.902931
24.77 -1.06278
24.87 -1.01881
24.97 -0.92919
25.07 -0.602508
25.17 -0.137727
25.27 0.378459
25.37 1.055
25.47 1.86397
25.57 2.45006
25.67 2.45235
25.77 1.71256
25.87 0.623324
25.97 -0.223529
26.07 -0.442347
26.17 -0.188495
26.27 0.539018
26.37 1.20338
26.47 1.28448
26.57 0.637871
26.67 -0.313863
26.77 -1.05786
26.87 -1.63696
26.97 -2.02475
27.07 -1.76911
27.17 -1.07121
27.27 -0.292625
27.37 0.683372
27.47 1.85019
27.57 2.99118
27.67 3.65735
27.77 3.52969
27.87 3.05951
27.97 2.78788
28.07 2.89452
28.17 2.7619
28.27 2.49033
28.37 2.34549
28.47 1.9179
28.57 0.699733
28.67 -1.05252
28.77 -2.90248
28.87 -4.45233
28.97 -5.88682
29.07 -7.41224
29.17 -8.17549
29.27 -7.36029
29.37 -5.06262
29.47 -1.91241
29.57 1.73962
29.67 5.18611
29.77 8.03021
29.87 10.3581
29.97 11.7797
30.07 12.2435
30.17 11.8379
30.27 10.5189
30.37 8.44239
30.47 5.95597
30.57 3.30274
30.67 0.415178
30.77 -2.82727
30.87 -6.21145
30.97 -9.66946
31.07 -12.8144
31.17 -14.5343
31.27 -14.2654
31.37 -11.9617
31.47 -7.59112
31.57 -1.42115
31.67 6.35367
31.77 14.6008
31.87 19.7445
31.97 19.7686
32.07 14.1782
32.17 2.32947
32.27 -16.6249
32.37 -41.7405
32.47 -66.5543
32.57 -81.9025
32.67 -82.642
32.77 -66.305
32.87 -32.6287
32.97 16.9478
33.07 77.4576
33.17 137.309
33.27 181.655
33.37 200.261
33.47 188.222
33.57 129.896
33.67 21.4484
33.77 -100.692
33.87 -190.803
33.97 -235.566
34.07 -242.298
34.17 -217.03
34.27 -166.207
34.37 -106.471
34.47 -54.9376
34.57 -18.2983
34.67 6.62882
34.77 24.8588
34.87 40.7166
34.97 58.1668
35.07 80.4134
35.17 108.292
35.27 136.314
35.37 155.285
35.47 158.932
35.57 145.237
35.67 116.292
35.77 79.4127
35.87 41.8434
35.97 6.93863
36.07 -25.1948
36.17 -56.3532
36.27 -87.5992
36.37 -117.219
36.47 -139.905
36.57 -150.118
36.67 -145.308
36.77 -127.295
36.87 -99.9916
36.97 -69.3371
37.07 -41.7544
37.17 -21.3546
37.27 -8.15457
37.37 0.053943
37.47 7.13813
37.57 16.459
37.67 29.57
37.77 46.5399
37.87 65.3134
37.97 81.3722
38.07 91.6655
38.17 94.5146
38.27 90.6765
38.37 82.0747
38.47 71.6323
38.57 62.0282
38.67 52.7399
38.77 41.135
38.87 24.9211
38.97 4.65155
39.07 -16.3086
39.17 -34.6015
39.27 -48.7367
39.37 -57.8677
39.47 -62.5809
39.57 -65.2876
39.67 -67.3325
39.77 -68.8342
39.87 -69.4077
39.97 -67.8309
40.07 -63.1634
40.17 -55.5527
40.27 -46.2868
40.37 -36.8542
40.47 -28.2243
40.57 -19.9949
40.67 -11.6727
40.77 -2.55149
40.87 7.39487
40.97 17.3177
41.07 26.8662
41.17 35.7594
41.27 43.4284
41.37 49.5283
41.47 53.539
41.57 55.8831
41.67 57.3636
41.77 58.0995
41.87 57.959
41.97 56.5723
42.07 53.5876
42.17 49.2064
42.27 43.8519
42.37 37.5088
42.47 30.2457
42.57 21.4037
42.67 10.122
42.77 -4.57235
42.87 -20.6836
42.97 -36.5476
43.07 -49.9769
43.17 -59.0497
43.27 -63.8324
43.37 -64.8312
43.47 -62.906
43.57 -59.4417
43.67 -55.9278
43.77 -53.291
43.87 -51.1745
43.97 -48.3972
44.07 -44.046
44.17 -37.5313
44.27 -29.8987
44.37 -22.4979
44.47 -15.6853
44.57 -9.32801
44.67 -2.73056
44.77 4.52022
44.87 12.303
44.97 20.1745
45.07 27.7625
45.17 34.4298
45.27 39.583
45.37 43.0135
45.47 45.0968
45.57 46.5428
45.67 47.9616
45.77 49.1662
45.87 49.577
45.97 49.0627
46.07 47.5062
46.17 44.7912
46.27 41.263
46.37 36.6984
46.47 31.0217
46.57 24.6705
46.67 17.6327
46.77 10.2914
46.87 3.29985
46.97 -3.34774
47.07 -10.3757
47.17 -17.3844
47.27 -24.1967
47.37 -30.9517
47.47 -37.2587
47.57 -42.8533
47.67 -47.5194
47.77 -50.8167
47.87 -52.59
47.97 -53.0715
48.07 -52.337
48.17 -51.0524
48.27 -49.7174
48.37 -48.159
48.47 -45.407
48.57 -40.8532
48.67 -34.7333
48.77 -27.6135
48.87 -19.8795
48.97 -12.17
49.07 -4.50713
49.17 2.24611
49.27 7.61763
49.37 12.4555
49.47 17.3895
49.57 22.5353
49.67 27.8517
49.77 32.731
49.87 36.742
49.97 40.1614
50.07 42.9283
50.17 44.8096
50.27 45.812
50.37 46.0525
50.47 45.6218
50.57 44.9503
50.67 43.4084
50.77 40.7406
50.87 37.0554
50.97 32.8262
51.07 28.4711
51.17 24.2116
51.27 19.8588
51.37 15.3471
51.47 10.4207
51.57 4.67761
51.67 -2.20494
51.77 -9.69713
51.87 -17.0162
51.97 -23.8173
52.07 -29.6046
52.17 -34.6832
52.27 -38.7661
52.37 -41.7682
52.47 -43.6768
52.57 -44.6578
52.67 -44.9352
52.77 -44.3393
52.87 -43.6223
52.97 -43.4216
53.07 -43.0975
53.17 -41.5767
53.27 -38.3416
53.37 -33.8805
53.47 -28.7412
53.57 -23.4626
53.67 -18.5409
53.77 -13.6905
53.87 -8.41301
53.97 -2.83116
54.07 2.61535
54.17 7.75136
54.27 13.1523
54.37 18.8716
54.47 24.1672
54.57 28.1632
54.67 30.4322
54.77 31.6934
54.87 32.7853
54.97 34.261
55.07 36.0921
55.17 37.8441
55.27 39.2597
55.37 40.1101
55.47 40.0608
55.57 38.8568
55.67 36.124
55.77 32.431
55.87 28.7592
55.97 25.463
56.07 22.3264
56.17 18.7683
56.27 14.5462
56.37 10.1299
56.47 5.81328
56.57 1.42598
56.67 -3.43291
56.77 -8.34777
56.87 -12.9467
56.97 -16.8421
57.07 -20.2959
57.17 -23.4062
57.27 -26.1536
57.37 -28.3934
57.47 -30.0607
57.57 -31.5492
57.67 -32.935
57.77 -33.5506
57.87 -33.7903
57.97 -33.9351
58.07 -34.086
58.17 -33.9555
58.27 -33.3319
58.37 -32.0777
58.47 -30.276
58.57 -27.879
58.67 -24.6639
58.77 -20.9391
58.87 -16.76
58.97 -11.7908
59.07 -6.3124
59.17 -0.909843
59.27 3.85846
59.37 8.23
59.47 12.4915
59.57 16.4163
59.67 19.9858
59.77 23.3321
59.87 26.5377
59.97 29.262
60.07 31.2837
60.17 32.4101
60.27 33.0377
60.37 33.3854
60.47 33.3454
60.57 32.8057
60.67 31.5547
60.77 29.6837
60.87 26.9382
60.97 23.5954
61.07 20.5103
61.17 18.0657
61.27 16.1045
61.37 14.065
61.47 11.7211
61.57 9.60392
61.67 7.11013
61.77 3.79767
61.87 -0.00196743
61.97 -3.80209
62.07 -7.61926
62.17 -11.2006
62.27 -15.0927
62.37 -18.6851
62.47 -21.7018
62.57 -23.8501
62.67 -25.064
62.77 -25.5866
62.87 -25.3703
62.97 -24.205
63.07 -22.8474
63.17 -21.4878
63.27 -20.3442
63.37 -20.0849
63.47 -21.1372
63.57 -22.7277
63.67 -23.3532
63.77 -22.7087
63.87 -21.1899
63.97 -19.2994
64.07 -16.9158
64.17 -13.6959
64.27 -9.53473
64.37 -4.98427
64.47 -0.692181
64.57 2.94156
64.67 5.49389
64.77 7.63227
64.87 9.73301
64.97 11.9841
65.07 14.08
65.17 15.826
65.27 17.4824
65.37 19.5622
65.47 21.7674
65.57 23.6382
65.67 24.4984
65.77 24.5152
65.87 24.3529
65.97 24.1608
66.07 23.7047
66.17 22.7256
66.27 21.0979
66.37 19.4287
66.47 17.9774
66.57 16.3365
66.67 14.1231
66.77 11.5299
66.87 8.61532
66.97 5.57154
67.07 2.73777
67.17 0.656089
67.27 -0.890796
67.37 -2.3745
67.47 -4.28981
67.57 -6.325
67.67 -7.96737
67.77 -9.75891
67.87 -11.5627
67.97 -13.2567
68.07 -14.8935
68.17 -16.1688
68.27 -16.9775
68.37 -17.5604
68.47 -18.2264
68.57 -18.6755
68.67 -18.5646
68.77 -17.5516
68.87 -16.2922
68.97 -15.2215
69.07 -13.9168
69.17 -12.6385
69.27 -11.5812
69.37 -10.9158
69.47 -10.3647
69.57 -9.79921
69.67 -9.30269
69.77 -8.10511
69.87 -6.0374
69.97 -3.40323
70.07 -0.212387
70.17 2.60729
70.27 4.64063
70.37 6.32587
70.47 7.93617
70.57 9.5143
70.67 11.1011
70.77 12.6463
70.87 13.9665
70.97 15.2385
71.07 16.2558
71.17 17.0755
71.27 17.738
71.37 17.4443
71.47 16.1785
71.57 14.9126
71.67 14.1544
71.77 13.8757
71.87 13.6748
71.97 13.3426
72.07 12.7535
72.17 11.7271
72.27 10.0684
72.37 8.33669
72.47 6.85957
72.57 5.60748
72.67 4.6174
72.77 3.70578
72.87 2.27842
72.97 0.165572
73.07 -2.25528
73.17 -4.57178
73.27 -6.44422
73.37 -7.2706
73.47 -7.03847
73.57 -5.9666
73.67 -4.34996
73.77 -2.58783
73.87 -2.08725
73.97 -3.44828
74.07 -6.11191
74.17 -9.81675
74.27 -14.4207
74.37 -18.9165
74.47 -22.6621
74.57 -25.2426
74.67 -25.8316
74.77 -25.071
74.87 -23.5683
74.97 -20.9377
75.07 -16.8101
75.17 -11.2736
75.27 -5.34832
75.37 0.523088
75.47 5.99938
75.57 10.5717
75.67 13.4746
75.77 14.1252
75.87 13.3517
75.97 11.6156
76.07 9.18745
76.17 6.85546
76.27 5.27597
76.37 4.79011
76.47 5.13881
76.57 5.52726
76.67 6.1628
76.77 6.7325
76.87 6.94151
76.97 7.10142
77.07 7.29406
77.17 7.64193
77.27 8.59604
77.37 10.1347
77.47 11.7443
77.57 12.7124
77.67 13.0549
77.77 13.1861
77.87 12.6053
77.97 11.3864
78.07 10.0241
78.17 8.68174
78.27 6.73545
78.37 4.48895
78.47 2.58348
78.57 1.12053
78.67 -0.168866
78.77 -1.75455
78.87 -3.44614
78.97 -4.80208
79.07 -6.16809
79.17 -7.44263
79.27 -8.41703
79.37 -8.81051
79.47 -9.06367
79.57 -9.30474
79.67 -9.74518
79.77 -10.2031
79.87 -10.2213
79.97 -9.76238
80.07 -9.38735
80.17 -8.93444
80.27 -8.55713
80.37 -8.34948
80.47 -8.31354
80.57 -8.4606
80.67 -8.30637
80.77 -7.60006
80.87 -6.198
80.97 -4.30721
81.07 -2.46147
81.17 -0.998648
81.27 0.0284508
81.37 0.764891
81.47 1.60211
81.57 2.47277
81.67 3.45019
81.77 4.71663
81.87 6.60277
81.97 8.55575
82.07 10.5036
82.17 11.8012
82.27 11.9563
82.37 11.3553
82.47 10.6845
82.57 10.4039
82.67 10.465
82.77 10.597
82.87 10.4216
82.97 9.7295
83.07 8.83932
83.17 7.87285
83.27 6.75188
83.37 5.49173
83.47 4.47173
83.57 3.80614
83.67 3.34754
83.77 2.82414
83.87 2.05832
83.97 1.20248
84.07 0.600529
84.17 -0.0213669
84.27 -0.660144
84.37 -2.04598
84.47 -3.76353
84.57 -5.06834
84.67 -5.9183
84.77 -6.49216
84.87 -6.79482
84.97 -6.93902
85.07 -6.95205
85.17 -6.97002
85.27 -6.8508
85.37 -6.55946
85.47 -6.03488
85.57 -5.44029
85.67 -5.27738
85.77 -5.58168
85.87 -5.54647
85.97 -5.23187
86.07 -4.83484
86.17 -4.19468
86.27 -3.39915
86.37 -2.42198
86.47 -1.0881
86.57 0.591861
86.67 2.2325
86.77 3.28462
86.87 4.26426
86.97 5.13135
87.07 5.81793
87.17 5.95027
87.27 5.8869
87.37 5.57201
87.47 5.2109
87.57 4.87724
87.67 4.55734
87.77 3.88761
87.87 3.03512
87.97 2.56714
88.07 2.30281
88.17 2.36107
88.27 2.65474
88.37 2.11688
88.47 1.53109
88.57 1.05557
88.67 0.540009
88.77 0.417016
88.87 0.217803
88.97 -0.302674
89.07 -1.15229
89.17 -1.65804
89.27 -1.90643
89.37 -1.79985
89.47 -1.7024
89.57 -1.79972
89.67 -1.85463
89.77 -1.64069
89.87 -1.45723
89.97 -0.905457
90.07 -0.400046
90.17 -0.17246
90.27 0.315759
90.37 0.920718
90.47 1.46045
90.57 1.76126
90.67 1.85727
90.77 1.79856
90.87 1.6989
90.97 1.9776
91.07 2.09751
91.17 2.85633
91.27 3.18837
91.37 3.11797
91.47 2.62274
91.57 1.7753
91.67 0.797516
91.77 -0.0709003
91.87 -1.07019
91.97 -1.81996
92.07 -2.06195
92.17 -2.02756
92.27 -1.67181
92.37 -1.68153
92.47 -1.36684
92.57 -0.784539
92.67 0.0164905
92.77 0.825175
92.87 1.42161
92.97 2.10458
93.07 2.00312
93.17 0.974172
93.27 -0.210401
93.37 -1.11125
93.47 -1.59407
93.57 -2.4502
93.67 -2.99493
93.77 -3.05538
93.87 -2.65521
93.97 -2.16632
94.07 -1.91541
94.17 -1.92668
94.27 -1.88785
94.37 -1.67102
94.47 -1.0575
94.57 -0.18687
94.67 0.85342
94.77 1.31716
94.87 1.42823
94.97 1.73589
95.07 1.909
95.17 2.82866
95.27 3.77928
95.37 4.44405
95.47 5.09772
95.57 5.7657
95.67 6.33652
95.77 5.99327
95.87 5.1792
95.97 3.98945
96.07 2.48695
96.17 1.08095
96.27 0.166435
96.37 -0.442389
96.47 -0.56332
96.57 0.0206808
96.67 0.461184
96.77 1.087
96.87 1.73094
96.97 1.95292
97.07 1.75956
97.17 0.690809
97.27 -0.358992
97.37 -1.61383
97.47 -2.68627
97.57 -2.5237
97.67 -1.89567
97.77 -1.37599
97.87 -1.40373
97.97 -1.5549
98.07 -1.41271
98.17 -1.37175
98.27 -1.63284
98.37 -1.8383
98.47 -2.43984
98.57 -2.59588
98.67 -2.16488
98.77 -1.91455
98.87 -2.05696
98.97 -2.02333
99.07 -1.49909
99.17 -0.889229
99.27 -0.519754
99.37 -0.521254
99.47 -0.225222
99.57 -0.157319
99.67 0.0699953
99.77 0.315592
99.87 0.531208
99.97 0.854591
100.07 1.11815
100.17 1.36935
100.27 1.24395
100.37 0.945387
100.47 0.3159
100.57 -0.197711
100.67 -0.19952
100.77 0.0562675
100.87 0.559097
100.97 1.25043
101.07 1.94629
101.17 2.55294
101.27 2.92037
101.37 3.40294
101.47 4.07457
101.57 4.6482
101.67 4.90881
101.77 4.90725
101.87 4.84081
101.97 4.36263
102.07 3.23464
102.17 1.72212
102.27 0.585697
102.37 -0.240445
102.47 -0.781061
102.57 -1.3114
102.67 -1.95502
102.77 -2.55628
102.87 -2.7075
102.97 -2.2784
103.07 -2.2477
103.17 -2.19762
103.27 -2.04635
103.37 -1.58558
103.47 -1.28744
103.57 -1.14394
103.67 -0.861658
103.77 -0.704629
103.87 -1.05819
103.97 -1.23641
104.07 -1.92213
104.17 -2.2973
104.27 -2.28182
