-4.97 0.454671
-4.87 0.755012
-4.77 1.22842
-4.67 1.51704
-4.57 1.80217
-4.47 1.85213
-4.37 1.37395
-4.27 0.437663
-4.17 -0.300747
-4.07 -1.33054
-3.97 -2.37878
-3.87 -2.8584
-3.77 -2.47535
-3.67 -1.56379
-3.57 -0.648738
-3.47 -0.132713
-3.37 0.125321
-3.27 0.382702
-3.17 0.508279
-3.07 1.17208
-2.97 1.80798
-2.87 2.28737
-2.77 2.23078
-2.67 2.4306
-2.57 2.0137
-2.47 1.7271
-2.37 1.58635
-2.27 1.53065
-2.17 1.53408
-2.07 1.4034
-1.97 1.17721
-1.87 1.10008
-1.77 0.835811
-1.67 0.118159
-1.57 -0.968222
-1.47 -1.87009
-1.37 -2.39896
-1.27 -2.27705
-1.17 -2.22951
-1.07 -2.22841
-0.97 -2.05419
-0.87 -1.63561
-0.77 -1.23978
-0.67 -0.795004
-0.57 -0.232469
-0.47 0.160824
-0.37 0.598423
-0.27 0.8364
-0.17 0.924044
-0.07 1.29058
0.03 1.94243
0.13 2.77894
0.23 3.40499
0.33 3.65584
0.43 3.59821
0.53 3.55918
0.63 3.19007
0.73 2.69899
0.83 1.94051
0.93 0.892501
1.03 -0.364833
1.13 -1.2395
1.23 -1.84414
1.33 -2.3306
1.43 -2.55143
1.53 -2.35433
1.63 -2.1376
1.73 -1.42372
1.83 -0.115614
1.93 1.29813
2.03 1.944
2.13 1.87738
2.23 1.53633
2.33 0.820554
2.43 0.45474
2.53 0.300675
2.63 0.309258
2.73 0.460096
2.83 0.521599
2.93 0.827933
3.03 1.26217
3.13 1.56869
3.23 1.94299
3.33 2.53827
3.43 2.48748
3.53 1.88951
3.63 1.17923
3.73 0.406086
3.83 -0.395369
3.93 -1.29252
4.03 -1.71509
4.13 -1.93488
4.23 -1.96087
4.33 -2.37015
4.43 -2.23688
4.53 -1.58346
4.63 -0.599824
4.73 0.290651
4.83 0.580075
4.93 0.383841
5.03 0.441235
5.13 0.69631
5.23 1.15308
5.33 1.80264
5.43 2.62249
5.53 3.34983
5.63 3.50448
5.73 3.10703
5.83 3.04288
5.93 2.38366
6.03 1.46661
6.13 0.317396
6.23 -0.555794
6.33 -1.19097
6.43 -1.64492
6.53 -2.00057
6.63 -2.06886
6.73 -1.59478
6.83 -1.09736
6.93 -0.692
7.03 -0.0707449
7.13 0.8045
7.23 1.54663
7.33 2.05111
7.43 1.66662
7.53 0.58587
7.63 -0.53409
7.73 -1.26108
7.83 -1.42551
7.93 -1.21749
8.03 -0.798991
8.13 -0.345477
8.23 0.307807
8.33 0.727372
8.43 1.36171
8.53 2.13887
8.63 2.41163
8.73 1.88007
8.83 0.934701
8.93 -0.0121211
9.03 -1.17385
9.13 -1.88695
9.23 -1.56848
9.33 -0.838999
9.43 -0.192916
9.53 0.94055
9.63 1.86479
9.73 2.76744
9.83 2.99003
9.93 2.77193
10.03 2.10351
10.13 1.30099
10.23 0.51757
10.33 0.00505057
10.43 -0.779297
10.53 -1.45829
10.63 -1.49561
10.73 -0.730138
10.83 0.434338
10.93 1.26784
11.03 1.26688
11.13 1.16779
11.23 1.13023
11.33 0.882763
11.43 0.739652
11.53 0.586216
11.63 0.111368
11.73 -0.605958
11.83 -1.6127
11.93 -1.84087
12.03 -1.80491
12.13 -1.56272
12.23 -1.42691
12.33 -1.0095
12.43 -0.266546
12.53 0.309538
12.63 1.01392
12.73 2.02696
12.83 3.24441
12.93 4.43715
13.03 4.90254
13.13 4.2981
13.23 2.95832
13.33 1.76795
13.43 1.16978
13.53 1.12813
13.63 1.01195
13.73 0.204943
13.83 -0.640082
13.93 -0.789208
14.03 -0.45179
14.13 -0.558458
14.23 -1.46118
14.33 -2.52635
14.43 -3.11633
14.53 -2.83518
14.63 -2.15903
14.73 -1.65767
14.83 -0.499913
14.93 0.646935
15.03 1.12478
15.13 0.994526
15.23 0.782133
15.33 1.11835
15.43 1.53483
15.53 1.86444
15.63 1.85689
15.73 1.56425
15.83 1.2987
15.93 1.4476
16.03 1.92988
16.13 2.37904
16.23 2.5294
16.33 2.69244
16.43 2.59348
16.53 2.0783
16.63 1.13281
16.73 0.0737056
16.83 -0.797935
16.93 -1.60205
17.03 -2.35869
17.13 -2.85463
17.23 -3.2436
17.33 -2.87769
17.43 -1.79943
17.53 -0.847417
17.63 -0.412446
17.73 -0.366227
17.83 -0.0413142
17.93 0.827861
18.03 2.13138
18.13 3.05994
18.23 3.17772
18.33 2.22962
18.43 1.10348
18.53 -0.0256519
18.63 -0.916665
18.73 -1.51137
18.83 -1.59355
18.93 -1.09818
19.03 -0.11309
19.13 1.37076
19.23 2.84124
19.33 3.53836
19.43 3.61513
19.53 3.6165
19.63 3.34292
19.73 2.39224
19.83 1.42909
19.93 1.06027
20.03 0.94417
20.13 0.838453
20.23 0.597595
20.33 0.158171
20.43 -0.538472
20.53 -1.19054
20.63 -1.67714
20.73 -1.71831
20.83 -1.60405
20.93 -1.71844
21.03 -1.9389
21.13 -2.62146
21.23 -3.18994
21.33 -2.80278
21.43 -1.2767
21.53 0.887812
21.63 2.61969
21.73 3.66779
21.83 3.94375
21.93 3.67083
22.03 3.00695
22.13 1.9114
22.23 0.800094
22.33 -0.291348
22.43 -1.11657
22.53 -1.26496
22.63 -1.01329
22.73 -0.834529
22.83 -0.493079
22.93 0.164839
23.03 0.721321
23.13 1.34515
23.23 2.13893
23.33 3.16466
23.43 3.88222
23.53 4.02176
23.63 4.05135
23.73 3.88166
23.83 3.25557
23.93 1.99312
24.03 0.29477
24.13 -2.04249
24.23 -5.08053
24.33 -8.14287
24.43 -10.5769
24.53 -11.8868
24.63 -12.0366
24.73 -10.8706
24.83 -8.02429
24.93 -3.34078
25.03 2.69015
25.13 9.16499
25.23 14.2543
25.33 17.208
25.43 18.2011
25.53 17.6176
25.63 15.4396
25.73 11.5269
25.83 6.13418
25.93 -0.199885
26.03 -6.48018
26.13 -11.8022
26.23 -15.4148
26.33 -16.9064
26.43 -16.4017
26.53 -13.9127
26.63 -9.46655
26.73 -3.56658
26.83 3.03784
26.93 9.8889
27.03 16.7608
27.13 22.5692
27.23 25.2168
27.33 22.5038
27.43 13.4185
27.53 -3.06333
27.63 -27.3469
27.73 -56.7869
27.83 -84.8557
27.93 -102.768
28.03 -103.395
28.13 -84.356
28.23 -45.6917
28.33 11.5348
28.43 80.4741
28.53 147.528
28.63 196.899
28.73 218.286
28.83 206.149
28.93 146.86
29.03 39.347
29.13 -84.3484
29.23 -177.475
29.33 -218.913
29.43 -221.602
29.53 -194.761
29.63 -147.88
29.73 -96.6012
29.83 -55.3272
29.93 -29.1741
30.03 -14.0498
30.13 -5.81808
30.23 1.31651
30.33 12.9733
30.43 33.0864
30.53 64.2876
30.63 103.942
30.73 140.074
30.83 161.53
30.93 164.792
31.03 150.365
31.13 120.469
31.23 83.2749
31.33 46.0926
31.43 12.1227
31.53 -20.8375
31.63 -54.013
31.73 -86.8756
31.83 -115.761
31.93 -134.851
32.03 -141.203
32.13 -134.623
32.23 -118.36
32.33 -98.2743
32.43 -79.5257
32.53 -65.1447
32.63 -53.6169
32.73 -41.4402
32.83 -25.6682
32.93 -4.20159
33.03 24.0276
33.13 56.5088
33.23 86.6358
33.33 107.889
33.43 118.422
33.53 118.013
33.63 106.65
33.73 89.9592
33.83 74.171
33.93 61.4837
34.03 50.5613
34.13 39.5273
34.23 26.9717
34.33 12.0485
34.43 -4.78665
34.53 -21.8158
34.63 -38.12
34.73 -52.7043
34.83 -64.9504
34.93 -74.5689
35.03 -80.8759
35.13 -83.0606
35.23 -80.1573
35.33 -73.0606
35.43 -63.3768
35.53 -51.7999
35.63 -40.1151
35.73 -30.1726
35.83 -22.5356
35.93 -16.3229
36.03 -10.6225
36.13 -4.24002
36.23 3.69585
36.33 12.9073
36.43 21.7967
36.53 29.3012
36.63 34.6695
36.73 38.293
36.83 41.3106
36.93 43.8078
37.03 45.9061
37.13 47.9834
37.23 49.6834
37.33 50.0995
37.43 48.8388
37.53 46.1391
37.63 42.352
37.73 37.6838
37.83 32.3557
37.93 26.2187
38.03 18.5673
38.13 8.99277
38.23 -1.91708
38.33 -13.0929
38.43 -23.5339
38.53 -32.5452
38.63 -39.7095
38.73 -44.9472
38.83 -48.6697
38.93 -51.5845
39.03 -54.1205
39.13 -56.5393
39.23 -57.7066
39.33 -56.6843
39.43 -53.5118
39.53 -48.0274
39.63 -41.1826
39.73 -33.8446
39.83 -26.8411
39.93 -20.4784
40.03 -14.5056
40.13 -8.52825
40.23 -2.05133
40.33 4.84349
40.43 11.9304
40.53 18.4479
40.63 24.3482
40.73 29.5491
40.83 34.4767
40.93 39.435
41.03 44.3979
41.13 48.996
41.23 52.4508
41.33 53.9716
41.43 53.6915
41.53 51.7582
41.63 47.7787
41.73 42.021
41.83 35.8567
41.93 30.0503
42.03 24.5026
42.13 18.3978
42.23 11.6967
42.33 5.05199
42.43 -0.899841
42.53 -6.25056
42.63 -11.2438
42.73 -15.9202
42.83 -20.4814
42.93 -24.9743
43.03 -29.8071
43.13 -34.9713
43.23 -39.6362
43.33 -43.3692
43.43 -45.9186
43.53 -47.6095
43.63 -48.869
43.73 -49.5399
43.83 -48.971
43.93 -46.8332
44.03 -42.9871
44.13 -37.8333
44.23 -31.7646
44.33 -25.1115
44.43 -18.7685
44.53 -12.8251
44.63 -6.9339
44.73 -1.10977
44.83 3.98804
44.93 8.48549
45.03 13.2492
45.13 18.3866
45.23 23.527
45.33 28.1958
45.43 32.2464
45.53 35.7425
45.63 38.6977
45.73 41.0157
45.83 42.7865
45.93 43.8118
46.03 43.3427
46.13 41.3556
46.23 38.7643
46.33 36.4495
46.43 34.2744
46.53 31.5958
46.63 28.0223
46.73 23.6081
46.83 19.1178
46.93 14.5071
47.03 9.31471
47.13 3.86495
47.23 -1.48724
47.33 -6.84522
47.43 -11.7772
47.53 -16.4004
47.63 -20.5552
47.73 -24.6208
47.83 -28.9314
47.93 -33.4076
48.03 -37.4659
48.13 -40.6243
48.23 -42.4714
48.33 -43.2766
48.43 -43.3162
48.53 -42.1866
48.63 -40.141
48.73 -37.4288
48.83 -34.4491
48.93 -31.7247
49.03 -28.5646
49.13 -25.0112
49.23 -21.2811
49.33 -17.2911
49.43 -12.7024
49.53 -7.42264
49.63 -1.33045
49.73 4.95444
49.83 10.6831
49.93 15.3046
50.03 18.5816
50.13 21.1765
50.23 23.5426
50.33 25.4839
50.43 27.0969
50.53 28.8038
50.63 30.926
50.73 33.0171
50.83 34.5382
50.93 35.2611
51.03 35.3766
51.13 35.1337
51.23 34.0918
51.33 32.022
51.43 29.5367
51.53 26.9426
51.63 24.2344
51.73 21.0143
51.83 17.3956
51.93 13.4092
52.03 9.16573
52.13 4.92806
52.23 0.922953
52.33 -3.11188
52.43 -7.68211
52.53 -12.1807
52.63 -16.3096
52.73 -19.8039
52.83 -22.6138
52.93 -24.8841
53.03 -26.6536
53.13 -28.1055
53.23 -29.2318
53.33 -30.254
53.43 -31.5152
53.53 -32.5929
53.63 -33.3465
53.73 -33.2215
53.83 -31.7893
53.93 -28.9798
54.03 -25.5068
54.13 -22.1251
54.23 -19.0455
54.33 -15.5621
54.43 -12.0773
54.53 -8.90467
54.63 -6.28515
54.73 -4.13025
54.83 -2.0055
54.93 0.754127
55.03 4.09557
55.13 7.68567
55.23 11.1384
55.33 14.2767
55.43 17.2617
55.53 20.3412
55.63 23.1519
55.73 25.5585
55.83 27.5504
55.93 29.3145
56.03 30.4368
56.13 30.965
56.23 30.9948
56.33 30.3175
56.43 28.9839
56.53 27.2158
56.63 24.9528
56.73 22.1169
56.83 18.9807
56.93 16.0394
57.03 13.6437
57.13 11.3618
57.23 8.59682
57.33 5.01845
57.43 0.996332
57.53 -2.52019
57.63 -5.43172
57.73 -8.05988
57.83 -10.4607
57.93 -12.8201
58.03 -15.3881
58.13 -18.0529
58.23 -20.5934
58.33 -22.7751
58.43 -24.324
58.53 -24.795
58.63 -24.1032
58.73 -22.8658
58.83 -21.409
58.93 -19.8663
59.03 -18.5352
59.13 -17.3638
59.23 -16.6518
59.33 -16.2051
59.43 -16.0339
59.53 -15.7006
59.63 -14.9586
59.73 -13.6218
59.83 -11.582
59.93 -8.85079
60.03 -5.63069
60.13 -1.96056
60.23 1.54359
60.33 4.80929
60.43 7.51489
60.53 9.60908
60.63 11.3554
60.73 12.7678
60.83 13.4521
60.93 13.7262
61.03 13.9072
61.13 14.3132
61.23 15.0269
61.33 16.3229
61.43 18.1557
61.53 19.9633
61.63 20.7152
61.73 20.5873
61.83 20.1525
61.93 19.0366
62.03 17.1989
62.13 15.3451
62.23 13.281
62.33 11.1698
62.43 9.06909
62.53 6.83648
62.63 5.23245
62.73 4.5711
62.83 4.11459
62.93 3.469
63.03 2.20461
63.13 -0.037541
63.23 -2.87904
63.33 -5.75015
63.43 -8.5631
63.53 -10.7754
63.63 -11.6967
63.73 -11.6869
63.83 -11.5572
63.93 -11.6044
64.03 -11.983
64.13 -12.3443
64.23 -12.6998
64.33 -13.2178
64.43 -14.2563
64.53 -15.7327
64.63 -17.161
64.73 -17.6732
64.83 -17.231
64.93 -16.015
65.03 -14.3531
65.13 -12.9677
65.23 -11.3356
65.33 -8.79665
65.43 -5.64629
65.53 -2.9293
65.63 -0.954798
65.73 0.461449
65.83 1.55551
65.93 2.55856
66.03 3.70356
66.13 4.80928
66.23 6.06256
66.33 7.88974
66.43 9.9161
66.53 11.4852
66.63 12.4093
66.73 12.8934
66.83 13.3469
66.93 13.8829
67.03 14.3453
67.13 14.3928
67.23 13.8434
67.33 12.9395
67.43 12.5087
67.53 12.2733
67.63 11.7739
67.73 10.8637
67.83 9.60258
67.93 8.5259
68.03 8.06957
68.13 7.49536
68.23 6.37524
68.33 5.17211
68.43 3.96136
68.53 2.61541
68.63 1.41025
68.73 0.768317
68.83 0.196812
68.93 -0.459533
69.03 -1.08478
69.13 -2.24336
69.23 -3.86728
69.33 -5.94629
69.43 -8.3199
69.53 -10.7062
69.63 -13.2379
69.73 -15.8803
69.83 -18.2463
69.93 -19.557
70.03 -19.3629
70.13 -17.9342
70.23 -15.826
70.33 -13.3246
70.43 -10.8907
70.53 -8.50313
70.63 -5.95574
70.73 -2.85529
70.83 0.237913
70.93 2.97352
71.03 5.22165
71.13 6.75834
71.23 7.31244
71.33 7.12108
71.43 6.27698
71.53 4.81244
71.63 2.78285
71.73 0.909886
71.83 -0.265921
71.93 -0.510938
72.03 -0.36585
72.13 -0.149792
72.23 0.296709
72.33 1.2069
72.43 2.7551
72.53 4.70865
72.63 6.14358
72.73 6.63903
72.83 6.72455
72.93 7.47606
73.03 9.26519
73.13 11.63
73.23 13.5914
73.33 14.4926
73.43 14.4243
73.53 14.0326
73.63 13.4727
73.73 12.5781
73.83 10.8818
73.93 8.1617
74.03 4.91531
74.13 2.33341
74.23 0.922763
74.33 0.224246
74.43 -0.621984
74.53 -1.83771
74.63 -3.43817
74.73 -5.12608
74.83 -6.81513
74.93 -8.25615
75.03 -9.58071
75.13 -10.5033
75.23 -10.7572
75.33 -10.2836
75.43 -9.06296
75.53 -7.65788
75.63 -6.32038
75.73 -5.21079
75.83 -4.76607
75.93 -4.9593
76.03 -5.79569
76.13 -7.17311
76.23 -8.18119
76.33 -8.33588
76.43 -7.6889
76.53 -6.11584
76.63 -3.78345
76.73 -1.31434
76.83 0.644567
76.93 1.62552
77.03 1.59074
77.13 1.14871
77.23 0.68378
77.33 0.63573
77.43 0.859427
77.53 1.26803
77.63 1.94942
77.73 3.0521
77.83 4.633
77.93 6.31045
78.03 7.82343
78.13 9.10183
78.23 9.96781
78.33 10.2536
78.43 10.2722
78.53 10.3348
78.63 10.1756
78.73 9.76761
78.83 9.39094
78.93 8.70721
79.03 7.57542
79.13 5.88118
79.23 3.98045
79.33 2.01982
79.43 -0.179646
79.53 -1.88543
79.63 -2.60835
79.73 -2.92587
79.83 -2.89977
79.93 -2.36626
80.03 -1.98777
80.13 -2.04326
80.23 -1.99667
80.33 -1.7498
80.43 -1.3013
80.53 -0.621315
80.63 0.0664278
80.73 0.081692
80.83 -1.07335
80.93 -3.23111
81.03 -5.46403
81.13 -7.15517
81.23 -7.92384
81.33 -8.44603
81.43 -8.28345
81.53 -7.3124
81.63 -5.63784
81.73 -3.42501
81.83 -1.21917
81.93 0.368844
82.03 0.752975
82.13 0.57743
82.23 0.17367
82.33 -0.384524
82.43 -0.179759
82.53 0.770652
82.63 2.00653
82.73 3.13562
82.83 3.7337
82.93 3.71323
83.03 3.50941
83.13 3.40272
83.23 3.60192
83.33 3.95553
83.43 4.14218
83.53 3.97327
83.63 3.26881
83.73 2.92278
83.83 2.44986
83.93 1.41857
84.03 -0.64406
84.13 -2.41752
84.23 -2.99165
84.33 -2.42759
84.43 -0.880576
84.53 0.902897
84.63 1.90405
84.73 2.22466
84.83 2.14249
84.93 2.02688
85.03 2.03647
85.13 1.73153
85.23 1.0506
85.33 0.286234
85.43 -0.092117
85.53 -0.380602
85.63 -0.264131
85.73 0.105104
85.83 0.458448
85.93 0.754242
86.03 1.1004
86.13 0.884947
86.23 1.00527
86.33 0.992866
86.43 0.432409
86.53 -0.308555
86.63 -0.639218
86.73 -0.33573
86.83 0.333569
86.93 1.49175
87.03 2.39493
87.13 2.8678
87.23 3.12055
87.33 2.80659
87.43 1.92241
87.53 1.20221
87.63 0.598325
87.73 -0.204174
87.83 -1.0945
87.93 -1.26287
88.03 -1.20264
88.13 -1.16426
88.23 -1.15216
88.33 -1.04749
88.43 -0.699509
88.53 -0.118242
88.63 0.181605
88.73 -0.208486
88.83 -1.10191
88.93 -1.77526
89.03 -1.97487
89.13 -2.01511
89.23 -2.06989
89.33 -1.94283
89.43 -1.51512
89.53 -0.864484
89.63 -0.787451
89.73 -0.809631
89.83 -0.303456
89.93 0.699559
90.03 1.60777
90.13 1.7115
90.23 1.01217
90.33 0.0249426
90.43 -0.725026
90.53 -1.13576
90.63 -1.26684
90.73 -0.880519
90.83 -0.387401
90.93 0.427398
91.03 1.63725
91.13 3.11068
91.23 4.09589
91.33 4.28021
91.43 3.74958
91.53 2.67534
91.63 1.48926
91.73 0.857559
91.83 0.963662
91.93 1.51841
92.03 2.54311
92.13 3.08174
92.23 3.34791
92.33 3.52169
92.43 3.82367
92.53 3.79799
92.63 3.11091
92.73 1.91729
92.83 0.813008
92.93 -0.40385
93.03 -1.50751
93.13 -2.60012
93.23 -3.6204
93.33 -3.96912
93.43 -3.24689
93.53 -1.98058
93.63 -0.992359
93.73 -0.271865
93.83 0.379907
93.93 0.859907
94.03 1.39612
94.13 1.56846
94.23 0.507718
94.33 -1.16627
94.43 -2.36647
94.53 -2.96123
94.63 -2.96832
94.73 -2.64762
94.83 -1.77902
94.93 -1.18327
95.03 -0.420125
95.13 0.272891
95.23 0.617362
95.33 0.143608
95.43 -0.982818
95.53 -2.09604
95.63 -2.4375
95.73 -2.22204
95.83 -1.54463
95.93 -0.35923
96.03 1.51015
96.13 2.65034
96.23 3.46103
96.33 4.37949
96.43 4.88849
96.53 4.79171
96.63 4.37818
96.73 3.60254
96.83 3.07115
96.93 2.24642
97.03 1.5466
97.13 1.19087
97.23 1.04161
97.33 0.897907
