1.91 -0.0554693
2.01 -0.468502
2.11 -0.783782
2.21 -0.625501
2.31 -0.262649
2.41 0.302785
2.51 0.566358
2.61 1.08785
2.71 1.97462
2.81 2.6865
2.91 2.8564
3.01 2.47918
3.11 1.66925
3.21 1.12108
3.31 0.823308
3.41 0.956274
3.51 1.15574
3.61 0.974219
3.71 0.45651
3.81 0.0918073
3.91 -0.371956
4.01 -0.638968
4.11 -0.530635
4.21 -0.06439
4.31 0.866621
4.41 1.36788
4.51 1.42088
4.61 1.28368
4.71 1.12145
4.81 1.03131
4.91 0.980094
5.01 0.653867
5.11 0.508385
5.21 0.83007
5.31 1.12389
5.41 1.04873
5.51 0.778259
5.61 0.517601
5.71 -0.0292545
5.81 -1.07056
5.91 -2.24993
6.01 -2.81864
6.11 -2.76735
6.21 -2.17283
6.31 -1.38061
6.41 -0.237029
6.51 0.855034
6.61 1.6778
6.71 2.7854
6.81 4.09523
6.91 4.98875
7.01 5.25807
7.11 5.07256
7.21 4.43247
7.31 3.78754
7.41 3.13096
7.51 2.20513
7.61 1.11409
7.71 -0.0383795
7.81 -0.644346
7.91 -0.720081
8.01 -0.609245
8.11 -0.484026
8.21 -0.240444
8.31 0.0652362
8.41 0.0637242
8.51 -0.0073768
8.61 -0.208049
8.71 -0.564928
8.81 -0.861645
8.91 -1.14592
9.01 -1.28438
9.11 -1.52142
9.21 -1.99062
9.31 -1.88208
9.41 -0.974525
9.51 0.0419387
9.61 0.681117
9.71 1.35269
9.81 1.94444
9.91 2.15724
10.01 2.45703
10.11 2.84979
10.21 2.90301
10.31 2.62778
10.41 2.04254
10.51 1.424
10.61 0.89579
10.71 0.432894
10.81 0.0855316
10.91 -0.343676
11.01 -0.675103
11.11 -0.626037
11.21 -0.357983
11.31 0.00566926
11.41 0.51071
11.51 0.999582
11.61 1.41564
11.71 1.94078
11.81 2.78447
11.91 3.59552
12.01 4.53737
12.11 5.59439
12.21 6.39083
12.31 6.63756
12.41 6.1552
12.51 4.54559
12.61 2.09503
12.71 -1.12672
12.81 -4.84513
12.91 -8.35386
13.01 -11.0892
13.11 -12.7382
13.21 -12.9883
13.31 -12.2135
13.41 -10.2589
13.51 -6.85179
13.61 -2.21224
13.71 2.74594
13.81 7.7157
13.91 12.3601
14.01 16.1594
14.11 18.4361
14.21 19.1303
14.31 18.2522
14.41 15.6481
14.51 11.1005
14.61 5.14248
14.71 -1.21642
14.81 -7.44156
14.91 -12.9227
15.01 -17.1907
15.11 -19.7545
15.21 -20.3898
15.31 -19.0862
15.41 -15.5243
15.51 -9.76401
15.61 -2.17262
15.71 7.0942
15.81 17.4488
15.91 27.4322
16.01 34.527
16.11 36.0393
16.21 30.0336
16.31 14.1558
16.41 -12.6322
16.51 -48.066
16.61 -83.9609
16.71 -108.83
16.81 -114.03
16.91 -97.9723
17.01 -61.2586
17.11 -5.76155
17.21 64.3878
17.31 138.379
17.41 197.928
17.51 227.985
17.61 221.493
17.71 163.806
17.81 50.7016
17.91 -85.2327
18.01 -194.525
18.11 -248.309
18.21 -258.135
18.31 -235.537
18.41 -184.318
18.51 -118.707
18.61 -58.5668
18.71 -14.976
18.81 14.3632
18.91 34.2527
19.01 49.4319
19.11 63.7641
19.21 79.5699
19.31 96.599
19.41 111.814
19.51 121.06
19.61 120.311
19.71 108.326
19.81 87.1413
19.91 62.5766
20.01 40.2422
20.11 21.5909
20.21 4.6859
20.31 -13.3555
20.41 -34.9521
20.51 -60.3019
20.61 -85.5627
20.71 -104.645
20.81 -113.262
20.91 -111.64
21.01 -102.691
21.11 -90.6312
21.21 -79.8235
21.31 -72.3922
21.41 -66.9984
21.51 -59.8499
21.61 -46.9239
21.71 -25.6503
21.81 5.44701
21.91 44.1249
22.01 83.3775
22.11 115.562
22.21 134.978
22.31 139.981
22.41 130.901
22.51 111.085
22.61 86.906
22.71 63.0878
22.81 41.4525
22.91 22.014
23.01 4.13646
23.11 -12.5864
23.21 -27.5532
23.31 -39.8814
23.41 -49.3841
23.51 -56.3398
23.61 -61.5661
23.71 -65.7797
23.81 -68.707
23.91 -69.9161
24.01 -68.8246
24.11 -64.4949
24.21 -56.6179
24.31 -46.6437
24.41 -35.8529
24.51 -25.1948
24.61 -15.1921
24.71 -5.94419
24.81 2.65438
24.91 10.5334
25.01 17.5611
25.11 23.7172
25.21 28.483
25.31 31.4129
25.41 32.7047
25.51 33.5842
25.61 35.2208
25.71 38.3296
25.81 42.3724
25.91 45.9061
26.01 47.8082
26.11 47.7064
26.21 45.4907
26.31 41.5705
26.41 36.4914
26.51 30.6938
26.61 24.3045
26.71 17.349
26.81 9.326
26.91 -0.503085
27.01 -11.6543
27.11 -22.7691
27.21 -32.0461
27.31 -38.6567
27.41 -43.3088
27.51 -46.3458
27.61 -48.6066
27.71 -50.2449
27.81 -50.8777
27.91 -50.3396
28.01 -48.3702
28.11 -44.6825
28.21 -39.6763
28.31 -34.2587
28.41 -29.3679
28.51 -25.2475
28.61 -21.3831
28.71 -17.2153
28.81 -12.3585
28.91 -6.49325
29.01 0.456762
29.11 8.11344
29.21 15.6628
29.31 22.4246
29.41 28.4573
29.51 34.2657
29.61 39.3651
29.71 43.6781
29.81 46.8969
29.91 48.8215
30.01 49.6153
30.11 49.5288
30.21 48.5757
30.31 46.6793
30.41 43.8792
30.51 40.1758
30.61 35.7117
30.71 30.7787
30.81 25.2986
30.91 19.1214
31.01 11.9542
31.11 3.89667
31.21 -4.17927
31.31 -12.1806
31.41 -20.1972
31.51 -27.8265
31.61 -34.639
31.71 -40.3136
31.81 -44.6789
31.91 -47.6973
32.01 -49.7237
32.11 -50.9256
32.21 -51.2135
32.31 -50.4288
32.41 -48.8447
32.51 -46.7917
32.61 -44.2669
32.71 -40.9831
32.81 -36.353
32.91 -30.7316
33.01 -24.579
33.11 -18.153
33.21 -11.6894
33.31 -5.4375
33.41 0.828501
33.51 7.10472
33.61 13.1263
33.71 18.8626
33.81 24.2077
33.91 28.7878
34.01 32.6747
34.11 35.9633
34.21 38.8617
34.31 41.5117
34.41 43.9243
34.51 45.6636
34.61 46.1856
34.71 45.4291
34.81 43.6042
34.91 40.9736
35.01 37.858
35.11 34.3711
35.21 30.5922
35.31 26.6794
35.41 22.4056
35.51 17.5349
35.61 12.1571
35.71 6.72476
35.81 1.51948
35.91 -3.70945
36.01 -9.55902
36.11 -15.6406
36.21 -21.33
36.31 -26.7466
36.41 -31.6648
36.51 -35.7782
36.61 -38.983
36.71 -41.1069
36.81 -41.9651
36.91 -41.5513
37.01 -40.4077
37.11 -39.054
37.21 -37.8045
37.31 -36.5187
37.41 -35.0166
37.51 -32.9203
37.61 -30.165
37.71 -27.0041
37.81 -23.4709
37.91 -19.8712
38.01 -16.0395
38.11 -11.5595
38.21 -6.60139
38.31 -1.51897
38.41 3.67866
38.51 8.66033
38.61 13.416
38.71 18.1767
38.81 22.4225
38.91 25.919
39.01 29.0639
39.11 31.7691
39.21 33.6408
39.31 34.612
39.41 35.2656
39.51 36.0759
39.61 36.9443
39.71 37.5113
39.81 37.2718
39.91 36.1759
40.01 34.4322
40.11 31.7864
40.21 27.9445
40.31 23.1614
40.41 18.3285
40.51 13.9482
40.61 10.0097
40.71 6.65604
40.81 3.67211
40.91 0.632798
41.01 -2.62323
41.11 -6.63821
41.21 -11.0934
41.31 -15.961
41.41 -21.216
41.51 -26.0227
41.61 -29.8522
41.71 -32.5256
41.81 -34.2315
41.91 -34.7572
42.01 -34.2607
42.11 -32.7309
42.21 -30.9191
42.31 -29.1074
42.41 -27.4605
42.51 -25.8208
42.61 -24.3188
42.71 -23.2292
42.81 -22.3858
42.91 -21.0127
43.01 -19.1064
43.11 -16.71
43.21 -13.5359
43.31 -9.80621
43.41 -5.72097
43.51 -1.20689
43.61 3.62875
43.71 8.91094
43.81 13.793
43.91 17.4803
44.01 20.0055
44.11 22.036
44.21 23.7482
44.31 24.7996
44.41 25.6427
44.51 26.3835
44.61 26.9735
44.71 27.3651
44.81 27.6531
44.91 27.7892
45.01 27.2854
45.11 26.0662
45.21 24.4141
45.31 22.5965
45.41 20.53
45.51 18.4009
45.61 16.1625
45.71 13.8463
45.81 11.5271
45.91 9.09313
46.01 6.3524
46.11 3.24816
46.21 0.237598
46.31 -2.40743
46.41 -4.72589
46.51 -6.96512
46.61 -9.63787
46.71 -12.6246
46.81 -15.2184
46.91 -17.2762
47.01 -19.1467
47.11 -21.0888
47.21 -22.7795
47.31 -23.9118
47.41 -24.5253
47.51 -24.8441
47.61 -24.7353
47.71 -24.364
47.81 -24.004
47.91 -23.3696
48.01 -22.0453
48.11 -20.2894
48.21 -18.3371
48.31 -15.9925
48.41 -13.1332
48.51 -9.7946
48.61 -5.88811
48.71 -1.86772
48.81 1.63837
48.91 4.72435
49.01 7.36326
49.11 9.57859
49.21 11.5045
49.31 13.3757
49.41 15.3503
49.51 16.8362
49.61 17.6565
49.71 18.2835
49.81 18.8666
49.91 18.9275
50.01 18.4891
50.11 17.9787
50.21 17.536
50.31 17.1719
50.41 16.6766
50.51 16.0383
50.61 15.3096
50.71 14.6721
50.81 14.1399
50.91 13.6009
51.01 12.6899
51.11 11.2707
51.21 9.65968
51.31 8.32827
51.41 7.23234
51.51 5.73703
51.61 3.5904
51.71 1.18614
51.81 -1.22112
51.91 -3.42859
52.01 -5.42867
52.11 -7.90459
52.21 -10.7598
52.31 -13.2806
52.41 -15.0627
52.51 -16.0576
52.61 -16.7735
52.71 -17.205
52.81 -17.3226
52.91 -16.8921
53.01 -15.726
53.11 -14.2562
53.21 -12.9814
53.31 -11.4977
53.41 -9.78895
53.51 -8.13042
53.61 -6.68668
53.71 -5.27815
53.81 -4.21022
53.91 -3.69337
54.01 -3.52488
54.11 -3.50114
54.21 -2.96347
54.31 -1.92064
54.41 -0.515268
54.51 1.36603
54.61 3.45338
54.71 5.54908
54.81 6.78131
54.91 7.03963
55.01 6.68277
55.11 6.06614
55.21 5.25245
55.31 4.76842
55.41 5.051
55.51 6.23016
55.61 8.08051
55.71 10.3206
55.81 12.3224
55.91 13.754
56.01 14.7166
56.11 15.2365
56.21 15.4848
56.31 15.7176
56.41 15.6079
56.51 14.895
56.61 13.2818
56.71 10.7179
56.81 7.62998
56.91 4.25519
57.01 0.87946
57.11 -1.88864
57.21 -3.67558
57.31 -4.15062
57.41 -3.46934
57.51 -2.2218
57.61 -1.0316
57.71 -0.0602129
57.81 0.090992
57.91 -0.937961
58.01 -2.8847
58.11 -5.32923
58.21 -8.15363
58.31 -11.0676
58.41 -13.7007
58.51 -15.8847
58.61 -17.0136
58.71 -17.2079
58.81 -16.4756
58.91 -14.6968
59.01 -11.7242
59.11 -7.88607
59.21 -3.51195
59.31 0.939873
59.41 5.16074
59.51 8.81234
59.61 11.4616
59.71 12.7527
59.81 12.4661
59.91 10.7819
60.01 8.1019
60.11 4.52166
60.21 0.302052
60.31 -3.76947
60.41 -6.83598
60.51 -8.39994
60.61 -8.73085
60.71 -8.28745
60.81 -7.37049
60.91 -5.93397
61.01 -4.11766
61.11 -2.20812
61.21 -0.558887
61.31 0.597837
61.41 1.06414
61.51 1.1884
61.61 0.914003
61.71 0.807164
61.81 1.59979
61.91 3.40185
62.01 6.32835
62.11 10.1457
62.21 14.2587
62.31 17.7298
62.41 20.0028
62.51 21.0119
62.61 20.5662
62.71 19.0188
62.81 16.927
62.91 14.518
63.01 11.935
63.11 9.42276
63.21 7.33663
63.31 5.3901
63.41 3.11404
63.51 0.0858009
63.61 -3.55047
63.71 -7.168
63.81 -10.1818
63.91 -12.5846
64.01 -14.5138
64.11 -16.268
64.21 -17.8286
64.31 -18.7302
64.41 -19.2363
64.51 -19.2181
64.61 -18.3594
64.71 -16.9835
64.81 -15.4491
64.91 -13.3631
65.01 -10.7104
65.11 -7.83528
65.21 -4.7579
65.31 -1.81304
65.41 0.852279
65.51 3.06805
65.61 4.72849
65.71 6.01235
65.81 6.89476
65.91 7.66335
66.01 8.34424
66.11 8.88836
66.21 9.4046
66.31 9.95382
66.41 10.4105
66.51 10.6222
66.61 10.7612
66.71 10.6722
66.81 10.5224
66.91 9.78105
67.01 8.41841
67.11 6.87865
67.21 5.70047
67.31 5.05783
67.41 4.37595
67.51 3.42463
67.61 2.23392
67.71 1.18594
67.81 0.285924
67.91 -0.519672
68.01 -1.44864
68.11 -3.26566
68.21 -5.58751
68.31 -7.34473
68.41 -8.1191
68.51 -7.66988
68.61 -6.6118
68.71 -5.15418
68.81 -3.73364
68.91 -2.63131
69.01 -1.8099
69.11 -1.11463
69.21 -0.457065
69.31 -0.473689
69.41 -0.58306
69.51 -1.10762
69.61 -1.27757
69.71 -0.836372
69.81 0.321252
69.91 1.16845
70.01 1.83271
70.11 2.35751
70.21 3.09233
70.31 3.95172
70.41 4.5335
70.51 4.52057
70.61 4.16109
70.71 3.56529
70.81 2.52207
70.91 1.75419
71.01 1.11365
71.11 0.75953
71.21 0.231333
71.31 -0.0769556
71.41 0.0148236
71.51 0.485652
71.61 0.417486
71.71 0.325778
71.81 0.605244
71.91 0.600019
72.01 0.560532
72.11 0.662688
72.21 0.577371
72.31 0.189662
72.41 -0.203393
72.51 -0.881544
72.61 -1.23357
72.71 -1.59062
72.81 -2.02741
72.91 -2.29131
73.01 -2.98143
73.11 -3.60927
73.21 -4.01715
73.31 -4.33255
73.41 -4.52876
73.51 -3.67042
73.61 -1.96212
73.71 0.176103
73.81 2.38387
73.91 4.14909
74.01 5.27186
74.11 5.79674
74.21 5.50934
74.31 4.78056
74.41 3.95761
74.51 3.09503
74.61 2.46321
74.71 2.42384
74.81 2.64301
74.91 2.96871
75.01 3.15246
75.11 3.16505
75.21 2.86956
75.31 2.59124
75.41 2.28182
75.51 1.5908
75.61 0.867002
75.71 0.33621
75.81 -0.126113
75.91 -0.275426
76.01 0.00307794
76.11 0.496949
76.21 0.908721
76.31 1.06397
76.41 1.17822
76.51 0.80976
76.61 0.701228
76.71 0.181258
76.81 -0.575051
76.91 -1.38512
77.01 -2.24321
77.11 -2.44641
77.21 -2.16789
77.31 -1.85614
77.41 -1.97293
77.51 -2.01562
77.61 -2.33781
77.71 -2.7637
77.81 -3.16233
77.91 -3.30192
78.01 -3.64367
78.11 -3.90428
78.21 -3.68785
78.31 -2.92078
78.41 -1.95232
78.51 -0.901196
78.61 -0.219174
78.71 0.505998
78.81 1.20862
78.91 1.80154
79.01 2.32707
79.11 2.81817
79.21 3.11308
79.31 3.34011
79.41 3.47889
79.51 3.52782
79.61 3.25898
79.71 2.77281
79.81 2.44866
79.91 1.94042
80.01 1.56845
80.11 1.19004
80.21 1.14233
80.31 1.32684
80.41 1.37823
80.51 1.17963
80.61 0.703926
80.71 0.161356
80.81 -0.171875
80.91 -0.0396656
81.01 0.605317
81.11 1.33288
81.21 2.16765
81.31 2.73119
81.41 3.15328
81.51 3.08053
81.61 2.66654
81.71 2.26663
81.81 1.77218
81.91 1.23343
82.01 1.14358
82.11 0.611655
82.21 -0.114009
82.31 -1.16713
82.41 -1.89573
82.51 -2.30503
82.61 -2.7329
82.71 -3.07563
82.81 -3.13791
82.91 -3.0421
83.01 -2.73677
83.11 -2.27595
83.21 -1.53656
83.31 -1.16833
83.41 -0.966736
83.51 -0.56041
83.61 -0.144714
83.71 0.124227
83.81 0.289226
83.91 0.688776
84.01 0.769107
84.11 1.06105
84.21 0.786114
84.31 0.541798
84.41 0.444411
84.51 0.458252
84.61 0.293555
84.71 0.156741
84.81 0.284511
84.91 0.466099
85.01 0.720351
85.11 0.55285
85.21 0.358533
85.31 0.232576
85.41 -0.0682183
85.51 0.022846
85.61 0.226449
85.71 0.563599
85.81 0.940055
85.91 1.53631
86.01 2.37788
86.11 3.06909
86.21 3.74072
86.31 4.3749
86.41 4.5413
86.51 4.37304
86.61 3.71557
86.71 3.01825
86.81 2.02838
86.91 0.88369
87.01 -0.403822
87.11 -1.70173
87.21 -2.86319
87.31 -3.67936
87.41 -4.15373
87.51 -4.16743
87.61 -3.95218
87.71 -3.35338
87.81 -2.59981
87.91 -1.65477
88.01 -0.70636
88.11 0.392294
88.21 1.19845
88.31 1.72582
88.41 1.45727
88.51 1.51059
88.61 1.5444
88.71 1.46882
88.81 1.40767
88.91 1.35984
89.01 1.37183
89.11 1.44092
89.21 1.21311
89.31 1.12271
89.41 0.396479
89.51 -0.0714117
89.61 -0.732927
89.71 -1.21591
89.81 -1.60083
89.91 -1.95236
90.01 -1.9449
90.11 -1.91312
90.21 -1.35571
90.31 -0.727863
90.41 -0.102883
90.51 0.466685
90.61 0.679856
90.71 0.552907
90.81 0.741515
90.91 1.0043
91.01 1.10565
91.11 1.01502
91.21 1.04007
91.31 1.01129
91.41 0.911889
91.51 1.0315
91.61 1.16656
91.71 0.912488
91.81 0.831981
91.91 0.340102
92.01 0.0284889
92.11 -0.158013
92.21 0.017842
92.31 0.203305
92.41 0.234444
92.51 0.253223
92.61 0.265376
92.71 0.355011
92.81 0.427429
92.91 0.63774
93.01 0.897911
93.11 1.34407
93.21 1.56369
93.31 1.91261
93.41 1.97647
93.51 1.69006
93.61 1.20363
93.71 0.598579
93.81 -0.125925
93.91 -0.795096
94.01 -1.11164
94.11 -1.40171
94.21 -1.55715
94.31 -1.61259
94.41 -1.51564
94.51 -1.42831
94.61 -1.3121
94.71 -1.28603
94.81 -1.06742
94.91 -0.840749
95.01 -0.902809
95.11 -0.705209
95.21 -0.556556
95.31 -0.386486
95.41 -0.310937
95.51 -0.326517
95.61 -0.169814
95.71 0.318736
95.81 0.43034
95.91 0.655831
96.01 0.796699
96.11 0.764741
96.21 0.662741
96.31 0.555279
96.41 0.396109
96.51 0.181699
96.61 0.135208
96.71 0.190723
96.81 0.115344
96.91 0.0753843
97.01 -0.0314057
97.11 0.022996
97.21 0.115866
97.31 0.15862
97.41 0.198385
97.51 0.278951
97.61 0.381707
97.71 0.457156
97.81 0.506722
97.91 0.423232
98.01 0.436029
98.11 0.370474
98.21 0.27541
98.31 0.177834
98.41 0.0637475
98.51 -0.0369635
98.61 -0.0500178
98.71 -0.0490891
98.81 -0.0421247
98.91 -0.0266041
99.01 0.125204
99.11 0.0921896
99.21 0.0602649
99.31 0.0406505
99.41 0.0268032
99.51 0.116562
99.61 0.116562
99.71 0.116562
99.81 0.116562
99.91 0.116562
100.01 0.116562
100.11 0.116562
100.21 0.116562
100.31 0.116562
100.41 0.116562
100.51 0.116562
100.61 0.116562
100.71 0.116562
100.81 0.116562
100.91 0.116562
101.01 0.116562
101.11 0.116562
101.21 0.116562
101.31 0.116562
101.41 0.116562
101.51 0.116562
101.61 0.116562
101.71 0.116562
101.81 0.116562
101.91 0.116562
102.01 0.116562
102.11 0.116562
102.21 0.116562
102.31 0.116562
102.41 0.116562
102.51 0.116562
102.61 0.116562
102.71 0.116562
102.81 0.116562
102.91 0.116562
103.01 0.116562
103.11 0.116562
103.21 0.116562
103.31 0.116562
103.41 0.116562
103.51 0.116562
103.61 0.116562
103.71 0.116562
103.81 0.116562
103.91 0.116562
104.01 0.116562
104.11 0.116562
104.21 0.116562
