-1.24 1.55303
-1.14798 3.16876
-1.05596 4.33375
-0.963933 4.88203
-0.871911 4.81449
-0.779889 4.25879
-0.687867 3.40111
-0.595844 2.63707
-0.503822 1.78843
-0.4118 1.05244
-0.319778 0.499925
-0.227755 0.185397
-0.135733 0.133893
-0.0437109 0.31935
0.0483113 0.655278
0.140334 1.01365
0.232356 1.27038
0.324378 1.35641
0.4164 1.28515
0.508422 1.13706
0.600445 1.00551
0.692467 0.932068
0.784489 0.869271
0.876511 0.696747
0.968534 0.287866
1.06056 -0.405977
1.15258 -1.30044
1.2446 -2.18815
1.33662 -2.81605
1.42864 -2.99596
1.52067 -2.69296
1.61269 -2.04409
1.70471 -1.29384
1.79673 -0.676382
1.88876 -0.303115
1.98078 -0.11384
2.0728 0.0825204
2.16482 0.497836
2.25684 1.24224
2.34887 2.25313
2.44089 3.31289
2.53291 4.14621
2.62493 4.54619
2.71696 4.46429
2.80898 4.01938
2.901 3.42521
2.99302 2.87853
3.08505 2.46956
3.17707 2.16082
3.26909 1.8403
3.36111 1.4123
3.45313 0.86848
3.54516 0.295515
3.63718 -0.185125
3.7292 -0.506831
3.82122 -0.717878
3.91325 -0.96742
4.00527 -1.41595
4.09729 -2.11622
4.18931 -2.93455
4.28133 -3.56771
4.37336 -3.66158
4.46538 -2.98136
4.5574 -1.54864
4.64942 0.329536
4.74145 2.16426
4.83347 3.47883
4.92549 4.0032
5.01751 3.77554
5.10953 3.1021
5.20156 2.39693
5.29358 1.98245
5.3856 1.94979
5.47762 2.14478
5.56965 2.27873
5.66167 2.09907
5.75369 1.52643
5.84571 0.686882
5.93773 -0.171996
6.02976 -0.828229
6.12178 -1.20932
6.2138 -1.42167
6.30582 -1.6697
6.39785 -2.11283
6.48987 -2.74533
6.58189 -3.37233
6.67391 -3.70152
6.76593 -3.50357
6.85796 -2.75233
6.94998 -1.66313
7.042 -0.600727
7.13402 0.100455
7.22605 0.311181
7.31807 0.183625
7.41009 0.0849748
7.50211 0.418429
7.59413 1.42048
7.68616 3.03548
7.77818 4.92741
7.8702 6.61743
7.96222 7.6727
8.05425 7.85095
8.14627 7.13668
8.23829 5.66936
8.33031 3.6239
8.42233 1.12578
8.51436 -1.74531
8.60638 -4.8708
8.6984 -7.99163
8.79042 -10.6722
8.88245 -12.3782
8.97447 -12.6499
9.06649 -11.2888
9.15851 -8.4588
9.25053 -4.63743
9.34256 -0.43472
9.43458 3.63226
9.5266 7.29078
9.61862 10.5095
9.71065 13.346
9.80267 15.7378
9.89469 17.3669
9.98671 17.6978
10.0787 16.1909
10.1708 12.5953
10.2628 7.1635
10.3548 0.662566
10.4468 -5.84881
10.5388 -11.3824
10.6309 -15.3483
10.7229 -17.6845
10.8149 -18.721
10.9069 -18.8501
10.999 -18.183
11.091 -16.3853
11.183 -12.8024
11.275 -6.8372
11.367 1.58843
11.4591 11.7061
11.5511 21.8675
11.6431 29.8316
11.7351 33.2647
11.8272 30.2756
11.9192 19.8381
12.0112 2.05132
12.1032 -21.72
12.1952 -48.7564
12.2873 -74.9549
12.3793 -94.9929
12.4713 -102.899
12.5633 -93.1893
12.6554 -62.5103
12.7474 -11.4066
12.8394 54.4316
12.9314 124.144
13.0234 183.331
13.1155 217.249
13.2075 214.815
13.2995 172.23
13.3915 94.9139
13.4836 -3.10383
13.5756 -102.421
13.6676 -183.276
13.7596 -230.815
13.8516 -238.939
13.9437 -211.48
14.0357 -160.364
14.1277 -101.455
14.2197 -49.5182
14.3118 -14.0046
14.4038 3.02315
14.4958 6.33636
14.5878 4.80049
14.6798 7.61637
14.7719 20.9406
14.8639 45.9959
14.9559 79.1245
15.0479 113.492
15.14 141.607
15.232 157.652
15.324 158.858
15.416 145.635
15.508 120.681
15.6001 87.6502
15.6921 49.996
15.7841 10.4168
15.8761 -29.0359
15.9682 -66.4478
16.0602 -99.5548
16.1522 -125.653
16.2442 -142.044
16.3362 -146.869
16.4283 -139.957
16.5203 -123.264
16.6123 -100.621
16.7043 -76.7823
16.7964 -56.0578
16.8884 -41.0042
16.9804 -31.6696
17.0724 -25.6913
17.1644 -19.2427
17.2565 -8.50788
17.3485 8.84211
17.4405 32.7016
17.5325 60.4474
17.6246 87.7363
17.7166 109.873
17.8086 123.243
17.9006 126.3
17.9926 119.787
18.0847 106.198
18.1767 88.7289
18.2687 70.1839
18.3607 52.2373
18.4528 35.271
18.5448 18.7586
18.6368 1.93926
18.7288 -15.5526
18.8208 -33.3652
18.9129 -50.5033
19.0049 -65.6907
19.0969 -77.805
19.1889 -86.1695
19.281 -90.5994
19.373 -91.2448
19.465 -88.3726
19.557 -82.2403
19.649 -73.1314
19.7411 -61.506
19.8331 -48.139
19.9251 -34.1124
20.0171 -20.6164
20.1092 -8.62719
20.2012 1.38241
20.2932 9.54313
20.3852 16.4318
20.4772 22.7204
20.5693 28.8021
20.6613 34.5841
20.7533 39.555
20.8453 43.0942
20.9374 44.8593
21.0294 45.0412
21.1214 44.341
21.2134 43.6629
21.3054 43.6702
21.3975 44.4275
21.4895 45.3179
21.5815 45.2877
21.6735 43.3113
21.7656 38.8528
21.8576 32.1064
21.9496 23.9032
22.0416 15.3409
22.1336 7.32499
22.2257 0.24683
22.3177 -6.05431
22.4097 -12.0491
22.5017 -18.1435
22.5938 -24.3815
22.6858 -30.3827
22.7778 -35.543
22.8698 -39.3772
22.9618 -41.8071
23.0539 -43.2287
23.1459 -44.3091
23.2379 -45.615
23.3299 -47.2662
23.422 -48.8048
23.514 -49.3585
23.606 -48.0282
23.698 -44.3142
23.79 -38.3704
23.8821 -30.9626
23.9741 -23.1531
24.0661 -15.865
24.1581 -9.53699
24.2502 -4.02279
24.3422 1.23192
24.4342 6.84257
24.5262 13.1493
24.6182 20.0535
24.7103 27.0882
24.8023 33.6617
24.8943 39.3271
24.9863 43.9337
25.0784 47.5909
25.1704 50.4842
25.2624 52.6665
25.3544 53.9527
25.4464 53.9854
25.5385 52.4344
25.6305 49.2169
25.7225 44.6069
25.8145 39.1642
25.9066 33.5093
25.9986 28.0587
26.0906 22.8576
26.1826 17.5989
26.2746 11.8217
26.3667 5.18781
26.4587 -2.30381
26.5507 -10.272
26.6427 -18.0952
26.7348 -25.1632
26.8268 -31.1078
26.9188 -35.8976
27.0108 -39.7596
27.1028 -42.9806
27.1949 -45.7032
27.2869 -47.8294
27.3789 -49.0798
27.4709 -49.172
27.563 -48.0136
27.655 -45.8007
27.747 -42.9626
27.839 -39.9776
27.931 -37.1544
28.0231 -34.4912
28.1151 -31.6868
28.2071 -28.2958
28.2991 -23.9531
28.3912 -18.5544
28.4832 -12.3114
28.5752 -5.66175
28.6672 0.912106
28.7592 7.06051
28.8513 12.6583
28.9433 17.7783
29.0353 22.5772
29.1273 27.1666
29.2194 31.5383
29.3114 35.5741
29.4034 39.1203
29.4954 42.0687
29.5874 44.3906
29.6795 46.1023
29.7715 47.1886
29.8635 47.5394
29.9555 46.9497
30.0476 45.1976
30.1396 42.1661
30.2316 37.945
30.3236 32.8526
30.4156 27.3551
30.5077 21.9159
30.5997 16.8436
30.6917 12.2092
30.7837 7.87085
30.8758 3.58832
30.9678 -0.833888
31.0598 -5.44633
31.1518 -10.1435
31.2438 -14.7372
31.3359 -19.0644
31.4279 -23.0635
31.5199 -26.7743
31.6119 -30.2616
31.704 -33.5111
31.796 -36.3631
31.888 -38.5323
31.98 -39.7156
32.072 -39.7391
32.1641 -38.6679
32.2561 -36.8174
32.3481 -34.6492
32.4401 -32.5925
32.5322 -30.8714
32.6242 -29.4186
32.7162 -27.9163
32.8082 -25.9471
32.9002 -23.1871
32.9923 -19.5534
33.0843 -15.2418
33.1763 -10.6435
33.2683 -6.1805
33.3604 -2.1381
33.4524 1.43457
33.5444 4.71641
33.6364 8.01013
33.7284 11.593
33.8205 15.5873
33.9125 19.9008
34.0045 24.2527
34.0965 28.2649
34.1886 31.5766
34.2806 33.9396
34.3726 35.2663
34.4646 35.6266
34.5566 35.207
34.6487 34.2522
34.7407 33.0083
34.8327 31.6768
34.9247 30.3831
35.0168 29.1601
35.1088 27.948
35.2008 26.6119
35.2928 24.9758
35.3848 22.8692
35.4769 20.1735
35.5689 16.8563
35.6609 12.9842
35.7529 8.71078
35.845 4.2454
35.937 -0.186469
36.029 -4.38174
36.121 -8.18961
36.213 -11.5301
36.3051 -14.4012
36.3971 -16.8732
36.4891 -19.0686
36.5811 -21.1282
36.6732 -23.1652
36.7652 -25.2216
36.8572 -27.2399
36.9492 -29.0682
37.0412 -30.5001
37.1333 -31.3415
37.2253 -31.4795
37.3173 -30.9253
37.4093 -29.8121
37.5014 -28.345
37.5934 -26.7255
37.6854 -25.0792
37.7774 -23.4206
37.8695 -21.666
37.9615 -19.6868
38.0535 -17.3753
38.1455 -14.6903
38.2375 -11.6638
38.3296 -8.36983
38.4216 -4.8781
38.5136 -1.22157
38.6056 2.60098
38.6977 6.58773
38.7897 10.6832
38.8817 14.7456
38.9737 18.5563
39.0657 21.8734
39.1578 24.5092
39.2498 26.3937
39.3418 27.594
39.4338 28.2776
39.5259 28.6342
39.6179 28.7931
39.7099 28.7725
39.8019 28.4849
39.8939 27.7916
39.986 26.5802
40.078 24.8265
40.17 22.6141
40.262 20.1057
40.3541 17.4856
40.4461 14.9024
40.5381 12.44
40.6301 10.1259
40.7221 7.9634
40.8142 5.96582
40.9062 4.16733
40.9982 2.60424
41.0902 1.27687
41.1823 0.11548
41.2743 -1.02664
41.3663 -2.34367
41.4583 -4.02029
41.5503 -6.17034
41.6424 -8.7964
41.7344 -11.7852
41.8264 -14.9371
41.9184 -18.0146
42.0105 -20.7882
42.1025 -23.0677
42.1945 -24.7148
42.2865 -25.6467
42.3785 -25.8401
42.4706 -25.3397
42.5626 -24.265
42.6546 -22.8028
42.7466 -21.1749
42.8387 -19.5829
42.9307 -18.1462
43.0227 -16.8607
43.1147 -15.5974
43.2067 -14.1523
43.2988 -12.3285
43.3908 -10.0226
43.4828 -7.27601
43.5748 -4.2708
43.6669 -1.26884
43.7589 1.48005
43.8509 3.82297
43.9429 5.74732
44.0349 7.36675
44.127 8.85915
44.219 10.3855
44.311 12.0247
44.403 13.7492
44.4951 15.4469
44.5871 16.9747
44.6791 18.2172
44.7711 19.125
44.8631 19.7211
44.9552 20.0759
45.0472 20.2686
45.1392 20.3506
45.2312 20.3277
45.3233 20.1627
45.4153 19.7952
45.5073 19.1663
45.5993 18.2405
45.6913 17.0165
45.7834 15.5269
45.8754 13.8292
45.9674 11.9895
46.0594 10.0661
46.1515 8.0939
46.2435 6.07773
46.3355 3.99497
46.4275 1.81112
46.5195 -0.496174
46.6116 -2.91242
46.7036 -5.37159
46.7956 -7.7599
46.8876 -9.94003
46.9797 -11.7887
47.0717 -13.2336
47.1637 -14.2747
47.2557 -14.9806
47.3477 -15.4607
47.4398 -15.8255
47.5318 -16.1506
47.6238 -16.4588
47.7158 -16.7251
47.8079 -16.8974
47.8999 -16.9212
47.9919 -16.7541
48.0839 -16.3668
48.1759 -15.7336
48.268 -14.8246
48.36 -13.6095
48.452 -12.0751
48.544 -10.2492
48.6361 -8.21613
48.7281 -6.11047
48.8201 -4.08632
48.9121 -2.27138
49.0041 -0.726172
49.0962 0.572042
49.1882 1.71079
49.2802 2.79611
49.3722 3.89949
49.4643 5.02365
49.5563 6.10501
49.6483 7.05323
49.7403 7.80953
49.8323 8.39509
49.9244 8.9238
50.0164 9.56927
50.1084 10.497
50.2004 11.7899
50.2925 13.3989
50.3845 15.1415
50.4765 16.7497
50.5685 17.9494
50.6605 18.54
50.7526 18.4442
50.8446 17.7126
50.9366 16.4846
51.0286 14.9274
51.1207 13.1768
51.2127 11.3049
51.3047 9.32153
51.3967 7.20489
51.4887 4.94479
51.5808 2.57858
51.6728 0.206079
51.7648 -2.0215
51.8568 -3.9332
51.9489 -5.37909
52.0409 -6.2667
52.1329 -6.58309
52.2249 -6.39742
52.3169 -5.84548
52.409 -5.10154
52.501 -4.34629
52.593 -3.73873
52.685 -3.39834
52.7771 -3.39919
52.8691 -3.77388
52.9611 -4.52172
53.0531 -5.61507
53.1451 -7.00027
53.2372 -8.59371
53.3292 -10.2783
53.4212 -11.9066
53.5132 -13.3159
53.6053 -14.3525
53.6973 -14.9001
53.7893 -14.8999
53.8813 -14.3538
53.9733 -13.3103
54.0654 -11.8365
54.1574 -9.99244
54.2494 -7.81855
54.3414 -5.34324
54.4335 -2.6066
54.5255 0.312938
54.6175 3.28441
54.7095 6.13239
54.8015 8.66591
54.8936 10.7159
54.9856 12.1649
55.0776 12.9559
55.1696 13.0817
55.2617 12.564
55.3537 11.4422
55.4457 9.77991
55.5377 7.69138
55.6297 5.36787
55.7218 3.08199
55.8138 1.15215
55.9058 -0.131491
55.9978 -0.595629
56.0899 -0.249135
56.1819 0.71012
56.2739 1.96037
56.3659 3.17475
56.4579 4.1481
56.55 4.87672
56.642 5.55195
56.734 6.46318
56.826 7.8462
56.9181 9.73946
57.0101 11.9113
57.1021 13.8938
57.1941 15.1169
57.2861 15.0924
57.3782 13.5808
57.4702 10.6766
57.5622 6.78578
57.6542 2.50634
57.7463 -1.5391
57.8383 -4.85916
57.9303 -7.19037
58.0223 -8.51531
58.1143 -9.0138
58.2064 -8.97873
58.2984 -8.73028
58.3904 -8.55092
58.4824 -8.64673
58.5745 -9.12817
58.6665 -10.0014
58.7585 -11.1673
58.8505 -12.4325
58.9425 -13.5403
59.0346 -14.2236
59.1266 -14.2684
59.2186 -13.571
59.3106 -12.1659
59.4027 -10.2126
59.4947 -7.94596
59.5867 -5.60893
59.6787 -3.39325
59.7707 -1.40988
59.8628 0.305727
59.9548 1.76354
60.0468 2.98438
60.1388 3.97899
60.2309 4.74821
60.3229 5.2976
60.4149 5.65192
60.5069 5.85643
60.5989 5.9625
60.691 6.00683
60.783 5.99989
60.875 5.93445
60.967 5.8127
61.0591 5.67622
61.1511 5.61763
61.2431 5.75917
61.3351 6.20104
61.4271 6.9607
61.5192 7.93451
61.6112 8.90651
61.7032 9.60867
61.7952 9.69071
61.8873 9.22493
61.9793 8.20308
62.0713 6.81666
62.1633 5.30973
62.2553 3.87979
62.3474 2.60879
62.4394 1.457
62.5314 0.321029
62.6234 -0.875236
62.7155 -2.10587
62.8075 -3.22617
62.8995 -4.04839
62.9915 -4.41037
63.0835 -4.22684
63.1756 -3.64393
63.2676 -2.95324
63.3596 -2.48443
63.4516 -2.47337
63.5437 -2.96514
63.6357 -3.79601
63.7277 -4.66267
63.8197 -5.24661
63.9117 -5.28593
64.0038 -4.81126
64.0958 -4.24581
64.1878 -3.1384
64.2798 -2.07255
64.3719 -1.10791
64.4639 -0.26778
64.5559 0.532194
64.6479 0.851528
64.7399 1.60555
64.832 2.15418
64.924 2.48252
65.016 2.31655
65.108 1.60483
65.2001 0.930221
65.2921 -0.328203
65.3841 -1.50633
65.4761 -2.22655
65.5681 -2.4204
65.6602 -2.08341
65.7522 -1.49675
65.8442 -0.878966
65.9362 -0.425411
66.0283 -0.218807
66.1203 -0.317738
66.2123 -0.496023
66.3043 -0.264639
66.3963 -0.0180104
66.4884 0.370034
66.5804 1.09028
66.6724 1.66653
66.7644 2.19877
66.8565 2.89396
66.9485 3.38978
67.0405 3.94999
67.1325 4.17239
67.2245 4.12761
67.3166 3.86244
67.4086 3.19988
67.5006 2.27698
67.5926 1.21064
67.6847 0.144051
67.7767 -0.788055
67.8687 -1.49687
67.9607 -1.95326
68.0527 -2.10795
68.1448 -1.98195
68.2368 -1.64557
68.3288 -1.0721
68.4208 -0.32417
68.5129 0.525722
68.6049 1.20632
68.6969 1.77643
68.7889 2.40535
68.8809 2.7946
68.973 2.90309
69.065 2.72984
69.157 2.32917
69.249 1.7969
69.3411 1.69191
69.4331 1.25575
69.5251 0.88695
69.6171 0.392774
69.7091 0.171704
69.8012 0.0722327
69.8932 -0.227433
69.9852 -0.281782
70.0772 -0.566792
70.1693 -0.856691
70.2613 -1.08012
70.3533 -1.16651
70.4453 -0.82832
70.5373 -0.627253
70.6294 -0.715083
70.7214 -0.469231
70.8134 -0.368134
70.9054 -0.952315
70.9975 -1.45264
71.0895 -1.95823
71.1815 -2.32204
71.2735 -2.39298
71.3655 -2.08747
71.4576 -1.08864
71.5496 -0.179651
71.6416 0.745115
71.7336 1.44198
71.8257 1.73188
71.9177 1.56103
72.0097 1.08253
72.1017 0.490672
72.1937 -0.0925757
72.2858 -0.603086
72.3778 -1.02073
72.4698 -1.44531
72.5618 -1.82731
72.6539 -2.11973
72.7459 -2.1826
72.8379 -2.06871
72.9299 -1.75009
73.0219 -1.27585
73.114 -0.729038
73.206 -0.196461
73.298 0.265397
73.39 0.777158
73.4821 1.19989
73.5741 1.6747
73.6661 2.18742
73.7581 2.94905
73.8501 3.50037
73.9422 3.8918
74.0342 4.01927
74.1262 3.81331
74.2182 3.26764
74.3103 2.48485
74.4023 1.88369
74.4943 0.930618
74.5863 0.29436
74.6783 -0.506786
74.7704 -0.967481
74.8624 -1.2948
74.9544 -1.37333
75.0464 -1.22034
75.1385 -1.00416
75.2305 -0.615664
75.3225 0.00469193
75.4145 0.636575
75.5065 1.202
75.5986 1.65041
75.6906 1.95881
75.7826 2.12088
75.8746 2.13367
75.9667 1.97113
76.0587 1.62078
76.1507 0.852917
76.2427 0.245888
76.3347 -0.306222
76.4268 -0.366393
76.5188 -0.34052
76.6108 -0.320579
76.7028 -0.147908
76.7949 0.0747202
76.8869 0.207986
76.9789 0.191883
77.0709 -0.552018
77.1629 -1.21533
77.255 -1.88676
77.347 -2.41192
77.439 -2.6916
77.531 -2.66427
77.6231 -2.4006
77.7151 -2.28161
77.8071 -1.99048
77.8991 -1.71364
77.9911 -1.48985
78.0832 -1.25387
78.1752 -0.912081
78.2672 -0.716516
78.3592 -0.102503
78.4513 0.613677
78.5433 1.28136
78.6353 1.48284
78.7273 1.57524
78.8193 1.33318
78.9114 0.788178
79.0034 0.0632669
79.0954 -0.53586
79.1874 -1.02519
79.2795 -1.17762
79.3715 -0.877529
79.4635 -0.109309
79.5555 1.02781
79.6475 2.27607
79.7396 3.83644
79.8316 5.20233
79.9236 5.62378
80.0156 4.97097
80.1077 4.08799
80.1997 2.86411
80.2917 1.6018
80.3837 0.569744
80.4757 -0.063078
80.5678 -0.204759
80.6598 0.0273165
80.7518 1.06882
80.8438 1.29776
80.9359 1.56587
81.0279 1.60711
81.1199 1.65553
81.2119 1.44818
81.3039 1.32283
81.396 1.06717
81.488 0.649228
81.58 0.124596
81.672 -0.555605
81.7641 -1.15726
81.8561 -1.80769
81.9481 -2.26803
82.0401 -2.3096
82.1321 -2.26743
82.2242 -2.05322
82.3162 -1.77679
82.4082 -1.54495
82.5002 -1.42199
82.5923 -1.71141
82.6843 -1.80238
82.7763 -1.75649
82.8683 -1.16679
82.9603 -0.689744
83.0524 -0.35866
83.1444 0.0499354
83.2364 0.185776
83.3284 0.471051
83.4205 0.347045
83.5125 0.151615
83.6045 -0.0795629
83.6965 -0.28932
83.7885 -0.214922
83.8806 -0.35189
83.9726 -0.482064
84.0646 -0.441557
84.1566 -0.31815
84.2487 -0.327663
84.3407 -0.201059
84.4327 0.129458
84.5247 0.0662669
84.6167 0.0353453
84.7088 -0.220341
84.8008 -0.401459
84.8928 -0.720884
84.9848 -0.91613
85.0769 -0.739513
85.1689 -0.515207
85.2609 -0.158268
85.3529 0.249482
85.4449 0.627923
85.537 0.927304
85.629 0.979601
85.721 1.29398
85.813 1.54594
85.9051 1.76017
85.9971 1.986
86.0891 2.1202
86.1811 2.11403
86.2731 1.69822
86.3652 1.36167
86.4572 1.0145
86.5492 0.724643
86.6412 0.529282
86.7333 0.424092
86.8253 0.369152
86.9173 0.307928
87.0093 0.190642
87.1013 -0.00747404
87.1934 -0.279298
87.2854 -0.443322
87.3774 -0.724909
87.4694 -0.991258
87.5615 -1.16202
87.6535 -1.19808
87.7455 -1.13506
87.8375 -0.928138
87.9295 -0.846366
88.0216 -0.771473
88.1136 -0.721115
88.2056 -0.696633
88.2976 -0.686886
88.3897 -0.67562
88.4817 -0.649308
88.5737 -0.504806
88.6657 -0.410138
88.7577 -0.321496
88.8498 -0.259571
88.9418 -0.236349
89.0338 -0.249481
89.1258 -0.174129
89.2179 -0.209182
89.3099 -0.220352
89.4019 -0.0295175
89.4939 0.0216986
89.5859 0.0930308
89.678 0.153173
89.77 0.125272
89.862 0.257658
89.954 0.512023
90.0461 0.635973
90.1381 0.764855
90.2301 0.761363
90.3221 0.556549
90.4141 0.569775
90.5062 0.539685
90.5982 0.135856
90.6902 0.300885
90.7822 0.265348
90.8743 0.266579
90.9663 0.323283
91.0583 0.429764
91.1503 0.554835
91.2423 0.331047
91.3344 0.40846
91.4264 0.399652
91.5184 0.296572
91.6104 0.122323
91.7025 -0.0770631
91.7945 -0.0775146
91.8865 -0.1125
91.9785 -0.0730593
92.0705 0.0131602
92.1626 0.105598
92.2546 0.168841
92.3466 0.187392
92.4386 0.186466
92.5307 0.172947
92.6227 0.159318
92.7147 0.153106
92.8067 0.153432
92.8987 0.152359
