1.31 3.3422
1.40315 2.90816
1.4963 2.44772
1.58945 2.08343
1.6826 1.83811
1.77575 1.61718
1.86889 1.27262
1.96204 0.698671
2.05519 -0.117061
2.14834 -1.03162
2.24149 -1.77806
2.33464 -2.15003
2.42779 -2.05848
2.52094 -1.56699
2.61409 -0.856928
2.70724 -0.143034
2.80038 0.416688
2.89353 0.772418
2.98668 0.973971
3.07983 1.11366
3.17298 1.2569
3.26613 1.40078
3.35928 1.48278
3.45243 1.43185
3.54558 1.22979
3.63873 0.944947
3.73187 0.716033
3.82502 0.692081
3.91817 0.959464
4.01132 1.4946
4.10447 2.16762
4.19762 2.79499
4.29077 3.21373
4.38392 3.33954
4.47707 3.15055
4.57022 2.82607
4.66337 2.37615
4.75651 1.85384
4.84966 1.27535
4.94281 0.648805
5.03596 0.0159535
5.12911 -0.52616
5.22226 -0.845911
5.31541 -0.836627
5.40856 -0.484863
5.50171 0.0936312
5.59486 0.678883
5.688 1.03057
5.78115 0.995694
5.8743 0.587783
5.96745 -0.00498648
6.0606 -0.492664
6.15375 -0.607115
6.2469 -0.219606
6.34005 0.602959
6.4332 1.62915
6.52635 2.56484
6.6195 3.17518
6.71264 3.36825
6.80579 3.20399
6.89894 2.83233
6.99209 2.40044
7.08524 1.98253
7.17839 1.56925
7.27154 1.11652
7.36469 0.61811
7.45784 0.151135
7.55099 -0.140737
7.64413 -0.124055
7.73728 0.228656
7.83043 0.78237
7.92358 1.26494
8.01673 1.37513
8.10988 0.927462
8.20303 -0.0375911
8.29618 -1.23877
8.38933 -2.25151
8.48248 -2.67911
8.57562 -2.32007
8.66877 -1.25329
8.76192 0.199217
8.85507 1.61325
8.94822 2.63849
9.04137 3.12587
9.13452 3.14965
9.22767 2.92245
9.32082 2.6559
9.41397 2.44421
9.50712 2.23167
9.60026 1.87607
9.69341 1.26621
9.78656 0.422017
9.87971 -0.48392
9.97286 -1.19905
10.066 -1.51936
10.1592 -1.40151
10.2523 -0.992799
10.3455 -0.557532
10.4386 -0.335776
10.5318 -0.410173
10.6249 -0.655398
10.7181 -0.801993
10.8112 -0.584305
10.9044 0.105593
10.9975 1.14277
11.0906 2.2183
11.1838 2.99136
11.2769 3.26684
11.3701 3.1037
11.4632 2.79287
11.5564 2.71147
11.6495 3.12592
11.7427 4.04569
11.8358 5.20459
11.929 6.18046
12.0221 6.59104
12.1153 6.26382
12.2084 5.29185
12.3016 3.94991
12.3947 2.52219
12.4879 1.14158
12.581 -0.264902
12.6742 -1.88963
12.7673 -3.8629
12.8605 -6.08074
12.9536 -8.14804
13.0468 -9.48536
13.1399 -9.55875
13.2331 -8.12119
13.3262 -5.34002
13.4194 -1.73915
13.5125 2.01969
13.6057 5.40596
13.6988 8.19898
13.792 10.4816
13.8851 12.4546
13.9783 14.1773
14.0714 15.3908
14.1646 15.5382
14.2577 13.9977
14.3509 10.4214
14.444 5.00424
14.5372 -1.47118
14.6303 -7.86168
14.7235 -13.0697
14.8166 -16.4363
14.9098 -17.9238
15.0029 -17.9907
15.0961 -17.2188
15.1892 -15.8878
15.2824 -13.7304
15.3755 -10.0238
15.4687 -4.00535
15.5618 4.56953
15.655 14.9918
15.7481 25.5117
15.8412 33.6685
15.9344 36.9212
16.0275 33.3361
16.1207 22.0856
16.2138 3.63129
16.307 -20.3679
16.4001 -47.2619
16.4933 -73.5711
16.5864 -95.0739
16.6796 -106.967
16.7727 -104.349
16.8659 -83.2223
16.959 -41.9549
17.0522 17.1842
17.1453 87.0636
17.2385 155.969
17.3316 209.477
17.4248 233.735
17.5179 219.318
17.6111 164.46
17.7042 76.4736
17.7974 -29.3782
17.8905 -133.404
17.9837 -216.452
18.0768 -264.785
18.17 -273.311
18.2631 -246.161
18.3563 -194.539
18.4494 -132.686
18.5426 -73.4413
18.6357 -24.9177
18.7289 10.7084
18.822 36.1355
18.9152 56.3167
19.0083 75.5009
19.1015 95.1571
19.1946 113.516
19.2878 126.722
19.3809 130.925
19.4741 124.283
19.5672 107.99
19.6604 85.9145
19.7535 63.0629
19.8467 43.5857
19.9398 29.2067
20.033 18.7317
20.1261 8.81043
20.2193 -4.40744
20.3124 -23.4386
20.4056 -48.214
20.4987 -75.8943
20.5919 -101.79
20.685 -120.98
20.7781 -129.97
20.8713 -127.77
20.9644 -116.016
21.0576 -98.1842
21.1507 -78.2495
21.2439 -59.3534
21.337 -42.956
21.4302 -28.7309
21.5233 -15.147
21.6165 -0.426474
21.7096 16.5327
21.8028 35.6199
21.8959 55.5156
21.9891 74.1636
22.0822 89.4662
22.1754 99.9062
22.2685 104.868
22.3617 104.586
22.4548 99.8071
22.548 91.3594
22.6411 79.8366
22.7343 65.5153
22.8274 48.515
22.9206 29.0905
23.0137 7.8961
23.1069 -13.915
23.2 -34.8122
23.2932 -53.1847
23.3863 -67.6947
23.4795 -77.5524
23.5726 -82.6193
23.6658 -83.3244
23.7589 -80.4525
23.8521 -74.9049
23.9452 -67.5199
24.0384 -58.9966
24.1315 -49.906
24.2247 -40.7341
24.3178 -31.9003
24.411 -23.7288
24.5041 -16.3884
24.5973 -9.85213
24.6904 -3.9192
24.7836 1.68736
24.8767 7.18306
24.9699 12.6091
25.063 17.8057
25.1562 22.4942
25.2493 26.4328
25.3425 29.5684
25.4356 32.1011
25.5287 34.4154
25.6219 36.8981
25.715 39.7247
25.8082 42.7177
25.9013 45.3542
25.9945 46.9322
26.0876 46.8277
26.1808 44.73
26.2739 40.7482
26.3671 35.3442
26.4602 29.1264
26.5534 22.6083
26.6465 16.0453
26.7397 9.42594
26.8328 2.60737
26.926 -4.48587
27.0191 -11.7163
27.1123 -18.7281
27.2054 -25.0915
27.2986 -30.5251
27.3917 -35.0693
27.4849 -39.1045
27.578 -43.1766
27.6712 -47.6929
27.7643 -52.6254
27.8575 -57.3693
27.9506 -60.8458
28.0438 -61.8311
28.1369 -59.3896
28.2301 -53.2394
28.3232 -43.9001
28.4164 -32.5655
28.5095 -20.753
28.6027 -9.87448
28.6958 -0.88882
28.789 5.84864
28.8821 10.5179
28.9753 13.6179
29.0684 15.7199
29.1616 17.2983
29.2547 18.6836
29.3479 20.1154
29.441 21.819
29.5342 24.0344
29.6273 26.965
29.7205 30.6716
29.8136 34.9769
29.9068 39.4477
29.9999 43.4804
30.0931 46.4637
30.1862 47.9467
30.2794 47.7411
30.3725 45.9156
30.4656 42.6981
30.5588 38.3472
30.6519 33.0621
30.7451 26.9755
30.8382 20.2217
30.9314 13.0248
31.0245 5.73996
31.1177 -1.19559
31.2108 -7.39235
31.304 -12.6587
31.3971 -17.0905
31.4903 -21.0425
31.5834 -24.9787
31.6766 -29.2621
31.7697 -33.9767
31.8629 -38.8674
31.956 -43.4264
32.0492 -47.0898
32.1423 -49.4531
32.2355 -50.4078
32.3286 -50.139
32.4218 -48.9921
32.5149 -47.2783
32.6081 -45.1177
32.7012 -42.3936
32.7944 -38.8393
32.8875 -34.2095
32.9807 -28.4499
33.0738 -21.7807
33.167 -14.6542
33.2601 -7.60857
33.3533 -1.08745
33.4464 4.69089
33.5396 9.75931
33.6327 14.3199
33.7259 18.6025
33.819 22.7341
33.9122 26.6806
34.0053 30.2776
34.0985 33.3254
34.1916 35.6915
34.2848 37.3686
34.3779 38.4614
34.4711 39.1171
34.5642 39.4412
34.6574 39.4444
34.7505 39.0459
34.8437 38.1267
34.9368 36.6002
35.03 34.4603
35.1231 31.7839
35.2162 28.6888
35.3094 25.2748
35.4025 21.5818
35.4957 17.587
35.5888 13.2425
35.682 8.52969
35.7751 3.49918
35.8683 -1.72392
35.9614 -6.97275
36.0546 -12.0893
36.1477 -16.9653
36.2409 -21.5512
36.334 -25.8314
36.4272 -29.7803
36.5203 -33.3266
36.6135 -36.3453
36.7066 -38.6845
36.7998 -40.2108
36.8929 -40.8532
36.9861 -40.6228
37.0792 -39.6026
37.1724 -37.9165
37.2655 -35.6951
37.3587 -33.0563
37.4518 -30.1037
37.545 -26.9363
37.6381 -23.654
37.7313 -20.3494
37.8244 -17.0852
37.9176 -13.8732
38.0107 -10.6702
38.1039 -7.40248
38.197 -4.0101
38.2902 -0.492429
38.3833 3.07271
38.4765 6.55086
38.5696 9.80849
38.6628 12.7798
38.7559 15.507
38.8491 18.1289
38.9422 20.8145
39.0354 23.6704
39.1285 26.6628
39.2217 29.5972
39.3148 32.1677
39.408 34.0608
39.5011 35.066
39.5943 35.1448
39.6874 34.4262
39.7806 33.1312
39.8737 31.4646
39.9669 29.5264
40.06 27.2868
40.1531 24.6346
40.2463 21.4759
40.3394 17.8303
40.4326 13.875
40.5257 9.91175
40.6189 6.26795
40.712 3.17651
40.8052 0.687729
40.8983 -1.34706
40.9915 -3.21436
41.0846 -5.22855
41.1778 -7.62096
41.2709 -10.472
41.3641 -13.7069
41.4572 -17.1441
41.5504 -20.5655
41.6435 -23.7714
41.7367 -26.6024
41.8298 -28.9291
41.923 -30.6329
42.0161 -31.6031
42.1093 -31.76
42.2024 -31.0965
42.2956 -29.7121
42.3887 -27.8135
42.4819 -25.6683
42.575 -23.5268
42.6682 -21.5418
42.7613 -19.7246
42.8545 -17.9572
42.9476 -16.0593
43.0408 -13.8768
43.1339 -11.3526
43.2271 -8.54621
43.3202 -5.5956
43.4134 -2.64201
43.5065 0.241818
43.5997 3.08263
43.6928 5.97977
43.786 9.03317
43.8791 12.262
43.9723 15.5562
44.0654 18.6866
44.1586 21.3737
44.2517 23.3845
44.3449 24.6158
44.438 25.1269
44.5312 25.1084
44.6243 24.8021
44.7175 24.4085
44.8106 24.0189
44.9037 23.5995
44.9969 23.0273
45.09 22.1587
45.1832 20.897
45.2763 19.2339
45.3695 17.2511
45.4626 15.0894
45.5558 12.9023
45.6489 10.8157
45.7421 8.90522
45.8352 7.19415
45.9284 5.66421
46.0215 4.27078
46.1147 2.95545
46.2078 1.65504
46.301 0.309437
46.3941 -1.13023
46.4873 -2.6942
46.5804 -4.39173
46.6736 -6.21683
46.7667 -8.161
46.8599 -10.2256
46.953 -12.4236
47.0462 -14.7641
47.1393 -17.2207
47.2325 -19.6974
47.3256 -22.0101
47.4188 -23.9014
47.5119 -25.0932
47.6051 -25.3634
47.6982 -24.6228
47.7914 -22.9589
47.8845 -20.6273
47.9777 -17.9888
48.0708 -15.4116
48.164 -13.174
48.2571 -11.4004
48.3503 -10.0513
48.4434 -8.96491
48.5366 -7.92991
48.6297 -6.75715
48.7229 -5.32606
48.816 -3.5943
48.9092 -1.57819
49.0023 0.677205
49.0955 3.11907
49.1886 5.68919
49.2818 8.31171
49.3749 10.8803
49.4681 13.2596
49.5612 15.3081
49.6544 16.9142
49.7475 18.0314
49.8406 18.6921
49.9338 18.9924
50.0269 19.0509
50.1201 18.9602
50.2132 18.7531
50.3064 18.3992
50.3995 17.8343
50.4927 17.0093
50.5858 15.9337
50.679 14.6938
50.7721 13.4348
50.8653 12.3116
50.9584 11.4312
51.0516 10.8085
51.1447 10.3566
51.2379 9.91434
51.331 9.29958
51.4242 8.36852
51.5173 7.05628
51.6105 5.38628
51.7036 3.44716
51.7968 1.34989
51.8899 -0.816286
51.9831 -3.01097
52.0762 -5.2433
52.1694 -7.54734
52.2625 -9.94314
52.3557 -12.3993
52.4488 -14.8115
52.542 -17.0064
52.6351 -18.7701
52.7283 -19.8957
52.8214 -20.2338
52.9146 -19.734
53.0077 -18.4637
53.1009 -16.5988
53.194 -14.3887
53.2872 -12.1046
53.3803 -9.98644
53.4735 -8.20246
53.5666 -6.83103
53.6598 -5.86761
53.7529 -5.24916
53.8461 -4.88419
53.9392 -4.67589
54.0324 -4.53103
54.1255 -4.35581
54.2187 -4.04739
54.3118 -3.49245
54.405 -2.5809
54.4981 -1.23434
54.5912 0.56057
54.6844 2.72899
54.7775 5.1085
54.8707 7.47834
54.9638 9.61001
55.057 11.3222
55.1501 12.5203
55.2433 13.207
55.3364 13.4614
55.4296 13.3993
55.5227 13.1317
55.6159 12.7397
55.709 12.2729
55.8022 11.7665
55.8953 11.2632
55.9885 10.8226
56.0816 10.5113
56.1748 10.3746
56.2679 10.4069
56.3611 10.5352
56.4542 10.6301
56.5474 10.5418
56.6405 10.1476
56.7337 9.39069
56.8268 8.29353
56.92 6.93928
57.0131 5.43267
57.1063 3.85941
57.1994 2.26476
57.2926 0.661246
57.3857 -0.940158
57.4789 -2.49443
57.572 -3.90532
57.6652 -5.0416
57.7583 -5.78468
57.8515 -6.08878
57.9446 -6.02485
58.0378 -5.78391
58.1309 -5.63093
58.2241 -5.82216
58.3172 -6.51563
58.4104 -7.7096
58.5035 -9.23378
58.5967 -10.7977
58.6898 -12.0786
58.783 -12.8152
58.8761 -12.8758
58.9693 -12.2775
59.0624 -11.1567
59.1556 -9.70693
59.2487 -8.11281
59.3419 -6.50189
59.435 -4.92957
59.5281 -3.39367
59.6213 -1.86557
59.7144 -0.321381
59.8076 1.23909
59.9007 2.78867
59.9939 4.27981
60.087 5.65458
60.1802 6.8516
60.2733 7.80939
60.3665 8.46951
60.4596 8.78345
60.5528 8.72441
60.6459 8.30003
60.7391 7.55936
60.8322 6.58852
60.9254 5.49446
61.0185 4.38257
61.1117 3.33782
61.2048 2.41798
61.298 1.66124
61.3911 1.10284
61.4843 0.789345
61.5774 0.779958
61.6706 1.13031
61.7637 1.86438
61.8569 2.94804
61.95 4.27916
62.0432 5.70333
62.1363 7.05211
62.2295 8.1896
62.3226 9.04752
62.4158 9.6332
62.5089 10.0066
62.6021 10.237
62.6952 10.3604
62.7884 10.3577
62.8815 10.1648
62.9747 9.70916
63.0678 8.95386
63.161 7.92493
63.2541 6.70601
63.3473 5.3996
63.4404 4.07229
63.5336 2.71181
63.6267 1.22041
63.7199 -0.545712
63.813 -2.70338
63.9062 -5.26526
63.9993 -8.09376
64.0925 -10.9103
64.1856 -13.362
64.2787 -15.1246
64.3719 -16.0012
64.465 -15.9814
64.5582 -15.2356
64.6513 -14.0505
64.7445 -12.73
64.8376 -11.5024
64.9308 -10.4673
65.0239 -9.59709
65.1171 -8.78644
65.2102 -7.92065
65.3034 -6.93153
65.3965 -5.81712
65.4897 -4.62165
65.5828 -3.3912
65.676 -2.13173
65.7691 -0.793702
65.8623 0.707094
65.9554 2.44125
66.0486 4.41327
66.1417 6.53134
66.2349 8.6162
66.328 10.4487
66.4212 11.838
66.5143 12.6829
66.6075 13.0014
66.7006 12.9171
66.7938 12.6085
66.8869 12.2423
66.9801 11.9165
67.0732 11.6359
67.1664 11.1863
67.2595 10.7009
67.3527 9.99549
67.4458 9.0157
67.539 7.77676
67.6321 6.35809
67.7253 4.87719
67.8184 3.32753
67.9116 2.06387
68.0047 1.0086
68.0979 0.159389
68.191 -0.521491
68.2842 -1.08984
68.3773 -1.60386
68.4705 -2.11293
68.5636 -2.77971
68.6568 -3.37201
68.7499 -3.95319
68.8431 -4.49154
68.9362 -4.94769
69.0294 -5.28068
69.1225 -5.50814
69.2156 -5.40088
69.3088 -5.24292
69.4019 -4.94852
69.4951 -4.54673
69.5882 -4.10111
69.6814 -3.21534
69.7745 -2.66828
69.8677 -2.01427
69.9608 -1.48081
70.054 -0.979819
70.1471 -0.768575
70.2403 -0.309743
70.3334 -0.164139
70.4266 -0.386357
70.5197 -1.10836
70.6129 -1.61621
70.706 -1.85924
70.7992 -1.83932
70.8923 -1.46291
70.9855 -0.76245
71.0786 0.0554361
71.1718 0.745563
71.2649 1.20866
71.3581 1.57351
71.4512 1.89683
71.5444 2.24025
71.6375 2.48616
71.7307 2.86654
71.8238 3.32735
71.917 3.78898
72.0101 4.34186
72.1033 4.44157
72.1964 4.18767
72.2896 3.94208
72.3827 3.59612
72.4759 2.92086
72.569 2.71202
72.6622 2.69482
72.7553 2.81253
72.8485 3.373
72.9416 3.36062
73.0348 3.37581
73.1279 2.77143
73.2211 1.7869
73.3142 0.744154
73.4074 -0.243213
73.5005 -0.941296
73.5937 -1.33359
73.6868 -1.37403
73.78 -1.1307
73.8731 -0.727373
73.9662 -0.300475
74.0594 0.0403385
74.1525 0.236178
74.2457 0.283343
74.3388 0.527107
74.432 0.462179
74.5251 0.37197
74.6183 0.343521
74.7114 0.392061
74.8046 0.510485
74.8977 0.802052
74.9909 0.94767
75.084 1.10183
75.1772 1.00653
75.2703 1.12095
75.3635 1.15342
75.4566 1.08768
75.5498 0.990887
75.6429 0.684686
75.7361 0.247703
75.8292 -0.413491
75.9224 -0.931384
76.0155 -1.29736
76.1087 -1.31521
76.2018 -1.09784
76.295 -0.703132
76.3881 -0.0563953
76.4813 0.86039
76.5744 1.77647
76.6676 2.83455
76.7607 3.7039
76.8539 4.2168
76.947 4.16981
77.0402 3.73468
77.1333 3.01318
77.2265 2.06975
77.3196 1.15594
77.4128 0.29686
77.5059 -0.341847
77.5991 -0.719474
77.6922 -1.0109
77.7854 -1.07751
77.8785 -1.0854
77.9717 -1.28177
78.0648 -1.31161
78.158 -1.32325
78.2511 -1.29458
78.3443 -1.26644
78.4374 -1.14404
78.5306 -1.04905
78.6237 -0.983209
78.7169 -0.827219
78.81 -0.698615
78.9031 -0.451127
78.9963 0.0367937
79.0894 0.78673
79.1826 1.73243
79.2757 2.73031
79.3689 3.60131
79.462 4.19354
79.5552 4.3386
79.6483 4.16305
79.7415 3.67722
79.8346 3.03199
79.9278 2.34039
80.0209 1.62159
80.1141 0.681139
80.2072 0.233457
80.3004 -0.0725692
80.3935 -0.216234
80.4867 -0.101757
80.5798 0.197392
80.673 0.632809
80.7661 1.11953
80.8593 1.53111
80.9524 1.73137
81.0456 1.50601
81.1387 1.0571
81.2319 0.323119
81.325 -0.193554
81.4182 -0.623397
81.5113 -0.797406
81.6045 -0.747663
81.6976 -0.435832
81.7908 -0.0282063
81.8839 0.461955
81.9771 0.848633
82.0702 0.976152
82.1634 1.0595
82.2565 1.19622
82.3497 1.33886
82.4428 1.22398
82.536 1.04469
82.6291 0.80673
82.7223 1.0377
82.8154 0.510959
82.9086 -0.128525
83.0017 -0.756875
83.0949 -1.33139
83.188 -1.77652
83.2812 -2.04817
83.3743 -2.13857
83.4675 -2.06763
83.5606 -1.99535
83.6537 -1.69588
83.7469 -1.25553
83.84 -0.96161
83.9332 -0.376511
84.0263 0.50698
84.1195 1.07843
84.2126 1.49901
84.3058 1.73273
84.3989 1.75314
84.4921 1.5711
84.5852 1.23311
84.6784 1.00393
84.7715 0.572018
84.8647 0.140747
84.9578 -0.224318
85.051 -0.473131
85.1441 -0.33028
85.2373 -0.297144
85.3304 -0.154704
85.4236 -0.0879759
85.5167 0.206218
85.6099 0.58811
85.703 0.756881
85.7962 1.11782
85.8893 0.991326
85.9825 1.16602
86.0756 1.11753
86.1688 1.02771
86.2619 1.05625
86.3551 1.02288
86.4482 1.07707
86.5414 1.19827
86.6345 1.38953
86.7277 1.71715
86.8208 2.33252
86.914 2.52681
87.0071 2.41527
87.1003 2.36274
87.1934 2.26565
87.2866 2.02901
87.3797 1.66424
87.4729 1.18948
87.566 0.399081
87.6592 -0.117878
87.7523 -0.528225
87.8455 -0.796576
87.9386 -0.880395
88.0318 -0.674228
88.1249 -0.338173
88.2181 0.135566
88.3112 0.210771
88.4044 0.552576
88.4975 0.731706
88.5906 0.714825
88.6838 0.526866
88.7769 0.245252
88.8701 -0.02024
88.9632 -0.150788
89.0564 -0.114928
89.1495 0.035354
89.2427 0.0773282
89.3358 0.107213
89.429 -0.0434787
89.5221 -0.369841
89.6153 -0.79314
89.7084 -1.30951
89.8016 -1.55597
89.8947 -1.69658
89.9879 -1.87999
90.081 -1.58643
90.1742 -1.19996
90.2673 -0.813452
90.3605 -0.47558
90.4536 -0.12306
90.5468 0.492814
90.6399 0.956378
90.7331 1.43054
90.8262 1.63994
90.9194 1.75003
91.0125 1.69555
91.1057 1.49455
91.1988 1.21255
91.292 1.03275
91.3851 0.832365
91.4783 0.767854
91.5714 0.828377
91.6646 0.955476
91.7577 1.07313
91.8509 0.90924
91.944 0.859925
92.0372 0.811344
92.1303 0.795276
92.2235 0.825967
92.3166 0.885413
92.4098 1.05237
92.5029 1.01884
92.5961 0.828482
92.6892 0.505658
92.7824 0.126332
92.8755 -0.209609
92.9687 -0.469967
93.0618 -0.481649
93.155 -0.375251
93.2481 -0.216053
93.3412 -0.0714741
93.4344 0.0219032
93.5275 0.0732632
93.6207 0.126465
93.7138 0.228577
93.807 0.393435
93.9001 0.610431
93.9933 0.447056
94.0864 0.508582
94.1796 0.462583
94.2727 0.29302
94.3659 0.0349888
94.459 -0.125313
94.5522 -0.328495
94.6453 -0.410368
94.7385 -0.346236
94.8316 -0.155264
94.9248 0.112696
95.0179 0.274031
95.1111 0.282385
95.2042 0.594759
95.2974 0.86834
95.3905 1.12684
95.4837 1.30015
95.5768 1.30416
95.67 1.0981
95.7631 0.4004
95.8563 -0.00734088
95.9494 -0.408727
96.0426 -0.55199
96.1357 -0.373842
96.2289 -0.321439
96.322 -0.174064
96.4152 -0.126885
96.5083 -0.0679403
96.6015 -0.0160285
