1.35 -0.84445
1.45 -0.98112
1.55 -0.570588
1.65 0.0449076
1.75 0.509407
1.85 1.29438
1.95 1.86332
2.05 2.22367
2.15 2.29803
2.25 2.03172
2.35 2.08081
2.45 2.5668
2.55 3.05708
2.65 3.05257
2.75 2.60278
2.85 2.09855
2.95 1.92442
3.05 1.81867
3.15 1.78894
3.25 1.77867
3.35 1.87726
3.45 2.0691
3.55 2.11867
3.65 1.94748
3.75 0.987204
3.85 -0.229502
3.95 -1.22271
4.05 -1.50353
4.15 -1.31182
4.25 -1.15082
4.35 -0.766407
4.45 -0.179097
4.55 0.00239494
4.65 -0.0939941
4.75 0.102209
4.85 0.61319
4.95 1.17484
5.05 1.53866
5.15 1.80739
5.25 1.82402
5.35 1.60106
5.45 1.15106
5.55 0.698268
5.65 0.398322
5.75 0.498736
5.85 0.81304
5.95 1.16478
6.05 1.52008
6.15 1.6987
6.25 1.491
6.35 1.14673
6.45 0.47917
6.55 -0.108861
6.65 -0.0183318
6.75 0.392348
6.85 0.789736
6.95 1.46052
7.05 2.38161
7.15 3.24383
7.25 3.8603
7.35 3.84374
7.45 3.04767
7.55 1.8487
7.65 0.749543
7.75 -0.200142
7.85 -0.83412
7.95 -1.0902
8.05 -0.823899
8.15 -0.166533
8.25 0.767878
8.35 1.65916
8.45 2.26757
8.55 2.52818
8.65 2.55005
8.75 2.45268
8.85 2.17585
8.95 1.64643
9.05 0.89242
9.15 0.434028
9.25 0.575305
9.35 0.72121
9.45 0.47971
9.55 0.128012
9.65 -0.486151
9.75 -1.13143
9.85 -1.61743
9.95 -1.79888
10.05 -1.62618
10.15 -1.46739
10.25 -1.38667
10.35 -0.979336
10.45 0.0119039
10.55 1.34973
10.65 2.75131
10.75 3.96319
10.85 5.07363
10.95 5.75286
11.05 5.65701
11.15 4.8532
11.25 3.57038
11.35 1.92805
11.45 0.293885
11.55 -0.642408
11.65 -0.963662
11.75 -1.00855
11.85 -1.03683
11.95 -0.76586
12.05 -0.173794
12.15 0.725428
12.25 1.64763
12.35 2.51533
12.45 3.302
12.55 3.6091
12.65 3.23683
12.75 2.31576
12.85 1.18186
12.95 0.182331
13.05 -0.180254
13.15 0.0853994
13.25 0.809279
13.35 1.57077
13.45 1.75364
13.55 1.48097
13.65 1.54824
13.75 1.67457
13.85 1.49898
13.95 1.08629
14.05 0.667983
14.15 0.612649
14.25 0.928034
14.35 1.48031
14.45 1.97335
14.55 2.29985
14.65 2.3056
14.75 2.23221
14.85 2.02839
14.95 1.52431
15.05 0.751301
15.15 0.0527367
15.25 -0.145539
15.35 -0.183553
15.45 -0.386672
15.55 -0.758038
15.65 -1.0012
15.75 -0.930466
15.85 -0.698833
15.95 -0.177355
16.05 0.567068
16.15 1.37304
16.25 2.37983
16.35 3.55868
16.45 4.21016
16.55 4.14717
16.65 3.53314
16.75 2.43551
16.85 0.668013
16.95 -1.34167
17.05 -2.87145
17.15 -3.93098
17.25 -4.58329
17.35 -4.39677
17.45 -3.10626
17.55 -0.576522
17.65 3.00766
17.75 6.80831
17.85 10.204
17.95 12.4041
18.05 12.8027
18.15 11.3973
18.25 8.47366
18.35 4.37007
18.45 -1.06095
18.55 -7.29604
18.65 -12.9407
18.75 -16.7518
18.85 -17.7402
18.95 -15.7236
19.05 -11.1932
19.15 -4.86852
19.25 2.34301
19.35 9.7576
19.45 16.2096
19.55 20.5886
19.65 22.0435
19.75 20.2377
19.85 15.4141
19.95 8.67303
20.05 1.03887
20.15 -6.0835
20.25 -11.6072
20.35 -14.3912
20.45 -14.3564
20.55 -12.448
20.65 -9.08354
20.75 -4.5112
20.85 0.410258
20.95 4.74432
21.05 7.85613
21.15 8.95696
21.25 7.88308
21.35 4.89782
21.45 -0.12701
21.55 -6.11491
21.65 -11.5781
21.75 -15.2647
21.85 -16.2367
21.95 -13.7301
22.05 -8.14481
22.15 -0.46508
22.25 7.6324
22.35 14.9057
22.45 20.6254
22.55 23.9403
22.65 24.6161
22.75 22.8593
22.85 19.0723
22.95 13.8584
23.05 7.70041
23.15 0.805939
23.25 -6.3544
23.35 -12.908
23.45 -17.6361
23.55 -19.632
23.65 -18.4844
23.75 -14.9196
23.85 -9.62703
23.95 -4.39592
24.05 -0.63534
24.15 1.34697
24.25 1.86825
24.35 1.61846
24.45 1.55926
24.55 2.63478
24.65 5.20074
24.75 9.00643
24.85 14.1048
24.95 19.6924
25.05 24.0516
25.15 25.1128
25.25 20.9352
25.35 9.26009
25.45 -11.4187
25.55 -40.5121
25.65 -73.3722
25.75 -100.213
25.85 -110.611
25.95 -100.025
26.05 -69.4993
26.15 -20.9238
26.25 43.8294
26.35 115.587
26.45 176.707
26.55 211.725
26.65 215.418
26.75 179.668
26.85 91.8675
26.95 -36.9267
27.05 -163.685
27.15 -240.947
27.25 -262.28
27.35 -247.91
27.45 -203.799
27.55 -140.832
27.65 -77.7555
27.75 -29.0597
27.85 3.65004
27.95 25.3233
28.05 38.8381
28.15 49.1033
28.25 61.3474
28.35 78.7052
28.45 100.139
28.55 120.204
28.65 131.817
28.75 130.765
28.85 116.532
28.95 92.851
29.05 64.6699
29.15 35.3486
29.25 5.91188
29.35 -24.3463
29.45 -57.1625
29.55 -91.6442
29.65 -122.159
29.75 -141.941
29.85 -146.595
29.95 -136.847
30.05 -114.734
30.15 -86.4388
30.25 -60.574
30.35 -41.5664
30.45 -29.1734
30.55 -20.4831
30.65 -11.6906
30.75 0.410012
30.85 18.3126
30.95 42.5022
31.05 70.2462
31.15 95.2557
31.25 112.112
31.35 117.869
31.45 111.747
31.55 96.055
31.65 76.8202
31.75 58.5591
31.85 42.3423
31.95 27.1422
32.05 11.7466
32.15 -4.44225
32.25 -20.9445
32.35 -36.0756
32.45 -48.7477
32.55 -59.0316
32.65 -67.1042
32.75 -72.8858
32.85 -76.3838
32.95 -77.5536
33.05 -75.9935
33.15 -70.8085
33.25 -61.9393
33.35 -50.5054
33.45 -37.9146
33.55 -25.7251
33.65 -14.9097
33.75 -5.31556
33.85 3.40116
33.95 11.6136
34.05 19.5724
34.15 27.2817
34.25 33.9642
34.35 38.7946
34.45 41.5247
34.55 43.0192
34.65 44.5194
34.75 46.7292
34.85 49.1879
34.95 50.8823
35.05 51.3479
35.15 49.5527
35.25 44.8447
35.35 37.6933
35.45 29.1739
35.55 20.4042
35.65 12.1488
35.75 4.22548
35.85 -4.29186
35.95 -13.738
36.05 -23.7714
36.15 -33.7899
36.25 -42.3348
36.35 -48.2531
36.45 -50.7008
36.55 -49.7324
36.65 -47.2035
36.75 -45.3115
36.85 -44.8036
36.95 -44.892
37.05 -44.7542
37.15 -43.3299
37.25 -39.6401
37.35 -33.503
37.45 -26.076
37.55 -18.6038
37.65 -11.5153
37.75 -4.87736
37.85 1.30397
37.95 7.41501
38.05 13.7211
38.15 20.0529
38.25 25.9634
38.35 30.8406
38.45 34.8044
38.55 38.2651
38.65 41.0726
38.75 43.3185
38.85 45.3564
38.95 47.0228
39.05 47.7529
39.15 46.9232
39.25 44.4294
39.35 40.472
39.45 35.4743
39.55 29.7807
39.65 23.9111
39.75 17.8082
39.85 11.4707
39.95 5.09611
40.05 -1.29099
40.15 -7.92627
40.25 -14.9027
40.35 -21.9171
40.45 -28.993
40.55 -35.5924
40.65 -41.5132
40.75 -46.899
40.85 -51.321
40.95 -54.0986
41.05 -54.6753
41.15 -53.0778
41.25 -50.2419
41.35 -46.7188
41.45 -42.9032
41.55 -39.0411
41.65 -34.8354
41.75 -30.0295
41.85 -24.5182
41.95 -18.2125
42.05 -10.8458
42.15 -2.99535
42.25 4.52187
42.35 10.9263
42.45 16.3691
42.55 21.016
42.65 25.4002
42.75 29.6893
42.85 33.6667
42.95 36.9362
43.05 39.3321
43.15 40.9725
43.25 41.8978
43.35 42.2447
43.45 41.918
43.55 41.1143
43.65 39.9287
43.75 38.3165
43.85 36.1362
43.95 33.3106
44.05 29.76
44.15 25.3032
44.25 20.0255
44.35 14.3269
44.45 8.03429
44.55 1.48194
44.65 -4.55831
44.75 -10.0214
44.85 -15.3938
44.95 -20.5659
45.05 -24.983
45.15 -28.7636
45.25 -32.5752
45.35 -36.6178
45.45 -40.5009
45.55 -43.4155
45.65 -45.1303
45.75 -45.5237
45.85 -44.677
45.95 -42.5642
46.05 -39.161
46.15 -34.7676
46.25 -29.9854
46.35 -25.6051
46.45 -21.4791
46.55 -17.0698
46.65 -12.1936
46.75 -7.2342
46.85 -2.69339
46.95 1.34684
47.05 5.0462
47.15 8.53482
47.25 11.8236
47.35 14.7607
47.45 17.3881
47.55 19.7104
47.65 21.9129
47.75 24.2664
47.85 26.7291
47.95 28.7866
48.05 30.4019
48.15 31.9747
48.25 33.4163
48.35 34.3483
48.45 34.4423
48.55 33.6489
48.65 32.3472
48.75 30.6031
48.85 28.1394
48.95 24.8985
49.05 20.8076
49.15 16.2179
49.25 11.6117
49.35 7.53465
49.45 3.82562
49.55 0.174809
49.65 -3.87881
49.75 -8.15
49.85 -12.077
49.95 -15.0479
50.05 -17.2561
50.15 -19.3531
50.25 -22.0741
50.35 -24.9415
50.45 -27.4968
50.55 -29.5298
50.65 -30.3695
50.75 -30.143
50.85 -29.6254
50.95 -28.9012
51.05 -27.7513
51.15 -26.4671
51.25 -25.3023
51.35 -24.6725
51.45 -24.4967
51.55 -23.5377
51.65 -21.1789
51.75 -17.7169
51.85 -13.4122
51.95 -8.83015
52.05 -4.0949
52.15 0.710558
52.25 5.44864
52.35 9.68233
52.45 13.0461
52.55 15.4771
52.65 17.6291
52.75 19.9895
52.85 22.5126
52.95 24.8272
53.05 26.9233
53.15 28.8255
53.25 30.3633
53.35 31.2892
53.45 31.2804
53.55 30.2839
53.65 28.6038
53.75 26.4929
53.85 24.228
53.95 21.5603
54.05 18.2527
54.15 14.5852
54.25 10.896
54.35 7.55248
54.45 4.47204
54.55 1.63941
54.65 -0.616442
54.75 -2.24226
54.85 -3.82681
54.95 -5.4281
55.05 -6.74537
55.15 -7.94213
55.25 -9.31315
55.35 -11.0459
55.45 -13.0294
55.55 -14.8954
55.65 -16.5444
55.75 -17.9644
55.85 -19.645
55.95 -21.6642
56.05 -23.7758
56.15 -24.9566
56.25 -24.661
56.35 -23.5824
56.45 -22.2718
56.55 -20.9979
56.65 -19.9161
56.75 -18.4062
56.85 -15.8868
56.95 -12.7082
57.05 -9.24488
57.15 -5.9303
57.25 -2.8404
57.35 -0.101493
57.45 2.35331
57.55 4.55525
57.65 6.43087
57.75 8.4493
57.85 10.7183
57.95 13.1986
58.05 15.6827
58.15 18.1503
58.25 20.0601
58.35 21.6471
58.45 22.8995
58.55 23.6119
58.65 23.6408
58.75 22.5167
58.85 20.488
58.95 18.2626
59.05 16.0851
59.15 14.1244
59.25 12.5189
59.35 11.4847
59.45 10.5788
59.55 10.0621
59.65 9.63168
59.75 8.84608
59.85 7.67326
59.95 5.97493
60.05 4.04757
60.15 1.87512
60.25 -0.189097
60.35 -2.23603
60.45 -4.39478
60.55 -6.32563
60.65 -7.81287
60.75 -9.35528
60.85 -10.9984
60.95 -12.5818
61.05 -13.9523
61.15 -15.2251
61.25 -16.4494
61.35 -17.2977
61.45 -17.3408
61.55 -17.0163
61.65 -16.9568
61.75 -17.007
61.85 -16.8428
61.95 -15.9292
62.05 -14.1816
62.15 -11.8236
62.25 -9.07922
62.35 -6.06629
62.45 -3.2306
62.55 -0.656128
62.65 1.75476
62.75 3.73483
62.85 4.97132
62.95 5.38151
63.05 5.57548
63.15 6.02007
63.25 6.6644
63.35 7.30207
63.45 7.79028
63.55 8.13124
63.65 8.60626
63.75 9.20679
63.85 9.59802
63.95 9.90655
64.05 10.4342
64.15 11.4451
64.25 12.7297
64.35 13.7156
64.45 13.7876
64.55 12.9691
64.65 11.7358
64.75 10.8352
64.85 10.2876
64.95 9.90077
65.05 9.46604
65.15 8.83221
65.25 8.20587
65.35 7.70495
65.45 6.9182
65.55 5.53716
65.65 3.79975
65.75 2.11822
65.85 0.629967
65.95 -0.859235
66.05 -2.46951
66.15 -4.13206
66.25 -5.86149
66.35 -7.39411
66.45 -8.18775
66.55 -8.26009
66.65 -7.48342
66.75 -6.32737
66.85 -5.50599
66.95 -5.48687
67.05 -6.79157
67.15 -8.9374
67.25 -11.1124
67.35 -13.1761
67.45 -14.9675
67.55 -15.982
67.65 -15.5127
67.75 -13.6505
67.85 -11.5354
67.95 -9.92666
68.05 -8.79625
68.15 -7.5248
68.25 -5.57977
68.35 -2.81699
68.45 0.554298
68.55 3.73983
68.65 7.60209
68.75 11.0895
68.85 13.3798
68.95 14.4575
69.05 14.6961
69.15 14.3501
69.25 13.7466
69.35 12.6354
69.45 11.3209
69.55 10.041
69.65 8.30918
69.75 6.4341
69.85 4.20894
69.95 1.61088
70.05 -0.486308
70.15 -1.89358
70.25 -2.52398
70.35 -2.30908
70.45 -0.992288
70.55 0.862389
70.65 2.67023
70.75 3.939
70.85 5.13323
70.95 6.52591
71.05 7.75489
71.15 8.12866
71.25 8.46556
71.35 8.5059
71.45 8.53261
71.55 8.22552
71.65 7.51065
71.75 6.406
71.85 5.28217
71.95 3.992
72.05 2.59279
72.15 0.837318
72.25 -1.82295
72.35 -4.76055
72.45 -7.19064
72.55 -8.99445
72.65 -10.6521
72.75 -12.2438
72.85 -13.3866
72.95 -13.7472
73.05 -13.3301
73.15 -12.3914
73.25 -10.9787
73.35 -9.47126
73.45 -8.24607
73.55 -7.15965
73.65 -6.14838
73.75 -5.49173
73.85 -5.0788
73.95 -4.42734
74.05 -3.19042
74.15 -1.5802
74.25 0.334436
74.35 2.51197
74.45 4.47211
74.55 6.01952
74.65 7.32939
74.75 8.75214
74.85 10.3498
74.95 11.2708
75.05 11.8919
75.15 11.7779
75.25 11.0735
75.35 10.2187
75.45 9.20872
75.55 8.6411
75.65 8.51576
75.75 8.86329
75.85 9.22623
75.95 8.84139
76.05 7.97724
76.15 6.59319
76.25 5.13891
76.35 3.64813
76.45 2.0949
76.55 0.902911
76.65 -0.259853
76.75 -1.22226
76.85 -1.85271
76.95 -2.4098
77.05 -3.24687
77.15 -3.976
77.25 -5.0471
77.35 -6.01548
77.45 -6.9943
77.55 -7.96277
77.65 -9.03266
77.75 -9.61214
77.85 -9.40653
77.95 -8.79522
78.05 -7.6439
78.15 -6.2227
78.25 -4.45822
78.35 -2.96845
78.45 -1.52738
78.55 -0.52117
78.65 -0.0874156
78.75 0.0128296
78.85 0.249821
78.95 0.941052
79.05 2.29503
79.15 3.22719
79.25 3.92349
79.35 4.2306
79.45 4.37441
79.55 4.34574
79.65 4.2807
79.75 4.05062
79.85 3.65819
79.95 3.3014
80.05 3.06
80.15 2.6808
80.25 2.40855
80.35 2.2144
80.45 2.29139
80.55 2.0356
80.65 2.23385
80.75 2.40663
80.85 2.54469
80.95 2.79424
81.05 3.00078
81.15 3.27971
81.25 3.14198
81.35 2.27795
81.45 1.75178
81.55 1.07615
81.65 0.439273
81.75 0.355627
81.85 0.133828
81.95 -0.38552
82.05 -1.12643
82.15 -1.90164
82.25 -2.68806
82.35 -3.49303
82.45 -4.09803
82.55 -3.98991
82.65 -3.51458
82.75 -2.87273
82.85 -1.96471
82.95 -0.632745
83.05 0.540328
83.15 1.45876
83.25 2.21954
83.35 2.9116
83.45 3.25296
83.55 3.19482
83.65 2.95042
83.75 2.65331
83.85 2.53728
83.95 2.34325
84.05 1.73617
84.15 0.854804
84.25 -0.120312
84.35 -1.35963
84.45 -2.42851
84.55 -3.27641
84.65 -3.79467
84.75 -4.22559
84.85 -4.04633
84.95 -3.55885
85.05 -2.92827
85.15 -1.9359
85.25 -0.542852
85.35 0.782347
85.45 1.96405
85.55 2.96561
85.65 3.56119
85.75 3.55878
85.85 2.97547
85.95 2.44254
86.05 2.22751
86.15 1.89085
86.25 1.58269
86.35 1.52681
86.45 1.71688
86.55 1.85252
86.65 1.65812
86.75 1.44318
86.85 1.16931
86.95 0.849102
87.05 0.50349
87.15 0.0360342
87.25 -0.517744
87.35 -1.12806
87.45 -1.67175
87.55 -2.11683
87.65 -2.27815
87.75 -2.42793
87.85 -2.42532
87.95 -2.14677
88.05 -1.53836
88.15 -0.499549
88.25 0.49225
88.35 1.3003
88.45 1.9218
88.55 2.40397
88.65 2.68615
88.75 3.22338
88.85 3.02701
88.95 2.57154
89.05 1.83533
89.15 0.953273
89.25 0.12426
89.35 -0.430747
89.45 -0.952337
89.55 -1.19328
89.65 -1.09343
89.75 -0.769836
89.85 -0.392571
89.95 -0.272313
90.05 -0.332797
90.15 -0.337135
90.25 -0.30593
90.35 -0.31768
90.45 -0.12762
90.55 0.524113
90.65 1.02723
90.75 1.06246
90.85 0.835027
90.95 0.58863
91.05 0.383748
91.15 0.04081
91.25 -0.439739
91.35 -0.953039
91.45 -1.1884
91.55 -1.14673
91.65 -1.07845
91.75 -1.06599
91.85 -1.02717
91.95 -1.12869
92.05 -1.03654
92.15 -0.738876
92.25 -0.363725
92.35 0.185184
92.45 0.496144
92.55 0.667456
92.65 0.548747
92.75 0.442938
92.85 0.486356
92.95 0.670503
93.05 0.88094
93.15 1.05366
93.25 1.38187
93.35 2.01843
93.45 2.48053
93.55 2.72282
93.65 2.59875
93.75 2.0457
93.85 1.24796
93.95 0.517779
94.05 -0.00548078
94.15 -0.206085
94.25 -0.429592
94.35 -0.576561
94.45 -0.601328
94.55 -0.750879
94.65 -0.806818
94.75 -0.89666
94.85 -0.979988
94.95 -0.924624
95.05 -0.718929
95.15 -0.542721
95.25 -0.205888
95.35 0.335276
95.45 0.884731
95.55 1.24594
95.65 1.37946
95.75 1.30963
95.85 1.07801
95.95 0.609389
96.05 0.319614
96.15 0.106245
96.25 -0.310894
96.35 -0.26913
96.45 -0.517464
96.55 -0.612333
96.65 -0.79647
96.75 -0.805969
96.85 -0.808004
96.95 -0.772524
97.05 -0.676155
97.15 -0.513922
97.25 -0.301118
97.35 -0.0595182
97.45 0.121835
97.55 0.204294
97.65 0.226021
97.75 0.28741
97.85 0.387512
97.95 0.480757
98.05 0.571594
98.15 0.624142
98.25 0.62699
98.35 0.404969
98.45 0.407128
98.55 0.324378
98.65 0.207554
98.75 0.19994
98.85 0.182152
98.95 0.147381
99.05 0.134989
99.15 0.134989
99.25 0.134989
99.35 0.134989
99.45 0.134989
99.55 0.134989
99.65 0.134989
99.75 0.134989
99.85 0.134989
99.95 0.134989
100.05 0.134989
100.15 0.134989
100.25 0.134989
100.35 0.134989
100.45 0.134989
100.55 0.134989
100.65 0.134989
100.75 0.134989
100.85 0.134989
100.95 0.134989
101.05 0.134989
101.15 0.134989
101.25 0.134989
101.35 0.134989
101.45 0.134989
101.55 0.134989
101.65 0.134989
101.75 0.134989
101.85 0.134989
101.95 0.134989
102.05 0.134989
102.15 0.134989
102.25 0.134989
102.35 0.134989
102.45 0.134989
102.55 0.134989
102.65 0.134989
102.75 0.134989
102.85 0.134989
102.95 0.134989
103.05 0.134989
103.15 0.134989
103.25 0.134989
103.35 0.134989
103.45 0.134989
103.55 0.134989
103.65 0.134989
