-1.24 2.18855
-1.14798 1.35883
-1.05596 0.29813
-0.963933 -0.847136
-0.871911 -1.89069
-0.779889 -2.65159
-0.687867 -3.00421
-0.595844 -2.78701
-0.503822 -2.27525
-0.4118 -1.53605
-0.319778 -0.706766
-0.227755 0.11248
-0.135733 0.879355
-0.0437109 1.59552
0.0483113 2.26733
0.140334 2.864
0.232356 3.299
0.324378 3.44923
0.4164 3.20664
0.508422 2.53857
0.600445 1.52616
0.692467 0.358527
0.784489 -0.718784
0.876511 -1.48087
0.968534 -1.79348
1.06056 -1.64742
1.15258 -1.1464
1.2446 -0.459656
1.33662 0.235092
1.42864 0.792298
1.52067 1.11129
1.61269 1.12795
1.70471 0.804795
1.79673 0.137319
1.88876 -0.820361
1.98078 -1.92634
2.0728 -2.9445
2.16482 -3.58162
2.25684 -3.56795
2.34887 -2.75573
2.44089 -1.19409
2.53291 0.857539
2.62493 2.99154
2.71696 4.77066
2.80898 5.8576
2.901 6.10488
2.99302 5.57202
3.08505 4.47049
3.17707 3.06828
3.26909 1.60001
3.36111 0.219477
3.45313 -0.995443
3.54516 -2.00438
3.63718 -2.76642
3.7292 -3.23062
3.82122 -3.36053
3.91325 -3.17337
4.00527 -2.76234
4.09729 -2.27872
4.18931 -1.87512
4.28133 -1.63662
4.37336 -1.53868
4.46538 -1.4594
4.5574 -1.24526
4.64942 -0.798764
4.74145 -0.141056
4.83347 0.586981
4.92549 1.19003
5.01751 1.51851
5.10953 1.55105
5.20156 1.41332
5.29358 1.31981
5.3856 1.4661
5.47762 1.92678
5.56965 2.613
5.66167 3.31266
5.75369 3.7928
5.84571 3.90993
5.93773 3.66949
6.02976 3.20353
6.12178 2.68005
6.2138 2.19606
6.30582 1.71605
6.39785 1.09343
6.48987 0.166354
6.58189 -1.1228
6.67391 -2.65116
6.76593 -4.12848
6.85796 -5.1998
6.94998 -5.58991
7.042 -5.2191
7.13402 -4.23339
7.22605 -2.9357
7.31807 -1.65467
7.41009 -0.616888
7.50211 0.11745
7.59413 0.632698
7.68616 1.07371
7.77818 1.55385
7.8702 2.10671
7.96222 2.70064
8.05425 3.29341
8.14627 3.87831
8.23829 4.48024
8.33031 5.09572
8.42233 5.6144
8.51436 5.7825
8.60638 5.25475
8.6984 3.73464
8.79042 1.14739
8.88245 -2.24088
8.97447 -5.83101
9.06649 -8.84264
9.15851 -10.5565
9.25053 -10.5442
9.34256 -8.78611
9.43458 -5.62772
9.5266 -1.60932
9.61862 2.73884
9.71065 7.02837
9.80267 11.0119
9.89469 14.4704
9.98671 17.0781
10.0787 18.3544
10.1708 17.7653
10.2628 14.9474
10.3548 9.94829
10.4468 3.34565
10.5388 -3.84393
10.6309 -10.4552
10.7229 -15.5451
10.8149 -18.6748
10.9069 -19.9648
10.999 -19.8948
11.091 -18.9453
11.183 -17.2654
11.275 -14.543
11.367 -10.1588
11.4591 -3.56418
11.5511 5.28604
11.6431 15.6459
11.7351 25.9655
11.8272 34.1568
11.9192 38.0262
12.0112 35.7181
12.1032 26.0607
12.1952 8.80211
12.2873 -15.1952
12.3793 -43.7361
12.4713 -73.0858
12.5633 -97.953
12.6554 -111.93
12.7474 -108.594
12.8394 -83.2547
12.9314 -34.9537
13.0234 31.9285
13.1155 107.247
13.2075 176.373
13.2995 223.211
13.3915 234.304
13.4836 202.869
13.5756 131.413
13.6676 31.9013
13.7596 -76.8066
13.8516 -173.652
13.9437 -240.806
14.0357 -268.16
14.1277 -255.456
14.2197 -211.448
14.3118 -150.476
14.4038 -87.6989
14.4958 -34.6459
14.5878 3.4674
14.6798 27.9286
14.7719 44.4282
14.8639 59.6904
14.9559 78.233
15.0479 100.483
15.14 122.847
15.232 139.516
15.324 145.122
15.416 137.079
15.508 116.653
15.6001 88.393
15.6921 58.2465
15.7841 31.2247
15.8761 9.61965
15.9682 -7.49299
16.0602 -23.3086
16.1522 -41.368
16.2442 -63.5196
16.3362 -88.6691
16.4283 -112.865
16.5203 -130.687
16.6123 -137.359
16.7043 -130.684
16.7964 -112.008
16.8884 -85.7998
16.9804 -58.0288
17.0724 -34.0218
17.1644 -16.6579
17.2565 -5.61716
17.3485 2.06674
17.4405 10.4413
17.5325 22.7495
17.6246 40.0114
17.7166 60.6201
17.8086 81.0446
17.9006 97.2616
17.9926 106.266
18.0847 107.027
18.1767 100.558
18.2687 89.1668
18.3607 75.3217
18.4528 60.6795
18.5448 45.6882
18.6368 29.8738
18.7288 12.582
18.8208 -6.24865
18.9129 -25.6837
19.0049 -43.9445
19.0969 -59.0155
19.1889 -69.3877
19.281 -74.5761
19.373 -75.1835
19.465 -72.5191
19.557 -67.9958
19.649 -62.6123
19.7411 -56.7501
19.8331 -50.3291
19.9251 -43.1767
20.0171 -35.3654
20.1092 -27.3216
20.2012 -19.6553
20.2932 -12.8311
20.3852 -6.89318
20.4772 -1.42254
20.5693 4.22879
20.6613 10.5483
20.7533 17.5342
20.8453 24.6189
20.9374 30.9035
21.0294 35.5903
21.1214 38.3897
21.2134 39.6794
21.3054 40.3249
21.3975 41.2433
21.4895 42.9308
21.5815 45.1957
21.6735 47.2322
21.7656 47.9944
21.8576 46.6738
21.9496 43.0354
22.0416 37.4481
22.1336 30.611
22.2257 23.1429
22.3177 15.2737
22.4097 6.81585
22.5017 -2.56437
22.5938 -12.9297
22.6858 -23.7548
22.7778 -33.9135
22.8698 -42.0193
22.9618 -46.9758
23.0539 -48.4726
23.1459 -47.1695
23.2379 -44.4579
23.3299 -41.894
23.422 -40.5605
23.514 -40.6541
23.606 -41.485
23.698 -41.8749
23.79 -40.75
23.8821 -37.6357
23.9741 -32.8216
24.0661 -27.1358
24.1581 -21.467
24.2502 -16.2907
24.3422 -11.4454
24.4342 -6.26762
24.5262 -0.00521963
24.6182 7.70971
24.7103 16.5744
24.8023 25.6601
24.8943 33.7623
24.9863 39.882
25.0784 43.6018
25.1704 45.1881
25.2624 45.3875
25.3544 45.0409
25.4464 44.712
25.5385 44.5051
25.6305 44.1322
25.7225 43.1622
25.8145 41.2947
25.9066 38.5104
25.9986 35.03
26.0906 31.1287
26.1826 26.9307
26.2746 22.3122
26.3667 16.9733
26.4587 10.6392
26.5507 3.27566
26.6427 -4.80154
26.7348 -12.9882
26.8268 -20.5926
26.9188 -27.0721
27.0108 -32.1886
27.1028 -36.0121
27.1949 -38.7894
27.2869 -40.7643
27.3789 -42.0536
27.4709 -42.642
27.563 -42.4839
27.655 -41.6311
27.747 -40.2946
27.839 -38.7848
27.931 -37.3548
28.0231 -36.0333
28.1151 -34.5518
28.2071 -32.4262
28.2991 -29.1691
28.3912 -24.5362
28.4832 -18.6822
28.5752 -12.1413
28.6672 -5.63411
28.7592 0.211105
28.8513 5.0904
28.9433 9.10171
29.0353 12.6377
29.1273 16.1552
29.2194 19.9418
29.3114 23.9912
29.4034 28.0404
29.4954 31.7324
29.5874 34.8053
29.6795 37.2048
29.7715 39.0628
29.8635 40.5634
29.9555 41.7818
30.0476 42.5907
30.1396 42.6912
30.2316 41.7514
30.3236 39.5785
30.4156 36.2277
30.5077 31.9911
30.5997 27.2744
30.6917 22.4291
30.7837 17.6317
30.8758 12.8713
30.9678 8.0423
31.0598 3.0832
31.1518 -1.92651
31.2438 -6.76937
31.3359 -11.1932
31.4279 -15.053
31.5199 -18.4056
31.6119 -21.4929
31.704 -24.6142
31.796 -27.9491
31.888 -31.4281
31.98 -34.7224
32.072 -37.3678
32.1641 -38.9611
32.2561 -39.331
32.3481 -38.5949
32.4401 -37.0739
32.5322 -35.1128
32.6242 -32.9031
32.7162 -30.4058
32.8082 -27.4156
32.9002 -23.7318
32.9923 -19.3418
33.0843 -14.5136
33.1763 -9.73935
33.2683 -5.55065
33.3604 -2.29476
33.4524 0.0169798
33.5444 1.71125
33.6364 3.30308
33.7284 5.2677
33.8205 7.84403
33.9125 10.961
34.0045 14.3128
34.0965 17.5334
34.1886 20.3739
34.2806 22.7921
34.3726 24.9139
34.4646 26.9002
34.5566 28.8
34.6487 30.4784
34.7407 31.6597
34.8327 32.0657
34.9247 31.5713
35.0168 30.292
35.1088 28.5504
35.2008 26.7357
35.2928 25.1262
35.3848 23.7615
35.4769 22.4317
35.5689 20.7853
35.6609 18.5014
35.7529 15.4426
35.845 11.7152
35.937 7.61608
36.029 3.50078
36.121 -0.357628
36.213 -3.8499
36.3051 -7.02196
36.3971 -9.99421
36.4891 -12.8621
36.5811 -15.6339
36.6732 -18.2334
36.7652 -20.5565
36.8572 -22.5369
36.9492 -24.1783
37.0412 -25.5328
37.1333 -26.6402
37.2253 -27.4727
37.3173 -27.9244
37.4093 -27.8611
37.5014 -27.2073
37.5934 -26.0222
37.6854 -24.5151
37.7774 -22.9815
37.8695 -21.6831
37.9615 -20.7269
38.0535 -20.0026
38.1455 -19.2128
38.2375 -17.985
38.3296 -16.0145
38.4216 -13.1754
38.5136 -9.5536
38.6056 -5.39424
38.6977 -0.999658
38.7897 3.36935
38.8817 7.54303
38.9737 11.4299
39.0657 14.9645
39.1578 18.0579
39.2498 20.5875
39.3418 22.4362
39.4338 23.5562
39.5259 24.019
39.6179 24.0141
39.7099 23.7939
39.8019 23.5852
39.8939 23.5145
39.986 23.5827
40.078 23.6995
40.17 23.7534
40.262 23.674
40.3541 23.4487
40.4461 23.0826
40.5381 22.5299
40.6301 21.6422
40.7221 20.1795
40.8142 17.8942
40.9062 14.6585
40.9982 10.5738
41.0902 6.00001
41.1823 1.47668
41.2743 -2.44475
41.3663 -5.3917
41.4583 -7.30344
41.5503 -8.44681
41.6424 -9.30532
41.7344 -10.3868
41.8264 -12.0293
41.9184 -14.2838
42.0105 -16.9152
42.1025 -19.5127
42.1945 -21.6548
42.2865 -23.0572
42.3785 -23.6485
42.4706 -23.5548
42.5626 -23.0153
42.6546 -22.2753
42.7466 -21.5038
42.8387 -20.7611
42.9307 -20.0151
43.0227 -19.1847
43.1147 -18.1826
43.2067 -16.9418
43.2988 -15.4229
43.3908 -13.6129
43.4828 -11.5241
43.5748 -9.19746
43.6669 -6.7034
43.7589 -4.13141
43.8509 -1.56587
43.9429 0.943832
44.0349 3.40224
44.127 5.86089
44.219 8.38208
44.311 10.9873
44.403 13.6158
44.4951 16.1188
44.5871 18.2987
44.6791 19.9798
44.7711 21.08
44.8631 21.647
44.9552 21.8375
45.0472 21.846
45.1392 21.8128
45.2312 21.755
45.3233 21.5535
45.4153 21.0062
45.5073 19.9231
45.5993 18.2225
45.6913 15.9846
45.7834 13.4376
45.8754 10.8841
45.9674 8.59825
46.0594 6.7383
46.1515 5.30686
46.2435 4.17076
46.3355 3.12521
46.4275 1.97165
46.5195 0.577899
46.6116 -1.09741
46.7036 -3.01568
46.7956 -5.08947
46.8876 -7.21476
46.9797 -9.29096
47.0717 -11.2266
47.1637 -12.9377
47.2557 -14.3475
47.3477 -15.3934
47.4398 -16.0384
47.5318 -16.2811
47.6238 -16.1563
47.7158 -15.7257
47.8079 -15.0622
47.8999 -14.2347
47.9919 -13.2994
48.0839 -12.2969
48.1759 -11.2532
48.268 -10.1791
48.36 -9.06653
48.452 -7.88789
48.544 -6.60359
48.6361 -5.18274
48.7281 -3.63287
48.8201 -2.02612
48.9121 -0.505332
49.0041 0.741634
49.0962 1.5381
49.1882 1.78851
49.2802 1.53465
49.3722 0.971829
49.4643 0.411597
49.5563 0.198561
49.6483 0.607665
49.7403 1.75747
49.8323 3.56968
49.9244 5.7883
50.0164 8.0506
50.1084 9.98543
50.2004 11.3084
50.2925 11.8881
50.3845 11.7706
50.4765 11.16
50.5685 10.3661
50.6605 9.72863
50.7526 9.53566
50.8446 9.94761
50.9366 10.9455
51.0286 12.3184
51.1207 13.7005
51.2127 14.6572
51.3047 14.8014
51.3967 13.906
51.4887 11.9753
51.5808 9.24609
51.6728 6.11477
51.7648 3.01454
51.8568 0.289752
51.9489 -1.88479
52.0409 -3.50963
52.1329 -4.69527
52.2249 -5.56115
52.3169 -6.15102
52.409 -6.40761
52.501 -6.2197
52.593 -5.51785
52.685 -4.36838
52.7771 -3.01367
52.8691 -1.8308
52.9611 -1.21908
53.0531 -1.46219
53.1451 -2.62454
53.2372 -4.52727
53.3292 -6.81413
53.4212 -9.07733
53.5132 -10.9883
53.6053 -12.3786
53.6973 -13.2424
53.7893 -13.6698
53.8813 -13.7494
53.9733 -13.4931
54.0654 -12.8169
54.1574 -11.5847
54.2494 -9.69042
54.3414 -7.13585
54.4335 -4.06736
54.5255 -0.756219
54.6175 2.46689
54.7095 5.29318
54.8015 7.50037
54.8936 8.98046
54.9856 9.72978
55.0776 9.81633
55.1696 9.34425
55.2617 8.42965
55.3537 7.19073
55.4457 5.74593
55.5377 4.21188
55.6297 2.69781
55.7218 1.29949
55.8138 0.0988465
55.9058 -0.827985
55.9978 -1.39936
56.0899 -1.52457
56.1819 -1.11849
56.2739 -0.135375
56.3659 1.38996
56.4579 3.31535
56.55 5.39895
56.642 7.34879
56.734 8.90112
56.826 9.8984
56.9181 10.3337
57.0101 10.3404
57.1021 10.1311
57.1941 9.90966
57.2861 9.79755
57.3782 9.80217
57.4702 9.83898
57.5622 9.78945
57.6542 9.56174
57.7463 9.12145
57.8383 8.47837
57.9303 7.64058
58.0223 6.56683
58.1143 5.15033
58.2064 3.25083
58.2984 0.765172
58.3904 -2.29588
58.4824 -5.76409
58.5745 -9.32917
58.6665 -12.6122
58.7585 -15.2688
58.8505 -17.0795
58.9425 -17.9921
59.0346 -18.1037
59.1266 -17.5953
59.2186 -16.6559
59.3106 -15.4279
59.4027 -13.9941
59.4947 -12.4019
59.5867 -10.7005
59.6787 -8.96458
59.7707 -7.28963
59.8628 -5.75966
59.9548 -4.40901
60.0468 -3.20068
60.1388 -2.03605
60.2309 -0.793338
60.3229 0.622795
60.4149 2.24307
60.5069 4.0221
60.5989 5.85449
60.691 7.60638
60.783 9.1458
60.875 10.3612
60.967 11.1686
61.0591 11.5158
61.1511 11.3946
61.2431 10.8593
61.3351 10.0423
61.4271 9.1478
61.5192 8.41231
61.6112 8.03598
61.7032 8.10712
61.7952 8.30878
61.8873 8.91739
61.9793 9.38693
62.0713 9.41817
62.1633 8.83419
62.2553 7.64328
62.3474 6.02635
62.4394 4.25373
62.5314 2.56927
62.6234 1.09515
62.7155 -0.199306
62.8075 -1.45223
62.8995 -2.89749
62.9915 -4.32756
63.0835 -5.82809
63.1756 -7.19017
63.2676 -8.15581
63.3596 -8.52139
63.4516 -8.218
63.5437 -7.33468
63.6357 -6.07964
63.7277 -4.70307
63.8197 -3.41962
63.9117 -2.21227
64.0038 -1.4433
64.0958 -1.09243
64.1878 -0.865837
64.2798 -1.04528
64.3719 -1.23462
64.4639 -1.44565
64.5559 -1.73069
64.6479 -2.12081
64.7399 -1.90185
64.832 -1.65186
64.924 -1.10067
65.016 -0.593726
65.108 -0.160959
65.2001 -0.111298
65.2921 0.0661484
65.3841 -0.0142961
65.4761 0.174538
65.5681 0.109912
65.6602 0.0762663
65.7522 -0.0879496
65.8442 0.0275111
65.9362 0.249552
66.0283 0.585512
66.1203 1.22908
66.2123 1.68001
66.3043 2.01736
66.3963 2.53798
66.4884 2.66269
66.5804 2.59761
66.6724 2.19313
66.7644 1.6207
66.8565 1.09469
66.9485 0.589691
67.0405 0.636425
67.1325 1.13837
67.2245 1.90522
67.3166 2.67419
67.4086 3.15937
67.5006 3.11732
67.5926 2.53453
67.6847 1.54233
67.7767 0.339023
67.8687 -0.542893
67.9607 -1.04808
68.0527 -1.37881
68.1448 -1.25512
68.2368 -0.937673
68.3288 -0.706489
68.4208 -0.474301
68.5129 -0.309146
68.6049 -0.0540818
68.6969 0.638045
68.7889 0.925405
68.8809 1.73448
68.973 2.55893
69.065 3.18679
69.157 3.45692
69.249 3.32477
69.3411 2.71247
69.4331 2.17987
69.5251 1.7351
69.6171 1.48945
69.7091 1.39079
69.8012 1.1578
69.8932 0.944072
69.9852 0.527227
70.0772 -0.103782
70.1693 -0.947768
70.2613 -1.88095
70.3533 -2.69666
70.4453 -3.28748
70.5373 -3.54228
70.6294 -3.45346
70.7214 -3.00266
70.8134 -2.27897
70.9054 -1.49652
70.9975 -0.486017
71.0895 0.0656046
71.1815 0.267688
71.2735 0.0982272
71.3655 -0.374995
71.4576 -1.18546
71.5496 -1.93249
71.6416 -2.45563
71.7336 -2.38518
71.8257 -2.41191
71.9177 -2.08924
72.0097 -1.33358
72.1017 -0.445226
72.1937 0.285312
72.2858 1.21013
72.3778 2.03843
72.4698 2.78789
72.5618 3.2512
72.6539 3.36424
72.7459 3.55588
72.8379 2.86558
72.9299 1.8695
73.0219 0.768058
73.114 -0.212637
73.206 -0.882139
73.298 -1.18489
73.39 -1.00102
73.4821 -0.480633
73.5741 0.30539
73.6661 1.18323
73.7581 1.85825
73.8501 2.72102
73.9422 3.41256
74.0342 3.81894
74.1262 3.8599
74.2182 3.52467
74.3103 2.70315
74.4023 1.91878
74.4943 1.33735
74.5863 1.10039
74.6783 0.986841
74.7704 0.987801
74.8624 0.749936
74.9544 0.491811
75.0464 0.0754754
75.1385 -0.243499
75.2305 -0.969881
75.3225 -1.28536
75.4145 -1.35389
75.5065 -1.15361
75.5986 -0.747189
75.6906 -0.257857
75.7826 0.179459
75.8746 0.467906
75.9667 0.750327
76.0587 0.708257
76.1507 0.686745
76.2427 0.357506
76.3347 -0.0931689
76.4268 -0.796133
76.5188 -1.47754
76.6108 -2.35943
76.7028 -2.95443
76.7949 -3.21667
76.8869 -3.01202
76.9789 -2.30839
77.0709 -1.1975
77.1629 0.045893
77.255 1.10609
77.347 1.73267
77.439 1.40005
77.531 0.88571
77.6231 0.0947638
77.7151 -0.721194
77.8071 -1.03204
77.8991 -1.34777
77.9911 -1.40262
78.0832 -1.23465
78.1752 -0.910644
78.2672 -0.517261
78.3592 -0.112222
78.4513 0.473685
78.5433 1.19078
78.6353 1.87812
78.7273 2.56286
78.8193 3.00913
78.9114 3.12661
79.0034 2.91202
79.0954 2.80314
79.1874 2.22702
79.2795 1.58219
79.3715 0.985264
79.4635 0.505145
79.5555 0.156837
79.6475 -0.0792329
79.7396 -0.563734
79.8316 -0.394028
79.9236 0.00655737
80.0156 0.379622
80.1077 0.679784
80.1997 0.979286
80.2917 1.18065
80.3837 1.17475
80.4757 0.89043
80.5678 0.399379
80.6598 -0.00642861
80.7518 -0.701271
80.8438 -0.932423
80.9359 -1.03551
81.0279 -1.29534
81.1199 -1.0104
81.2119 -0.657866
81.3039 -0.176749
81.396 0.233855
81.488 0.696548
81.58 0.802586
81.672 0.734571
81.7641 0.491247
81.8561 0.203548
81.9481 -0.184232
82.0401 -0.649604
82.1321 -1.21711
82.2242 -1.61361
82.3162 -1.87634
82.4082 -1.926
82.5002 -1.71665
82.5923 -1.19672
82.6843 -0.612935
82.7763 0.0543872
82.8683 0.693127
82.9603 0.564366
83.0524 0.619506
83.1444 0.55211
83.2364 0.371557
83.3284 0.223735
83.4205 0.0995387
83.5125 0.125336
83.6045 0.170947
83.6965 0.236766
83.7885 0.563581
83.8806 0.667717
83.9726 0.780715
84.0646 0.73624
84.1566 0.771338
84.2487 0.745337
84.3407 0.179216
84.4327 -0.0700446
84.5247 -0.474852
84.6167 -0.791764
84.7088 -0.82959
84.8008 -1.16213
84.8928 -1.14606
84.9848 -1.01346
85.0769 -0.539038
85.1689 -0.265133
85.2609 0.0663619
85.3529 0.427449
85.4449 0.7716
85.537 1.03774
85.629 1.20711
85.721 1.01908
85.813 0.9073
85.9051 0.45754
85.9971 0.144751
86.0891 -0.292744
86.1811 -0.695283
86.2731 -0.837485
86.3652 -0.942371
86.4572 -0.973485
86.5492 -0.937733
86.6412 -0.831829
86.7333 -0.644211
86.8253 -0.366204
86.9173 -0.0067042
87.0093 0.398386
87.1013 0.789174
87.1934 1.09856
87.2854 1.34905
87.3774 1.71601
87.4694 1.7655
87.5615 1.55844
87.6535 1.27135
87.7455 1.00281
87.8375 0.682007
87.9295 0.547579
88.0216 0.446213
88.1136 0.307863
88.2056 0.085771
88.2976 -0.211166
88.3897 -0.515588
88.4817 -0.731218
88.5737 -0.644562
88.6657 -0.555518
88.7577 -0.363856
88.8498 -0.165419
88.9418 -0.0650826
89.0338 -0.129741
89.1258 -0.591711
89.2179 -0.90693
89.3099 -1.14971
89.4019 -1.15545
89.4939 -1.01535
89.5859 -0.905393
89.678 -0.8209
89.77 -0.638223
89.862 -0.123173
89.954 0.324788
90.0461 0.548906
90.1381 0.980265
90.2301 1.15166
90.3221 1.13094
90.4141 1.09732
90.5062 1.15282
90.5982 1.00846
90.6902 0.7401
90.7822 0.531192
90.8743 0.44823
90.9663 0.392796
91.0583 0.353526
91.1503 0.307544
91.2423 0.142359
91.3344 0.0842792
91.4264 -0.0131573
91.5184 -0.128749
91.6104 -0.2317
91.7025 -0.294405
91.7945 -0.224947
91.8865 -0.225678
91.9785 -0.197237
92.0705 -0.146172
92.1626 -0.0783415
92.2546 0.00287273
92.3466 0.201949
92.4386 0.233628
92.5307 0.241158
92.6227 0.22355
92.7147 0.182292
92.8067 0.124218
92.8987 0.0629802
