1.87 -1.01991
1.96277 -0.611915
2.05555 -0.116752
2.14832 0.544538
2.24109 1.45474
2.33387 2.6063
2.42664 3.84018
2.51941 4.86137
2.61219 5.33587
2.70496 5.0299
2.79773 3.92539
2.89051 2.25254
2.98328 0.417972
3.07605 -1.1426
3.16883 -2.12073
3.2616 -2.42926
3.35438 -2.19344
3.44715 -1.64973
3.53992 -1.00829
3.6327 -0.351734
3.72547 0.378604
3.81824 1.50417
3.91102 2.71047
4.00379 4.02488
4.09656 5.18729
4.18934 5.86428
4.28211 5.78897
4.37488 4.89113
4.46766 3.35138
4.56043 1.54866
4.6532 -0.0784574
4.74598 -1.19456
4.83875 -1.68131
4.93152 -1.65386
5.0243 -1.37834
5.11707 -1.13449
5.20984 -1.08978
5.30262 -1.24078
5.39539 -1.4406
5.48816 -1.48944
5.58094 -1.23757
5.67371 -0.651244
5.76648 0.18374
5.85926 1.11153
5.95203 1.97499
6.0448 2.66633
6.13758 3.1393
6.23035 3.38803
6.32312 3.41661
6.4159 3.22443
6.50867 2.81777
6.60145 2.23689
6.69422 1.57501
6.78699 0.968673
6.87977 0.556727
6.97254 0.426315
7.06531 0.575168
7.15809 0.913071
7.25086 1.30414
7.34363 1.62797
7.43641 1.82604
7.52918 1.90792
7.62195 1.91559
7.71473 1.8705
7.8075 1.74016
7.90027 1.45114
7.99305 0.947013
8.08582 0.259375
8.17859 -0.454669
8.27137 -0.94276
8.36414 -0.954738
8.45691 -0.367064
8.54969 0.728193
8.64246 2.02238
8.73523 3.0903
8.82801 3.55362
8.92078 3.23498
9.01355 2.23008
9.10633 0.862153
9.1991 -0.459703
9.29187 -1.40977
9.38465 -1.86091
9.47742 -1.89317
9.5702 -1.69944
9.66297 -1.44605
9.75574 -1.16863
9.84852 -0.762826
9.94129 -0.0746398
10.0341 0.962119
10.1268 2.22414
10.2196 3.39919
10.3124 4.10134
10.4052 4.04864
10.4979 3.21258
10.5907 1.85693
10.6835 0.438114
10.7762 -0.589435
10.869 -0.96816
10.9618 -0.734741
11.0546 -0.171139
11.1473 0.364081
11.2401 0.634916
11.3329 0.652399
11.4257 0.658968
11.5184 0.982338
11.6112 1.83854
11.704 3.19117
11.7968 4.7431
11.8895 6.06451
11.9823 6.78631
12.0751 6.75232
12.1679 6.04758
12.2606 4.8915
12.3534 3.4637
12.4462 1.7732
12.5389 -0.339678
12.6317 -3.05405
12.7245 -6.34749
12.8173 -9.83285
12.91 -12.7667
13.0028 -14.2618
13.0956 -13.6267
13.1884 -10.6786
13.2811 -5.87332
13.3739 -0.173924
13.4667 5.29434
13.5595 9.6489
13.6522 12.5275
13.745 14.1113
13.8378 14.8932
13.9305 15.3168
14.0233 15.4791
14.1161 15.0526
14.2089 13.4693
14.3016 10.2675
14.3944 5.41789
14.4872 -0.55048
14.58 -6.69558
14.6727 -12.0108
14.7655 -15.7971
14.8583 -17.8661
14.9511 -18.4704
15.0438 -18.0044
15.1366 -16.6467
15.2294 -14.1544
15.3221 -9.94622
15.4149 -3.46193
15.5077 5.36226
15.6005 15.7345
15.6932 25.95
15.786 33.6871
15.8788 36.5478
15.9716 32.6466
16.0643 21.0582
16.1571 2.04319
16.2499 -22.9038
16.3427 -51.0773
16.4354 -78.5926
16.5282 -100.493
16.621 -111.126
16.7137 -105.01
16.8065 -78.234
16.8993 -30.172
16.9921 35.0437
17.0848 108.002
17.1776 175.015
17.2704 220.782
17.3632 232.216
17.4559 202.386
17.5487 133.245
17.6415 36.0645
17.7343 -70.851
17.827 -166.676
17.9198 -233.492
18.0126 -260.932
18.1054 -248.555
18.1981 -205.199
18.2909 -145.616
18.3837 -85.5902
18.4764 -37.2357
18.5692 -6.01369
18.662 9.69487
18.7548 16.5783
18.8475 22.9263
18.9403 35.1153
19.0331 55.3275
19.1259 81.1841
19.2186 107.175
19.3114 127.094
19.4042 136.395
19.497 133.567
19.5897 120.114
19.6825 99.3845
19.7753 74.9111
19.868 49.0763
19.9608 22.6491
20.0536 -4.69976
20.1464 -33.2767
20.2391 -62.2711
20.3319 -89.2841
20.4247 -110.762
20.5175 -123.186
20.6102 -124.504
20.703 -115.161
20.7958 -98.2497
20.8886 -78.6399
20.9813 -61.39
21.0741 -50.0364
21.1669 -45.407
21.2596 -45.4071
21.3524 -45.8494
21.4452 -42.0042
21.538 -30.2912
21.6307 -9.51107
21.7235 18.7832
21.8163 50.8318
21.9091 81.856
22.0018 107.414
22.0946 124.449
22.1874 131.738
22.2802 129.713
22.3729 119.864
22.4657 104.053
22.5585 84.0233
22.6512 61.2288
22.744 36.935
22.8368 12.4107
22.9296 -10.9802
23.0223 -31.8839
23.1151 -49.2181
23.2079 -62.4433
23.3007 -71.6766
23.3934 -77.5578
23.4862 -80.9101
23.579 -82.3486
23.6718 -82.0279
23.7645 -79.6554
23.8573 -74.7649
23.9501 -67.1144
24.0429 -57.0019
24.1356 -45.3302
24.2284 -33.3753
24.3212 -22.3565
24.4139 -13.0107
24.5067 -5.37258
24.5995 1.13444
24.6923 7.34349
24.785 13.8974
24.8778 20.925
24.9706 27.9898
25.0634 34.3241
25.1561 39.2193
25.2489 42.3711
25.3417 44.006
25.4345 44.732
25.5272 45.1992
25.62 45.7503
25.7128 46.2439
25.8055 46.1404
25.8983 44.8008
25.9911 41.8381
26.0839 37.3349
26.1766 31.8108
26.2694 25.9552
26.3622 20.2681
26.455 14.8002
26.5477 9.13761
26.6405 2.65046
26.7333 -5.11406
26.8261 -14.0913
26.9188 -23.5905
27.0116 -32.4852
27.1044 -39.624
27.1971 -44.2749
27.2899 -46.3951
27.3827 -46.6061
27.4755 -45.8876
27.5682 -45.1421
27.661 -44.8292
27.7538 -44.8338
27.8466 -44.6077
27.9393 -43.4963
28.0321 -41.0773
28.1249 -37.3487
28.2177 -32.6866
28.3104 -27.6175
28.4032 -22.5362
28.496 -17.5241
28.5887 -12.3544
28.6815 -6.67486
28.7743 -0.261371
28.8671 6.79598
28.9598 14.0713
29.0526 20.9558
29.1454 26.9048
29.2382 31.6513
29.3309 35.2836
29.4237 38.1534
29.5165 40.6702
29.6093 43.0866
29.702 45.3787
29.7948 47.2687
29.8876 48.3625
29.9804 48.3219
30.0731 46.985
30.1659 44.3853
30.2587 40.6837
30.3514 36.0692
30.4442 30.696
30.537 24.6881
30.6298 18.1958
30.7225 11.4483
30.8153 4.75054
30.9081 -1.59696
31.0009 -7.41781
31.0936 -12.7511
31.1864 -17.8476
31.2792 -23.0491
31.372 -28.5958
31.4647 -34.4491
31.5575 -40.2257
31.6503 -45.2889
31.743 -48.9701
31.8358 -50.8257
31.9286 -50.814
32.0214 -49.3077
32.1141 -46.9356
32.2069 -44.3243
32.2997 -41.8584
32.3925 -39.5652
32.4852 -37.1675
32.578 -34.2691
32.6708 -30.575
32.7636 -26.0397
32.8563 -20.8783
32.9491 -15.4476
33.0419 -10.0671
33.1346 -4.8773
33.2274 0.196244
33.3202 5.35905
33.413 10.7955
33.5057 16.5296
33.5985 22.3699
33.6913 27.9621
33.7841 32.9167
33.8768 36.944
33.9696 39.9312
34.0624 41.9308
34.1552 43.0801
34.2479 43.5046
34.3407 43.2614
34.4335 42.3501
34.5262 40.7745
34.619 38.6106
34.7118 36.0292
34.8046 33.2511
34.8973 30.4512
34.9901 27.6638
35.0829 24.7409
35.1757 21.3971
35.2684 17.3272
35.3612 12.3473
35.454 6.49827
35.5468 0.0659167
35.6395 -6.48919
35.7323 -12.6591
35.8251 -18.0205
35.9179 -22.323
36.0106 -25.5132
36.1034 -27.7032
36.1962 -29.1141
36.2889 -30.0211
36.3817 -30.7122
36.4745 -31.4545
36.5673 -32.4515
36.66 -33.7883
36.7528 -35.3788
36.8456 -36.9461
36.9384 -38.0661
37.0311 -38.2796
37.1239 -37.2461
37.2167 -34.8798
37.3095 -31.4081
37.4022 -27.3144
37.495 -23.1791
37.5878 -19.4764
37.6805 -16.4102
37.7733 -13.8582
37.8661 -11.4465
37.9589 -8.72107
38.0516 -5.33983
38.1444 -1.20322
38.2372 3.52701
38.33 8.51666
38.4227 13.4031
38.5155 17.9206
38.6083 21.9512
38.7011 25.4877
38.7938 28.5449
38.8866 31.0795
38.9794 32.9707
39.0721 34.0777
39.1649 34.3411
39.2577 33.8694
39.3505 32.9525
39.4432 31.9818
39.536 31.3033
39.6288 31.0688
39.7216 31.1561
39.8143 31.1999
39.9071 30.724
39.9999 29.3203
40.0927 26.7972
40.1854 23.2363
40.2782 18.9397
40.371 14.298
40.4637 9.64399
40.5565 5.15549
40.6493 0.843438
40.7421 -3.3829
40.8348 -7.61596
40.9276 -11.869
41.0204 -16.0512
41.1132 -20.0033
41.2059 -23.5659
41.2987 -26.6391
41.3915 -29.2012
41.4843 -31.2815
41.577 -32.9065
41.6698 -34.056
41.7626 -34.6566
41.8554 -34.6193
41.9481 -33.9009
42.0409 -32.556
42.1337 -30.7475
42.2264 -28.7069
42.3192 -26.6587
42.412 -24.7419
42.5048 -22.9646
42.5975 -21.2086
42.6903 -19.2819
42.7831 -16.9925
42.8759 -14.2132
42.9686 -10.9147
43.0614 -7.16035
43.1542 -3.07629
43.247 1.18449
43.3397 5.46608
43.4325 9.61731
43.5253 13.4903
43.618 16.9424
43.7108 19.8505
43.8036 22.1353
43.8964 23.7843
43.9891 24.8597
44.0819 25.4815
44.1747 25.7903
44.2675 25.9044
44.3602 25.8892
44.453 25.752
44.5458 25.4626
44.6386 24.9871
44.7313 24.3168
44.8241 23.4771
44.9169 22.5128
45.0096 21.4589
45.1024 20.3138
45.1952 19.0304
45.288 17.5314
45.3807 15.7413
45.4735 13.6219
45.5663 11.1936
45.6591 8.53455
45.7518 5.75952
45.8446 2.98796
45.9374 0.315992
46.0302 -2.19933
46.1229 -4.54146
46.2157 -6.72657
46.3085 -8.79354
46.4012 -10.7956
46.494 -12.7925
46.5868 -14.8388
46.6796 -16.965
46.7723 -19.1547
46.8651 -21.3273
46.9579 -23.3365
47.0507 -24.9947
47.1434 -26.1184
47.2362 -26.5823
47.329 -26.3603
47.4218 -25.5348
47.5145 -24.2684
47.6073 -22.7459
47.7001 -21.1085
47.7929 -19.4084
47.8856 -17.5999
47.9784 -15.5729
48.0712 -13.212
48.1639 -10.4574
48.2567 -7.34288
48.3495 -3.99741
48.4423 -0.612345
48.535 2.60942
48.6278 5.50121
48.7206 7.96073
48.8134 9.95364
48.9061 11.499
48.9989 12.6499
49.0917 13.4795
49.1845 14.0779
49.2772 14.5522
49.37 15.0215
49.4628 15.5985
49.5555 16.36
49.6483 17.3143
49.7411 18.3836
49.8339 19.4123
49.9266 20.2046
50.0194 20.5815
50.1122 20.4375
50.205 19.7748
50.2977 18.7024
50.3905 17.3977
50.4833 16.0458
50.5761 14.7788
50.6688 13.6369
50.7616 12.5643
50.8544 11.4394
50.9471 10.1252
51.0399 8.52054
51.1327 6.59344
51.2255 4.38579
51.3182 1.99208
51.411 -0.477301
51.5038 -2.93211
51.5966 -5.32362
51.6893 -7.64452
51.7821 -9.90908
51.8749 -12.123
51.9677 -14.2555
52.0604 -16.2249
52.1532 -17.9039
52.246 -19.1436
52.3387 -19.8091
52.4315 -19.816
52.5243 -19.157
52.6171 -17.9103
52.7098 -16.2279
52.8026 -14.3068
52.8954 -12.3501
52.9882 -10.5291
53.0809 -8.95465
53.1737 -7.66446
53.2665 -6.62776
53.3593 -5.76431
53.452 -4.97187
53.5448 -4.15413
53.6376 -3.24232
53.7304 -2.20592
53.8231 -1.05143
53.9159 0.188429
54.0087 1.47021
54.1014 2.75377
54.1942 4.00983
54.287 5.2186
54.3798 6.3607
54.4725 7.40543
54.5653 8.30325
54.6581 8.98892
54.7509 9.39785
54.8436 9.49246
54.9364 9.28983
55.0292 8.87848
55.122 8.41406
55.2147 8.08974
55.3075 8.0866
55.4003 8.5183
55.493 9.38854
55.5858 10.5776
55.6786 11.8649
55.7714 12.9823
55.8641 13.6809
55.9569 13.79
56.0497 13.2497
56.1425 12.1082
56.2352 10.4913
56.328 8.55805
56.4208 6.46233
56.5136 4.33419
56.6063 2.28291
56.6991 0.413138
56.7919 -1.16127
56.8846 -2.31915
56.9774 -2.95426
57.0702 -3.01087
57.163 -2.51727
57.2557 -1.60074
57.3485 -0.474151
57.4413 0.603779
57.5341 1.38158
57.6268 1.66348
57.7196 1.33801
57.8124 0.381207
57.9052 -1.16033
57.9979 -3.19333
58.0907 -5.5956
58.1835 -8.22056
58.2762 -10.8916
58.369 -13.3967
58.4618 -15.4964
58.5546 -16.95
58.6473 -17.5594
58.7401 -17.2153
58.8329 -15.9294
58.9257 -13.8383
59.0184 -11.1744
59.1112 -8.21101
59.204 -5.19961
59.2968 -2.31921
59.3895 0.346373
59.4823 2.7975
59.5751 5.07977
59.6679 7.23203
59.7606 9.2396
59.8534 11.0087
59.9462 12.3711
60.0389 13.1182
60.1317 13.0575
60.2245 12.0744
60.3173 10.1843
60.41 7.55816
60.5028 4.51108
60.5956 1.45407
60.6884 -1.18366
60.7811 -3.04268
60.8739 -3.90917
60.9667 -3.75681
61.0595 -2.74212
61.1522 -1.15381
61.245 0.668909
61.3378 2.42444
61.4305 3.9171
61.5233 5.08683
61.6161 5.99525
61.7089 6.77776
61.8016 7.5815
61.8944 8.51076
61.9872 9.59553
62.08 10.7873
62.1727 11.9767
62.2655 13.0198
62.3583 13.7638
62.4511 14.0652
62.5438 13.8015
62.6366 12.8831
62.7294 11.2678
62.8221 8.9777
62.9149 6.11339
63.0077 2.85527
63.1005 -0.552548
63.1932 -3.8363
63.286 -6.73683
63.3788 -9.05192
63.4716 -10.6653
63.5643 -11.5562
63.6571 -11.7904
63.7499 -11.4994
63.8427 -10.8562
63.9354 -10.0517
64.0282 -9.27287
64.121 -8.68029
64.2137 -8.38317
64.3065 -8.41486
64.3993 -8.71695
64.4921 -9.14209
64.5848 -9.48162
64.6776 -9.51562
64.7704 -9.07216
64.8632 -8.07643
64.9559 -6.57152
65.0487 -4.7023
65.1415 -2.6685
65.2343 -0.665301
65.327 1.16512
65.4198 2.75369
65.5126 4.092
65.6054 5.19887
65.6981 6.08653
65.7909 6.74613
65.8837 7.16067
65.9764 7.33791
66.0692 7.34282
66.162 7.30747
66.2548 7.40534
66.3475 7.7947
66.4403 8.55246
66.5331 10.0913
66.6259 11.3343
66.7186 12.3415
66.8114 12.8549
66.9042 12.7203
66.997 11.9272
67.0897 10.5995
67.1825 8.9408
67.2753 7.1596
67.368 5.40499
67.4608 3.73683
67.5536 2.13926
67.6464 0.566259
67.7391 -1.00464
67.8319 -2.66078
67.9247 -3.97278
68.0175 -4.98121
68.1102 -5.60187
68.203 -5.82004
68.2958 -5.46053
68.3886 -5.20787
68.4813 -4.89668
68.5741 -4.60197
68.6669 -4.34081
68.7596 -4.08489
68.8524 -3.7928
68.9452 -3.44465
69.038 -3.06172
69.1307 -2.89723
69.2235 -2.19904
69.3163 -2.31624
69.4091 -2.33275
69.5018 -2.36646
69.5946 -2.30533
69.6874 -1.8586
69.7802 -1.48734
69.8729 -0.728404
69.9657 0.163159
70.0585 1.08419
70.1512 1.57212
70.244 1.93237
70.3368 2.15305
70.4296 2.00726
70.5223 1.9385
70.6151 1.69506
70.7079 1.43024
70.8007 1.41933
70.8934 1.47651
70.9862 1.63791
71.079 1.73583
71.1718 1.60768
71.2645 1.39624
71.3573 1.23959
71.4501 1.1646
71.5429 1.21408
71.6356 1.7107
71.7284 1.95011
71.8212 2.66262
71.9139 3.11304
72.0067 3.4905
72.0995 3.98361
72.1923 3.95323
72.285 3.81694
72.3778 3.28553
72.4706 2.61545
72.5634 1.95014
72.6561 1.40662
72.7489 0.942962
72.8417 0.468458
72.9345 -0.324057
73.0272 -1.10979
73.12 -2.04527
73.2128 -2.99418
73.3055 -3.73231
73.3983 -4.09546
73.4911 -3.86036
73.5839 -3.09644
73.6766 -1.60858
73.7694 -0.224521
73.8622 1.19045
73.955 2.28198
74.0477 2.88095
74.1405 2.95775
74.2333 2.62061
74.3261 2.07428
74.4188 1.54308
74.5116 1.13111
74.6044 1.06172
74.6971 1.50372
74.7899 1.91323
74.8827 2.72336
74.9755 3.48957
75.0682 4.01788
75.161 3.97894
75.2538 3.6237
75.3466 2.92976
75.4393 2.00006
75.5321 1.06851
75.6249 -0.284592
75.7177 -1.17313
75.8104 -1.7035
75.9032 -2.01557
75.996 -1.98136
76.0887 -1.61214
76.1815 -0.659214
76.2743 -0.00994743
76.3671 0.919291
76.4598 1.55282
76.5526 1.90973
76.6454 1.96492
76.7382 1.66398
76.8309 1.33333
76.9237 0.713025
77.0165 0.132123
77.1093 -0.623351
77.202 -0.740399
77.2948 -0.848847
77.3876 -1.14548
77.4804 -1.59962
77.5731 -2.19387
77.6659 -2.82856
77.7587 -3.17156
77.8514 -3.50024
77.9442 -3.46629
78.037 -3.13413
78.1298 -2.48951
78.2225 -1.83757
78.3153 -0.938763
78.4081 -0.0215855
78.5009 0.84863
78.5936 1.71871
78.6864 2.34963
78.7792 2.8597
78.872 3.24736
78.9647 3.4767
79.0575 4.0373
79.1503 3.69263
79.243 2.94553
79.3358 1.89414
79.4286 1.15639
79.5214 0.104155
79.6141 -0.65211
79.7069 -0.91563
79.7997 -0.518773
79.8925 0.160016
79.9852 1.08269
80.078 2.01006
80.1708 2.67072
80.2636 3.12469
80.3563 3.30503
80.4491 2.9258
80.5419 2.84287
80.6346 2.82153
80.7274 2.68402
80.8202 2.76075
80.913 2.62581
81.0057 2.66996
81.0985 2.5417
81.1913 2.44465
81.2841 1.99953
81.3768 1.39393
81.4696 0.70009
81.5624 -0.00577922
81.6552 -0.663209
81.7479 -1.23708
81.8407 -1.71505
81.9335 -2.01814
82.0262 -2.2846
82.119 -1.66305
82.2118 -1.71237
82.3046 -1.77828
82.3973 -1.79037
82.4901 -1.69153
82.5829 -1.01735
82.6757 -0.834159
82.7684 -0.742764
82.8612 -1.06879
82.954 -1.08679
83.0468 -1.23244
83.1395 -1.33723
83.2323 -1.29069
83.3251 -1.02754
83.4179 -0.562395
83.5106 0.0125432
83.6034 0.458859
83.6962 0.890518
83.7889 1.1666
83.8817 1.31683
83.9745 1.42393
84.0673 1.27988
84.16 1.29784
84.2528 1.64245
84.3456 1.95732
84.4384 1.86795
84.5311 1.83703
84.6239 1.7231
84.7167 1.46688
84.8095 1.23156
84.9022 0.862208
84.995 0.763261
85.0878 0.9346
85.1805 0.86416
85.2733 0.671277
85.3661 0.702049
85.4589 0.705579
85.5516 0.726525
85.6444 0.834228
85.7372 1.02595
85.83 1.24696
85.9227 1.68457
86.0155 2.18498
86.1083 2.72328
86.2011 2.80174
86.2938 3.00004
86.3866 2.98874
86.4794 2.63069
86.5721 2.21836
86.6649 1.72966
86.7577 1.23637
86.8505 0.956487
86.9432 0.37322
87.036 -0.203634
87.1288 -1.01038
87.2216 -1.27681
87.3143 -1.15535
87.4071 -1.01532
87.4999 -0.718615
87.5927 -0.37189
87.6854 -0.0955418
87.7782 0.158852
87.871 0.031273
87.9637 -0.568207
88.0565 -1.05656
88.1493 -0.705363
88.2421 -0.573932
88.3348 0.217898
88.4276 0.652065
88.5204 0.998147
88.6132 1.27187
88.7059 1.2131
88.7987 1.0002
88.8915 0.533366
88.9843 -0.013197
89.077 -0.230924
89.1698 -0.301608
89.2626 -0.467246
89.3554 -0.21416
89.4481 0.126307
89.5409 0.487533
89.6337 0.802926
89.7264 1.01328
89.8192 1.07754
89.912 0.981483
90.0048 0.647665
90.0975 0.386489
90.1903 0.100038
90.2831 0.259303
90.3759 0.177059
90.4686 0.437107
90.5614 0.617954
90.6542 0.66401
90.747 0.568696
90.8397 0.532496
90.9325 0.262541
91.0253 0.428329
91.118 0.760415
91.2108 1.20783
91.3036 1.66719
91.3964 2.01043
91.4891 1.98433
91.5819 1.81704
91.6747 1.42628
91.7675 0.906271
91.8602 0.37944
91.953 0.136174
92.0458 -0.157143
92.1386 -0.319879
92.2313 -0.411284
92.3241 -0.50254
92.4169 -0.764859
92.5096 -1.01803
92.6024 -1.12914
92.6952 -1.16648
92.788 -1.037
92.8807 -0.746955
92.9735 -0.348967
93.0663 0.0768939
93.1591 0.324949
93.2518 0.525439
93.3446 0.58114
93.4374 0.524382
93.5302 0.406563
93.6229 0.274051
93.7157 0.154676
93.8085 0.0594604
93.9012 -0.00519271
93.994 -0.0255934
94.0868 0.0209081
94.1796 0.154436
94.2723 0.374126
94.3651 0.635686
94.4579 0.882332
94.5507 1.0085
94.6434 0.795267
94.7362 0.551398
94.829 0.227794
94.9218 -0.0401554
95.0145 -0.627385
95.1073 -0.797717
95.2001 -0.449134
95.2929 0.0526689
95.3856 0.345045
95.4784 0.50989
95.5712 0.499378
95.6639 0.358962
95.7567 0.369658
95.8495 0.350345
95.9423 0.304201
96.035 0.235682
96.1278 0.15301
96.2206 0.223365
96.3134 0.192486
96.4061 0.158599
96.4989 0.139394
96.5917 0.146281
96.6845 0.382305
96.7772 0.3279
