-4.67 2.078
-4.57497 0.947097
-4.47995 -0.181136
-4.38492 -1.05138
-4.28989 -1.69058
-4.19486 -1.79989
-4.09984 -1.59477
-4.00481 -1.22397
-3.90978 -0.821087
-3.81476 -0.46878
-3.71973 -0.197621
-3.6247 -0.00635725
-3.52968 0.117562
-3.43465 0.192006
-3.33962 0.248208
-3.24459 0.339064
-3.14957 0.53171
-3.05454 0.878958
-2.95951 1.38085
-2.86449 1.9593
-2.76946 2.46692
-2.67443 2.73523
-2.57941 2.64515
-2.48438 2.18728
-2.38935 1.48028
-2.29432 0.734051
-2.1993 0.17143
-2.10427 -0.056386
-2.00924 0.0783804
-1.91422 0.484066
-1.81919 1.00402
-1.72416 1.49112
-1.62913 1.86319
-1.53411 2.11294
-1.43908 2.27242
-1.34405 2.22729
-1.24903 2.17225
-1.154 1.95163
-1.05897 1.47653
-0.963945 0.72566
-0.868918 -0.202847
-0.773891 -1.09522
-0.678864 -1.68814
-0.583837 -1.7712
-0.48881 -1.27912
-0.393783 -0.330128
-0.298756 0.808794
-0.203729 1.8152
-0.108702 2.42218
-0.0136749 2.50061
0.0813522 2.08227
0.176379 1.32236
0.271406 0.426099
0.366433 -0.424402
0.46146 -1.11405
0.556487 -1.59983
0.651514 -1.8875
0.746541 -2.00076
0.841569 -1.96054
0.936596 -1.7808
1.03162 -1.4749
1.12665 -1.06232
1.22168 -0.569028
1.3167 -0.0231067
1.41173 0.547835
1.50676 1.11234
1.60178 1.62641
1.69681 2.0299
1.79184 2.25809
1.88687 2.26968
1.98189 2.07966
2.07692 1.77657
2.17195 1.50611
2.26697 1.41885
2.362 1.60044
2.45703 2.01734
2.55206 2.50963
2.64708 2.84227
2.74211 2.79789
2.83714 2.27068
2.93216 1.31723
3.02719 0.139059
3.12222 -0.995867
3.21724 -1.85504
3.31227 -2.31855
3.4073 -2.39749
3.50233 -2.19156
3.59735 -1.81601
3.69238 -1.34244
3.78741 -0.786705
3.88243 -0.146594
3.97746 0.539851
4.07249 1.15905
4.16752 1.54113
4.26254 1.53256
4.35757 1.08622
4.4526 0.317269
4.54762 -0.513991
4.64265 -1.09381
4.73768 -1.18239
4.8327 -0.715879
4.92773 0.167954
5.02276 1.19384
5.11779 2.07056
5.21281 2.60905
5.30784 2.7796
5.40287 2.68505
5.49789 2.47247
5.59292 2.23772
5.68795 1.97791
5.78297 1.61632
5.878 1.08043
5.97303 0.382065
6.06806 -0.35292
6.16308 -0.927696
6.25811 -1.16918
6.35314 -1.02093
6.44816 -0.579538
6.54319 -0.0507246
6.63822 0.353071
6.73325 0.517673
6.82827 0.476379
6.9233 0.376271
7.01833 0.381781
7.11335 0.57185
7.20838 0.890743
7.30341 1.18136
7.39843 1.28135
7.49346 1.1249
7.58849 0.788932
7.68352 0.454603
7.77854 0.305464
7.87357 0.42217
7.9686 0.737312
8.06362 1.07919
8.15865 1.27973
8.25368 1.28111
8.3487 1.17319
8.44373 1.13303
8.53876 1.29754
8.63379 1.64525
8.72881 1.96539
8.82384 1.94726
8.91887 1.353
9.01389 0.182535
9.10892 -1.2672
9.20395 -2.49673
9.29898 -3.01921
9.394 -2.5934
9.48903 -1.35395
9.58406 0.235226
9.67908 1.58941
9.77411 2.27358
9.86914 2.20047
9.96416 1.65711
10.0592 1.14855
10.1542 1.14093
10.2492 1.83582
10.3443 3.08609
10.4393 4.48536
10.5343 5.56994
10.6294 6.017
10.7244 5.73533
10.8194 4.81473
10.9144 3.38734
11.0095 1.50532
11.1045 -0.874656
11.1995 -3.78177
11.2945 -7.06426
11.3896 -10.2816
11.4846 -12.7498
11.5796 -13.7498
11.6747 -12.8112
11.7697 -9.92748
11.8647 -5.58414
11.9597 -0.573549
12.0548 4.3122
12.1498 8.55168
12.2448 11.986
12.3398 14.6905
12.4349 16.7136
12.5299 17.851
12.6249 17.6145
12.7199 15.4415
12.815 11.0531
12.91 4.75932
13.005 -2.47767
13.1001 -9.29909
13.1951 -14.4293
13.2901 -17.1523
13.3851 -17.5426
13.4802 -16.3208
13.5752 -14.3994
13.6702 -12.3491
13.7652 -10.0695
13.8603 -6.85082
13.9553 -1.81458
14.0503 5.47574
14.1454 14.533
14.2404 23.8308
14.3354 31.1091
14.4304 33.9594
14.5255 30.4412
14.6205 19.5214
14.7155 1.27591
14.8105 -23.0452
14.9056 -50.9417
15.0006 -78.5258
15.0956 -100.479
15.1907 -110.426
15.2857 -102.028
15.3807 -70.8358
15.4757 -16.5125
15.5708 55.3988
15.6658 133.091
15.7608 200.162
15.8558 239.308
15.9509 237.173
16.0459 188.829
16.1409 100.251
16.2359 -12.3486
16.331 -126.408
16.426 -219.027
16.521 -273.189
16.6161 -282.119
16.7111 -250.346
16.8061 -191.233
16.9011 -122.003
16.9962 -58.134
17.0912 -9.12181
17.1862 23.0657
17.2812 42.6339
17.3763 56.6171
17.4713 71.1171
17.5663 88.6728
17.6614 107.656
17.7564 123.639
17.8514 131.856
17.9464 129.511
18.0415 116.919
18.1365 97.0814
18.2315 74.0759
18.3265 51.141
18.4216 29.4049
18.5166 7.83429
18.6116 -15.6397
18.7067 -42.4251
18.8017 -71.8586
18.8967 -100.786
18.9917 -124.365
19.0868 -137.759
19.1818 -137.995
19.2768 -125.181
19.3718 -102.58
19.4669 -75.5063
19.5619 -49.5169
19.6569 -28.6194
19.752 -14.1845
19.847 -4.92165
19.942 2.16936
20.037 10.3344
20.1321 21.7072
20.2271 36.5678
20.3221 53.4181
20.4171 69.7228
20.5122 82.9142
20.6072 91.2125
20.7022 93.9662
20.7972 91.4766
20.8923 84.5115
20.9873 73.8246
21.0823 59.9348
21.1774 43.2431
21.2724 24.3588
21.3674 4.38874
21.4624 -15.0339
21.5575 -32.059
21.6525 -45.1513
21.7475 -53.595
21.8425 -57.7167
21.9376 -58.6981
22.0326 -58.0484
22.1276 -56.9748
22.2227 -55.9385
22.3177 -54.597
22.4127 -52.1408
22.5077 -47.8427
22.6028 -41.5378
22.6978 -33.7925
22.7928 -25.6846
22.8878 -18.3144
22.9829 -12.2995
23.0779 -7.51336
23.1729 -3.19664
23.268 1.61842
23.363 7.58851
23.458 14.7061
23.553 22.2836
23.6481 29.2725
23.7431 34.7456
23.8381 38.2966
23.9331 40.1647
24.0282 41.0364
24.1232 41.6488
24.2182 42.4055
24.3132 43.1996
24.4083 43.515
24.5033 42.7252
24.5983 40.4124
24.6934 36.5312
24.7884 31.3452
24.8834 25.2011
24.9784 18.2965
25.0735 10.5995
25.1685 1.97815
25.2635 -7.5337
25.3585 -17.503
25.4536 -27.0611
25.5486 -35.1268
25.6436 -40.805
25.7387 -43.767
25.8337 -44.4072
25.9287 -43.678
26.0237 -42.6627
26.1188 -42.0881
26.2138 -42.0153
26.3088 -41.8624
26.4038 -40.7473
26.4989 -37.9759
26.5939 -33.4286
26.6889 -27.6506
26.784 -21.6043
26.879 -16.2155
26.974 -11.9462
27.069 -8.60898
27.1641 -5.50956
27.2591 -1.8321
27.3541 2.93634
27.4491 8.75965
27.5442 15.0999
27.6392 21.2162
27.7342 26.5422
27.8292 30.9387
27.9243 34.6886
28.0193 38.2495
28.1143 41.9056
28.2094 45.5148
28.3044 48.4915
28.3994 50.0365
28.4944 49.4966
28.5895 46.6693
28.6845 41.9015
28.7795 35.9395
28.8745 29.6157
28.9696 23.532
29.0646 17.8902
29.1596 12.5344
29.2547 7.15435
29.3497 1.52354
29.4447 -4.35736
29.5397 -10.2767
29.6348 -15.9547
29.7298 -21.2111
29.8248 -26.0506
29.9198 -30.6124
30.0149 -35.0197
30.1099 -39.2211
30.2049 -42.9275
30.3 -45.6875
30.395 -47.0698
30.49 -46.8545
30.585 -45.1328
30.6801 -42.2616
30.7751 -38.701
30.8701 -34.822
30.9651 -30.7881
31.0602 -26.5653
31.1552 -22.0438
31.2502 -17.1916
31.3452 -12.1442
31.4403 -7.17703
31.5353 -2.57333
31.6303 1.53283
31.7254 5.24493
31.8204 8.86507
31.9154 12.7397
32.0104 17.0667
32.1055 21.7654
32.2005 26.4777
32.2955 30.7051
32.3905 34.0123
32.4856 36.1984
32.5806 37.3533
32.6756 37.7787
32.7707 37.8193
32.8657 37.6928
32.9607 37.3997
33.0557 36.7485
33.1508 35.4713
33.2458 33.3621
33.3408 30.369
33.4358 26.6019
33.5309 22.2697
33.6259 17.5912
33.7209 12.7343
33.816 7.80832
33.911 2.8991
34.006 -1.8891
34.101 -6.42279
34.1961 -10.5713
34.2911 -14.2623
34.3861 -17.5214
34.4811 -20.4641
34.5762 -23.2338
34.6712 -25.9166
34.7662 -28.4778
34.8613 -30.7586
34.9563 -32.5387
35.0513 -33.6336
35.1463 -33.9767
35.2414 -33.6415
35.3364 -32.7932
35.4314 -31.5974
35.5264 -30.1368
35.6215 -28.3818
35.7165 -26.2314
35.8115 -23.6009
35.9065 -20.5045
36.0016 -17.0871
36.0966 -13.5822
36.1916 -10.217
36.2867 -7.11284
36.3817 -4.23253
36.4767 -1.40324
36.5717 1.59713
36.6668 4.932
36.7618 8.62819
36.8568 12.562
36.9518 16.5093
37.0469 20.2289
37.1419 23.5362
37.2369 26.3354
37.332 28.6042
37.427 30.3512
37.522 31.5765
37.617 32.2606
37.7121 32.3803
37.8071 31.938
37.9021 30.9777
37.9971 29.5734
38.0922 27.7969
38.1872 25.6843
38.2822 23.2265
38.3773 20.3943
38.4723 17.1881
38.5673 13.6831
38.6623 10.0427
38.7574 6.48453
38.8524 3.21196
38.9474 0.342202
39.0424 -2.13357
39.1375 -4.33676
39.2325 -6.44001
39.3275 -8.58716
39.4225 -10.8319
39.5176 -13.1225
39.6126 -15.3351
39.7076 -17.336
39.8027 -19.038
39.8977 -20.4263
39.9927 -21.5452
40.0877 -22.4586
40.1828 -23.2105
40.2778 -23.8054
40.3728 -24.2159
40.4678 -24.405
40.5629 -24.3453
40.6579 -24.0206
40.7529 -23.4098
40.848 -22.4685
40.943 -21.1267
41.038 -19.3131
41.133 -16.9996
41.2281 -14.2412
41.3231 -11.1868
41.4181 -8.04492
41.5131 -5.01344
41.6082 -2.20303
41.7032 0.407935
41.7982 2.96035
41.8933 5.64315
41.9883 8.59229
42.0833 11.8051
42.1783 15.1106
42.2734 18.213
42.3684 20.7907
42.4634 22.611
42.5584 23.6099
42.6535 23.9047
42.7485 23.7357
42.8435 23.3658
42.9385 22.9799
43.0336 22.6285
43.1286 22.2328
43.2236 21.645
43.3187 20.7311
43.4137 19.4404
43.5087 17.8303
43.6037 16.0428
43.6988 14.243
43.7938 12.5521
43.8888 10.9997
43.9838 9.51514
44.0789 7.95783
44.1739 6.17134
44.2689 4.04085
44.364 1.53316
44.459 -1.2915
44.554 -4.29616
44.649 -7.30289
44.7441 -10.134
44.8391 -12.6462
44.9341 -14.7491
45.0291 -16.4084
45.1242 -17.6359
45.2192 -18.4751
45.3142 -18.9872
45.4093 -19.2421
45.5043 -19.3131
45.5993 -19.2723
45.6943 -19.1822
45.7894 -19.0844
45.8844 -18.9858
45.9794 -18.849
46.0744 -18.5937
46.1695 -18.1113
46.2645 -17.2906
46.3595 -16.0476
46.4545 -14.3479
46.5496 -12.2156
46.6446 -9.72515
46.7396 -6.98208
46.8347 -4.10159
46.9297 -1.19397
47.0247 1.63979
47.1197 4.30566
47.2148 6.71558
47.3098 8.79532
47.4048 10.5021
47.4998 11.8453
47.5949 12.8962
47.6899 13.7773
47.7849 14.6265
47.88 15.5463
47.975 16.5589
48.07 17.5869
48.165 18.4726
48.2601 19.0328
48.3551 19.1281
48.4501 18.7181
48.5451 17.8786
48.6402 16.7722
48.7352 15.5831
48.8302 14.4449
48.9253 13.3931
49.0203 12.3614
49.1153 11.2252
49.2103 9.86909
49.3054 8.24988
49.4004 6.42416
49.4954 4.52969
49.5904 2.72851
49.6855 1.13861
49.7805 -0.215092
49.8755 -1.40822
49.9705 -2.58017
50.0656 -3.86999
50.1606 -5.35386
50.2556 -7.01153
50.3507 -8.73569
50.4457 -10.3784
50.5407 -11.8128
50.6357 -12.9811
50.7308 -13.9077
50.8258 -14.6723
50.9208 -15.3541
51.0158 -15.9751
51.1109 -16.4679
51.2059 -16.6847
51.3009 -16.4468
51.396 -15.6155
51.491 -14.1566
51.586 -12.1712
51.681 -9.88002
51.7761 -7.56466
51.8711 -5.48783
51.9661 -3.82025
52.0611 -2.60032
52.1562 -1.73821
52.2512 -1.05991
52.3462 -0.37195
52.4413 0.477442
52.5363 1.56091
52.6313 2.86665
52.7263 4.32002
52.8214 5.81776
52.9164 7.25882
53.0114 8.56119
53.1064 9.66376
53.2015 10.5199
53.2965 11.0924
53.3915 11.3566
53.4866 11.3115
53.5816 10.9925
53.6766 10.4772
53.7716 9.87866
53.8667 9.32475
53.9617 8.93178
54.0567 8.77921
54.1517 8.89389
54.2468 9.24605
54.3418 9.75515
54.4368 10.3016
54.5318 10.7411
54.6269 10.9219
54.7219 10.7067
54.8169 9.99896
54.912 8.77044
55.007 7.08026
55.102 5.07493
55.197 2.96294
55.2921 0.966796
55.3871 -0.73389
55.4821 -2.04793
55.5771 -2.9887
55.6722 -3.65366
55.7672 -4.17543
55.8622 -4.66562
55.9573 -5.17619
56.0523 -5.69512
56.1473 -6.17673
56.2423 -6.58997
56.3374 -6.95838
56.4324 -7.36901
56.5274 -7.94245
56.6224 -8.77567
56.7175 -9.8838
56.8125 -11.1693
56.9075 -12.4352
57.0026 -13.4391
57.0976 -13.9662
57.1926 -13.89
57.2876 -13.1964
57.3827 -11.9628
57.4777 -10.3064
57.5727 -8.32743
57.6677 -6.07633
57.7628 -3.55938
57.8578 -0.778982
57.9528 2.21277
58.0478 5.27538
58.1429 8.17779
58.2379 10.6378
58.3329 12.3898
58.428 13.2555
58.523 13.1912
58.618 12.2957
58.713 10.779
58.8081 8.90703
58.9031 6.94283
58.9981 5.10366
59.0931 3.54246
59.1882 2.35055
59.2832 1.57099
59.3782 1.21034
59.4733 1.24254
59.5683 1.60619
59.6633 2.20293
59.7583 2.90559
59.8534 3.57995
59.9484 4.11626
60.0434 4.45941
60.1384 4.62484
60.2335 4.69087
60.3285 4.76744
60.4235 4.95126
60.5186 5.28362
60.6136 5.72756
60.7086 6.17356
60.8036 6.47218
60.8987 6.48113
60.9937 6.10923
61.0887 5.34134
61.1837 4.23716
61.2788 2.90757
61.3738 1.48039
61.4688 0.0698187
61.5638 -1.24086
61.6589 -2.4022
61.7539 -3.39324
61.8489 -4.21644
61.944 -4.89783
62.039 -5.48995
62.134 -6.06931
62.229 -6.72006
62.3241 -7.50229
62.4191 -8.4144
62.5141 -9.36707
62.6091 -10.1869
62.7042 -10.6576
62.7992 -10.4629
62.8942 -9.78406
62.9893 -8.5453
63.0843 -6.93642
63.1793 -5.23026
63.2743 -3.69542
63.3694 -2.5123
63.4644 -1.72728
63.5594 -1.26186
63.6544 -0.968277
63.7495 -0.701198
63.8445 -0.369491
63.9395 0.0547853
64.0346 0.584348
64.1296 1.18851
64.2246 2.04931
64.3196 3.05762
64.4147 4.29094
64.5097 5.73155
64.6047 7.24245
64.6997 8.55913
64.7948 9.46036
64.8898 9.57809
64.9848 9.02907
65.0798 8.05396
65.1749 7.09077
65.2699 6.25616
65.3649 5.90623
65.46 6.00667
65.555 6.53586
65.65 7.09076
65.745 7.69128
65.8401 7.7505
65.9351 7.26199
66.0301 6.46101
66.1251 5.33969
66.2202 4.14972
66.3152 3.03391
66.4102 1.61625
66.5053 -0.362505
66.6003 -2.02757
66.6953 -4.06589
66.7903 -5.91993
66.8854 -7.18845
66.9804 -7.72015
67.0754 -7.57022
67.1704 -6.73199
67.2655 -5.56266
67.3605 -4.07962
67.4555 -2.80342
67.5506 -1.64126
67.6456 -0.836921
67.7406 -0.418538
67.8356 -0.24831
67.9307 -0.730045
68.0257 -1.10941
68.1207 -1.40263
68.2157 -1.64502
68.3108 -1.76086
68.4058 -1.78924
68.5008 -1.76043
68.5959 -1.69802
68.6909 -1.90354
68.7859 -1.85691
68.8809 -1.72119
68.976 -1.29276
69.071 -0.895318
69.166 -0.849178
69.261 -0.381605
69.3561 -0.030454
69.4511 0.227799
69.5461 0.407729
69.6411 0.547483
69.7362 0.716476
69.8312 0.916944
69.9262 1.3651
70.0213 1.90149
70.1163 2.57481
70.2113 3.25987
70.3063 3.80613
70.4014 4.08971
70.4964 4.0572
70.5914 3.7435
70.6864 3.25644
70.7815 2.73499
70.8765 2.29841
70.9715 2.30543
71.0666 2.14176
71.1616 1.97995
71.2566 1.7503
71.3516 1.2289
71.4467 1.37287
71.5417 0.586165
71.6367 -0.221278
71.7317 -0.616569
71.8268 -0.790643
71.9218 -0.794014
72.0168 -0.223013
72.1119 0.00473489
72.2069 0.351961
72.3019 0.597488
72.3969 0.580162
72.492 0.737412
72.587 0.599117
72.682 0.397543
72.777 -0.0628884
72.8721 -0.331319
72.9671 -0.435061
73.0621 -0.354553
73.1571 -0.152146
73.2522 0.0776978
73.3472 0.25073
73.4422 0.328427
73.5373 0.331325
73.6323 0.324777
73.7273 0.384206
73.8223 0.432178
73.9174 0.790086
74.0124 1.11504
74.1074 1.43514
74.2024 1.64479
74.2975 1.6575
74.3925 1.36459
74.4875 0.922575
74.5826 0.288474
74.6776 -0.445917
74.7726 -1.1615
74.8676 -1.70037
74.9627 -2.02561
75.0577 -2.05543
75.1527 -1.79266
75.2477 -1.31128
75.3428 -0.743193
75.4378 -0.418557
75.5328 -0.0818986
75.6279 0.0337017
75.7229 0.00126561
75.8179 -0.134374
75.9129 -0.191522
76.008 -0.0217284
76.103 0.187772
76.198 0.689854
76.293 0.772004
76.3881 0.484337
76.4831 0.0328862
76.5781 -0.610475
76.6731 -1.22156
76.7682 -1.52114
76.8632 -1.28313
76.9582 -0.500566
77.0533 0.682785
77.1483 1.74743
77.2433 2.77864
77.3383 3.31138
77.4334 3.14099
77.5284 2.5887
77.6234 1.78172
77.7184 1.01729
77.8135 0.67005
77.9085 0.615528
78.0035 0.850781
78.0986 1.30879
78.1936 1.70796
78.2886 1.96806
78.3836 1.79323
78.4787 1.40466
78.5737 1.1474
78.6687 0.616143
78.7637 0.0911145
78.8588 -0.370535
78.9538 -0.725813
79.0488 -0.932754
79.1439 -1.08752
79.2389 -0.866245
79.3339 -0.458748
79.4289 0.0887235
79.524 0.681849
79.619 1.19474
79.714 1.39149
79.809 1.24067
79.9041 0.84045
79.9991 0.380183
80.0941 -0.0448963
80.1891 -0.471505
80.2842 -0.570368
80.3792 -0.814188
80.4742 -1.01366
80.5693 -1.17761
80.6643 -1.29394
80.7593 -1.33407
80.8543 -1.79873
80.9494 -1.64348
81.0444 -1.16558
81.1394 -0.677853
81.2344 -0.156853
81.3295 0.191417
81.4245 0.408513
81.5195 0.4786
81.6146 0.494253
81.7096 0.549659
81.8046 0.726181
81.8996 1.05375
81.9947 1.49014
82.0897 1.93047
82.1847 2.18708
82.2797 1.90331
82.3748 1.7562
82.4698 1.53079
82.5648 1.15106
82.6599 0.759878
82.7549 0.610078
82.8499 0.285457
82.9449 -0.00645259
83.04 -0.253892
83.135 -0.43188
83.23 -0.482602
83.325 -0.538718
83.4201 -0.3614
83.5151 -0.00574253
83.6101 0.525192
83.7052 0.662372
83.8002 0.639776
83.8952 0.485997
83.9902 0.0918499
84.0853 -0.465432
84.1803 -0.916392
84.2753 -0.792891
84.3703 -0.63718
84.4654 -0.278977
84.5604 0.17605
84.6554 0.678505
84.7504 1.10808
84.8455 1.41666
84.9405 1.54337
85.0355 1.62376
85.1306 1.71049
85.2256 1.90458
85.3206 1.88111
85.4156 1.71861
85.5107 1.42197
85.6057 1.23123
85.7007 0.797069
85.7957 0.296957
85.8908 -0.0911909
85.9858 -0.464391
86.0808 -0.835844
86.1759 -1.15518
86.2709 -1.26007
86.3659 -1.28902
86.4609 -1.22567
86.556 -1.22881
86.651 -1.04198
86.746 -0.859582
86.841 -0.622795
86.9361 -0.396016
87.0311 -0.252012
87.1261 -0.238322
87.2212 -0.352268
87.3162 -0.618608
87.4112 -0.769106
87.5062 -0.820979
87.6013 -0.719945
87.6963 -0.472011
87.7913 -0.40668
87.8863 -0.112081
87.9814 0.197217
88.0764 0.394102
88.1714 0.497717
88.2664 0.537146
88.3615 0.568264
88.4565 0.645072
88.5515 0.793523
88.6466 0.767424
88.7416 0.975319
88.8366 1.24444
88.9316 1.36327
89.0267 1.35576
89.1217 1.22522
89.2167 1.07099
89.3117 0.799163
89.4068 0.512626
89.5018 0.250352
89.5968 0.0340763
89.6919 -0.132364
89.7869 -0.256726
89.8819 -0.348454
89.9769 -0.312606
90.072 -0.364608
90.167 -0.345047
90.262 0.00131451
90.357 -0.0326401
90.4521 0.0717893
90.5471 0.169911
90.6421 -0.0512062
90.7372 -0.163991
90.8322 -0.322389
90.9272 -0.607984
91.0222 -0.74214
91.1173 -0.783368
91.2123 -0.686361
91.3073 -0.264388
91.4023 0.0484722
91.4974 0.372023
91.5924 0.681809
91.6874 0.828
91.7824 0.963611
91.8775 0.602343
91.9725 0.446141
92.0675 0.301025
92.1626 0.205894
92.2576 0.169194
92.3526 0.169257
92.4476 -0.114948
92.5427 -0.128108
