2 -0.886135
2.09202 -0.201097
2.18404 0.305336
2.27607 0.467457
2.36809 0.549048
2.46011 0.0432959
2.55213 -0.593373
2.64416 -0.938323
2.73618 -0.65417
2.8282 -0.103742
2.92022 0.812372
3.01224 1.6361
3.10427 2.34067
3.19629 2.69166
3.28831 2.5375
3.38033 1.98812
3.47236 1.18042
3.56438 0.338669
3.6564 -0.830138
3.74842 -1.07452
3.84044 -0.915039
3.93247 -0.481974
4.02449 -0.0121693
4.11651 0.610931
4.20853 0.692225
4.30056 0.62181
4.39258 0.348393
4.4846 0.117713
4.57662 0.0329425
4.66864 0.1095
4.76067 0.279195
4.85269 0.433251
4.94471 0.35574
5.03673 0.251147
5.12876 0.0791424
5.22078 0.201111
5.3128 0.117037
5.40482 0.135828
5.49684 0.258541
5.58887 0.436603
5.68089 0.599925
5.77291 0.695748
5.86493 0.717856
5.95696 0.555647
6.04898 0.359893
6.141 0.855139
6.23302 1.20696
6.32505 1.60015
6.41707 1.94085
6.50909 2.14318
6.60111 2.16802
6.69313 1.99527
6.78516 1.73256
6.87718 1.46048
6.9692 1.27302
7.06122 1.18008
7.15325 1.14715
7.24527 1.11575
7.33729 1.3
7.42931 1.2292
7.52133 1.05088
7.61336 0.804734
7.70538 0.709483
7.7974 0.404804
7.88942 0.0472827
7.98145 -0.393223
8.07347 -0.991911
8.16549 -1.43908
8.25751 -1.68939
8.34953 -2.04077
8.44156 -1.93914
8.53358 -1.58068
8.6256 -1.03699
8.71762 -0.424279
8.80965 0.130698
8.90167 0.524998
8.99369 0.870505
9.08571 0.623612
9.17773 0.342049
9.26976 0.236048
9.36178 0.125374
9.4538 0.021184
9.54582 -0.0594345
9.63785 0.417142
9.72987 1.26494
9.82189 2.21978
9.91391 3.28112
10.0059 4.24818
10.098 4.97666
10.19 5.33383
10.282 5.00963
10.374 4.11966
10.466 2.75105
10.5581 1.30826
10.6501 -0.141971
10.7421 -0.942911
10.8341 -1.03353
10.9262 -0.864434
11.0182 -0.62726
11.1102 -0.552961
11.2022 -0.834706
11.2942 -1.00737
11.3863 -0.9281
11.4783 -0.768078
11.5703 -0.534533
11.6623 -0.255973
11.7544 0.0310991
11.8464 0.40623
11.9384 0.642446
12.0304 1.03072
12.1224 1.02926
12.2145 0.886358
12.3065 0.614597
12.3985 0.237715
12.4905 -0.19877
12.5826 -0.987523
12.6746 -1.3908
12.7666 -1.44287
12.8586 -1.18778
12.9506 -0.680572
13.0427 -0.0471507
13.1347 0.555851
13.2267 0.994427
13.3187 1.20109
13.4108 1.18954
13.5028 1.0335
13.5948 0.821026
13.6868 0.608193
13.7788 0.39754
13.8709 0.153858
13.9629 -0.150082
14.0549 -0.853009
14.1469 -1.14803
14.239 -1.10573
14.331 -0.573451
14.423 0.492427
14.515 1.97385
14.607 3.5966
14.6991 4.77733
14.7911 5.57386
14.8831 5.66775
14.9751 5.0795
15.0672 3.94768
15.1592 2.64097
15.2512 1.288
15.3432 0.571885
15.4352 0.30662
15.5273 0.395425
15.6193 0.800501
15.7113 0.940659
15.8033 1.09109
15.8954 0.732279
15.9874 0.0976973
16.0794 -0.803025
16.1714 -1.53966
16.2634 -2.13235
16.3555 -2.20124
16.4475 -2.251
16.5395 -1.86194
16.6315 -1.634
16.7236 -1.46681
16.8156 -1.39457
16.9076 -1.38373
16.9996 -1.25771
17.0916 -1.20797
17.1837 -0.702484
17.2757 -0.0765333
17.3677 0.710787
17.4597 1.45201
17.5518 2.34327
17.6438 2.47987
17.7358 2.58738
17.8278 2.29171
17.9198 1.95337
18.0119 1.82669
18.1039 2.07954
18.1959 2.6946
18.2879 3.32296
18.38 3.652
18.472 3.59565
18.564 2.84733
18.656 1.64523
18.748 0.0521939
18.8401 -1.13233
18.9321 -1.71745
19.0241 -1.50785
19.1161 -0.67693
19.2082 0.360929
19.3002 1.15878
19.3922 1.33767
19.4842 0.867907
19.5762 -0.0134379
19.6683 -0.904906
19.7603 -1.23559
19.8523 -1.15407
19.9443 -0.631227
20.0364 0.0974893
20.1284 0.769493
20.2204 1.24954
20.3124 1.51135
20.4044 1.72737
20.4965 2.06817
20.5885 2.58173
20.6805 3.12724
20.7725 3.80013
20.8646 3.47014
20.9566 2.44711
21.0486 0.879809
21.1406 -0.857929
21.2326 -2.3151
21.3247 -3.15517
21.4167 -3.29543
21.5087 -2.92244
21.6007 -2.74089
21.6928 -2.31917
21.7848 -2.0597
21.8768 -1.82712
21.9688 -1.33614
22.0608 -0.328524
22.1529 1.24583
22.2449 2.89307
22.3369 4.63917
22.4289 5.7924
22.521 6.04018
22.613 5.37118
22.705 4.07622
22.797 2.61653
22.889 1.42595
22.9811 0.74306
23.0731 0.549221
23.1651 0.631517
23.2571 0.726273
23.3492 0.662278
23.4412 0.430793
23.5332 0.155127
23.6252 -0.0106594
23.7172 0.0121143
23.8093 0.178992
23.9013 0.35757
23.9933 0.419285
24.0853 0.327977
24.1774 0.168479
24.2694 0.0958638
24.3614 0.235217
24.4534 0.593787
24.5454 1.04236
24.6375 1.38277
24.7295 1.46615
24.8215 1.29255
24.9135 1.02823
25.0056 0.921169
25.0976 1.15451
25.1896 1.71844
25.2816 2.37811
25.3736 2.76769
25.4657 2.57197
25.5577 1.70472
25.6497 0.387221
25.7417 -0.923573
25.8338 -1.73076
25.9258 -1.72477
26.0178 -0.929225
26.1098 0.309082
26.2018 1.48234
26.2939 2.15454
26.3859 2.14807
26.4779 1.59243
26.5699 0.817872
26.662 0.158423
26.754 -0.223934
26.846 -0.397336
26.938 -0.571705
27.03 -0.919703
27.1221 -1.41616
27.2141 -1.79722
27.3061 -1.67426
27.3981 -0.748411
27.4902 0.99054
27.5822 3.1966
27.6742 5.281
27.7662 6.65903
27.8582 7.00701
27.9503 6.39434
28.0423 5.21767
28.1343 3.96837
28.2263 2.95602
28.3184 2.13836
28.4104 1.15556
28.5024 -0.441879
28.5944 -2.88805
28.6864 -5.98325
28.7785 -9.08656
28.8705 -11.3361
28.9625 -11.9947
29.0545 -10.7507
29.1466 -7.82646
29.2386 -3.84497
29.3306 0.465376
29.4226 4.56678
29.5146 8.25039
29.6067 11.5509
29.6987 14.5002
29.7907 16.88
29.8827 18.1383
29.9748 17.5496
30.0668 14.558
30.1588 9.13103
30.2508 1.92769
30.3428 -5.82915
30.4349 -12.7381
30.5269 -17.6851
30.6189 -20.1643
30.7109 -20.302
30.803 -18.5841
30.895 -15.4521
30.987 -11.0071
31.079 -5.00736
31.171 2.81241
31.2631 12.2576
31.3551 22.2904
31.4471 30.9859
31.5391 35.9068
31.6312 34.778
31.7232 26.1897
31.8152 10.0553
31.9072 -12.319
31.9992 -38.4974
32.0913 -65.3003
32.1833 -89.0985
32.2753 -105.936
32.3673 -111.625
32.4594 -102.09
32.5514 -74.2191
32.6434 -27.2097
32.7354 35.9607
32.8274 107.607
32.9195 175.66
33.0115 225.635
33.1035 244.027
33.1955 222.269
33.2876 159.951
33.3796 66.0272
33.4716 -42.6697
33.5636 -145.43
33.6556 -223.036
33.7477 -262.817
33.8397 -261.721
33.9317 -226.415
34.0237 -170.444
34.1158 -109.535
34.2078 -56.7078
34.2998 -18.8824
34.3918 4.02047
34.4838 17.4296
34.5759 28.8279
34.6679 44.2272
34.7599 65.7691
34.8519 91.2277
34.944 115.362
35.036 132.343
35.128 138.146
35.22 131.933
35.312 115.994
35.4041 94.4328
35.4961 71.3259
35.5881 49.1814
35.6801 28.3389
35.7722 7.46325
35.8642 -15.1981
35.9562 -40.4327
36.0482 -67.2004
36.1402 -92.6654
36.2323 -113.087
36.3243 -125.168
36.4163 -127.281
36.5083 -120.068
36.6004 -106.178
36.6924 -89.2871
36.7844 -72.7773
36.8764 -58.6191
36.9684 -46.8559
37.0605 -35.8584
37.1525 -23.2111
37.2445 -6.86308
37.3365 13.8995
37.4286 38.0129
37.5206 62.86
37.6126 85.0426
37.7046 101.395
37.7966 109.866
37.8887 109.987
37.9807 102.795
38.0727 90.3285
38.1647 74.906
38.2568 58.4959
38.3488 42.3649
38.4408 27.0762
38.5328 12.7455
38.6248 -0.625833
38.7169 -12.92
38.8089 -23.8699
38.9009 -33.1995
38.9929 -40.8185
39.085 -46.9309
39.177 -51.9695
39.269 -56.3743
39.361 -60.324
39.453 -63.5701
39.5451 -65.4758
39.6371 -65.2651
39.7291 -62.3759
39.8211 -56.7543
39.9132 -48.9443
40.0052 -39.9235
40.0972 -30.7555
40.1892 -22.2161
40.2812 -14.5648
40.3733 -7.56014
40.4653 -0.6988
40.5573 6.44614
40.6493 13.9576
40.7414 21.5037
40.8334 28.4868
40.9254 34.3236
41.0174 38.707
41.1095 41.7141
41.2015 43.7138
41.2935 45.1321
41.3855 46.2099
41.4775 46.8819
41.5696 46.8404
41.6616 45.7391
41.7536 43.4164
41.8456 40.0057
41.9377 35.8637
42.0297 31.3534
42.1217 26.6033
42.2137 21.3897
42.3057 15.2268
42.3978 7.64189
42.4898 -1.49595
42.5818 -11.7642
42.6738 -22.2198
42.7659 -31.685
42.8579 -39.1709
42.9499 -44.2425
43.0419 -47.1517
43.1339 -48.6692
43.226 -49.688
43.318 -50.7841
43.41 -51.9414
43.502 -52.5709
43.5941 -51.8133
43.6861 -48.9809
43.7781 -43.9252
43.8701 -37.16
43.9621 -29.6804
44.0542 -22.5683
44.1462 -16.5679
44.2382 -11.8253
44.3302 -7.90145
44.4223 -4.03797
44.5143 0.460021
44.6063 5.90487
44.6983 12.109
44.7903 18.5038
44.8824 24.4165
44.9744 29.3615
45.0664 33.2084
45.1584 36.1631
45.2505 38.5922
45.3425 40.7941
45.4345 42.834
45.5265 44.5167
45.6185 45.4947
45.7106 45.4443
45.8026 44.2144
45.8946 41.8805
45.9866 38.6868
46.0787 34.9204
46.1707 30.7858
46.2627 26.3404
46.3547 21.5117
46.4467 16.1727
46.5388 10.2311
46.6308 3.68869
46.7228 -3.34643
46.8148 -10.6819
46.9069 -18.0718
46.9989 -25.2362
47.0909 -31.8672
47.1829 -37.6416
47.2749 -42.2572
47.367 -45.4968
47.459 -47.299
47.551 -47.7976
47.643 -47.2964
47.7351 -46.1767
47.8271 -44.7654
47.9191 -43.2221
48.0111 -41.4975
48.1031 -39.3858
48.1952 -36.6481
48.2872 -33.1476
48.3792 -28.9285
48.4712 -24.2015
48.5633 -19.243
48.6553 -14.2641
48.7473 -9.31989
48.8393 -4.31129
48.9313 0.920384
49.0234 6.45425
49.1154 12.1827
49.2074 17.7991
49.2994 22.8947
49.3915 27.1228
49.4835 30.3488
49.5755 32.7083
49.6675 34.5388
49.7595 36.2112
49.8516 37.9423
49.9436 39.6758
50.0356 41.093
50.1276 41.7481
50.2197 41.265
50.3117 39.5042
50.4037 36.6206
50.4957 32.9916
50.5877 29.0528
50.6798 25.124
50.7718 21.3065
50.8638 17.4957
50.9558 13.4932
51.0479 9.15445
51.1399 4.49564
51.2319 -0.293423
51.3239 -4.93142
51.4159 -9.17569
51.508 -12.9306
51.6 -16.2776
51.692 -19.4128
51.784 -22.5253
51.8761 -25.6785
51.9681 -28.7557
52.0601 -31.4938
52.1521 -33.5906
52.2441 -34.8307
52.3362 -35.1715
52.4282 -34.7523
52.5202 -33.8262
52.6122 -32.6526
52.7043 -31.4007
52.7963 -30.1061
52.8883 -28.6924
52.9803 -27.0374
53.0723 -25.0468
53.1644 -22.6976
53.2564 -20.0365
53.3484 -17.1428
53.4404 -14.0813
53.5325 -10.8743
53.6245 -7.50685
53.7165 -3.95785
53.8085 -0.237643
53.9005 3.59224
53.9926 7.42837
54.0846 11.1585
54.1766 14.6994
54.2686 18.017
54.3607 21.1177
54.4527 24.0136
54.5447 26.681
54.6367 29.0341
54.7287 30.9316
54.8208 32.215
54.9128 32.7658
55.0048 32.5557
55.0968 31.6688
55.1889 30.2837
55.2809 28.6211
55.3729 26.8747
55.4649 25.1509
55.5569 23.4381
55.649 21.6186
55.741 19.5192
55.833 16.9843
55.925 13.9494
56.0171 10.487
56.1091 6.80846
56.2011 3.21467
56.2931 0.00842235
56.3851 -2.60701
56.4772 -4.60792
56.5692 -6.17777
56.6612 -7.66579
56.7532 -9.48332
56.8453 -11.9679
56.9373 -15.2607
57.0293 -19.2412
57.1213 -23.5446
57.2133 -27.6606
57.3054 -31.077
57.3974 -33.4209
57.4894 -34.5466
57.5814 -34.543
57.6735 -33.6654
57.7655 -32.224
57.8575 -30.4763
57.9495 -28.563
58.0415 -26.5057
58.1336 -24.255
58.2256 -21.7573
58.3176 -19.0062
58.4096 -16.0548
58.5017 -12.9897
58.5937 -9.88652
58.6857 -6.77562
58.7777 -3.63819
58.8697 -0.435642
58.9618 2.84416
59.0538 6.15033
59.1458 9.36372
59.2378 12.3288
59.3299 14.9094
59.4219 17.0411
59.5139 18.7562
59.6059 20.1671
59.6979 21.4158
59.79 22.6115
59.882 23.7846
59.974 24.8752
60.066 25.7596
60.1581 26.3013
60.2501 26.4019
60.3421 26.0326
60.4341 25.2347
60.5261 24.094
60.6182 22.7041
60.7102 21.1338
60.8022 19.4123
60.8942 17.5327
60.9863 15.4674
61.0783 13.1887
61.1703 10.6841
61.2623 7.96609
61.3543 5.07635
61.4464 2.08569
61.5384 -0.910009
61.6304 -3.80047
61.7224 -6.47988
61.8145 -8.87176
61.9065 -10.9521
61.9985 -12.7598
62.0905 -14.3849
62.1825 -15.934
62.2746 -17.4815
62.3666 -19.0269
62.4586 -20.4761
62.5506 -21.6612
62.6427 -22.3946
62.7347 -22.5405
62.8267 -22.0744
62.9187 -21.1077
63.0107 -19.8622
63.1028 -18.6037
63.1948 -17.5566
63.2868 -16.8319
63.3788 -16.3939
63.4709 -16.0767
63.5629 -15.6417
63.6549 -14.8547
63.7469 -13.5527
63.8389 -11.6827
63.931 -9.30141
64.023 -6.54568
64.115 -3.58822
64.207 -0.596066
64.2991 2.29669
64.3911 4.99937
64.4831 7.46293
64.5751 9.67322
64.6671 11.6441
64.7592 13.4115
64.8512 15.0246
64.9432 16.5333
65.0352 17.9695
65.1273 19.3291
65.2193 20.5613
65.3113 21.5711
65.4033 22.2398
65.4953 22.4553
65.5874 22.147
65.6794 21.3097
65.7714 20.0106
65.8634 18.3747
65.9555 16.5544
66.0475 14.6923
66.1395 12.8885
66.2315 11.1824
66.3235 9.55416
66.4156 7.94165
66.5076 6.2699
66.5996 4.48188
66.6916 2.56272
66.7837 0.55071
66.8757 -1.46814
66.9677 -3.38027
67.0597 -5.07433
67.1517 -6.47206
67.2438 -7.55129
67.3358 -8.35344
67.4278 -8.97218
67.5198 -9.52567
67.6119 -10.1204
67.7039 -10.8179
67.7959 -11.6157
67.8879 -12.4494
67.9799 -13.2149
68.072 -13.8032
68.164 -14.1358
68.256 -14.1866
68.348 -13.9832
68.4401 -13.5884
68.5321 -13.0694
68.6241 -12.4677
68.7161 -11.7834
68.8081 -10.9789
68.9002 -10.0008
68.9922 -8.81001
69.0842 -7.40618
69.1762 -5.83661
69.2683 -4.18464
69.3603 -2.54325
69.4523 -0.985122
69.5443 0.45751
69.6363 1.79477
69.7284 3.06238
69.8204 4.29452
69.9124 5.49913
70.0044 6.6477
70.0965 7.6846
70.1885 8.55187
70.2805 9.21805
70.3725 9.69694
70.4645 10.0466
70.5566 10.3476
70.6486 10.6691
70.7406 11.037
70.8326 11.4196
70.9247 11.7364
71.0167 11.8882
71.1087 11.7965
71.2007 11.4357
71.2927 10.8445
71.3848 10.113
71.4768 9.3498
71.5688 8.64368
71.6608 8.0346
71.7529 7.50484
71.8449 6.99246
71.9369 6.42041
72.0289 5.72905
72.1209 4.90008
72.213 3.9643
72.305 2.99233
72.397 2.07328
72.489 1.28895
72.5811 0.690587
72.6731 0.282534
72.7651 0.0148552
72.8571 -0.214686
72.9491 -0.548664
73.0412 -1.14761
73.1332 -2.15806
73.2252 -3.67512
73.3172 -5.70747
73.4093 -8.15544
73.5013 -10.8117
73.5933 -13.3894
73.6853 -15.5729
73.7773 -17.0808
73.8694 -17.7221
73.9614 -17.432
74.0534 -16.2757
74.1454 -14.4228
74.2375 -12.1007
74.3295 -9.54307
74.4215 -6.94658
74.5135 -4.4469
74.6055 -2.11497
74.6976 0.029556
74.7896 1.99493
74.8816 3.79117
74.9736 5.40743
75.0657 6.79714
75.1577 7.87498
75.2497 8.52863
75.3417 8.64588
75.4337 8.15401
75.5258 7.0618
75.6178 5.49031
75.7098 3.67759
75.8018 1.94804
75.8939 0.648017
75.9859 0.0623845
76.0779 0.336418
76.1699 1.42899
76.2619 3.11487
76.354 5.03828
76.446 6.80255
76.538 8.06873
76.63 8.63369
76.7221 8.46669
76.8141 7.69853
76.9061 6.57256
76.9981 5.37697
77.0901 4.37885
77.1822 3.77469
77.2742 3.66308
77.3662 4.03773
77.4582 4.79626
77.5503 5.76113
77.6423 6.71099
77.7343 7.42117
77.8263 7.70853
77.9183 7.47089
78.0104 6.70875
78.1024 5.51912
78.1944 4.06073
78.2864 2.50106
78.3785 0.965443
78.4705 -0.490779
78.5625 -1.87489
78.6545 -3.21821
78.7465 -4.52576
78.8386 -5.74124
78.9306 -6.74846
79.0226 -7.41346
79.1146 -7.65048
79.2067 -7.48046
79.2987 -7.05043
79.3907 -6.59775
79.4827 -6.36807
79.5747 -6.51855
79.6668 -7.04786
79.7588 -7.78532
79.8508 -8.44714
79.9428 -8.73899
80.0349 -8.4634
80.1269 -7.5884
80.2189 -6.25077
80.3109 -4.69583
80.4029 -3.18228
80.495 -1.89392
80.587 -0.893541
80.679 -0.132606
80.771 0.496049
80.8631 1.09327
80.9551 1.70919
81.0471 2.33775
81.1391 2.94631
81.2311 3.51783
81.3232 4.07806
81.4152 4.68987
81.5072 5.41669
81.5992 6.27548
81.6913 7.20675
81.7833 8.08175
81.8753 8.74716
81.9673 9.08804
82.0593 9.07823
82.1514 8.79238
82.2434 8.37172
82.3354 7.95848
82.4274 7.62972
82.5195 7.36255
82.6115 7.0477
82.7035 6.54544
82.7955 5.75736
82.8875 4.67981
82.9796 3.41416
83.0716 2.12942
83.1636 0.995855
83.2556 0.120998
83.3477 -0.482818
83.4397 -0.88668
83.5317 -1.19836
83.6237 -1.50622
83.7157 -1.84233
83.8078 -2.18147
83.8998 -2.47316
83.9918 -2.84068
84.0838 -3.00649
84.1759 -3.1337
84.2679 -3.29441
84.3599 -3.52304
84.4519 -3.78108
84.5439 -3.95896
84.636 -3.91922
84.728 -3.56405
84.82 -2.73747
84.912 -1.88542
85.0041 -1.09018
85.0961 -0.577732
85.1881 -0.495431
85.2801 -0.851493
85.3721 -1.50547
85.4642 -2.19052
85.5562 -2.70093
85.6482 -2.84923
85.7402 -2.24941
85.8323 -1.56936
85.9243 -0.594479
86.0163 0.51527
86.1083 1.33258
86.2003 2.33797
86.2924 3.2133
86.3844 3.99203
86.4764 4.65933
86.5684 5.45307
86.6605 5.74618
86.7525 5.73074
86.8445 5.30547
86.9365 4.48089
87.0285 3.64271
87.1206 2.8839
87.2126 2.14768
87.3046 1.66351
87.3966 1.36342
87.4887 1.13372
87.5807 0.903419
87.6727 0.485756
87.7647 0.118419
87.8567 -0.0549769
87.9488 0.281844
88.0408 0.49518
88.1328 0.935917
88.2248 1.40782
88.3169 1.32094
88.4089 0.556798
88.5009 -0.291887
88.5929 -1.21157
88.6849 -2.08378
88.777 -2.64956
88.869 -2.47443
88.961 -2.1005
89.053 -1.29324
89.1451 -0.649146
89.2371 0.372848
89.3291 1.14881
89.4211 1.70375
89.5131 2.05462
89.6052 2.3231
89.6972 2.39818
89.7892 2.60462
89.8812 2.82561
89.9733 3.20447
90.0653 3.56961
90.1573 3.39665
90.2493 3.32778
90.3413 2.91522
90.4334 2.23174
90.5254 1.38086
90.6174 0.200216
90.7094 -0.459113
90.8015 -0.793471
90.8935 -0.772091
90.9855 -0.566013
91.0775 -0.063698
91.1695 0.565009
91.2616 1.14048
91.3536 1.54093
91.4456 1.7205
91.5376 1.71734
91.6297 1.39951
91.7217 1.25312
91.8137 1.38482
91.9057 1.89137
91.9977 2.24174
92.0898 2.4455
92.1818 2.40714
92.2738 2.09741
92.3658 1.56033
92.4579 0.703475
92.5499 -0.0205826
92.6419 -0.633158
92.7339 -1.11182
92.8259 -1.49279
92.918 -1.84013
93.01 -2.20659
93.102 -2.56255
93.194 -2.98343
93.2861 -3.78336
93.3781 -4.10476
93.4701 -4.25469
93.5621 -4.21577
93.6541 -4.00262
93.7462 -3.63711
93.8382 -3.12226
93.9302 -2.43152
94.0222 -1.52216
94.1143 -0.368665
94.2063 1.45058
94.2983 2.86123
94.3903 4.07961
94.4823 5.03917
94.5744 5.54771
94.6664 5.55737
94.7584 5.11604
94.8504 4.35873
94.9425 3.47443
95.0345 2.65909
95.1265 1.89787
95.2185 1.64956
95.3105 2.01058
95.4026 2.72266
95.4946 3.13589
95.5866 3.30458
95.6786 3.25498
95.7707 3.14301
95.8627 2.86477
95.9547 2.4251
96.0467 1.91117
96.1387 1.22157
