-3.78 -0.654866
-3.68 -0.237723
-3.58 -0.244059
-3.48 -0.000339559
-3.38 0.119787
-3.28 0.512193
-3.18 0.943981
-3.08 0.607473
-2.98 -0.0538416
-2.88 -0.551051
-2.78 -0.886456
-2.68 -1.01124
-2.58 -0.694049
-2.48 -0.362279
-2.38 -0.0543873
-2.28 0.0755825
-2.18 0.704477
-2.08 1.14608
-1.98 1.28985
-1.88 1.26266
-1.78 0.65295
-1.68 0.139683
-1.58 0.134879
-1.48 0.143056
-1.38 0.476799
-1.28 0.467669
-1.18 0.503078
-1.08 0.611545
-0.98 0.822772
-0.88 0.718489
-0.78 0.257039
-0.68 -0.137786
-0.58 -0.402497
-0.48 -0.388564
-0.38 -0.259454
-0.28 0.0825015
-0.18 0.553094
-0.08 0.996811
0.02 1.46387
0.12 1.83009
0.22 2.47141
0.32 3.08825
0.42 3.28565
0.52 2.87333
0.62 1.94694
0.72 0.90602
0.82 0.289377
0.92 -0.368094
1.02 -1.03026
1.12 -1.62871
1.22 -2.01738
1.32 -2.22832
1.42 -2.31178
1.52 -2.30142
1.62 -2.66405
1.72 -3.13313
1.82 -3.26738
1.92 -3.16794
2.02 -2.9898
2.12 -2.51246
2.22 -1.66825
2.32 -0.476302
2.42 0.93923
2.52 2.12459
2.62 2.64011
2.72 2.92839
2.82 3.37939
2.92 3.58751
3.02 3.11725
3.12 1.94444
3.22 0.991572
3.32 0.381117
3.42 0.0747548
3.52 -0.0933031
3.62 0.352396
3.72 0.810931
3.82 0.957974
3.92 0.801532
4.02 0.520636
4.12 0.556753
4.22 0.991748
4.32 1.04874
4.42 0.374773
4.52 0.0470732
4.62 -0.421149
4.72 -1.04043
4.82 -1.1126
4.92 -1.13964
5.02 -0.934938
5.12 0.0839147
5.22 1.12632
5.32 1.99633
5.42 1.8678
5.52 0.861154
5.62 -0.30404
5.72 -1.25281
5.82 -2.26969
5.92 -3.06445
6.02 -3.28016
6.12 -3.02204
6.22 -2.34
6.32 -1.14114
6.42 -0.308733
6.52 0.256097
6.62 -0.358977
6.72 -0.785863
6.82 -1.03542
6.92 -0.601597
7.02 0.271689
7.12 1.34419
7.22 2.42247
7.32 3.46752
7.42 4.32124
7.52 4.64747
7.62 4.19156
7.72 3.32756
7.82 2.49314
7.92 1.63532
8.02 0.651219
8.12 -0.325977
8.22 -1.04008
8.32 -1.59504
8.42 -1.38091
8.52 -0.618483
8.62 -0.14863
8.72 -0.170798
8.82 -0.523362
8.92 -0.00258759
9.02 0.966561
9.12 1.78214
9.22 1.90478
9.32 1.56013
9.42 1.29946
9.52 1.16369
9.62 1.18131
9.72 1.34843
9.82 1.71021
9.92 1.09744
10.02 0.496392
10.12 0.174455
10.22 -0.0574404
10.32 -0.470505
10.42 -0.85844
10.52 -0.900873
10.62 -0.729455
10.72 -0.501937
10.82 -0.613504
10.92 -1.07487
11.02 -0.766241
11.12 -0.171306
11.22 0.349402
11.32 1.1084
11.42 1.52921
11.52 1.30552
11.62 1.03356
11.72 0.710447
11.82 0.27682
11.92 -0.423248
12.02 -0.655571
12.12 -0.452741
12.22 0.320311
12.32 1.30292
12.42 1.86877
12.52 1.95003
12.62 1.73479
12.72 1.0511
12.82 0.362675
12.92 -0.124876
13.02 -0.272655
13.12 -0.421428
13.22 -0.708328
13.32 -0.891219
13.42 -1.50497
13.52 -1.26161
13.62 -0.423604
13.72 0.551694
13.82 1.04448
13.92 1.16607
14.02 1.60248
14.12 1.98106
14.22 2.001
14.32 1.60191
14.42 0.754171
14.52 0.397962
14.62 0.420041
14.72 0.697571
14.82 1.27507
14.92 1.87744
15.02 1.83341
15.12 1.95335
15.22 1.95278
15.32 1.12869
15.42 0.127736
15.52 -0.879746
15.62 -1.77743
15.72 -2.08899
15.82 -1.67115
15.92 -0.795301
16.02 -0.138512
16.12 0.257696
16.22 0.323648
16.32 0.207128
16.42 -0.134764
16.52 -0.732107
16.62 -1.18572
16.72 -1.05297
16.82 -0.431648
16.92 0.506372
17.02 1.82755
17.12 2.96051
17.22 3.38036
17.32 2.66368
17.42 0.993902
17.52 -1.10894
17.62 -2.77456
17.72 -3.57315
17.82 -3.14987
17.92 -2.28274
18.02 -0.972901
18.12 0.2629
18.22 1.18276
18.32 2.26094
18.42 3.25445
18.52 3.82683
18.62 3.63769
18.72 2.92853
18.82 1.94883
18.92 1.37407
19.02 1.46113
19.12 1.56989
19.22 1.4126
19.32 1.30994
19.42 1.21956
19.52 1.12625
19.62 0.653712
19.72 0.21494
19.82 0.201046
19.92 0.457363
20.02 0.540008
20.12 0.548866
20.22 0.530876
20.32 0.0301413
20.42 -0.674757
20.52 -1.30499
20.62 -1.80539
20.72 -2.05626
20.82 -2.03077
20.92 -1.44734
21.02 -0.478762
21.12 0.534221
21.22 1.55417
21.32 2.51945
21.42 3.11949
21.52 2.96516
21.62 2.06857
21.72 0.775187
21.82 -0.920968
21.92 -3.05696
22.02 -5.4723
22.12 -7.52245
22.22 -8.70963
22.32 -8.4813
22.42 -6.40712
22.52 -3.11969
22.62 0.935509
22.72 5.67262
22.82 10.6014
22.92 14.8845
23.02 18.1071
23.12 19.5262
23.22 18.7389
23.32 15.7358
23.42 10.9026
23.52 4.72246
23.62 -2.57506
23.72 -9.99851
23.82 -16.0936
23.92 -20.1424
24.02 -22.0892
24.12 -21.7517
24.22 -18.7981
24.32 -13.693
24.42 -6.50659
24.52 2.51653
24.62 12.5253
24.72 22.6242
24.82 30.8398
24.92 34.0595
25.02 30.4852
25.12 17.9182
25.22 -5.72273
25.32 -37.1767
25.42 -71.4649
25.52 -99.6203
25.62 -111.232
25.72 -102.434
25.82 -73.378
25.92 -22.2159
26.02 48.4379
26.12 125.143
26.22 189.87
26.32 226.474
26.42 230.187
26.52 193.6
26.62 98.5784
26.72 -38.7472
26.82 -163.679
26.92 -231.764
27.02 -251.536
27.12 -236.646
27.22 -190.574
27.32 -129.313
27.42 -72.8666
27.52 -30.3024
27.62 -1.96099
27.72 15.7358
27.82 26.6555
27.92 36.9084
28.02 51.4087
28.12 71.9095
28.22 96.5997
28.32 118.385
28.42 129.527
28.52 127.127
28.62 111.508
28.72 86.4806
28.82 59.7131
28.92 36.0146
29.02 14.4926
29.12 -6.5345
29.22 -29.1681
29.32 -55.1933
29.42 -83.4165
29.52 -107.222
29.62 -120.568
29.72 -121.673
29.82 -112.423
29.92 -97.2412
30.02 -80.8103
30.12 -66.6527
30.22 -55.3956
30.32 -44.4885
30.42 -31.424
30.52 -13.9457
30.62 9.41585
30.72 37.4489
30.82 66.8264
30.92 91.6486
31.02 107.11
31.12 111.825
31.22 106.649
31.32 95.793
31.42 83.0728
31.52 71.0342
31.62 60.4084
31.72 49.7872
31.82 36.9892
31.92 19.9297
32.02 -0.900138
32.12 -23.4955
32.22 -44.307
32.32 -61.2095
32.42 -73.1852
32.52 -80.1341
32.62 -82.9599
32.72 -82.28
32.82 -78.8724
32.92 -73.2299
33.02 -65.5699
33.12 -56.6215
33.22 -47.2094
33.32 -37.7711
33.42 -28.4726
33.52 -19.3963
33.62 -9.65021
33.72 1.26944
33.82 12.7394
33.92 23.5241
34.02 32.2722
34.12 38.3764
34.22 42.1404
34.32 43.8931
34.42 43.6757
34.52 42.4485
34.62 41.6924
34.72 41.9905
34.82 42.9507
34.92 44.2714
35.02 45.2624
35.12 45.4221
35.22 44.2905
35.32 41.938
35.42 38.5491
35.52 33.1936
35.62 24.561
35.72 12.2898
35.82 -2.50171
35.92 -18.323
36.02 -33.1575
36.12 -45.0565
36.22 -52.7831
36.32 -56.399
36.42 -57.5952
36.52 -57.4897
36.62 -56.6812
36.72 -55.4388
36.82 -53.8396
36.92 -51.5355
37.02 -47.6241
37.12 -41.8491
37.22 -35.2452
37.32 -28.578
37.42 -22.1637
37.52 -16.2561
37.62 -10.3082
37.72 -4.41561
37.82 1.64625
37.92 8.20532
38.02 14.8399
38.12 20.8875
38.22 26.5962
38.32 32.2461
38.42 37.3413
38.52 41.8407
38.62 45.7064
38.72 49.2056
38.82 51.7502
38.92 52.8652
39.02 52.0473
39.12 49.4768
39.22 45.5492
39.32 40.457
39.42 34.9928
39.52 29.5807
39.62 24.0317
39.72 18.2673
39.82 12.3256
39.92 6.06146
40.02 -0.307644
40.12 -6.72022
40.22 -13.1565
40.32 -19.61
40.42 -26.7381
40.52 -34.2374
40.62 -40.7206
40.72 -45.5413
40.82 -48.4764
40.92 -49.6339
41.02 -49.206
41.12 -48.0027
41.22 -46.2502
41.32 -43.8427
41.42 -41.0753
41.52 -37.8629
41.62 -34.466
41.72 -31.188
41.82 -27.9507
41.92 -23.9292
42.02 -18.7736
42.12 -12.7164
42.22 -5.99413
42.32 0.975102
42.42 7.83567
42.52 13.9852
42.62 19.6152
42.72 24.7589
42.82 29.1741
42.92 32.8969
43.02 35.7415
43.12 38.2888
43.22 41.247
43.32 44.0492
43.42 46.2732
43.52 47.7132
43.62 47.5196
43.72 45.9081
43.82 42.8173
43.92 38.4059
44.02 33.3293
44.12 28.2265
44.22 22.9608
44.32 17.7429
44.42 12.4841
44.52 7.45326
44.62 2.62758
44.72 -2.47164
44.82 -7.90208
44.92 -13.2576
45.02 -18.5152
45.12 -23.735
45.22 -28.3597
45.32 -32.137
45.42 -35.134
45.52 -37.4947
45.62 -39.2386
45.72 -40.4138
45.82 -40.7074
45.92 -40.2389
46.02 -39.0608
46.12 -37.0987
46.22 -34.8164
46.32 -32.5144
46.42 -30.1927
46.52 -27.5537
46.62 -24.5805
46.72 -20.745
46.82 -16.0367
46.92 -10.9793
47.02 -5.70773
47.12 -0.491565
47.22 4.60934
47.32 9.77523
47.42 14.4926
47.52 18.5366
47.62 21.8486
47.72 24.584
47.82 27.0816
47.92 29.5978
48.02 32.1965
48.12 34.2325
48.22 35.8146
48.32 36.5761
48.42 36.4326
48.52 35.0935
48.62 32.979
48.72 30.8721
48.82 29.0924
48.92 27.2643
49.02 25.0827
49.12 22.4136
49.22 19.3473
49.32 15.5554
49.42 11.5093
49.52 7.00619
49.62 1.89818
49.72 -2.98477
49.82 -7.06622
49.92 -10.3473
50.02 -13.1824
50.12 -15.9734
50.22 -18.8653
50.32 -21.0782
50.42 -22.4587
50.52 -23.2416
50.62 -24.1544
50.72 -25.5271
50.82 -26.9873
50.92 -28.4099
51.02 -29.1822
51.12 -29.1029
51.22 -28.5356
51.32 -27.9563
51.42 -27.246
51.52 -25.7154
51.62 -23.1241
51.72 -20.1066
51.82 -16.8992
51.92 -13.5945
52.02 -10.4889
52.12 -7.43373
52.22 -4.01068
52.32 0.152411
52.42 4.44005
52.52 8.11188
52.62 11.3352
52.72 14.4878
52.82 17.3733
52.92 20.2948
53.02 22.8829
53.12 24.3817
53.22 25.0329
53.32 25.626
53.42 26.3761
53.52 26.8321
53.62 26.6772
53.72 25.5989
53.82 23.9529
53.92 22.301
54.02 20.6832
54.12 18.9618
54.22 16.8901
54.32 14.3839
54.42 12.19
54.52 10.9275
54.62 10.0781
54.72 8.90114
54.82 6.6241
54.92 3.43976
55.02 0.209303
55.12 -2.55164
55.22 -4.64323
55.32 -6.47752
55.42 -8.5582
55.52 -10.7544
55.62 -12.7151
55.72 -14.0026
55.82 -15.1301
55.92 -16.2803
56.02 -17.4249
56.12 -18.1942
56.22 -18.9701
56.32 -19.9952
56.42 -20.9764
56.52 -22.2538
56.62 -23.65
56.72 -24.0426
56.82 -23.5182
56.92 -22.8808
57.02 -21.5938
57.12 -19.2635
57.22 -16.2376
57.32 -12.8865
57.42 -9.5567
57.52 -6.16721
57.62 -2.42437
57.72 1.44004
57.82 5.2998
57.92 9.0041
58.02 12.0262
58.12 14.3792
58.22 16.4318
58.32 17.8105
58.42 18.3997
58.52 18.3089
58.62 18.1533
58.72 18.2421
58.82 18.4065
58.92 18.3742
59.02 18.335
59.12 18.5541
59.22 18.8721
59.32 18.6057
59.42 17.847
59.52 16.8991
59.62 15.198
59.72 13.7817
59.82 12.7014
59.92 11.5556
60.02 9.50805
60.12 6.65124
60.22 3.83051
60.32 1.70276
60.42 0.00532645
60.52 -2.04657
60.62 -4.18607
60.72 -5.74211
60.82 -6.99476
60.92 -7.90207
61.02 -8.46331
61.12 -9.91107
61.22 -12.2593
61.32 -15.4001
61.42 -18.4977
61.52 -20.5596
61.62 -21.2684
61.72 -21.1517
61.82 -19.8928
61.92 -18.0573
62.02 -15.6438
62.12 -12.8412
62.22 -9.94282
62.32 -7.76141
62.42 -6.46109
62.52 -5.65085
62.62 -4.78611
62.72 -3.8482
62.82 -2.44814
62.92 -0.921092
63.02 0.716809
63.12 2.51256
63.22 4.41293
63.32 6.1238
63.42 6.97122
63.52 7.49546
63.62 7.78784
63.72 7.71059
63.82 7.66874
63.92 7.42027
64.02 6.70168
64.12 5.72932
64.22 5.18577
64.32 5.82857
64.42 7.27929
64.52 9.10792
64.62 10.9952
64.72 12.2503
64.82 12.7473
64.92 12.6331
65.02 12.2422
65.12 11.4258
65.22 10.2451
65.32 9.11619
65.42 8.24273
65.52 7.16464
65.62 5.77689
65.72 4.28101
65.82 2.88262
65.92 1.49507
66.02 0.788692
66.12 0.839289
66.22 1.4304
66.32 2.3723
66.42 3.10808
66.52 3.19439
66.62 2.40881
66.72 0.807422
66.82 -2.17778
66.92 -6.02954
67.02 -10.0421
67.12 -13.7223
67.22 -17.297
67.32 -20.8083
67.42 -23.2757
67.52 -23.6792
67.62 -21.6398
67.72 -18.1411
67.82 -13.5839
67.92 -8.56297
68.02 -3.63685
68.12 0.96428
68.22 4.66271
68.32 7.21315
68.42 8.26049
68.52 7.95557
68.62 6.61991
68.72 4.92441
68.82 2.73868
68.92 0.372486
69.02 -1.50911
69.12 -2.6556
69.22 -2.75627
69.32 -2.27914
69.42 -1.69651
69.52 -1.04009
69.62 -0.145029
69.72 1.24214
69.82 2.88944
69.92 4.81242
70.02 6.73028
70.12 8.40869
70.22 9.61754
70.32 10.2143
70.42 10.2505
70.52 9.78575
70.62 9.18272
70.72 8.80062
70.82 8.95527
70.92 9.97126
71.02 11.2625
71.12 12.5444
71.22 13.2129
71.32 12.9911
71.42 11.7208
71.52 9.54407
71.62 6.82989
71.72 4.0902
71.82 1.4872
71.92 -0.795619
72.02 -2.66762
72.12 -4.48534
72.22 -6.62625
72.32 -8.78848
72.42 -11.0106
72.52 -13.414
72.62 -15.7886
72.72 -17.5396
72.82 -18.2141
72.92 -17.738
73.02 -16.405
73.12 -14.5095
73.22 -12.1098
73.32 -9.55077
73.42 -7.30762
73.52 -5.20085
73.62 -2.73047
73.72 -0.274663
73.82 1.53678
73.92 2.73913
74.02 3.89102
74.12 4.78801
74.22 5.60739
74.32 6.73721
74.42 7.91331
74.52 8.82494
74.62 9.36561
74.72 9.59379
74.82 9.56395
74.92 9.30371
75.02 8.75138
75.12 7.97053
75.22 6.72683
75.32 5.66805
75.42 4.61785
75.52 3.62664
75.62 2.65771
75.72 1.55772
75.82 0.688627
75.92 0.140067
76.02 -0.429718
76.12 -1.00668
76.22 -1.33338
76.32 -1.044
76.42 -0.15523
76.52 0.612165
76.62 0.639448
76.72 0.269738
76.82 -0.420062
76.92 -0.983831
77.02 -1.60369
77.12 -2.54927
77.22 -3.00396
77.32 -2.6092
77.42 -1.38977
77.52 -0.272217
77.62 0.428738
77.72 0.354619
77.82 -0.115837
77.92 0.0310904
78.02 1.37477
78.12 3.0218
78.22 4.01668
78.32 4.03682
78.42 3.70348
78.52 3.14555
78.62 1.94876
78.72 0.521879
78.82 -0.699172
78.92 -1.60257
79.02 -1.97505
79.12 -1.36144
79.22 -0.281243
79.32 0.607775
79.42 1.10795
79.52 1.20779
79.62 1.05865
79.72 1.09307
79.82 1.39054
79.92 1.27896
80.02 0.722883
80.12 0.26743
80.22 -0.00497844
80.32 -0.365141
80.42 -0.611546
80.52 -1.18718
80.62 -1.62821
80.72 -1.56968
80.82 -1.1849
80.92 -0.563195
81.02 -0.409111
81.12 -0.72822
81.22 -1.19232
81.32 -1.92497
81.42 -2.53368
81.52 -2.85488
81.62 -3.10443
81.72 -3.40181
81.82 -3.13843
81.92 -2.17692
82.02 -0.317838
82.12 1.05008
82.22 2.33141
82.32 3.20434
82.42 3.51713
82.52 3.0274
82.62 2.54591
82.72 1.87844
82.82 1.75893
82.92 2.27763
83.02 2.4777
83.12 2.8247
83.22 3.43716
83.32 4.16718
83.42 4.53664
83.52 4.60774
83.62 4.71132
83.72 4.87027
83.82 5.42115
83.92 6.22364
84.02 7.01832
84.12 7.27715
84.22 6.77892
84.32 4.60901
84.42 2.39594
84.52 -0.172902
84.62 -2.40099
84.72 -3.55011
84.82 -4.17372
84.92 -4.09133
85.02 -3.67203
85.12 -2.81855
85.22 -1.78312
85.32 -0.906669
85.42 -0.503852
85.52 -0.0986947
85.62 -0.47472
85.72 -0.974561
85.82 -1.75859
85.92 -2.78941
86.02 -3.92789
86.12 -4.81335
86.22 -5.28214
86.32 -5.06459
86.42 -4.71212
86.52 -4.1099
86.62 -3.49856
86.72 -2.71658
86.82 -1.97323
86.92 -1.35713
87.02 -0.859507
87.12 -0.251546
87.22 -0.0994077
87.32 0.735509
87.42 1.93527
87.52 3.05827
87.62 4.49079
87.72 5.47656
87.82 5.67884
87.92 5.59148
88.02 5.5919
88.12 5.62957
88.22 5.02735
88.32 3.60317
88.42 2.33119
88.52 1.56453
88.62 1.59759
88.72 1.82894
88.82 1.55685
88.92 0.673224
89.02 -0.0577292
89.12 0.0291066
89.22 0.139563
89.32 -0.0988771
89.42 -0.420832
89.52 -0.7706
89.62 -0.95525
89.72 -0.2969
89.82 0.188001
89.92 0.711687
90.02 1.01931
90.12 1.00589
90.22 0.629198
90.32 0.263105
90.42 -0.217991
90.52 -0.635246
90.62 -0.173752
90.72 0.460535
90.82 0.732277
90.92 0.612372
91.02 -0.157795
91.12 -0.957614
91.22 -1.42782
91.32 -1.57801
91.42 -2.06132
91.52 -2.93401
91.62 -3.69695
91.72 -4.0075
91.82 -3.91526
91.92 -3.6055
92.02 -2.93498
92.12 -1.71568
92.22 -0.0359776
92.32 1.57092
92.42 2.76857
92.52 3.64784
92.62 3.96257
92.72 3.68053
92.82 2.98287
92.92 1.94902
93.02 0.84916
93.12 -0.0385828
93.22 -0.0679887
93.32 0.133125
93.42 0.455391
93.52 0.873779
93.62 1.39695
93.72 1.47036
93.82 1.18193
93.92 0.336153
94.02 -0.522614
94.12 -1.09128
94.22 -1.01786
94.32 -0.641698
94.42 -0.197525
94.52 0.212204
94.62 0.569504
94.72 0.782375
94.82 1.41236
94.92 1.87518
95.02 2.28605
95.12 1.9188
95.22 1.58882
95.32 1.23361
95.42 1.15246
95.52 1.24728
95.62 1.36215
95.72 1.18469
95.82 1.05593
95.92 0.914264
96.02 1.00021
96.12 1.00779
96.22 0.762145
96.32 0.523899
96.42 0.158017
96.52 -0.604726
96.62 -1.1759
96.72 -1.471
96.82 -1.66141
96.92 -2.09987
97.02 -1.84388
97.12 -1.55767
97.22 -1.10872
97.32 -0.644497
97.42 -0.114525
97.52 0.204236
97.62 0.449808
97.72 0.418941
97.82 -0.143014
97.92 -0.795185
98.02 -1.20908
98.12 -1.44984
98.22 -1.66718
98.32 -1.64463
98.42 -1.2686
98.52 -0.361328
