0.98 1.08181
1.07277 1.07029
1.16555 1.14908
1.25832 1.37833
1.35109 1.68076
1.44387 1.57159
1.53664 1.23206
1.62941 0.525215
1.72219 0.0239031
1.81496 -0.289497
1.90773 -0.297091
2.00051 0.0931917
2.09328 0.628698
2.18605 1.19474
2.27883 1.62372
2.3716 1.79874
2.46437 1.6918
2.55715 1.46172
2.64992 1.00225
2.7427 0.579018
2.83547 0.0798721
2.92824 -0.396432
3.02102 -0.746349
3.11379 -1.05829
3.20656 -1.24247
3.29934 -1.30883
3.39211 -1.22374
3.48488 -1.16926
3.57766 -0.790029
3.67043 -0.222506
3.7632 0.359437
3.85598 0.874029
3.94875 0.974024
4.04152 1.13698
4.1343 1.55276
4.22707 1.70094
4.31984 1.83664
4.41262 2.07751
4.50539 2.29102
4.59816 2.5524
4.69094 2.5639
4.78371 2.71292
4.87648 2.63507
4.96926 2.31
5.06203 1.73543
5.1548 1.04632
5.24758 0.377681
5.34035 -0.174438
5.43312 -0.530195
5.5259 -0.857654
5.61867 -1.15143
5.71145 -1.36542
5.80422 -1.51466
5.89699 -1.56859
5.98977 -1.40175
6.08254 -1.28386
6.17531 -1.02163
6.26809 -0.655291
6.36086 -0.168651
6.45363 0.450135
6.54641 1.14219
6.63918 1.8248
6.73195 2.41631
6.82473 2.8374
6.9175 3.0207
7.01027 3.06941
7.10305 2.67829
7.19582 2.06285
7.28859 1.21537
7.38137 0.229202
7.47414 -0.736353
7.56691 -1.11121
7.65969 -1.125
7.75246 -0.842479
7.84523 -0.391725
7.93801 0.0850319
8.03078 0.480697
8.12355 0.879784
8.21633 1.22727
8.3091 1.41284
8.40187 1.56219
8.49465 1.65224
8.58742 1.75361
8.6802 1.84697
8.77297 1.81579
8.86574 1.63835
8.95852 1.35441
9.05129 1.2979
9.14406 0.855006
9.23684 0.407133
9.32961 0.0372478
9.42238 -0.209075
9.51516 -0.244451
9.60793 -0.63181
9.7007 -0.687127
9.79348 -0.70045
9.88625 -0.644978
9.97902 -0.857282
10.0718 -0.763952
10.1646 -0.56968
10.2573 -0.223418
10.3501 0.269441
10.4429 0.803508
10.5357 1.42766
10.6284 1.56569
10.7212 1.73451
10.814 1.6182
10.9068 1.46328
10.9995 1.47407
11.0923 1.59994
11.1851 1.99561
11.2779 2.23841
11.3706 2.18262
11.4634 2.34654
11.5562 2.44065
11.6489 2.41059
11.7417 2.21852
11.8345 1.85893
11.9273 1.36738
12.02 0.817208
12.1128 0.303675
12.2056 -0.0797123
12.2984 -0.264458
12.3911 -0.308506
12.4839 0.0148699
12.5767 0.483649
12.6695 1.02007
12.7622 1.54218
12.855 2.22838
12.9478 2.4304
13.0405 2.35899
13.1333 1.79677
13.2261 1.16001
13.3189 0.34937
13.4116 -0.522809
13.5044 -1.31601
13.5972 -1.89236
13.69 -2.15398
13.7827 -2.07132
13.8755 -1.68904
13.9683 -1.105
14.0611 -0.473212
14.1538 0.230037
14.2466 0.869348
14.3394 1.4522
14.4321 1.99635
14.5249 2.49036
14.6177 2.87329
14.7105 3.04815
14.8032 2.9255
14.896 2.47704
14.9888 1.7709
15.0816 0.96747
15.1743 0.272174
15.2671 -0.1368
15.3599 -0.422643
15.4527 -0.139544
15.5454 0.703969
15.6382 1.27679
15.731 1.51222
15.8237 1.63188
15.9165 1.25421
16.0093 0.998611
16.1021 0.859347
16.1948 1.03682
16.2876 1.33389
16.3804 1.71714
16.4732 2.0497
16.5659 2.17956
16.6587 2.18859
16.7515 2.00222
16.8443 1.6402
16.937 1.28344
17.0298 0.712996
17.1226 0.246275
17.2154 -0.530648
17.3081 -0.718266
17.4009 -0.573335
17.4937 -0.147096
17.5864 0.675378
17.6792 1.70227
17.772 2.59126
17.8648 2.78049
17.9575 2.69494
18.0503 2.02214
18.1431 1.07355
18.2359 0.143151
18.3286 -0.502456
18.4214 -0.669352
18.5142 -0.651252
18.607 -0.311837
18.6997 0.138806
18.7925 0.43259
18.8853 0.60786
18.978 0.815792
19.0708 1.22822
19.1636 1.8971
19.2564 2.83262
19.3491 3.97409
19.4419 4.75421
19.5347 4.84843
19.6275 4.15164
19.7202 2.84014
19.813 1.48078
19.9058 0.152348
19.9986 -0.650861
20.0913 -0.887146
20.1841 -0.772656
20.2769 -0.640444
20.3696 -0.743378
20.4624 -1.10324
20.5552 -1.48589
20.648 -1.51866
20.7407 -0.893023
20.8335 0.449643
20.9263 2.24559
21.0191 3.47204
21.1118 4.66479
21.2046 4.99191
21.2974 4.40916
21.3902 3.19685
21.4829 1.81095
21.5757 0.725195
21.6685 0.194581
21.7612 -0.12428
21.854 0.285806
21.9468 0.65157
22.0396 0.843903
22.1323 0.831216
22.2251 0.728824
22.3179 0.694641
22.4107 0.809884
22.5034 1.01641
22.5962 1.14698
22.689 1.03005
22.7818 0.607209
22.8745 -0.00658154
22.9673 -0.558521
23.0601 -0.774056
23.1529 -0.492908
23.2456 0.247943
23.3384 1.22919
23.4312 2.15375
23.5239 2.78393
23.6167 3.037
23.7095 2.98936
23.8023 2.79186
23.895 2.55021
23.9878 2.24522
24.0806 1.74541
24.1734 0.910356
24.2661 -0.272999
24.3589 -1.60426
24.4517 -2.69628
24.5445 -3.11795
24.6372 -2.59099
24.73 -1.14176
24.8228 0.875441
24.9155 2.90607
25.0083 4.41921
25.1011 5.12041
25.1939 5.04829
25.2866 4.50664
25.3794 3.86805
25.4722 3.35265
25.565 2.90015
25.6577 2.20589
25.7505 0.905472
25.8433 -1.18721
25.9361 -3.91483
26.0288 -6.77542
26.1216 -9.0921
26.2144 -10.2719
26.3071 -10.0255
26.3999 -8.43982
26.4927 -5.87697
26.5855 -2.76217
26.6782 0.613739
26.771 4.16487
26.8638 7.91468
26.9566 11.7938
27.0493 15.4598
27.1421 18.2661
27.2349 19.4302
27.3277 18.3437
27.4204 14.8754
27.5132 9.50786
27.606 3.21857
27.6987 -2.85666
27.7915 -7.82688
27.8843 -11.3223
27.9771 -13.5072
28.0698 -14.8246
28.1626 -15.6065
28.2554 -15.7599
28.3482 -14.7097
28.4409 -11.6515
28.5337 -6.01425
28.6265 2.08333
28.7193 11.6
28.812 20.6827
28.9048 27.0804
28.9976 28.6932
29.0904 24.0491
29.1831 12.5788
29.2759 -5.30918
29.3687 -28.2379
29.4614 -53.8269
29.5542 -78.5877
29.647 -97.8927
29.7398 -106.283
29.8325 -98.3564
29.9253 -70.2637
30.0181 -21.5113
30.1109 43.5516
30.2036 115.293
30.2964 179.949
30.3892 222.418
30.482 230.114
30.5747 196.798
30.6675 125.073
30.7603 26.5741
30.853 -80.4543
30.9458 -175.632
31.0386 -241.646
31.1314 -268.582
31.2241 -256.041
31.3169 -212.419
31.4097 -151.706
31.5025 -88.9515
31.5952 -35.9569
31.688 1.45681
31.7808 23.8659
31.8736 36.4965
31.9663 46.1914
32.0591 58.338
32.1519 74.8731
32.2446 93.9577
32.3374 111.217
32.4302 121.86
32.523 122.732
32.6157 113.478
32.7085 96.4583
32.8013 75.5586
32.8941 54.5057
32.9868 35.4306
33.0796 18.2645
33.1724 1.17168
33.2652 -18.2201
33.3579 -41.3502
33.4507 -67.6524
33.5435 -94.3362
33.6362 -117.121
33.729 -131.642
33.8218 -134.976
33.9146 -126.706
34.0073 -109.103
34.1001 -86.3806
34.1929 -63.2852
34.2857 -43.5623
34.3784 -28.8586
34.4712 -18.437
34.564 -9.7727
34.6568 0.23769
34.7495 13.9372
34.8423 31.9484
34.9351 52.9265
35.0279 74.067
35.1206 92.1169
35.2134 104.459
35.3062 109.85
35.3989 108.561
35.4917 101.948
35.5845 91.6909
35.6773 79.0807
35.77 64.6539
35.8628 48.2945
35.9556 29.7027
36.0484 8.95934
36.1411 -13.1054
36.2339 -34.9238
36.3267 -54.5734
36.4195 -70.3447
36.5122 -81.232
36.605 -87.1309
36.6978 -88.6821
36.7905 -86.8655
36.8833 -82.5632
36.9761 -76.2998
37.0689 -68.2632
37.1616 -58.5529
37.2544 -47.4856
37.3472 -35.7636
37.44 -24.3939
37.5327 -14.3846
37.6255 -6.37022
37.7183 -0.361895
37.8111 4.23991
37.9038 8.36573
37.9966 12.86
38.0894 18.1254
38.1821 23.996
38.2749 29.8861
38.3677 35.1267
38.4605 39.3047
38.5532 42.4283
38.646 44.8378
38.7388 46.9202
38.8316 48.7905
38.9243 50.1244
39.0171 50.2445
39.1099 48.4296
39.2027 44.2924
39.2954 38.0309
39.3882 30.4164
39.481 22.5118
39.5737 15.2532
39.6665 9.09603
39.7593 3.89611
39.8521 -0.921618
39.9448 -6.00164
40.0376 -11.6933
40.1304 -17.872
40.2232 -24.0354
40.3159 -29.6165
40.4087 -34.3401
40.5015 -38.4189
40.5943 -42.4677
40.687 -47.1573
40.7798 -52.771
40.8726 -58.8872
40.9654 -64.3617
41.0581 -67.6491
41.1509 -67.3387
41.2437 -62.6814
41.3364 -53.8832
41.4292 -42.0456
41.522 -28.7928
41.6148 -15.7543
41.7075 -4.12281
41.8003 5.54939
41.8931 13.2763
41.9859 19.3767
42.0786 24.1888
42.1714 27.9048
42.2642 30.5865
42.357 32.3073
42.4497 33.3034
42.5425 34.0135
42.6353 34.9638
42.728 36.5464
42.8208 38.8119
42.9136 41.3942
43.0064 43.6235
43.0991 44.7826
43.1919 44.3893
43.2847 42.3691
43.3775 39.0393
43.4702 34.9225
43.563 30.4882
43.6558 25.9586
43.7486 21.2711
43.8413 16.2049
43.9341 10.5923
44.0269 4.48827
44.1196 -1.79818
44.2124 -7.83256
44.3052 -13.273
44.398 -18.0554
44.4907 -22.4368
44.5835 -26.8606
44.6763 -31.7031
44.7691 -37.0265
44.8618 -42.4676
44.9546 -47.3267
45.0474 -50.8234
45.1402 -52.4044
45.2329 -51.9574
45.3257 -49.8359
45.4185 -46.6846
45.5112 -43.1551
45.604 -39.6457
45.6968 -36.1844
45.7896 -32.4989
45.8823 -28.2234
45.9751 -23.1327
46.0679 -17.2853
46.1607 -11.0133
46.2534 -4.77664
46.3462 1.03431
46.439 6.24334
46.5318 10.9121
46.6245 15.2416
46.7173 19.4158
46.8101 23.4752
46.9029 27.2884
46.9956 30.6301
47.0884 33.3141
47.1812 35.3033
47.2739 36.7311
47.3667 37.8222
47.4595 38.7567
47.5523 39.5548
47.645 40.0475
47.7378 39.9517
47.8306 39.0131
47.9234 37.139
48.0161 34.4505
48.1089 31.2254
48.2017 27.76
48.2945 24.2242
48.3872 20.5862
48.48 16.647
48.5728 12.1693
48.6655 7.0319
48.7583 1.33061
48.8511 -4.62801
48.9439 -10.4366
49.0366 -15.7444
49.1294 -20.3812
49.2222 -24.3871
49.315 -27.9339
49.4077 -31.1855
49.5005 -34.1712
49.5933 -36.742
49.6861 -38.6319
49.7788 -39.593
49.8716 -39.5328
49.9644 -38.5784
50.0571 -37.0333
50.1499 -35.2458
50.2427 -33.454
50.3355 -31.688
50.4282 -29.7784
50.521 -27.4681
50.6138 -24.5719
50.7066 -21.1028
50.7993 -17.3002
50.8921 -13.5426
50.9849 -10.1831
51.0777 -7.38615
51.1704 -5.04003
51.2632 -2.78786
51.356 -0.16436
51.4487 3.22032
51.5415 7.52608
51.6343 12.617
51.7271 18.1023
51.8198 23.4578
51.9126 28.1728
52.0054 31.8688
52.0982 34.3554
52.1909 35.6236
52.2837 35.8
52.3765 35.0911
52.4693 33.7397
52.562 31.9952
52.6548 30.0911
52.7476 28.2179
52.8404 26.4908
52.9331 24.9265
53.0259 23.4421
53.1187 21.8893
53.2114 20.1146
53.3042 18.0238
53.397 15.6213
53.4898 13.0037
53.5825 10.3085
53.6753 7.6426
53.7681 5.02395
53.8609 2.36927
53.9536 -0.465124
54.0464 -3.60587
54.1392 -7.08533
54.232 -10.802
54.3247 -14.5388
54.4175 -18.0327
54.5103 -21.0647
54.603 -23.5298
54.6958 -25.4583
54.7886 -26.9817
54.8814 -28.262
54.9741 -29.4182
55.0669 -30.4809
55.1597 -31.3905
55.2525 -32.0306
55.3452 -32.2754
55.438 -32.0257
55.5308 -31.2198
55.6236 -29.8228
55.7163 -27.8097
55.8091 -25.1596
55.9019 -21.8711
55.9946 -17.9914
56.0874 -13.6429
56.1802 -9.02702
56.273 -4.39768
56.3657 -0.00901178
56.4585 3.9419
56.5513 7.3548
56.6441 10.233
56.7368 12.6566
56.8296 14.7362
56.9224 16.5691
57.0152 18.2139
57.1079 19.6907
57.2007 20.9987
57.2935 22.1371
57.3862 23.1158
57.479 23.9509
57.5718 24.651
57.6646 25.2048
57.7573 25.5797
57.8501 25.7327
57.9429 25.6269
58.0357 25.2423
58.1284 24.5734
58.2212 23.6152
58.314 22.3471
58.4068 20.7289
58.4995 18.7169
58.5923 16.2964
58.6851 13.5169
58.7779 10.5084
58.8706 7.46557
58.9634 4.59815
59.0562 2.06478
59.1489 -0.0838243
59.2417 -1.92708
59.3345 -3.65027
59.4273 -5.48143
59.52 -7.61358
59.6128 -10.1418
59.7056 -13.0371
59.7984 -16.1629
59.8911 -19.32
59.9839 -22.2978
60.0767 -24.9099
60.1695 -27.0045
60.2622 -28.4565
60.355 -29.1565
60.4478 -29.0149
60.5405 -27.986
60.6333 -26.1043
60.7261 -23.5128
60.8189 -20.4638
60.9116 -17.2814
61.0044 -14.2926
61.0972 -11.7502
61.19 -9.77389
61.2827 -8.33163
61.3755 -7.26638
61.4683 -6.3556
61.5611 -5.37952
61.6538 -4.17373
61.7466 -2.65182
61.8394 -0.798845
61.9321 1.35171
62.0249 3.74033
62.1177 6.29217
62.2105 8.91529
62.3032 11.4957
62.396 13.9009
62.4888 15.9996
62.5816 17.6927
62.6743 18.9433
62.7671 19.7889
62.8599 20.3263
62.9527 20.6707
63.0454 20.9047
63.1382 21.0396
63.231 21.0068
63.3237 20.6853
63.4165 19.9562
63.5093 18.7616
63.6021 17.1428
63.6948 15.2412
63.7876 13.2607
63.8804 11.4057
63.9732 9.81864
64.0659 8.54031
64.1587 7.505
64.2515 6.57015
64.3443 5.5655
64.437 4.34304
64.5298 2.81124
64.6226 0.946834
64.7154 -1.21276
64.8081 -3.58651
64.9009 -6.06611
64.9937 -8.52598
65.0864 -10.8285
65.1792 -12.83
65.272 -14.3946
65.3648 -15.4167
65.4575 -15.848
65.5503 -15.7192
65.6431 -15.1466
65.7359 -14.316
65.8286 -13.4452
65.9214 -12.7351
66.0142 -12.3208
66.107 -12.2378
66.1997 -12.4114
66.2925 -12.6737
66.3853 -12.8027
66.478 -12.575
66.5708 -11.8208
66.6636 -10.4678
66.7564 -8.56593
66.8491 -6.2842
66.9419 -3.87891
67.0347 -1.6366
67.1275 0.196494
67.2202 1.48143
67.313 2.23008
67.4058 2.60881
67.4986 2.89535
67.5913 3.39688
67.6841 4.35121
67.7769 5.8425
67.8696 7.76145
67.9624 9.82787
68.0552 11.6727
68.148 12.9552
68.2407 13.4759
68.3335 13.2463
68.4263 12.4889
68.5191 11.5659
68.6118 10.8609
68.7046 10.6545
68.7974 11.0387
68.8902 11.8961
68.9829 12.9508
69.0757 13.866
69.1685 14.3529
69.2612 14.2491
69.354 13.5443
69.4468 12.3502
69.5396 10.8365
69.6323 9.16322
69.7251 7.43894
69.8179 5.71729
69.9107 4.02567
70.0034 2.40409
70.0962 0.92883
70.189 -0.295671
70.2818 -1.17605
70.3745 -1.68297
70.4673 -1.89132
70.5601 -1.98496
70.6529 -2.21734
70.7456 -2.83833
70.8384 -4.0129
70.9312 -5.76155
71.0239 -7.94551
71.1167 -10.3023
71.2095 -12.5189
71.3023 -14.316
71.395 -15.515
71.4878 -16.0652
71.5806 -16.0282
71.6734 -15.5295
71.7661 -14.6986
71.8589 -13.6238
71.9517 -12.3342
72.0445 -10.8153
72.1372 -9.04476
72.23 -7.03221
72.3228 -4.84315
72.4155 -2.59552
72.5083 -0.429745
72.6011 1.53609
72.6939 3.24666
72.7866 4.72702
72.8794 6.06725
72.9722 7.37669
73.065 8.72379
73.1577 10.0848
73.2505 11.324
73.3433 12.218
73.4361 12.519
73.5288 12.039
73.6216 10.723
73.7144 8.68372
73.8071 6.18376
73.8999 3.56793
73.9927 1.17155
74.0855 -0.762165
74.1782 -2.12485
74.271 -2.93184
74.3638 -3.26586
74.4566 -3.20356
74.5493 -2.76001
74.6421 -1.87794
74.7349 -0.467482
74.8277 1.52155
74.9204 4.02922
75.0132 6.85197
75.106 9.66593
75.1987 12.1019
75.2915 13.8441
75.3843 14.7133
75.4771 14.7029
75.5698 13.955
75.6626 12.6911
75.7554 11.13
75.8482 9.42649
75.9409 7.65352
76.0337 5.82692
76.1265 3.95168
76.2193 2.06005
76.312 0.219366
76.4048 -1.49413
76.4976 -3.03884
76.5904 -4.44132
76.6831 -5.79645
76.7759 -7.22808
76.8687 -8.82555
76.9614 -10.5858
77.0542 -12.3907
77.147 -14.0336
77.2398 -15.2855
77.3325 -15.9734
77.4253 -16.0341
77.5181 -15.523
77.6109 -14.5731
77.7036 -13.329
77.7964 -11.8874
77.8892 -10.2739
77.982 -8.46475
78.0747 -6.43991
78.1675 -4.23711
78.2603 -1.9756
78.353 0.165593
78.4458 2.00651
78.5386 3.43459
78.6314 4.44861
78.7241 5.15594
78.8169 5.72331
78.9097 6.30419
79.0025 6.97718
79.0952 7.72417
79.188 8.45695
79.2808 9.07686
79.3736 9.53555
79.4663 9.8648
79.5591 10.1591
79.6519 10.519
79.7446 10.9843
79.8374 11.4909
79.9302 11.8766
80.023 11.9366
80.1157 11.5054
80.2085 10.5295
80.3013 9.09811
80.3941 7.41669
80.4868 5.73524
80.5796 4.26113
80.6724 3.09321
80.7652 2.20281
80.8579 1.46649
80.9507 0.733201
81.0435 -0.104536
81.1362 -1.06489
81.229 -2.07284
81.3218 -2.99562
81.4146 -3.69928
81.5073 -4.10177
81.6001 -4.2023
81.6929 -4.0784
81.7857 -3.85572
81.8784 -3.66427
81.9712 -3.59735
82.064 -3.68538
82.1568 -3.89001
82.2495 -4.11732
82.3423 -4.24474
82.4351 -4.15495
82.5279 -3.7697
82.6206 -3.07666
82.7134 -2.14274
82.8062 -1.10867
82.8989 -0.162932
82.9917 0.501295
83.0845 0.736358
83.1773 0.483544
83.27 -0.20417
83.3628 -1.16851
83.4556 -2.18086
83.5484 -2.9958
83.6411 -3.40743
83.7339 -3.29237
83.8267 -2.6289
83.9195 -1.49047
84.0122 -0.0193097
84.105 1.60903
84.1978 3.22011
84.2905 4.66698
84.3833 5.62068
84.4761 6.4109
84.5689 6.9156
84.6616 7.17893
84.7544 7.25618
84.8472 7.19499
84.94 7.02056
85.0327 6.72962
85.1255 6.29652
85.2183 5.69107
85.3111 4.89934
85.4038 4.00015
85.4966 3.00297
85.5894 1.77507
85.6821 0.798945
85.7749 -0.00315764
85.8677 -0.599499
85.9605 -1.01095
86.0532 -1.28621
86.146 -1.46364
86.2388 -1.65732
86.3316 -1.82289
86.4243 -1.53771
86.5171 -1.14087
86.6099 -0.228686
86.7027 0.763106
86.7954 1.5685
86.8882 1.90409
86.981 1.60058
87.0737 0.680646
87.1665 -0.624716
87.2593 -1.93097
87.3521 -3.06107
87.4448 -2.85901
87.5376 -2.11615
87.6304 -0.622904
87.7232 1.31468
87.8159 3.25407
87.9087 4.81603
88.0015 5.71467
88.0943 5.62024
88.187 4.9419
88.2798 3.63974
88.3726 2.31034
88.4654 1.10104
88.5581 0.108116
88.6509 -0.648155
88.7437 -0.787616
88.8364 -0.678462
88.9292 -0.487495
89.022 -0.206006
89.1148 0.0124701
89.2075 0.274719
89.3003 0.223191
89.3931 0.0234021
89.4859 -0.0610704
89.5786 -0.70484
89.6714 -1.0243
89.7642 -1.18708
89.857 -1.02981
89.9497 -0.620637
90.0425 0.0163152
90.1353 1.01421
90.228 1.60349
90.3208 1.87028
90.4136 1.90109
90.5064 1.59698
90.5991 1.17208
90.6919 0.384549
90.7847 -0.607543
90.8775 -1.26905
90.9702 -1.79766
91.063 -2.06733
91.1558 -2.20679
91.2486 -2.04824
91.3413 -1.74966
91.4341 -1.3016
91.5269 -0.941574
91.6196 -0.737072
91.7124 -0.606443
91.8052 -0.5225
91.898 -0.450312
91.9907 -0.443253
92.0835 -0.3722
92.1763 0.00771526
92.2691 0.569601
92.3618 1.50183
92.4546 2.41492
92.5474 3.44068
92.6402 4.52795
92.7329 5.51921
92.8257 6.35178
92.9185 6.88207
93.0112 6.98808
93.104 6.61807
93.1968 5.81352
93.2896 4.70068
93.3823 3.45258
93.4751 2.23691
93.5679 1.17168
93.6607 0.306121
93.7534 -0.367508
93.8462 -0.881014
93.939 -1.25561
94.0318 -1.65373
94.1245 -1.71309
94.2173 -1.58083
94.3101 -1.27595
94.4029 -0.679065
94.4956 -0.168443
94.5884 0.114333
94.6812 0.13614
94.7739 -0.0676446
94.8667 -0.372379
94.9595 -0.615655
95.0523 -0.66625
95.145 -0.567503
95.2378 -0.204548
95.3306 0.541361
95.4234 0.710638
95.5161 0.736059
95.6089 0.404757
95.7017 -0.125837
95.7945 -0.666653
95.8872 -1.33353
