-4.94 0.526367
-4.84535 1.01183
-4.7507 1.21658
-4.65605 1.22142
-4.56139 0.682762
-4.46674 0.142404
-4.37209 -0.264341
-4.27744 -0.43326
-4.18279 -0.28616
-4.08814 0.0263775
-3.99349 0.458917
-3.89883 0.792412
-3.80418 1.3424
-3.70953 1.52596
-3.61488 1.44067
-3.52023 1.17431
-3.42558 0.79265
-3.33093 0.383355
-3.23627 0.323995
-3.14162 0.273691
-3.04697 0.266568
-2.95232 0.389304
-2.85767 0.627999
-2.76302 0.885208
-2.66837 1.17588
-2.57371 1.04755
-2.47906 0.861401
-2.38441 0.373309
-2.28976 -0.302735
-2.19511 -0.84715
-2.10046 -1.12441
-2.00581 -1.10715
-1.91115 -0.818877
-1.8165 -0.101191
-1.72185 0.135738
-1.6272 0.217097
-1.53255 0.193058
-1.4379 0.0926051
-1.34325 0.0944577
-1.24859 0.292661
-1.15394 0.672906
-1.05929 1.13708
-0.964639 1.54883
-0.869988 1.77169
-0.775337 1.90918
-0.680685 1.86074
-0.586034 1.80022
-0.491382 1.77808
-0.396731 1.70467
-0.302079 1.63627
-0.207428 1.43532
-0.112776 1.06079
-0.018125 0.586889
0.0765264 -0.194013
0.171178 -0.490967
0.265829 -0.787144
0.360481 -0.867469
0.455132 -0.886232
0.549784 -0.774488
0.644435 -0.968983
0.739087 -1.12226
0.833738 -1.51268
0.928389 -1.89535
1.02304 -2.16679
1.11769 -2.24894
1.21234 -2.17549
1.307 -1.87291
1.40165 -1.43313
1.4963 -0.928933
1.59095 -0.437057
1.6856 -0.0220758
1.78025 0.682687
1.8749 0.642963
1.96956 0.65521
2.06421 0.518265
2.15886 0.725369
2.25351 1.23252
2.34816 2.05202
2.44281 3.37096
2.53746 4.50081
2.63212 5.22078
2.72677 5.60637
2.82142 5.24099
2.91607 4.54019
3.01072 3.60506
3.10537 2.65637
3.20002 1.96582
3.29468 1.44586
3.38933 1.25663
3.48398 0.468603
3.57863 -0.458502
3.67328 -1.62626
3.76793 -3.02517
3.86258 -4.57697
3.95724 -5.21509
4.05189 -5.07348
4.14654 -4.49261
4.24119 -3.71488
4.33584 -3.09006
4.43049 -2.46803
4.52514 -2.20401
4.6198 -1.87335
4.71445 -1.4657
4.8091 -0.806837
4.90375 -0.0461666
4.9984 0.818865
5.09305 1.64658
5.1877 2.36235
5.28236 2.8383
5.37701 3.12009
5.47166 3.26268
5.56631 3.50449
5.66096 3.37794
5.75561 3.13419
5.85026 2.78182
5.94492 2.37248
6.03957 1.59087
6.13422 1.36047
6.22887 1.47957
6.32352 1.42742
6.41817 1.45521
6.51282 1.28617
6.60748 0.814974
6.70213 0.0709148
6.79678 -0.768558
6.89143 -1.43843
6.98608 -1.69796
7.08073 -1.44162
7.17538 -0.753498
7.27004 0.124664
7.36469 0.898867
7.45934 1.46218
7.55399 1.56904
7.64864 1.40567
7.74329 1.17923
7.83794 1.07557
7.9326 1.15988
8.02725 1.34659
8.1219 1.45157
8.21655 1.29679
8.3112 0.811411
8.40585 0.0770651
8.5005 -0.703878
8.59516 -1.51438
8.68981 -1.75887
8.78446 -1.57863
8.87911 -1.07466
8.97376 -0.421876
9.06841 0.213982
9.16306 0.672851
9.25772 1.20847
9.35237 1.72765
9.44702 1.9111
9.54167 1.89021
9.63632 1.83142
9.73097 1.37871
9.82562 0.969418
9.92028 0.36091
10.0149 0.241616
10.1096 -0.0873908
10.2042 -0.375476
10.2989 -0.653445
10.3935 -0.946198
10.4882 -1.22918
10.5828 -1.3864
10.6775 -1.32988
10.7721 -1.01953
10.8668 -0.202028
10.9614 0.956869
11.0561 2.37423
11.1507 3.62391
11.2454 4.59727
11.34 4.87182
11.4347 4.57478
11.5294 3.84559
11.624 2.86525
11.7187 1.77883
11.8133 0.667222
11.908 -0.817239
12.0026 -1.70247
12.0973 -2.26878
12.1919 -2.34719
12.2866 -1.9495
12.3812 -1.11162
12.4759 0.261358
12.5705 1.76398
12.6652 3.14536
12.7598 3.75671
12.8545 3.72501
12.9491 2.92149
13.0438 1.76787
13.1384 0.638032
13.2331 -0.325623
13.3277 -0.678035
13.4224 -0.725757
13.517 -0.668327
13.6117 -0.656407
13.7063 -0.702027
13.801 -0.687329
13.8956 -0.464766
13.9903 0.0129397
14.0849 0.614828
14.1796 1.06065
14.2742 1.0517
14.3689 0.43858
14.4635 -0.665702
14.5582 -1.89515
14.6528 -2.76913
14.7475 -2.89802
14.8422 -2.15738
14.9368 -0.761271
15.0315 0.691619
15.1261 1.97175
15.2208 2.67517
15.3154 2.78092
15.4101 2.49519
15.5047 2.10037
15.5994 1.81774
15.694 1.71433
15.7887 1.70967
15.8833 1.66399
15.978 1.4855
16.0726 1.18965
16.1673 0.877761
16.2619 0.654872
16.3566 0.544543
16.4512 0.459508
16.5459 0.251533
16.6405 -0.187087
16.7352 -0.832694
16.8298 -1.5097
16.9245 -1.96024
17.0191 -1.97048
17.1138 -1.4842
17.2084 -0.638232
17.3031 0.302693
17.3977 1.07731
17.4924 1.55183
17.587 1.76649
17.6817 1.87886
17.7763 2.03821
17.871 2.26735
17.9656 2.42564
18.0603 2.28114
18.155 1.65526
18.2496 0.55795
18.3443 -0.768513
18.4389 -1.93089
18.5336 -2.55594
18.6282 -2.46341
18.7229 -1.74876
18.8175 -0.730409
18.9122 0.211005
19.0068 0.81527
19.1015 1.04989
19.1961 1.08744
19.2908 1.17131
19.3854 1.45016
19.4801 1.87751
19.5747 2.23468
19.6694 2.26314
19.764 1.82948
19.8587 1.02632
19.9533 0.149208
20.048 -0.440674
20.1426 -0.492694
20.2373 0.0144706
20.3319 0.874528
20.4266 1.76951
20.5212 2.42957
20.6159 2.74437
20.7105 2.76682
20.8052 2.61778
20.8998 2.36233
20.9945 1.94554
21.0891 1.23796
21.1838 0.168118
21.2784 -1.14332
21.3731 -2.34619
21.4678 -2.9703
21.5624 -2.64564
21.6571 -1.32361
21.7517 0.627981
21.8464 2.528
21.941 3.65343
22.0357 3.55614
22.1303 2.26853
22.225 0.291284
22.3196 -1.63499
22.4143 -2.86222
22.5089 -3.10583
22.6036 -2.52306
22.6982 -1.57075
22.7929 -0.730839
22.8875 -0.258141
22.9822 -0.0845957
23.0768 0.0798171
23.1715 0.522817
23.2661 1.32425
23.3608 2.29547
23.4554 3.09952
23.5501 3.47542
23.6447 3.42258
23.7394 3.22015
23.834 3.25296
23.9287 3.73601
24.0233 4.50171
24.118 4.99292
24.2126 4.49648
24.3073 2.51469
24.4019 -0.916456
24.4966 -5.14016
24.5912 -9.08696
24.6859 -11.6878
24.7806 -12.2903
24.8752 -10.8729
24.9699 -7.95772
25.0645 -4.28515
25.1592 -0.441416
25.2538 3.3518
25.3485 7.17384
25.4431 11.1205
25.5378 14.9862
25.6324 18.1293
25.7271 19.6341
25.8217 18.7126
25.9164 15.1342
26.011 9.43915
26.1057 2.78974
26.2003 -3.48741
26.295 -8.44284
26.3896 -11.8419
26.4843 -14.1106
26.5789 -15.9104
26.6736 -17.5721
26.7682 -18.7094
26.8629 -18.2542
26.9575 -14.9363
27.0522 -7.99528
27.1468 2.22262
27.2415 14.0794
27.3361 24.9706
27.4308 32.0108
27.5254 32.7791
27.6201 25.8403
27.7147 10.9353
27.8094 -11.0488
27.9041 -38.1058
27.9987 -66.9816
28.0934 -92.9694
28.188 -109.96
28.2827 -111.164
28.3773 -90.724
28.472 -45.9985
28.5666 20.2059
28.6613 98.4846
28.7559 173.651
28.8506 227.811
28.9452 245.113
29.0399 216.757
29.1345 144.519
29.2292 41.3267
29.3238 -71.6288
29.4185 -170.541
29.5131 -235.629
29.6078 -256.58
29.7024 -234.963
29.7971 -182.851
29.8917 -118.235
29.9864 -58.9384
30.081 -17.1705
30.1757 3.45616
30.2703 7.65184
30.365 5.33838
30.4596 7.11169
30.5543 20.0669
30.6489 45.4557
30.7436 78.8065
30.8382 112.148
30.9329 137.236
31.0275 148.436
31.1222 144.228
31.2169 126.978
31.3115 101.326
31.4062 72.0746
31.5008 42.5125
31.5955 13.8174
31.6901 -14.385
31.7848 -42.7374
31.8794 -70.872
31.9741 -96.8007
32.0687 -117.288
32.1634 -129.036
32.258 -130.126
32.3527 -121.017
32.4473 -104.616
32.542 -85.3133
32.6366 -67.3568
32.7313 -53.2581
32.8259 -42.9037
32.9206 -33.778
33.0152 -22.2218
33.1099 -5.20441
33.2045 18.1406
33.2992 45.8721
33.3938 73.767
33.4885 96.7936
33.5831 110.912
33.6778 114.454
33.7724 108.531
33.8671 96.3523
33.9617 81.8046
34.0564 67.929
34.151 55.9469
34.2457 45.1896
34.3403 33.8665
34.435 20.2416
34.5297 3.6446
34.6243 -15.1264
34.719 -34.1263
34.8136 -51.0789
34.9083 -64.2481
35.0029 -72.9533
35.0976 -77.5387
35.1922 -78.9007
35.2869 -77.8873
35.3815 -74.9065
35.4762 -69.9265
35.5708 -62.8064
35.6655 -53.7116
35.7601 -43.3323
35.8548 -32.7528
35.9494 -23.0342
36.0441 -14.7489
36.1387 -7.74094
36.2334 -1.26321
36.328 5.56706
36.4227 13.2359
36.5173 21.5128
36.612 29.5215
36.7066 36.1684
36.8013 40.6974
36.8959 43.0737
36.9906 43.9839
37.0852 44.4547
37.1799 45.2928
37.2745 46.6504
37.3692 47.9489
37.4638 48.1993
37.5585 46.542
37.6531 42.7091
37.7478 37.1594
37.8425 30.8138
37.9371 24.5424
38.0318 18.6917
38.1264 12.9188
38.2211 6.43169
38.3157 -1.48957
38.4104 -10.9765
38.505 -21.3497
38.5997 -31.3264
38.6943 -39.565
38.789 -45.2666
38.8836 -48.5185
38.9783 -50.1944
39.0729 -51.4555
39.1676 -53.1075
39.2622 -55.1455
39.3569 -56.7232
39.4515 -56.5652
39.5462 -53.6143
39.6408 -47.5864
39.7355 -39.1585
39.8301 -29.7008
39.9248 -20.6959
40.0194 -13.1382
40.1141 -7.20059
40.2087 -2.31125
40.3034 2.43255
40.398 7.74726
40.4927 13.8121
40.5873 20.2453
40.682 26.3847
40.7766 31.6902
40.8713 36.0317
40.9659 39.7043
41.0606 43.1744
41.1553 46.7096
41.2499 50.1119
41.3446 52.7118
41.4392 53.6391
41.5339 52.2335
41.6285 48.3828
41.7232 42.6143
41.8178 35.8912
41.9125 29.2182
42.0071 23.2486
42.1018 18.0792
42.1964 13.315
42.2911 8.35005
42.3857 2.71043
42.4804 -3.7103
42.575 -10.6214
42.6697 -17.4971
42.7643 -23.8226
42.859 -29.2892
42.9536 -33.8486
43.0483 -37.6258
43.1429 -40.7634
43.2376 -43.3006
43.3322 -45.1523
43.4269 -46.1863
43.5215 -46.3372
43.6162 -45.6748
43.7108 -44.38
43.8055 -42.6416
43.9001 -40.5365
43.9948 -37.972
44.0894 -34.7278
44.1841 -30.5833
44.2787 -25.4594
44.3734 -19.5001
44.4681 -13.0485
44.5627 -6.53018
44.6574 -0.307332
44.752 5.42269
44.8467 10.6388
44.9413 15.4244
45.036 19.8636
45.1306 23.9695
45.2253 27.6819
45.3199 30.9253
45.4146 33.6801
45.5092 36.0117
45.6039 38.031
45.6985 39.8066
45.7932 41.2812
45.8878 42.2523
45.9825 42.4389
46.0771 41.6072
46.1718 39.6915
46.2664 36.8412
46.3611 33.3629
46.4557 29.5832
46.5504 25.7023
46.645 21.7167
46.7397 17.4547
46.8343 12.7056
46.929 7.37651
47.0236 1.58897
47.1183 -4.33697
47.2129 -10.0059
47.3076 -15.1136
47.4022 -19.5678
47.4969 -23.4998
47.5916 -27.1576
47.6862 -30.7385
47.7809 -34.2471
47.8755 -37.4556
47.9702 -39.9874
48.0648 -41.482
48.1595 -41.7582
48.2541 -40.8933
48.3488 -39.1816
48.4434 -36.9975
48.5381 -34.6334
48.6327 -32.1949
48.7274 -29.6005
48.822 -26.6768
48.9167 -23.2937
49.0113 -19.4646
49.106 -15.362
49.2006 -11.244
49.2953 -7.33515
49.3899 -3.72631
49.4846 -0.345951
49.5792 2.98622
49.6739 6.45379
49.7685 10.1422
49.8632 13.9913
49.9578 17.82
50.0525 21.405
50.1471 24.5684
50.2418 27.2314
50.3364 29.4116
50.4311 31.1746
50.5257 32.5727
50.6204 33.6028
50.715 34.2051
50.8097 34.2938
50.9044 33.7994
50.999 32.6948
51.0937 30.9966
51.1883 28.7451
51.283 25.9851
51.3776 22.7628
51.4723 19.1438
51.5669 15.2393
51.6616 11.217
51.7562 7.28113
51.8509 3.62263
51.9455 0.357246
52.0402 -2.51657
52.1348 -5.11685
52.2295 -7.62938
52.3241 -10.2295
52.4188 -13.0081
52.5134 -15.9326
52.6081 -18.8596
52.7027 -21.5881
52.7974 -23.9277
52.892 -25.7499
52.9867 -27.004
53.0813 -27.6986
53.176 -27.8665
53.2706 -27.5384
53.3653 -26.7405
53.4599 -25.5141
53.5546 -23.9415
53.6492 -22.1549
53.7439 -20.3152
53.8385 -18.564
53.9332 -16.9702
54.0278 -15.4961
54.1225 -14.0053
54.2172 -12.3135
54.3118 -10.2631
54.4065 -7.79186
54.5011 -4.96703
54.5958 -1.96868
54.6904 0.969663
54.7851 3.63999
54.8797 5.92695
54.9744 7.83879
55.069 9.49298
55.1637 11.0657
55.2583 12.7264
55.353 14.5821
55.4476 16.6476
55.5423 18.8482
55.6369 21.0476
55.7316 23.0867
55.8262 24.8206
55.9209 26.1426
56.0155 26.9932
56.1102 27.3552
56.2048 27.2416
56.2995 26.6809
56.3941 25.7046
56.4888 24.3385
56.5834 22.5987
56.6781 20.4927
56.7727 18.0246
56.8674 15.2037
56.962 12.0553
57.0567 8.62994
57.1513 5.00899
57.246 1.30307
57.3406 -2.3567
57.4353 -5.8343
57.53 -9.0077
57.6246 -11.7866
57.7193 -14.1245
57.8139 -16.0217
57.9086 -17.5192
58.0032 -18.6838
58.0979 -19.5906
58.1925 -20.304
58.2872 -20.8646
58.3818 -21.2815
58.4765 -21.5321
58.5711 -21.5683
58.6658 -21.3281
58.7604 -20.751
58.8551 -19.7954
58.9497 -18.4559
59.0444 -16.7757
59.139 -14.8499
59.2337 -12.815
59.3283 -10.8247
59.423 -9.01587
59.5176 -7.47353
59.6123 -6.20663
59.7069 -5.14462
59.8016 -4.15758
59.8962 -3.0945
59.9909 -1.82671
60.0855 -0.280602
60.1802 1.55149
60.2748 3.62427
60.3695 5.86756
60.4641 8.2142
60.5588 10.6133
60.6534 13.0227
60.7481 15.3869
60.8428 17.6148
60.9374 19.5752
61.0321 21.1176
61.1267 22.1157
61.2214 22.5141
61.316 22.3561
61.4107 21.7759
61.5053 20.9529
61.6 20.0451
61.6946 19.1287
61.7893 18.1724
61.8839 17.0582
61.9786 15.6427
62.0732 13.8315
62.1679 11.6337
62.2625 9.17061
62.3572 6.63364
62.4518 4.20901
62.5465 2.00274
62.6411 0.000238857
62.7358 -1.92003
62.8304 -3.92332
62.9251 -6.13232
63.0197 -8.55494
63.1144 -11.0577
63.209 -13.3975
63.3037 -15.2989
63.3983 -16.5479
63.493 -17.0639
63.5876 -16.924
63.6823 -16.3312
63.7769 -15.5415
63.8716 -14.7792
63.9662 -14.171
64.0609 -13.7216
64.1556 -13.3358
64.2502 -12.8731
64.3449 -12.2125
64.4395 -11.301
64.5342 -10.1717
64.6288 -8.9256
64.7235 -7.68953
64.8181 -6.56773
64.9128 -5.60612
65.0074 -4.78176
65.1021 -4.01878
65.1967 -3.22176
65.2914 -2.311
65.386 -1.24467
65.4807 -0.0196501
65.5753 1.34654
65.67 2.841
65.7646 4.47178
65.8593 6.26303
65.9539 8.22694
66.0486 10.3234
66.1432 12.4278
66.2379 14.3287
66.3325 15.7658
66.4272 16.5035
66.5218 16.4161
66.6165 15.551
66.7111 14.1391
66.8058 12.5409
66.9004 11.1397
66.9951 10.218
67.0897 9.86223
67.1844 9.93409
67.2791 10.1225
67.3737 10.0574
67.4684 9.44393
67.563 8.16539
67.6577 6.31677
67.7523 4.15932
67.847 2.01821
67.9416 0.167937
68.0363 -1.24783
68.1309 -2.23273
68.2256 -2.89163
68.3202 -3.35053
68.4149 -3.68519
68.5095 -3.89356
68.6042 -3.92371
68.6988 -3.74008
68.7935 -3.39051
68.8881 -3.03519
68.9828 -2.91655
69.0774 -3.27817
69.1721 -4.26665
69.2667 -5.8611
69.3614 -7.86414
69.456 -9.96159
69.5507 -11.8268
69.6453 -13.2251
69.74 -14.0741
69.8346 -14.434
69.9293 -14.437
70.0239 -14.1883
70.1186 -13.6883
70.2132 -12.8108
70.3079 -11.3512
70.4025 -9.12232
70.4972 -6.0577
70.5919 -2.27875
70.6865 1.90234
70.7812 6.04365
70.8758 9.67393
70.9705 12.3953
71.0651 13.9557
71.1598 14.2764
71.2544 13.438
71.3491 11.6443
71.4437 9.18156
71.5384 6.38387
71.633 3.60273
71.7277 1.17295
71.8223 -0.630279
71.917 -1.63781
72.0116 -1.82139
72.1063 -1.29833
72.2009 -0.296147
72.2956 0.916572
72.3902 2.10995
72.4849 3.15278
72.5795 4.02894
72.6742 4.80502
72.7688 5.56624
72.8635 6.35182
72.9581 7.12054
73.0528 7.76124
73.1474 8.14081
73.2421 8.16373
73.3367 7.81297
73.4314 7.1531
73.526 6.29732
73.6207 5.35869
73.7153 4.41243
73.81 3.48824
73.9047 2.5921
73.9993 1.73975
74.094 0.976594
74.1886 0.367423
74.2833 -0.0414642
74.3779 -0.266461
74.4726 -0.408495
74.5672 -0.633311
74.6619 -1.11281
74.7565 -1.95259
74.8512 -3.14126
74.9458 -4.54859
75.0405 -5.97569
75.1351 -7.23342
75.2298 -8.20993
75.3244 -8.89334
75.4191 -9.33977
75.5137 -9.60705
75.6084 -9.69441
75.703 -9.52669
75.7977 -8.9973
75.8923 -8.0502
75.987 -6.7555
76.0816 -5.3308
76.1763 -4.08459
76.2709 -3.29752
76.3656 -3.09252
76.4602 -3.35634
76.5549 -3.75607
76.6495 -3.85199
76.7442 -3.26328
76.8388 -1.81703
76.9335 0.382088
77.0281 2.98915
77.1228 5.54323
77.2175 7.62247
77.3121 8.96582
77.4068 9.51893
77.5014 9.40137
77.5961 8.82758
77.6907 8.02817
77.7854 7.2059
77.88 6.53125
77.9747 6.15486
78.0693 6.20476
78.164 6.75066
78.2586 7.74662
78.3533 8.98841
78.4479 10.1263
78.5426 10.7516
78.6372 10.5359
78.7319 9.3679
78.8265 7.42185
78.9212 5.11603
79.0158 2.96703
79.1105 1.3965
79.2051 0.573107
79.2998 0.359995
79.3944 0.391585
79.4891 0.243869
79.5837 -0.380669
79.6784 -1.5378
79.773 -3.04503
79.8677 -4.59421
79.9623 -5.88074
80.057 -6.79756
80.1516 -7.44342
80.2463 -7.9964
80.3409 -8.59909
80.4356 -9.24006
80.5303 -9.72021
80.6249 -9.72708
80.7196 -8.98456
80.8142 -7.40589
80.9089 -5.41556
81.0035 -3.00895
81.0982 -0.823985
81.1928 0.713902
81.2875 1.0087
81.3821 0.908873
81.4768 0.393577
81.5714 -0.164098
81.6661 -0.456643
81.7607 -0.328725
81.8554 0.103281
81.95 0.946391
82.0447 1.93336
82.1393 2.99238
82.234 3.88046
82.3286 4.53513
82.4233 5.09092
82.5179 5.19119
82.6126 4.93629
82.7072 4.37096
82.8019 3.48939
82.8965 2.75015
82.9912 2.26467
83.0858 2.23053
83.1805 2.66121
83.2751 3.17498
83.3698 3.7847
83.4644 4.2396
83.5591 4.37681
83.6537 4.23185
83.7484 3.93202
83.8431 3.54121
83.9377 3.03608
84.0324 2.8682
84.127 2.36162
84.2217 1.9031
84.3163 1.51133
84.411 1.29914
84.5056 0.964297
84.6003 0.562539
84.6949 0.0617574
84.7896 -0.605131
84.8842 -1.42611
84.9789 -2.34307
85.0735 -3.22397
85.1682 -3.65167
85.2628 -3.90742
85.3575 -3.78879
85.4521 -3.2539
85.5468 -2.16493
85.6414 -1.42504
85.7361 -0.833222
85.8307 -0.424153
85.9254 -0.167379
86.02 0.330086
86.1147 0.805669
86.2093 1.03314
86.304 1.23824
86.3986 1.1746
86.4933 0.916763
86.5879 0.507024
86.6826 0.0625154
86.7772 -0.374873
86.8719 -0.356879
86.9666 0.26505
87.0612 1.13499
87.1559 2.01909
87.2505 2.8093
87.3452 3.24286
87.4398 3.17566
87.5345 2.66417
87.6291 1.8658
87.7238 0.99387
87.8184 0.237197
87.9131 -0.245238
88.0077 -0.512314
88.1024 -0.606817
88.197 -0.687528
88.2917 -0.827144
88.3863 -1.03488
88.481 -1.26409
88.5756 -1.24964
88.6703 -1.29742
88.7649 -1.26535
88.8596 -1.18684
88.9542 -1.11467
89.0489 -1.09515
89.1435 -1.14818
89.2382 -1.16805
89.3328 -1.29767
89.4275 -1.42291
89.5221 -1.71072
89.6168 -1.64088
89.7114 -1.51792
89.8061 -1.28411
89.9007 -0.850391
89.9954 -0.274933
90.09 0.441904
90.1847 1.27285
90.2794 2.15805
90.374 3.01295
90.4687 3.74738
90.5633 4.68229
90.658 4.92245
90.7526 4.8612
90.8473 4.54947
90.9419 4.05087
91.0366 3.42314
91.1312 2.71479
91.2259 2.16531
91.3205 1.46701
91.4152 0.752956
91.5098 0.238418
91.6045 0.00286649
91.6991 0.0792751
91.7938 0.415549
91.8884 1.00438
