2 1.21423
2.09202 1.09854
2.18404 0.827303
2.27607 0.437005
2.36809 -0.0127957
2.46011 -0.39837
2.55213 -0.738781
2.64416 -1.00787
2.73618 -1.0279
2.8282 -0.843089
2.92022 -0.618704
3.01224 -0.305234
3.10427 0.0226488
3.19629 0.469665
3.28831 0.597267
3.38033 0.790201
3.47236 0.260345
3.56438 -0.397374
3.6564 -0.969048
3.74842 -1.3
3.84044 -1.34736
3.93247 -1.07651
4.02449 -0.492707
4.11651 0.204854
4.20853 0.865005
4.30056 1.47958
4.39258 1.81988
4.4846 1.83398
4.57662 1.7045
4.66864 1.54955
4.76067 1.47947
4.85269 1.55814
4.94471 1.90211
5.03673 1.97467
5.12876 2.19055
5.22078 2.29903
5.3128 2
5.40482 1.76512
5.49684 1.39532
5.58887 0.951926
5.68089 0.505955
5.77291 0.118009
5.86493 -0.174447
5.95696 -0.360102
6.04898 -0.38501
6.141 -0.672176
6.23302 -0.674706
6.32505 -0.621786
6.41707 -0.524445
6.50909 -0.478655
6.60111 -0.526898
6.69313 -0.432961
6.78516 -0.60236
6.87718 -0.827145
6.9692 -1.36592
7.06122 -1.36947
7.15325 -1.14352
7.24527 -0.646948
7.33729 0.144917
7.42931 0.703621
7.52133 1.62432
7.61336 2.46881
7.70538 3.05992
7.7974 3.59694
7.88942 3.46725
7.98145 2.57259
8.07347 1.92562
8.16549 1.03656
8.25751 0.777427
8.34953 0.845038
8.44156 1.467
8.53358 2.10509
8.6256 2.50599
8.71762 2.47361
8.80965 1.96243
8.90167 1.08923
8.99369 0.0835772
9.08571 -0.755187
9.17773 -1.56108
9.26976 -1.8203
9.36178 -1.73226
9.4538 -1.19597
9.54582 -0.823998
9.63785 -0.341404
9.72987 0.0481447
9.82189 0.31659
9.91391 0.811476
10.0059 1.34702
10.098 1.86997
10.19 1.85795
10.282 1.37209
10.374 0.692426
10.466 -0.221487
10.5581 -0.956852
10.6501 -1.60743
10.7421 -1.6679
10.8341 -1.40741
10.9262 -0.631338
11.0182 0.342929
11.1102 1.42285
11.2022 2.3842
11.2942 3.03835
11.3863 3.28788
11.4783 3.13081
11.5703 2.64198
11.6623 1.94151
11.7544 1.18751
11.8464 0.55378
11.9384 0.266496
12.0304 0.0339092
12.1224 0.499382
12.2145 1.27848
12.3065 2.22348
12.3985 3.11974
12.4905 3.73781
12.5826 3.89824
12.6746 3.74213
12.7666 2.96712
12.8586 1.70019
12.9506 0.281644
13.0427 -1.0314
13.1347 -2.05045
13.2267 -2.69121
13.3187 -2.96626
13.4108 -2.94615
13.5028 -2.7119
13.5948 -2.32238
13.6868 -1.80849
13.7788 -1.19014
13.8709 -0.499854
13.9629 0.205409
14.0549 0.854291
14.1469 1.38885
14.239 1.55182
14.331 1.86925
14.423 2.18823
14.515 2.59714
14.607 3.13929
14.6991 3.60953
14.7911 4.27885
14.8831 4.7892
14.9751 4.99964
15.0672 4.84257
15.1592 4.58105
15.2512 3.82699
15.3432 2.89372
15.4352 2.08814
15.5273 1.45753
15.6193 1.02585
15.7113 0.730431
15.8033 0.625572
15.8954 0.342993
15.9874 -0.0685673
16.0794 -0.58442
16.1714 -1.35118
16.2634 -1.93639
16.3555 -2.3128
16.4475 -2.47742
16.5395 -2.40433
16.6315 -1.74273
16.7236 -0.864579
16.8156 0.107398
16.9076 1.04333
16.9996 2.1035
17.0916 2.62882
17.1837 2.71292
17.2757 2.28937
17.3677 1.68294
17.4597 0.867885
17.5518 0.189057
17.6438 -0.75358
17.7358 -1.23371
17.8278 -1.37863
17.9198 -1.14236
18.0119 -0.656823
18.1039 -0.0796733
18.1959 0.433039
18.2879 0.766668
18.38 0.992315
18.472 0.745944
18.564 0.531998
18.656 0.34993
18.748 0.37626
18.8401 0.525126
18.9321 1.11233
19.0241 1.47488
19.1161 1.73945
19.2082 1.83029
19.3002 1.74644
19.3922 1.51372
19.4842 1.33116
19.5762 1.2938
19.6683 1.45194
19.7603 1.76843
19.8523 2.06974
19.9443 2.32452
20.0364 2.4524
20.1284 2.45737
20.2204 2.41434
20.3124 2.42351
20.4044 2.73429
20.4965 2.9668
20.5885 3.17297
20.6805 3.19159
20.7725 2.89627
20.8646 2.28347
20.9566 1.47497
21.0486 0.662314
21.1406 0.0350166
21.2326 -0.317342
21.3247 -0.453398
21.4167 -0.553361
21.5087 -0.824637
21.6007 -1.38337
21.6928 -2.172
21.7848 -2.84901
21.8768 -3.32405
21.9688 -3.23776
22.0608 -2.51698
22.1529 -1.32118
22.2449 -0.0645175
22.3369 0.86687
22.4289 1.6041
22.521 1.83748
22.613 1.74462
22.705 1.63729
22.797 1.80426
22.889 2.36796
22.9811 3.22336
23.0731 4.08671
23.1651 4.62829
23.2571 4.62403
23.3492 4.05374
23.4412 3.10288
23.5332 2.07313
23.6252 1.25025
23.7172 0.794274
23.8093 0.699666
23.9013 0.833907
23.9933 1.02263
24.0853 1.13064
24.1774 1.09841
24.2694 0.925519
24.3614 0.626062
24.4534 0.196003
24.5454 -0.378994
24.6375 -1.07771
24.7295 -1.79238
24.8215 -2.31592
24.9135 -2.39263
25.0056 -1.8204
25.0976 -0.556635
25.1896 1.23078
25.2816 3.20391
25.3736 4.97643
25.4657 6.26016
25.5577 6.96147
25.6497 7.1743
25.7417 7.07041
25.8338 6.74579
25.9258 6.11208
26.0178 4.90521
26.1098 2.82365
26.2018 -0.263157
26.2939 -4.14239
26.3859 -8.22133
26.4779 -11.6659
26.5699 -13.6676
26.662 -13.7246
26.754 -11.8086
26.846 -8.34151
26.938 -3.99715
27.03 0.570296
27.1221 4.93566
27.2141 8.94909
27.3061 12.6086
27.3981 15.8443
27.4902 18.3515
27.5822 19.5864
27.6742 18.9501
27.7662 16.0812
27.8582 11.1036
27.9503 4.69101
28.0423 -2.10928
28.1343 -8.22262
28.2263 -12.9039
28.3184 -15.9291
28.4104 -17.5267
28.5024 -18.0863
28.5944 -17.8021
28.6864 -16.4537
28.7785 -13.4618
28.8705 -8.2199
28.9625 -0.558521
29.0545 8.88368
29.1466 18.5731
29.2386 26.3456
29.3306 29.9307
29.4226 27.536
29.5146 18.2893
29.6067 2.43209
29.6987 -18.7021
29.7907 -42.7986
29.8827 -66.6451
29.9748 -86.1911
30.0668 -96.7326
30.1588 -93.4536
30.2508 -72.4759
30.3428 -32.3293
30.4349 24.5606
30.5269 91.0006
30.6189 155.401
30.7109 203.706
30.803 222.664
30.895 203.611
30.987 145.584
31.079 56.6017
31.171 -47.5823
31.2631 -147.098
31.3551 -223
31.4471 -262.184
31.5391 -260.633
31.6312 -223.942
31.7232 -165.012
31.8152 -99.7422
31.9072 -42.2206
31.9992 -1.00351
32.0913 22.387
32.1833 32.4694
32.2753 36.9394
32.3673 43.1662
32.4594 55.3866
32.5514 73.5292
32.6434 93.8837
32.7354 111.102
32.8274 120.557
32.9195 120.067
33.0115 110.359
33.1035 94.2515
33.1955 75.0681
33.2876 55.0833
33.3796 34.7063
33.4716 12.7314
33.5636 -12.5248
33.6556 -41.7733
33.7477 -73.6942
33.8397 -104.788
33.9317 -130.25
34.0237 -145.535
34.1158 -147.971
34.2078 -137.769
34.2998 -117.993
34.3918 -93.5127
34.4838 -69.3311
34.5759 -48.9425
34.6679 -33.3448
34.7599 -21.0547
34.8519 -9.07282
34.944 5.62291
35.036 24.6654
35.128 47.5152
35.22 71.5787
35.312 93.1308
35.4041 108.633
35.4961 115.908
35.5881 114.733
35.6801 106.666
35.7722 94.2555
35.8642 80.0075
35.9562 65.555
36.0482 51.3334
36.1402 36.8317
36.2323 21.2289
36.3243 4.07995
36.4163 -14.2669
36.5083 -32.6848
36.6004 -49.6627
36.6924 -63.8539
36.7844 -74.5049
36.8764 -81.5753
36.9684 -85.5258
37.0605 -86.9204
37.1525 -86.0686
37.2445 -82.8947
37.3365 -77.0899
37.4286 -68.4505
37.5206 -57.2054
37.6126 -44.1477
37.7046 -30.4875
37.7966 -17.4919
37.8887 -6.08521
37.9807 3.3963
38.0727 11.1846
38.1647 17.8183
38.2568 23.7846
38.3488 29.2515
38.4408 34.0213
38.5328 37.7139
38.6248 40.0629
38.7169 41.1509
38.8089 41.4448
38.9009 41.6029
38.9929 42.1553
39.085 43.2289
39.177 44.4711
39.269 45.2192
39.361 44.832
39.453 43.0056
39.5451 39.9001
39.6371 35.9987
39.7291 31.7669
39.8211 27.2934
39.9132 22.1186
40.0052 15.3742
40.0972 6.20001
40.1892 -5.74204
40.2812 -19.9032
40.3733 -34.8269
40.4653 -48.5157
40.5573 -59.0511
40.6493 -65.2134
40.7414 -66.8444
40.8334 -64.8066
40.9254 -60.5749
41.0174 -55.649
41.1095 -51.0437
41.2015 -47.0575
41.2935 -43.3796
41.3855 -39.4376
41.4775 -34.79
41.5696 -29.3691
41.6616 -23.4798
41.7536 -17.589
41.8456 -12.0475
41.9377 -6.90509
42.0297 -1.91617
42.1217 3.2776
42.2137 8.89894
42.3057 14.8641
42.3978 20.7865
42.4898 26.1529
42.5818 30.5767
42.6738 33.9905
42.7659 36.6717
42.8579 39.086
42.9499 41.6272
43.0419 44.3867
43.1339 47.0703
43.226 49.1021
43.318 49.8617
43.41 48.9376
43.502 46.2734
43.5941 42.1478
43.6861 37.0124
43.7781 31.2835
43.8701 25.1971
43.9621 18.7961
44.0542 12.0408
44.1462 4.96576
44.2382 -2.2159
44.3302 -9.12701
44.4223 -15.3574
44.5143 -20.6417
44.6063 -24.9854
44.6983 -28.6656
44.7903 -32.0989
44.8824 -35.637
44.9744 -39.3901
45.0664 -43.1637
45.1584 -46.5376
45.2505 -49.0435
45.3425 -50.3522
45.4345 -50.3801
45.5265 -49.2708
45.6185 -47.2743
45.7106 -44.5967
45.8026 -41.3035
45.8946 -37.3268
45.9866 -32.5642
46.0787 -27.0106
46.1707 -20.8412
46.2627 -14.3972
46.3547 -8.07351
46.4467 -2.16823
46.5388 3.23071
46.6308 8.25884
46.7228 13.1794
46.8148 18.2238
46.9069 23.4459
46.9989 28.6614
47.0909 33.4986
47.1829 37.5371
47.2749 40.4659
47.367 42.1899
47.459 42.841
47.551 42.6987
47.643 42.0636
47.7351 41.1465
47.8271 40.0172
47.9191 38.6235
48.0111 36.8567
48.1031 34.6204
48.1952 31.8686
48.2872 28.6023
48.3792 24.8411
48.4712 20.5965
48.5633 15.872
48.6553 10.6896
48.7473 5.12699
48.8393 -0.663347
48.9313 -6.46824
49.0234 -12.0602
49.1154 -17.2532
49.2074 -21.9392
49.2994 -26.0864
49.3915 -29.703
49.4835 -32.7868
49.5755 -35.2926
49.6675 -37.1355
49.7595 -38.2301
49.8516 -38.5416
49.9436 -38.1202
50.0356 -37.0968
50.1276 -35.6411
50.2197 -33.9023
50.3117 -31.9665
50.4037 -29.8496
50.4957 -27.5294
50.5877 -24.9943
50.6798 -22.2784
50.7718 -19.4596
50.8638 -16.6199
50.9558 -13.7913
51.0479 -10.9206
51.1399 -7.88053
51.2319 -4.52794
51.3239 -0.78565
51.4159 3.29393
51.508 7.51781
51.6 11.6052
51.692 15.2831
51.784 18.3826
51.8761 20.892
51.9681 22.9434
52.0601 24.7416
52.1521 26.4707
52.2441 28.2202
52.3362 29.9622
52.4282 31.5794
52.5202 32.9231
52.6122 33.8643
52.7043 34.3143
52.7963 34.2105
52.8883 33.4886
52.9803 32.0692
53.0723 29.878
53.1644 26.8961
53.2564 23.2127
53.3484 19.0464
53.4404 14.7109
53.5325 10.5306
53.6245 6.73939
53.7165 3.4069
53.8085 0.430343
53.9005 -2.40256
53.9926 -5.3068
54.0846 -8.39887
54.1766 -11.6478
54.2686 -14.8988
54.3607 -17.9534
54.4527 -20.6626
54.5447 -22.9834
54.6367 -24.9715
54.7287 -26.7161
54.8208 -28.2565
54.9128 -29.5289
55.0048 -30.3774
55.0968 -30.6279
55.1889 -30.1883
55.2809 -29.1218
55.3729 -27.6502
55.4649 -26.0773
55.5569 -24.6631
55.649 -23.5045
55.741 -22.4813
55.833 -21.293
55.925 -19.5764
56.0171 -17.0529
56.1091 -13.645
56.2011 -9.51412
56.2931 -5.00816
56.3851 -0.544664
56.4772 3.52047
56.5692 6.988
56.6612 9.8447
56.7532 12.2277
56.8453 14.3488
56.9373 16.4139
57.0293 18.5639
57.1213 20.8475
57.2133 23.2201
57.3054 25.5575
57.3974 27.6746
57.4894 29.3493
57.5814 30.3572
57.6735 30.5168
57.7655 29.7414
57.8575 28.0779
57.9495 25.713
58.0415 22.9381
58.1336 20.0754
58.2256 17.3929
58.3176 15.0375
58.4096 13.0145
58.5017 11.2185
58.5937 9.49987
58.6857 7.73597
58.7777 5.87399
58.8697 3.93078
58.9618 1.95602
59.0538 -0.0158353
59.1458 -1.99522
59.2378 -4.03099
59.3299 -6.1714
59.4219 -8.4155
59.5139 -10.6846
59.6059 -12.8334
59.6979 -14.6996
59.79 -16.1696
59.882 -17.2264
59.974 -17.9556
60.066 -18.5038
60.1581 -19.0069
60.2501 -19.5248
60.3421 -20.0107
60.4341 -20.3315
60.5261 -20.3287
60.6182 -19.8894
60.7102 -18.9958
60.8022 -17.7311
60.8942 -16.2424
60.9863 -14.6816
61.0783 -13.1512
61.1703 -11.6804
61.2623 -10.2342
61.3543 -8.74649
61.4464 -7.155
61.5384 -5.42091
61.6304 -3.52837
61.7224 -1.47238
61.8145 0.749527
61.9065 3.13069
61.9985 5.63487
62.0905 8.17573
62.1825 10.6143
62.2746 12.7855
62.3666 14.5493
62.4586 15.8445
62.5506 16.7202
62.6427 17.3216
62.7347 17.8327
62.8267 18.3955
62.9187 19.0406
63.0107 19.6629
63.1028 20.0562
63.1948 19.9948
63.2868 19.3296
63.3788 18.0571
63.4709 16.3326
63.5629 14.4218
63.6549 12.611
63.7469 11.113
63.8389 10.0037
63.931 9.21106
64.023 8.55359
64.115 7.80788
64.207 6.77683
64.2991 5.33597
64.3911 3.44952
64.4831 1.16208
64.5751 -1.42071
64.6671 -4.15098
64.7592 -6.85337
64.8512 -9.34018
64.9432 -11.4338
65.0352 -12.9989
65.1273 -13.9767
65.2193 -14.4089
65.3113 -14.4348
65.4033 -14.2573
65.4953 -14.0828
65.5874 -14.0567
65.6794 -14.2166
65.7714 -14.4816
65.8634 -14.6838
65.9555 -14.6276
66.0475 -14.1566
66.1395 -13.2027
66.2315 -11.803
66.3235 -10.0814
66.4156 -8.20735
66.5076 -6.34768
66.5996 -4.62883
66.6916 -3.11804
66.7837 -1.82392
66.8757 -0.710595
66.9677 0.282262
67.0597 1.21932
67.1517 2.15244
67.2438 3.1078
67.3358 4.07867
67.4278 5.02655
67.5198 5.89246
67.6119 6.61792
67.7039 7.17028
67.7959 7.56306
67.8879 7.86169
67.9799 8.16921
68.072 8.59447
68.164 9.21377
68.256 10.0407
68.348 11.0171
68.4401 12.0289
68.5321 12.9413
68.6241 13.6372
68.7161 14.0446
68.8081 14.1412
68.9002 13.938
68.9922 13.4525
69.0842 12.6865
69.1762 11.6211
69.2683 10.2332
69.3603 8.5239
69.4523 6.54678
69.5443 4.41881
69.6363 2.30706
69.7284 0.393152
69.8204 -1.17242
69.9124 -2.31001
70.0044 -3.03051
70.0965 -3.42879
70.1885 -3.6534
70.2805 -3.8627
70.3725 -4.1803
70.4645 -4.66173
70.5566 -5.28024
70.6486 -5.93454
70.7406 -6.47684
70.8326 -6.75533
70.9247 -6.66207
71.0167 -6.17456
71.1087 -5.37876
71.2007 -4.46399
71.2927 -3.68658
71.3848 -3.30849
71.4768 -3.52634
71.5688 -4.41161
71.6608 -5.88094
71.7529 -7.70691
71.8449 -9.56588
71.9369 -11.1077
72.0289 -12.0253
72.1209 -12.105
72.213 -11.2486
72.305 -9.47037
72.397 -6.88082
72.489 -3.67072
72.5811 -0.100903
72.6731 3.50647
72.7651 6.78748
72.8571 9.37801
72.9491 10.9786
73.0412 11.4287
73.1332 10.764
73.2252 9.22962
73.3172 7.23343
73.4093 5.24461
73.5013 3.66796
73.5933 2.73584
73.6853 2.45757
73.7773 2.64582
73.8694 3.00997
73.9614 3.28015
74.0534 3.31322
74.1454 3.13978
74.2375 2.93606
74.3295 2.93533
74.4215 3.31818
74.5135 4.12812
74.6055 5.24699
74.6976 6.43834
74.7896 7.43824
74.8816 8.05463
74.9736 8.23439
75.0657 8.07262
75.1577 7.76391
75.2497 7.51793
75.3417 7.47474
75.4337 7.65182
75.5258 7.94
75.6178 8.14463
75.7098 8.05241
75.8018 7.49725
75.8939 6.40334
75.9859 4.79583
76.0779 2.78266
76.1699 0.520273
76.2619 -1.82211
76.354 -4.08948
76.446 -6.15615
76.538 -7.93163
76.63 -9.362
76.7221 -10.4301
76.8141 -11.1537
76.9061 -11.5797
76.9981 -11.7706
77.0901 -11.7852
77.1822 -11.6567
77.2742 -11.3779
77.3662 -10.8985
77.4582 -10.1402
77.5503 -9.02536
77.6423 -7.51328
77.7343 -5.62988
77.8263 -3.4821
77.9183 -1.24942
78.0104 0.847062
78.1024 2.5908
78.1944 3.81937
78.2864 4.46394
78.3785 4.56794
78.4705 4.27944
78.5625 3.81899
78.6545 3.43121
78.7465 3.33221
78.8386 3.6658
78.9306 4.4784
79.0226 5.71668
79.1146 7.24598
79.2067 8.88196
79.2987 10.4262
79.3907 11.6969
79.4827 12.5507
79.5747 12.8931
79.6668 12.6833
79.7588 11.9334
79.8508 10.7073
79.9428 9.11604
80.0349 7.30829
80.1269 5.45242
80.2189 3.71092
80.3109 2.21079
80.4029 1.01788
80.495 0.124264
80.587 -0.545423
80.679 -1.1081
80.771 -1.68343
80.8631 -2.35378
80.9551 -3.1359
81.0471 -3.9738
81.1391 -4.7551
81.2311 -5.34529
81.3232 -5.62826
81.4152 -5.53981
81.5072 -5.08436
81.5992 -4.33111
81.6913 -3.39363
81.7833 -2.4018
81.8753 -1.47622
81.9673 -0.712386
82.0593 -0.176247
82.1514 0.0927764
82.2434 0.0782882
82.3354 -0.210785
82.4274 -0.730323
82.5195 -1.38789
82.6115 -2.0356
82.7035 -2.47933
82.7955 -2.51025
82.8875 -1.95659
82.9796 -0.743169
83.0716 1.06061
83.1636 3.22484
83.2556 5.38834
83.3477 7.13291
83.4397 8.08589
83.5317 8.02243
83.6237 6.93506
83.7157 5.04602
83.8078 2.75526
83.8998 0.537911
83.9918 -1.17771
84.0838 -2.01779
84.1759 -2.1348
84.2679 -1.52216
84.3599 -0.436805
84.4519 0.818972
84.5439 1.98163
84.636 2.87717
84.728 3.4285
84.82 3.62858
84.912 3.64984
85.0041 3.15226
85.0961 2.36193
85.1881 1.3291
85.2801 0.147496
85.3721 -1.0398
85.4642 -2.20029
85.5562 -2.82967
85.6482 -3.09287
85.7402 -2.92273
85.8323 -2.43674
85.9243 -1.59734
86.0163 -0.975617
86.1083 -0.203078
86.2003 -0.147585
86.2924 -0.0221445
86.3844 -0.114604
86.4764 -0.104248
86.5684 0.136006
86.6605 0.4307
86.7525 1.1979
86.8445 2.10842
86.9365 3.10203
87.0285 4.05061
87.1206 4.7784
87.2126 5.50095
87.3046 6.13937
87.3966 6.36986
87.4887 6.52451
87.5807 6.36502
87.6727 5.56064
87.7647 4.66412
87.8567 3.91149
87.9488 2.74407
88.0408 1.30204
88.1328 -0.00266759
88.2248 -1.19377
88.3169 -2.44193
88.4089 -2.78213
88.5009 -2.90427
88.5929 -2.83585
88.6849 -2.36199
88.777 -1.90794
88.869 -1.24989
88.961 -0.614139
89.053 -0.00207385
89.1451 0.299301
89.2371 0.699888
89.3291 0.784411
89.4211 0.703229
89.5131 0.263527
89.6052 -0.538866
89.6972 -1.19444
89.7892 -1.85848
89.8812 -1.85982
89.9733 -1.72519
90.0653 -1.34892
90.1573 -0.739245
90.2493 0.0787619
90.3413 0.693396
90.4334 0.791984
90.5254 0.472802
90.6174 -0.21636
90.7094 -1.14775
90.8015 -1.86485
90.8935 -2.45813
90.9855 -2.18836
91.0775 -1.50546
91.1695 -0.405185
91.2616 0.7685
91.3536 1.73263
91.4456 2.28285
91.5376 2.36852
91.6297 2.09875
91.7217 1.86112
91.8137 1.32183
91.9057 1.09597
91.9977 1.13642
92.0898 1.33456
92.1818 1.78617
92.2738 2.30698
92.3658 2.8451
92.4579 3.39549
92.5499 3.96754
92.6419 4.77458
92.7339 5.22583
92.8259 5.41384
92.918 5.20294
93.01 4.53072
93.102 3.46102
93.194 2.19214
93.2861 0.930109
93.3781 -0.143319
93.4701 -0.352287
93.5621 0.0351111
93.6541 0.825148
93.7462 1.71185
93.8382 2.38352
93.9302 2.62439
94.0222 2.37407
94.1143 1.72664
94.2063 0.876431
94.2983 0.00896496
94.3903 -1.0157
94.4823 -1.29618
94.5744 -1.38362
94.6664 -1.27489
94.7584 -1.08748
94.8504 -0.916608
94.9425 -0.807752
95.0345 -0.75459
95.1265 -0.717575
95.2185 -0.816512
95.3105 -0.283363
95.4026 -0.177742
95.4946 0.0391717
95.5866 0.119872
95.6786 0.0106565
95.7707 -0.736557
95.8627 -1.22042
95.9547 -1.77293
96.0467 -2.41971
96.1387 -2.69401
