-4.94 1.24996
-4.84535 0.554563
-4.7507 0.0524801
-4.65605 -0.266905
-4.56139 -0.614297
-4.46674 -0.296049
-4.37209 0.278177
-4.27744 0.921871
-4.18279 1.43597
-4.08814 1.7058
-3.99349 1.66957
-3.89883 1.32135
-3.80418 0.774631
-3.70953 0.148315
-3.61488 -0.591185
-3.52023 -1.22202
-3.42558 -1.59543
-3.33093 -1.58553
-3.23627 -1.08936
-3.14162 0.316998
-3.04697 1.36915
-2.95232 2.43303
-2.85767 2.86287
-2.76302 3.1754
-2.66837 2.86729
-2.57371 2.23136
-2.47906 1.21391
-2.38441 0.0323543
-2.28976 -0.863593
-2.19511 -1.33975
-2.10046 -1.32881
-2.00581 -0.899675
-1.91115 -0.22012
-1.8165 0.63065
-1.72185 1.06827
-1.6272 1.11844
-1.53255 0.744512
-1.4379 0.196676
-1.34325 -0.727129
-1.24859 -1.62668
-1.15394 -2.26732
-1.05929 -2.48853
-0.964639 -2.24454
-0.869988 -1.61643
-0.775337 -1.21519
-0.680685 -0.398259
-0.586034 0.376742
-0.491382 0.990584
-0.396731 1.43259
-0.302079 1.63445
-0.207428 1.64726
-0.112776 1.52032
-0.018125 1.03619
0.0765264 0.894321
0.171178 0.779013
0.265829 0.568489
0.360481 0.338952
0.455132 0.0341054
0.549784 -0.0767276
0.644435 0.02618
0.739087 0.40172
0.833738 0.784501
0.928389 1.1763
1.02304 1.48998
1.11769 1.66134
1.21234 1.51258
1.307 1.36499
1.40165 1.10919
1.4963 0.757344
1.59095 0.3155
1.6856 -0.229413
1.78025 -0.388755
1.8749 -0.894359
1.96956 -1.35983
2.06421 -1.77089
2.15886 -1.98491
2.25351 -1.9595
2.34816 -1.63766
2.44281 -1.28923
2.53746 -1.22952
2.63212 -1.16105
2.72677 -1.41276
2.82142 -1.66412
2.91607 -1.3071
3.01072 -0.710469
3.10537 0.064779
3.20002 0.806229
3.29468 1.57392
3.38933 2.10851
3.48398 2.09159
3.57863 1.86301
3.67328 1.60809
3.76793 1.53471
3.86258 1.66684
3.95724 1.76253
4.05189 1.95307
4.14654 1.85282
4.24119 1.41489
4.33584 0.648103
4.43049 -0.283462
4.52514 -1.67968
4.6198 -2.29566
4.71445 -2.47497
4.8091 -2.41602
4.90375 -2.05286
4.9984 -1.56692
5.09305 -0.730849
5.1877 0.0896041
5.28236 1.13526
5.37701 2.36392
5.47166 3.49635
5.56631 4.49113
5.66096 4.88496
5.75561 4.52271
5.85026 3.48008
5.94492 1.7894
6.03957 0.32296
6.13422 -0.808508
6.22887 -2.1951
6.32352 -2.48373
6.41817 -2.57543
6.51282 -2.74073
6.60748 -3.09451
6.70213 -3.52342
6.79678 -3.74132
6.89143 -3.44501
6.98608 -2.48914
7.08073 -0.988261
7.17538 0.710206
7.27004 2.17159
7.36469 3.06685
7.45934 3.30635
7.55399 3.17189
7.64864 2.89695
7.74329 2.81089
7.83794 3.06118
7.9326 3.54031
8.02725 3.94493
8.1219 3.93417
8.21655 3.3055
8.3112 2.09978
8.40585 0.585992
8.5005 -0.861499
8.59516 -1.76339
8.68981 -2.30003
8.78446 -2.43861
8.87911 -2.36005
8.97376 -2.2336
9.06841 -2.05975
9.16306 -1.89477
9.25772 -1.96544
9.35237 -1.12879
9.44702 -0.19465
9.54167 0.995561
9.63632 2.1801
9.73097 2.61434
9.82562 2.4119
9.92028 1.7774
10.0149 0.860772
10.1096 -0.0513398
10.2042 -0.718752
10.2989 -1.1059
10.3935 -1.32137
10.4882 -1.69828
10.5828 -1.92071
10.6775 -2.25599
10.7721 -2.19671
10.8668 -1.87353
10.9614 -0.855523
11.0561 0.486565
11.1507 2.0446
11.2454 3.38078
11.34 4.24692
11.4347 4.5409
11.5294 4.32227
11.624 3.76687
11.7187 3.076
11.8133 2.37553
11.908 2.04702
12.0026 1.43968
12.0973 0.810633
12.1919 0.254342
12.2866 -0.369705
12.3812 -0.952184
12.4759 -1.43312
12.5705 -1.80515
12.6652 -2.21124
12.7598 -2.32733
12.8545 -2.14981
12.9491 -1.70225
13.0438 -0.817808
13.1384 0.495865
13.2331 1.97292
13.3277 3.45072
13.4224 4.49912
13.517 4.82181
13.6117 4.31004
13.7063 3.08805
13.801 1.47036
13.8956 -0.148732
13.9903 -1.42373
14.0849 -2.15083
14.1796 -2.29426
14.2742 -1.95034
14.3689 -1.28172
14.4635 -0.460306
14.5582 0.358888
14.6528 1.03775
14.7475 1.45268
14.8422 1.51244
14.9368 1.1501
15.0315 0.48094
15.1261 -0.170658
15.2208 -0.687816
15.3154 -0.676264
15.4101 -0.0322131
15.5047 1.10751
15.5994 2.3956
15.694 3.40138
15.7887 3.78295
15.8833 3.42575
15.978 2.48184
16.0726 1.2914
16.1673 0.225975
16.2619 -0.468765
16.3566 -0.755143
16.4512 -0.77611
16.5459 -0.742446
16.6405 -0.802093
16.7352 -0.964552
16.8298 -1.11818
16.9245 -1.12313
17.0191 -0.918968
17.1138 -0.578819
17.2084 -0.274603
17.3031 -0.172318
17.3977 -0.319731
17.4924 -0.596283
17.587 -0.760971
17.6817 -0.577474
17.7763 0.0506759
17.871 1.0113
17.9656 2.02294
18.0603 2.76464
18.155 3.02734
18.2496 2.80515
18.3443 2.27787
18.4389 1.6972
18.5336 1.24377
18.6282 0.938115
18.7229 0.657011
18.8175 0.244181
18.9122 -0.352944
19.0068 -1.00695
19.1015 -1.44861
19.1961 -1.40731
19.2908 -0.778613
19.3854 0.277904
19.4801 1.37525
19.5747 2.06277
19.6694 2.03845
19.764 1.30023
19.8587 0.15472
19.9533 -0.924707
20.048 -1.51908
20.1426 -1.45106
20.2373 -0.843766
20.3319 -0.0264668
20.4266 0.655882
20.5212 1.0225
20.6159 1.12961
20.7105 1.20275
20.8052 1.47511
20.8998 2.03021
20.9945 2.74166
21.0891 3.34367
21.1838 3.58851
21.2784 3.39525
21.3731 2.89931
21.4678 2.37099
21.5624 2.04942
21.6571 1.99076
21.7517 2.02381
21.8464 1.84526
21.941 1.20447
22.0357 0.0720938
22.1303 -1.30859
22.225 -2.52472
22.3196 -3.2002
22.4143 -3.19243
22.5089 -2.66778
22.6036 -2.00939
22.6982 -1.60486
22.7929 -1.6307
22.8875 -1.95471
22.9822 -2.21241
23.0768 -2.01581
23.1715 -1.17657
23.2661 0.18393
23.3608 1.70107
23.4554 2.9716
23.5501 3.77614
23.6447 4.18589
23.7394 4.48483
23.834 4.94687
23.9287 5.59764
24.0233 6.10857
24.118 5.90427
24.2126 4.44582
24.3073 1.54902
24.4019 -2.43316
24.4966 -6.67111
24.5912 -10.1442
24.6859 -12.0154
24.7806 -11.9125
24.8752 -9.98625
24.9699 -6.73904
25.0645 -2.73972
25.1592 1.60306
25.2538 6.08317
25.3485 10.5492
25.4431 14.684
25.5378 17.8848
25.6324 19.3622
25.7271 18.4475
25.8217 14.9561
25.9164 9.39936
26.011 2.89218
26.1057 -3.23783
26.2003 -7.96711
26.295 -10.9593
26.3896 -12.6067
26.4843 -13.6909
26.5789 -14.8292
26.6736 -15.9967
26.7682 -16.3935
26.8629 -14.7584
26.9575 -10.0036
27.0522 -1.87448
27.1468 8.67809
27.2415 19.5902
27.3361 28.1931
27.4308 31.906
27.5254 28.8354
27.6201 18.111
27.7147 -0.0183492
27.8094 -24.1642
27.9041 -51.6876
27.9987 -78.5024
28.0934 -99.0298
28.188 -106.682
28.2827 -95.1572
28.3773 -60.492
28.472 -3.3238
28.5666 69.5363
28.6613 145.161
28.7559 206.717
28.8506 237.568
28.9452 226.197
29.0399 170.306
29.1345 78.5258
29.2292 -31.1453
29.3238 -135.952
29.4185 -214.659
29.5131 -253.459
29.6078 -249.503
29.7024 -210.892
29.7971 -153.209
29.8917 -93.9105
29.9864 -46.6373
30.081 -17.4133
30.1757 -3.93543
30.2703 2.07495
30.365 10.6086
30.4596 28.9649
30.5543 58.8798
30.6489 96.1241
30.7436 132.469
30.8382 159.017
30.9329 169.456
31.0275 161.989
31.1222 139.348
31.2169 107.131
31.3115 71.3692
31.4062 36.4297
31.5008 4.07976
31.5955 -26.047
31.6901 -55.0103
31.7848 -82.972
31.8794 -108.287
31.9741 -127.73
32.0687 -137.744
32.1634 -136.108
32.258 -123.203
32.3527 -102.243
32.4473 -78.3142
32.542 -56.5656
32.6366 -40.3396
32.7313 -30.0168
32.8259 -23.0768
32.9206 -15.3466
33.0152 -2.90404
33.1099 16.1615
33.2045 40.852
33.2992 67.5647
33.3938 91.4188
33.4885 108.015
33.5831 114.891
33.6778 112.116
33.7724 101.883
33.8671 87.3644
33.9617 71.4231
34.0564 55.7214
34.151 40.5537
34.2457 25.3486
34.3403 9.48616
34.435 -7.02832
34.5297 -23.3597
34.6243 -38.1584
34.719 -50.1702
34.8136 -58.7826
34.9083 -64.2133
35.0029 -67.2608
35.0976 -68.7832
35.1922 -69.2066
35.2869 -68.3394
35.3815 -65.582
35.4762 -60.4026
35.5708 -52.7982
35.6655 -43.4736
35.7601 -33.626
35.8548 -24.4437
35.9494 -16.5844
36.0441 -9.91377
36.1387 -3.64949
36.2334 3.1608
36.328 11.0741
36.4227 19.8921
36.5173 28.6908
36.612 36.2217
36.7066 41.4752
36.8013 44.1212
36.8959 44.6133
36.9906 43.9219
37.0852 43.0522
37.1799 42.6011
37.2745 42.5694
37.3692 42.4946
37.4638 41.7932
37.5585 40.1007
37.6531 37.4112
37.7478 33.955
37.8425 29.9094
37.9371 25.1423
38.0318 19.1724
38.1264 11.403
38.2211 1.52274
38.3157 -10.1428
38.4104 -22.5401
38.505 -34.1422
38.5997 -43.4579
38.6943 -49.5658
38.789 -52.4229
38.8836 -52.8021
38.9783 -51.891
39.0729 -50.7496
39.1676 -49.8801
39.2622 -49.1036
39.3569 -47.7719
39.4515 -45.1846
39.5462 -40.9876
39.6408 -35.3571
39.7355 -28.8973
39.8301 -22.332
39.9248 -16.1672
40.0194 -10.5028
40.1141 -5.07806
40.2087 0.49519
40.3034 6.45445
40.398 12.7181
40.4927 18.9117
40.5873 24.5608
40.682 29.3336
40.7766 33.1949
40.8713 36.3897
40.9659 39.2713
41.0606 42.0739
41.1553 44.7535
41.2499 46.9801
41.3446 48.2797
41.4392 48.2439
41.5339 46.6997
41.6285 43.7583
41.7232 39.7334
41.8178 34.9869
41.9125 29.7899
42.0071 24.2666
42.1018 18.4339
42.1964 12.2923
42.2911 5.9056
42.3857 -0.582377
42.4804 -6.99329
42.575 -13.1842
42.6697 -19.088
42.7643 -24.6943
42.859 -29.9825
42.9536 -34.8552
43.0483 -39.1213
43.1429 -42.5527
43.2376 -44.9848
43.3322 -46.4052
43.4269 -46.9679
43.5215 -46.915
43.6162 -46.4385
43.7108 -45.5557
43.8055 -44.0717
43.9001 -41.6604
43.9948 -38.0328
44.0894 -33.1108
44.1841 -27.1173
44.2787 -20.5318
44.3734 -13.9276
44.4681 -7.76617
44.5627 -2.24729
44.6574 2.71656
44.752 7.39474
44.8467 12.06
44.9413 16.8277
45.036 21.5901
45.1306 26.0693
45.2253 29.9528
45.3199 33.0367
45.4146 35.3025
45.5092 36.8963
45.6039 38.0285
45.6985 38.8532
45.7932 39.3903
45.8878 39.5244
45.9825 39.0735
46.0771 37.8834
46.1718 35.8999
46.2664 33.1863
46.3611 29.8881
46.4557 26.1734
46.5504 22.181
46.645 17.9995
46.7397 13.674
46.8343 9.22627
46.929 4.66824
47.0236 0.00573801
47.1183 -4.75918
47.2129 -9.61344
47.3076 -14.502
47.4022 -19.2948
47.4969 -23.7773
47.5916 -27.6864
47.6862 -30.7908
47.7809 -32.9843
47.8755 -34.3442
47.9702 -35.1151
48.0648 -35.6084
48.1595 -36.0557
48.2541 -36.4833
48.3488 -36.6729
48.4434 -36.241
48.5381 -34.8081
48.6327 -32.1858
48.7274 -28.4924
48.822 -24.1381
48.9167 -19.6829
49.0113 -15.6259
49.106 -12.2247
49.2006 -9.42124
49.2953 -6.90693
49.3899 -4.28667
49.4846 -1.26288
49.5792 2.24635
49.6739 6.10127
49.7685 10.035
49.8632 13.789
49.9578 17.2153
50.0525 20.2996
50.1471 23.1029
50.2418 25.6687
50.3364 27.9538
50.4311 29.8258
50.5257 31.1254
50.6204 31.7545
50.715 31.7359
50.8097 31.2059
50.9044 30.3426
50.999 29.2705
51.0937 27.9946
51.1883 26.4061
51.283 24.3572
51.3776 21.7663
51.4723 18.6954
51.5669 15.3546
51.6616 12.0281
51.7562 8.95661
51.8509 6.2367
51.9455 3.78681
52.0402 1.39728
52.1348 -1.16227
52.2295 -4.03259
52.3241 -7.20465
52.4188 -10.5346
52.5134 -13.8192
52.6081 -16.886
52.7027 -19.6515
52.7974 -22.1189
52.892 -24.3244
52.9867 -26.2701
53.0813 -27.8851
53.176 -29.0397
53.2706 -29.6054
53.3653 -29.526
53.4599 -28.8569
53.5546 -27.7485
53.6492 -26.3791
53.7439 -24.8719
53.8385 -23.2399
53.9332 -21.3893
54.0278 -19.1798
54.1225 -16.5138
54.2172 -13.4083
54.3118 -10.0135
54.4065 -6.56924
54.5011 -3.32073
54.5958 -0.432915
54.6904 2.05769
54.7851 4.23587
54.8797 6.25468
54.9744 8.26568
55.069 10.3652
55.1637 12.5762
55.2583 14.8635
55.353 17.1646
55.4476 19.4127
55.5423 21.5383
55.6369 23.4555
55.7316 25.0475
55.8262 26.172
55.9209 26.693
56.0155 26.532
56.1102 25.7122
56.2048 24.3747
56.2995 22.7493
56.3941 21.0882
56.4888 19.5851
56.5834 18.3113
56.6781 17.1935
56.7727 16.0418
56.8674 14.616
56.962 12.7048
57.0567 10.1907
57.1513 7.08152
57.246 3.5045
57.3406 -0.328086
57.4353 -4.16657
57.53 -7.7697
57.6246 -10.9399
57.7193 -13.5457
57.8139 -15.5324
57.9086 -16.9233
58.0032 -17.8102
58.0979 -18.3331
58.1925 -18.65
58.2872 -18.9014
58.3818 -19.1781
58.4765 -19.5034
58.5711 -19.8339
58.6658 -20.08
58.7604 -20.1377
58.8551 -19.9193
58.9497 -19.3727
59.0444 -18.4852
59.139 -17.2735
59.2337 -15.7694
59.3283 -14.0097
59.423 -12.0355
59.5176 -9.89909
59.6123 -7.66994
59.7069 -5.43307
59.8016 -3.27396
59.8962 -1.25451
59.9909 0.610099
60.0855 2.36125
60.1802 4.08507
60.2748 5.87993
60.3695 7.81396
60.4641 9.88948
60.5588 12.0299
60.6534 14.0956
60.7481 15.9251
60.8428 17.3828
60.9374 18.3978
61.0321 18.9749
61.1267 19.1772
61.2214 19.0879
61.316 18.7712
61.4107 18.2494
61.5053 17.5065
61.6 16.5158
61.6946 15.276
61.7893 13.8368
61.8839 12.299
61.9786 10.7864
62.0732 9.40025
62.1679 8.17675
62.2625 7.06613
62.3572 5.94587
62.4518 4.664
62.5465 3.09707
62.6411 1.20077
62.7358 -0.965716
62.8304 -3.25003
62.9251 -5.44697
63.0197 -7.35405
63.1144 -8.8237
63.209 -9.79692
63.3037 -10.3108
63.3983 -10.4815
63.493 -10.4691
63.5876 -10.4358
63.6823 -10.5055
63.7769 -10.7333
63.8716 -11.0918
63.9662 -11.4766
64.0609 -11.7339
64.1556 -11.7052
64.2502 -11.2801
64.3449 -10.4402
64.4395 -9.28174
64.5342 -8.00105
64.6288 -6.84619
64.7235 -6.04391
64.8181 -5.72547
64.9128 -5.87593
65.0074 -6.32608
65.1021 -6.79256
65.1967 -6.95549
65.2914 -6.55034
65.386 -5.44587
65.4807 -3.68448
65.5753 -1.4732
65.67 0.871694
65.7646 3.01023
65.8593 4.67038
65.9539 5.72072
66.0486 6.20426
66.1432 6.32367
66.2379 6.38097
66.3325 6.68701
66.4272 7.46574
66.5218 8.78153
66.6165 10.5128
66.7111 12.3821
66.8058 14.0356
66.9004 15.146
66.9951 15.5062
67.0897 15.0814
67.1844 14.0036
67.2791 12.5143
67.3737 10.8809
67.4684 9.32074
67.563 7.96069
67.6577 6.84144
67.7523 5.95445
67.847 5.28392
67.9416 4.82729
68.0363 4.58203
68.1309 4.50825
68.2256 4.49377
68.3202 4.35015
68.4149 3.85451
68.5095 2.82667
68.6042 1.2097
68.6988 -0.885757
68.7935 -3.20076
68.8881 -5.41023
68.9828 -7.23781
69.0774 -8.55558
69.1721 -9.42487
69.2667 -10.0594
69.3614 -10.7255
69.456 -11.6221
69.5507 -12.7905
69.6453 -14.0899
69.74 -15.2454
69.8346 -15.9429
69.9293 -15.9317
70.0239 -15.0925
70.1186 -13.455
70.2132 -11.1667
70.3079 -8.4399
70.4025 -5.50044
70.4972 -2.55812
70.5919 0.202785
70.6865 2.62337
70.7812 4.57397
70.8758 5.96718
70.9705 6.7738
71.0651 7.0292
71.1598 6.82084
71.2544 6.25873
71.3491 5.4427
71.4437 4.44478
71.5384 3.31782
71.633 2.12635
71.7277 0.980114
71.8223 0.0454978
71.917 -0.481461
72.0116 -0.436558
72.1063 0.241336
72.2009 1.46435
72.2956 3.00288
72.3902 4.55125
72.4849 5.82931
72.5795 6.67882
72.6742 7.113
72.7688 7.29756
72.8635 7.47118
72.9581 7.84025
73.0528 8.4927
73.1474 9.36552
73.2421 10.2751
73.3367 10.9918
73.4314 11.3223
73.526 11.1663
73.6207 10.5277
73.7153 9.48573
73.81 8.14822
73.9047 6.6114
73.9993 4.94346
74.094 3.19121
74.1886 1.39727
74.2833 -0.388273
74.3779 -2.11054
74.4726 -3.72351
74.5672 -5.20281
74.6619 -6.54557
74.7565 -7.75405
74.8512 -8.81143
74.9458 -9.6657
75.0405 -10.2354
75.1351 -10.4398
75.2298 -10.2422
75.3244 -9.68468
75.4191 -8.8953
75.5137 -8.05929
75.6084 -7.36297
75.703 -6.93253
75.7977 -6.79269
75.8923 -6.86145
75.987 -6.98156
76.0816 -6.97371
76.1763 -6.6897
76.2709 -6.04686
76.3656 -5.03624
76.4602 -3.71006
76.5549 -2.16065
76.6495 -0.502822
76.7442 1.13599
76.8388 2.62212
76.9335 3.82663
77.0281 4.64662
77.1228 5.03405
77.2175 5.02159
77.3121 4.73112
77.4068 4.35558
77.5014 4.11485
77.5961 4.19826
77.6907 4.71273
77.7854 5.65461
77.88 6.9139
77.9747 8.30753
78.0693 9.62769
78.164 10.6883
78.2586 11.3555
78.3533 11.5579
78.4479 11.2796
78.5426 10.5466
78.6372 9.41441
78.7319 7.96176
78.8265 6.28942
78.9212 4.51794
79.0158 2.77936
79.1105 1.2008
79.2051 -0.117084
79.2998 -1.12011
79.3944 -1.81124
79.4891 -2.24681
79.5837 -2.51822
79.6784 -2.72408
79.773 -2.94159
79.8677 -3.42038
79.9623 -3.66615
80.057 -3.86946
80.1516 -4.00064
80.2463 -4.05534
80.3409 -4.06476
80.4356 -4.09138
80.5303 -4.21004
80.6249 -4.47965
80.7196 -4.91518
80.8142 -5.47089
80.9089 -5.87843
81.0035 -6.41378
81.0982 -6.70572
81.1928 -6.63998
81.2875 -6.38223
81.3821 -5.63926
81.4768 -4.60192
81.5714 -3.39062
81.6661 -2.11611
81.7607 -0.848716
81.8554 0.183343
81.95 1.35314
82.0447 2.51584
82.1393 3.74538
82.234 4.73118
82.3286 5.40606
82.4233 5.79632
82.5179 5.85189
82.6126 5.63325
82.7072 5.24361
82.8019 4.84648
82.8965 4.42238
82.9912 4.05591
83.0858 3.90176
83.1805 3.66906
83.2751 3.5002
83.3698 3.05946
83.4644 2.87391
83.5591 2.63696
83.6537 2.1274
83.7484 1.86801
83.8431 1.22544
83.9377 0.305758
84.0324 -0.509546
84.127 -1.4327
84.2217 -2.22393
84.3163 -2.56967
84.411 -2.49615
84.5056 -2.00948
84.6003 -1.16321
84.6949 0.067605
84.7896 1.01647
84.8842 1.58767
84.9789 1.63603
85.0735 1.17037
85.1682 0.450312
85.2628 -0.376275
85.3575 -0.919442
85.4521 -1.28116
85.5468 -1.23169
85.6414 -1.04311
85.7361 -0.606675
85.8307 -0.156838
85.9254 0.185376
86.02 0.288744
86.1147 0.327882
86.2093 0.109215
86.304 -0.135769
86.3986 -0.0944068
86.4933 0.258445
86.5879 0.940828
86.6826 1.4375
86.7772 2.43976
86.8719 3.31127
86.9666 3.82926
87.0612 3.63204
87.1559 3.27119
87.2505 2.62342
87.3452 1.79877
87.4398 1.04462
87.5345 0.36696
87.6291 -0.210712
87.7238 -0.687095
87.8184 -1.05791
87.9131 -1.36973
88.0077 -1.49575
88.1024 -1.52229
88.197 -1.47791
88.2917 -1.41077
88.3863 -1.37203
88.481 -1.39029
88.5756 -1.29452
88.6703 -1.3685
88.7649 -1.41469
88.8596 -1.36591
88.9542 -1.19368
89.0489 -0.922939
89.1435 -0.616042
89.2382 -0.291211
89.3328 -0.0197654
89.4275 0.225948
89.5221 0.780177
89.6168 1.31853
89.7114 1.93768
89.8061 2.70752
89.9007 3.13963
89.9954 3.26712
90.09 3.01561
90.1847 2.40306
90.2794 1.55437
90.374 0.674729
90.4687 0.0360514
90.5633 -0.287013
90.658 -0.171086
90.7526 0.325841
90.8473 1.03735
90.9419 1.74448
91.0366 2.24444
91.1312 2.40891
91.2259 2.36571
91.3205 1.9992
91.4152 1.36179
91.5098 0.767063
91.6045 0.368881
91.6991 0.253552
91.7938 0.419829
91.8884 0.609185
