1.91 1.53729
2.01 0.91119
2.11 0.244265
2.21 0.168214
2.31 0.146028
2.41 0.733007
2.51 1.29444
2.61 1.64198
2.71 1.94082
2.81 2.31486
2.91 2.74222
3.01 2.96468
3.11 2.91789
3.21 2.59954
3.31 2.42205
3.41 2.23395
3.51 2.02475
3.61 1.51719
3.71 0.64096
3.81 -0.784326
3.91 -1.71104
4.01 -2.12416
4.11 -2.21473
4.21 -1.82977
4.31 -1.15449
4.41 -0.307815
4.51 0.686586
4.61 1.60989
4.71 2.12632
4.81 2.37754
4.91 2.46993
5.01 2.17107
5.11 1.81897
5.21 1.38453
5.31 0.918563
5.41 0.585355
5.51 0.321867
5.61 0.267756
5.71 0.28244
5.81 0.302621
5.91 0.599405
6.01 1.48924
6.11 2.57455
6.21 3.33674
6.31 3.82359
6.41 3.85051
6.51 3.48452
6.61 2.91814
6.71 2.38975
6.81 1.77046
6.91 0.974293
7.01 0.120182
7.11 -0.222796
7.21 0.0509465
7.31 0.464904
7.41 0.609448
7.51 0.580549
7.61 0.448244
7.71 0.206832
7.81 0.213978
7.91 0.557076
8.01 0.817224
8.11 0.970025
8.21 1.25395
8.31 1.46767
8.41 1.21529
8.51 0.695699
8.61 0.434821
8.71 0.491416
8.81 0.916784
8.91 1.39476
9.01 1.69824
9.11 1.92275
9.21 1.98701
9.31 1.77738
9.41 1.40809
9.51 0.880417
9.61 0.467241
9.71 0.722226
9.81 1.29287
9.91 1.88268
10.01 2.49801
10.11 3.02773
10.21 3.23471
10.31 3.03083
10.41 2.10332
10.51 0.560396
10.61 -0.912257
10.71 -2.14193
10.81 -2.78202
10.91 -2.80782
11.01 -2.3911
11.11 -1.6554
11.21 -0.535214
11.31 0.641914
11.41 1.76248
11.51 2.70966
11.61 3.10312
11.71 2.73205
11.81 2.39694
11.91 2.3011
12.01 2.62647
12.11 3.08594
12.21 3.15685
12.31 2.70267
12.41 1.85311
12.51 1.05039
12.61 0.692112
12.71 1.02168
12.81 1.52445
12.91 1.32801
13.01 0.506608
13.11 -0.360726
13.21 -1.00781
13.31 -1.47623
13.41 -1.95174
13.51 -2.19584
13.61 -2.02411
13.71 -1.4914
13.81 -0.713087
13.91 -0.0471794
14.01 0.486405
14.11 1.06671
14.21 1.70265
14.31 2.1955
14.41 2.38475
14.51 2.45048
14.61 2.72072
14.71 3.3975
14.81 4.45232
14.91 5.51117
15.01 5.99259
15.11 5.64979
15.21 4.42689
15.31 2.78315
15.41 0.614907
15.51 -2.38465
15.61 -5.59559
15.71 -8.45212
15.81 -10.3722
15.91 -10.9118
16.01 -9.69418
16.11 -6.86975
16.21 -2.48824
16.31 2.876
16.41 8.25781
16.51 13.3183
16.61 17.1872
16.71 18.9589
16.81 18.0242
16.91 14.516
17.01 9.13039
17.11 2.91437
17.21 -3.16638
17.31 -8.08558
17.41 -11.1663
17.51 -12.2697
17.61 -11.7315
17.71 -10.1141
17.81 -7.97127
17.91 -5.36739
18.01 -2.7118
18.11 -0.231459
18.21 2.42822
18.31 5.58128
18.41 8.86918
18.51 12.0562
18.61 14.3337
18.71 14.6233
18.81 11.5278
18.91 3.44838
19.01 -10.898
19.11 -31.5597
19.21 -56.1029
19.31 -77.6295
19.41 -87.4794
19.51 -80.8613
19.61 -57.5449
19.71 -18.6827
19.81 33.5024
19.91 96.9048
20.01 158.979
20.11 201.237
20.21 214.269
20.31 193.986
20.41 125.364
20.51 7.80871
20.61 -128.696
20.71 -235.532
20.81 -285.037
20.91 -285.939
21.01 -250.429
21.11 -185.235
21.21 -109.534
21.31 -44.1324
21.41 3.60143
21.51 37.5948
21.61 60.9459
21.71 77.1243
21.81 90.2277
21.91 102.696
22.01 114.052
22.11 121.504
22.21 121.535
22.31 111.699
22.41 92.4292
22.51 68.45
22.61 44.8858
22.71 24.4656
22.81 7.19576
22.91 -8.55592
23.01 -26.1468
23.11 -49.5935
23.21 -81.581
23.31 -116.86
23.41 -142.92
23.51 -151.154
23.61 -142.356
23.71 -119.476
23.81 -87.266
23.91 -55.4336
24.01 -29.8698
24.11 -10.5343
24.21 5.28139
24.31 19.5257
24.41 34.1692
24.51 50.4885
24.61 67.8156
24.71 83.7052
24.81 94.2418
24.91 96.4763
25.01 90.5805
25.11 79.2085
25.21 66.6194
25.31 55.0516
25.41 44.7741
25.51 34.9247
25.61 23.8025
25.71 10.7987
25.81 -3.7706
25.91 -19.7986
26.01 -35.9604
26.11 -49.3567
26.21 -59.0003
26.31 -65.459
26.41 -69.4459
26.51 -71.3742
26.61 -70.9843
26.71 -67.2431
26.81 -60.1461
26.91 -50.9102
27.01 -41.1123
27.11 -31.6959
27.21 -23.3084
27.31 -16.1725
27.41 -9.84455
27.51 -2.82624
27.61 5.27594
27.71 13.9869
27.81 22.5111
27.91 29.9425
28.01 35.456
28.11 38.8139
28.21 40.6468
28.31 42.275
28.41 44.6018
28.51 47.6496
28.61 50.5191
28.71 52.0486
28.81 51.1332
28.91 47.6254
29.01 41.8192
29.11 34.6639
29.21 26.9815
29.31 18.8746
29.41 10.0165
29.51 -0.152569
29.61 -11.9672
29.71 -24.428
29.81 -35.7609
29.91 -44.1025
30.01 -48.4492
30.11 -49.5358
30.21 -48.948
30.31 -47.8976
30.41 -47.2112
30.51 -46.953
30.61 -46.251
30.71 -44.7475
30.81 -41.8658
30.91 -37.295
31.01 -31.8559
31.11 -26.2514
31.21 -20.8136
31.31 -15.6107
31.41 -10.2183
31.51 -3.52245
31.61 3.92592
31.71 11.1644
31.81 17.3513
31.91 22.4116
32.01 26.5039
32.11 30.1671
32.21 33.699
32.31 37.2194
32.41 40.7603
32.51 43.8945
32.61 46.2947
32.71 47.255
32.81 46.614
32.91 44.42
33.01 41.4051
33.11 37.7655
33.21 33.8956
33.31 29.5935
33.41 24.3856
33.51 18.4643
33.61 11.5694
33.71 3.90301
33.81 -3.95058
33.91 -11.4185
34.01 -18.2133
34.11 -24.5161
34.21 -30.0621
34.31 -34.7413
34.41 -39.3763
34.51 -43.8833
34.61 -47.5159
34.71 -49.7441
34.81 -50.7196
34.91 -50.7523
35.01 -50.0249
35.11 -48.2663
35.21 -45.5784
35.31 -41.6335
35.41 -36.5692
35.51 -30.8382
35.61 -24.545
35.71 -17.931
35.81 -11.4351
35.91 -5.02524
36.01 1.32541
36.11 7.49699
36.21 13.576
36.31 19.5471
36.41 25.2675
36.51 30.3421
36.61 34.5127
36.71 37.7069
36.81 40.068
36.91 41.5774
37.01 42.3519
37.11 42.8066
37.21 43.0877
37.31 43.0205
37.41 41.9573
37.51 39.5415
37.61 36.0839
37.71 32.1543
37.81 27.9512
37.91 22.9481
38.01 17.0123
38.11 10.77
38.21 4.72331
38.31 -0.774782
38.41 -5.77938
38.51 -10.3435
38.61 -14.606
38.71 -18.7377
38.81 -22.5598
38.91 -25.8049
39.01 -28.6318
39.11 -31.1775
39.21 -33.2582
39.31 -34.683
39.41 -35.6765
39.51 -36.4837
39.61 -36.7301
39.71 -35.9945
39.81 -34.3686
39.91 -32.3513
40.01 -29.9382
40.11 -26.9181
40.21 -23.5308
40.31 -20.1026
40.41 -16.8602
40.51 -14.0638
40.61 -11.4456
40.71 -8.63209
40.81 -5.50214
40.91 -2.1959
41.01 1.17918
41.11 5.09743
41.21 9.7724
41.31 14.8567
41.41 20.075
41.51 24.9171
41.61 29.1388
41.71 32.5263
41.81 34.871
41.91 35.7497
42.01 35.4361
42.11 34.479
42.21 33.1878
42.31 31.7203
42.41 30.1544
42.51 28.3975
42.61 26.8522
42.71 25.0919
42.81 22.7823
42.91 19.8478
43.01 16.3766
43.11 12.4411
43.21 8.28472
43.31 4.61148
43.41 1.53175
43.51 -1.42036
43.61 -4.70332
43.71 -8.38409
43.81 -12.227
43.91 -15.9325
44.01 -19.105
44.11 -21.7299
44.21 -24.022
44.31 -25.9159
44.41 -27.3255
44.51 -28.3852
44.61 -29.0968
44.71 -29.3567
44.81 -29.2621
44.91 -28.9144
45.01 -28.1195
45.11 -26.8725
45.21 -25.3162
45.31 -23.6563
45.41 -21.8346
45.51 -19.5159
45.61 -16.8964
45.71 -14.061
45.81 -11.0153
45.91 -7.67339
46.01 -3.63135
46.11 0.896553
46.21 5.20687
46.31 9.23634
46.41 12.9291
46.51 16.1041
46.61 18.7172
46.71 21.0291
46.81 22.88
46.91 24.2145
47.01 24.9185
47.11 25.3794
47.21 25.9239
47.31 26.6284
47.41 27.2664
47.51 27.2759
47.61 26.5319
47.71 25.2607
47.81 23.8673
47.91 22.1601
48.01 20.0463
48.11 17.7596
48.21 15.525
48.31 13.2425
48.41 10.8847
48.51 8.50824
48.61 5.73262
48.71 2.95871
48.81 0.294089
48.91 -2.86865
49.01 -6.46232
49.11 -10.1573
49.21 -13.5208
49.31 -16.5759
49.41 -19.3008
49.51 -21.8158
49.61 -23.8145
49.71 -25.1398
49.81 -25.4148
49.91 -24.8645
50.01 -23.8244
50.11 -22.8356
50.21 -22.1103
50.31 -21.6646
50.41 -20.92
50.51 -19.8313
50.61 -18.3954
50.71 -16.2317
50.81 -13.4462
50.91 -10.6514
51.01 -8.10363
51.11 -5.66298
51.21 -3.01156
51.31 -0.181846
51.41 2.59999
51.51 5.13021
51.61 7.5674
51.71 10.1409
51.81 12.8455
51.91 15.2409
52.01 16.8791
52.11 17.4084
52.21 17.4956
52.31 17.7454
52.41 18.1245
52.51 18.2585
52.61 18.228
52.71 18.0647
52.81 17.6895
52.91 17.3033
53.01 16.7666
53.11 15.8422
53.21 15.0099
53.31 14.0709
53.41 12.9982
53.51 11.9087
53.61 10.5637
53.71 9.04633
53.81 7.38486
53.91 5.67239
54.01 3.88012
54.11 1.65298
54.21 -0.981154
54.31 -3.68168
54.41 -6.02638
54.51 -7.75323
54.61 -8.93975
54.71 -10.1486
54.81 -11.7958
54.91 -13.1035
55.01 -13.7442
55.11 -14.4009
55.21 -15.1673
55.31 -15.6572
55.41 -15.8562
55.51 -15.9862
55.61 -15.8231
55.71 -15.2349
55.81 -14.1037
55.91 -12.6862
56.01 -11.2435
56.11 -9.63696
56.21 -8.0894
56.31 -6.50029
56.41 -4.48589
56.51 -2.46573
56.61 -0.827187
56.71 0.872396
56.81 3.05374
56.91 5.3925
57.01 7.31007
57.11 8.70408
57.21 9.67283
57.31 10.2691
57.41 10.1918
57.51 9.3034
57.61 7.78032
57.71 6.2637
57.81 5.14983
57.91 4.91684
58.01 5.74451
58.11 7.36821
58.21 9.29486
58.31 11.3468
58.41 13.0718
58.51 13.9323
58.61 13.9342
58.71 13.196
58.81 11.9003
58.91 10.2991
59.01 8.93117
59.11 7.78882
59.21 6.62852
59.31 5.26262
59.41 3.63261
59.51 1.66371
59.61 -0.516271
59.71 -2.32934
59.81 -2.87046
59.91 -2.70963
60.01 -2.43421
60.11 -2.17556
60.21 -1.80012
60.31 -1.46736
60.41 -1.46754
60.51 -1.98119
60.61 -3.27954
60.71 -5.07963
60.81 -6.8572
60.91 -8.54441
61.01 -10.2137
61.11 -11.7795
61.21 -12.8952
61.31 -13.1713
61.41 -12.45
61.51 -11.1721
61.61 -9.4996
61.71 -7.70424
61.81 -5.93849
61.91 -4.1427
62.01 -1.87048
62.11 0.594729
62.21 3.04087
62.31 5.5194
62.41 7.89955
62.51 9.79294
62.61 10.9577
62.71 10.6929
62.81 8.94166
62.91 6.21382
63.01 3.09049
63.11 -0.264678
63.21 -3.01772
63.31 -4.54454
63.41 -4.80913
63.51 -4.08437
63.61 -2.69551
63.71 -1.18912
63.81 0.341244
63.91 1.79687
64.01 3.19584
64.11 4.35683
64.21 5.39951
64.31 6.41878
64.41 7.39766
64.51 8.5544
64.61 10.3298
64.71 12.2049
64.81 13.1688
64.91 13.1359
65.01 12.6359
65.11 11.7407
65.21 10.197
65.31 8.1063
65.41 6.10408
65.51 4.31118
65.61 2.82212
65.71 1.78786
65.81 1.08774
65.91 0.232846
66.01 -0.736536
66.11 -1.78199
66.21 -2.79831
66.31 -3.7025
66.41 -5.02529
66.51 -6.7214
66.61 -8.36858
66.71 -9.7372
66.81 -10.31
66.91 -10.2423
67.01 -9.64322
67.11 -8.66506
67.21 -7.61047
67.31 -6.62131
67.41 -5.84254
67.51 -5.69987
67.61 -6.03441
67.71 -6.255
67.81 -6.16084
67.91 -5.68771
68.01 -4.94791
68.11 -3.82559
68.21 -2.02049
68.31 -0.0424879
68.41 1.63622
68.51 3.1667
68.61 4.57808
68.71 5.87954
68.81 6.92398
68.91 7.49065
69.01 7.12849
69.11 7.11025
69.21 7.33563
69.31 7.73096
69.41 8.1688
69.51 8.33755
69.61 8.74667
69.71 9.04082
69.81 9.49814
69.91 9.29488
70.01 9.15026
70.11 8.36502
70.21 7.41421
70.31 6.36566
70.41 5.09442
70.51 3.72502
70.61 2.51361
70.71 1.40093
70.81 0.547774
70.91 -0.414928
71.01 -1.61794
71.11 -3.07866
71.21 -3.84304
71.31 -4.38136
71.41 -4.90961
71.51 -5.56481
71.61 -6.05286
71.71 -6.29595
71.81 -6.12347
71.91 -5.42358
72.01 -4.69318
72.11 -3.91475
72.21 -3.49378
72.31 -3.27535
72.41 -3.05278
72.51 -2.85764
72.61 -2.55471
72.71 -2.00057
72.81 -1.11513
72.91 0.0726101
73.01 1.08132
73.11 1.99546
73.21 2.63678
73.31 3.10134
73.41 3.45666
73.51 3.7369
73.61 4.15665
73.71 4.3564
73.81 4.42941
73.91 4.21833
74.01 3.92074
74.11 3.45851
74.21 2.93819
74.31 2.53053
74.41 2.28945
74.51 2.43833
74.61 3.0141
74.71 3.70231
74.81 4.16918
74.91 4.16981
75.01 3.29437
75.11 1.77264
75.21 0.22555
75.31 -1.351
75.41 -2.76879
75.51 -4.0533
75.61 -4.94595
75.71 -5.32955
75.81 -4.90613
75.91 -4.04685
76.01 -3.05482
76.11 -2.00162
76.21 -1.31119
76.31 -1.08417
76.41 -0.897981
76.51 -0.226208
76.61 0.623477
76.71 1.49854
76.81 2.0698
76.91 2.3338
77.01 2.66201
77.11 3.10471
77.21 3.4158
77.31 3.54343
77.41 3.48233
77.51 3.03769
77.61 2.66239
77.71 2.33947
77.81 1.94598
77.91 1.56114
78.01 1.54835
78.11 1.72451
78.21 1.84521
78.31 1.9844
78.41 1.97104
78.51 1.69983
78.61 1.37341
78.71 0.983722
78.81 0.661635
78.91 0.216005
79.01 -0.127021
79.11 -0.690296
79.21 -1.2834
79.31 -1.48384
79.41 -1.37018
79.51 -1.00305
79.61 -0.544082
79.71 -0.0122269
79.81 0.926277
79.91 2.04849
80.01 2.35316
80.11 1.81774
80.21 0.80377
80.31 -0.24079
80.41 -1.21723
80.51 -2.07414
80.61 -2.82018
80.71 -3.29889
80.81 -3.36899
80.91 -3.32521
81.01 -3.24848
81.11 -3.18302
81.21 -2.874
81.31 -2.42539
81.41 -1.58737
81.51 -0.667597
81.61 0.523125
81.71 1.75682
81.81 2.84593
81.91 3.80332
82.01 4.85736
82.11 5.26586
82.21 5.19545
82.31 4.62989
82.41 3.64608
82.51 2.4295
82.61 1.32531
82.71 0.242855
82.81 -0.288752
82.91 -0.509808
83.01 -0.567827
83.11 -0.451169
83.21 -0.138352
83.31 0.123095
83.41 0.331762
83.51 0.777575
83.61 1.30792
83.71 1.74114
83.81 2.05598
83.91 2.2133
84.01 2.45255
84.11 2.38613
84.21 2.32251
84.31 2.21523
84.41 1.69956
84.51 1.13503
84.61 0.552055
84.71 -0.0897497
84.81 -0.400598
84.91 -0.560604
85.01 -0.654679
85.11 -0.935027
85.21 -1.29551
85.31 -1.75446
85.41 -2.53708
85.51 -2.86062
85.61 -2.97406
85.71 -2.84092
85.81 -2.1059
85.91 -1.71103
86.01 -0.916193
86.11 0.196352
86.21 1.27759
86.31 1.98296
86.41 2.41207
86.51 2.34792
86.61 2.34439
86.71 1.83062
86.81 0.782124
86.91 -0.570037
87.01 -1.59036
87.11 -2.40986
87.21 -2.71762
87.31 -2.44711
87.41 -1.78192
87.51 -1.13975
87.61 -0.482338
87.71 0.012906
87.81 0.815003
87.91 1.18075
88.01 1.05647
88.11 0.539096
88.21 0.201935
88.31 0.0532685
88.41 0.136228
88.51 0.62291
88.61 1.26721
88.71 1.78104
88.81 2.26928
88.91 2.77191
89.01 3.23107
89.11 3.10322
89.21 2.70327
89.31 1.99719
89.41 1.36842
89.51 0.560316
89.61 0.188669
89.71 -0.0764575
89.81 -0.312058
89.91 -0.419164
90.01 -0.554661
90.11 -0.652029
90.21 -0.832238
90.31 -1.10228
90.41 -1.17375
90.51 -1.16122
90.61 -0.984158
90.71 -0.669441
90.81 -0.38035
90.91 -0.0291334
91.01 0.544821
91.11 0.987771
91.21 1.17237
91.31 1.11278
91.41 0.90663
91.51 0.766805
91.61 0.401519
91.71 0.134306
91.81 -0.280684
91.91 -0.713287
92.01 -1.01689
92.11 -1.14186
92.21 -1.14147
92.31 -1.10584
92.41 -0.894485
92.51 -0.464957
92.61 -0.0403841
92.71 0.29354
92.81 0.407167
92.91 0.557309
93.01 0.718295
93.11 0.820818
93.21 0.822468
93.31 0.630831
93.41 0.393469
93.51 0.557455
93.61 0.818138
93.71 1.41689
93.81 1.78264
93.91 2.01598
94.01 2.20103
94.11 2.12762
94.21 1.72673
94.31 1.06079
94.41 0.415651
94.51 -0.279366
94.61 -0.835298
94.71 -1.11514
94.81 -1.10378
94.91 -0.963702
95.01 -0.641305
95.11 -0.101356
95.21 0.211755
95.31 0.408357
95.41 0.287368
95.51 0.343881
95.61 0.278699
95.71 0.214319
95.81 0.0409492
95.91 0.0734177
96.01 0.131768
96.11 0.243325
96.21 0.385009
96.31 0.491144
96.41 0.513093
96.51 0.327425
96.61 0.220138
96.71 0.123103
96.81 0.124011
96.91 0.0950536
97.01 -0.0767572
97.11 -0.152813
97.21 -0.320637
97.31 -0.401661
97.41 -0.487338
97.51 -0.558713
97.61 -0.599525
97.71 -0.588723
97.81 -0.502892
97.91 -0.236896
98.01 -0.0965646
98.11 0.0733518
98.21 0.215558
98.31 0.308642
98.41 0.382766
98.51 0.133031
98.61 0.21982
98.71 0.282805
98.81 0.295192
98.91 0.346363
99.01 0.277615
99.11 0.260986
99.21 0.203852
99.31 0.0996181
99.41 0.0647026
99.51 0.0647026
99.61 0.0647026
99.71 0.0647026
99.81 0.0647026
99.91 0.0647026
100.01 0.0647026
100.11 0.0647026
100.21 0.0647026
100.31 0.0647026
100.41 0.0647026
100.51 0.0647026
100.61 0.0647026
100.71 0.0647026
100.81 0.0647026
100.91 0.0647026
101.01 0.0647026
101.11 0.0647026
101.21 0.0647026
101.31 0.0647026
101.41 0.0647026
101.51 0.0647026
101.61 0.0647026
101.71 0.0647026
101.81 0.0647026
101.91 0.0647026
102.01 0.0647026
102.11 0.0647026
102.21 0.0647026
102.31 0.0647026
102.41 0.0647026
102.51 0.0647026
102.61 0.0647026
102.71 0.0647026
102.81 0.0647026
102.91 0.0647026
103.01 0.0647026
103.11 0.0647026
103.21 0.0647026
103.31 0.0647026
103.41 0.0647026
103.51 0.0647026
103.61 0.0647026
103.71 0.0647026
103.81 0.0647026
103.91 0.0647026
104.01 0.0647026
104.11 0.0647026
104.21 0.0647026
