0.84 2.96457
0.934276 2.11641
1.02855 1.26279
1.12283 1.08606
1.2171 1.24644
1.31138 1.57282
1.40566 1.80828
1.49993 2.06066
1.59421 1.90101
1.68848 1.41302
1.78276 0.887837
1.87703 0.609027
1.97131 0.575867
2.06559 0.478467
2.15986 0.651377
2.25414 0.747354
2.34841 0.989429
2.44269 0.973733
2.53697 0.958121
2.63124 1.054
2.72552 1.25315
2.81979 1.51131
2.91407 1.59823
3.00834 1.35898
3.10262 0.774105
3.1969 -0.00875242
3.29117 -0.732482
3.38545 -1.14838
3.47972 -1.13242
3.574 -0.739901
3.66828 -0.173097
3.76255 0.316214
3.85683 0.53513
3.9511 0.413992
4.04538 0.00184149
4.13965 -0.590635
4.23393 -1.25659
4.32821 -2.17503
4.42248 -2.80289
4.51676 -3.29518
4.61103 -3.52305
4.70531 -3.3382
4.79959 -2.64383
4.89386 -1.47208
4.98814 -0.0157283
5.08241 1.41878
5.17669 2.52667
5.27096 3.13483
5.36524 3.27624
5.45952 3.16257
5.55379 3.06203
5.64807 3.14404
5.74234 3.37617
5.83662 3.53518
5.9309 3.334
6.02517 2.60055
6.11945 1.41064
6.21372 0.0958335
6.308 -0.88872
6.40227 -1.1758
6.49655 -0.670073
6.59083 0.392653
6.6851 1.54566
6.77938 2.30327
6.87365 2.37864
6.96793 1.79884
7.06221 0.863602
7.15648 -0.0235723
7.25076 -0.558313
7.34503 -0.665544
7.43931 -0.49531
7.53358 -0.299274
7.62786 -0.267627
7.72214 -0.423042
7.81641 -0.629214
7.91069 -0.700552
8.00496 -0.538834
8.09924 -0.207893
8.19352 0.102956
8.28779 0.205791
8.38207 0.0517551
8.47634 -0.210914
8.57062 -0.304135
8.66489 0.0171958
8.75917 0.798135
8.85345 1.81385
8.94772 2.64849
9.042 2.89098
9.13627 2.34633
9.23055 1.14702
9.32483 -0.300245
9.4191 -1.5072
9.51338 -2.13367
9.60765 -2.1304
9.70193 -1.72041
9.7962 -1.23558
9.89048 -0.90743
9.98476 -0.736024
10.079 -0.51281
10.1733 0.0195419
10.2676 0.971461
10.3619 2.20001
10.4561 3.36433
10.5504 4.11607
10.6447 4.30946
10.739 4.09456
10.8332 3.81934
10.9275 3.7819
11.0218 3.97457
11.1161 3.98605
11.2103 3.15316
11.3046 0.915296
11.3989 -2.80206
11.4932 -7.38868
11.5874 -11.6725
11.6817 -14.3396
11.776 -14.466
11.8703 -11.9032
11.9645 -7.32322
12.0588 -1.89747
12.1531 3.22707
12.2474 7.38372
12.3417 10.5418
12.4359 13.0937
12.5302 15.4104
12.6245 17.4326
12.7188 18.5495
12.813 17.857
12.9073 14.6686
13.0016 8.99744
13.0959 1.72649
13.1901 -5.6578
13.2844 -11.6549
13.3787 -15.3645
13.473 -16.7994
13.5672 -16.7222
13.6615 -16.0885
13.7558 -15.3981
13.8501 -14.3197
13.9443 -11.8185
14.0386 -6.75228
14.1329 1.35804
14.2272 11.7763
14.3214 22.51
14.4157 30.8131
14.51 33.9974
14.6043 30.1852
14.6985 18.7152
14.7928 0.145407
14.8871 -23.9527
14.9814 -51.1219
15.0757 -77.9057
15.1699 -99.6233
15.2642 -110.431
15.3585 -104.127
15.4528 -75.8772
15.547 -24.5503
15.6413 45.2053
15.7356 122.216
15.8299 190.199
15.9241 231.436
16.0184 231.835
16.1127 185.768
16.207 98.8689
16.3012 -12.4909
16.3955 -125.183
16.4898 -215.641
16.5841 -266.443
16.6783 -270.948
16.7726 -234.425
16.8669 -171.417
16.9612 -100.431
17.0554 -37.952
17.1497 6.10917
17.244 30.1152
17.3383 39.3165
17.4325 42.3127
17.5268 46.9888
17.6211 57.5347
17.7154 73.51
17.8097 90.9641
17.9039 104.791
17.9982 111.12
18.0925 108.718
18.1868 98.9651
18.281 84.6604
18.3753 68.4111
18.4696 51.4336
18.5639 33.3132
18.6581 12.7399
18.7524 -11.2304
18.8467 -38.0687
18.941 -65.3916
19.0352 -89.5136
19.1295 -106.699
19.2238 -114.556
19.3181 -112.969
19.4123 -104.139
19.5066 -91.734
19.6009 -79.467
19.6952 -69.699
19.7894 -62.6119
19.8837 -56.269
19.978 -47.5193
20.0723 -33.3726
20.1665 -12.3009
20.2608 15.0216
20.3551 45.7963
20.4494 75.9205
20.5437 101.203
20.6379 118.505
20.7322 126.412
20.8265 125.259
20.9208 116.617
21.015 102.527
21.1093 84.8449
21.2036 64.9272
21.2979 43.7039
21.3921 21.9797
21.4864 0.718406
21.5807 -18.8967
21.675 -35.6755
21.7692 -48.7884
21.8635 -58.0687
21.9578 -64.057
22.0521 -67.7296
22.1463 -70.0276
22.2406 -71.4183
22.3349 -71.7135
22.4292 -70.2423
22.5234 -66.2931
22.6177 -59.5947
22.712 -50.5846
22.8063 -40.3178
22.9005 -30.0586
22.9948 -20.7621
23.0891 -12.712
23.1834 -5.50049
23.2777 1.64575
23.3719 9.36677
23.4662 17.764
23.5605 26.2995
23.6548 34.0482
23.749 40.1607
23.8433 44.2839
23.9376 46.7111
24.0319 48.1809
24.1261 49.4368
24.2204 50.7878
24.3147 51.9112
24.409 52.0058
24.5032 50.2145
24.5975 46.089
24.6918 39.8456
24.7861 32.2772
24.8803 24.3736
24.9746 16.8573
25.0689 9.89005
25.1632 3.10624
25.2574 -4.05315
25.3517 -11.8979
25.446 -20.1928
25.5403 -28.1822
25.6345 -34.931
25.7288 -39.7983
25.8231 -42.7796
25.9174 -44.5178
26.0116 -45.9595
26.1059 -47.8279
26.2002 -50.1887
26.2945 -52.3477
26.3888 -53.1465
26.483 -51.5193
26.5773 -47.0316
26.6716 -40.129
26.7659 -31.9696
26.8601 -23.9243
26.9544 -16.995
27.0487 -11.4346
27.143 -6.74482
27.2372 -2.03004
27.3315 3.48989
27.4258 10.0726
27.5201 17.346
27.6143 24.5285
27.7086 30.8321
27.8029 35.8221
27.8972 39.5471
27.9914 42.393
28.0857 44.7692
28.18 46.8195
28.2743 48.3255
28.3685 48.8489
28.4628 48.0187
28.5571 45.7878
28.6514 42.5019
28.7456 38.7383
28.8399 35.0031
28.9342 31.4621
29.0285 27.8603
29.1228 23.6818
29.217 18.4624
29.3113 12.0839
29.4056 4.88306
29.4999 -2.4873
29.5941 -9.371
29.6884 -15.4241
29.7827 -20.7584
29.877 -25.8305
29.9712 -31.1353
30.0655 -36.8669
30.1598 -42.733
30.2541 -48.0251
30.3483 -51.9125
30.4426 -53.8099
30.5369 -53.6288
30.6312 -51.7891
30.7254 -48.9901
30.8197 -45.8678
30.914 -42.7153
31.0083 -39.407
31.1025 -35.55
31.1968 -30.7695
31.2911 -24.9676
31.3854 -18.4191
31.4796 -11.6591
31.5739 -5.23512
31.6682 0.539124
31.7625 5.69613
31.8568 10.54
31.951 15.4356
32.0453 20.5807
32.1396 25.8836
32.2339 31.0033
32.3281 35.5178
32.4224 39.1191
32.5167 41.7265
32.611 43.4653
32.7052 44.5342
32.7995 45.0535
32.8938 44.9863
32.9881 44.182
33.0823 42.5113
33.1766 40.0072
33.2709 36.9192
33.3652 33.6355
33.4594 30.5045
33.5537 27.6475
33.648 24.8653
33.7423 21.6968
33.8365 17.6111
33.9308 12.2462
34.0251 5.58564
34.1194 -2.00553
34.2136 -9.89263
34.3079 -17.373
34.4022 -23.8732
34.4965 -29.0655
34.5908 -32.8747
34.685 -35.4064
34.7793 -36.8547
34.8736 -37.4409
34.9679 -37.3988
35.0621 -36.9821
35.1564 -36.4534
35.2507 -36.0327
35.345 -35.8173
35.4392 -35.7183
35.5335 -35.4639
35.6278 -34.6899
35.7221 -33.0885
35.8163 -30.5488
35.9106 -27.2156
36.0049 -23.4289
36.0992 -19.5659
36.1934 -15.8605
36.2877 -12.2927
36.382 -8.60744
36.4763 -4.46057
36.5705 0.377151
36.6648 5.85858
36.7591 11.6234
36.8534 17.1082
36.9476 21.7545
37.0419 25.2182
37.1362 27.4838
37.2305 28.8357
37.3248 29.7063
37.419 30.4774
37.5133 31.3282
37.6076 32.1939
37.7019 32.8423
37.7961 33.0184
37.8904 32.5819
37.9847 31.5718
38.079 30.1771
38.1732 28.6379
38.2675 27.1322
38.3618 25.7014
38.4561 24.2435
38.5503 22.5639
38.6446 20.4532
38.7389 17.7529
38.8332 14.3908
38.9274 10.3858
39.0217 5.83838
39.116 0.921714
39.2103 -4.12356
39.3045 -9.00154
39.3988 -13.3949
39.4931 -17.0251
39.5874 -19.724
39.6816 -21.4902
39.7759 -22.4989
39.8702 -23.0532
39.9645 -23.4898
40.0587 -24.074
40.153 -24.9255
40.2473 -26.0019
40.3416 -27.1418
40.4359 -28.1404
40.5301 -28.8216
40.6244 -29.0742
40.7187 -28.847
40.813 -28.1163
40.9072 -26.8573
41.0015 -25.0409
41.0958 -22.661
41.1901 -19.7752
41.2843 -16.5283
41.3786 -13.1374
41.4729 -9.83427
41.5672 -6.78756
41.6614 -4.03947
41.7557 -1.48867
41.85 1.06911
41.9443 3.85768
42.0385 7.02833
42.1328 10.5963
42.2271 14.4294
42.3214 18.2881
42.4156 21.8967
42.5099 25.0145
42.6042 27.4825
42.6985 29.2358
42.7927 30.2887
42.887 30.7065
42.9813 30.5797
43.0756 30.0049
43.1699 29.0709
43.2641 27.8459
43.3584 26.364
43.4527 24.617
43.547 22.5621
43.6412 20.1481
43.7355 17.3582
43.8298 14.2497
43.9241 10.9718
44.0183 7.74461
44.1126 4.80117
44.2069 2.31101
44.3012 0.31697
44.3954 -1.2864
44.4897 -2.71968
44.584 -4.2411
44.6783 -6.05451
44.7725 -8.23888
44.8668 -10.7256
44.9611 -13.329
45.0554 -15.8121
45.1496 -17.9583
45.2439 -19.6197
45.3382 -20.7295
45.4325 -21.2835
45.5267 -21.3121
45.621 -20.8623
45.7153 -20.0005
45.8096 -18.8304
45.9039 -17.5063
45.9981 -16.2229
46.0924 -15.175
46.1867 -14.4968
46.281 -14.2062
46.3752 -14.183
46.4695 -14.1967
46.5638 -13.9781
46.6581 -13.3075
46.7523 -12.0834
46.8466 -10.3418
46.9409 -8.21745
47.0352 -5.86692
47.1294 -3.38962
47.2237 -0.786039
47.318 2.02457
47.4123 5.1331
47.5065 8.54884
47.6008 12.1319
47.6951 15.5872
47.7894 18.5298
47.8836 20.6031
47.9779 21.6009
48.0722 21.5466
48.1665 20.6925
48.2607 19.44
48.355 18.2095
48.4493 17.3118
48.5436 16.8684
48.6379 16.808
48.7321 16.9324
48.8264 17.0165
48.9207 16.8986
49.015 16.5217
49.1092 15.9167
49.2035 15.1437
49.2978 14.2277
49.3921 13.1242
49.4863 11.7336
49.5806 9.95624
49.6749 7.75796
49.7692 5.21138
49.8634 2.48755
49.9577 -0.201247
50.052 -2.68256
50.1463 -4.89049
50.2405 -6.88523
50.3348 -8.81384
50.4291 -10.8285
50.5234 -12.9984
50.6176 -15.2564
50.7119 -17.4041
50.8062 -19.176
50.9005 -20.3347
50.9947 -20.7566
51.089 -20.4724
51.1833 -19.6481
51.2776 -18.5166
51.3719 -17.2918
51.4661 -16.1023
51.5604 -14.9677
51.6547 -13.8239
51.749 -12.5774
51.8432 -11.1619
51.9375 -9.56963
52.0318 -7.84753
52.1261 -6.06442
52.2203 -4.27074
52.3146 -2.47314
52.4089 -0.637576
52.5032 1.28076
52.5974 3.29626
52.6917 5.36173
52.786 7.36364
52.8803 9.14791
52.9745 10.5662
53.0688 11.5239
53.1631 12.0094
53.2574 12.0944
53.3516 11.9049
53.4459 11.5765
53.5402 11.2117
53.6345 10.8564
53.7287 10.5034
53.823 10.1201
53.9173 9.68721
54.0116 9.23148
54.1059 8.83741
54.2001 8.62986
54.2944 8.7318
54.3887 9.2108
54.483 10.0336
54.5772 11.0476
54.6715 12.0008
54.7658 12.5977
54.8601 12.5773
54.9543 11.7894
55.0486 10.2433
55.1429 8.11116
55.2372 5.6833
55.3314 3.28787
55.4257 1.20091
55.52 -0.42422
55.6143 -1.58635
55.7085 -2.41803
55.8028 -3.12915
55.8971 -3.93504
55.9914 -4.99404
56.0856 -6.37314
56.1799 -8.04659
56.2742 -9.9198
56.3685 -11.8631
56.4627 -13.7403
56.557 -15.4245
56.6513 -16.8014
56.7456 -17.769
56.8398 -18.2395
56.9341 -18.1473
57.0284 -17.4593
57.1227 -16.1798
57.217 -14.3467
57.3112 -12.0178
57.4055 -9.25662
57.4998 -6.12817
57.5941 -2.70953
57.6883 0.886129
57.7826 4.48565
57.8769 7.84891
57.9712 10.6912
58.0654 12.7351
58.1597 13.7767
58.254 13.7414
58.3483 12.7069
58.4425 10.8804
58.5368 8.54068
58.6311 5.96565
58.7254 3.37742
58.8196 0.923949
58.9139 -1.29938
59.0082 -3.2057
59.1025 -4.67822
59.1967 -5.56244
59.291 -5.6978
59.3853 -4.97681
59.4796 -3.40378
59.5738 -1.12348
59.6681 1.59734
59.7624 4.43126
59.8567 7.07086
59.951 9.29687
60.0452 11.0091
60.1395 12.2129
60.2338 12.9752
60.3281 13.3744
60.4223 13.4673
60.5166 13.286
60.6109 12.8549
60.7052 12.2127
60.7994 11.4187
60.8937 10.5379
60.988 9.61026
61.0823 8.62428
61.1765 7.51134
61.2708 6.16906
61.3651 4.50482
61.4594 2.47957
61.5536 0.130698
61.6479 -2.43672
61.7422 -5.08495
61.8365 -7.68656
61.9307 -10.1536
62.025 -12.4401
62.1193 -14.5206
62.2136 -16.3589
62.3078 -17.8894
62.4021 -19.0195
62.4964 -19.6551
62.5907 -19.731
62.685 -19.2303
62.7792 -18.1813
62.8735 -16.6353
62.9678 -14.6417
63.0621 -12.2391
63.1563 -9.4715
63.2506 -6.42093
63.3449 -3.23663
63.4392 -0.135237
63.5334 2.63922
63.6277 4.88618
63.722 6.52128
63.8163 7.61563
63.9105 8.3779
64.0048 9.08035
64.0991 9.95681
64.1934 11.1145
64.2876 12.4973
64.3819 13.9134
64.4762 15.113
64.5705 15.8794
64.6647 16.0922
64.759 15.7421
64.8533 14.8976
64.9476 13.6508
65.0418 12.0739
65.1361 10.2089
65.2304 8.08909
65.3247 5.7742
65.419 3.37089
65.5132 1.02312
65.6075 -1.12563
65.7018 -2.9767
65.7961 -4.50101
65.8903 -5.72857
65.9846 -6.70791
66.0789 -7.45913
66.1732 -7.94936
66.2674 -8.10747
66.3617 -7.87189
66.456 -7.24492
66.5503 -6.32083
66.6445 -5.26742
66.7388 -4.26613
66.8331 -3.43975
66.9274 -2.80552
67.0216 -2.27971
67.1159 -1.73289
67.2102 -1.06754
67.3045 -0.276902
67.3987 0.546343
67.493 1.2561
67.5873 1.72796
67.6816 1.92169
67.7758 1.89645
67.8701 1.77082
67.9644 1.65135
68.0587 1.57228
68.153 1.48339
68.2472 1.29559
68.3415 0.959395
68.4358 0.529382
68.5301 0.1718
68.6243 0.0884519
68.7186 0.459018
68.8129 1.31237
68.9072 2.32282
69.0014 3.35571
69.0957 4.01702
69.19 3.94789
69.2843 3.45997
69.3785 2.67387
69.4728 1.91326
69.5671 1.17591
69.6614 1.05221
69.7556 1.14294
69.8499 1.15278
69.9442 0.800322
70.0385 -0.0887504
70.1327 -1.86386
70.227 -3.08824
70.3213 -3.88206
70.4156 -3.73128
70.5098 -3.18347
70.6041 -2.37464
70.6984 -1.45201
70.7927 -0.931624
70.887 -0.536876
70.9812 -0.387284
71.0755 -0.335133
71.1698 0.178361
71.2641 0.405356
71.3583 0.713595
71.4526 1.03565
71.5469 1.55733
71.6412 1.75829
71.7354 1.75418
71.8297 2.05216
71.924 2.5945
72.0183 2.90431
72.1125 2.90715
72.2068 2.82295
72.3011 2.5966
72.3954 2.32617
72.4896 2.12873
72.5839 2.08085
72.6782 2.17947
72.7725 2.21853
72.8667 2.13571
72.961 1.80405
73.0553 1.20296
73.1496 0.452718
73.2438 -0.217866
73.3381 -0.379698
73.4324 -0.187096
73.5267 0.377503
73.6209 1.01301
73.7152 2.04263
73.8095 3.00845
73.9038 3.59705
73.9981 3.77417
74.0923 3.51396
74.1866 2.74365
74.2809 1.60743
74.3752 0.12765
74.4694 -1.51106
74.5637 -3.26834
74.658 -4.63547
74.7523 -5.4137
74.8465 -5.31961
74.9408 -4.51077
75.0351 -3.10496
75.1294 -1.52156
75.2236 -0.140112
75.3179 0.941229
75.4122 1.30565
75.5065 1.10768
75.6007 0.756664
75.695 0.465881
75.7893 0.413606
75.8836 0.58239
75.9778 0.854183
76.0721 0.626087
76.1664 0.263879
76.2607 -0.48688
76.3549 -1.46161
76.4492 -2.36961
76.5435 -2.91292
76.6378 -2.90968
76.7321 -2.58321
76.8263 -1.68568
76.9206 -0.385312
77.0149 0.405844
77.1092 0.890836
77.2034 0.986417
77.2977 0.898181
77.392 0.82102
77.4863 0.864882
77.5805 1.07559
77.6748 1.40916
77.7691 1.98573
77.8634 2.34433
77.9576 2.49042
78.0519 2.40796
78.1462 2.47714
78.2405 2.58815
78.3347 2.77331
78.429 3.01396
78.5233 3.25397
78.6176 3.42883
78.7118 3.49246
78.8061 3.42809
78.9004 3.32484
78.9947 2.97763
79.0889 2.49567
79.1832 2.26873
79.2775 1.81796
79.3718 1.01323
79.4661 0.141216
79.5603 -0.701042
79.6546 -1.42004
79.7489 -2.01305
79.8432 -2.31077
79.9374 -2.3858
80.0317 -2.30917
80.126 -2.44094
80.2203 -2.33852
80.3145 -2.21163
80.4088 -1.85173
80.5031 -1.64622
80.5974 -1.13182
80.6916 -1.16117
80.7859 -0.871183
80.8802 -0.694933
80.9745 -0.30242
81.0687 -0.0989591
81.163 0.0591306
81.2573 0.159296
81.3516 0.189075
81.4458 -0.0398814
81.5401 -0.306616
81.6344 -0.619968
81.7287 -0.952006
81.8229 -1.25216
81.9172 -1.45062
82.0115 -1.56213
82.1058 -1.41514
82.2001 -0.897194
82.2943 -0.378229
82.3886 0.123141
82.4829 0.50488
82.5772 0.696899
82.6714 0.833273
82.7657 0.902487
82.86 1.04527
82.9543 0.983861
83.0485 0.911512
83.1428 0.857178
83.2371 0.823331
83.3314 0.885809
83.4256 0.758547
83.5199 0.671789
83.6142 0.744744
83.7085 1.07724
83.8027 1.68929
83.897 2.48617
83.9913 3.27018
84.0856 3.79972
84.1798 3.95088
84.2741 3.47246
84.3684 2.57136
84.4627 1.74891
84.5569 0.581813
84.6512 -0.397217
84.7455 -1.11808
84.8398 -1.62067
84.9341 -1.84564
85.0283 -1.89932
85.1226 -1.84532
85.2169 -1.74173
85.3112 -1.36753
85.4054 -1.22198
85.4997 -0.921311
85.594 -0.693164
85.6883 -0.543021
85.7825 -0.621643
85.8768 -0.440152
85.9711 -0.105998
86.0654 0.403435
86.1596 1.04145
86.2539 1.68973
86.3482 2.40439
86.4425 2.30719
86.5367 2.0648
86.631 1.53934
86.7253 0.749682
86.8196 -0.0554801
86.9138 -0.775199
87.0081 -1.27726
87.1024 -1.52966
87.1967 -1.86098
87.2909 -1.87218
87.3852 -1.81263
87.4795 -1.72204
87.5738 -1.60044
87.668 -1.42147
87.7623 -1.16072
87.8566 -0.633491
87.9509 -0.00990528
88.0452 0.175321
88.1394 0.306275
88.2337 0.327906
88.328 0.306908
88.4223 0.314817
88.5165 0.422919
88.6108 0.667601
88.7051 1.00204
88.7994 1.30724
88.8936 1.55752
88.9879 1.58226
89.0822 1.11239
89.1765 0.637955
89.2707 0.215692
89.365 -0.352185
89.4593 -0.736458
89.5536 -0.823727
89.6478 -0.571798
89.7421 -0.0251865
89.8364 0.693618
89.9307 1.41591
90.0249 1.85621
90.1192 2.19989
90.2135 2.25757
90.3078 2.04862
90.402 1.6639
90.4963 1.27375
90.5906 0.439169
90.6849 0.323231
90.7792 0.461464
90.8734 0.779753
90.9677 1.13977
91.062 1.38717
91.1563 1.40234
91.2505 1.13563
91.3448 0.96126
91.4391 0.282294
91.5334 -0.472052
91.6276 -1.1042
91.7219 -1.50585
91.8162 -1.62096
91.9105 -1.45132
92.0047 -1.04962
92.099 -0.409461
92.1933 0.0311029
92.2876 0.504873
92.3818 0.770732
92.4761 0.759728
92.5704 0.484384
92.6647 -0.217494
92.7589 -0.557377
92.8532 -1.0888
92.9475 -0.967209
93.0418 -0.614636
93.136 -0.115478
93.2303 0.576771
93.3246 0.678674
93.4189 0.820621
93.5132 0.795407
93.6074 1.16488
93.7017 1.07078
93.796 1.04017
93.8903 0.61024
93.9845 0.569014
94.0788 0.429159
94.1731 0.42552
94.2674 -0.447284
94.3616 -0.669588
94.4559 -0.76282
94.5502 -0.813287
94.6445 -0.77509
94.7387 -0.605199
94.833 -0.282025
94.9273 0.181777
95.0216 0.737361
95.1158 1.30929
95.2101 1.81317
95.3044 2.17552
95.3987 2.34983
95.4929 2.37213
95.5872 2.02769
95.6815 1.49791
95.7758 0.907519
95.87 0.0709574
95.9643 -0.251176
96.0586 -0.497396
96.1529 -0.598075
96.2472 -0.573237
96.3414 -0.114783
96.4357 0.0991441
96.53 0.00292852
96.6243 -0.265229
96.7185 -0.338825
96.8128 -0.315381
96.9071 -0.215537
97.0014 -0.122954
97.0956 -0.147066
97.1899 -0.365722
97.2842 -0.775206
