-5.21 0.38507
-5.11 -0.352325
-5.01 -1.12077
-4.91 -1.32415
-4.81 -1.13931
-4.71 -0.938695
-4.61 -0.748254
-4.51 -0.337917
-4.41 -0.271907
-4.31 0.0868687
-4.21 0.359501
-4.11 0.550266
-4.01 0.622273
-3.91 0.835752
-3.81 1.08703
-3.71 1.25884
-3.61 1.42187
-3.51 1.26659
-3.41 0.909895
-3.31 0.779165
-3.21 0.568982
-3.11 0.645803
-3.01 1.11264
-2.91 1.47446
-2.81 2.0452
-2.71 2.67382
-2.61 3.05159
-2.51 2.89777
-2.41 2.31224
-2.31 1.74935
-2.21 1.35291
-2.11 1.23895
-2.01 1.12307
-1.91 1.197
-1.81 1.55134
-1.71 1.65508
-1.61 1.19501
-1.51 0.332941
-1.41 -0.166176
-1.31 -0.365944
-1.21 -0.54149
-1.11 -0.646485
-1.01 -0.349179
-0.91 -0.193558
-0.81 -0.415131
-0.71 -0.47935
-0.61 -0.178491
-0.51 0.100643
-0.41 -0.309557
-0.31 -0.873301
-0.21 -0.908475
-0.11 -0.638478
-0.01 -0.423267
0.09 -0.284741
0.19 0.154342
0.29 0.577247
0.39 0.767308
0.49 0.730797
0.59 0.646553
0.69 0.293298
0.79 -0.358328
0.89 -1.0309
0.99 -1.24642
1.09 -0.903579
1.19 0.00146595
1.29 1.08044
1.39 2.04549
1.49 2.74133
1.59 2.99413
1.69 2.98366
1.79 3.02271
1.89 2.90361
1.99 2.71532
2.09 2.41535
2.19 1.9041
2.29 1.40036
2.39 1.19933
2.49 1.04479
2.59 0.954549
2.69 1.0804
2.79 1.13705
2.89 1.14548
2.99 1.23333
3.09 0.95201
3.19 0.367214
3.29 -0.239954
3.39 -0.991862
3.49 -1.67841
3.59 -2.1957
3.69 -2.28191
3.79 -2.15342
3.89 -1.72329
3.99 -1.46627
4.09 -1.33132
4.19 -0.990346
4.29 -0.619267
4.39 -0.455273
4.49 -0.335898
4.59 0.0110173
4.69 0.602816
4.79 1.37454
4.89 2.14625
4.99 2.72886
5.09 2.95945
5.19 2.84566
5.29 2.63616
5.39 2.22243
5.49 1.95245
5.59 1.85766
5.69 1.974
5.79 2.45478
5.89 3.18704
5.99 3.53455
6.09 3.43826
6.19 3.09424
6.29 2.36827
6.39 0.819039
6.49 -1.50146
6.59 -4.4914
6.69 -7.70239
6.79 -10.3092
6.89 -11.8738
6.99 -12.0223
7.09 -10.5387
7.19 -7.29245
7.29 -2.83244
7.39 2.18025
7.49 7.72061
7.59 13.0816
7.69 17.0684
7.79 19.2021
7.89 19.2911
7.99 17.337
8.09 13.9385
8.19 9.4368
8.29 3.95781
8.39 -2.07511
8.49 -7.90332
8.59 -12.6222
8.69 -16.0148
8.79 -17.8958
8.89 -18.2741
8.99 -16.9169
9.09 -13.597
9.19 -8.60296
9.29 -2.27588
9.39 5.02481
9.49 13.431
9.59 22.3516
9.69 30.0763
9.79 33.6677
9.89 30.7664
9.99 20.1025
10.09 0.872951
10.19 -26.6358
10.29 -60.4707
10.39 -91.2161
10.49 -108.182
10.59 -105.734
10.69 -82.8968
10.79 -39.4554
10.89 21.9293
10.99 93.1688
11.09 158.579
11.19 202.267
11.29 217.128
11.39 194.964
11.49 116.488
11.59 -12.1709
11.69 -144.017
11.79 -232.732
11.89 -263.188
11.99 -255.434
12.09 -216.682
12.19 -154.75
12.29 -85.7036
12.39 -26.4064
12.49 15.2136
12.59 42.2058
12.69 59.2642
12.79 70.0064
12.89 79.124
12.99 90.1727
13.09 103.101
13.19 115.054
13.29 121.663
13.39 118.833
13.49 105.119
13.59 82.3119
13.69 54.4055
13.79 25.9872
13.89 -0.8097
13.99 -26.3748
14.09 -51.4493
14.19 -76.0109
14.29 -97.6661
14.39 -112.621
14.49 -117.902
14.59 -111.978
14.69 -95.9133
14.79 -75.2827
14.89 -57.2014
14.99 -45.3933
15.09 -39.7317
15.19 -37.4166
15.29 -33.1271
15.39 -22.9544
15.49 -5.69737
15.59 18.2918
15.69 47.0623
15.79 75.7348
15.89 98.7077
15.99 113.177
16.09 119.033
16.19 116.689
16.29 106.86
16.39 92.1239
16.49 74.9036
16.59 55.5441
16.69 33.0196
16.79 7.70431
16.89 -17.6766
16.99 -40.4046
17.09 -58.5825
17.19 -71.5386
17.29 -79.544
17.39 -83.7947
17.49 -85.8461
17.59 -85.8347
17.69 -83.1169
17.79 -76.9653
17.89 -66.7305
17.99 -53.0189
18.09 -37.9825
18.19 -24.0304
18.29 -12.4696
18.39 -3.32579
18.49 4.56373
18.59 13.1317
18.69 22.9275
18.79 33.1985
18.89 42.4458
18.99 49.0988
19.09 52.427
19.19 52.4112
19.29 49.9532
19.39 46.9561
19.49 44.5168
19.59 42.4446
19.69 40.575
19.79 38.2094
19.89 34.5929
19.99 29.3501
20.09 23.3521
20.19 17.9538
20.29 13.345
20.39 8.70404
20.49 3.11193
20.59 -4.08067
20.69 -13.2246
20.79 -23.4516
20.89 -32.9871
20.99 -40.1921
21.09 -44.2138
21.19 -45.6915
21.29 -46.1569
21.39 -46.8143
21.49 -48.11
21.59 -48.8538
21.69 -47.9372
21.79 -45.087
21.89 -40.6012
21.99 -34.4447
22.09 -27.6924
22.19 -20.872
22.29 -14.264
22.39 -7.77112
22.49 -1.45078
22.59 4.82814
22.69 11.2697
22.79 17.6109
22.89 23.4329
22.99 28.5809
23.09 33.0279
23.19 37.2577
23.29 41.561
23.39 45.9704
23.49 50.0303
23.59 52.8178
23.69 52.9229
23.79 50.0025
23.89 45.3328
23.99 40.3656
24.09 35.83
24.19 31.5699
24.29 26.8728
24.39 21.2843
24.49 14.4919
24.59 6.56049
24.69 -1.46099
24.79 -9.1657
24.89 -15.897
24.99 -21.4084
25.09 -25.6772
25.19 -29.7918
25.29 -34.2925
25.39 -39.4806
25.49 -45.1633
25.59 -49.8822
25.69 -52.369
25.79 -52.4284
25.89 -50.9784
25.99 -48.5486
26.09 -45.9344
26.19 -43.01
26.29 -39.3615
26.39 -34.3892
26.49 -27.9523
26.59 -20.7688
26.69 -13.3418
26.79 -5.83323
26.89 0.847235
26.99 6.74209
27.09 12.3745
27.19 17.9279
27.29 23.5281
27.39 29.2008
27.49 34.5368
27.59 39.0932
27.69 42.4458
27.79 44.6867
27.89 46.1456
27.99 46.3865
28.09 45.4793
28.19 43.6366
28.29 41.2586
28.39 38.3202
28.49 34.6481
28.59 30.622
28.69 26.8272
28.79 23.2838
28.89 19.6846
28.99 15.7371
29.09 11.6701
29.19 6.89304
29.29 0.946359
29.39 -5.77801
29.49 -12.8291
29.59 -19.7054
29.69 -25.8281
29.79 -31.2017
29.89 -35.6537
29.99 -38.6643
30.09 -39.818
30.19 -39.3856
30.29 -38.1811
30.39 -36.7577
30.49 -35.4414
30.59 -34.2939
30.69 -33.6939
30.79 -33.3832
30.89 -32.9951
30.99 -31.687
31.09 -29.0772
31.19 -25.1695
31.29 -19.9639
31.39 -13.8105
31.49 -7.69341
31.59 -2.22201
31.69 2.30726
31.79 6.3665
31.89 10.1765
31.99 13.7999
32.09 17.2047
32.19 20.2757
32.29 23.0707
32.39 25.8982
32.49 28.777
32.59 31.0291
32.69 32.2863
32.79 33.1639
32.89 34.0689
32.99 34.7704
33.09 34.9516
33.19 34.2768
33.29 32.7694
33.39 30.4303
33.49 27.4505
33.59 24.3632
33.69 21.1547
33.79 17.8862
33.89 14.1058
33.99 9.83807
34.09 5.57706
34.19 1.68386
34.29 -1.7416
34.39 -5.15717
34.49 -8.9369
34.59 -12.9078
34.69 -16.787
34.79 -19.8376
34.89 -22.127
34.99 -23.9752
35.09 -25.6179
35.19 -27.1807
35.29 -28.5082
35.39 -29.0853
35.49 -29.3539
35.59 -29.2576
35.69 -28.9122
35.79 -28.2292
35.89 -27.0535
35.99 -25.1297
36.09 -22.4974
36.19 -19.2062
36.29 -15.8281
36.39 -12.5998
36.49 -9.67301
36.59 -6.96621
36.69 -4.42968
36.79 -2.30565
36.89 -0.216065
36.99 2.51709
37.09 5.96588
37.19 9.83168
37.29 13.6746
37.39 17.4263
37.49 20.4093
37.59 22.618
37.69 24.0965
37.79 25.0547
37.89 25.8182
37.99 26.0483
38.09 25.5861
38.19 24.7238
38.29 23.8108
38.39 23.327
38.49 22.5023
38.59 21.1658
38.69 19.4095
38.79 17.5608
38.89 15.8738
38.99 14.2453
39.09 11.9979
39.19 9.18481
39.29 5.86026
39.39 2.60645
39.49 -0.0495616
39.59 -2.10256
39.69 -4.00598
39.79 -6.06913
39.89 -8.22723
39.99 -10.4908
40.09 -12.8976
40.19 -15.0809
40.29 -16.8578
40.39 -18.2216
40.49 -19.1201
40.59 -19.5699
40.69 -19.6065
40.79 -19.421
40.89 -18.8985
40.99 -18.3786
41.09 -17.8682
41.19 -17.2453
41.29 -16.3361
41.39 -15.2203
41.49 -14.0012
41.59 -12.6312
41.69 -10.9165
41.79 -9.09234
41.89 -7.4325
41.99 -5.83679
42.09 -4.05756
42.19 -2.15976
42.29 -0.150522
42.39 2.17982
42.49 4.57091
42.59 6.88234
42.69 9.20129
42.79 11.5296
42.89 13.7324
42.99 15.3695
43.09 16.4072
43.19 17.149
43.29 17.5107
43.39 17.7109
43.49 17.6635
43.59 17.3853
43.69 17.0827
43.79 16.6272
43.89 15.9581
43.99 15.2617
44.09 14.4075
44.19 13.1161
44.29 11.9792
44.39 11.115
44.49 10.1598
44.59 8.90881
44.69 7.4668
44.79 6.17339
44.89 5.23446
44.99 4.18996
45.09 2.70174
45.19 0.702069
45.29 -1.58442
45.39 -3.76767
45.49 -6.18296
45.59 -8.65676
45.69 -11.2116
45.79 -13.6281
45.89 -15.3679
45.99 -16.3855
46.09 -16.7745
46.19 -16.518
46.29 -16.003
46.39 -15.2601
46.49 -14.4416
46.59 -13.697
46.69 -12.8233
46.79 -11.718
46.89 -10.408
46.99 -9.26095
47.09 -8.30566
47.19 -7.48172
47.29 -6.282
47.39 -5.09231
47.49 -4.2237
47.59 -3.5319
47.69 -2.74682
47.79 -1.77447
47.89 -0.72964
47.99 0.59543
48.09 2.5429
48.19 5.20622
48.29 7.88518
48.39 10.5003
48.49 12.6888
48.59 13.7766
48.69 13.7324
48.79 12.7766
48.89 11.5412
48.99 10.4861
49.09 9.53301
49.19 8.90994
49.29 8.72924
49.39 9.51632
49.49 10.8609
49.59 12.0787
49.69 12.5259
49.79 12.2031
49.89 11.5158
49.99 10.9626
50.09 10.3676
50.19 9.27375
50.29 7.36537
50.39 4.76839
50.49 1.76544
50.59 -0.964092
50.69 -2.92708
50.79 -4.30782
50.89 -5.47354
50.99 -5.9864
51.09 -5.29694
51.19 -3.90037
51.29 -2.68169
51.39 -2.09489
51.49 -1.90749
51.59 -2.33887
51.69 -4.04407
51.79 -6.50476
51.89 -9.07542
51.99 -11.6197
52.09 -13.9891
52.19 -16.1055
52.29 -18.0798
52.39 -19.331
52.49 -19.4394
52.59 -18.0997
52.69 -15.3351
52.79 -11.278
52.89 -6.54235
52.99 -1.79142
53.09 2.47592
53.19 6.30961
53.29 9.80867
53.39 12.552
53.49 14.2236
53.59 14.2978
53.69 13.1253
53.79 11.425
53.89 9.43298
53.99 7.11231
54.09 4.46684
54.19 1.94087
54.29 -0.232177
54.39 -2.0553
54.49 -3.7476
54.59 -4.74195
54.69 -4.44597
54.79 -3.28682
54.89 -1.27048
54.99 1.73428
55.09 4.95907
55.19 7.80788
55.29 9.65221
55.39 10.3631
55.49 10.246
55.59 9.6395
55.69 9.23858
55.79 9.65731
55.89 10.6598
55.99 11.6153
56.09 12.4431
56.19 12.798
56.29 12.3679
56.39 11.2283
56.49 9.62455
56.59 7.3947
56.69 4.62787
56.79 1.51483
56.89 -1.55766
56.99 -4.35867
57.09 -6.97908
57.19 -9.34973
57.29 -11.5788
57.39 -13.7304
57.49 -15.7834
57.59 -17.0446
57.69 -16.9602
57.79 -15.7126
57.89 -14.6852
57.99 -14.1999
58.09 -13.6736
58.19 -12.673
58.29 -11.0635
58.39 -9.24874
58.49 -7.93265
58.59 -7.12394
58.69 -6.11741
58.79 -4.2361
58.89 -1.48926
58.99 1.62011
59.09 4.36208
59.19 6.55458
59.29 8.51451
59.39 10.2378
59.49 11.7554
59.59 12.6532
59.69 12.7046
59.79 11.9749
59.89 11.0986
59.99 10.6199
60.09 10.8598
60.19 11.0962
60.29 10.7596
60.39 10.0068
60.49 9.16145
60.59 7.90506
60.69 6.43755
60.79 4.80802
60.89 2.89348
60.99 1.31588
61.09 0.495536
61.19 0.541921
61.29 1.00937
61.39 1.36708
61.49 1.10558
61.59 0.338556
61.69 -0.311892
61.79 -0.571483
61.89 -1.21242
61.99 -2.29281
62.09 -2.86576
62.19 -2.91874
62.29 -2.85156
62.39 -3.54097
62.49 -4.39815
62.59 -4.86019
62.69 -4.95642
62.79 -5.11757
62.89 -5.76343
62.99 -6.13748
63.09 -5.83111
63.19 -5.15657
63.29 -4.02962
63.39 -2.86143
63.49 -1.87171
63.59 -1.07236
63.69 -0.196127
63.79 0.778591
63.89 1.65002
63.99 2.32178
64.09 3.36181
64.19 4.24224
64.29 4.60892
64.39 4.22352
64.49 2.95987
64.59 1.78349
64.69 0.762188
64.79 -0.0808411
64.89 -0.396797
64.99 -0.275951
65.09 -0.00121591
65.19 0.476683
65.29 1.28682
65.39 2.21582
65.49 2.94904
65.59 2.78733
65.69 2.38932
65.79 2.27351
65.89 2.37659
65.99 2.41056
66.09 2.33644
66.19 1.67811
66.29 1.03415
66.39 0.596463
66.49 0.208903
66.59 -0.0361106
66.69 -0.171104
66.79 0.0286328
66.89 0.289702
66.99 0.671591
67.09 0.893161
67.19 1.4143
67.29 1.51629
67.39 1.38699
67.49 1.52017
67.59 1.48756
67.69 1.5101
67.79 1.76831
67.89 1.41141
67.99 0.614378
68.09 -0.434346
68.19 -1.23115
68.29 -1.52175
68.39 -1.99341
68.49 -2.09155
68.59 -1.51886
68.69 -0.719051
68.79 0.154917
68.89 0.642668
68.99 0.613774
69.09 0.457084
69.19 0.117102
69.29 -0.539729
69.39 -1.15584
69.49 -1.72286
69.59 -2.05584
69.69 -2.07294
69.79 -1.68741
69.89 -0.731497
69.99 0.158895
70.09 0.819783
70.19 1.50387
70.29 1.9827
70.39 1.89543
70.49 1.2446
70.59 0.391621
70.69 -0.540658
70.79 -1.46188
70.89 -1.37989
70.99 -0.913548
71.09 -0.247921
71.19 0.606235
71.29 1.02811
71.39 1.23179
71.49 1.10225
71.59 0.416052
71.69 -0.283014
71.79 -0.862755
71.89 -1.47489
71.99 -1.81944
72.09 -1.6407
72.19 -0.791355
72.29 -0.00653031
72.39 0.713966
72.49 1.41913
72.59 2.02986
72.69 2.37726
72.79 2.39507
72.89 2.10273
72.99 1.55081
73.09 0.762969
73.19 0.220508
73.29 -0.298368
73.39 -0.424758
73.49 -0.0687636
73.59 0.544628
73.69 1.01415
73.79 1.38149
73.89 1.77389
73.99 2.28055
74.09 2.94828
74.19 3.38775
74.29 3.37466
74.39 3.18271
74.49 2.36419
74.59 1.32528
74.69 -0.00858059
74.79 -1.22514
74.89 -2.18671
74.99 -2.69552
75.09 -2.66634
75.19 -2.29608
75.29 -1.83527
75.39 -0.995666
75.49 -0.189028
75.59 0.435548
75.69 0.920817
75.79 1.16246
75.89 1.17988
75.99 1.19466
76.09 0.912607
76.19 0.614194
76.29 0.425356
76.39 0.201396
76.49 -0.316363
76.59 -1.03257
76.69 -1.47239
76.79 -1.70217
76.89 -1.93985
76.99 -2.41143
77.09 -2.84589
77.19 -2.96498
77.29 -2.70299
77.39 -1.85951
77.49 -0.959266
77.59 -0.100658
77.69 0.578652
77.79 1.30846
77.89 2.08217
77.99 2.51838
78.09 2.62202
78.19 2.64064
78.29 2.3013
78.39 2.33026
78.49 2.23653
78.59 1.77616
78.69 0.972502
78.79 0.299378
78.89 -0.00105401
78.99 0.103925
79.09 0.481966
79.19 0.78839
79.29 1.09456
79.39 1.24261
79.49 1.6087
79.59 1.50556
79.69 1.33364
79.79 0.81584
79.89 0.308934
79.99 -0.0598325
80.09 -0.239691
80.19 -0.0459285
80.29 0.431884
80.39 0.77063
80.49 0.932812
80.59 0.639615
80.69 0.525542
80.79 0.313125
80.89 0.156543
80.99 -0.150396
81.09 -0.639093
81.19 -1.16916
81.29 -1.60923
81.39 -1.87793
81.49 -2.26762
81.59 -2.5821
81.69 -2.28027
81.79 -1.95665
81.89 -1.42583
81.99 -0.697181
82.09 0.0674074
82.19 0.757867
82.29 1.04772
82.39 1.03548
82.49 1.16745
82.59 1.01857
82.69 0.714439
82.79 0.370055
82.89 -0.106006
82.99 -0.590268
83.09 -0.930928
83.19 -1.0951
83.29 -1.29887
83.39 -1.24525
83.49 -0.922606
83.59 -0.562758
83.69 0.0134567
83.79 0.580342
83.89 0.905257
83.99 0.885934
84.09 0.611844
84.19 0.371755
84.29 0.566322
84.39 0.732918
84.49 0.864574
84.59 0.952669
84.69 1.17189
84.79 1.44975
84.89 1.71732
84.99 1.6919
85.09 1.40244
85.19 1.01732
85.29 0.462676
85.39 -0.227927
85.49 -0.849721
85.59 -1.25777
85.69 -1.42821
85.79 -1.62064
85.89 -1.83305
85.99 -1.99881
86.09 -1.36471
86.19 -0.452531
86.29 0.498355
86.39 1.08646
86.49 1.3453
86.59 1.60588
86.69 1.44037
86.79 1.2493
86.89 0.843339
86.99 0.42956
87.09 0.0794711
87.19 -0.228228
87.29 -0.562457
87.39 -0.850581
87.49 -0.999911
87.59 -1.09157
87.69 -1.00376
87.79 -0.836142
87.89 -0.579495
87.99 -0.200672
88.09 0.12805
88.19 0.346624
88.29 0.378176
88.39 0.35399
88.49 0.32896
88.59 0.0684435
88.69 -0.221933
88.79 -0.435675
88.89 -0.48365
88.99 -0.354284
89.09 0.0279104
89.19 0.47965
89.29 0.659776
89.39 0.809598
89.49 0.701355
89.59 0.900604
89.69 0.749396
89.79 0.293455
89.89 0.0324685
89.99 -0.389291
90.09 -0.715414
90.19 -0.729948
90.29 -0.453316
90.39 -0.195192
90.49 0.211151
90.59 0.125176
90.69 -0.103778
90.79 -0.439068
90.89 -0.782601
90.99 -1.0698
91.09 -1.18368
91.19 -1.22031
91.29 -1.16468
91.39 -0.906213
91.49 -0.45297
91.59 0.17123
91.69 0.78752
91.79 0.979431
91.89 0.905353
91.99 0.63686
92.09 0.193634
92.19 -0.190026
92.29 -0.622071
92.39 -0.78192
92.49 -0.943592
92.59 -0.910783
92.69 -0.865742
92.79 -0.167031
92.89 0.246291
92.99 0.548539
93.09 0.661757
93.19 0.795516
93.29 0.848707
93.39 0.99675
93.49 1.10128
93.59 1.00879
93.69 0.73739
93.79 0.313431
93.89 -0.110315
93.99 -0.247659
94.09 -0.412128
94.19 -0.482781
94.29 -0.486988
94.39 -0.488063
94.49 -0.314176
94.59 -0.0982026
94.69 -0.0123128
94.79 0.0748399
94.89 0.143349
94.99 0.166932
95.09 0.120425
95.19 0.0607322
95.29 0.0270873
95.39 -0.0390803
95.49 -0.0605943
95.59 -0.287533
95.69 -0.364922
95.79 -0.293514
95.89 -0.274012
95.99 -0.213382
96.09 0.0160686
96.19 0.0444735
96.29 0.0799481
96.39 0.119822
96.49 0.144365
96.59 0.142847
96.69 0.123546
96.79 0.0969318
96.89 0.0715666
96.99 0.038778
97.09 0.00138991
