-0.81 0.56259
-0.713095 0.41054
-0.61619 0.377619
-0.519285 0.2233
-0.42238 0.153812
-0.325475 -0.0652239
-0.22857 -0.177143
-0.131665 -0.131611
-0.0347596 0.0651979
0.0621454 0.382381
0.15905 0.810676
0.255956 1.42516
0.352861 2.11039
0.449766 3.01356
0.546671 4.01247
0.643576 4.91626
0.740481 5.45786
0.837386 5.40173
0.934291 4.66811
1.0312 3.40618
1.1281 2.15633
1.22501 0.973135
1.32191 0.373818
1.41882 0.494594
1.51572 1.14615
1.61263 1.98124
1.70953 2.62735
1.80644 2.82547
1.90334 2.50289
2.00025 1.55569
2.09715 0.532847
2.19406 -0.611206
2.29096 -1.79937
2.38787 -2.9895
2.48477 -4.10794
2.58168 -5.00191
2.67858 -5.45634
2.77549 -5.27849
2.87239 -4.40677
2.9693 -2.97776
3.0662 -1.30317
3.16311 0.243632
3.26001 1.11757
3.35692 1.77621
3.45382 2.09973
3.55073 2.34137
3.64763 2.72288
3.74454 3.30849
3.84144 3.9681
3.93835 4.44639
4.03525 4.49806
4.13216 4.0159
4.22906 3.08616
4.32597 1.94768
4.42287 0.883196
4.51978 0.103706
4.61668 -0.316468
4.71359 -0.430218
4.81049 -0.352771
4.9074 -0.186893
5.0043 0.0194697
5.10121 0.268065
5.19811 0.574643
5.29502 0.935759
5.39192 1.32286
5.48883 1.70372
5.58573 2.06877
5.68264 2.43539
5.77954 2.82078
5.87645 3.19995
5.97335 3.48231
6.07026 3.53273
6.16716 3.23589
6.26407 2.57076
6.36097 1.64883
6.45788 0.685411
6.55478 -0.0890996
6.65169 -0.533215
6.74859 -0.65573
6.8455 -0.5983
6.9424 -0.548404
7.03931 -0.63408
7.13621 -0.863826
7.23312 -1.14765
7.33002 -1.38343
7.42693 -1.54849
7.52383 -1.729
7.62074 -2.05695
7.71764 -2.58662
7.81455 -3.19
7.91145 -3.55255
8.00836 -3.29836
8.10526 -2.19495
8.20217 -0.328022
8.29907 1.86423
8.39598 3.7424
8.49288 4.74693
8.58979 4.67275
8.68669 3.78997
8.7836 2.73303
8.8805 2.19939
8.97741 2.60288
9.07431 3.85775
9.17122 5.40742
9.26812 6.48632
9.36503 6.48271
9.46194 5.21852
9.55884 3.00941
9.65575 0.487494
9.75265 -1.7057
9.84956 -3.18582
9.94646 -3.91616
10.0434 -4.09539
10.1403 -3.93481
10.2372 -3.47816
10.3341 -2.58293
10.431 -1.07571
10.5279 1.02133
10.6248 3.34882
10.7217 5.26785
10.8186 6.11456
10.9155 5.52725
11.0124 3.66569
11.1093 1.18912
11.2062 -1.01388
11.3031 -2.2146
11.4 -2.15549
11.4969 -1.12672
11.5938 0.222483
11.6908 1.2265
11.7877 1.51111
11.8846 1.10818
11.9815 0.336516
12.0784 -0.455169
12.1753 -1.11293
12.2722 -1.72951
12.3691 -2.49768
12.466 -3.46894
12.5629 -4.38643
12.6598 -4.72084
12.7567 -3.915
12.8536 -1.71004
12.9505 1.63573
13.0474 5.3745
13.1443 8.54748
13.2412 10.3756
13.3381 10.5573
13.435 9.31824
13.5319 7.19992
13.6289 4.72156
13.7258 2.12005
13.8227 -0.678971
13.9196 -3.84935
14.0165 -7.35307
14.1134 -10.7375
14.2103 -13.1904
14.3072 -13.85
14.4041 -12.2093
14.501 -8.39083
14.5979 -3.12833
14.6948 2.53755
14.7917 7.68343
14.8886 11.8092
14.9855 14.8609
15.0824 16.9788
15.1793 18.1502
15.2762 18.0105
15.3731 15.9546
15.47 11.5245
15.567 4.85692
15.6639 -3.09253
15.7608 -10.7317
15.8577 -16.3818
15.9546 -18.9397
16.0515 -18.3134
16.1484 -15.3898
16.2453 -11.5399
16.3422 -7.91245
16.4391 -4.88785
16.536 -1.98204
16.6329 1.7514
16.7298 7.03666
16.8267 13.7689
16.9236 20.791
17.0205 26.1451
17.1174 27.6463
17.2143 23.493
17.3112 12.685
17.4081 -4.79366
17.5051 -27.8865
17.602 -54.2906
17.6989 -80.1785
17.7958 -100.061
17.8927 -107.223
17.9896 -95.077
18.0865 -59.4085
18.1834 -0.895818
18.2803 73.1293
18.3772 148.776
18.4741 208.122
18.571 233.847
18.6679 214.642
18.7648 149.519
18.8617 49.2692
18.9586 -65.7795
19.0555 -171.195
19.1524 -245.345
19.2493 -275.406
19.3462 -260.436
19.4432 -210.541
19.5401 -142.635
19.637 -74.5089
19.7339 -19.4217
19.8308 16.9531
19.9277 36.4752
20.0246 45.8704
20.1215 52.8797
20.2184 62.8935
20.3153 77.2889
20.4122 93.7881
20.5091 108.27
20.606 116.951
20.7029 117.888
20.7998 111.264
20.8967 98.5766
20.9936 81.3806
21.0905 60.3497
21.1874 35.1806
21.2844 5.35101
21.3813 -28.7237
21.4782 -64.8112
21.5751 -98.808
21.672 -125.665
21.7689 -140.965
21.8658 -142.51
21.9627 -131.208
22.0596 -110.87
22.1565 -86.916
22.2534 -64.5163
22.3503 -46.8645
22.4472 -34.2757
22.5441 -24.4408
22.641 -13.7037
22.7379 1.18089
22.8348 21.5321
22.9317 46.0714
23.0286 71.3302
23.1255 92.9199
23.2225 107.104
23.3194 112.019
23.4163 108.079
23.5132 97.4815
23.6101 83.1158
23.707 67.4111
23.8039 51.6299
23.9008 35.8557
23.9977 19.5688
24.0946 2.43454
24.1915 -15.1405
24.2884 -31.9667
24.3853 -46.5294
24.4822 -57.6642
24.5791 -65.062
24.676 -69.3203
24.7729 -71.5195
24.8698 -72.5624
24.9667 -72.6449
25.0636 -71.1534
25.1606 -67.0492
25.2575 -59.5346
25.3544 -48.6449
25.4513 -35.4443
25.5482 -21.7152
25.6451 -9.29383
25.742 0.616769
25.8389 7.82256
25.9358 13.0408
26.0327 17.4125
26.1296 21.8992
26.2265 26.8705
26.3234 32.0627
26.4203 36.8736
26.5172 40.7819
26.6141 43.6372
26.711 45.6646
26.8079 47.2125
26.9048 48.4226
27.0017 49.0405
27.0987 48.4872
27.1956 46.1507
27.2925 41.7204
27.3894 35.3638
27.4863 27.644
27.5832 19.2343
27.6801 10.6098
27.777 1.90842
27.8739 -6.95388
27.9708 -15.9918
28.0677 -24.8784
28.1646 -32.8879
28.2615 -39.1296
28.3584 -42.9675
28.4553 -44.3964
28.5522 -44.1424
28.6491 -43.3923
28.746 -43.2568
28.8429 -44.2281
28.9398 -45.9113
29.0368 -47.1802
29.1337 -46.6948
29.2306 -43.5283
29.3275 -37.5997
29.4244 -29.7038
29.5213 -21.1405
29.6182 -13.1396
29.7151 -6.37249
29.812 -0.776753
29.9089 4.24963
30.0058 9.42226
30.1027 15.1525
30.1996 21.3497
30.2965 27.5189
30.3934 33.0611
30.4903 37.5877
30.5872 41.0696
30.6841 43.7546
30.781 45.9261
30.878 47.6586
30.9749 48.7195
31.0718 48.669
31.1687 47.0929
31.2656 43.8286
31.3625 39.0596
31.4594 33.2346
31.5563 26.8709
31.6532 20.3605
31.7501 13.8835
31.847 7.45713
31.9439 1.06579
32.0408 -5.22867
32.1377 -11.2708
32.2346 -16.8945
32.3315 -22.0379
32.4284 -26.7961
32.5253 -31.3593
32.6222 -35.8583
32.7191 -40.2089
32.8161 -44.0604
32.913 -46.8979
33.0099 -48.2605
33.1068 -47.9634
33.2037 -46.1985
33.3006 -43.4531
33.3975 -40.2828
33.4944 -37.0581
33.5913 -33.8191
33.6882 -30.315
33.7851 -26.2
33.882 -21.2702
33.9789 -15.6066
34.0758 -9.54512
34.1727 -3.4967
34.2696 2.2721
34.3665 7.76364
34.4634 13.201
34.5603 18.8307
34.6572 24.6903
34.7542 30.4791
34.8511 35.6159
34.948 39.4641
35.0449 41.61
35.1418 42.0478
35.2387 41.1748
35.3356 39.6009
35.4325 37.8756
35.5294 36.2738
35.6263 34.7456
35.7232 33.0384
35.8201 30.9083
35.917 28.2912
36.0139 25.3384
36.1108 22.3023
36.2077 19.3486
36.3046 16.413
36.4015 13.1931
36.4984 9.28715
36.5953 4.40809
36.6923 -1.44272
36.7892 -7.93403
36.8861 -14.5152
36.983 -20.6174
37.0799 -25.8401
37.1768 -30.035
37.2737 -33.2592
37.3706 -35.6464
37.4675 -37.2812
37.5644 -38.1518
37.6613 -38.1995
37.7582 -37.4225
37.8551 -35.9568
37.952 -34.0737
38.0489 -32.0846
38.1458 -30.2035
38.2427 -28.4437
38.3396 -26.611
38.4365 -24.4004
38.5334 -21.5477
38.6304 -17.9581
38.7273 -13.7484
38.8242 -9.18894
38.9211 -4.58204
39.018 -0.147622
39.1149 4.02849
39.2118 7.96615
39.3087 11.7129
39.4056 15.2706
39.5025 18.5725
39.5994 21.5181
39.6963 24.0389
39.7932 26.1457
39.8901 27.9239
39.987 29.477
40.0839 30.851
40.1808 31.9882
40.2777 32.7396
40.3746 32.9323
40.4716 32.4562
40.5685 31.3202
40.6654 29.6504
40.7623 27.6299
40.8592 25.4169
40.9561 23.0839
41.053 20.6081
41.1499 17.9106
41.2468 14.9165
41.3437 11.6007
41.4406 7.99633
41.5375 4.17136
41.6344 0.197185
41.7313 -3.86324
41.8282 -7.93862
41.9251 -11.9183
42.022 -15.6369
42.1189 -18.8981
42.2158 -21.538
42.3127 -23.5014
42.4097 -24.8859
42.5066 -25.9237
42.6035 -26.897
42.7004 -28.0192
42.7973 -29.3352
42.8942 -30.6864
42.9911 -31.7587
43.088 -32.1916
43.1849 -31.7001
43.2818 -30.1604
43.3787 -27.6297
43.4756 -24.3056
43.5725 -20.4523
43.6694 -16.3329
43.7663 -12.1674
43.8632 -8.12273
43.9601 -4.31572
44.057 -0.816317
44.1539 2.35784
44.2508 5.24634
44.3478 7.93663
44.4447 10.5328
44.5416 13.1103
44.6385 15.6769
44.7354 18.1633
44.8323 20.4506
44.9292 22.4245
45.0261 24.0258
45.123 25.2717
45.2199 26.2338
45.3168 26.9863
45.4137 27.5524
45.5106 27.8801
45.6075 27.8604
45.7044 27.3741
45.8013 26.341
45.8982 24.7413
45.9951 22.6001
46.092 19.9525
46.1889 16.8177
46.2859 13.2089
46.3828 9.18176
46.4797 4.89222
46.5766 0.624372
46.6735 -3.24608
46.7704 -6.35325
46.8673 -8.47105
46.9642 -9.61295
47.0611 -10.0491
47.158 -10.2237
47.2549 -10.6015
47.3518 -11.5074
47.4487 -13.0249
47.5456 -14.9949
47.6425 -17.1039
47.7394 -19.0173
47.8363 -20.4917
47.9332 -21.4231
48.0301 -21.8231
48.127 -21.7512
48.224 -21.2536
48.3209 -20.342
48.4178 -19.0209
48.5147 -17.3372
48.6116 -15.4144
48.7085 -13.4405
48.8054 -11.6101
48.9023 -10.0468
48.9992 -8.74681
49.0961 -7.57587
49.193 -6.32327
49.2899 -4.78907
49.3868 -2.86471
49.4837 -0.572295
49.5806 1.95035
49.6775 4.5062
49.7744 6.90791
49.8713 9.02974
49.9682 10.8273
50.0652 12.3272
50.1621 13.6006
50.259 14.7345
50.3559 15.8092
50.4528 16.8779
50.5497 17.9473
50.6466 18.9603
50.7435 19.7892
50.8404 20.2548
50.9373 20.1747
51.0342 19.4311
51.1311 18.0353
51.228 16.1554
51.3249 14.0889
51.4218 12.181
51.5187 10.7162
51.6156 9.823
51.7125 9.43186
51.8094 9.30026
51.9063 9.09548
52.0033 8.50031
52.1002 7.30201
52.1971 5.43614
52.294 2.97887
52.3909 0.102813
52.4878 -2.97836
52.5847 -6.05452
52.6816 -8.94325
52.7785 -11.4979
52.8754 -13.6096
52.9723 -15.2127
53.0692 -16.2921
53.1661 -16.8877
53.263 -17.0869
53.3599 -17.0031
53.4568 -16.7453
53.5537 -16.3915
53.6506 -15.9754
53.7475 -15.4902
53.8444 -14.9051
53.9414 -14.1838
54.0383 -13.2961
54.1352 -12.219
54.2321 -10.9317
54.329 -9.41303
54.4259 -7.64604
54.5228 -5.63131
54.6197 -3.4018
54.7166 -1.03099
54.8135 1.37158
54.9104 3.67741
55.0073 5.76267
55.1042 7.53036
55.2011 8.92481
55.298 9.93658
55.3949 10.5996
55.4918 10.9835
55.5887 11.1819
55.6856 11.2975
55.7825 11.4227
55.8795 11.6199
55.9764 11.906
56.0733 12.249
56.1702 12.579
56.2671 12.81
56.364 12.8644
56.4609 12.6877
56.5578 12.2495
56.6547 11.5336
56.7516 10.5279
56.8485 9.22643
56.9454 7.64741
57.0423 5.85912
57.1392 3.99659
57.2361 2.25082
57.333 0.824649
57.4299 -0.133288
57.5268 -0.589613
57.6237 -0.652783
57.7206 -0.547831
57.8176 -0.544621
57.9145 -0.866715
58.0114 -1.61741
58.1083 -2.75163
58.2052 -4.10101
58.3021 -5.43582
58.399 -6.53421
58.4959 -7.23136
58.5928 -7.43803
58.6897 -7.13639
58.7866 -6.37147
58.8835 -5.25245
58.9804 -3.96259
59.0773 -2.76151
59.1742 -1.9592
59.2711 -1.85291
59.368 -2.63975
59.4649 -4.33739
59.5618 -6.74932
59.6587 -9.49585
59.7557 -12.1034
59.8526 -14.1181
59.9495 -15.1988
60.0464 -15.1594
60.1433 -13.9553
60.2402 -11.6398
60.3371 -8.32787
60.434 -4.1926
60.5309 0.506465
60.6278 5.39209
60.7247 9.97399
60.8216 13.7135
60.9185 16.1401
61.0154 16.9789
61.1123 16.2352
61.2092 14.1959
61.3061 11.3456
61.403 8.22946
61.4999 5.32189
61.5969 2.94689
61.6938 1.26948
61.7907 0.338387
61.8876 0.139624
61.9845 0.624148
62.0814 1.69837
62.1783 3.19681
62.2752 4.87175
62.3721 6.42618
62.469 7.58781
62.5659 8.19241
62.6628 8.23219
62.7597 7.83951
62.8566 7.21042
62.9535 6.50667
63.0504 5.78863
63.1473 5.01492
63.2442 4.10674
63.3411 3.03614
63.438 1.88204
63.535 0.814824
63.6319 0.0124232
63.7288 -0.446826
63.8257 -0.650738
63.9226 -0.833609
64.0195 -1.27091
64.1164 -2.13815
64.2133 -3.40783
64.3102 -4.84283
64.4071 -6.0958
64.504 -6.86824
64.6009 -7.05021
64.6978 -6.77014
64.7947 -6.33023
64.8916 -6.06142
64.9885 -6.17173
65.0854 -6.66223
65.1823 -7.34653
65.2792 -7.95441
65.3761 -8.25901
65.4731 -8.1606
65.57 -7.69095
65.6669 -6.94982
65.7638 -6.02295
65.8607 -4.93558
65.9576 -3.66861
66.0545 -2.22068
66.1514 -0.668877
66.2483 0.82067
66.3452 2.04932
66.4421 2.88352
66.539 3.33709
66.6359 3.58489
66.7328 3.89017
66.8297 4.47676
66.9266 5.411
67.0235 6.55736
67.1204 7.63476
67.2173 8.34797
67.3142 8.5284
67.4112 8.21364
67.5081 7.62759
67.605 7.07483
67.7019 6.8059
67.7988 6.92096
67.8957 7.3542
67.9926 7.93523
68.0895 8.48354
68.1864 8.87983
68.2833 9.07857
68.3802 9.06601
68.4771 8.80216
68.574 8.19375
68.6709 7.12397
68.7678 5.52665
68.8647 3.46159
68.9616 1.14207
69.0585 -1.11004
69.1554 -2.76725
69.2523 -3.93467
69.3493 -4.5222
69.4462 -4.66571
69.5431 -4.74901
69.64 -4.81592
69.7369 -4.91956
69.8338 -5.09255
69.9307 -5.34292
70.0276 -5.68056
70.1245 -6.11401
70.2214 -6.61668
70.3183 -7.08894
70.4152 -7.46289
70.5121 -7.31367
70.609 -6.35514
70.7059 -5.09399
70.8028 -3.89428
70.8997 -2.19647
70.9966 -0.750358
71.0935 0.186869
71.1905 0.56008
71.2874 0.22159
71.3843 0.0951289
71.4812 0.379568
71.5781 0.951099
71.675 1.70746
71.7719 2.47129
71.8688 3.14458
71.9657 3.15159
72.0626 3.50533
72.1595 3.45
72.2564 3.90608
72.3533 4.14362
72.4502 4.68012
72.5471 5.1765
72.644 5.23882
72.7409 5.02053
72.8378 4.31677
72.9347 3.40981
73.0316 2.53864
73.1286 2.38065
73.2255 2.60823
73.3224 2.52916
73.4193 2.47788
73.5162 2.38161
73.6131 2.21227
73.71 2.01968
73.8069 1.58266
73.9038 1.58837
74.0007 1.7301
74.0976 1.87427
74.1945 1.85268
74.2914 1.54242
74.3883 0.920407
74.4852 0.0646575
74.5821 -0.893847
74.679 -1.67629
74.7759 -1.97026
74.8728 -2.59732
74.9697 -3.42031
75.0667 -4.20336
75.1636 -4.81985
75.2605 -4.87323
75.3574 -4.43823
75.4543 -3.6175
75.5512 -2.54416
75.6481 -0.931087
75.745 0.596919
75.8419 1.71726
75.9388 2.27767
76.0357 2.3947
76.1326 1.93904
76.2295 1.8446
76.3264 2.07497
76.4233 2.56032
76.5202 3.15238
76.6171 3.60564
76.714 3.68003
76.8109 3.23881
76.9078 2.30339
77.0048 1.17697
77.1017 0.0353114
77.1986 -0.999721
77.2955 -1.69381
77.3924 -2.4328
77.4893 -2.50028
77.5862 -2.26267
77.6831 -1.84281
77.78 -1.09958
77.8769 -0.84463
77.9738 -0.602324
78.0707 -0.455361
78.1676 -0.292765
78.2645 -0.0691867
78.3614 0.398199
78.4583 1.1126
78.5552 2.09623
78.6521 2.92141
78.749 3.59965
78.8459 3.92152
78.9429 3.89047
79.0398 3.51294
79.1367 3.1222
79.2336 2.82647
79.3305 2.44341
79.4274 2.18194
79.5243 1.75686
79.6212 1.01272
79.7181 0.354181
79.815 -0.422891
79.9119 -1.05468
80.0088 -1.22701
80.1057 -1.37216
80.2026 -1.27104
80.2995 -0.991687
80.3964 -0.632584
80.4933 -0.290174
80.5902 0.177745
80.6871 0.507824
80.7841 0.163969
80.881 -0.390559
80.9779 -0.959724
81.0748 -1.33125
81.1717 -1.33825
81.2686 -0.909704
81.3655 -0.0950053
81.4624 0.946007
81.5593 1.98684
81.6562 2.54405
81.7531 3.03669
81.85 3.24311
81.9469 3.0845
82.0438 2.69069
82.1407 1.98726
82.2376 1.55034
82.3345 1.15635
82.4314 0.797826
82.5283 0.614543
82.6252 0.232467
82.7222 -0.281668
82.8191 -0.863619
82.916 -1.3955
83.0129 -1.75573
83.1098 -1.87425
83.2067 -1.58331
83.3036 -1.34151
83.4005 -1.13256
83.4974 -0.811664
83.5943 -0.818965
83.6912 -0.883414
83.7881 -0.871619
83.885 -0.659882
83.9819 0.106151
84.0788 0.772353
84.1757 1.21622
84.2726 1.34939
84.3695 0.800396
84.4664 0.187326
84.5633 -0.585817
84.6603 -1.05289
84.7572 -1.48534
84.8541 -1.41301
84.951 -0.86711
85.0479 0.0789349
85.1448 1.17975
85.2417 1.95664
85.3386 2.52523
85.4355 2.45308
85.5324 2.35693
85.6293 2.0206
85.7262 1.54884
85.8231 1.0491
85.92 0.598459
86.0169 0.405299
86.1138 0.373496
86.2107 0.508402
86.3076 0.719981
86.4045 1.06073
86.5014 1.3768
86.5984 1.58175
86.6953 1.62337
86.7922 1.50107
86.8891 1.08829
86.986 0.86972
87.0829 0.691627
87.1798 0.575702
87.2767 0.55113
87.3736 0.422327
87.4705 0.262172
87.5674 -0.347186
87.6643 -0.539356
87.7612 -0.667514
87.8581 -0.706042
87.955 -0.598216
88.0519 -0.399669
88.1488 -0.198179
88.2457 -0.0766729
88.3426 -0.0783168
88.4395 -0.190635
88.5365 -0.356653
88.6334 -0.379076
88.7303 -0.486974
88.8272 -0.564192
88.9241 -0.644405
89.021 -0.924303
89.1179 -1.12859
89.2148 -1.51454
89.3117 -1.62255
89.4086 -1.53088
89.5055 -0.852523
89.6024 -0.22972
89.6993 0.526149
89.7962 0.880138
89.8931 1.11879
89.99 1.23436
90.0869 1.27144
90.1838 1.08683
90.2807 0.790472
90.3777 0.519372
90.4746 0.382264
90.5715 0.418542
90.6684 0.590139
90.7653 0.809211
90.8622 0.986792
90.9591 1.07735
91.056 1.22048
91.1529 1.22656
91.2498 1.25966
91.3467 1.01017
91.4436 1.18415
91.5405 1.41164
91.6374 1.60659
91.7343 1.69534
91.8312 1.70896
91.9281 1.51211
92.025 1.22146
92.1219 0.862239
92.2188 0.523433
92.3158 0.0587084
92.4127 -0.492453
92.5096 -1.07144
92.6065 -1.56008
92.7034 -1.81679
92.8003 -1.73999
92.8972 -1.22334
92.9941 -0.388861
93.091 0.27514
93.1879 0.733775
93.2848 0.862358
93.3817 0.562369
93.4786 0.29323
93.5755 0.1588
93.6724 0.265914
93.7693 0.118231
93.8662 0.250983
93.9631 0.44413
94.06 0.447367
94.1569 0.215579
94.2539 -0.0952981
94.3508 -0.609659
94.4477 -0.288361
94.5446 -0.471562
94.6415 -0.467478
94.7384 -0.236959
94.8353 0.0488008
94.9322 0.327354
95.0291 0.608365
95.126 0.791568
95.2229 0.855932
95.3198 0.933277
95.4167 0.978739
95.5136 1.30679
95.6105 1.24116
95.7074 0.996184
95.8043 0.71781
95.9012 0.320529
95.9981 -0.0919511
96.095 -0.45368
96.192 -0.746639
96.2889 -0.952063
96.3858 -1.00701
96.4827 -0.912895
96.5796 -0.684188
96.6765 -0.355455
96.7734 0.172489
96.8703 0.380828
96.9672 0.429498
97.0641 0.299527
97.161 0.205539
97.2579 -0.0345395
97.3548 -0.249358
97.4517 -0.296918
97.5486 0.000298838
97.6455 0.229876
97.7424 0.53054
97.8393 0.510481
97.9362 0.444206
98.0331 0.3308
98.1301 0.256206
98.227 0.203233
98.3239 -0.00211652
