3.3 1.60395
3.4 1.12519
3.5 1.1612
3.6 1.69317
3.7 2.27913
3.8 2.48741
3.9 2.29638
4 1.81157
4.1 1.01894
4.2 0.536744
4.3 -0.224633
4.4 -1.22914
4.5 -2.06395
4.6 -2.12223
4.7 -2.10223
4.8 -1.51755
4.9 -1.16253
5 -0.549385
5.1 -0.0923344
5.2 0.272704
5.3 0.307392
5.4 0.463901
5.5 0.277003
5.6 0.108323
5.7 0.127165
5.8 0.410278
5.9 0.763674
6 1.36225
6.1 1.97134
6.2 2.41577
6.3 2.45692
6.4 2.0682
6.5 1.22785
6.6 0.680106
6.7 0.433583
6.8 0.292658
6.9 0.100378
7 -0.217046
7.1 -0.760148
7.2 -1.37754
7.3 -2.02695
7.4 -2.23873
7.5 -2.08781
7.6 -1.68576
7.7 -0.853325
7.8 -0.195714
7.9 0.737153
8 1.60771
8.1 2.00733
8.2 2.00467
8.3 1.29252
8.4 0.613023
8.5 0.934284
8.6 0.748052
8.7 0.751184
8.8 0.833377
8.9 0.706542
9 0.28552
9.1 0.0714764
9.2 -0.103982
9.3 -0.477219
9.4 -0.838379
9.5 -0.801971
9.6 -0.753895
9.7 -0.42807
9.8 -0.145333
9.9 0.121928
10 0.396021
10.1 0.600713
10.2 0.701358
10.3 0.659023
10.4 0.443574
10.5 0.0994064
10.6 -0.0556867
10.7 0.0462362
10.8 0.394159
10.9 0.947222
11 1.45571
11.1 1.58983
11.2 1.76267
11.3 1.57989
11.4 0.978721
11.5 0.504576
11.6 0.184229
11.7 -0.0652417
11.8 -0.182461
11.9 0.0916057
12 0.642984
12.1 0.86197
12.2 1.30411
12.3 1.40617
12.4 1.48023
12.5 1.64241
12.6 1.40382
12.7 1.21327
12.8 0.232462
12.9 -0.567234
13 -1.38207
13.1 -1.80377
13.2 -1.82095
13.3 -1.36213
13.4 -0.671107
13.5 -0.0361164
13.6 0.633529
13.7 0.824179
13.8 0.825823
13.9 0.449576
14 0.40646
14.1 0.215296
14.2 0.105915
14.3 -0.0669213
14.4 0.0362477
14.5 0.259682
14.6 0.343897
14.7 0.0647805
14.8 -4.61047e-05
14.9 0.27183
15 0.779602
15.1 1.5496
15.2 1.96531
15.3 2.21371
15.4 2.34704
15.5 2.48635
15.6 2.17302
15.7 1.93612
15.8 1.95936
15.9 1.48385
16 0.970577
16.1 1.4167
16.2 1.61181
16.3 1.56207
16.4 1.21712
16.5 0.401208
16.6 -0.598051
16.7 -1.2534
16.8 -1.524
16.9 -1.17328
17 -1.18451
17.1 -1.2406
17.2 -1.35268
17.3 -1.37325
17.4 -1.42323
17.5 -1.0451
17.6 -0.886965
17.7 -1.29197
17.8 -1.97407
17.9 -2.37868
18 -2.33533
18.1 -1.94933
18.2 -0.824932
18.3 0.614341
18.4 1.63181
18.5 2.12274
18.6 2.27589
18.7 2.47082
18.8 2.82971
18.9 3.05915
19 3.0716
19.1 2.71794
19.2 2.28685
19.3 1.82941
19.4 1.65099
19.5 1.5629
19.6 1.84123
19.7 2.13418
19.8 1.96232
19.9 1.47894
20 0.799967
20.1 0.413579
20.2 0.354171
20.3 0.392301
20.4 0.607956
20.5 0.319516
20.6 -0.0993046
20.7 -0.543202
20.8 -0.383944
20.9 0.260115
21 0.979385
21.1 1.42272
21.2 1.08927
21.3 0.166551
21.4 -0.884631
21.5 -1.54637
21.6 -1.68144
21.7 -1.68919
21.8 -1.82114
21.9 -2.09847
22 -2.22414
22.1 -2.16011
22.2 -1.71947
22.3 -1.10621
22.4 -0.209989
22.5 0.546148
22.6 1.21908
22.7 1.81409
22.8 2.35929
22.9 2.7736
23 2.96501
23.1 3.00814
23.2 2.97409
23.3 2.64642
23.4 2.06243
23.5 1.486
23.6 1.06958
23.7 0.587546
23.8 0.201676
23.9 -0.105585
24 0.0187255
24.1 0.715078
24.2 1.42101
24.3 1.58723
24.4 1.36518
24.5 1.12322
24.6 1.06802
24.7 1.23587
24.8 1.3619
24.9 1.36056
25 1.25908
25.1 1.24811
25.2 1.04754
25.3 0.540875
25.4 -0.0320064
25.5 -0.611492
25.6 -0.986015
25.7 -1.11268
25.8 -1.10713
25.9 -1.06897
26 -1.0967
26.1 -1.00283
26.2 -0.823011
26.3 -0.753204
26.4 -0.999388
26.5 -1.06547
26.6 -0.845724
26.7 -0.674937
26.8 -0.332971
26.9 0.66502
27 2.06204
27.1 3.52387
27.2 4.86679
27.3 6.063
27.4 6.61039
27.5 5.80271
27.6 3.46805
27.7 0.138368
27.8 -3.76396
27.9 -7.61139
28 -10.5456
28.1 -12.2076
28.2 -12.2184
28.3 -10.4798
28.4 -7.24685
28.5 -2.75732
28.6 2.40927
28.7 7.61374
28.8 12.5076
28.9 16.4752
29 18.6509
29.1 18.5973
29.2 16.4975
29.3 12.6217
29.4 7.46661
29.5 1.34542
29.6 -4.65262
29.7 -9.82573
29.8 -14.0931
29.9 -16.984
30 -18.0553
30.1 -17.1357
30.2 -14.7685
30.3 -10.8564
30.4 -5.52881
30.5 1.10986
30.6 9.20246
30.7 18.4848
30.8 27.414
30.9 33.2691
31 33.3849
31.1 26.7885
31.2 12.1002
31.3 -12.7886
31.4 -47.4799
31.5 -83.9728
31.6 -109.653
31.7 -115.107
31.8 -99.2256
31.9 -62.5166
32 -4.67932
32.1 68.5681
32.2 143.716
32.3 200.966
32.4 227.949
32.5 221.297
32.6 160.205
32.7 44.7955
32.8 -89.1378
32.9 -190.255
33 -237.937
33.1 -245.384
33.2 -222.044
33.3 -169.575
33.4 -104.84
33.5 -48.7708
33.6 -9.78176
33.7 15.5166
33.8 31.843
33.9 43.455
34 55.7576
34.1 72.6478
34.2 93.6484
34.3 113.765
34.4 125.922
34.5 126.012
34.6 113.903
34.7 92.2303
34.8 66.444
34.9 41.6716
35 19.7608
35.1 -0.794304
35.2 -22.8441
35.3 -49.4812
35.4 -80.0916
35.5 -108.452
35.6 -126.602
35.7 -130.945
35.8 -122.404
35.9 -104.8
36 -84.5785
36.1 -67.2665
36.2 -54.9365
36.3 -45.2645
36.4 -34.6019
36.5 -19.4496
36.6 2.93074
36.7 32.9499
36.8 67.1002
36.9 98.4036
37 120.918
37.1 131.142
37.2 128.215
37.3 113.924
37.4 92.907
37.5 71.0453
37.6 51.7754
37.7 34.4377
37.8 17.199
37.9 -1.05358
38 -19.7803
38.1 -37.5134
38.2 -51.4952
38.3 -59.9245
38.4 -63.5934
38.5 -64.7833
38.6 -65.31
38.7 -66.3323
38.8 -67.4295
38.9 -66.982
39 -63.1504
39.1 -55.5353
39.2 -45.0583
39.3 -33.496
39.4 -22.3352
39.5 -12.6698
39.6 -4.20092
39.7 3.66944
39.8 11.3921
39.9 19.5085
40 27.5868
40.1 34.5823
40.2 39.8762
40.3 43.4191
40.4 45.946
40.5 47.9141
40.6 49.4708
40.7 50.7892
40.8 51.6412
40.9 51.1997
41 48.3181
41.1 42.9774
41.2 35.9853
41.3 28.4484
41.4 20.8264
41.5 13.2174
41.6 5.17502
41.7 -3.4794
41.8 -12.9448
41.9 -23.1918
42 -33.0421
42.1 -40.963
42.2 -45.8436
42.3 -47.9723
42.4 -48.1017
42.5 -47.71
42.6 -47.9924
42.7 -48.867
42.8 -49.6619
42.9 -49.5806
43 -47.7578
43.1 -43.8567
43.2 -37.7536
43.3 -29.6062
43.4 -19.9587
43.5 -10.0496
43.6 -0.774791
43.7 7.93566
43.8 16.0631
43.9 23.1186
44 28.8406
44.1 33.1305
44.2 36.0753
44.3 37.6809
44.4 38.0198
44.5 37.7031
44.6 37.3393
44.7 36.9487
44.8 36.822
44.9 37.2083
45 37.958
45.1 38.696
45.2 39.1901
45.3 38.8973
45.4 37.2564
45.5 33.7568
45.6 28.1921
45.7 20.9989
45.8 12.6817
45.9 4.08205
46 -4.52436
46.1 -13.2304
46.2 -21.6688
46.3 -29.7553
46.4 -37.2189
46.5 -43.7623
46.6 -48.9787
46.7 -52.6208
46.8 -54.3901
46.9 -54.0429
47 -52.0871
47.1 -49.0242
47.2 -45.6251
47.3 -42.1768
47.4 -38.4525
47.5 -34.4958
47.6 -29.855
47.7 -24.1566
47.8 -17.929
47.9 -11.7197
48 -5.75337
48.1 0.015996
48.2 5.42189
48.3 10.7742
48.4 16.1312
48.5 21.4997
48.6 27.0825
48.7 32.5884
48.8 37.3354
48.9 41.0547
49 43.5166
49.1 44.7121
49.2 44.9756
49.3 44.7426
49.4 43.8369
49.5 41.7209
49.6 38.4522
49.7 34.6838
49.8 30.7349
49.9 27.0109
50 23.7109
50.1 20.6335
50.2 17.1801
50.3 12.6105
50.4 7.3945
50.5 1.97409
50.6 -3.88931
50.7 -10.4368
50.8 -17.5012
50.9 -24.5841
51 -30.7701
51.1 -35.3819
51.2 -38.421
51.3 -39.9657
51.4 -40.2277
51.5 -39.6443
51.6 -38.4823
51.7 -36.8148
51.8 -34.9421
51.9 -33.1745
52 -31.5803
52.1 -30.5102
52.2 -29.6951
52.3 -28.487
52.4 -26.2661
52.5 -23.0909
52.6 -18.9944
52.7 -14.4715
52.8 -9.65738
52.9 -4.50145
53 0.546889
53.1 5.29063
53.2 9.83611
53.3 14.1684
53.4 18.5066
53.5 22.5998
53.6 26.4541
53.7 30.0929
53.8 33.429
53.9 36.1968
54 38.2778
54.1 39.3313
54.2 39.1592
54.3 38.0263
54.4 36.1745
54.5 33.5212
54.6 30.0936
54.7 26.7111
54.8 23.664
54.9 20.8279
55 18.2149
55.1 15.6232
55.2 12.7369
55.3 9.02616
55.4 4.41636
55.5 -0.321316
55.6 -4.61759
55.7 -8.69588
55.8 -12.5024
55.9 -15.824
56 -18.8074
56.1 -21.8149
56.2 -24.5952
56.3 -27.1164
56.4 -29.4209
56.5 -31.3781
56.6 -32.7794
56.7 -33.5064
56.8 -33.4416
56.9 -32.7645
57 -31.8705
57.1 -31.0403
57.2 -29.7483
57.3 -27.5049
57.4 -24.1537
57.5 -20.3985
57.6 -16.6764
57.7 -12.885
57.8 -9.02819
57.9 -4.77733
58 -0.449342
58.1 3.53843
58.2 6.92583
58.3 9.9038
58.4 12.8167
58.5 15.7068
58.6 18.6287
58.7 21.1735
58.8 22.7832
58.9 23.947
59 24.8239
59.1 25.3138
59.2 25.3725
59.3 25.123
59.4 24.7886
59.5 24.4754
59.6 23.9675
59.7 23.4051
59.8 22.9623
59.9 22.2721
60 20.7358
60.1 18.5027
60.2 15.9751
60.3 13.4183
60.4 10.9548
60.5 8.14065
60.6 5.23069
60.7 2.37361
60.8 -0.615929
60.9 -3.84466
61 -6.69908
61.1 -9.6269
61.2 -12.6828
61.3 -15.278
61.4 -17.2373
61.5 -18.6244
61.6 -19.6272
61.7 -20.4049
61.8 -21.0006
61.9 -21.3822
62 -21.4526
62.1 -21.4778
62.2 -21.3998
62.3 -21.2906
62.4 -21.0087
62.5 -20.6579
62.6 -20.0207
62.7 -18.9288
62.8 -17.2041
62.9 -15.0613
63 -12.7788
63.1 -10.2815
63.2 -7.15705
63.3 -3.64719
63.4 -0.554962
63.5 1.95339
63.6 4.18361
63.7 6.28915
63.8 7.94267
63.9 9.56031
64 11.4105
64.1 13.3151
64.2 14.9681
64.3 16.5254
64.4 18.0185
64.5 19.1677
64.6 19.9266
64.7 20.408
64.8 20.7724
64.9 21.0128
65 20.7392
65.1 20.1147
65.2 19.402
65.3 18.4631
65.4 17.3991
65.5 16.3145
65.6 14.7578
65.7 12.603
65.8 10.3171
65.9 8.10459
66 5.97792
66.1 3.95398
66.2 1.59829
66.3 -1.10821
66.4 -3.54112
66.5 -5.26987
66.6 -6.46177
66.7 -7.81931
66.8 -10.0381
66.9 -13.2178
67 -16.5151
67.1 -19.1795
67.2 -20.9655
67.3 -22.0562
67.4 -22.4635
67.5 -22.0933
67.6 -20.8986
67.7 -19.1222
67.8 -17.2134
67.9 -15.4902
68 -13.9446
68.1 -12.3377
68.2 -10.2656
68.3 -7.77791
68.4 -5.18857
68.5 -2.86343
68.6 -1.21425
68.7 -0.496567
68.8 -0.123124
68.9 0.426003
69 1.19618
69.1 2.22669
69.2 3.86299
69.3 6.18805
69.4 8.64442
69.5 10.7328
69.6 12.1385
69.7 12.5946
69.8 12.2209
69.9 11.5279
70 10.7616
70.1 10.1914
70.2 10.1776
70.3 10.7859
70.4 11.6537
70.5 12.196
70.6 12.2538
70.7 12.2755
70.8 12.1332
70.9 11.5091
71 10.6506
71.1 10.1779
71.2 10.2889
71.3 10.6061
71.4 10.6179
71.5 9.39099
71.6 6.75784
71.7 3.33756
71.8 0.00878884
71.9 -2.66905
72 -4.78228
72.1 -6.37115
72.2 -7.46001
72.3 -7.86871
72.4 -7.87501
72.5 -7.71411
72.6 -7.71638
72.7 -8.2876
72.8 -9.68828
72.9 -11.4938
73 -13.026
73.1 -14.3044
73.2 -15.6561
73.3 -16.8079
73.4 -17.2575
73.5 -17.2005
73.6 -16.5565
73.7 -14.9431
73.8 -12.2145
73.9 -8.32151
74 -3.47455
74.1 1.33698
74.2 5.43119
74.3 8.8449
74.4 11.5334
74.5 13.1607
74.6 13.6016
74.7 12.8729
74.8 11.1024
74.9 8.65651
75 5.7155
75.1 2.68643
75.2 -0.250561
75.3 -2.80362
75.4 -4.4499
75.5 -5.11327
75.6 -4.84898
75.7 -3.9063
75.8 -2.51585
75.9 -1.14551
76 -0.0543603
76.1 0.961665
76.2 2.14122
76.3 3.54699
76.4 5.26346
76.5 7.04826
76.6 8.91147
76.7 10.8048
76.8 12.4404
76.9 13.992
77 15.5173
77.1 16.9591
77.2 17.5602
77.3 17.1317
77.4 15.7621
77.5 14.0696
77.6 12.1407
77.7 9.79851
77.8 7.32045
77.9 4.65693
78 1.94932
78.1 -0.982506
78.2 -4.26848
78.3 -8.0339
78.4 -11.7453
78.5 -15.1134
78.6 -17.8138
78.7 -19.6917
78.8 -20.8777
78.9 -21.6823
79 -22.0713
79.1 -22.1887
79.2 -21.9964
79.3 -21.1038
79.4 -19.0752
79.5 -16.5737
79.6 -13.8934
79.7 -10.8324
79.8 -7.64463
79.9 -4.79985
80 -2.38616
80.1 -0.0831434
80.2 2.29674
80.3 5.03159
80.4 8.02506
80.5 10.8517
80.6 13.0935
80.7 14.7141
80.8 15.8264
80.9 16.5446
81 16.9013
81.1 16.8687
81.2 16.6605
81.3 16.3702
81.4 16.0106
81.5 14.9315
81.6 13.1043
81.7 10.7807
81.8 8.35697
81.9 6.25825
82 4.48115
82.1 3.22183
82.2 2.22508
82.3 1.55812
82.4 0.901148
82.5 0.133604
82.6 -0.681274
82.7 -1.61409
82.8 -2.90726
82.9 -4.63873
83 -6.52039
83.1 -8.38829
83.2 -9.75069
83.3 -10.4
83.4 -10.3052
83.5 -9.6099
83.6 -8.3659
83.7 -7.0788
83.8 -5.52256
83.9 -3.88676
84 -2.48186
84.1 -1.59607
84.2 -1.32425
84.3 -1.34133
84.4 -1.51374
84.5 -1.58675
84.6 -1.45782
84.7 -1.28976
84.8 -1.03183
84.9 -0.478959
85 0.728992
85.1 2.2468
85.2 3.51452
85.3 4.23691
85.4 4.33282
85.5 4.23048
85.6 4.14014
85.7 4.11016
85.8 3.90592
85.9 3.21411
86 2.39264
86.1 1.61479
86.2 1.20303
86.3 1.00786
86.4 0.540121
86.5 -0.347232
86.6 -1.56619
86.7 -2.10515
86.8 -1.63613
86.9 -1.09992
87 -0.854842
87.1 -0.915794
87.2 -1.04356
87.3 -0.657101
87.4 0.294294
87.5 1.26093
87.6 1.46277
87.7 1.49512
87.8 1.71314
87.9 2.27928
88 2.70552
88.1 2.44791
88.2 1.66396
88.3 1.06191
88.4 0.753615
88.5 0.877399
88.6 1.12759
88.7 1.47798
88.8 2.06794
88.9 2.37465
89 2.733
89.1 2.9923
89.2 3.1973
89.3 2.81884
89.4 1.86739
89.5 0.701791
89.6 -0.142967
89.7 -0.650742
89.8 -0.926547
89.9 -0.935286
90 -0.381063
90.1 0.292447
90.2 0.840396
90.3 1.39676
90.4 1.68
90.5 1.33659
90.6 0.575536
90.7 -0.356034
90.8 -1.46918
90.9 -2.68145
91 -3.9981
91.1 -5.16722
91.2 -5.76675
91.3 -5.39052
91.4 -4.18184
91.5 -2.41458
91.6 -0.322196
91.7 1.44626
91.8 2.41538
91.9 2.45562
92 1.7964
92.1 0.427303
92.2 -1.29324
92.3 -2.97207
92.4 -3.86899
92.5 -3.99465
92.6 -2.9707
92.7 -1.56212
92.8 0.125473
92.9 1.50881
93 2.57574
93.1 3.0137
93.2 2.9168
93.3 2.74242
93.4 2.27439
93.5 2.02554
93.6 2.38591
93.7 2.80747
93.8 2.96024
93.9 3.04759
94 3.41818
94.1 3.46101
94.2 3.49641
94.3 2.97309
94.4 1.84632
94.5 1.15349
94.6 1.37597
94.7 1.92193
94.8 1.96089
94.9 1.55559
95 1.08022
95.1 0.255906
95.2 -0.184676
95.3 -0.275993
95.4 -0.0820072
95.5 0.0221963
95.6 0.2132
95.7 1.0658
95.8 1.90757
95.9 2.30174
96 2.34193
96.1 2.12847
96.2 1.692
96.3 0.808039
96.4 -0.228628
96.5 -1.5468
96.6 -2.8647
96.7 -4.13323
96.8 -5.45953
96.9 -6.23963
97 -6.77229
97.1 -6.9692
97.2 -6.93498
97.3 -6.14747
97.4 -4.89567
97.5 -3.51532
97.6 -1.85334
97.7 -0.317701
97.8 0.793476
97.9 1.52524
98 2.04401
98.1 2.3217
98.2 2.34508
98.3 2.23389
98.4 2.32054
98.5 2.36448
98.6 2.34821
98.7 2.53998
98.8 2.38917
98.9 1.8652
99 1.41722
99.1 1.13196
99.2 1.09438
99.3 1.08992
99.4 1.15501
99.5 1.03027
99.6 0.786722
99.7 0.677996
99.8 0.509036
99.9 0.545579
100 0.858589
100.1 1.19479
100.2 1.14593
100.3 1.00997
100.4 0.964954
100.5 1.06584
100.6 1.46622
100.7 1.65835
100.8 1.83345
100.9 1.71058
101 1.65712
101.1 1.67579
101.2 1.81076
101.3 1.8567
101.4 1.59988
101.5 1.06031
101.6 0.262989
101.7 -0.392107
101.8 -0.386414
101.9 -0.474854
102 -0.788664
102.1 -1.13247
102.2 -1.36122
102.3 -1.65412
102.4 -1.66708
102.5 -1.66698
102.6 -1.81368
102.7 -1.84422
102.8 -1.9102
102.9 -1.85822
103 -1.75549
103.1 -1.57306
103.2 -1.31497
103.3 -0.896942
103.4 -0.701882
103.5 -0.973831
103.6 -1.61787
103.7 -2.09095
103.8 -2.52329
103.9 -2.2138
104 -1.49678
104.1 -0.679995
104.2 -0.0680185
104.3 0.519947
104.4 1.10977
104.5 1.68342
104.6 2.18545
104.7 2.53749
104.8 2.67225
104.9 2.51809
105 1.98029
105.1 1.88255
105.2 2.09857
105.3 2.38656
105.4 2.59691
105.5 2.51479
105.6 2.49499
