-0.53 0.714372
-0.43 1.60246
-0.33 1.62733
-0.23 0.862481
-0.13 0.421245
-0.03 0.264091
0.07 0.20455
0.17 -0.15438
0.27 -0.695162
0.37 -1.06737
0.47 -0.859326
0.57 -0.133417
0.67 0.887223
0.77 1.18049
0.87 1.33974
0.97 1.06518
1.07 0.663381
1.17 -0.0863237
1.27 -0.30585
1.37 -0.515293
1.47 -0.810109
1.57 -0.787201
1.67 -0.197298
1.77 0.450283
1.87 1.35189
1.97 1.8124
2.07 1.94649
2.17 1.3413
2.27 0.42146
2.37 -0.165965
2.47 -0.439123
2.57 -0.386876
2.67 -0.0273704
2.77 0.442825
2.87 1.073
2.97 1.54345
3.07 1.60147
3.17 1.16762
3.27 0.154448
3.37 -0.754349
3.47 -1.22859
3.57 -1.1366
3.67 -1.13626
3.77 -1.02854
3.87 -0.659475
3.97 -0.290427
4.07 0.256095
4.17 0.757187
4.27 1.14523
4.37 1.3661
4.47 1.54627
4.57 1.74547
4.67 1.99779
4.77 1.95137
4.87 2.11695
4.97 2.07028
5.07 1.70194
5.17 1.03623
5.27 0.138978
5.37 -0.49813
5.47 -1.13983
5.57 -1.51557
5.67 -1.7379
5.77 -1.5445
5.87 -0.868068
5.97 -0.144182
6.07 0.518044
6.17 0.959952
6.27 1.47889
6.37 1.84675
6.47 1.85201
6.57 1.54914
6.67 0.850115
6.77 0.345467
6.87 0.289111
6.97 0.738403
7.07 1.25957
7.17 1.63195
7.27 1.70373
7.37 1.87171
7.47 1.85762
7.57 1.59292
7.67 1.22336
7.77 1.063
7.87 0.55089
7.97 0.101876
8.07 -0.177129
8.17 -0.360473
8.27 -1.091
8.37 -1.72702
8.47 -2.77031
8.57 -3.73155
8.67 -4.23337
8.77 -3.98415
8.87 -3.29731
8.97 -2.23367
9.07 -0.813711
9.17 0.417951
9.27 1.59505
9.37 2.62827
9.47 3.54871
9.57 4.23783
9.67 4.79339
9.77 4.22842
9.87 2.7045
9.97 1.49726
10.07 0.568497
10.17 0.029074
10.27 -0.0812222
10.37 0.0738982
10.47 -0.0070134
10.57 0.144915
10.67 0.431783
10.77 0.967643
10.87 1.49145
10.97 1.38186
11.07 1.06268
11.17 0.471097
11.27 -0.181229
11.37 -0.544018
11.47 -0.623529
11.57 -0.69364
11.67 -0.694928
11.77 -0.176704
11.87 0.679149
11.97 1.71496
12.07 2.37213
12.17 2.76889
12.27 2.39147
12.37 1.83657
12.47 0.713549
12.57 -0.0941552
12.67 -1.0375
12.77 -2.07627
12.87 -3.15608
12.97 -3.87056
13.07 -3.8984
13.17 -3.53481
13.27 -2.74435
13.37 -1.58693
13.47 -0.181344
13.57 1.00467
13.67 1.60784
13.77 1.96363
13.87 2.07401
13.97 1.89876
14.07 1.58806
14.17 1.22818
14.27 0.812017
14.37 0.478044
14.47 0.60322
14.57 0.877853
14.67 1.08763
14.77 1.10377
14.87 0.893688
14.97 1.00892
15.07 1.12262
15.17 1.31414
15.27 1.54894
15.37 2.10414
15.47 2.55449
15.57 2.68473
15.67 2.67923
15.77 2.71479
15.87 2.66672
15.97 2.05991
16.07 0.80672
16.17 -0.42211
16.27 -1.18879
16.37 -1.54814
16.47 -1.49329
16.57 -1.32814
16.67 -0.838491
16.77 -0.049887
16.87 0.187689
16.97 -0.101085
17.07 -0.395616
17.17 -0.161488
17.27 0.198701
17.37 0.484362
17.47 0.787556
17.57 0.803233
17.67 0.14821
17.77 -0.910603
17.87 -1.54263
17.97 -1.33928
18.07 -0.771415
18.17 -0.224151
18.27 0.090162
18.37 0.0729473
18.47 -0.0861484
18.57 -0.359241
18.67 -0.796628
18.77 -1.35804
18.87 -1.67964
18.97 -1.26294
19.07 -0.474089
19.17 0.263701
19.27 0.829014
19.37 1.34261
19.47 1.85772
19.57 2.1766
19.67 2.58876
19.77 3.05855
19.87 3.31935
19.97 3.09089
20.07 2.74847
20.17 2.5643
20.27 2.29181
20.37 2.10453
20.47 1.82013
20.57 1.2033
20.67 0.319303
20.77 -0.436553
20.87 -0.487235
20.97 -0.102137
21.07 -0.0154277
21.17 -0.366674
21.27 -0.985468
21.37 -1.30853
21.47 -0.993385
21.57 -0.476366
21.67 -0.100707
21.77 0.0211211
21.87 -0.147377
21.97 -0.470267
22.07 -0.726352
22.17 -0.869469
22.27 -0.893694
22.37 -0.617277
22.47 -0.0163656
22.57 0.683018
22.67 1.33992
22.77 2.25181
22.87 3.24493
22.97 3.85088
23.07 4.02925
23.17 3.65702
23.27 2.72993
23.37 1.2589
23.47 -0.678679
23.57 -2.8671
23.67 -4.9375
23.77 -6.59075
23.87 -7.95288
23.97 -8.86252
24.07 -8.75604
24.17 -7.41601
24.27 -4.79255
24.37 -1.35934
24.47 2.50972
24.57 6.42413
24.67 10.2938
24.77 13.5785
24.87 15.7166
24.97 16.2596
25.07 14.8859
25.17 11.929
25.27 7.52359
25.37 2.2389
25.47 -3.37816
25.57 -8.89567
25.67 -13.4875
25.77 -16.6273
25.87 -17.9249
25.97 -17.3881
26.07 -15.175
26.17 -11.1572
26.27 -5.46042
26.37 1.69607
26.47 9.93157
26.57 18.6882
26.67 27.09
26.77 32.9907
26.87 32.9565
26.97 25.0839
27.07 7.81764
27.17 -19.2822
27.27 -53.3958
27.37 -86.4762
27.47 -106.921
27.57 -108.01
27.67 -89.4013
27.77 -50.3208
27.87 9.30828
27.97 83.7886
28.07 154.715
28.17 201.674
28.27 216.813
28.37 196.175
28.47 124.059
28.57 3.22856
28.67 -124.538
28.77 -212.852
28.87 -246.752
28.97 -241.112
29.07 -202.69
29.17 -142.52
29.27 -80.0373
29.37 -31.6882
29.47 -1.08717
29.57 17.4757
29.67 27.6529
29.77 34.4894
29.87 43.8971
29.97 60.0462
30.07 83.2339
30.17 108.511
30.27 127.691
30.37 133.755
30.47 125.216
30.57 104.95
30.67 77.5307
30.77 47.5803
30.87 18.4871
30.97 -9.94563
31.07 -38.9941
31.17 -68.0945
31.27 -93.9677
31.37 -112.348
31.47 -119.721
31.57 -115.478
31.67 -100.985
31.77 -81.1382
31.87 -62.9345
31.97 -50.4169
32.07 -44.188
32.17 -41.9667
32.27 -38.7656
32.37 -29.7483
32.47 -12.9213
32.57 11.9872
32.67 43.6808
32.77 76.2627
32.87 102.736
32.97 119.154
33.07 125.696
33.17 122.723
33.27 111.615
33.37 95.4979
33.47 76.394
33.57 54.5011
33.67 30.2151
33.77 4.46173
33.87 -20.7469
33.97 -42.831
34.07 -59.413
34.17 -70.0659
34.27 -75.8978
34.37 -79.1951
34.47 -81.4403
34.57 -82.4495
34.67 -81.3058
34.77 -76.6841
34.87 -67.3298
34.97 -54.4282
35.07 -40.3858
35.17 -27.3751
35.27 -16.3476
35.37 -7.25678
35.47 1.05911
35.57 9.80039
35.67 19.5553
35.77 30.1704
35.87 40.2969
35.97 47.8727
36.07 51.7319
36.17 52.2433
36.27 50.6651
36.37 48.7032
36.47 47.4867
36.57 47.1469
36.67 46.7874
36.77 45.111
36.87 41.3594
36.97 35.689
37.07 28.4728
37.17 20.4282
37.27 12.2414
37.37 3.88344
37.47 -4.8904
37.57 -14.2626
37.67 -23.5896
37.77 -32.1382
37.87 -38.81
37.97 -42.7815
38.07 -44.093
38.17 -43.4135
38.27 -42.4861
38.37 -42.4123
38.47 -43.5792
38.57 -45.3718
38.67 -46.7337
38.77 -46.5039
38.87 -43.5861
38.97 -37.6772
39.07 -30.1951
39.17 -22.6681
39.27 -15.3531
39.37 -8.3065
39.47 -1.28125
39.57 6.16691
39.67 14.2818
39.77 22.4885
39.87 29.9847
39.97 36.1444
40.07 40.681
40.17 43.81
40.27 45.6233
40.37 46.71
40.47 47.3618
40.57 47.4424
40.67 46.5871
40.77 44.7881
40.87 42.1913
40.97 38.5873
41.07 34.2299
41.17 29.5501
41.27 24.4559
41.37 18.7017
41.47 12.2705
41.57 5.32578
41.67 -2.13877
41.77 -9.71408
41.87 -16.9231
41.97 -23.2032
42.07 -28.0186
42.17 -31.3912
42.27 -34.0912
42.37 -37.0612
42.47 -40.7898
42.57 -44.6903
42.67 -47.746
42.77 -49.2751
42.87 -49.3355
42.97 -48.3862
43.07 -46.4665
43.17 -43.2495
43.27 -38.7148
43.37 -33.2129
43.47 -27.2168
43.57 -20.8708
43.67 -14.3253
43.77 -7.79759
43.87 -1.30583
43.97 4.96309
44.07 11.0166
44.17 17.0976
44.27 23.0933
44.37 28.6287
44.47 33.7409
44.57 38.3673
44.67 42.3016
44.77 45.0352
44.87 46.5082
44.97 46.582
45.07 45.7877
45.17 44.6351
45.27 43.1165
45.37 40.9929
45.47 37.8606
45.57 34.0588
45.67 29.8617
45.77 25.6544
45.87 21.1685
45.97 16.0842
46.07 10.6288
46.17 4.96343
46.27 -0.631103
46.37 -6.33358
46.47 -12.1647
46.57 -17.8941
46.67 -23.5069
46.77 -28.8195
46.87 -33.4672
46.97 -37.1895
47.07 -39.5865
47.17 -40.5362
47.27 -40.1942
47.37 -38.7346
47.47 -36.8666
47.57 -35.3705
47.67 -34.2904
47.77 -33.4998
47.87 -32.8015
47.97 -31.908
48.07 -30.3828
48.17 -28.2176
48.27 -24.6004
48.37 -19.3702
48.47 -13.3466
48.57 -7.50316
48.67 -2.40693
48.77 2.27337
48.87 7.17362
48.97 12.1566
49.07 17.0933
49.17 21.4648
49.27 25.3185
49.37 29.0032
49.47 32.4177
49.57 34.8969
49.67 36.1437
49.77 36.7068
49.87 36.8819
49.97 36.7104
50.07 36.2426
50.17 35.1506
50.27 33.4416
50.37 31.3285
50.47 29.0122
50.57 26.343
50.67 23.3453
50.77 19.779
50.87 15.7527
50.97 11.4449
51.07 7.0302
51.17 2.29029
51.27 -1.92198
51.37 -5.01103
51.47 -7.64802
51.57 -10.3646
51.67 -13.0066
51.77 -15.2514
51.87 -17.6174
51.97 -20.4923
52.07 -23.818
52.17 -26.9294
52.27 -29.3375
52.37 -30.9883
52.47 -32.4554
52.57 -33.7057
52.67 -34.5287
52.77 -34.8553
52.87 -34.2239
52.97 -32.3557
53.07 -29.7003
53.17 -26.7323
53.27 -23.4013
53.37 -19.353
53.47 -15.0564
53.57 -11.2054
53.67 -8.15678
53.77 -5.39404
53.87 -2.47284
53.97 0.908882
54.07 5.16109
54.17 9.95296
54.27 14.69
54.37 18.8485
54.47 21.837
54.57 23.9978
54.67 25.609
54.77 26.9382
54.87 27.8085
54.97 28.4943
55.07 29.3357
55.17 30.3388
55.27 31.0824
55.37 31.0133
55.47 30.2049
55.57 28.8779
55.67 27.2287
55.77 25.0088
55.87 22.0791
55.97 18.5191
56.07 14.6493
56.17 10.9809
56.27 7.8274
56.37 5.06915
56.47 2.30458
56.57 -0.631523
56.67 -3.62834
56.77 -6.49586
56.87 -9.60585
56.97 -13.1693
57.07 -16.8402
57.17 -20.1913
57.27 -22.8077
57.37 -24.6846
57.47 -25.9532
57.57 -26.7234
57.67 -27.1231
57.77 -27.1618
57.87 -26.6955
57.97 -25.7616
58.07 -24.5186
58.17 -22.8629
58.27 -20.9214
58.37 -19.0797
58.47 -17.587
58.57 -16.2756
58.67 -14.5826
58.77 -12.4869
58.87 -10.3838
58.97 -7.91868
59.07 -4.54765
59.17 -0.841692
59.27 2.41906
59.37 5.12765
59.47 7.67526
59.57 10.1141
59.67 12.6697
59.77 15.2599
59.87 17.4599
59.97 19.355
60.07 20.947
60.17 22.0389
60.27 22.5853
60.37 22.9013
60.47 22.8546
60.57 22.4117
60.67 21.9565
60.77 21.7381
60.87 21.1678
60.97 20.0693
61.07 18.318
61.17 16.3408
61.27 14.4274
61.37 12.5026
61.47 10.4736
61.57 7.84366
61.67 4.76208
61.77 1.78292
61.87 -0.813666
61.97 -2.75631
62.07 -3.89183
62.17 -4.5734
62.27 -5.34564
62.37 -6.30133
62.47 -7.405
62.57 -8.6618
62.67 -10.3057
62.77 -12.0823
62.87 -13.9411
62.97 -15.7373
63.07 -17.5353
63.17 -19.3518
63.27 -21.0757
63.37 -22.2667
63.47 -22.6538
63.57 -21.999
63.67 -20.8546
63.77 -19.0396
63.87 -16.3548
63.97 -13.487
64.07 -10.8579
64.17 -8.42425
64.27 -6.04077
64.37 -3.90271
64.47 -1.82867
64.57 0.29937
64.67 2.549
64.77 4.33505
64.87 5.50561
64.97 6.29939
65.07 7.00883
65.17 8.16193
65.27 9.50228
65.37 10.7143
65.47 11.704
65.57 12.6825
65.67 13.5861
65.77 14.2721
65.87 14.7607
65.97 14.9915
66.07 14.9064
66.17 14.6561
66.27 14.5923
66.37 14.6754
66.47 14.4637
66.57 14.0228
66.67 13.3152
66.77 12.0062
66.87 10.3418
66.97 8.8381
67.07 7.65489
67.17 6.62662
67.27 5.46099
67.37 3.82152
67.47 1.48834
67.57 -1.14185
67.67 -3.5373
67.77 -5.75623
67.87 -7.3498
67.97 -7.88204
68.07 -7.86506
68.17 -7.57774
68.27 -6.98956
68.37 -6.29018
68.47 -6.37905
68.57 -7.59494
68.67 -9.4372
68.77 -11.5746
68.87 -13.4366
68.97 -15.0588
69.07 -16.4378
69.17 -17.8838
69.27 -19.3817
69.37 -20.5029
69.47 -20.7339
69.57 -19.6431
69.67 -17.178
69.77 -13.4027
69.87 -8.1781
69.97 -1.95296
70.07 4.81134
70.17 11.3308
70.27 16.5827
70.37 19.8319
70.47 20.9404
70.57 19.8709
70.67 17.0705
70.77 13.0255
70.87 8.49665
70.97 3.93982
71.07 -0.125858
71.17 -3.02009
71.27 -4.70062
71.37 -5.0324
71.47 -3.90044
71.57 -1.70182
71.67 1.35678
71.77 4.36847
71.87 6.9349
71.97 8.91082
72.07 10.2099
72.17 10.3478
72.27 9.57602
72.37 8.3985
72.47 7.35355
72.57 6.95324
72.67 7.29392
72.77 8.15699
72.87 9.23035
72.97 10.0286
73.07 10.4186
73.17 10.1285
73.27 9.3572
73.37 8.32864
73.47 7.24391
73.57 6.19278
73.67 5.11681
73.77 3.68482
73.87 1.65177
73.97 -1.1606
74.07 -4.50392
74.17 -8.23122
74.27 -12.0474
74.37 -15.7761
74.47 -19.1575
74.57 -21.6022
74.67 -23.0011
74.77 -23.3963
74.87 -22.6532
74.97 -21.1554
75.07 -19.5688
75.17 -18.0412
75.27 -16.5252
75.37 -14.7269
75.47 -12.1404
75.57 -8.80882
75.67 -5.4906
75.77 -2.16175
75.87 0.930754
75.97 3.48958
76.07 5.7344
76.17 8.22673
76.27 11.0057
76.37 13.5593
76.47 15.6924
76.57 17.2354
76.67 18.4124
76.77 19.2263
76.87 19.2918
76.97 18.6864
77.07 17.5246
77.17 15.9323
77.27 14.0096
77.37 11.7815
77.47 9.60695
77.57 7.59821
77.67 5.75143
77.77 4.27314
77.87 3.22428
77.97 2.33167
78.07 1.48512
78.17 0.567095
78.27 -0.562804
78.37 -1.92095
78.47 -3.84431
78.57 -5.84933
78.67 -7.31931
78.77 -8.12037
78.87 -8.42162
78.97 -8.21628
79.07 -7.47232
79.17 -6.50614
79.27 -5.56386
79.37 -4.97528
79.47 -4.93913
79.57 -5.01376
79.67 -5.19565
79.77 -5.61904
79.87 -5.55574
79.97 -4.78133
80.07 -3.69573
80.17 -2.65137
80.27 -1.77234
80.37 -1.05319
80.47 -0.229405
80.57 0.339342
80.67 0.799789
80.77 0.996561
80.87 0.759219
80.97 0.586889
81.07 0.992778
81.17 1.81268
81.27 2.56584
81.37 3.00884
81.47 2.94073
81.57 2.73781
81.67 2.78644
81.77 3.00353
81.87 3.30989
81.97 3.34867
82.07 3.03552
82.17 2.40375
82.27 2.54477
82.37 2.67807
82.47 2.92974
82.57 3.09274
82.67 2.84801
82.77 2.76281
82.87 2.63662
82.97 1.92015
83.07 0.956979
83.17 -0.162822
83.27 -0.701842
83.37 -0.653595
83.47 -0.416942
83.57 -0.63798
83.67 -1.12334
83.77 -1.59835
83.87 -1.71087
83.97 -1.42486
84.07 -0.644238
84.17 0.854398
84.27 1.83213
84.37 2.73867
84.47 3.47377
84.57 4.11229
84.67 4.22927
84.77 3.51402
84.87 2.21131
84.97 0.85852
85.07 -0.251395
85.17 -0.914903
85.27 -1.39217
85.37 -1.62203
85.47 -1.5224
85.57 -1.01638
85.67 -0.273491
85.77 0.475378
85.87 0.811543
85.97 0.818357
86.07 0.303446
86.17 -0.203902
86.27 -0.659896
86.37 -1.03857
86.47 -1.24582
86.57 -1.49489
86.67 -1.69205
86.77 -1.70281
86.87 -1.26871
86.97 -0.728011
87.07 -0.418456
87.17 -0.235026
87.27 -0.0426592
87.37 0.39316
87.47 0.548094
87.57 -0.153878
87.67 -0.906624
87.77 -1.66236
87.87 -2.01075
87.97 -1.96369
88.07 -1.47428
88.17 -0.820098
88.27 -0.350503
88.37 0.086606
88.47 0.407729
88.57 0.775531
88.67 0.950013
88.77 0.920452
88.87 1.16558
88.97 1.43192
89.07 1.83011
89.17 2.19397
89.27 2.00834
89.37 1.46534
89.47 0.968685
89.57 0.689622
89.67 1.37292
89.77 2.09805
89.87 2.59977
89.97 2.87821
90.07 2.91016
90.17 2.94314
90.27 2.56479
90.37 1.73066
90.47 0.813539
90.57 0.291696
90.67 0.106051
90.77 0.445043
90.87 1.20692
90.97 2.28229
91.07 2.96116
91.17 2.78097
91.27 2.31118
91.37 1.64403
91.47 0.98387
91.57 0.22115
91.67 -0.250593
91.77 -1.06481
91.87 -1.91414
91.97 -2.30187
92.07 -2.42055
92.17 -2.58341
92.27 -2.81164
92.37 -2.93149
92.47 -2.83192
92.57 -2.37303
92.67 -1.64958
92.77 -1.47522
92.87 -1.6776
92.97 -2.21263
93.07 -2.43471
93.17 -2.30084
93.27 -2.06623
93.37 -1.41366
93.47 -0.467163
93.57 0.48974
93.67 1.19376
93.77 1.59591
93.87 1.48289
93.97 1.00107
94.07 0.105373
94.17 -0.39572
94.27 -0.400233
94.37 -0.442668
94.47 -0.443603
94.57 -0.309895
94.67 0.051271
94.77 0.676653
94.87 1.47918
94.97 1.94005
95.07 1.98155
95.17 1.65243
95.27 1.26116
95.37 0.619267
95.47 0.414305
95.57 0.486386
95.67 0.842901
95.77 1.20298
95.87 1.86276
95.97 3.01944
96.07 3.64034
96.17 4.16837
96.27 4.17077
96.37 3.93028
96.47 3.25132
96.57 2.57893
96.67 1.61422
96.77 0.900234
96.87 0.0734724
96.97 -0.442474
97.07 -1.12764
97.17 -1.28856
97.27 -1.30401
97.37 -1.2381
97.47 -1.26674
97.57 -1.33238
97.67 -1.37357
97.77 -1.1844
97.87 -0.757791
97.97 0.149467
98.07 0.747966
98.17 0.580865
98.27 0.158608
98.37 -0.474811
98.47 -1.01564
98.57 -1.27097
98.67 -1.51169
98.77 -1.593
98.87 -1.6263
98.97 -1.32501
99.07 -0.774696
99.17 -0.0829125
99.27 0.543243
99.37 0.746542
99.47 0.955121
99.57 1.04168
99.67 0.883226
99.77 0.452375
99.87 -0.406114
99.97 -1.1949
100.07 -1.28855
100.17 -0.834639
100.27 -0.214042
100.37 0.463571
100.47 1.01909
100.57 1.02202
100.67 1.2159
100.77 1.65512
100.87 1.83063
100.97 1.89692
101.07 1.61167
101.17 1.49313
101.27 1.52227
101.37 1.80439
101.47 2.17601
101.57 2.30154
101.67 2.01576
101.77 1.48718
