-2.62 1.12281
-2.52309 1.98154
-2.42619 2.54216
-2.32928 2.75682
-2.23238 2.51768
-2.13547 2.05993
-2.03857 1.299
-1.94166 0.507293
-1.84476 -0.16173
-1.74785 -0.514758
-1.65095 -0.870963
-1.55404 -0.711263
-1.45714 -0.159753
-1.36023 0.42676
-1.26333 0.981926
-1.16642 1.42898
-1.06952 1.71853
-0.972614 1.82085
-0.875709 1.72146
-0.778804 1.22711
-0.681899 0.772714
-0.584994 0.240593
-0.488089 -0.324975
-0.391184 -0.78674
-0.294279 -1.23255
-0.197374 -1.42929
-0.100469 -1.3715
-0.0035637 -1.27433
0.0933413 -0.971994
0.190246 -0.817413
0.287151 -0.377609
0.384056 0.204122
0.480962 0.394244
0.577867 0.407201
0.674772 0.0733214
0.771677 -0.426002
0.868582 -0.932603
0.965487 -1.19749
1.06239 -0.991682
1.1593 -0.158112
1.2562 0.924035
1.35311 2.27337
1.45001 3.49342
1.54692 4.13474
1.64382 4.00004
1.74073 3.1859
1.83763 1.94845
1.93454 0.710972
2.03144 -0.127773
2.12835 -0.345934
2.22525 0.0580069
2.32216 0.812925
2.41906 1.48047
2.51597 1.81254
2.61287 0.988365
2.70978 0.0110265
2.80668 -0.894424
2.90359 -1.52232
3.00049 -1.99496
3.0974 -2.07117
3.1943 -1.94115
3.29121 -1.67375
3.38811 -1.30541
3.48502 -0.890127
3.58192 -0.412517
3.67883 0.0904929
3.77573 0.637684
3.87264 1.41517
3.96954 2.03262
4.06645 2.28644
4.16335 2.07156
4.26026 1.71742
4.35716 1.00703
4.45407 0.360114
4.55097 0.00852862
4.64788 0.0553699
4.74478 0.43757
4.84169 0.960156
4.93859 1.32619
5.0355 1.49077
5.1324 1.24114
5.22931 0.73716
5.32621 0.127855
5.42312 -0.53457
5.52002 -0.910975
5.61693 -1.13345
5.71383 -0.725119
5.81074 0.0588248
5.90764 1.04493
6.00455 2.01281
6.10145 2.74978
6.19836 3.10064
6.29526 3.00229
6.39217 2.49596
6.48907 1.78583
6.58598 0.847056
6.68288 0.141848
6.77979 -0.460279
6.87669 -0.691448
6.9736 -0.69736
7.0705 -0.171101
7.16741 0.36549
7.26431 0.672273
7.36122 0.521213
7.45812 0.0591009
7.55503 -0.571598
7.65194 -1.41442
7.74884 -2.07276
7.84575 -2.47097
7.94265 -2.18594
8.03956 -1.41913
8.13646 -0.298995
8.23337 0.898479
8.33027 2.06671
8.42718 3.02778
8.52408 3.63103
8.62099 3.7476
8.71789 3.53947
8.8148 3.21243
8.9117 2.84701
9.00861 1.73938
9.10551 0.606067
9.20242 -0.303644
9.29932 -0.832746
9.39623 -0.875481
9.49313 -0.494882
9.59004 0.126407
9.68694 0.737473
9.78385 1.10036
9.88075 1.0708
9.97766 0.69224
10.0746 -0.000863984
10.1715 -0.651511
10.2684 -1.09924
10.3653 -1.20397
10.4622 -0.906425
10.5591 -0.215461
10.656 0.502957
10.7529 0.938866
10.8498 0.885686
10.9467 0.327192
11.0436 -0.550351
11.1405 -1.1703
11.2374 -1.7493
11.3343 -2.01879
11.4312 -1.30793
11.5281 -0.200712
11.625 1.05834
11.7219 2.17805
11.8189 2.98804
11.9158 3.23018
12.0127 3.44745
12.1096 3.50995
12.2065 3.4407
12.3034 3.36403
12.4003 3.17441
12.4972 2.84904
12.5941 2.42768
12.691 1.42414
12.7879 1.19482
12.8848 1.14785
12.9817 1.16472
13.0786 1.05028
13.1755 0.639219
13.2724 -0.0934951
13.3693 -0.781697
13.4662 -1.46487
13.5631 -1.73558
13.66 -1.45859
13.757 -0.726965
13.8539 0.16141
13.9508 0.834196
14.0477 1.02179
14.1446 0.692105
14.2415 0.0709463
14.3384 -0.467312
14.4353 -0.586934
14.5322 -0.161928
14.6291 0.656633
14.726 1.51242
14.8229 2.01878
14.9198 1.94786
15.0167 1.3389
15.1136 0.473569
15.2105 -0.264666
15.3074 -0.571644
15.4043 -0.352213
15.5012 0.261761
15.5981 1.00362
15.6951 1.61599
15.792 1.96638
15.8889 2.0771
15.9858 2.06466
16.0827 2.03497
16.1796 2.00197
16.2765 1.87775
16.3734 1.53665
16.4703 0.910541
16.5672 0.0549966
16.6641 -0.855068
16.761 -1.5987
16.8579 -2.00878
16.9548 -2.04142
17.0517 -1.77694
17.1486 -1.3556
17.2455 -0.888969
17.3424 -0.400303
17.4393 0.171809
17.5362 0.91097
17.6332 1.84079
17.7301 2.87278
17.827 3.81556
17.9239 4.4412
18.0208 4.57368
18.1177 4.15516
18.2146 3.26232
18.3115 2.07381
18.4084 0.813585
18.5053 -0.301144
18.6022 -1.09267
18.6991 -1.44147
18.796 -1.30562
18.8929 -0.746903
18.9898 0.0500326
19.0867 0.793377
19.1836 1.15594
19.2805 0.894925
19.3774 -0.0251884
19.4744 -1.37134
19.5713 -2.6918
19.6682 -3.47751
19.7651 -3.375
19.862 -2.35355
19.9589 -0.739325
20.0558 0.911515
20.1527 2.04959
20.2496 2.36885
20.3465 1.92881
20.4434 1.10347
20.5403 0.386175
20.6372 0.152285
20.7341 0.500857
20.831 1.25032
20.9279 2.07749
21.0248 2.71185
21.1217 3.07131
21.2186 3.26516
21.3155 3.47212
21.4125 3.77662
21.5094 4.07214
21.6063 4.09917
21.7032 3.60238
21.8001 2.51533
21.897 1.05709
21.9939 -0.328987
22.0908 -1.17507
22.1877 -1.22461
22.2846 -0.574675
22.3815 0.358589
22.4784 1.03993
22.5753 1.07785
22.6722 0.412688
22.7691 -0.667246
22.866 -1.68507
22.9629 -2.21993
23.0598 -2.10462
23.1567 -1.4765
23.2536 -0.667967
23.3506 -0.0114906
23.4475 0.324807
23.5444 0.383525
23.6413 0.336202
23.7382 0.341218
23.8351 0.440267
23.932 0.55915
24.0289 0.604064
24.1258 0.577249
24.2227 0.619908
24.3196 0.937434
24.4165 1.64349
24.5134 2.62314
24.6103 3.51762
24.7072 3.86783
24.8041 3.3561
24.901 2.01549
24.9979 0.278278
25.0948 -1.18412
25.1917 -1.76222
25.2887 -1.19843
25.3856 0.288373
25.4825 2.11219
25.5794 3.60483
25.6763 4.32125
25.7732 4.20056
25.8701 3.50283
25.967 2.57244
26.0639 1.58073
26.1608 0.41191
26.2577 -1.23007
26.3546 -3.55139
26.4515 -6.39771
26.5484 -9.15712
26.6453 -10.9191
26.7422 -10.8292
26.8391 -8.46557
26.936 -4.04669
27.0329 1.63003
27.1298 7.47771
27.2268 12.4794
27.3237 15.9402
27.4206 17.5359
27.5175 17.1948
27.6144 14.9466
27.7113 10.8749
27.8082 5.21916
27.9051 -1.45883
28.002 -8.20222
28.0989 -13.8064
28.1958 -17.1814
28.2927 -17.7715
28.3896 -15.8004
28.4865 -12.1718
28.5834 -8.03589
28.6803 -4.22908
28.7772 -0.892205
28.8741 2.50047
28.971 6.68829
29.068 11.9807
29.1649 17.7881
29.2618 22.6209
29.3587 24.599
29.4556 22.2246
29.5525 15.0049
29.6494 3.58658
29.7463 -10.6489
29.8432 -26.2398
29.9401 -42.0697
30.037 -57.1968
30.1339 -70.096
30.2308 -77.7901
30.3277 -75.6068
30.4246 -58.1628
30.5215 -21.624
30.6184 33.459
30.7153 100.005
30.8122 164.266
30.9091 208.409
31.0061 215.467
31.103 175.187
31.1999 88.6577
31.2968 -30.2289
31.3937 -157.417
31.4906 -264.902
31.5875 -328.604
31.6844 -335.278
31.7813 -286.11
31.8782 -195.8
31.9751 -87.5507
32.072 14.2198
32.1689 90.8778
32.2658 134.005
32.3627 146.023
32.4596 137.216
32.5565 120.625
32.6534 106.858
32.7503 100.692
32.8472 100.461
32.9442 100.055
33.0411 92.435
33.138 73.0685
33.2349 41.9485
33.3318 3.52881
33.4287 -35.1748
33.5256 -67.3595
33.6225 -88.8588
33.7194 -99.2429
33.8163 -101.259
33.9132 -99.0125
34.0101 -95.8104
34.107 -92.6685
34.2039 -88.1393
34.3008 -79.4631
34.3977 -64.4255
34.4946 -42.9754
34.5915 -17.7755
34.6884 6.62536
34.7853 25.6416
34.8823 36.6549
34.9792 40.2052
35.0761 39.7591
35.173 40.1106
35.2699 45.1211
35.3668 55.8349
35.4637 69.8524
35.5606 82.268
35.6575 87.7532
35.7544 82.8418
35.8513 67.3849
35.9482 44.5491
36.0451 19.4151
36.142 -3.12727
36.2389 -20.1985
36.3358 -31.6671
36.4327 -39.5619
36.5296 -46.5621
36.6265 -54.373
36.7234 -62.792
36.8204 -69.8668
36.9173 -72.9773
37.0142 -70.2279
37.1111 -61.4285
37.208 -48.2051
37.3049 -33.2554
37.4018 -19.1938
37.4987 -7.59438
37.5956 1.31985
37.6925 8.27714
37.7894 14.161
37.8863 19.3143
37.9832 23.3334
38.0801 25.4307
38.177 25.1076
38.2739 22.7087
38.3708 19.5048
38.4677 17.2296
38.5646 17.3018
38.6616 20.1422
38.7585 24.941
38.8554 29.9934
38.9523 33.4282
39.0492 33.9671
39.1461 31.3678
39.243 26.3852
39.3399 20.3392
39.4368 14.5463
39.5337 9.89138
39.6306 6.68198
39.7275 4.74805
39.8244 3.62602
39.9213 2.67405
40.0182 1.07862
40.1151 -2.15353
40.212 -8.06791
40.3089 -17.4186
40.4058 -30.186
40.5027 -45.1841
40.5997 -60.0199
40.6966 -71.5526
40.7935 -76.7686
40.8904 -73.7708
40.9873 -62.4823
41.0842 -44.7596
41.1811 -23.8523
41.278 -3.42434
41.3749 13.4721
41.4718 25.085
41.5687 31.1118
41.6656 32.359
41.7625 30.1654
41.8594 25.8919
41.9563 20.6725
42.0532 15.4347
42.1501 11.0346
42.247 8.30884
42.3439 7.93522
42.4408 10.1517
42.5378 14.5117
42.6347 19.8702
42.7316 24.6884
42.8285 27.5684
42.9254 27.7892
43.0223 25.5857
43.1192 22.0238
43.2161 18.5125
43.313 16.1715
43.4099 15.342
43.5068 15.4607
43.6037 15.3421
43.7006 13.7253
43.7975 9.82738
43.8944 3.66193
43.9913 -3.99862
44.0882 -11.9641
44.1851 -19.0921
44.282 -24.6651
44.3789 -28.5333
44.4759 -31.0045
44.5728 -32.5753
44.6697 -33.6525
44.7666 -34.3895
44.8635 -34.6827
44.9604 -34.2931
45.0573 -33.0038
45.1542 -30.7324
45.2511 -27.555
45.348 -23.654
45.4449 -19.2351
45.5418 -14.4619
45.6387 -9.43558
45.7356 -4.21601
45.8325 1.13607
45.9294 6.52121
46.0263 11.7823
46.1232 16.7077
46.2201 21.0514
46.317 24.5666
46.414 27.048
46.5109 28.3768
46.6078 28.5572
46.7047 27.7273
46.8016 26.1333
46.8985 24.0677
46.9954 21.7915
47.0923 19.4725
47.1892 17.1691
47.2861 14.8683
47.383 12.5583
47.4799 10.2958
47.5768 8.22593
47.6737 6.53801
47.7706 5.37341
47.8675 4.73367
47.9644 4.44127
48.0613 4.18329
48.1582 3.62626
48.2552 2.55198
48.3521 0.948777
48.449 -0.988472
48.5459 -2.95304
48.6428 -4.67221
48.7397 -6.03439
48.8366 -7.13622
48.9335 -8.22741
49.0304 -9.58169
49.1273 -11.3581
49.2242 -13.5205
49.3211 -15.8532
49.418 -18.0605
49.5149 -19.8989
49.6118 -21.2713
49.7087 -22.2363
49.8056 -22.9279
49.9025 -23.4267
49.9994 -23.6521
50.0963 -23.3348
50.1933 -22.0949
50.2902 -19.598
50.3871 -15.7263
50.484 -10.6866
50.5809 -5.00237
50.6778 0.616084
50.7747 5.4807
50.8716 9.13554
50.9685 11.4878
51.0654 12.8098
51.1623 13.6127
51.2592 14.4415
51.3561 15.6727
51.453 17.3925
51.5499 19.3981
51.6468 21.3166
51.7437 22.7838
51.8406 23.6041
51.9375 23.82
52.0344 23.6633
52.1314 23.4117
52.2283 23.2195
52.3252 23.0033
52.4221 22.4419
52.519 21.0963
52.6159 18.6007
52.7128 14.8424
52.8097 10.0476
52.9066 4.73212
53.0035 -0.463482
53.1004 -4.98751
53.1973 -8.54742
53.2942 -11.1685
53.3911 -13.1225
53.488 -14.7663
53.5849 -16.3667
53.6818 -17.9904
53.7787 -19.4993
53.8756 -20.6427
53.9725 -21.1909
54.0695 -21.0422
54.1664 -20.256
54.2633 -19.0053
54.3602 -17.4831
54.4571 -15.8192
54.554 -14.0499
54.6509 -12.1512
54.7478 -10.1093
54.8447 -7.97987
54.9416 -5.89948
55.0385 -4.03707
55.1354 -2.51352
55.2323 -1.33507
55.3292 -0.38186
55.4261 0.537221
55.523 1.58907
55.6199 2.83036
55.7168 4.17879
55.8137 5.46028
55.9106 6.51076
56.0076 7.27977
56.1045 7.87936
56.2014 8.54669
56.2983 9.53215
56.3952 10.9637
56.4921 12.7525
56.589 14.5895
56.6859 16.0378
56.7828 16.6855
56.8797 16.2922
56.9766 14.8686
57.0735 12.6613
57.1704 10.0551
57.2673 7.44366
57.3642 5.12319
57.4611 3.24879
57.558 1.85485
57.6549 0.911679
57.7518 0.377266
57.8487 0.214801
57.9457 0.373376
58.0426 0.754764
58.1395 1.19865
58.2364 1.50694
58.3333 1.50245
58.4302 1.0935
58.5271 0.308618
58.624 -0.720281
58.7209 -1.8201
58.8178 -2.85188
58.9147 -3.75867
59.0116 -4.56014
59.1085 -5.29918
59.2054 -5.97468
59.3023 -6.50532
59.3992 -6.75324
59.4961 -6.60168
59.593 -6.04588
59.6899 -5.24245
59.7869 -4.47887
59.8838 -4.06549
59.9807 -4.19645
60.0776 -4.84896
60.1745 -5.77751
60.2714 -6.61487
60.3683 -7.03675
60.4652 -6.91104
60.5621 -6.35518
60.659 -5.66891
60.7559 -5.17237
60.8528 -5.03007
60.9497 -5.15231
61.0466 -5.22893
61.1435 -4.88373
61.2404 -3.87425
61.3373 -2.23453
61.4342 -0.283174
61.5311 1.51479
61.628 2.76973
61.725 3.36479
61.8219 3.52891
61.9188 3.74374
62.0157 4.52323
62.1126 6.16767
62.2095 8.60781
62.3064 11.4126
62.4033 13.957
62.5002 15.6708
62.5971 16.2556
62.694 15.7732
62.7909 14.576
62.8878 13.1211
62.9847 11.7644
63.0816 10.6299
63.1785 9.60776
63.2754 8.46835
63.3723 7.02373
63.4692 5.25166
63.5661 3.32235
63.6631 1.5212
63.76 0.113045
63.8569 -0.780811
63.9538 -1.23321
64.0507 -1.46955
64.1476 -1.76075
64.2445 -2.30683
64.3414 -3.16644
64.4383 -4.26005
64.5352 -5.43546
64.6321 -6.55534
64.729 -7.55939
64.8259 -8.47165
64.9228 -9.35407
65.0197 -10.2352
65.1166 -11.0541
65.2135 -11.651
65.3104 -11.812
65.4073 -11.3506
65.5042 -10.1903
65.6012 -8.41536
65.6981 -6.26716
65.795 -4.08756
65.8919 -2.22769
65.9888 -0.952474
66.0857 -0.370098
66.1826 -0.406087
66.2795 -0.827395
66.3764 -1.30769
66.4733 -1.51456
66.5702 -1.19454
66.6671 -0.233795
66.764 1.32078
66.8609 3.28363
66.9578 5.38741
67.0547 7.35649
67.1516 8.97444
67.2485 10.1264
67.3454 10.8062
67.4423 11.0913
67.5393 11.0979
67.6362 10.9361
67.7331 10.6807
67.83 10.3642
67.9269 9.99091
68.0238 9.55809
68.1207 9.07225
68.2176 8.55009
68.3145 8.00436
68.4114 7.42315
68.5083 6.75636
68.6052 5.92078
68.7021 4.82691
68.799 3.41996
68.8959 1.7181
68.9928 -0.170251
69.0897 -2.06208
69.1866 -3.74731
69.2835 -5.05276
69.3805 -5.89811
69.4774 -6.32063
69.5743 -6.45659
69.6712 -6.48517
69.7681 -6.55714
69.865 -6.73753
69.9619 -6.98634
70.0588 -7.18449
70.1557 -7.19215
70.2526 -6.91249
70.3495 -6.33225
70.4464 -5.52301
70.5433 -4.6063
70.6402 -3.70298
70.7371 -2.89328
70.834 -2.20537
70.9309 -1.63342
71.0278 -1.16877
71.1247 -0.821559
71.2216 -0.617298
71.3186 -0.569992
71.4155 -0.650024
71.5124 -0.770794
71.6093 -0.808786
71.7062 -0.651813
71.8031 -0.25105
71.9 0.354002
71.9969 1.05697
72.0938 1.74719
72.1907 2.38338
72.2876 3.0378
72.3845 3.88135
72.4814 5.10833
72.5783 6.83137
72.6752 8.99501
72.7721 11.3507
72.869 13.5084
72.9659 15.045
73.0628 15.6238
73.1597 15.0775
73.2567 13.4267
73.3536 10.84
73.4505 7.56463
73.5474 3.86656
73.6443 0.00157542
73.7412 -3.78345
73.8381 -7.24093
73.935 -10.1287
74.0319 -12.2416
74.1288 -13.4547
74.2257 -13.7537
74.3226 -13.2269
74.4195 -12.02
74.5164 -10.2732
74.6133 -8.07934
74.7102 -5.48783
74.8071 -2.55435
74.904 0.592816
75.0009 3.71487
75.0978 6.48555
75.1948 8.57486
75.2917 9.7576
75.3886 9.99224
75.4855 9.42783
75.5824 8.33339
75.6793 6.98574
75.7762 5.57456
75.8731 4.17273
75.97 2.78172
76.0669 1.41666
76.1638 0.170872
76.2607 -0.788582
76.3576 -1.30106
76.4545 -1.3247
76.5514 -1.01056
76.6483 -0.681804
76.7452 -0.710507
76.8421 -1.34448
76.939 -2.57157
77.0359 -4.09789
77.1329 -5.46155
77.2298 -6.23299
77.3267 -6.20465
77.4236 -5.47461
77.5205 -4.38158
77.6174 -3.32575
77.7143 -2.56942
77.8112 -2.12166
77.9081 -1.7652
78.005 -1.20672
78.1019 -0.265013
78.1988 1.00791
78.2957 2.33977
78.3926 3.37709
78.4895 3.87279
78.5864 3.81765
78.6833 3.44296
78.7802 3.09324
78.8771 3.04013
78.9741 3.34115
79.071 3.82114
79.1679 4.18568
79.2648 4.20162
79.3617 3.8419
79.4586 3.3114
79.5555 2.93596
79.6524 2.9732
79.7493 3.44786
79.8462 4.10349
79.9431 4.50182
80.04 4.22415
80.1369 3.0766
80.2338 1.19971
80.3307 -0.967882
80.4276 -2.85095
80.5245 -3.9469
80.6214 -3.99114
80.7183 -3.01815
80.8152 -1.31306
80.9122 0.703413
81.0091 2.5963
81.106 4.00077
81.2029 4.66092
81.2998 4.44281
81.3967 3.3461
81.4936 1.52051
81.5905 -0.731142
81.6874 -2.9917
81.7843 -4.82334
81.8812 -6.3336
81.9781 -6.51144
82.075 -5.88624
82.1719 -5.21016
82.2688 -4.07893
82.3657 -3.34489
82.4626 -2.80013
82.5595 -2.37131
82.6564 -1.80808
82.7533 -0.901781
82.8503 0.397429
82.9472 1.95231
83.0441 3.45081
83.141 4.9029
83.2379 6.00728
83.3348 6.775
83.4317 7.19531
83.5286 7.38211
83.6255 7.35283
83.7224 7.01102
83.8193 6.22303
83.9162 4.91703
84.0131 2.91016
84.11 1.23928
84.2069 -0.458533
84.3038 -1.76925
84.4007 -2.04753
84.4976 -2.4368
84.5945 -2.59791
84.6914 -2.88167
84.7884 -3.13123
84.8853 -3.40174
84.9822 -3.49856
85.0791 -3.17887
85.176 -2.85122
85.2729 -2.18985
85.3698 -1.25564
85.4667 -0.165694
85.5636 0.942239
85.6605 2.14086
85.7574 3.45439
85.8543 4.84417
85.9512 6.02089
86.0481 7.08453
86.145 8.10533
86.2419 8.01991
86.3388 7.15311
86.4357 5.47575
86.5326 3.29602
86.6295 0.588958
86.7265 -1.88657
86.8234 -3.75765
86.9203 -4.99851
87.0172 -5.40966
87.1141 -5.13062
87.211 -3.79988
87.3079 -2.12335
87.4048 -0.254385
87.5017 1.61363
87.5986 2.57584
87.6955 2.51013
87.7924 1.2893
87.8893 -0.445653
87.9862 -2.4962
88.0831 -4.01611
88.18 -4.65352
88.2769 -4.36412
88.3738 -2.8238
88.4707 -0.70456
88.5677 1.08042
88.6646 2.35358
88.7615 3.05525
88.8584 2.96396
88.9553 2.61083
89.0522 2.20227
89.1491 1.90628
89.246 1.58593
89.3429 2.10569
89.4398 2.7014
89.5367 2.97061
89.6336 2.8982
89.7305 2.43977
89.8274 1.69062
89.9243 0.25005
90.0212 -0.789905
90.1181 -1.78004
90.215 -2.10636
90.3119 -2.23877
90.4088 -2.13512
90.5058 -1.92134
90.6027 -1.6487
90.6996 -1.42803
90.7965 -1.21813
90.8934 -1.03804
90.9903 -1.20869
91.0872 -1.05926
91.1841 -0.758057
91.281 -0.730281
91.3779 -0.820378
91.4748 -1.03168
91.5717 -1.29482
91.6686 -1.32087
91.7655 -1.26525
91.8624 -0.801422
91.9593 0.153325
92.0562 1.53735
92.1531 3.13182
92.25 4.60931
92.3469 5.6319
92.4439 5.96349
92.5408 5.55126
92.6377 4.54236
92.7346 3.22893
92.8315 2.19367
92.9284 0.82156
93.0253 0.235777
93.1222 0.469176
93.2191 0.599693
93.316 0.861411
93.4129 1.18629
93.5098 1.5479
93.6067 1.91847
93.7036 2.22209
93.8005 1.98254
93.8974 1.67801
93.9943 0.986344
94.0912 -0.100819
94.1881 -1.45127
94.285 -2.80527
94.382 -3.84894
94.4789 -4.32078
94.5758 -4.10665
94.6727 -3.28316
94.7696 -2.08205
94.8665 -0.858897
94.9634 0.129589
95.0603 0.682871
95.1572 0.742145
95.2541 0.37784
95.351 -0.322251
95.4479 -1.13399
95.5448 -2.02542
95.6417 -2.31127
95.7386 -2.59447
95.8355 -2.58059
95.9324 -2.41196
96.0293 -1.72018
96.1262 -0.78805
96.2231 0.261991
96.3201 1.06387
96.417 1.53262
96.5139 1.62188
