-5.93 -0.584665
-5.8346 0.162348
-5.73919 0.639948
-5.64379 0.999828
-5.54839 1.24011
-5.45299 1.01756
-5.35758 0.503968
-5.26218 0.359997
-5.16678 0.0375925
-5.07138 -0.271979
-4.97597 -0.188918
-4.88057 -0.324599
-4.78517 -0.582016
-4.68977 -0.72678
-4.59436 -0.686177
-4.49896 -0.447347
-4.40356 -0.272021
-4.30816 -0.0746315
-4.21275 0.174281
-4.11735 0.574533
-4.02195 0.532135
-3.92654 0.468217
-3.83114 0.421287
-3.73574 0.437965
-3.64034 0.629103
-3.54493 1.14149
-3.44953 1.51908
-3.35413 1.84433
-3.25873 1.97747
-3.16332 1.99865
-3.06792 1.73002
-2.97252 1.73317
-2.87712 1.47836
-2.78171 1.1664
-2.68631 0.855903
-2.59091 0.30291
-2.4955 -0.0811052
-2.4001 -0.686321
-2.3047 -1.24696
-2.2093 -1.71186
-2.11389 -1.99278
-2.01849 -2.04302
-1.92309 -1.87424
-1.82769 -1.5487
-1.73228 -1.28374
-1.63688 -0.941575
-1.54148 -0.622048
-1.44608 -0.377821
-1.35067 -0.0687987
-1.25527 0.199114
-1.15987 0.449637
-1.06447 0.660962
-0.969062 0.940637
-0.87366 1.33694
-0.778257 1.21901
-0.682855 1.08638
-0.587452 0.898013
-0.492049 0.731675
-0.396647 0.77521
-0.301244 0.827504
-0.205841 1.11697
-0.110439 1.33586
-0.0150361 1.85806
0.0803666 2.3615
0.175769 2.66352
0.271172 2.45488
0.366575 1.5977
0.461977 0.883485
0.55738 0.133385
0.652782 -0.458397
0.748185 -0.826491
0.843588 -0.827993
0.93899 -0.586522
1.03439 -0.257066
1.1298 -0.000187769
1.2252 0.0853199
1.3206 -0.00474575
1.416 -0.194613
1.51141 -0.378719
1.60681 -0.477983
1.70221 -0.471811
1.79761 -0.39137
1.89302 -0.283077
1.98842 -0.168472
2.08382 -0.0276648
2.17922 -0.205014
2.27463 0.16517
2.37003 0.655534
2.46543 1.12648
2.56084 1.09511
2.65624 1.05035
2.75164 0.780796
2.84704 0.387964
2.94245 0.203747
3.03785 0.306596
3.13325 0.71252
3.22865 1.28553
3.32406 1.79705
3.41946 2.0346
3.51486 1.90406
3.61026 1.10142
3.70567 0.573382
3.80107 0.204478
3.89647 -0.0351724
3.99188 0.243529
4.08728 0.603141
4.18268 0.719632
4.27808 0.673958
4.37349 0.433874
4.46889 0.256753
4.56429 0.36243
4.65969 0.86988
4.7551 1.68794
4.8505 2.25551
4.9459 2.75438
5.0413 2.72326
5.13671 2.13599
5.23211 1.14037
5.32751 0.0427787
5.42291 -0.609448
5.51832 -1.11083
5.61372 -1.28002
5.70912 -1.63416
5.80453 -2.09815
5.89993 -1.87649
5.99533 -1.15891
6.09073 -0.268016
6.18614 0.915129
6.28154 2.14359
6.37694 3.48793
6.47234 4.15752
6.56775 4.28713
6.66315 3.46558
6.75855 2.06494
6.85395 0.509001
6.94936 -0.648821
7.04476 -1.37072
7.14016 -1.3819
7.23556 -0.81613
7.33097 0.00373706
7.42637 0.737891
7.52177 1.1625
7.61718 1.22726
7.71258 1.02306
7.80798 0.754796
7.90338 0.321424
7.99879 -0.122061
8.09419 -0.579889
8.18959 -1.04185
8.28499 -1.38906
8.3804 -1.57809
8.4758 -1.50585
8.5712 -0.957386
8.6666 -0.150469
8.76201 0.890909
8.85741 1.55875
8.95281 1.81769
9.04822 1.70955
9.14362 0.960394
9.23902 0.440097
9.33442 0.364562
9.42983 0.463899
9.52523 0.498372
9.62063 0.854162
9.71603 1.12273
9.81144 1.45841
9.90684 1.74445
10.0022 2.08292
10.0976 2.5509
10.193 3.11468
10.2884 3.6029
10.3839 3.75922
10.4793 3.35171
10.5747 2.2859
10.6701 0.666912
10.7655 -1.21807
10.8609 -2.98602
10.9563 -4.27203
11.0517 -4.82332
11.1471 -4.54375
11.2425 -3.48841
11.3379 -1.83034
11.4333 0.174858
11.5287 2.21558
11.6241 3.95029
11.7195 5.05099
11.8149 5.27248
11.9103 4.53265
12.0057 2.96845
12.1011 0.929344
12.1965 -1.10788
12.2919 -2.68144
12.3873 -3.4896
12.4827 -3.47592
12.5781 -2.81613
12.6735 -1.81426
12.7689 -0.760044
12.8643 0.182036
12.9597 0.999879
13.0551 1.77123
13.1505 2.55454
13.2459 3.30112
13.3413 3.8433
13.4367 3.96872
13.5321 3.5404
13.6275 2.59378
13.7229 1.35235
13.8183 0.146806
13.9138 -0.723936
14.0092 -1.11964
14.1046 -1.10879
14.2 -0.918435
14.2954 -0.813235
14.3908 -0.968985
14.4862 -1.4042
14.5816 -1.99762
14.677 -2.57014
14.7724 -2.97661
14.8678 -3.15349
14.9632 -3.10197
15.0586 -2.8302
15.154 -2.30529
15.2494 -1.45849
15.3448 -0.2494
15.4402 1.24973
15.5356 2.81084
15.631 4.09347
15.7264 4.77162
15.8218 4.68741
15.9172 3.94905
16.0126 2.91037
16.108 2.02794
16.2034 1.65828
16.2988 1.89474
16.3942 2.52825
16.4896 3.15442
16.585 3.37352
16.6804 2.98076
16.7758 2.05087
16.8712 0.878219
16.9666 -0.187266
17.062 -0.913838
17.1574 -1.27561
17.2528 -1.4119
17.3482 -1.4924
17.4436 -1.57726
17.5391 -1.56242
17.6345 -1.24721
17.7299 -0.483875
17.8253 0.684962
17.9207 1.99293
18.0161 3.05274
18.1115 3.54419
18.2069 3.37918
18.3023 2.74104
18.3977 1.96421
18.4931 1.31534
18.5885 0.802612
18.6839 0.135049
18.7793 -1.12457
18.8747 -3.28044
18.9701 -6.2464
19.0655 -9.46123
19.1609 -12.0436
19.2563 -13.1273
19.3517 -12.2152
19.4471 -9.37509
19.5425 -5.17855
19.6379 -0.421871
19.7333 4.21538
19.8287 8.38692
19.9241 12.0587
20.0195 15.2792
20.1149 17.8972
20.2103 19.4237
20.3057 19.1559
20.4011 16.527
20.4965 11.4991
20.5919 4.76607
20.6873 -2.38421
20.7827 -8.52053
20.8781 -12.6253
20.9735 -14.4722
21.0689 -14.6142
21.1644 -13.9687
21.2598 -13.2075
21.3552 -12.2782
21.4506 -10.3381
21.546 -6.17716
21.6414 1.04674
21.7368 11.1132
21.8322 22.4357
21.9276 32.3222
22.023 37.7059
22.1184 36.0442
22.2138 26.0332
22.3092 7.92043
22.4046 -16.5744
22.5 -44.5329
22.5954 -72.0859
22.6908 -94.5626
22.7862 -106.704
22.8816 -103.246
22.977 -80.0918
23.0724 -36.0118
23.1678 25.6694
23.2632 96.1843
23.3586 162.018
23.454 207.503
23.5494 218.881
23.6448 188.677
23.7402 118.835
23.8356 21.2845
23.931 -84.5861
24.0264 -176.976
24.1218 -237.684
24.2172 -257.076
24.3126 -236.33
24.408 -186.221
24.5034 -122.991
24.5988 -62.8434
24.6942 -17.0752
24.7897 10.5515
24.8851 23.4936
24.9805 29.6393
25.0759 37.3782
25.1713 52.1404
25.2667 74.6334
25.3621 101.185
25.4575 125.721
25.5529 142.321
25.6483 147.25
25.7437 139.747
25.8391 121.511
25.9345 95.4068
26.0299 64.1611
26.1253 29.6744
26.2207 -6.82015
26.3161 -44.0171
26.4115 -79.7688
26.5069 -110.831
26.6023 -133.385
26.6977 -144.168
26.7931 -141.737
26.8885 -127.262
26.9839 -104.428
27.0793 -78.4353
27.1747 -54.4058
27.2701 -35.8315
27.3655 -23.6276
27.4609 -16.1419
27.5563 -10.0772
27.6517 -1.93921
27.7471 10.559
27.8425 27.6528
27.9379 47.509
28.0333 66.9683
28.1287 82.7001
28.2241 92.3006
28.3195 94.9364
28.415 91.3583
28.5104 83.3679
28.6058 73.0222
28.7012 61.9152
28.7966 50.7944
28.892 39.591
28.9874 27.7624
29.0828 14.7407
29.1782 0.281542
29.2736 -15.3997
29.369 -31.6941
29.4644 -47.766
29.5598 -62.703
29.6552 -75.5837
29.7506 -85.4821
29.846 -91.4838
29.9414 -92.7905
30.0368 -88.9265
30.1322 -79.9779
30.2276 -66.7437
30.323 -50.6855
30.4184 -33.6468
30.5138 -17.418
30.6092 -3.30745
30.7046 8.11197
30.8 16.9837
30.8954 23.8987
30.9908 29.5108
31.0862 34.2165
31.1816 38.0355
31.277 40.7229
31.3724 42.0282
31.4678 41.9467
31.5632 40.8252
31.6586 39.2681
31.754 37.8971
31.8494 37.092
31.9448 36.8431
32.0403 36.7817
32.1357 36.3546
32.2311 35.0454
32.3265 32.5272
32.4219 28.688
32.5173 23.5519
32.6127 17.1766
32.7081 9.61739
32.8035 0.991147
32.8989 -8.39974
32.9943 -17.9809
33.0897 -26.9457
33.1851 -34.4459
33.2805 -39.8663
33.3759 -43.0538
33.4713 -44.376
33.5667 -44.5593
33.6621 -44.3671
33.7575 -44.2654
33.8529 -44.2357
33.9483 -43.8283
34.0437 -42.4284
34.1391 -39.6025
34.2345 -35.3482
34.3299 -30.1235
34.4253 -24.6423
34.5207 -19.5438
34.6161 -15.1037
34.7115 -11.1317
34.8069 -7.10046
34.9023 -2.43223
34.9977 3.20642
35.0931 9.74783
35.1885 16.7711
35.2839 23.7113
35.3793 30.1049
35.4747 35.7392
35.5702 40.6332
35.6656 44.8802
35.761 48.4571
35.8564 51.1238
35.9518 52.4775
36.0472 52.1388
36.1426 49.9631
36.238 46.1589
36.3334 41.2366
36.4288 35.81
36.5242 30.3475
36.6196 25.003
36.715 19.6107
36.8104 13.8446
36.9058 7.45519
37.0012 0.458677
37.0966 -6.8178
37.192 -13.8543
37.2874 -20.153
37.3828 -25.4368
37.4782 -29.7326
37.5736 -33.3041
37.669 -36.4798
37.7644 -39.4679
37.8598 -42.2526
37.9552 -44.6121
38.0506 -46.2339
38.146 -46.8565
38.2414 -46.3629
38.3368 -44.7893
38.4322 -42.265
38.5276 -38.9378
38.623 -34.9346
38.7184 -30.3771
38.8138 -25.4282
38.9092 -20.318
39.0046 -15.3127
39.1 -10.6258
39.1955 -6.31626
39.2909 -2.23916
39.3863 1.9083
39.4817 6.44933
39.5771 11.5582
39.6725 17.1429
39.7679 22.845
39.8633 28.1652
39.9587 32.6591
40.0541 36.1077
40.1495 38.5817
40.2449 40.3664
40.3403 41.7878
40.4357 43.0295
40.5311 44.0306
40.6265 44.5138
40.7219 44.1243
40.8173 42.6033
40.9127 39.9077
41.0081 36.2176
41.1035 31.8362
41.1989 27.0413
41.2943 21.9708
41.3897 16.6031
41.4851 10.8384
41.5805 4.63432
41.6759 -1.88207
41.7713 -8.38752
41.8667 -14.441
41.9621 -19.6319
42.0575 -23.7283
42.1529 -26.7591
42.2483 -28.9924
42.3437 -30.825
42.4391 -32.6305
42.5345 -34.6279
42.6299 -36.8154
42.7253 -38.9847
42.8208 -40.7958
42.9162 -41.8813
43.0116 -41.9438
43.107 -40.8251
43.2024 -38.5378
43.2978 -35.259
43.3932 -31.2892
43.4886 -26.9825
43.584 -22.6619
43.6794 -18.5396
43.7748 -14.6685
43.8702 -10.947
43.9656 -7.18102
44.061 -3.18378
44.1564 1.12664
44.2518 5.67443
44.3472 10.2439
44.4426 14.5616
44.538 18.4051
44.6334 21.6865
44.7288 24.4708
44.8242 26.9196
44.9196 29.1896
45.015 31.3391
45.1104 33.2869
45.2058 34.8462
45.3012 35.8116
45.3966 36.053
45.492 35.5675
45.5874 34.4631
45.6828 32.888
45.7782 30.9457
45.8736 28.6461
45.969 25.9201
46.0644 22.6893
46.1598 18.9517
46.2552 14.8352
46.3506 10.5861
46.4461 6.49378
46.5415 2.78887
46.6369 -0.437535
46.7323 -3.25488
46.8277 -5.84692
46.9231 -8.4234
47.0185 -11.1323
47.1139 -14.011
47.2093 -16.9895
47.3047 -19.9353
47.4001 -22.7072
47.4955 -25.1918
47.5909 -27.3116
47.6863 -29.0115
47.7817 -30.2452
47.8771 -30.976
47.9725 -31.1928
48.0679 -30.9269
48.1633 -30.2511
48.2587 -29.2523
48.3541 -27.9869
48.4495 -26.444
48.5449 -24.5409
48.6403 -22.1624
48.7357 -19.2284
48.8311 -15.7585
48.9265 -11.8968
49.0219 -7.88077
49.1173 -3.96392
49.2127 -0.328281
49.3081 2.97095
49.4035 6.00192
49.4989 8.89646
49.5943 11.7658
49.6897 14.6344
49.7851 17.4246
49.8805 19.9954
49.9759 22.2118
50.0714 24.0028
50.1668 25.3791
50.2622 26.4004
50.3576 27.1162
50.453 27.5155
50.5484 27.5192
50.6438 27.0206
50.7392 25.9555
50.8346 24.363
50.93 22.4017
51.0254 20.3095
51.1208 18.3228
51.2162 16.5919
51.3116 15.1302
51.407 13.8196
51.5024 12.4635
51.5978 10.8615
51.6932 8.87258
51.7886 6.4442
51.884 3.60565
51.9794 0.442145
52.0748 -2.92988
52.1702 -6.3734
52.2656 -9.72952
52.361 -12.8182
52.4564 -15.455
52.5518 -17.4884
52.6472 -18.8449
52.7426 -19.5618
52.838 -19.7871
52.9334 -19.7412
53.0288 -19.6511
53.1242 -19.6826
53.2196 -19.8939
53.315 -20.227
53.4104 -20.5333
53.5058 -20.6213
53.6013 -20.3061
53.6967 -19.4508
53.7921 -17.9926
53.8875 -15.9583
53.9829 -13.4689
54.0783 -10.7288
54.1737 -7.99499
54.2691 -5.52111
54.3645 -3.4865
54.4599 -1.93248
54.5553 -0.734697
54.6507 0.36727
54.7461 1.6837
54.8415 3.45893
54.9369 5.77114
55.0323 8.49123
55.1277 11.3216
55.2231 13.9009
55.3185 15.9306
55.4139 17.2699
55.5093 17.9597
55.6047 18.1713
55.7001 18.1105
55.7955 17.9269
55.8909 17.6704
55.9863 17.3103
56.0817 16.7961
56.1771 16.1189
56.2725 15.3352
56.3679 14.5385
56.4633 13.7979
56.5587 13.1031
56.6541 12.3542
56.7495 11.4085
56.8449 10.1626
56.9403 8.624
57.0357 6.9286
57.1311 5.28628
57.2266 3.87642
57.322 2.74554
57.4174 1.763
57.5128 0.664701
57.6082 -0.82876
57.7036 -2.87234
57.799 -5.4023
57.8944 -8.13545
57.9898 -10.6665
58.0852 -12.6218
58.1806 -13.8002
58.276 -14.2399
58.3714 -14.1835
58.4668 -13.9627
58.5622 -13.8574
58.6576 -13.9932
58.753 -14.316
58.8484 -14.647
58.9438 -14.7795
59.0392 -14.5708
59.1346 -13.986
59.23 -13.0848
59.3254 -11.9697
59.4208 -10.73
59.5162 -9.41141
59.6116 -8.02223
59.707 -6.56186
59.8024 -5.04722
59.8978 -3.51685
59.9932 -2.00976
60.0886 -0.534416
60.184 0.948028
60.2794 2.50995
60.3748 4.2148
60.4702 6.06679
60.5656 7.98148
60.661 9.79738
60.7564 11.328
60.8519 12.432
60.9473 13.0669
61.0427 13.3004
61.1381 13.2712
61.2335 13.1182
61.3289 12.9134
61.4243 12.6306
61.5197 12.1661
61.6151 11.4011
61.7105 10.2755
61.8059 8.83612
61.9013 7.23738
61.9967 5.69322
62.0921 4.40332
62.1875 3.48774
62.2829 2.958
62.3783 2.73474
62.4737 2.69907
62.5691 2.75036
62.6645 2.84207
62.7599 2.98029
62.8553 3.18924
62.9507 3.4645
63.0461 3.74028
63.1415 3.88924
63.2369 3.75687
63.3323 3.21522
63.4277 2.21101
63.5231 0.786055
63.6185 -0.939506
63.7139 -2.81283
63.8093 -4.70165
63.9047 -6.53041
64.0001 -8.28326
64.0955 -9.97339
64.1909 -11.5948
64.2863 -13.0816
64.3817 -14.2963
64.4772 -15.0575
64.5726 -15.197
64.668 -14.6233
64.7634 -13.3631
64.8588 -11.5621
64.9542 -9.44118
65.0496 -7.22594
65.145 -5.07867
65.2404 -3.06123
65.3358 -1.14461
65.4312 0.74011
65.5266 2.63327
65.622 4.4927
65.7174 6.18002
65.8128 7.49525
65.9082 8.24555
66.0036 8.31906
66.099 7.73185
66.1944 6.62847
66.2898 5.23645
66.3852 3.79506
66.4806 2.4881
66.576 1.40671
66.6714 0.553533
66.7668 -0.119681
66.8622 -0.661643
66.9576 -1.08211
67.053 -1.3387
67.1484 -1.35132
67.2438 -1.033
67.3392 -0.321104
67.4346 0.803839
67.53 2.31505
67.6254 4.14703
67.7208 6.20488
67.8162 8.36933
67.9116 10.4979
68.007 12.4284
68.1025 13.9919
68.1979 15.0364
68.2933 15.4576
68.3887 15.2226
68.4841 14.3785
68.5795 13.0379
68.6749 11.3462
68.7703 9.44336
68.8657 7.4328
68.9611 5.3687
69.0565 3.26278
69.1519 1.1044
69.2473 -1.11657
69.3427 -3.39295
69.4381 -5.69335
69.5335 -7.96375
69.6289 -10.1331
69.7243 -12.1199
69.8197 -13.8391
69.9151 -15.2107
70.0105 -16.1711
70.1059 -16.6844
70.2013 -16.7494
70.2967 -16.3971
70.3921 -15.6773
70.4875 -14.6397
70.5829 -13.3203
70.6783 -11.7399
70.7737 -9.91929
70.8691 -7.90283
70.9645 -5.77634
71.0599 -3.66542
71.1553 -1.70858
71.2507 -0.0133005
71.3461 1.38514
71.4415 2.54012
71.5369 3.57287
71.6323 4.61935
71.7278 5.767
71.8232 7.01104
71.9186 8.25253
72.014 9.34162
72.1094 10.1467
72.2048 10.6169
72.3002 10.806
72.3956 10.8468
72.491 10.885
72.5864 11.0069
72.6818 11.1935
72.7772 11.3256
72.8726 11.235
72.968 10.7777
73.0634 9.89251
73.1588 8.61907
73.2542 7.07043
73.3496 5.37819
73.445 3.64195
73.5404 1.90954
73.6358 0.195568
73.7312 -1.47703
73.8266 -3.04134
73.922 -4.38247
74.0174 -5.37254
74.1128 -5.92834
74.2082 -6.05974
74.3036 -5.8788
74.399 -5.55859
74.4944 -5.25744
74.5898 -5.04457
74.6852 -4.86567
74.7806 -4.56948
74.876 -3.98671
74.9714 -3.02635
75.0668 -1.74352
75.1622 -0.344877
75.2577 0.87403
75.3531 1.63405
75.4485 1.77517
75.5439 1.31329
75.6393 0.429244
75.7347 -0.601956
75.8301 -1.50825
75.9255 -2.1032
76.0209 -2.32426
76.1163 -2.21979
76.2117 -1.90143
76.3071 -1.49004
76.4025 -1.07994
76.4979 -0.73093
76.5933 -0.480047
76.6887 -0.355534
76.7841 -0.377708
76.8795 -0.543693
76.9749 -0.506466
77.0703 -1.05762
77.1657 -1.22061
77.2611 -1.06318
77.3565 -0.507575
77.4519 0.403026
77.5473 1.5046
77.6427 2.56084
77.7381 3.3422
77.8335 3.70258
77.9289 3.6215
78.0243 3.19533
78.1197 2.58443
78.2151 1.83971
78.3105 1.38052
78.4059 1.29187
78.5013 0.883461
78.5967 0.42213
78.6921 -0.0999118
78.7875 -0.45192
78.883 -1.02913
78.9784 -1.04676
79.0738 -0.724174
79.1692 -0.0707648
79.2646 0.836793
79.36 1.67311
79.4554 2.41056
79.5508 2.98601
79.6462 3.31865
79.7416 3.68683
79.837 3.75097
79.9324 3.49754
80.0278 3.37338
80.1232 3.11803
80.2186 2.88102
80.314 2.11096
80.4094 1.88071
80.5048 1.85037
80.6002 2.08631
80.6956 2.56416
80.791 3.14556
80.8864 3.60266
80.9818 3.52719
81.0772 3.04922
81.1726 2.01968
81.268 0.502811
81.3634 -1.11334
81.4588 -2.65373
81.5542 -3.69925
81.6496 -4.09691
81.745 -3.88152
81.8404 -3.23155
81.9358 -2.65867
82.0312 -2.13001
82.1266 -1.34861
82.222 -0.942949
82.3174 -0.491468
82.4128 0.000423746
82.5083 0.428599
82.6037 0.377451
82.6991 -0.162967
82.7945 -1.11592
82.8899 -2.228
82.9853 -3.1719
83.0807 -3.58018
83.1761 -3.78623
83.2715 -3.23724
83.3669 -2.20505
83.4623 -0.839224
83.5577 0.784765
83.6531 2.14689
83.7485 3.14688
83.8439 3.62892
83.9393 3.77031
84.0347 3.44782
84.1301 2.89252
84.2255 2.05458
84.3209 0.939672
84.4163 0.0572018
84.5117 -0.745714
84.6071 -1.57433
84.7025 -1.40502
84.7979 -0.613119
84.8933 0.641967
84.9887 1.83878
85.0841 3.13794
85.1795 3.54331
85.2749 3.86923
85.3703 3.90225
85.4657 3.66285
85.5611 3.26287
85.6565 2.76704
85.7519 2.34384
85.8473 1.89512
85.9427 1.35734
86.0381 0.903004
86.1336 0.523874
86.229 0.456097
86.3244 0.431521
86.4198 0.58042
86.5152 0.817622
86.6106 0.947772
86.706 0.934153
86.8014 0.699414
86.8968 0.267487
86.9922 -0.263628
87.0876 -0.758539
87.183 -1.09584
87.2784 -1.21192
87.3738 -1.11961
87.4692 -0.896351
87.5646 -0.467541
87.66 -0.0951209
87.7554 -0.0739684
87.8508 -0.265872
87.9462 -0.85126
88.0416 -1.45461
88.137 -2.08706
88.2324 -2.69743
88.3278 -3.45104
88.4232 -3.83736
88.5186 -3.9844
88.614 -3.77786
88.7094 -2.97208
88.8048 -1.88953
88.9002 -0.550475
88.9956 0.844804
89.091 2.06428
89.1864 2.90796
89.2818 3.26394
89.3772 3.13552
89.4726 2.63014
89.568 1.91694
89.6634 0.786718
89.7589 0.161299
89.8543 -0.258523
89.9497 -0.471641
90.0451 -0.514093
90.1405 -0.426156
90.2359 -0.230184
90.3313 0.31847
90.4267 0.735015
90.5221 1.08064
90.6175 1.496
90.7129 2.47339
90.8083 3.00947
90.9037 2.97969
90.9991 2.78746
91.0945 2.70582
91.1899 2.29763
91.2853 1.72199
91.3807 1.06663
91.4761 0.438906
91.5715 -0.0523886
91.6669 -0.421411
