3.3 0.490785
3.4 0.196017
3.5 -0.261079
3.6 -0.770595
3.7 -0.991174
3.8 -1.60131
3.9 -1.72707
4 -1.86387
4.1 -2.013
4.2 -1.35282
4.3 -0.976832
4.4 -0.102926
4.5 0.673774
4.6 1.21454
4.7 1.57403
4.8 1.69865
4.9 1.6066
5 1.3105
5.1 0.393211
5.2 -0.475825
5.3 -0.773855
5.4 -0.898255
5.5 -0.336363
5.6 0.359723
5.7 0.922063
5.8 1.52549
5.9 2.21513
6 2.81186
6.1 3.1176
6.2 2.97507
6.3 2.15052
6.4 1.03023
6.5 0.03766
6.6 -0.691207
6.7 -0.837983
6.8 -0.403617
6.9 -0.444379
7 -0.54624
7.1 -0.558851
7.2 -0.627179
7.3 -0.602781
7.4 -0.796885
7.5 -1.01541
7.6 -1.07282
7.7 -1.0612
7.8 -1.35169
7.9 -1.53674
8 -1.54133
8.1 -1.41094
8.2 -1.1689
8.3 -1.11208
8.4 -0.769391
8.5 -0.326754
8.6 0.402224
8.7 1.07262
8.8 1.49628
8.9 1.55626
9 1.66641
9.1 2.00326
9.2 2.56551
9.3 2.78236
9.4 2.2928
9.5 1.71266
9.6 1.14794
9.7 0.870799
9.8 0.924305
9.9 0.774737
10 0.163753
10.1 -0.190051
10.2 0.0237741
10.3 0.443217
10.4 0.735726
10.5 0.932348
10.6 0.621
10.7 0.254079
10.8 0.212474
10.9 0.414046
11 0.538715
11.1 0.455774
11.2 0.715077
11.3 1.01571
11.4 1.5212
11.5 1.96469
11.6 1.99293
11.7 1.60333
11.8 0.808397
11.9 -0.019406
12 -0.130254
12.1 -0.232979
12.2 -0.428349
12.3 -0.665923
12.4 -0.709078
12.5 -0.879557
12.6 -1.12863
12.7 -1.88179
12.8 -2.26567
12.9 -2.64008
13 -3.26627
13.1 -3.66412
13.2 -3.47209
13.3 -2.64023
13.4 -1.45416
13.5 -0.37842
13.6 0.562976
13.7 1.77306
13.8 2.93085
13.9 3.5678
14 3.56639
14.1 3.29293
14.2 2.65984
14.3 2.10843
14.4 1.93925
14.5 1.73363
14.6 1.15528
14.7 0.685133
14.8 0.170797
14.9 -0.128351
15 0.0298095
15.1 0.399263
15.2 0.654804
15.3 0.871491
15.4 1.03237
15.5 1.45134
15.6 1.87512
15.7 2.37034
15.8 2.29907
15.9 1.84781
16 0.941634
16.1 0.183269
16.2 -0.280688
16.3 -0.421541
16.4 -0.232734
16.5 0.127298
16.6 0.423096
16.7 0.446692
16.8 0.412816
16.9 0.410624
17 0.805729
17.1 1.20551
17.2 1.47993
17.3 1.5612
17.4 1.28244
17.5 0.558919
17.6 -0.436718
17.7 -1.86313
17.8 -3.35337
17.9 -4.38945
18 -4.82082
18.1 -4.5241
18.2 -3.69185
18.3 -2.4452
18.4 -1.31015
18.5 -0.0340393
18.6 1.05639
18.7 1.85725
18.8 2.23907
18.9 2.17243
19 1.92208
19.1 1.92902
19.2 1.81144
19.3 1.61176
19.4 1.5753
19.5 1.56206
19.6 1.38556
19.7 1.45139
19.8 1.69785
19.9 1.92782
20 1.99002
20.1 1.86903
20.2 1.70326
20.3 1.54318
20.4 1.0321
20.5 0.803289
20.6 0.947856
20.7 1.28244
20.8 1.36057
20.9 0.92224
21 0.317005
21.1 0.0729374
21.2 0.054842
21.3 0.0577562
21.4 0.0519403
21.5 0.0939484
21.6 0.0433833
21.7 0.0916385
21.8 0.33074
21.9 0.440343
22 0.391039
22.1 0.249115
22.2 -0.123052
22.3 -0.697141
22.4 -1.37906
22.5 -1.60504
22.6 -1.15177
22.7 -0.644945
22.8 -0.193186
22.9 -0.00284681
23 -0.0208848
23.1 0.0671561
23.2 0.607841
23.3 1.3729
23.4 1.92933
23.5 1.86563
23.6 1.46078
23.7 0.868832
23.8 -0.144671
23.9 -0.941193
24 -1.00634
24.1 -0.937078
24.2 -0.802814
24.3 -0.307865
24.4 0.471886
24.5 1.20052
24.6 1.68168
24.7 2.02433
24.8 2.17167
24.9 2.0984
25 1.87333
25.1 1.176
25.2 0.0913798
25.3 -1.13959
25.4 -1.95857
25.5 -2.31453
25.6 -2.351
25.7 -2.27088
25.8 -1.88187
25.9 -1.11273
26 -0.139204
26.1 0.821789
26.2 1.58424
26.3 2.17395
26.4 2.77266
26.5 3.49
26.6 4.07762
26.7 4.32986
26.8 4.47221
26.9 4.48406
27 4.52243
27.1 4.12548
27.2 3.36922
27.3 2.18012
27.4 1.05345
27.5 0.414086
27.6 0.272681
27.7 0.0206183
27.8 -0.890051
27.9 -2.26952
28 -3.41114
28.1 -4.03291
28.2 -4.12422
28.3 -3.94066
28.4 -3.59154
28.5 -3.19752
28.6 -2.70506
28.7 -2.11612
28.8 -1.53862
28.9 -1.26329
29 -1.12219
29.1 -0.550351
29.2 0.72152
29.3 2.4142
29.4 4.34594
29.5 6.13348
29.6 7.6588
29.7 8.5113
29.8 8.24398
29.9 6.9189
30 4.78602
30.1 1.76837
30.2 -2.14601
30.3 -6.45213
30.4 -10.1529
30.5 -12.1299
30.6 -12.3105
30.7 -10.9585
30.8 -8.14093
30.9 -3.75407
31 1.8796
31.1 8.05181
31.2 13.8784
31.3 18.2963
31.4 20.441
31.5 20.241
31.6 18.1216
31.7 13.944
31.8 7.64349
31.9 0.195296
32 -7.38746
32.1 -14.121
32.2 -19.5971
32.3 -23.2417
32.4 -24.2435
32.5 -22.1903
32.6 -17.1928
32.7 -9.94375
32.8 -1.32759
32.9 8.31688
33 18.5703
33.1 28.2527
33.2 35.4179
33.3 37.6788
33.4 33.3317
33.5 21.0027
33.6 -0.301984
33.7 -30.8458
33.8 -67.7883
33.9 -102.093
34 -120.4
34.1 -116.468
34.2 -91.5795
34.3 -46.5508
34.4 17.3216
34.5 94.0385
34.6 166.951
34.7 216.88
34.8 233.643
34.9 215.396
35 146.133
35.1 27.4228
35.2 -101.179
35.3 -195.419
35.4 -241.082
35.5 -249.083
35.6 -223.574
35.7 -166.529
35.8 -98.7384
35.9 -43.8507
36 -9.06235
36.1 12.2283
36.2 25.5399
36.3 35.4598
36.4 47.6823
36.5 66.264
36.6 91.3086
36.7 117.636
36.8 136.357
36.9 141.116
37 131.345
37.1 108.487
37.2 76.0632
37.3 40.4128
37.4 7.42828
37.5 -21.094
37.6 -46.8008
37.7 -70.8173
37.8 -91.5883
37.9 -106.871
38 -114.212
38.1 -113.082
38.2 -102.906
38.3 -86.1907
38.4 -67.8855
38.5 -52.1079
38.6 -41.0913
38.7 -33.6448
38.8 -26.0178
38.9 -14.7526
39 1.89295
39.1 25.0684
39.2 53.426
39.3 81.6275
39.4 102.573
39.5 112.076
39.6 109
39.7 95.4384
39.8 77.4364
39.9 60.8218
40 47.8945
40.1 37.0981
40.2 26.0499
40.3 13.0701
40.4 -2.18192
40.5 -18.4024
40.6 -33.5822
40.7 -46.0161
40.8 -55.8528
40.9 -63.8972
41 -70.5421
41.1 -75.6004
41.2 -77.8622
41.3 -76.2205
41.4 -70.3132
41.5 -60.2666
41.6 -46.667
41.7 -31.3696
41.8 -17.4184
41.9 -6.58272
42 1.49701
42.1 8.2892
42.2 15.0282
42.3 22.2603
42.4 29.3582
42.5 35.3126
42.6 38.9746
42.7 39.8659
42.8 38.1453
42.9 35.3025
43 33.3452
43.1 33.6328
43.2 36.3343
43.3 40.6844
43.4 45.2063
43.5 48.4144
43.6 49.2145
43.7 47.2535
43.8 42.3103
43.9 34.0542
44 22.2373
44.1 7.29093
44.2 -9.72583
44.3 -27.3476
44.4 -43.6967
44.5 -56.8709
44.6 -64.8064
44.7 -67.2572
44.8 -65.5202
44.9 -61.2673
45 -56.1681
45.1 -51.3096
45.2 -46.741
45.3 -41.95
45.4 -36.5134
45.5 -30.4526
45.6 -24.0571
45.7 -17.7734
45.8 -11.9211
45.9 -6.65249
46 -2.04517
46.1 2.40656
46.2 7.33861
46.3 12.7296
46.4 18.566
46.5 24.6326
46.6 29.9101
46.7 34.3189
46.8 38.0608
46.9 41.5125
47 44.7666
47.1 47.4112
47.2 48.9537
47.3 49.1314
47.4 47.6458
47.5 44.4563
47.6 40.0151
47.7 34.6922
47.8 28.8663
47.9 22.8984
48 16.8072
48.1 10.5522
48.2 4.19828
48.3 -2.27486
48.4 -8.71539
48.5 -15.1526
48.6 -21.1447
48.7 -26.4861
48.8 -31.5794
48.9 -36.4843
49 -41.2326
49.1 -45.4313
49.2 -48.2945
49.3 -49.8019
49.4 -50.1212
49.5 -49.6189
49.6 -48.5398
49.7 -46.7396
49.8 -43.4925
49.9 -39.0833
50 -33.7605
50.1 -27.7319
50.2 -20.962
50.3 -13.5963
50.4 -6.01572
50.5 1.20324
50.6 7.71861
50.7 13.3337
50.8 17.8496
50.9 22.2722
51 27.3484
51.1 32.4554
51.2 37.0147
51.3 40.9743
51.4 44.1463
51.5 46.3067
51.6 47.2718
51.7 47.2432
51.8 46.4503
51.9 44.84
52 42.0903
52.1 38.0785
52.2 33.0041
52.3 27.4672
52.4 22.0245
52.5 17.2224
52.6 12.6537
52.7 7.85716
52.8 2.89455
52.9 -2.43581
53 -8.36565
53.1 -14.6198
53.2 -20.7904
53.3 -26.9392
53.4 -32.5349
53.5 -36.972
53.6 -39.6572
53.7 -40.2143
53.8 -39.1127
53.9 -36.9279
54 -34.4828
54.1 -32.4504
54.2 -30.9562
54.3 -29.8131
54.4 -28.7591
54.5 -28.0879
54.6 -27.2951
54.7 -25.6223
54.8 -22.697
54.9 -19.0147
55 -14.8974
55.1 -10.7383
55.2 -7.07059
55.3 -3.79396
55.4 -0.428975
55.5 3.23843
55.6 7.19113
55.7 11.3427
55.8 15.8474
55.9 20.5644
56 24.997
56.1 28.7813
56.2 31.5987
56.3 33.5095
56.4 34.7265
56.5 34.9868
56.6 34.199
56.7 32.6455
56.8 30.579
56.9 28.534
57 26.746
57.1 25.2075
57.2 23.5176
57.3 21.4496
57.4 19.2785
57.5 17.2108
57.6 15.068
57.7 12.5327
57.8 9.65977
57.9 6.50756
58 3.17658
58.1 -0.434061
58.2 -4.28182
58.3 -8.52858
58.4 -13.2135
58.5 -17.9307
58.6 -22.0154
58.7 -25.5157
58.8 -28.3148
58.9 -30.6755
59 -32.623
59.1 -33.7436
59.2 -34.1808
59.3 -34.4011
59.4 -34.5488
59.5 -34.007
59.6 -32.1712
59.7 -29.5209
59.8 -27.1701
59.9 -25.2336
60 -23.2339
60.1 -20.769
60.2 -17.7727
60.3 -14.0881
60.4 -9.62885
60.5 -4.96832
60.6 -0.0513145
60.7 5.49268
60.8 11.2522
60.9 16.2884
61 20.2058
61.1 23.1666
61.2 25.6069
61.3 27.9606
61.4 29.9404
61.5 31.4842
61.6 32.6614
61.7 33.3415
61.8 33.1686
61.9 31.9321
62 29.9111
62.1 27.3015
62.2 24.5438
62.3 22.2072
62.4 20.4306
62.5 18.7424
62.6 16.9717
62.7 14.9813
62.8 12.6694
62.9 10.1098
63 7.23839
63.1 3.46599
63.2 -1.04061
63.3 -5.82176
63.4 -10.1488
63.5 -13.5376
63.6 -15.8978
63.7 -17.6291
63.8 -19.2183
63.9 -20.9731
64 -22.5885
64.1 -23.6437
64.2 -24.2647
64.3 -24.5271
64.4 -24.3559
64.5 -24.2051
64.6 -24.1161
64.7 -23.8612
64.8 -23.4843
64.9 -23.0179
65 -22.0072
65.1 -20.5946
65.2 -18.4254
65.3 -15.5099
65.4 -12.4978
65.5 -9.63002
65.6 -6.73057
65.7 -3.57223
65.8 -0.399902
65.9 2.75645
66 5.80749
66.1 8.3989
66.2 10.7003
66.3 13.1012
66.4 15.586
66.5 17.8398
66.6 19.5414
66.7 20.6427
66.8 21.7226
66.9 22.866
67 23.728
67.1 23.9485
67.2 23.3762
67.3 22.2016
67.4 20.9323
67.5 19.8854
67.6 18.9211
67.7 17.6866
67.8 16.1655
67.9 14.5171
68 13.0188
68.1 11.7739
68.2 10.0174
68.3 7.61191
68.4 4.94069
68.5 1.93561
68.6 -1.13928
68.7 -3.87773
68.8 -6.27874
68.9 -8.31162
69 -10.0764
69.1 -11.418
69.2 -12.2763
69.3 -13.2738
69.4 -14.8148
69.5 -16.8895
69.6 -19.2825
69.7 -21.0739
69.8 -21.8358
69.9 -21.8429
70 -21.2722
70.1 -20.2332
70.2 -18.8723
70.3 -17.1398
70.4 -15.1679
70.5 -13.0773
70.6 -11.2215
70.7 -9.75685
70.8 -8.35501
70.9 -6.55789
71 -4.49511
71.1 -2.5541
71.2 -0.748104
71.3 1.05416
71.4 2.98092
71.5 5.12392
71.6 7.35112
71.7 9.20188
71.8 10.6491
71.9 11.8696
72 13.0201
72.1 13.7694
72.2 14.2028
72.3 14.5689
72.4 14.9987
72.5 15.1288
72.6 14.9372
72.7 14.6474
72.8 14.3134
72.9 14.0192
73 13.9537
73.1 14.2794
73.2 14.5491
73.3 14.4508
73.4 14.0528
73.5 13.305
73.6 11.7433
73.7 8.93438
73.8 5.12744
73.9 1.01158
74 -2.61722
74.1 -5.45677
74.2 -7.53744
74.3 -8.92179
74.4 -9.39128
74.5 -8.86141
74.6 -7.85137
74.7 -6.4755
74.8 -4.85363
74.9 -3.56447
75 -3.03498
75.1 -3.24774
75.2 -4.44835
75.3 -6.75228
75.4 -10.0655
75.5 -14.1215
75.6 -18.1811
75.7 -21.1682
75.8 -22.5663
75.9 -22.47
76 -21.1696
76.1 -18.7975
76.2 -15.2849
76.3 -11.0722
76.4 -6.56563
76.5 -1.93085
76.6 2.83294
76.7 7.50208
76.8 11.391
76.9 13.7944
77 14.2716
77.1 13.1354
77.2 10.8465
77.3 8.43569
77.4 6.32005
77.5 4.57827
77.6 3.69539
77.7 3.5242
77.8 3.82721
77.9 4.15247
78 4.39614
78.1 4.29807
78.2 3.88486
78.3 3.58068
78.4 3.78864
78.5 4.69883
78.6 6.04173
78.7 7.66868
78.8 9.52783
78.9 11.0515
79 12.0007
79.1 12.4629
79.2 12.6167
79.3 12.5328
79.4 12.1954
79.5 11.7133
79.6 11.054
79.7 9.77347
79.8 7.56747
79.9 4.51132
80 0.932973
80.1 -2.56182
80.2 -5.74444
80.3 -8.57413
80.4 -11.0519
80.5 -12.8876
80.6 -13.901
80.7 -13.9402
80.8 -13.1403
80.9 -12.0702
81 -11.2958
81.1 -11.0816
81.2 -11.0598
81.3 -10.6902
81.4 -10.0173
81.5 -9.25853
81.6 -8.61963
81.7 -7.86968
81.8 -6.99847
81.9 -6.12874
82 -5.10624
82.1 -3.93382
82.2 -2.94457
82.3 -1.83834
82.4 -0.0980575
82.5 2.07186
82.6 3.70192
82.7 4.63297
82.8 5.13804
82.9 5.16046
83 5.12638
83.1 5.61851
83.2 6.51843
83.3 7.15577
83.4 7.59781
83.5 7.61668
83.6 7.44138
83.7 7.37052
83.8 7.51917
83.9 8.01673
84 8.61413
84.1 9.21786
84.2 9.48164
84.3 9.22054
84.4 8.84012
84.5 8.65565
84.6 8.35754
84.7 7.43058
84.8 6.30528
84.9 5.11712
85 3.74223
85.1 2.48085
85.2 1.5185
85.3 0.585415
85.4 -0.675323
85.5 -1.70428
85.6 -2.67624
85.7 -3.18832
85.8 -3.19142
85.9 -3.21595
86 -3.61843
86.1 -4.19767
86.2 -4.9256
86.3 -5.71771
86.4 -6.4554
86.5 -7.27779
86.6 -7.99269
86.7 -7.97942
86.8 -7.03152
86.9 -5.89718
87 -4.65352
87.1 -3.42239
87.2 -2.74853
87.3 -2.32441
87.4 -2.06413
87.5 -2.11346
87.6 -2.66681
87.7 -3.30585
87.8 -4.02026
87.9 -4.58778
88 -4.04566
88.1 -2.63595
88.2 -1.11541
88.3 0.124494
88.4 1.21794
88.5 2.50782
88.6 3.73489
88.7 4.89337
88.8 5.736
88.9 5.67573
89 5.47352
89.1 5.4249
89.2 6.02211
89.3 6.84196
89.4 7.04653
89.5 6.48555
89.6 5.75537
89.7 5.23038
89.8 4.82629
89.9 4.30566
90 3.94527
90.1 3.51348
90.2 2.92699
90.3 2.48898
90.4 2.19924
90.5 1.95386
90.6 1.74136
90.7 1.55679
90.8 1.6098
90.9 1.47263
91 1.27007
91.1 0.695685
91.2 0.0189581
91.3 -0.720287
91.4 -1.8751
91.5 -3.09208
91.6 -4.21189
91.7 -4.63342
91.8 -4.44932
91.9 -4.25825
92 -3.75507
92.1 -3.33991
92.2 -2.79057
92.3 -2.10112
92.4 -1.60706
92.5 -1.22632
92.6 -0.90704
92.7 -0.916989
92.8 -1.17689
92.9 -1.30431
93 -1.5235
93.1 -1.62996
93.2 -1.65862
93.3 -1.56972
93.4 -1.04842
93.5 -0.362377
93.6 0.475269
93.7 1.68941
93.8 2.81892
93.9 3.71387
94 4.04265
94.1 3.86953
94.2 3.43353
94.3 2.62693
94.4 1.70557
94.5 0.855985
94.6 0.0478499
94.7 -0.607316
94.8 -0.944866
94.9 -0.991968
95 -0.567652
95.1 0.290992
95.2 0.909835
95.3 0.947176
95.4 0.665731
95.5 0.455093
95.6 0.36436
95.7 0.468915
95.8 0.425957
95.9 0.556277
96 1.16158
96.1 2.07596
96.2 3.05937
96.3 3.93102
96.4 4.31917
96.5 3.98249
96.6 2.88438
96.7 1.66942
96.8 0.702456
96.9 -0.106703
97 -0.612789
97.1 -0.584129
97.2 -0.249531
97.3 -0.210315
97.4 -0.172208
97.5 -0.029953
97.6 0.221232
97.7 0.972895
97.8 1.57886
97.9 2.15037
98 2.3863
98.1 2.22375
98.2 1.74009
98.3 1.29408
98.4 0.795548
98.5 -0.35257
98.6 -1.5671
98.7 -2.46434
98.8 -2.88257
98.9 -2.88103
99 -2.51017
99.1 -1.96722
99.2 -1.64689
99.3 -1.58774
99.4 -1.66186
99.5 -1.61657
99.6 -1.49739
99.7 -1.34343
99.8 -0.92711
99.9 -0.850134
100 -1.06873
100.1 -1.3469
100.2 -1.12867
100.3 -0.695907
100.4 -0.390945
100.5 -0.279217
100.6 0.228465
100.7 1.04559
100.8 1.85056
100.9 2.34759
101 2.78285
101.1 3.00337
101.2 3.22634
101.3 3.2274
101.4 3.11507
101.5 2.8288
101.6 2.11733
101.7 1.242
101.8 0.234241
101.9 -0.648601
102 -1.25484
102.1 -1.2282
102.2 -0.360335
102.3 0.518905
102.4 1.22942
102.5 1.80965
102.6 2.07477
102.7 1.95863
102.8 1.53205
102.9 1.10755
103 0.877173
103.1 0.688142
103.2 0.489625
103.3 0.303004
103.4 0.431769
103.5 0.326695
103.6 0.306269
103.7 0.269873
103.8 -0.208912
103.9 -0.873334
104 -1.55405
104.1 -1.74053
104.2 -1.17873
104.3 -0.998079
104.4 -0.963821
104.5 -1.17137
104.6 -1.4501
104.7 -1.53675
104.8 -1.40899
104.9 -1.14355
105 -0.71737
105.1 -0.575062
105.2 -0.559945
105.3 -0.73753
105.4 -0.872111
105.5 -0.758076
105.6 -0.374363
