-2.62 -1.83592
-2.52309 -1.6857
-2.42619 -1.18455
-2.32928 -0.653084
-2.23238 -0.0259085
-2.13547 0.848018
-2.03857 1.85841
-1.94166 2.86894
-1.84476 3.23202
-1.74785 3.69394
-1.65095 3.77245
-1.55404 3.33573
-1.45714 3.33814
-1.36023 2.62764
-1.26333 1.8604
-1.16642 1.10827
-1.06952 0.378529
-0.972614 -0.373435
-0.875709 -1.20105
-0.778804 -2.15585
-0.681899 -2.95318
-0.584994 -3.85019
-0.488089 -4.38003
-0.391184 -3.67287
-0.294279 -2.54927
-0.197374 -1.02289
-0.100469 0.725065
-0.0035637 1.86825
0.0933413 3.40799
0.190246 4.00835
0.287151 3.92989
0.384056 3.27763
0.480962 2.42292
0.577867 1.55781
0.674772 1.05198
0.771677 0.463495
0.868582 0.0606577
0.965487 -0.238807
1.06239 -0.538851
1.1593 -0.730021
1.2562 -0.997964
1.35311 -1.21432
1.45001 -1.16073
1.54692 -0.796969
1.64382 0.0843438
1.74073 0.89105
1.83763 1.51313
1.93454 1.73626
2.03144 1.4814
2.12835 0.8426
2.22525 -0.188483
2.32216 -0.83174
2.41906 -1.13633
2.51597 -1.05608
2.61287 -0.717981
2.70978 -0.322557
2.80668 0.0373979
2.90359 0.346042
3.00049 0.268814
3.0974 0.221909
3.1943 0.333952
3.29121 0.858239
3.38811 1.37999
3.48502 1.71508
3.58192 2.01504
3.67883 2.147
3.77573 2.14512
3.87264 2.08056
3.96954 2.11682
4.06645 2.20891
4.16335 2.18496
4.26026 1.84198
4.35716 1.10783
4.45407 -0.000466501
4.55097 -1.2874
4.64788 -2.43385
4.74478 -3.11552
4.84169 -3.23042
4.93859 -2.51369
5.0355 -1.2906
5.1324 0.0802355
5.22931 1.11986
5.32621 1.72929
5.42312 1.85363
5.52002 1.53385
5.61693 0.931726
5.71383 0.250761
5.81074 -0.493084
5.90764 -1.20794
6.00455 -1.78093
6.10145 -2.07087
6.19836 -1.93814
6.29526 -1.30241
6.39217 -0.197431
6.48907 0.91375
6.58598 2.54416
6.68288 3.88981
6.77979 4.89227
6.87669 5.28797
6.9736 5.17376
7.0705 4.63878
7.16741 3.83215
7.26431 2.62364
7.36122 1.60198
7.45812 0.555911
7.55503 -0.43262
7.65194 -1.22388
7.74884 -1.64114
7.84575 -1.50407
7.94265 -1.09276
8.03956 -0.476067
8.13646 0.0536678
8.23337 0.0397305
8.33027 -0.357823
8.42718 -1.24676
8.52408 -2.35471
8.62099 -3.05695
8.71789 -2.96184
8.8148 -2.03952
8.9117 -0.317354
9.00861 1.56158
9.10551 3.15196
9.20242 4.0239
9.29932 3.96529
9.39623 3.26783
9.49313 2.19176
9.59004 1.14762
9.68694 0.440199
9.78385 0.175706
9.88075 0.271732
9.97766 0.662762
10.0746 0.993492
10.1715 1.24693
10.2684 1.46532
10.3653 1.63184
10.4622 1.8827
10.5591 2.15751
10.656 2.33357
10.7529 2.27236
10.8498 1.90806
10.9467 1.30253
11.0436 0.631503
11.1405 -0.00596397
11.2374 -0.247017
11.3343 -0.27655
11.4312 -0.0274547
11.5281 0.171931
11.625 0.161387
11.7219 -0.278731
11.8189 -0.672587
11.9158 -1.27973
12.0127 -1.70092
12.1096 -1.78609
12.2065 -1.52777
12.3034 -1.03581
12.4003 -0.352092
12.4972 0.415243
12.5941 1.01559
12.691 1.63394
12.7879 2.19681
12.8848 2.72393
12.9817 3.13924
13.0786 3.33487
13.1755 3.23032
13.2724 2.98623
13.3693 2.37553
13.4662 1.68965
13.5631 1.09148
13.66 0.676132
13.757 0.442661
13.8539 0.319728
13.9508 0.225873
14.0477 0.124381
14.1446 0.037561
14.2415 0.0125375
14.3384 0.0637383
14.4353 0.134985
14.5322 0.114316
14.6291 -0.0981834
14.726 -0.506009
14.8229 -0.969463
14.9198 -1.23635
15.0167 -1.04927
15.1136 -0.283281
15.2105 0.956583
15.3074 2.33534
15.4043 3.39798
15.5012 3.74648
15.5981 3.20505
15.6951 1.89766
15.792 0.202445
15.8889 -1.39524
15.9858 -2.48343
16.0827 -2.85954
16.1796 -2.56993
16.2765 -1.84964
16.3734 -1.00334
16.4703 -0.286752
16.5672 0.164473
16.6641 0.343968
16.761 0.339033
16.8579 0.281267
16.9548 0.307228
17.0517 0.533804
17.1486 1.03807
17.2455 1.83135
17.3424 2.83072
17.4393 3.84707
17.5362 4.61172
17.6332 4.84902
17.7301 4.37548
17.827 3.18414
17.9239 1.47137
18.0208 -0.413802
18.1177 -2.08038
18.2146 -3.21812
18.3115 -3.67806
18.4084 -3.47962
18.5053 -2.75268
18.6022 -1.65668
18.6991 -0.326437
18.796 1.12811
18.8929 2.58012
18.9898 3.84482
19.0867 4.68486
19.1836 4.87908
19.2805 4.32797
19.3774 3.13735
19.4744 1.62336
19.5713 0.218726
19.6682 -0.685886
19.7651 -0.892854
19.862 -0.466595
19.9589 0.313837
20.0558 1.09337
20.1527 1.59872
20.2496 1.73596
20.3465 1.58447
20.4434 1.3031
20.5403 1.01165
20.6372 0.720698
20.7341 0.34866
20.831 -0.19098
20.9279 -0.893276
21.0248 -1.6231
21.1217 -2.16447
21.2186 -2.33223
21.3155 -2.0793
21.4125 -1.5321
21.5094 -0.928895
21.6063 -0.494088
21.7032 -0.322362
21.8001 -0.341745
21.897 -0.37771
21.9939 -0.277852
22.0908 -0.0175855
22.1877 0.283176
22.2846 0.448033
22.3815 0.385183
22.4784 0.191195
22.5753 0.142853
22.6722 0.566289
22.7691 1.64828
22.866 3.29643
22.9629 5.13544
23.0598 6.65378
23.1567 7.42977
23.2536 7.31744
23.3506 6.49172
23.4475 5.32996
23.5444 4.19902
23.6413 3.27025
23.7382 2.467
23.8351 1.56984
23.932 0.409513
24.0289 -0.975704
24.1258 -2.32041
24.2227 -3.26841
24.3196 -3.58483
24.4165 -3.31232
24.5134 -2.76732
24.6103 -2.36667
24.7072 -2.37922
24.8041 -2.74993
24.901 -3.10838
24.9979 -2.96835
25.0948 -2.01029
25.1917 -0.28304
25.2887 1.7973
25.3856 3.6571
25.4825 4.86341
25.5794 5.33276
25.6763 5.32059
25.7732 5.19205
25.8701 5.1125
25.967 4.85743
26.0639 3.88318
26.1608 1.64968
26.2577 -1.97169
26.3546 -6.44361
26.4515 -10.6357
26.5484 -13.2271
26.6453 -13.2563
26.7422 -10.5397
26.8391 -5.74356
26.936 -0.0696615
27.0329 5.27192
27.1298 9.51938
27.2268 12.5067
27.3237 14.4482
27.4206 15.5235
27.5175 15.5469
27.6144 13.9574
27.7113 10.1695
27.8082 4.08969
27.9051 -3.5215
28.002 -11.1082
28.0989 -16.8363
28.1958 -19.3406
28.2927 -18.3155
28.3896 -14.6188
28.4865 -9.80494
28.5834 -5.31744
28.6803 -1.76911
28.7772 1.2915
28.8741 4.98247
28.971 10.2595
29.068 17.0983
29.1649 24.1376
29.2618 28.9895
29.3587 29.0745
29.4556 22.5685
29.5525 9.02464
29.6494 -10.551
29.7463 -34.052
29.8432 -58.7029
29.9401 -81.239
30.037 -97.7799
30.1339 -103.71
30.2308 -94.0778
30.3277 -64.8895
30.4246 -15.1613
30.5215 50.9905
30.6184 123.343
30.7153 186.627
30.8122 223.926
30.9091 221.672
31.0061 174.581
31.103 88.5734
31.1999 -19.7353
31.2968 -127.211
31.3937 -210.804
31.4906 -254.329
31.5875 -252.993
31.6844 -214.053
31.7813 -153.463
31.8782 -89.8764
31.9751 -38.3415
32.072 -5.9938
32.1689 8.87426
32.2658 14.3966
32.3627 20.6899
32.4596 35.3433
32.5565 60.5847
32.6534 92.9769
32.7503 125.363
32.8472 149.931
32.9442 160.993
33.0411 156.456
33.138 137.682
33.2349 108.193
33.3318 72.0554
33.4287 32.7495
33.5256 -7.12191
33.6225 -45.4224
33.7194 -79.8804
33.8163 -107.833
33.9132 -126.59
34.0101 -134.284
34.107 -130.77
34.2039 -118.058
34.3008 -99.9529
34.3977 -80.9517
34.4946 -64.7924
34.5915 -53.2286
34.6884 -45.5312
34.7853 -38.9273
34.8823 -29.8097
34.9792 -15.2472
35.0761 5.7819
35.173 31.8901
35.2699 59.6709
35.3668 84.795
35.4637 103.369
35.5606 113.048
35.6575 113.521
35.7544 106.268
35.8513 93.763
35.9482 78.5175
36.0451 62.3358
36.142 46.0558
36.2389 29.7721
36.3358 13.3429
36.4327 -3.12561
36.5296 -19.0651
36.6265 -33.5788
36.7234 -45.806
36.8204 -55.2849
36.9173 -62.096
37.0142 -66.7054
37.1111 -69.6039
37.208 -70.9583
37.3049 -70.4868
37.4018 -67.6453
37.4987 -62.0311
37.5956 -53.7804
37.6925 -43.722
37.7894 -33.1741
37.8863 -23.4614
37.9832 -15.386
38.0801 -8.92118
38.177 -3.29332
38.2739 2.58385
38.3708 9.53513
38.4677 17.6965
38.5646 26.4413
38.6616 34.6836
38.7585 41.3874
38.8554 46.0168
38.9523 48.7004
39.0492 50.0488
39.1461 50.7474
39.243 51.1552
39.3399 51.1242
39.4368 50.1153
39.5337 47.5245
39.6306 43.0202
39.7275 36.7068
39.8244 29.0425
39.9213 20.5868
40.0182 11.7497
40.1151 2.69667
40.212 -6.54211
40.3089 -15.8475
40.4058 -24.8381
40.5027 -32.8866
40.5997 -39.3441
40.6966 -43.853
40.7935 -46.5594
40.8904 -48.0735
40.9873 -49.1692
41.0842 -50.364
41.1811 -51.6081
41.278 -52.263
41.3749 -51.403
41.4718 -48.2955
41.5687 -42.811
41.6656 -35.5418
41.7625 -27.5615
41.8594 -19.9455
41.9563 -13.3025
42.0532 -7.56145
42.1501 -2.11828
42.247 3.74362
42.3439 10.3936
42.4408 17.6031
42.5378 24.6353
42.6347 30.6177
42.7316 34.9868
42.8285 37.7604
42.9254 39.4915
43.0223 40.9346
43.1192 42.613
43.2161 44.5231
43.313 46.134
43.4099 46.6709
43.5068 45.5245
43.6037 42.5595
43.7006 38.1641
43.7975 33.0268
43.8944 27.7767
43.9913 22.6885
44.0882 17.6097
44.1851 12.1323
44.282 5.90001
44.3789 -1.13015
44.4759 -8.61403
44.5728 -15.9644
44.6697 -22.6178
44.7666 -28.2665
44.8635 -32.9288
44.9604 -36.8319
45.0573 -40.1924
45.1542 -43.0343
45.2511 -45.1544
45.348 -46.2517
45.4449 -46.1331
45.5418 -44.8665
45.6387 -42.7801
45.7356 -40.3051
45.8325 -37.7507
45.9294 -35.145
46.0263 -32.2382
46.1232 -28.6693
46.2201 -24.2034
46.317 -18.903
46.414 -13.1323
46.5109 -7.38978
46.6078 -2.06039
46.7047 2.77563
46.8016 7.3691
46.8985 12.147
46.9954 17.458
47.0923 23.3514
47.1892 29.5029
47.2861 35.3205
47.383 40.1689
47.4799 43.5984
47.5768 45.4718
47.6737 45.9458
47.7706 45.3424
47.8675 43.9943
47.9644 42.1426
48.0613 39.9196
48.1582 37.3884
48.2552 34.5858
48.3521 31.5222
48.449 28.143
48.5459 24.2927
48.6428 19.735
48.7397 14.2512
48.8366 7.78103
48.9335 0.532771
49.0304 -7.01174
49.1273 -14.2218
49.2242 -20.5253
49.3211 -25.6014
49.418 -29.4603
49.5149 -32.368
49.6118 -34.6562
49.7087 -36.521
49.8056 -37.9204
49.9025 -38.6274
49.9994 -38.4061
50.0963 -37.2089
50.1933 -35.2761
50.2902 -33.0746
50.3871 -31.097
50.484 -29.6283
50.5809 -28.6016
50.6778 -27.6263
50.7747 -26.1748
50.8716 -23.8338
50.9685 -20.4908
51.0654 -16.3637
51.1623 -11.8674
51.2592 -7.39644
51.3561 -3.14455
51.453 0.945218
51.5499 5.08189
51.6468 9.44498
51.7437 14.0284
51.8406 18.5993
51.9375 22.7933
52.0344 26.2877
52.1314 28.9531
52.2283 30.8972
52.3252 32.3778
52.4221 33.6375
52.519 34.7543
52.6159 35.5921
52.7128 35.8776
52.8097 35.3564
52.9066 33.9398
53.0035 31.7581
53.1004 29.0939
53.1973 26.2335
53.2942 23.3215
53.3911 20.3005
53.488 16.9697
53.5849 13.1286
53.6818 8.72947
53.7787 3.95456
53.8756 -0.821897
53.9725 -5.16702
54.0695 -8.75113
54.1664 -11.4607
54.2633 -13.415
54.3602 -14.8908
54.4571 -16.2008
54.554 -17.5887
54.6509 -19.1805
54.7478 -20.9977
54.8447 -23.0011
54.9416 -25.128
55.0385 -27.2975
55.1354 -29.3882
55.2323 -31.2165
55.3292 -32.5429
55.4261 -33.1186
55.523 -32.7556
55.6199 -31.389
55.7168 -29.0984
55.8137 -26.079
55.9106 -22.576
56.0076 -18.8151
56.1045 -14.9604
56.2014 -11.1099
56.2983 -7.32059
56.3952 -3.63783
56.4921 -0.10852
56.589 3.22789
56.6859 6.35853
56.7828 9.30677
56.8797 12.1193
56.9766 14.834
57.0735 17.4476
57.1704 19.9032
57.2673 22.1092
57.3642 23.9795
57.4611 25.4721
57.558 26.6015
57.6549 27.4168
57.7518 27.9557
57.8487 28.2045
57.9457 28.0886
58.0426 27.5038
58.1395 26.373
58.2364 24.6982
58.3333 22.577
58.4302 20.1724
58.5271 17.6507
58.624 15.1198
58.7209 12.6008
58.8178 10.0475
58.9147 7.40024
59.0116 4.64426
59.1085 1.83821
59.2054 -0.902821
59.3023 -3.45985
59.3992 -5.76902
59.4961 -7.85453
59.593 -9.81826
59.6899 -11.7924
59.7869 -13.8801
59.8838 -16.1123
59.9807 -18.438
60.0776 -20.7445
60.1745 -22.8901
60.2714 -24.7284
60.3683 -26.119
60.4652 -26.928
60.5621 -27.0374
60.659 -26.3719
60.7559 -24.9395
60.8528 -22.8649
60.9497 -20.3887
61.0466 -17.818
61.1435 -15.4377
61.2404 -13.4147
61.3373 -11.7374
61.4342 -10.222
61.5311 -8.58755
61.628 -6.57134
61.725 -4.0369
61.8219 -1.03017
61.9188 2.23699
62.0157 5.4644
62.1126 8.36622
62.2095 10.7561
62.3064 12.5857
62.4033 13.93
62.5002 14.9379
62.5971 15.7721
62.694 16.5619
62.7909 17.3788
62.8878 18.2317
62.9847 19.0753
63.0816 19.8256
63.1785 20.3814
63.2754 20.6525
63.3723 20.5888
63.4692 20.2018
63.5661 19.5634
63.6631 18.7768
63.76 17.9263
63.8569 17.0288
63.9538 16.0118
64.0507 14.737
64.1476 13.0641
64.2445 10.9262
64.3414 8.37975
64.4383 5.59883
64.5352 2.81163
64.6321 0.206906
64.729 -2.14284
64.8259 -4.30019
64.9228 -6.41082
65.0197 -8.60477
65.1166 -10.9019
65.2135 -13.1729
65.3104 -15.1807
65.4073 -16.6859
65.5042 -17.5643
65.6012 -17.8769
65.6981 -17.8534
65.795 -17.7917
65.8919 -17.9218
65.9888 -18.2955
66.0857 -18.7582
66.1826 -19.0153
66.2795 -18.7618
66.3764 -17.8178
66.4733 -16.2052
66.5702 -14.1381
66.6671 -11.9312
66.764 -9.874
66.8609 -8.12399
66.9578 -6.66304
67.0547 -5.32718
67.1516 -3.8903
67.2485 -2.16249
67.3454 -0.0640678
67.4423 2.34777
67.5393 4.90152
67.6362 7.36798
67.7331 9.52843
67.83 11.2333
67.9269 12.4373
68.0238 13.205
68.1207 13.6857
68.2176 14.0664
68.3145 14.5124
68.4114 15.1167
68.5083 15.8725
68.6052 16.6834
68.7021 17.4054
68.799 17.9057
68.8959 18.1094
68.9928 18.0123
69.0897 17.6516
69.1866 17.0522
69.2835 16.1786
69.3805 14.9253
69.4774 13.1594
69.5743 10.7993
69.6712 7.89193
69.7681 4.64415
69.865 1.38324
69.9619 -1.54355
70.0588 -3.88813
70.1557 -5.58358
70.2526 -6.74823
70.3495 -7.60826
70.4464 -8.37617
70.5433 -9.14553
70.6402 -9.85488
70.7371 -10.3385
70.834 -10.4366
70.9309 -10.107
71.0278 -9.47751
71.1247 -8.81117
71.2216 -8.40027
71.3186 -8.44265
71.4155 -8.96311
71.5124 -9.81835
71.6093 -10.7799
71.7062 -11.6487
71.8031 -12.3404
71.9 -12.8948
71.9969 -13.4079
72.0938 -13.9231
72.1907 -14.3432
72.2876 -14.413
72.3845 -13.7878
72.4814 -12.1602
72.5783 -9.38708
72.6752 -5.56345
72.7721 -1.0124
72.869 3.79901
72.9659 8.37815
73.0628 12.3118
73.1597 15.3241
73.2567 17.2828
73.3536 18.1708
73.4505 18.0521
73.5474 17.05
73.6443 15.3419
73.7412 13.1556
73.8381 10.755
73.935 8.40807
74.0319 6.34557
74.1288 4.72842
74.2257 3.63688
74.3226 3.08363
74.4195 3.03825
74.5164 3.44435
74.6133 4.21757
74.7102 5.22834
74.8071 6.28786
74.904 7.15981
75.0009 7.60889
75.0978 7.47528
75.1948 6.74451
75.2917 5.57568
75.3886 4.26466
75.4855 3.14662
75.5824 2.47183
75.6793 2.30489
75.7762 2.49104
75.8731 2.7071
75.97 2.57912
76.0669 1.82155
76.1638 0.344565
76.2607 -1.70974
76.3576 -4.01225
76.4545 -6.15217
76.5514 -7.76247
76.6483 -8.62273
76.7452 -8.70996
76.8421 -8.18872
76.939 -7.35157
77.0359 -6.53274
77.1329 -6.02034
77.2298 -5.98849
77.3267 -6.46274
77.4236 -7.32383
77.5205 -8.34652
77.6174 -9.26267
77.7143 -9.83173
77.8112 -9.89949
77.9081 -9.42888
78.005 -8.4955
78.1019 -7.25207
78.1988 -5.87664
78.2957 -4.52321
78.3926 -3.28988
78.4895 -2.20995
78.5864 -1.26158
78.6833 -0.385652
78.7802 0.496578
78.8771 1.46896
78.9741 2.60561
79.071 3.95174
79.1679 5.50112
79.2648 7.17919
79.3617 8.84454
79.4586 10.3176
79.5555 11.4332
79.6524 12.0977
79.7493 12.3268
79.8462 12.2406
79.9431 12.014
80.04 11.8009
80.1369 11.667
80.2338 11.5636
80.3307 11.3574
80.4276 10.9028
80.5245 10.1214
80.6214 9.04779
80.7183 7.81739
80.8152 6.6018
80.9122 5.52411
81.0091 4.59816
81.106 3.72332
81.2029 2.73746
81.2998 1.50052
81.3967 -0.0345704
81.4936 -1.79892
81.5905 -3.64163
81.6874 -5.39859
81.7843 -6.95655
81.8812 -7.87445
81.9781 -8.99695
82.075 -9.92935
82.1719 -10.6243
82.2688 -11.0272
82.3657 -10.8542
82.4626 -10.0964
82.5595 -8.82687
82.6564 -7.27304
82.7533 -5.75577
82.8503 -4.57792
82.9472 -3.91144
83.0441 -3.67171
83.141 -3.65542
83.2379 -3.67944
83.3348 -3.397
83.4317 -3.01513
83.5286 -2.27477
83.6255 -1.394
83.7224 -0.527417
83.8193 0.200265
83.9162 0.759859
84.0131 1.20485
84.11 1.37116
84.2069 1.5296
84.3038 1.7025
84.4007 1.94655
84.4976 2.3355
84.5945 2.86532
84.6914 3.50986
84.7884 4.4614
84.8853 5.43873
84.9822 6.39639
85.0791 7.14557
85.176 7.55847
85.2729 7.69102
85.3698 7.38387
85.4667 6.82409
85.5636 6.21922
85.6605 5.6086
85.7574 5.00682
85.8543 4.36715
85.9512 3.67197
86.0481 2.85274
86.145 1.97255
86.2419 1.22001
86.3388 0.877085
86.4357 0.556354
86.5326 0.814834
86.6295 0.938782
86.7265 0.754833
86.8234 0.329456
86.9203 -0.342009
87.0172 -0.901375
87.1141 -1.87245
87.211 -2.2874
87.3079 -2.55697
87.4048 -2.64599
87.5017 -2.80121
87.5986 -2.82948
87.6955 -2.84778
87.7924 -2.64447
87.8893 -2.43347
87.9862 -2.3918
88.0831 -1.59251
88.18 -0.713631
88.2769 0.00853711
88.3738 0.226121
88.4707 0.000175071
88.5677 -0.645392
88.6646 -1.5154
88.7615 -2.26499
88.8584 -2.591
88.9553 -2.75366
89.0522 -2.4203
89.1491 -2.00252
89.246 -1.63878
89.3429 -1.15942
89.4398 -0.396877
89.5367 0.16982
89.6336 0.67283
89.7305 1.07385
89.8274 0.952073
89.9243 1.26168
90.0212 1.42818
90.1181 1.86822
90.215 1.73727
90.3119 1.95163
90.4088 2.21634
90.5058 2.28145
90.6027 2.74621
90.6996 2.9465
90.7965 2.80197
90.8934 2.23279
90.9903 1.15788
91.0872 0.0591868
91.1841 -1.01959
91.281 -1.60118
91.3779 -1.58951
91.4748 -0.934578
91.5717 0.243999
91.6686 1.84025
91.7655 3.22712
91.8624 4.20932
91.9593 4.59107
92.0562 4.33641
92.1531 3.56791
92.25 2.52481
92.3469 1.49499
92.4439 0.740036
92.5408 0.431771
92.6377 0.614083
92.7346 1.19702
92.8315 1.95033
92.9284 2.49471
93.0253 2.87944
93.1222 2.66633
93.2191 1.94869
93.316 0.792665
93.4129 -0.63338
93.5098 -2.08986
93.6067 -3.31515
93.7036 -4.08377
93.8005 -4.27736
93.8974 -3.9301
93.9943 -3.12079
94.0912 -2.03986
94.1881 -0.933238
94.285 -0.0393746
94.382 0.477865
94.4789 0.578391
94.5758 0.357674
94.6727 0.0126069
94.7696 -0.374157
94.8665 -0.320811
94.9634 0.0769085
95.0603 0.701763
95.1572 1.32177
95.2541 1.67864
95.351 1.70512
95.4479 1.03804
95.5448 0.123687
95.6417 -0.855882
95.7386 -1.53059
95.8355 -1.72337
95.9324 -1.37709
96.0293 -0.758172
96.1262 -0.0490479
96.2231 0.504225
96.3201 0.813412
96.417 0.887925
96.5139 0.951999
