4.31 0.497424
4.41 0.277604
4.51 -0.13661
4.61 -0.458537
4.71 -0.0188189
4.81 0.408199
4.91 1.23839
5.01 1.75842
5.11 2.23561
5.21 2.7495
5.31 3.17252
5.41 3.23282
5.51 3.09914
5.61 2.87257
5.71 1.96785
5.81 0.9425
5.91 0.480501
6.01 0.16344
6.11 0.288962
6.21 0.801814
6.31 1.14981
6.41 1.54997
6.51 1.7908
6.61 1.59803
6.71 1.11741
6.81 0.451047
6.91 -0.405959
7.01 -1.01329
7.11 -1.06833
7.21 -1.22002
7.31 -1.1922
7.41 -1.19742
7.51 -1.02058
7.61 -0.815966
7.71 -0.912068
7.81 -1.18831
7.91 -1.19439
8.01 -0.886718
8.11 -0.245153
8.21 0.352077
8.31 0.782073
8.41 0.863013
8.51 0.932312
8.61 1.14693
8.71 1.31685
8.81 1.4789
8.91 1.24493
9.01 0.968959
9.11 0.854253
9.21 0.810236
9.31 0.698042
9.41 0.385856
9.51 0.127608
9.61 0.028002
9.71 0.207973
9.81 0.899016
9.91 1.31284
10.01 1.3959
10.11 1.49289
10.21 1.55863
10.31 1.16504
10.41 0.715459
10.51 0.637585
10.61 0.991599
10.71 1.7508
10.81 2.13242
10.91 1.98391
11.01 1.58642
11.11 1.12927
11.21 0.653685
11.31 0.0820279
11.41 -0.540267
11.51 -1.20858
11.61 -1.8048
11.71 -1.89637
11.81 -1.24872
11.91 0.0857131
12.01 1.27325
12.11 1.8755
12.21 1.91256
12.31 1.77251
12.41 1.67655
12.51 1.44999
12.61 1.10159
12.71 0.748325
12.81 0.573073
12.91 0.553637
13.01 0.409037
13.11 0.131926
13.21 -0.40257
13.31 -1.08974
13.41 -1.44661
13.51 -1.62197
13.61 -1.98659
13.71 -2.38006
13.81 -2.51661
13.91 -2.28534
14.01 -1.57133
14.11 -0.317229
14.21 1.14453
14.31 2.3627
14.41 3.24407
14.51 4.18774
14.61 5.1474
14.71 5.78076
14.81 5.69352
14.91 5.13205
15.01 4.43279
15.11 2.926
15.21 0.664402
15.31 -1.93565
15.41 -4.99273
15.51 -7.96577
15.61 -10.0103
15.71 -10.6176
15.81 -9.65856
15.91 -7.17263
16.01 -3.51826
16.11 0.827338
16.21 5.13803
16.31 9.24432
16.41 12.753
16.51 15.2036
16.61 16.316
16.71 15.6496
16.81 12.8933
16.91 8.72943
17.01 4.36113
17.11 -0.201711
17.21 -5.48935
17.31 -10.6069
17.41 -14.7566
17.51 -17.2859
17.61 -18.1005
17.71 -17.0001
17.81 -14.2495
17.91 -10.0073
18.01 -4.57155
18.11 2.2251
18.21 9.96902
18.31 17.8613
18.41 24.8759
18.51 29.341
18.61 29.119
18.71 22.6232
18.81 8.30865
18.91 -14.9611
19.01 -45.7608
19.11 -76.4938
19.21 -97.5475
19.31 -101.53
19.41 -86.8962
19.51 -53.8191
19.61 -1.06528
19.71 68.5343
19.81 142.378
19.91 198.582
20.01 222.311
20.11 212.145
20.21 158.254
20.31 53.0638
20.41 -78.8169
20.51 -192.528
20.61 -256.307
20.71 -272.215
20.81 -249.6
20.91 -189.459
21.01 -111.186
21.11 -41.1712
21.21 7.52365
21.31 39.6819
21.41 60.2445
21.51 71.4201
21.61 78.1063
21.71 85.1533
21.81 94.3051
21.91 103.839
22.01 110.308
22.11 110.079
22.21 100.341
22.31 80.7159
22.41 55.2218
22.51 29.8292
22.61 8.11068
22.71 -9.92551
22.81 -26.9321
22.91 -46.3256
23.01 -69.5385
23.11 -95.3258
23.21 -118.416
23.31 -131.625
23.41 -131.813
23.51 -119.077
23.61 -95.3137
23.71 -67.759
23.81 -44.3327
23.91 -27.9246
24.01 -15.7103
24.11 -3.6447
24.21 11.8799
24.31 34.2545
24.41 63.8495
24.51 95.7488
24.61 120.675
24.71 132.4
24.81 129.838
24.91 113.692
25.01 88.5723
25.11 61.4424
25.21 38.1778
25.31 20.563
25.41 7.10613
25.51 -4.9034
25.61 -17.5365
25.71 -30.6971
25.81 -42.7918
25.91 -52.2404
26.01 -57.8788
26.11 -59.9992
26.21 -60.6269
26.31 -61.551
26.41 -62.8799
26.51 -63.7602
26.61 -63.2425
26.71 -59.9558
26.81 -52.9457
26.91 -42.1872
27.01 -28.5258
27.11 -13.4878
27.21 0.569237
27.31 11.7358
27.41 20.0868
27.51 26.565
27.61 31.5255
27.71 35.219
27.81 37.8908
27.91 39.3279
28.01 39.9386
28.11 40.3901
28.21 41.5276
28.31 43.8209
28.41 46.825
28.51 49.4888
28.61 50.3483
28.71 48.5496
28.81 43.582
28.91 35.5489
29.01 24.7669
29.11 12.712
29.21 0.864848
29.31 -10.0893
29.41 -20.3525
29.51 -30.0341
29.61 -38.605
29.71 -45.362
29.81 -49.639
29.91 -51.13
30.01 -50.3746
30.11 -47.9812
30.21 -45.5807
30.31 -44.6468
30.41 -45.0284
30.51 -45.6675
30.61 -45.1145
30.71 -42.4072
30.81 -36.7944
30.91 -28.7042
31.01 -18.9345
31.11 -8.46295
31.21 1.42002
31.31 9.9109
31.41 16.8429
31.51 22.678
31.61 28.039
31.71 33.162
31.81 37.7057
31.91 41.3559
32.01 43.5141
32.11 44.1685
32.21 43.5743
32.31 42.2345
32.41 40.5564
32.51 38.9703
32.61 37.3519
32.71 35.604
32.81 33.3219
32.91 30.5445
33.01 27.2708
33.11 23.483
33.21 18.9874
33.31 13.6937
33.41 7.48887
33.51 0.395412
33.61 -7.38713
33.71 -15.6245
33.81 -23.66
33.91 -30.7562
34.01 -37.1725
34.11 -42.5957
34.21 -47.02
34.31 -50.6976
34.41 -53.3529
34.51 -54.4253
34.61 -53.1083
34.71 -49.532
34.81 -44.5287
34.91 -38.809
35.01 -33.2107
35.11 -28.3525
35.21 -23.8841
35.31 -19.1217
35.41 -13.9473
35.51 -8.64952
35.61 -3.22863
35.71 2.12007
35.81 7.5112
35.91 12.9721
36.01 18.2944
36.11 23.8457
36.21 29.3196
36.31 34.3397
36.41 38.6345
36.51 41.8522
36.61 43.5456
36.71 43.6115
36.81 42.3509
36.91 40.1377
37.01 37.5397
37.11 35.0846
37.21 32.7967
37.31 30.5809
37.41 28.2573
37.51 25.4014
37.61 21.9186
37.71 18.1183
37.81 14.1596
37.91 9.85489
38.01 4.80543
38.11 -0.92866
38.21 -6.85546
38.31 -12.7954
38.41 -18.5097
38.51 -23.7
38.61 -28.2466
38.71 -31.5482
38.81 -33.3189
38.91 -34.2158
39.01 -34.8929
39.11 -35.7036
39.21 -36.6633
39.31 -37.5541
39.41 -37.7939
39.51 -36.8298
39.61 -34.7114
39.71 -32.2485
39.81 -29.8442
39.91 -27.1678
40.01 -23.7766
40.11 -19.5382
40.21 -14.83
40.31 -9.83384
40.41 -4.79685
40.51 -0.129135
40.61 4.18145
40.71 8.46329
40.81 12.6683
40.91 16.6667
41.01 20.398
41.11 23.7592
41.21 26.7448
41.31 29.3641
41.41 31.7341
41.51 33.453
41.61 33.7795
41.71 33.1909
41.81 32.1162
41.91 30.8763
42.01 29.7895
42.11 28.8145
42.21 27.7984
42.31 26.5376
42.41 25.1139
42.51 23.3211
42.61 21.1884
42.71 18.7203
42.81 15.5179
42.91 11.1788
43.01 5.55307
43.11 -0.907483
43.21 -7.09785
43.31 -12.276
43.41 -16.3155
43.51 -19.4057
43.61 -21.6903
43.71 -23.269
43.81 -24.491
43.91 -25.4161
44.01 -26.793
44.11 -28.6719
44.21 -30.4264
44.31 -31.7902
44.41 -32.5756
44.51 -32.725
44.61 -32.3133
44.71 -31.2214
44.81 -28.9314
44.91 -25.5501
45.01 -21.682
45.11 -17.973
45.21 -14.9346
45.31 -12.0262
45.41 -8.74577
45.51 -4.87926
45.61 -0.766905
45.71 3.33769
45.81 7.48527
45.91 11.8691
46.01 16.2558
46.11 20.1698
46.21 23.3367
46.31 25.456
46.41 26.6308
46.51 27.2532
46.61 27.4737
46.71 27.0749
46.81 26.0707
46.91 25.018
47.01 24.3444
47.11 23.9198
47.21 23.2404
47.31 22.1266
47.41 20.4832
47.51 18.3981
47.61 16.0334
47.71 13.4572
47.81 10.4759
47.91 7.39833
48.01 4.27613
48.11 1.20576
48.21 -1.6546
48.31 -3.93557
48.41 -5.69514
48.51 -7.05212
48.61 -8.41785
48.71 -9.95098
48.81 -11.5495
48.91 -13.3568
49.01 -15.3019
49.11 -16.9043
49.21 -17.9003
49.31 -18.6861
49.41 -19.2238
49.51 -19.1158
49.61 -18.4017
49.71 -17.6262
49.81 -16.9757
49.91 -16.1934
50.01 -15.524
50.11 -14.8588
50.21 -13.991
50.31 -12.9076
50.41 -11.4689
50.51 -9.95258
50.61 -8.56973
50.71 -7.52591
50.81 -6.55511
50.91 -5.32223
51.01 -3.76465
51.11 -1.73652
51.21 0.591107
51.31 2.78512
51.41 5.23806
51.51 8.07573
51.61 10.7419
51.71 12.7073
51.81 14.2819
51.91 15.5339
52.01 16.5254
52.11 17.4236
52.21 18.1554
52.31 18.886
52.41 19.5512
52.51 19.532
52.61 18.7863
52.71 17.643
52.81 16.5453
52.91 15.7309
53.01 15.1462
53.11 14.3346
53.21 13.1482
53.31 11.5834
53.41 9.61651
53.51 7.58878
53.61 5.93475
53.71 4.51976
53.81 2.85495
53.91 0.606989
54.01 -2.07057
54.11 -4.86126
54.21 -7.37763
54.31 -9.66223
54.41 -12.0883
54.51 -14.582
54.61 -16.6579
54.71 -17.9012
54.81 -18.5171
54.91 -18.727
55.01 -18.1952
55.11 -17.1883
55.21 -15.8609
55.31 -14.0761
55.41 -12.288
55.51 -11.4595
55.61 -11.2856
55.71 -11.2217
55.81 -10.9816
55.91 -10.1491
56.01 -8.84086
56.11 -7.70211
56.21 -6.50536
56.31 -5.09361
56.41 -3.25599
56.51 -0.946061
56.61 1.45953
56.71 3.57221
56.81 5.77252
56.91 8.49284
57.01 11.4449
57.11 14.0427
57.21 15.6845
57.31 15.7419
57.41 14.3638
57.51 12.258
57.61 10.125
57.71 8.48505
57.81 7.45087
57.91 7.28476
58.01 8.55506
58.11 10.7158
58.21 12.7857
58.31 14.2982
58.41 14.9538
58.51 14.185
58.61 12.1448
58.71 9.71633
58.81 7.4839
58.91 5.50046
59.01 3.91236
59.11 2.55006
59.21 1.16469
59.31 -0.135533
59.41 -1.43698
59.51 -3.11429
59.61 -5.04928
59.71 -6.79426
59.81 -7.76684
59.91 -7.92167
60.01 -7.45455
60.11 -6.57425
60.21 -5.61223
60.31 -4.8606
60.41 -4.5949
60.51 -4.97823
60.61 -6.06858
60.71 -7.68233
60.81 -9.40626
60.91 -10.9666
61.01 -12.0696
61.11 -12.8034
61.21 -13.2836
61.31 -13.4652
61.41 -12.9907
61.51 -11.8626
61.61 -9.6745
61.71 -6.35472
61.81 -2.46653
61.91 1.68198
62.01 5.60547
62.11 8.68064
62.21 10.7489
62.31 11.781
62.41 11.7397
62.51 10.8173
62.61 9.4187
62.71 7.84263
62.81 5.98971
62.91 3.84844
63.01 1.73796
63.11 -0.34677
63.21 -2.52202
63.31 -4.50343
63.41 -5.57424
63.51 -5.3527
63.61 -4.0591
63.71 -2.19615
63.81 0.191463
63.91 3.14795
64.01 6.10871
64.11 8.53397
64.21 10.3741
64.31 11.7065
64.41 12.9725
64.51 14.0356
64.61 14.7274
64.71 15.1594
64.81 15.0699
64.91 14.6478
65.01 13.6751
65.11 12.059
65.21 9.9956
65.31 7.79418
65.41 5.75069
65.51 3.71466
65.61 1.50475
65.71 -0.720427
65.81 -3.16476
65.91 -6.07247
66.01 -9.26757
66.11 -12.3979
66.21 -15.2558
66.31 -17.9813
66.41 -20.2688
66.51 -21.8043
66.61 -22.5261
66.71 -22.6011
66.81 -21.8607
66.91 -20.0979
67.01 -17.6207
67.11 -14.9341
67.21 -11.743
67.31 -8.0034
67.41 -4.41997
67.51 -1.80504
67.61 -0.0746713
67.71 1.27533
67.81 2.62999
67.91 4.18469
68.01 6.24363
68.11 8.81303
68.21 11.2261
68.31 13.25
68.41 14.6594
68.51 15.4074
68.61 15.7339
68.71 15.6154
68.81 15.1523
68.91 14.6007
69.01 14.1598
69.11 13.7482
69.21 13.2295
69.31 12.0566
69.41 10.3374
69.51 8.57792
69.61 6.7269
69.71 4.77746
69.81 2.49244
69.91 0.166451
70.01 -1.75801
70.11 -2.95818
70.21 -3.62128
70.31 -4.16281
70.41 -4.90756
70.51 -5.88949
70.61 -7.03782
70.71 -8.00479
70.81 -8.26865
70.91 -7.70051
71.01 -6.79751
71.11 -5.95476
71.21 -5.46506
71.31 -5.16184
71.41 -4.79493
71.51 -4.26629
71.61 -4.0386
71.71 -3.8834
71.81 -3.66389
71.91 -3.13851
72.01 -2.48436
72.11 -1.94377
72.21 -1.48183
72.31 -1.4527
72.41 -1.66775
72.51 -1.743
72.61 -1.21252
72.71 -0.495452
72.81 0.155484
72.91 0.9213
73.01 2.01501
73.11 3.53711
73.21 5.03843
73.31 5.71711
73.41 5.68619
73.51 5.28351
73.61 5.25232
73.71 5.3136
73.81 5.1059
73.91 4.37101
74.01 3.04545
74.11 1.59586
74.21 0.881333
74.31 0.847531
74.41 1.19559
74.51 1.5656
74.61 1.62013
74.71 1.51673
74.81 1.32704
74.91 0.740692
75.01 0.0359698
75.11 -0.697378
75.21 -1.57543
75.31 -2.38236
75.41 -3.0993
75.51 -3.44152
75.61 -3.04602
75.71 -2.31915
75.81 -1.5011
75.91 -0.958617
76.01 -0.409358
76.11 0.419296
76.21 1.32627
76.31 2.00419
76.41 2.40793
76.51 2.26793
76.61 1.99898
76.71 1.61492
76.81 1.34095
76.91 0.974823
77.01 0.817094
77.11 1.0036
77.21 1.35821
77.31 1.69177
77.41 2.07416
77.51 2.41818
77.61 2.65422
77.71 2.93162
77.81 2.88375
77.91 2.66002
78.01 2.05936
78.11 1.10815
78.21 -0.186655
78.31 -1.61416
78.41 -2.49882
78.51 -2.821
78.61 -2.93519
78.71 -2.77561
78.81 -2.30935
78.91 -1.77248
79.01 -1.05902
79.11 -0.120169
79.21 1.08257
79.31 1.31665
79.41 0.894876
79.51 0.177094
79.61 -0.372147
79.71 -0.634354
79.81 -0.807457
79.91 -0.766371
80.01 -0.470377
80.11 -0.371579
80.21 -0.735166
80.31 -1.01815
80.41 -1.05834
80.51 -1.08099
80.61 -1.54347
80.71 -2.28768
80.81 -2.94669
80.91 -2.90312
81.01 -1.64733
81.11 0.331763
81.21 2.11334
81.31 3.06933
81.41 3.56706
81.51 3.76768
81.61 3.72872
81.71 3.21836
81.81 2.37067
81.91 1.59605
82.01 1.37171
82.11 1.65872
82.21 2.4613
82.31 3.37929
82.41 3.8988
82.51 3.78145
82.61 2.9803
82.71 2.12411
82.81 1.51796
82.91 1.24029
83.01 1.27766
83.11 1.20228
83.21 1.13921
83.31 1.32068
83.41 1.39296
83.51 1.08366
83.61 0.660814
83.71 0.0392152
83.81 -0.698222
83.91 -1.25849
84.01 -1.56171
84.11 -2.08329
84.21 -2.41444
84.31 -2.58137
84.41 -2.41666
84.51 -2.29301
84.61 -2.06569
84.71 -1.8406
84.81 -1.84898
84.91 -1.78168
85.01 -1.67705
85.11 -1.66841
85.21 -1.74741
85.31 -1.87067
85.41 -1.92396
85.51 -1.81533
85.61 -1.02629
85.71 0.249842
85.81 0.788029
85.91 0.711791
86.01 0.405846
86.11 0.500726
86.21 1.02028
86.31 1.55008
86.41 1.8949
86.51 1.94047
86.61 1.74741
86.71 1.69671
86.81 1.66919
86.91 1.37089
87.01 0.801027
87.11 0.243218
87.21 -0.0665155
87.31 -0.194457
87.41 -0.359446
87.51 -0.647718
87.61 -0.728085
87.71 -0.303131
87.81 0.258265
87.91 0.903628
88.01 1.60496
88.11 2.24216
88.21 2.67663
88.31 2.74085
88.41 2.32355
88.51 1.943
88.61 1.61862
88.71 1.36817
88.81 1.36355
88.91 1.49864
89.01 1.60683
89.11 1.44952
89.21 1.47718
89.31 1.05515
89.41 0.481041
89.51 -0.232367
89.61 -1.05729
89.71 -1.67295
89.81 -2.18201
89.91 -2.15419
90.01 -2.22841
90.11 -2.23323
90.21 -2.36182
90.31 -2.54465
90.41 -2.34096
90.51 -1.87513
90.61 -1.42031
90.71 -1.20956
90.81 -0.953884
90.91 -0.439541
91.01 0.174123
91.11 0.658402
91.21 1.02182
91.31 1.09824
91.41 0.876902
91.51 0.647728
91.61 0.451828
91.71 0.118344
91.81 -0.108882
91.91 -0.176717
92.01 -0.385254
92.11 -0.188137
92.21 0.158472
92.31 0.541693
92.41 0.973739
92.51 1.27336
92.61 1.85204
92.71 2.17593
92.81 2.15874
92.91 1.84135
93.01 1.59279
93.11 1.18249
93.21 0.608866
93.31 0.145129
93.41 -0.110661
93.51 0.0196774
93.61 0.353959
93.71 0.710435
93.81 1.02752
93.91 1.41495
94.01 1.4954
94.11 1.04434
94.21 0.768888
94.31 0.532617
94.41 0.524187
94.51 0.639006
94.61 0.785268
94.71 0.778526
94.81 0.714117
94.91 0.73434
95.01 0.728249
95.11 0.894656
95.21 0.677297
95.31 -0.0140173
95.41 -0.962463
95.51 -1.61776
95.61 -1.74506
95.71 -1.52828
95.81 -1.13542
95.91 -0.652835
96.01 -0.265567
96.11 0.0258336
96.21 0.336603
96.31 0.641231
96.41 0.855913
96.51 0.676649
96.61 0.411769
96.71 0.152706
96.81 0.076808
96.91 -0.0388863
97.01 -0.131895
97.11 -0.231818
97.21 -0.390902
97.31 -0.628768
97.41 -0.782409
97.51 -0.843661
97.61 -0.840369
97.71 -0.806224
97.81 -0.680336
97.91 -0.285584
98.01 0.133443
98.11 0.497212
98.21 0.619455
98.31 0.759478
98.41 0.904664
98.51 0.958555
98.61 1.05388
98.71 0.940053
98.81 0.78055
98.91 0.410325
99.01 0.325894
99.11 0.180903
99.21 -0.119451
99.31 -0.208125
99.41 0.0908466
99.51 0.727561
99.61 1.04048
99.71 1.14407
99.81 0.876762
99.91 0.59387
100.01 0.518055
100.11 0.488573
100.21 0.494595
100.31 0.371532
100.41 0.0579354
100.51 -0.0496942
100.61 0.140262
100.71 0.420266
100.81 0.520926
100.91 0.428723
101.01 0.113378
101.11 -0.116117
101.21 -0.129591
101.31 -0.072963
101.41 0.00556091
101.51 0.0694313
101.61 0.0142259
101.71 -0.0599737
101.81 -0.116984
101.91 -0.109994
102.01 -0.0627951
102.11 -0.0445638
102.21 0.10053
102.31 0.163009
102.41 0.141385
102.51 0.152489
102.61 0.0159243
102.71 -0.171241
102.81 -0.510468
102.91 -0.654527
103.01 -0.284996
103.11 -0.0709208
103.21 0.296254
103.31 0.481782
103.41 0.602657
103.51 0.672522
103.61 0.626551
103.71 0.564411
103.81 0.445582
103.91 0.316602
104.01 0.175946
104.11 0.108086
104.21 0.0860644
104.31 0.178842
104.41 0.0560036
104.51 -0.0384037
104.61 -0.206512
104.71 -0.0405059
104.81 -0.012076
104.91 0.012645
105.01 0.0203486
105.11 0.0833762
105.21 0.114719
105.31 0.134368
105.41 0.142798
105.51 0.140342
105.61 0.127069
105.71 0.0918285
105.81 0.0461572
105.91 0.0144273
106.01 -0.0015983
106.11 -0.0125196
106.21 -0.0175991
106.31 0.074894
106.41 0.074894
106.51 0.074894
106.61 0.074894
