0.81 -1.68199
0.91 -1.33668
1.01 -0.998034
1.11 -0.774303
1.21 -0.327498
1.31 0.546982
1.41 1.35207
1.51 1.93371
1.61 2.352
1.71 2.55815
1.81 2.72113
1.91 2.57321
2.01 2.63224
2.11 2.7733
2.21 2.82187
2.31 2.43795
2.41 1.91963
2.51 1.65902
2.61 1.53311
2.71 1.10026
2.81 0.465018
2.91 -0.0503748
3.01 -0.289795
3.11 -0.277762
3.21 -0.157334
3.31 0.118447
3.41 -0.148861
3.51 -0.691893
3.61 -0.977215
3.71 -0.803333
3.81 -0.547019
3.91 -0.301028
4.01 -0.185442
4.11 -0.220724
4.21 -0.329385
4.31 -0.368926
4.41 -0.47318
4.51 -0.588291
4.61 -0.673341
4.71 -0.516267
4.81 -0.0721136
4.91 0.548852
5.01 1.14069
5.11 1.27663
5.21 1.33901
5.31 1.50611
5.41 1.60183
5.51 1.55433
5.61 1.54619
5.71 1.52291
5.81 1.62334
5.91 1.67243
6.01 1.59229
6.11 1.34756
6.21 0.922552
6.31 0.543396
6.41 0.495925
6.51 0.553306
6.61 0.626328
6.71 0.74534
6.81 1.17511
6.91 1.55753
7.01 1.86315
7.11 2.36712
7.21 2.58067
7.31 2.15275
7.41 1.323
7.51 0.330216
7.61 -0.663026
7.71 -1.49959
7.81 -2.22035
7.91 -2.93457
8.01 -3.30661
8.11 -2.92899
8.21 -1.84966
8.31 -0.605307
8.41 0.468821
8.51 1.32061
8.61 1.86533
8.71 2.27377
8.81 2.69869
8.91 3.17094
9.01 3.40573
9.11 3.44633
9.21 3.14879
9.31 2.41782
9.41 1.28881
9.51 -0.0925773
9.61 -1.24178
9.71 -1.79052
9.81 -2.01839
9.91 -2.11716
10.01 -2.33198
10.11 -2.54593
10.21 -2.16991
10.31 -1.13854
10.41 -0.107105
10.51 0.968205
10.61 2.55602
10.71 4.60371
10.81 6.62384
10.91 7.86254
11.01 7.85598
11.11 6.84184
11.21 4.70883
11.31 1.54778
11.41 -2.24047
11.51 -6.03834
11.61 -9.34928
11.71 -11.4026
11.81 -12.0095
11.91 -11.4114
12.01 -9.57901
12.11 -6.58146
12.21 -2.40427
12.31 2.72109
12.41 7.93296
12.51 12.2638
12.61 15.2963
12.71 16.6997
12.81 16.3777
12.91 14.4596
13.01 10.9248
13.11 5.80892
13.21 -0.256529
13.31 -6.02058
13.41 -10.6473
13.51 -13.5593
13.61 -14.9614
13.71 -14.8546
13.81 -12.9474
13.91 -9.4843
14.01 -4.89519
14.11 0.646757
14.21 6.94959
14.31 14.06
14.41 21.4176
14.51 27.5428
14.61 30.0005
14.71 26.4368
14.81 15.5127
14.91 -3.83643
15.01 -32.412
15.11 -67.218
15.21 -97.8816
15.31 -113.101
15.41 -107.863
15.51 -82.5107
15.61 -37.259
15.71 26.5411
15.81 101.349
15.91 170.309
16.01 215.216
16.11 228.63
16.21 205.398
16.31 129.808
16.41 5.18252
16.51 -130.523
16.61 -228.786
16.71 -270.352
16.81 -271.915
16.91 -240.734
17.01 -181.403
17.11 -110.812
17.21 -48.257
17.31 -0.748353
17.41 34.0536
17.51 61.6987
17.61 84.0897
17.71 102.592
17.81 117.953
17.91 129.058
18.01 133.21
18.11 127.299
18.21 109.479
18.31 81.4287
18.41 50.4355
18.51 24.0403
18.61 5.43077
18.71 -7.5336
18.81 -18.2289
18.91 -30.6516
19.01 -48.1674
19.11 -71.4837
19.21 -94.888
19.31 -110.967
19.41 -116.101
19.51 -110.227
19.61 -95.0824
19.71 -75.7238
19.81 -57.7726
19.91 -44.214
20.01 -34.1183
20.11 -24.4922
20.21 -12.522
20.31 3.90824
20.41 25.5738
20.51 51.1012
20.61 77.243
20.71 98.6728
20.81 112.079
20.91 116.333
21.01 111.538
21.11 99.8261
21.21 83.7514
21.31 65.6334
21.41 45.9802
21.51 24.6415
21.61 2.25597
21.71 -19.768
21.81 -39.5078
21.91 -55.259
22.01 -65.3974
22.11 -69.4811
22.21 -69.3495
22.31 -67.4857
22.41 -65.1351
22.51 -62.0164
22.61 -57.9524
22.71 -52.8022
22.81 -46.4734
22.91 -39.1764
23.01 -31.6813
23.11 -24.6088
23.21 -17.5066
23.31 -9.60021
23.41 -0.914716
23.51 8.15623
23.61 16.737
23.71 23.9479
23.81 28.8653
23.91 31.4446
24.01 32.4048
24.11 33.1572
24.21 35.1304
24.31 38.8323
24.41 43.9556
24.51 49.5487
24.61 53.3908
24.71 53.7357
24.81 50.5847
24.91 44.4196
25.01 36.5814
25.11 28.3382
25.21 20.0023
25.31 11.1008
25.41 1.4686
25.51 -8.53558
25.61 -18.2629
25.71 -26.6532
25.81 -32.7877
25.91 -36.4243
26.01 -38.0851
26.11 -38.8706
26.21 -40.1785
26.31 -42.2843
26.41 -44.9816
26.51 -47.1222
26.61 -47.6969
26.71 -45.8737
26.81 -42.0835
26.91 -37.2601
27.01 -31.8436
27.11 -26.2958
27.21 -20.9675
27.31 -15.7096
27.41 -10.0592
27.51 -3.43065
27.61 3.9678
27.71 11.4395
27.81 18.0757
27.91 23.4816
28.01 28.071
28.11 32.4243
28.21 36.4863
28.31 39.7465
28.41 41.858
28.51 42.7216
28.61 42.4109
28.71 41.0246
28.81 38.9676
28.91 36.8762
29.01 34.7079
29.11 32.4963
29.21 30.2216
29.31 27.7132
29.41 23.9679
29.51 18.5254
29.61 12.2437
29.71 6.01624
29.81 0.204914
29.91 -5.22661
30.01 -10.5701
30.11 -16.3433
30.21 -22.8044
30.31 -29.1701
30.41 -34.808
30.51 -39.7092
30.61 -43.6119
30.71 -45.7779
30.81 -46.193
30.91 -45.4983
31.01 -44.6551
31.11 -43.5664
31.21 -41.6196
31.31 -38.4635
31.41 -34.2742
31.51 -29.1756
31.61 -23.4272
31.71 -17.4945
31.81 -11.4756
31.91 -5.50056
32.01 0.496091
32.11 6.3135
32.21 11.7635
32.31 16.8704
32.41 21.3712
32.51 25.3183
32.61 28.6123
32.71 31.2156
32.81 33.1139
32.91 34.3729
33.01 35.2849
33.11 35.8339
33.21 35.8612
33.31 35.2066
33.41 33.8585
33.51 32.2399
33.61 30.6063
33.71 28.817
33.81 26.6637
33.91 24.1646
34.01 21.3495
34.11 18.1008
34.21 14.2886
34.31 9.83735
34.41 4.79593
34.51 -0.726786
34.61 -6.49468
34.71 -12.138
34.81 -17.3577
34.91 -22.11
35.01 -26.1734
35.11 -29.2103
35.21 -31.342
35.31 -32.4454
35.41 -32.4167
35.51 -31.5053
35.61 -30.1813
35.71 -28.9762
35.81 -28.0256
35.91 -27.2838
36.01 -26.6291
36.11 -25.7001
36.21 -24.781
36.31 -23.8987
36.41 -22.6146
36.51 -20.5085
36.61 -17.7005
36.71 -14.0306
36.81 -9.31521
36.91 -3.8102
37.01 2.04704
37.11 7.84898
37.21 12.9032
37.31 16.9532
37.41 20.1087
37.51 22.538
37.61 23.9791
37.71 24.7881
37.81 25.4597
37.91 26.0027
38.01 26.0594
38.11 25.5998
38.21 25.0363
38.31 24.6598
38.41 24.4557
38.51 24.2582
38.61 23.8068
38.71 22.9875
38.81 21.987
38.91 20.5172
39.01 18.3015
39.11 15.7898
39.21 13.2123
39.31 10.6251
39.41 7.70698
39.51 4.25035
39.61 0.440327
39.71 -3.09957
39.81 -6.44365
39.91 -9.733
40.01 -12.6794
40.11 -15.0794
40.21 -17.026
40.31 -18.7188
40.41 -20.5183
40.51 -22.4842
40.61 -24.1761
40.71 -25.1455
40.81 -25.1176
40.91 -24.6524
41.01 -24.4861
41.11 -24.6621
41.21 -24.7173
41.31 -24.4312
41.41 -23.3987
41.51 -21.6612
41.61 -19.4019
41.71 -16.7899
41.81 -13.6972
41.91 -10.1336
42.01 -6.53602
42.11 -3.48488
42.21 -0.793054
42.31 2.20148
42.41 5.53555
42.51 8.91999
42.61 12.003
42.71 14.7054
42.81 17.1414
42.91 19.3317
43.01 21.173
43.11 22.5405
43.21 23.4922
43.31 24.11
43.41 24.4273
43.51 24.2802
43.61 23.6434
43.71 22.7282
43.81 21.604
43.91 20.2952
44.01 18.7134
44.11 16.9995
44.21 14.8507
44.31 12.5875
44.41 10.7929
44.51 9.23793
44.61 7.48446
44.71 5.37606
44.81 3.28185
44.91 1.37791
45.01 -0.412054
45.11 -2.42045
45.21 -5.12269
45.31 -8.33226
45.41 -11.6163
45.51 -14.2356
45.61 -16.0529
45.71 -16.9784
45.81 -17.6185
45.91 -18.3051
46.01 -19.0322
46.11 -19.842
46.21 -20.3929
46.31 -20.633
46.41 -20.286
46.51 -19.2137
46.61 -17.8382
46.71 -16.5502
46.81 -15.1556
46.91 -13.3635
47.01 -11.0153
47.11 -8.5652
47.21 -6.33435
47.31 -4.54611
47.41 -2.84403
47.51 -0.844217
47.61 1.30907
47.71 3.30396
47.81 5.28154
47.91 7.35513
48.01 9.53766
48.11 11.6731
48.21 13.4641
48.31 14.6682
48.41 15.1857
48.51 15.402
48.61 15.6584
48.71 16.0275
48.81 16.2469
48.91 16.1632
49.01 16.0947
49.11 16.0143
49.21 15.6266
49.31 15.0811
49.41 14.1142
49.51 12.7797
49.61 11.3347
49.71 10.039
49.81 9.08927
49.91 8.02586
50.01 6.40101
50.11 4.55544
50.21 2.93168
50.31 1.60651
50.41 0.0379278
50.51 -2.07745
50.61 -4.16497
50.71 -5.84629
50.81 -7.22431
50.91 -8.27266
51.01 -9.27451
51.11 -10.3637
51.21 -11.4647
51.31 -12.4324
51.41 -13.0548
51.51 -13.0835
51.61 -12.9882
51.71 -12.9071
51.81 -12.794
51.91 -12.7353
52.01 -12.7434
52.11 -12.4847
52.21 -11.8802
52.31 -10.8713
52.41 -9.46694
52.51 -7.97447
52.61 -6.13351
52.71 -3.87682
52.81 -1.4386
52.91 0.858863
53.01 2.69964
53.11 4.06486
53.21 4.71057
53.31 4.6701
53.41 4.04622
53.51 3.31641
53.61 3.24263
53.71 4.14306
53.81 5.8758
53.91 7.9485
54.01 10.0567
54.11 11.7406
54.21 12.982
54.31 13.993
54.41 14.7339
54.51 14.921
54.61 14.4404
54.71 13.2514
54.81 11.7376
54.91 10.0978
55.01 8.55975
55.11 7.05724
55.21 5.45016
55.31 3.59953
55.41 1.69535
55.51 0.064873
55.61 -0.951803
55.71 -1.54623
55.81 -1.85474
55.91 -2.07128
56.01 -2.22892
56.11 -1.98667
56.21 -1.22548
56.31 -0.403834
56.41 0.144827
56.51 0.209999
56.61 -0.32577
56.71 -1.51375
56.81 -3.43309
56.91 -5.66518
57.01 -7.79797
57.11 -9.53036
57.21 -10.6363
57.31 -10.8951
57.41 -10.6118
57.51 -10.1805
57.61 -9.3879
57.71 -8.31606
57.81 -7.01094
57.91 -5.14754
58.01 -3.13872
58.11 -1.23635
58.21 0.751603
58.31 2.59036
58.41 3.77701
58.51 4.15156
58.61 3.98833
58.71 3.42895
58.81 2.68638
58.91 1.85791
59.01 1.02277
59.11 0.11628
59.21 -0.779907
59.31 -1.69709
59.41 -2.60696
59.51 -3.05819
59.61 -3.17519
59.71 -2.75025
59.81 -1.26977
59.91 0.939103
60.01 3.4775
60.11 5.7806
60.21 7.75047
60.31 9.22025
60.41 10.5629
60.51 11.8838
60.61 13.021
60.71 14.0552
60.81 14.7932
60.91 14.845
61.01 13.9652
61.11 12.2156
61.21 9.93191
61.31 7.36447
61.41 4.7819
61.51 2.13245
61.61 -0.324292
61.71 -2.4514
61.81 -4.04672
61.91 -4.89589
62.01 -5.34419
62.11 -5.69488
62.21 -6.03717
62.31 -6.35125
62.41 -6.75853
62.51 -7.26189
62.61 -8.15401
62.71 -9.28154
62.81 -10.0284
62.91 -9.69129
63.01 -8.33134
63.11 -6.71979
63.21 -5.28066
63.31 -3.69624
63.41 -2.05036
63.51 -0.934488
63.61 -0.407819
63.71 -0.130404
63.81 0.0802156
63.91 0.390311
64.01 1.05737
64.11 1.73401
64.21 2.09654
64.31 1.92438
64.41 1.68488
64.51 1.68928
64.61 1.91909
64.71 2.1058
64.81 2.34499
64.91 2.70593
65.01 3.37893
65.11 4.15323
65.21 4.56482
65.31 4.45154
65.41 4.16461
65.51 4.19221
65.61 4.51826
65.71 4.82597
65.81 4.95388
65.91 4.74866
66.01 4.23313
66.11 3.62156
66.21 2.90276
66.31 2.10171
66.41 1.20907
66.51 0.342557
66.61 -0.490853
66.71 -1.14153
66.81 -1.70594
66.91 -1.82898
67.01 -1.44917
67.11 -0.639111
67.21 0.524825
67.31 1.46559
67.41 2.01233
67.51 2.24008
67.61 2.19785
67.71 2.03432
67.81 1.83721
67.91 1.52154
68.01 0.925348
68.11 0.549224
68.21 0.635282
68.31 0.766212
68.41 0.294767
68.51 -0.315747
68.61 -0.892645
68.71 -1.39966
68.81 -1.75044
68.91 -1.94177
69.01 -1.77578
69.11 -1.45831
69.21 -1.00319
69.31 -0.751058
69.41 -0.713289
69.51 -0.835721
69.61 -0.873752
69.71 -1.13524
69.81 -1.29123
69.91 -1.2928
70.01 -1.16766
70.11 -0.678151
70.21 -0.158051
70.31 0.473057
70.41 0.970008
70.51 1.28752
70.61 1.57386
70.71 1.66926
70.81 1.59063
70.91 0.911527
71.01 0.086494
71.11 -0.553217
71.21 -0.738526
71.31 -1.39735
71.41 -1.94429
71.51 -2.28735
71.61 -2.21776
71.71 -1.71619
71.81 -0.722392
71.91 0.196997
72.01 0.863566
72.11 1.53721
72.21 2.125
72.31 2.75097
72.41 3.18092
72.51 3.27053
72.61 3.1377
72.71 2.85641
72.81 2.64813
72.91 2.39348
73.01 2.21615
73.11 1.76315
73.21 1.31587
73.31 1.02385
73.41 0.895658
73.51 0.784108
73.61 0.884684
73.71 1.0405
73.81 1.03703
73.91 1.0269
74.01 0.918144
74.11 0.797865
74.21 0.855985
74.31 0.909981
74.41 0.774699
74.51 0.516237
74.61 0.193762
74.71 -0.106948
74.81 -0.401116
74.91 -0.509773
75.01 -0.28218
75.11 0.125291
75.21 0.607268
75.31 1.33821
75.41 1.72278
75.51 1.71001
75.61 0.842606
75.71 -0.318042
75.81 -1.54709
75.91 -2.6058
76.01 -3.10755
76.11 -3.43133
76.21 -3.47346
76.31 -3.05404
76.41 -2.46551
76.51 -2.24753
76.61 -2.13594
76.71 -2.21691
76.81 -2.47431
76.91 -2.61871
77.01 -2.60329
77.11 -2.22147
77.21 -1.54439
77.31 -0.535384
77.41 0.629357
77.51 1.69536
77.61 2.8045
77.71 3.40905
77.81 3.80162
77.91 3.81502
78.01 3.93329
78.11 4.17451
78.21 4.16953
78.31 3.76992
78.41 3.33721
78.51 2.52906
78.61 1.93152
78.71 1.37741
78.81 0.683876
78.91 0.235975
79.01 -0.224398
79.11 -0.589237
79.21 -0.510533
79.31 -0.118465
79.41 0.572004
79.51 0.793708
79.61 1.02971
79.71 1.39281
79.81 1.5522
79.91 1.24037
80.01 0.69057
80.11 0.0199441
80.21 -0.654741
80.31 -1.25908
80.41 -1.50847
80.51 -1.33709
80.61 -0.891723
80.71 -0.272604
80.81 0.11313
80.91 0.265846
81.01 0.281666
81.11 -0.0929047
81.21 -0.437589
81.31 -0.39973
81.41 -0.364943
81.51 -0.511296
81.61 -0.787998
81.71 -1.15256
81.81 -1.40169
81.91 -1.54208
82.01 -1.3573
82.11 -1.23643
82.21 -0.681103
82.31 0.122278
82.41 0.812607
82.51 1.27239
82.61 1.30507
82.71 1.26181
82.81 0.921219
82.91 0.764876
83.01 0.780956
83.11 0.62709
83.21 0.0271336
83.31 -0.388603
83.41 -0.298169
83.51 -0.0492097
83.61 0.177493
83.71 0.297922
83.81 0.463423
83.91 0.558801
84.01 0.798425
84.11 1.07212
84.21 1.17503
84.31 1.35567
84.41 1.36068
84.51 1.12116
84.61 0.913971
84.71 0.946406
84.81 1.04536
84.91 1.19757
85.01 1.14799
85.11 1.22905
85.21 1.41343
85.31 1.62658
85.41 1.4462
85.51 1.48526
85.61 1.46999
85.71 1.33651
85.81 1.02308
85.91 0.579252
86.01 0.0446646
86.11 -0.246812
86.21 -0.24381
86.31 -0.176074
86.41 -0.19237
86.51 -0.398271
86.61 -0.807567
86.71 -1.20128
86.81 -1.35805
86.91 -1.47401
87.01 -1.40222
87.11 -1.40533
87.21 -1.26841
87.31 -0.70294
87.41 -0.0168846
87.51 0.516905
87.61 0.930302
87.71 1.0774
87.81 0.87028
87.91 0.364587
88.01 -0.123132
88.11 -0.580572
88.21 -0.557356
88.31 -0.600402
88.41 -0.392587
88.51 -0.235838
88.61 -0.0981466
88.71 -0.00185928
88.81 0.0642993
88.91 0.132013
89.01 0.581569
89.11 0.716129
89.21 0.868748
89.31 0.767072
89.41 0.607816
89.51 0.453214
89.61 0.432683
89.71 0.526097
89.81 0.425945
89.91 0.118526
90.01 -0.107383
90.11 0.0354558
90.21 0.300427
90.31 0.359806
90.41 0.212182
90.51 -0.0800501
90.61 -0.261747
90.71 -0.107638
90.81 0.00623819
90.91 0.158579
91.01 0.347442
91.11 0.500844
91.21 0.806807
91.31 1.15351
91.41 1.31408
91.51 1.19401
91.61 0.968659
91.71 0.678262
91.81 0.469668
91.91 0.229131
92.01 0.16941
92.11 -0.175246
92.21 -0.461931
92.31 -0.54313
92.41 -0.326122
92.51 -0.113801
92.61 0.0214225
92.71 0.109856
92.81 0.294769
92.91 0.482828
93.01 0.639436
93.11 0.717171
93.21 0.681262
93.31 0.312133
93.41 -0.116621
93.51 -0.466558
93.61 -0.488845
93.71 -0.394298
93.81 -0.226237
93.91 0.209067
94.01 0.713509
94.11 1.03318
94.21 0.965506
94.31 0.744115
94.41 0.513885
94.51 -0.0685218
94.61 -0.384741
94.71 -0.666268
94.81 -0.804275
94.91 -0.854356
95.01 -0.763796
95.11 -0.579594
95.21 -0.317116
95.31 -0.0960241
95.41 -0.0442287
95.51 -0.130116
95.61 -0.0811929
95.71 0.0427411
95.81 0.118757
95.91 0.124287
96.01 0.160581
96.11 0.263124
96.21 0.401483
96.31 0.552403
96.41 0.750916
96.51 0.952812
96.61 1.03192
96.71 0.957978
96.81 0.448309
96.91 0.37148
97.01 0.237937
97.11 -0.0183129
97.21 -0.081513
97.31 -0.0300019
97.41 0.219494
97.51 0.20551
97.61 0.245475
97.71 0.102827
97.81 0.0664604
97.91 -0.102256
98.01 -0.222159
98.11 -0.325016
98.21 -0.29789
98.31 0.0447984
98.41 0.21158
98.51 0.293244
98.61 0.185064
98.71 0.0525686
98.81 -0.0607078
98.91 -0.0384583
99.01 0.0024718
99.11 0.0191314
99.21 0.0175549
99.31 0.0232029
99.41 0.0281596
99.51 0.00508493
99.61 0.0733988
99.71 0.0582856
99.81 0.0398417
99.91 0.0750056
100.01 0.035922
100.11 0.0019355
100.21 -0.0255492
100.31 -0.0474935
100.41 -0.0564666
100.51 0.00721319
100.61 -0.0240466
100.71 -0.053863
100.81 -0.0810551
100.91 -0.0883468
101.01 -0.074753
101.11 -0.0498724
101.21 -0.0128015
101.31 0.04253
101.41 0.0984829
101.51 0.136967
101.61 0.155781
101.71 0.161228
101.81 0.0835858
101.91 0.0835858
102.01 0.0835858
102.11 0.0835858
102.21 0.0835858
102.31 0.0835858
102.41 0.0835858
102.51 0.0835858
102.61 0.0835858
102.71 0.0835858
102.81 0.0835858
102.91 0.0835858
103.01 0.0835858
103.11 0.0835858
