-5.21 0.567314
-5.11 1.12222
-5.01 1.25744
-4.91 1.48322
-4.81 1.59334
-4.71 1.69018
-4.61 1.33039
-4.51 0.566642
-4.41 -0.261548
-4.31 -1.07642
-4.21 -1.4415
-4.11 -1.21319
-4.01 -0.865931
-3.91 -0.318785
-3.81 -0.0532589
-3.71 0.24143
-3.61 0.516345
-3.51 0.993903
-3.41 1.57322
-3.31 1.62605
-3.21 1.20259
-3.11 0.662602
-3.01 0.624453
-2.91 0.859279
-2.81 0.986397
-2.71 0.881715
-2.61 0.731993
-2.51 0.834911
-2.41 1.08346
-2.31 0.890013
-2.21 0.395056
-2.11 0.130807
-2.01 0.226509
-1.91 0.671882
-1.81 1.59987
-1.71 2.26949
-1.61 2.58316
-1.51 2.59817
-1.41 2.18441
-1.31 1.39891
-1.21 0.573041
-1.11 0.00215954
-1.01 -0.302376
-0.91 -0.174479
-0.81 0.0132649
-0.71 0.308251
-0.61 0.745223
-0.51 1.13667
-0.41 1.28395
-0.31 1.07229
-0.21 0.569459
-0.11 -0.392416
-0.01 -1.45132
0.09 -2.30836
0.19 -2.48342
0.29 -1.92902
0.39 -1.46883
0.49 -1.23022
0.59 -1.03729
0.69 -1.02434
0.79 -0.788725
0.89 -0.40159
0.99 0.159603
1.09 0.655115
1.19 1.04749
1.29 1.48783
1.39 2.28376
1.49 3.10865
1.59 3.72379
1.69 4.21001
1.79 4.68955
1.89 4.75878
1.99 4.26211
2.09 3.2401
2.19 2.35364
2.29 1.66372
2.39 1.20362
2.49 0.723429
2.59 -0.0166453
2.69 -0.739202
2.79 -1.06083
2.89 -1.14021
2.99 -1.12185
3.09 -1.11857
3.19 -1.28928
3.29 -1.40985
3.39 -1.07154
3.49 -0.497415
3.59 0.163777
3.69 0.961005
3.79 1.47844
3.89 1.37282
3.99 1.15945
4.09 0.751623
4.19 0.133865
4.29 -0.585109
4.39 -1.11225
4.49 -1.28852
4.59 -1.23636
4.69 -1.09756
4.79 -0.879716
4.89 -0.351303
4.99 0.418235
5.09 1.22496
5.19 2.01363
5.29 2.45256
5.39 2.45972
5.49 2.11953
5.59 1.71241
5.69 1.62165
5.79 1.82342
5.89 2.04207
5.99 2.08639
6.09 2.3529
6.19 2.64894
6.29 2.84057
6.39 2.8926
6.49 2.36333
6.59 1.39347
6.69 -0.0713148
6.79 -1.88309
6.89 -4.26067
6.99 -7.00859
7.09 -9.31105
7.19 -10.3936
7.29 -9.41918
7.39 -6.76613
7.49 -3.00698
7.59 1.20871
7.69 5.54327
7.79 9.62237
7.89 12.7617
7.99 14.6298
8.09 15.5194
8.19 15.0698
8.29 13.0527
8.39 9.60438
8.49 5.26076
8.59 0.386309
8.69 -4.65555
8.79 -9.27847
8.89 -13.2003
8.99 -16.3811
9.09 -18.6388
9.19 -19.2104
9.29 -17.1368
9.39 -12.275
9.49 -5.13483
9.59 3.39525
9.69 12.5768
9.79 22.0564
9.89 30.212
9.99 34.5299
10.09 32.8107
10.19 22.5984
10.29 1.27544
10.39 -30.1767
10.49 -66.6313
10.59 -97.2904
10.69 -111.813
10.79 -105.95
10.89 -79.7663
10.99 -32.7663
11.09 32.6618
11.19 106.229
11.29 171.4
11.39 211.514
11.49 220.732
11.59 191.473
11.69 107.752
11.79 -18.3668
11.89 -142.586
11.99 -220.753
12.09 -247.749
12.19 -239.471
12.29 -201.674
12.39 -144.996
12.49 -87.0518
12.59 -41.3302
12.69 -10.1107
12.79 10.1886
12.89 24.1853
12.99 36.9929
13.09 53.5753
13.19 76.6824
13.29 105.435
13.39 132.676
13.49 148.777
13.59 149.62
13.69 135.138
13.79 107.881
13.89 73.4297
13.99 39.2842
14.09 8.70297
14.19 -20.053
14.29 -48.6749
14.39 -77.3655
14.49 -103.784
14.59 -123.108
14.69 -131.258
14.79 -125.766
14.89 -109.191
14.99 -87.7502
15.09 -68.3495
15.19 -55.3981
15.29 -49.0597
15.39 -45.937
15.49 -40.7782
15.59 -29.426
15.69 -9.52373
15.79 19.6994
15.89 56.3774
15.99 92.9059
16.09 119.906
16.19 133.034
16.29 132.82
16.39 120.365
16.49 100.276
16.59 78.3855
16.69 58.1482
16.79 39.8124
16.89 22.171
16.99 3.9379
17.09 -15.1768
17.19 -33.9202
17.29 -50.1332
17.39 -62.1464
17.49 -69.8409
17.59 -74.3065
17.69 -76.295
17.79 -76.2368
17.89 -73.9519
17.99 -69.0507
18.09 -60.7599
18.19 -49.1667
18.29 -35.417
18.39 -21.5433
18.49 -10.1483
18.59 -2.03804
18.69 3.23561
18.79 6.94334
18.89 10.5623
18.99 14.7287
19.09 19.2368
19.19 23.5749
19.29 27.4407
19.39 30.6773
19.49 33.5676
19.59 36.7277
19.69 40.5228
19.79 44.8163
19.89 48.3517
19.99 49.7987
20.09 48.8609
20.19 45.6646
20.29 40.6335
20.39 34.6134
20.49 28.5199
20.59 22.4245
20.69 15.6199
20.79 6.92942
20.89 -3.97487
20.99 -16.1298
21.09 -27.4183
21.19 -36.1711
21.29 -41.6763
21.39 -43.7137
21.49 -43.3992
21.59 -42.8972
21.69 -43.7642
21.79 -45.9326
21.89 -48.1131
21.99 -48.9874
22.09 -48.0879
22.19 -45.0387
22.29 -39.9346
22.39 -33.7255
22.49 -26.9307
22.59 -20.0691
22.69 -13.3357
22.79 -6.64538
22.89 0.257622
22.99 7.31211
23.09 14.2673
23.19 20.9183
23.29 26.783
23.39 31.5997
23.49 35.1401
23.59 37.5534
23.69 39.735
23.79 42.1376
23.89 44.1003
23.99 45.0101
24.09 44.6996
24.19 43.3093
24.29 41.0869
24.39 38.3055
24.49 35.2319
24.59 31.9053
24.69 28.1261
24.79 23.8214
24.89 19.0184
24.99 13.4088
25.09 7.00456
25.19 -0.435701
25.29 -8.60759
25.39 -16.4973
25.49 -23.7933
25.59 -30.6646
25.69 -37.0845
25.79 -42.9216
25.89 -47.6848
25.99 -50.2682
26.09 -50.8145
26.19 -50.1621
26.29 -48.5891
26.39 -46.4815
26.49 -43.9886
26.59 -41.0354
26.69 -37.1622
26.79 -32.574
26.89 -27.6658
26.99 -22.6338
27.09 -16.9705
27.19 -10.7906
27.29 -4.82156
27.39 0.355317
27.49 5.34095
27.59 10.1597
27.69 15.1352
27.79 20.6969
27.89 26.2126
27.99 30.9478
28.09 34.8061
28.19 37.9213
28.29 40.2625
28.39 41.867
28.49 42.717
28.59 42.9347
28.69 42.4194
28.79 40.8963
28.89 38.4076
28.99 35.4589
29.09 32.3675
29.19 29.4227
29.29 26.1275
29.39 21.9247
29.49 16.9204
29.59 11.705
29.69 6.42663
29.79 0.539849
29.89 -5.57466
29.99 -11.6878
30.09 -17.6874
30.19 -22.8768
30.29 -26.5032
30.39 -29.0946
30.49 -31.0656
30.59 -32.8897
30.69 -34.3238
30.79 -35.3114
30.89 -36.1466
30.99 -37.118
31.09 -37.9124
31.19 -37.7825
31.29 -36.5248
31.39 -34.5376
31.49 -31.8485
31.59 -28.0583
31.69 -23.681
31.79 -19.3613
31.89 -15.3261
31.99 -11.33
32.09 -7.44259
32.19 -3.72383
32.29 0.163605
32.39 4.21459
32.49 8.24477
32.59 12.2901
32.69 16.3556
32.79 20.3932
32.89 24.0851
32.99 26.6069
33.09 28.1295
33.19 29.3848
33.29 30.5077
33.39 31.3216
33.49 31.8569
33.59 31.6326
33.69 31.0446
33.79 30.2416
33.89 29.1415
33.99 27.8051
34.09 26.0648
34.19 24.2438
34.29 22.174
34.39 19.642
34.49 16.5066
34.59 12.8314
34.69 8.42509
34.79 3.88807
34.89 -0.270922
34.99 -4.03082
35.09 -7.29635
35.19 -10.1451
35.29 -12.696
35.39 -15.0253
35.49 -17.183
35.59 -19.4262
35.69 -21.9436
35.79 -24.5013
35.89 -26.8079
35.99 -28.5374
36.09 -29.7228
36.19 -30.3756
36.29 -30.4018
36.39 -29.8928
36.49 -28.5987
36.59 -26.6918
36.69 -24.4053
36.79 -21.8426
36.89 -19.475
36.99 -17.0522
37.09 -14.4914
37.19 -11.9266
37.29 -8.94036
37.39 -5.4966
37.49 -1.51357
37.59 2.80366
37.69 6.97245
37.79 10.9197
37.89 14.6512
37.99 17.534
38.09 19.7585
38.19 21.4214
38.29 22.44
38.39 23.3491
38.49 24.2092
38.59 24.9623
38.69 25.6163
38.79 25.8189
38.89 25.263
38.99 24.0668
39.09 22.5933
39.19 20.9709
39.29 19.368
39.39 17.7098
39.49 16.0803
39.59 14.2115
39.69 12.251
39.79 10.3413
39.89 8.77471
39.99 7.2138
40.09 5.31843
40.19 2.65131
40.29 -0.738503
40.39 -4.55486
40.49 -8.23798
40.59 -11.2448
40.69 -13.629
40.79 -15.5334
40.89 -16.8919
40.99 -17.6482
41.09 -18.0072
41.19 -18.149
41.29 -17.8315
41.39 -17.6737
41.49 -17.6221
41.59 -17.6359
41.69 -17.7552
41.79 -17.8826
41.89 -17.722
41.99 -17.0456
42.09 -15.8971
42.19 -14.6975
42.29 -13.4036
42.39 -12.0905
42.49 -10.7299
42.59 -9.31676
42.69 -7.72096
42.79 -5.67072
42.89 -3.23248
42.99 -0.442395
43.09 2.49338
43.19 4.9521
43.29 7.20321
43.39 9.54856
43.49 11.8662
43.59 14.1827
43.69 16.0891
43.79 17.3541
43.89 17.7653
43.99 17.6621
44.09 17.5002
44.19 17.0948
44.29 16.5817
44.39 16.1031
44.49 16.0097
44.59 16.2755
44.69 16.1863
44.79 15.6815
44.89 14.6756
44.99 13.2566
45.09 11.6546
45.19 10.0824
45.29 8.47949
45.39 6.8585
45.49 5.10623
45.59 3.13479
45.69 1.13551
45.79 -0.675601
45.89 -2.49639
45.99 -4.35571
46.09 -6.13735
46.19 -7.68631
46.29 -8.84856
46.39 -9.94819
46.49 -11.2178
46.59 -12.5214
46.69 -13.5724
46.79 -14.4072
46.89 -14.7311
46.99 -14.7526
47.09 -14.7691
47.19 -14.4101
47.29 -13.858
47.39 -12.9792
47.49 -11.7647
47.59 -10.7095
47.69 -10.0362
47.79 -9.60154
47.89 -9.05698
47.99 -7.99117
48.09 -6.20942
48.19 -4.17644
48.29 -2.38062
48.39 -0.58058
48.49 1.49097
48.59 3.76841
48.69 5.9211
48.79 7.79499
48.89 8.85126
48.99 9.22039
49.09 8.92069
49.19 8.25072
49.29 7.63074
49.39 7.53592
49.49 8.05966
49.59 9.25707
49.69 10.6524
49.79 11.9048
49.89 12.6751
49.99 12.8564
50.09 12.1654
50.19 10.7219
50.29 9.33125
50.39 8.15538
50.49 7.18691
50.59 6.40247
50.69 5.74677
50.79 5.38647
50.89 5.28239
50.99 4.88875
51.09 4.33827
51.19 3.8703
51.29 3.68502
51.39 3.66103
51.49 3.64102
51.59 3.44098
51.69 2.65376
51.79 0.950186
51.89 -1.22691
51.99 -3.51058
52.09 -5.93316
52.19 -8.38051
52.29 -10.6105
52.39 -12.5843
52.49 -14.3452
52.59 -15.847
52.69 -16.5968
52.79 -16.3808
52.89 -15.4661
52.99 -13.7431
53.09 -11.3021
53.19 -8.13254
53.29 -4.2373
53.39 0.0827784
53.49 4.31872
53.59 7.82909
53.69 10.1339
53.79 11.078
53.89 10.4424
53.99 8.18736
54.09 5.00811
54.19 1.90802
54.29 -0.796885
54.39 -3.00596
54.49 -4.91646
54.59 -6.28567
54.69 -7.05611
54.79 -7.0178
54.89 -5.99841
54.99 -4.48897
55.09 -3.02118
55.19 -1.45314
55.29 0.0686349
55.39 1.55686
55.49 3.06057
55.59 4.53597
55.69 5.77901
55.79 6.89554
55.89 8.45127
55.99 10.681
56.09 13.3738
56.19 15.6086
56.29 16.9372
56.39 17.3489
56.49 16.9125
56.59 15.6775
56.69 13.8242
56.79 11.5028
56.89 9.0014
56.99 6.72822
57.09 5.15724
57.19 3.88457
57.29 2.3279
57.39 0.413194
57.49 -1.76748
57.59 -4.16548
57.69 -6.77173
57.79 -9.72448
57.89 -12.8791
57.99 -15.5498
58.09 -17.1617
58.19 -17.4727
58.29 -16.6941
58.39 -15.1076
58.49 -13.2788
58.59 -11.6643
58.69 -10.0254
58.79 -8.27999
58.89 -6.61457
58.99 -5.09928
59.09 -3.69246
59.19 -2.64682
59.29 -1.53918
59.39 -0.0877362
59.49 1.61349
59.59 3.17725
59.69 4.29043
59.79 4.83197
59.89 5.42105
59.99 6.46562
60.09 7.77801
60.19 8.7706
60.29 8.73655
60.39 8.21184
60.49 7.55328
60.59 6.99349
60.69 6.49762
60.79 5.95643
60.89 5.41529
60.99 4.89124
61.09 4.42985
61.19 4.08775
61.29 3.85015
61.39 3.30156
61.49 2.78934
61.59 2.55729
61.69 2.13147
61.79 1.17037
61.89 0.10605
61.99 -0.87667
62.09 -1.76489
62.19 -2.5524
62.29 -3.26197
62.39 -3.94053
62.49 -4.20604
62.59 -3.85038
62.69 -3.26119
62.79 -2.85013
62.89 -2.40772
62.99 -1.51153
63.09 -0.504136
63.19 0.4658
63.29 1.65584
63.39 2.56519
63.49 2.71978
63.59 2.38409
63.69 2.23712
63.79 2.39071
63.89 2.37591
63.99 2.0233
64.09 1.48037
64.19 0.550435
64.29 -0.232396
64.39 -0.797856
64.49 -1.09449
64.59 -1.15711
64.69 -1.19043
64.79 -1.19094
64.89 -0.898145
64.99 0.0074917
65.09 0.742357
65.19 1.11522
65.29 1.12822
65.39 1.02767
65.49 0.549721
65.59 0.229369
65.69 -0.0101564
65.79 -0.178395
65.89 -0.315411
65.99 -0.709197
66.09 -1.27009
66.19 -1.74753
66.29 -2.23708
66.39 -2.76083
66.49 -2.88525
66.59 -2.79352
66.69 -2.58488
66.79 -1.95027
66.89 -0.634639
66.99 0.836982
67.09 1.92924
67.19 2.24102
67.29 2.31133
67.39 2.09468
67.49 2.06473
67.59 1.331
67.69 0.236495
67.79 -0.618427
67.89 -0.830514
67.99 -0.375263
68.09 0.756706
68.19 1.71424
68.29 2.54213
68.39 3.40729
68.49 4.34854
68.59 5.14068
68.69 5.32151
68.79 5.14648
68.89 5.06177
68.99 5.11756
69.09 4.84743
69.19 4.30514
69.29 3.49807
69.39 2.43743
69.49 0.992166
69.59 -0.18875
69.69 -1.49291
69.79 -2.35198
69.89 -2.69941
69.99 -2.92467
70.09 -3.22644
70.19 -3.4771
70.29 -3.3308
70.39 -2.62154
70.49 -1.24242
70.59 0.312847
70.69 1.3016
70.79 1.43559
70.89 0.988742
70.99 0.447608
71.09 -0.203156
71.19 -1.16336
71.29 -2.11356
71.39 -2.39155
71.49 -2.4703
71.59 -1.85318
71.69 -0.978342
71.79 -0.202102
71.89 0.175966
71.99 0.122473
72.09 -0.498098
72.19 -1.07246
72.29 -1.28066
72.39 -1.19417
72.49 -0.69697
72.59 -0.220556
72.69 0.392687
72.79 1.36929
72.89 2.45662
72.99 2.91946
73.09 2.85703
73.19 2.4642
73.29 1.8007
73.39 0.749528
73.49 -0.266149
73.59 -1.01412
73.69 -1.29521
73.79 -1.45963
73.89 -1.3622
73.99 -1.06885
74.09 -0.623784
74.19 0.0493041
74.29 0.752457
74.39 1.11166
74.49 1.76218
74.59 2.66507
74.69 4.0122
74.79 5.14368
74.89 5.58908
74.99 4.98121
75.09 3.75963
75.19 2.72107
75.29 1.84473
75.39 0.917547
75.49 0.195785
75.59 -0.121471
75.69 -0.0996883
75.79 0.0734555
75.89 -0.143302
75.99 -0.367103
76.09 -0.533929
76.19 -0.542945
76.29 -0.651694
76.39 -0.931246
76.49 -1.44641
76.59 -1.8122
76.69 -2.34937
76.79 -2.75943
76.89 -2.82816
76.99 -2.75945
77.09 -2.66326
77.19 -2.33428
77.29 -1.87373
77.39 -1.2831
77.49 -0.605292
77.59 -0.0863793
77.69 0.0821733
77.79 -0.0210208
77.89 -0.028171
77.99 0.332225
78.09 1.02481
78.19 1.1272
78.29 1.21894
78.39 1.22067
78.49 1.25262
78.59 1.34102
78.69 1.44459
78.79 1.25875
78.89 1.0919
78.99 0.886539
79.09 0.933421
79.19 1.36939
79.29 1.98445
79.39 2.11838
79.49 2.09864
79.59 2.09917
79.69 2.14917
79.79 2.1668
79.89 2.01651
79.99 1.72716
80.09 1.24151
80.19 0.839802
80.29 0.66709
80.39 0.896105
80.49 0.708212
80.59 0.348336
80.69 -0.104942
80.79 -0.205377
80.89 -0.0899372
80.99 -0.0676279
81.09 -0.00612274
81.19 -0.0618895
81.29 -0.0349154
81.39 0.147655
81.49 0.162544
81.59 -0.127582
81.69 -0.527417
81.79 -0.976768
81.89 -0.991534
81.99 -0.807754
82.09 -0.603452
82.19 -0.482849
82.29 -0.470504
82.39 -0.535597
82.49 -0.287274
82.59 0.00810669
82.69 0.118286
82.79 0.0925364
82.89 0.0151576
82.99 0.100143
83.09 0.337882
83.19 0.415669
83.29 0.188916
83.39 0.00770102
83.49 -0.295436
83.59 -0.555727
83.69 -0.567447
83.79 -0.394168
83.89 -0.186067
83.99 0.0827427
84.09 0.360793
84.19 0.624179
84.29 0.807281
84.39 0.810391
84.49 0.699221
84.59 0.34476
84.69 -0.0992717
84.79 -0.10083
84.89 0.0495918
84.99 0.393679
85.09 0.621554
85.19 0.768779
85.29 0.691543
85.39 0.446068
85.49 -0.107597
85.59 -0.877859
85.69 -1.64588
85.79 -1.87662
85.89 -1.50057
85.99 -0.829636
86.09 -0.0456968
86.19 0.638847
86.29 1.21138
86.39 1.61148
86.49 1.5505
86.59 1.13524
86.69 0.625906
86.79 0.122013
86.89 -0.263692
86.99 -0.489469
87.09 -0.602288
87.19 -0.764526
87.29 -0.799446
87.39 -0.739704
87.49 -0.468562
87.59 -0.149834
87.69 0.171385
87.79 0.60447
87.89 0.905445
87.99 0.912522
88.09 0.726203
88.19 0.461127
88.29 -0.0969975
88.39 -0.609193
88.49 -0.946115
88.59 -0.825206
88.69 -0.360755
88.79 0.227155
88.89 0.694206
88.99 0.817636
89.09 0.679905
89.19 0.334585
89.29 -0.21145
89.39 -0.568584
89.49 -0.703186
89.59 -0.439585
89.69 -0.123125
89.79 0.34296
89.89 0.652852
89.99 0.78375
90.09 0.823042
90.19 0.667136
90.29 0.184282
90.39 -0.0616102
90.49 -0.212253
90.59 -0.521165
90.69 -0.837761
90.79 -1.03162
90.89 -0.994557
90.99 -0.931552
91.09 -0.748787
91.19 -0.574062
91.29 -0.470939
91.39 -0.306533
91.49 -0.00830752
91.59 0.323625
91.69 0.673815
91.79 0.930758
91.89 1.02831
91.99 0.97299
92.09 0.837752
92.19 0.677896
92.29 0.312008
92.39 0.0804745
92.49 0.100604
92.59 0.332433
92.69 0.256283
92.79 0.227684
92.89 0.426092
92.99 0.538573
93.09 0.482948
93.19 0.434531
93.29 0.259046
93.39 0.132034
93.49 0.0797615
93.59 -0.0485811
93.69 -0.136611
93.79 -0.257533
93.89 -0.384907
93.99 -0.519996
94.09 -0.350809
94.19 -0.220102
94.29 0.0300226
94.39 0.24191
94.49 0.308429
94.59 0.365554
94.69 0.356046
94.79 0.316417
94.89 0.27107
94.99 0.214639
95.09 0.132703
95.19 0.0124617
95.29 -0.0283881
95.39 -0.0777414
95.49 -0.0872791
95.59 -0.0444353
95.69 -0.0620695
95.79 -0.126041
95.89 -0.170624
95.99 -0.17704
96.09 -0.182836
96.19 -0.124163
96.29 -0.0359618
96.39 0.029275
96.49 0.0735877
96.59 0.11305
96.69 0.142325
96.79 0.156814
96.89 0.160008
96.99 0.153679
97.09 0.13822
