-0.81 1.76893
-0.713095 1.28288
-0.61619 1.18992
-0.519285 1.3015
-0.42238 1.46241
-0.325475 1.41438
-0.22857 1.00635
-0.131665 0.188948
-0.0347596 -0.902294
0.0621454 -1.97176
0.15905 -2.66875
0.255956 -2.64562
0.352861 -1.94438
0.449766 -0.813857
0.546671 0.414614
0.643576 1.39539
0.740481 1.90253
0.837386 1.90682
0.934291 1.56318
1.0312 1.11905
1.1281 0.976062
1.22501 0.867113
1.32191 0.933972
1.41882 1.18251
1.51572 1.18058
1.61263 0.932135
1.70953 0.488931
1.80644 -0.0121625
1.90334 -0.427479
2.00025 -0.675595
2.09715 -0.917658
2.19406 -0.898502
2.29096 -0.776389
2.38787 -0.542704
2.48477 -0.138984
2.58168 0.50064
2.67858 1.38824
2.77549 2.44244
2.87239 3.49857
2.9693 4.36646
3.0662 4.90398
3.16311 5.06383
3.26001 4.84646
3.35692 4.36012
3.45382 3.63223
3.55073 2.66087
3.64763 1.41514
3.74454 -0.096376
3.84144 -1.75421
3.93835 -3.30516
4.03525 -4.41684
4.13216 -4.79591
4.22906 -4.31665
4.32597 -3.09458
4.42287 -1.4626
4.51978 0.14523
4.61668 1.3508
4.71359 1.95817
4.81049 1.99412
4.9074 1.65292
5.0043 1.18252
5.10121 0.774606
5.19811 0.510312
5.29502 0.37696
5.39192 0.329536
5.48883 0.349299
5.58573 0.460981
5.68264 0.702145
5.77954 1.07184
5.87645 1.4996
5.97335 1.86153
6.07026 2.0379
6.16716 1.97721
6.26407 1.7252
6.36097 1.39825
6.45788 1.11619
6.55478 0.937024
6.65169 0.836253
6.74859 0.74585
6.8455 0.627462
6.9424 0.528712
7.03931 0.577441
7.13621 0.906055
7.23312 1.54516
7.33002 2.35299
7.42693 3.03517
7.52383 3.26126
7.62074 2.82661
7.71764 1.77412
7.81455 0.403957
7.91145 -0.844857
8.00836 -1.58729
8.10526 -1.66245
8.20217 -1.1925
8.29907 -0.500327
8.39598 0.0680329
8.49288 0.318383
8.58979 0.28638
8.68669 0.180597
8.7836 0.230481
8.8805 0.533013
8.97741 0.99039
9.07431 1.37486
9.17122 1.47895
9.26812 1.25659
9.36503 0.864818
9.46194 0.576051
9.55884 0.611369
9.65575 0.997056
9.75265 1.53731
9.84956 1.92817
9.94646 1.95086
10.0434 1.62867
10.1403 1.246
10.2372 1.20473
10.3341 1.79032
10.431 2.97916
10.5279 4.40345
10.6248 5.50421
10.7217 5.79605
10.8186 5.09959
10.9155 3.61141
11.0124 1.77215
11.1093 0.00918602
11.2062 -1.49484
11.3031 -2.86908
11.4 -4.41349
11.4969 -6.3303
11.5938 -8.48927
11.6908 -10.376
11.7877 -11.2717
11.8846 -10.5789
11.9815 -8.12016
12.0784 -4.24299
12.1753 0.32578
12.2722 4.79665
12.3691 8.62614
12.466 11.6474
12.5629 13.9598
12.6598 15.6608
12.7567 16.603
12.8536 16.3453
12.9505 14.3549
13.0474 10.3562
13.1443 4.62283
13.2412 -1.97675
13.3381 -8.23629
13.435 -13.0561
13.5319 -15.8418
13.6289 -16.6406
13.7258 -15.9396
13.8227 -14.2445
13.9196 -11.6882
14.0165 -7.91646
14.1134 -2.34467
14.2103 5.32293
14.3072 14.5775
14.4041 23.8714
14.501 30.8106
14.5979 32.7197
14.6948 27.3692
14.7917 13.6262
14.8886 -8.11652
14.9855 -35.7427
15.0824 -65.3898
15.1793 -91.5973
15.2762 -107.759
15.3731 -107.098
15.47 -84.2884
15.567 -37.5512
15.6639 29.392
15.7608 106.397
15.8577 177.853
15.9546 225.839
16.0515 234.932
16.1484 197.265
16.2453 116.017
16.3422 5.76912
16.4391 -110.804
16.536 -209.104
16.6329 -269.632
16.7298 -283.41
16.8267 -253.88
16.9236 -194.647
17.0205 -124.068
17.1174 -58.847
17.2143 -9.09253
17.3112 23.4467
17.4081 43.6789
17.5051 59.1506
17.602 75.7241
17.6989 94.8726
17.7958 113.576
17.8927 126.509
17.9896 129.175
18.0865 120.324
18.1834 102.498
18.2803 80.5893
18.3772 59.2843
18.4741 40.7955
18.571 24.0459
18.6679 5.68435
18.7648 -17.6425
18.8617 -46.9564
18.9586 -79.7507
19.0555 -110.539
19.1524 -132.892
19.2493 -141.998
19.3462 -136.557
19.4432 -119.188
19.5401 -95.2308
19.637 -70.5776
19.7339 -49.5173
19.8308 -33.5191
19.9277 -21.3394
20.0246 -10.2244
20.1215 2.47776
20.2184 18.0625
20.3153 36.0564
20.4122 54.6658
20.5091 71.7062
20.606 85.4735
20.7029 95.1534
20.7998 100.679
20.8967 102.245
20.9936 99.8517
21.0905 93.1451
21.1874 81.6522
21.2844 65.2274
21.3813 44.4419
21.4782 20.6815
21.5751 -4.10715
21.672 -27.89
21.7689 -49.0055
21.8658 -66.408
21.9627 -79.6252
22.0596 -88.5245
22.1565 -93.0647
22.2534 -93.198
22.3503 -88.9697
22.4472 -80.7345
22.5441 -69.3266
22.641 -56.0458
22.7379 -42.4176
22.8348 -29.8149
22.9317 -19.1071
23.0286 -10.4958
23.1255 -3.60283
23.2225 2.24081
23.3194 7.65142
23.4163 12.9523
23.5132 18.1308
23.6101 22.9791
23.707 27.3156
23.8039 31.1524
23.9008 34.7147
23.9977 38.3079
24.0946 42.1083
24.1915 45.9975
24.2884 49.5289
24.3853 52.0497
24.4822 52.9178
24.5791 51.7115
24.676 48.3368
24.7729 42.9979
24.8698 36.0643
24.9667 27.918
25.0636 18.8669
25.1606 9.16161
25.2575 -0.907144
25.3544 -10.9061
25.4513 -20.2326
25.5482 -28.205
25.6451 -34.2505
25.742 -38.1079
25.8389 -39.9507
25.9358 -40.3596
26.0327 -40.1421
26.1296 -40.0632
26.2265 -40.5919
26.3234 -41.762
26.4203 -43.1942
26.5172 -44.2592
26.6141 -44.3069
26.711 -42.8679
26.8079 -39.7585
26.9048 -35.0723
27.0017 -29.0887
27.0987 -22.1591
27.1956 -14.6236
27.2925 -6.77988
27.3894 1.10619
27.4863 8.78186
27.5832 16.0074
27.6801 22.5809
27.777 28.3707
27.8739 33.3268
27.9708 37.458
28.0677 40.779
28.1646 43.2608
28.2615 44.8156
28.3584 45.3339
28.4553 44.7579
28.5522 43.1523
28.6491 40.7273
28.746 37.7899
28.8429 34.6394
28.9398 31.453
29.0368 28.2189
29.1337 24.7546
29.2306 20.8048
29.3275 16.1763
29.4244 10.8436
29.5213 4.9771
29.6182 -1.11844
29.7151 -7.12142
29.812 -12.8073
29.9089 -18.1041
30.0058 -23.0664
30.1027 -27.7879
30.1996 -32.3013
30.2965 -36.5181
30.3934 -40.2339
30.4903 -43.1921
30.5872 -45.1676
30.6841 -46.0288
30.781 -45.753
30.878 -44.4001
30.9749 -42.0702
31.0718 -38.8754
31.1687 -34.939
31.2656 -30.4123
31.3625 -25.4842
31.4594 -20.3624
31.5563 -15.225
31.6532 -10.1645
31.7501 -5.15804
31.847 -0.0904338
31.9439 5.17224
32.0408 10.6878
32.1377 16.3673
32.2346 21.9662
32.3315 27.1428
32.4284 31.56
32.5253 34.9822
32.6222 37.3249
32.7191 38.6398
32.8161 39.053
32.913 38.6956
33.0099 37.6642
33.1068 36.0286
33.2037 33.8716
33.3006 31.3272
33.3975 28.5829
33.4944 25.8359
33.5913 23.2217
33.6882 20.7525
33.7851 18.302
33.882 15.6504
33.9789 12.57
34.0758 8.91517
34.1727 4.67355
34.2696 -0.0370977
34.3665 -5.01886
34.4634 -10.0572
34.5603 -14.9648
34.6572 -19.5877
34.7542 -23.7837
34.8511 -27.3973
34.948 -30.2595
35.0449 -32.2215
35.1418 -33.2069
35.2387 -33.2542
35.3356 -32.52
35.4325 -31.2367
35.5294 -29.6399
35.6263 -27.8993
35.7232 -26.0857
35.8201 -24.1846
35.917 -22.145
36.0139 -19.932
36.1108 -17.5555
36.2077 -15.0618
36.3046 -12.4998
36.4015 -9.88641
36.4984 -7.19767
36.5953 -4.39005
36.6923 -1.44004
36.7892 1.62514
36.8861 4.72706
36.983 7.76872
37.0799 10.6817
37.1768 13.4579
37.2737 16.144
37.3706 18.7965
37.4675 21.4222
37.5644 23.9369
37.6613 26.1701
37.7582 27.9181
37.8551 29.0191
37.952 29.4135
38.0489 29.1563
38.1458 28.3749
38.2427 27.1964
38.3396 25.6843
38.4365 23.8211
38.5334 21.5458
38.6304 18.8276
38.7273 15.7326
38.8242 12.4446
38.9211 9.22282
39.018 6.31495
39.1149 3.86479
39.2118 1.86046
39.3087 0.147162
39.4056 -1.50249
39.5025 -3.29485
39.5994 -5.34122
39.6963 -7.63362
39.7932 -10.0731
39.8901 -12.5286
39.987 -14.8923
40.0839 -17.1062
40.1808 -19.1531
40.2777 -21.027
40.3746 -22.7058
40.4716 -24.1432
40.5685 -25.2813
40.6654 -26.0707
40.7623 -26.4792
40.8592 -26.482
40.9561 -26.0389
41.053 -25.0788
41.1499 -23.5089
41.2468 -21.2542
41.3437 -18.3131
41.4406 -14.7989
41.5375 -10.9414
41.6344 -7.03907
41.7313 -3.37507
41.8282 -0.13438
41.9251 2.64207
42.022 5.04483
42.1189 7.23207
42.2158 9.34642
42.3127 11.453
42.4097 13.5274
42.5066 15.4939
42.6035 17.2893
42.7004 18.9117
42.7973 20.4239
42.8942 21.905
42.9911 23.3759
43.088 24.7378
43.1849 25.7644
43.2818 26.1605
43.3787 25.668
43.4756 24.1761
43.5725 21.7863
43.6694 18.8006
43.7663 15.636
43.8632 12.6965
43.9601 10.2539
44.057 8.38093
44.1539 6.95738
44.2508 5.74012
44.3478 4.4629
44.4447 2.92674
44.5416 1.05095
44.6385 -1.12432
44.7354 -3.47346
44.8323 -5.83678
44.9292 -8.06705
45.0261 -10.0593
45.123 -11.7626
45.2199 -13.1784
45.3168 -14.352
45.4137 -15.3577
45.5106 -16.2773
45.6075 -17.1729
45.7044 -18.0582
45.8013 -18.8807
45.8982 -19.524
45.9951 -19.8361
46.092 -19.6761
46.1889 -18.9632
46.2859 -17.7061
46.3828 -15.9987
46.4797 -13.9844
46.5766 -11.8034
46.6735 -9.55003
46.7704 -7.25971
46.8673 -4.93136
46.9642 -2.57244
47.0611 -0.239527
47.158 1.95097
47.2549 3.85281
47.3518 5.34968
47.4487 6.41589
47.5456 7.14544
47.6425 7.73009
47.7394 8.39087
47.8363 9.29125
47.9332 10.4708
48.0301 11.8298
48.127 13.1734
48.224 14.2941
48.3209 15.0569
48.4178 15.447
48.5147 15.5624
48.6116 15.5564
48.7085 15.5604
48.8054 15.6229
48.9023 15.6916
48.9992 15.6415
49.0961 15.3319
49.193 14.663
49.2899 13.6058
49.3868 12.1987
49.4837 10.5179
49.5806 8.64407
49.6775 6.64184
49.7744 4.56028
49.8713 2.44659
49.9682 0.358168
50.0652 -1.63897
50.1621 -3.48674
50.259 -5.15598
50.3559 -6.65639
50.4528 -8.0254
50.5497 -9.29845
50.6466 -10.4759
50.7435 -11.5063
50.8404 -12.2984
50.9373 -12.7599
51.0342 -12.8453
51.1311 -12.5881
51.228 -12.0997
51.3249 -11.533
51.4218 -11.0261
51.5187 -10.6517
51.6156 -10.3963
51.7125 -10.1763
51.8094 -9.88216
51.9063 -9.42656
52.0033 -8.77414
52.1002 -7.93941
52.1971 -6.95805
52.294 -5.85002
52.3909 -4.59689
52.4878 -3.14804
52.5847 -1.45498
52.6816 0.481436
52.7785 2.57362
52.8754 4.63944
52.9723 6.43229
53.0692 7.703
53.1661 8.27556
53.263 8.11337
53.3599 7.35441
53.4568 6.30171
53.5537 5.36627
53.6506 4.97232
53.7475 5.44588
53.8444 6.9156
53.9414 9.25584
54.0383 12.0945
54.1352 14.8905
54.2321 17.0657
54.329 18.1521
54.4259 17.9124
54.5228 16.3911
54.6197 13.8828
54.7166 10.8303
54.8135 7.69042
54.9104 4.81864
55.0073 2.40825
55.1042 0.498503
55.2011 -0.966213
55.298 -2.06218
55.3949 -2.83445
55.4918 -3.28781
55.5887 -3.41658
55.6856 -3.24857
55.7825 -2.87377
55.8795 -2.43881
55.9764 -2.1086
56.0733 -2.0148
56.1702 -2.21685
56.2671 -2.69352
56.364 -3.36591
56.4609 -4.13709
56.5578 -4.92763
56.6547 -5.69199
56.7516 -6.41423
56.8485 -7.09316
56.9454 -7.73019
57.0423 -8.32688
57.1392 -8.88819
57.2361 -9.42013
57.333 -9.91357
57.4299 -10.3167
57.5268 -10.5119
57.6237 -10.3182
57.7206 -9.53135
57.8176 -7.99638
57.9145 -5.68478
58.0114 -2.74117
58.1083 0.528523
58.2052 3.73012
58.3021 6.48986
58.399 8.55454
58.4959 9.8418
58.5928 10.4225
58.6897 10.4497
58.7866 10.0734
58.8835 9.38518
58.9804 8.41816
59.0773 7.19523
59.1742 5.79201
59.2711 4.37148
59.368 3.16308
59.4649 2.39004
59.5618 2.17901
59.6587 2.49876
59.7557 3.16246
59.8526 3.89739
59.9495 4.45204
60.0464 4.69186
60.1433 4.64028
60.2402 4.44882
60.3371 4.31419
60.434 4.38417
60.5309 4.69635
60.6278 5.1739
60.7247 5.67263
60.8216 6.04933
60.9185 6.21429
61.0154 6.14448
61.1123 5.85756
61.2092 5.36884
61.3061 4.66038
61.403 3.68186
61.4999 2.38256
61.5969 0.755302
61.6938 -1.13367
61.7907 -3.14691
61.8876 -5.10995
61.9845 -6.86052
62.0814 -8.28892
62.1783 -9.35202
62.2752 -10.0587
62.3721 -10.4392
62.469 -10.5179
62.5659 -10.3035
62.6628 -9.79794
62.7597 -9.01486
62.8566 -7.99151
62.9535 -6.78584
63.0504 -5.46006
63.1473 -4.06266
63.2442 -2.62226
63.3411 -1.15936
63.438 0.290202
63.535 1.65593
63.6319 2.83359
63.7288 3.71274
63.8257 4.22182
63.9226 4.36969
64.0195 4.26081
64.1164 4.0714
64.2133 3.99248
64.3102 4.16188
64.4071 4.61436
64.504 5.27154
64.6009 5.97597
64.6978 6.5539
64.7947 6.87884
64.8916 6.90927
64.9885 6.68656
65.0854 6.29856
65.1823 5.82895
65.2792 5.31778
65.3761 4.75088
65.4731 4.08056
65.57 3.26511
65.6669 2.30586
65.7638 1.26364
65.8607 0.246888
65.9576 -0.622106
66.0545 -1.24686
66.1514 -1.58465
66.2483 -1.65213
66.3452 -1.509
66.4421 -1.23035
66.539 -0.881972
66.6359 -0.509435
66.7328 -0.143301
66.8297 0.186606
66.9266 0.439632
67.0235 0.565515
67.1204 0.521005
67.2173 0.29511
67.3142 -0.0702305
67.4112 -0.477253
67.5081 -0.793654
67.605 -0.893646
67.7019 -0.704523
67.7988 -0.240261
67.8957 0.392708
67.9926 1.02219
68.0895 1.46144
68.1864 1.56746
68.2833 1.28604
68.3802 0.668756
68.4771 -0.142733
68.574 -0.958204
68.6709 -1.59171
68.7678 -1.9095
68.8647 -1.86071
68.9616 -1.48504
69.0585 -0.898423
69.1554 -0.261984
69.2523 0.115438
69.3493 0.277518
69.4462 0.309477
69.5431 0.0972303
69.64 -0.256075
69.7369 -0.641542
69.8338 -0.925247
69.9307 -0.986539
70.0276 -0.757278
70.1245 -0.245134
70.2214 0.471316
70.3183 1.27556
70.4152 2.07255
70.5121 2.70835
70.609 3.37748
70.7059 3.86494
70.8028 4.34784
70.8997 4.63555
70.9966 4.79549
71.0935 4.61358
71.1905 4.21386
71.2874 3.22109
71.3843 1.76174
71.4812 0.44771
71.5781 -0.433778
71.675 -1.16101
71.7719 -1.59146
71.8688 -1.44465
71.9657 -1.27152
72.0626 -1.39979
72.1595 -1.25994
72.2564 -0.888856
72.3533 -0.503717
72.4502 -0.136739
72.5471 0.392192
72.644 0.602894
72.7409 1.19013
72.8378 1.63969
72.9347 1.86536
73.0316 1.74459
73.1286 1.31172
73.2255 0.878163
73.3224 0.481984
73.4193 0.272932
73.5162 0.416544
73.6131 0.93214
73.71 1.84825
73.8069 2.75088
73.9038 3.50613
74.0007 3.94396
74.0976 3.96715
74.1945 3.56114
74.2914 2.78542
74.3883 1.75423
74.4852 0.612405
74.5821 -0.490901
74.679 -1.6649
74.7759 -2.36532
74.8728 -2.68315
74.9697 -2.76895
75.0667 -2.66973
75.1636 -2.51195
75.2605 -1.9656
75.3574 -1.35325
75.4543 0.000246157
75.5512 0.815377
75.6481 1.56947
75.745 2.19842
75.8419 2.53837
75.9388 2.06641
76.0357 1.45744
76.1326 0.205963
76.2295 -0.809243
76.3264 -1.63347
76.4233 -2.0573
76.5202 -1.9817
76.6171 -1.44137
76.714 -0.583866
76.8109 0.383444
76.9078 1.19294
77.0048 1.96999
77.1017 2.38858
77.1986 2.46233
77.2955 2.11052
77.3924 1.61444
77.4893 1.22461
77.5862 0.906262
77.6831 0.789829
77.78 0.922302
77.8769 1.04294
77.9738 1.50159
78.0707 1.97608
78.1676 2.291
78.2645 2.40691
78.3614 1.99875
78.4583 1.30094
78.5552 0.457468
78.6521 -0.180398
78.749 -0.557278
78.8459 -0.818362
78.9429 -0.862011
79.0398 -0.415413
79.1367 -0.245887
79.2336 -0.0916908
79.3305 0.284386
79.4274 0.742474
79.5243 1.23407
79.6212 1.64851
79.7181 1.85165
79.815 1.95837
79.9119 1.77562
80.0088 1.46579
80.1057 1.12999
80.2026 0.937879
80.2995 1.3254
80.3964 1.35913
80.4933 1.5529
80.5902 1.15923
80.6871 0.519335
80.7841 -0.407967
80.881 -1.32249
80.9779 -1.94941
81.0748 -2.09401
81.1717 -1.72607
81.2686 -0.995614
81.3655 -0.172546
81.4624 0.46118
81.5593 0.482883
81.6562 0.333812
81.7531 -0.0766296
81.85 -0.522868
81.9469 -0.939791
82.0438 -1.36973
82.1407 -1.72446
82.2376 -1.77641
82.3345 -1.7867
82.4314 -1.76437
82.5283 -1.4703
82.6252 -1.19985
82.7222 -0.776274
82.8191 -0.241806
82.916 0.328413
83.0129 0.862385
83.1098 1.32088
83.2067 1.90942
83.3036 2.15247
83.4005 2.28433
83.4974 2.49045
83.5943 2.34949
83.6912 1.90714
83.7881 1.18604
83.885 0.322608
83.9819 -0.114976
84.0788 -0.620953
84.1757 -0.626084
84.2726 -0.20327
84.3695 0.471913
84.4664 1.18859
84.5633 1.70307
84.6603 1.90742
84.7572 1.87486
84.8541 1.78578
84.951 1.97872
85.0479 2.24541
85.1448 2.57207
85.2417 2.87453
85.3386 2.67635
85.4355 1.93869
85.5324 0.945699
85.6293 -0.216698
85.7262 -1.23298
85.8231 -1.74417
85.92 -1.54034
86.0169 -1.06745
86.1138 -0.919084
86.2107 -0.566453
86.3076 -0.971398
86.4045 -1.20928
86.5014 -1.55748
86.5984 -1.86617
86.6953 -1.97694
86.7922 -1.58803
86.8891 -1.11698
86.986 -0.444073
87.0829 0.272063
87.1798 0.8613
87.2767 1.19706
87.3736 1.2096
87.4705 0.976244
87.5674 0.500562
87.6643 0.188141
87.7612 -0.00913655
87.8581 0.148266
87.955 0.478146
88.0519 0.901906
88.1488 1.2855
88.2457 1.51341
88.3426 1.52102
88.4395 1.30707
88.5365 0.925858
88.6334 0.494695
88.7303 0.0342873
88.8272 -0.322698
88.9241 -0.520023
89.021 -0.378393
89.1179 -0.595472
89.2148 -0.371218
89.3117 0.133134
89.4086 0.515518
89.5055 0.867032
89.6024 1.10672
89.6993 1.12411
89.7962 0.848395
89.8931 0.312561
89.99 -0.343511
90.0869 -0.922858
90.1838 -1.301
90.2807 -1.35314
90.3777 -1.02676
90.4746 -0.353948
90.5715 0.559833
90.6684 1.56356
90.7653 2.49438
90.8622 3.20721
90.9591 3.59534
91.056 3.60219
91.1529 3.04477
91.2498 2.39357
91.3467 1.55974
91.4436 0.54402
91.5405 -0.254383
91.6374 -0.841967
91.7343 -1.13259
91.8312 -1.04246
91.9281 -0.774185
92.025 -0.401258
92.1219 -0.0658723
92.2188 0.119799
92.3158 -0.0582112
92.4127 -0.229053
92.5096 -0.463775
92.6065 -0.678905
92.7034 -0.814789
92.8003 -0.718598
92.8972 -0.372707
92.9941 -0.12571
93.091 0.0979923
93.1879 0.273276
93.2848 0.19811
93.3817 0.335469
93.4786 0.29477
93.5755 0.287462
93.6724 0.00632757
93.7693 -0.886305
93.8662 -1.10821
93.9631 -1.29038
94.06 -1.26951
94.1569 -0.975265
94.2539 -0.321614
94.3508 0.374722
94.4477 1.37277
94.5446 1.95061
94.6415 1.93549
94.7384 1.8816
94.8353 1.5826
94.9322 1.12394
95.0291 0.576394
95.126 0.248835
95.2229 0.426552
95.3198 0.576941
95.4167 0.545323
95.5136 0.875406
95.6105 0.983229
95.7074 0.712543
95.8043 0.564175
95.9012 0.348379
95.9981 0.104689
96.095 -0.136657
96.192 -0.355356
96.2889 -0.465909
96.3858 -0.61536
96.4827 -0.723456
96.5796 -0.750076
96.6765 -0.667288
96.7734 -0.700532
96.8703 -0.423647
96.9672 -0.23013
97.0641 0.140657
97.161 0.425418
97.2579 0.673166
97.3548 0.727617
97.4517 0.800388
97.5486 1.01481
97.6455 1.01027
97.7424 1.03456
97.8393 1.09795
97.9362 0.916167
98.0331 0.793654
98.1301 0.609568
98.227 0.395105
98.3239 0.17019
