3.3 0.0986209
3.4 0.689887
3.5 1.03436
3.6 1.48047
3.7 1.89372
3.8 1.5567
3.9 1.25165
4 0.930332
4.1 0.408815
4.2 0.283011
4.3 0.174242
4.4 -0.0954638
4.5 -0.371495
4.6 -0.737993
4.7 -0.551658
4.8 -0.393477
4.9 -0.273476
5 -0.0198971
5.1 0.244753
5.2 0.459705
5.3 0.647941
5.4 0.866488
5.5 0.839763
5.6 0.747734
5.7 0.600748
5.8 0.722331
5.9 0.863594
6 1.18368
6.1 1.65451
6.2 1.84543
6.3 1.56158
6.4 0.651138
6.5 -0.173364
6.6 -0.845173
6.7 -1.85748
6.8 -2.37465
6.9 -2.65336
7 -2.22885
7.1 -1.13536
7.2 -0.108857
7.3 0.383565
7.4 0.159607
7.5 -0.260397
7.6 -0.482398
7.7 -0.49193
7.8 -0.140186
7.9 0.511977
8 1.11038
8.1 1.46105
8.2 1.49102
8.3 1.58605
8.4 1.65829
8.5 1.69758
8.6 1.09943
8.7 0.692627
8.8 0.638008
8.9 1.34747
9 2.16917
9.1 2.66838
9.2 2.58915
9.3 2.24101
9.4 1.47478
9.5 0.75665
9.6 0.427902
9.7 0.296456
9.8 0.0970265
9.9 0.0181227
10 0.379342
10.1 0.949951
10.2 1.47592
10.3 1.82979
10.4 2.0939
10.5 2.07987
10.6 1.8281
10.7 0.974138
10.8 0.415009
10.9 -0.120655
11 -0.583934
11.1 -0.884142
11.2 -0.886965
11.3 -0.69832
11.4 -0.498227
11.5 -0.382564
11.6 -0.270752
11.7 -0.17763
11.8 0.0493319
11.9 0.439537
12 1.22095
12.1 1.43972
12.2 1.5671
12.3 1.3681
12.4 1.33574
12.5 1.17804
12.6 1.09621
12.7 0.526827
12.8 0.126289
12.9 -0.120919
13 -0.114322
13.1 0.0203061
13.2 0.519844
13.3 1.36213
13.4 2.04321
13.5 2.31621
13.6 1.98805
13.7 1.48748
13.8 0.998308
13.9 0.0218697
14 -0.767172
14.1 -0.73477
14.2 0.0270217
14.3 0.772744
14.4 1.5258
14.5 2.02555
14.6 2.28995
14.7 2.37249
14.8 2.22609
14.9 1.73025
15 0.811116
15.1 -0.188378
15.2 -1.01523
15.3 -1.3793
15.4 -1.53901
15.5 -1.34233
15.6 -0.988726
15.7 -1.50784
15.8 -1.81401
15.9 -2.07937
16 -1.95338
16.1 -1.44018
16.2 -0.191921
16.3 0.684723
16.4 1.12623
16.5 1.22387
16.6 1.52376
16.7 2.07246
16.8 2.70151
16.9 2.79495
17 2.32276
17.1 1.76785
17.2 1.37222
17.3 0.965462
17.4 0.819098
17.5 1.29264
17.6 1.79665
17.7 1.94285
17.8 1.75607
17.9 1.52653
18 1.2995
18.1 1.03589
18.2 1.07551
18.3 1.42293
18.4 1.67873
18.5 1.69023
18.6 1.49381
18.7 1.55224
18.8 1.49653
18.9 1.54929
19 1.78795
19.1 2.04892
19.2 1.93352
19.3 1.46042
19.4 0.79845
19.5 -0.262663
19.6 -1.42725
19.7 -2.5865
19.8 -3.49592
19.9 -3.88486
20 -3.64085
20.1 -2.63287
20.2 -1.21116
20.3 0.0778516
20.4 0.997423
20.5 1.16459
20.6 1.00815
20.7 0.730323
20.8 0.482501
20.9 0.301891
21 0.322654
21.1 0.807317
21.2 1.72271
21.3 2.66902
21.4 3.28166
21.5 3.51609
21.6 3.42228
21.7 2.85872
21.8 2.16111
21.9 1.59963
22 1.00468
22.1 0.401176
22.2 0.318954
22.3 0.810641
22.4 1.50655
22.5 1.89295
22.6 1.87022
22.7 1.60829
22.8 1.4261
22.9 1.19894
23 1.05248
23.1 0.755148
23.2 0.654331
23.3 0.954278
23.4 1.55651
23.5 2.14478
23.6 2.29408
23.7 1.79203
23.8 0.849747
23.9 -0.0860925
24 -1.27662
24.1 -2.05714
24.2 -2.25182
24.3 -2.03233
24.4 -1.50057
24.5 -0.772442
24.6 -0.0720823
24.7 0.363379
24.8 0.721437
24.9 0.916444
25 0.92479
25.1 0.690763
25.2 0.524525
25.3 0.455784
25.4 0.0776528
25.5 -0.585013
25.6 -0.983254
25.7 -0.948529
25.8 -0.615397
25.9 -0.308802
26 0.142301
26.1 1.11561
26.2 2.251
26.3 3.18738
26.4 3.84062
26.5 3.76811
26.6 3.05539
26.7 1.99408
26.8 1.09405
26.9 0.685332
27 0.817182
27.1 0.971811
27.2 1.37053
27.3 1.87629
27.4 2.2409
27.5 2.48396
27.6 2.67677
27.7 2.64088
27.8 2.13873
27.9 1.38389
28 0.884268
28.1 0.826697
28.2 0.867705
28.3 0.710354
28.4 0.402392
28.5 -0.0867835
28.6 -0.495817
28.7 -0.771825
28.8 -1.07364
28.9 -1.43748
29 -1.87978
29.1 -2.09979
29.2 -1.63433
29.3 -0.523486
29.4 0.798109
29.5 2.14526
29.6 3.31636
29.7 4.23159
29.8 4.69306
29.9 4.53314
30 3.32474
30.1 0.779414
30.2 -2.56662
30.3 -5.52537
30.4 -7.44047
30.5 -8.3931
30.6 -8.60478
30.7 -7.75236
30.8 -5.64141
30.9 -2.35141
31 1.81835
31.1 6.44241
31.2 10.7136
31.3 14.025
31.4 15.705
31.5 15.7611
31.6 13.9145
31.7 10.4665
31.8 5.90194
31.9 0.962659
32 -3.70161
32.1 -7.97415
32.2 -11.6352
32.3 -14.0346
32.4 -14.7552
32.5 -13.7195
32.6 -11.313
32.7 -7.99854
32.8 -3.91107
32.9 1.10337
33 7.42987
33.1 15.3484
33.2 23.4195
33.3 29.0231
33.4 29.9536
33.5 25.0602
33.6 12.8495
33.7 -8.54335
33.8 -39.8115
33.9 -75.4261
34 -102.484
34.1 -110.86
34.2 -98.2782
34.3 -65.003
34.4 -7.98424
34.5 67.9081
34.6 145.834
34.7 203.892
34.8 228.134
34.9 218.276
35 160.266
35.1 47.4835
35.2 -90.1239
35.3 -201.801
35.4 -259.729
35.5 -272.529
35.6 -247.432
35.7 -183.226
35.8 -102.786
35.9 -36.5921
36 5.19256
36.1 28.1618
36.2 38.388
36.3 41.2679
36.4 45.0137
36.5 55.9059
36.6 75.0016
36.7 98.1274
36.8 117.539
36.9 125.725
37 120.634
37.1 103.895
37.2 78.1345
37.3 48.194
37.4 18.8251
37.5 -8.73217
37.6 -35.3766
37.7 -62.5417
37.8 -89.5414
37.9 -112.938
38 -127.569
38.1 -130.253
38.2 -120.159
38.3 -100.126
38.4 -76.7118
38.5 -55.9516
38.6 -40.9391
38.7 -30.4473
38.8 -21.4985
38.9 -10.9588
39 3.62363
39.1 24.1505
39.2 50.5659
39.3 77.8083
39.4 98.2149
39.5 107.525
39.6 106.369
39.7 96.5987
39.8 82.1758
39.9 67.302
40 54.0049
40.1 41.6055
40.2 28.7533
40.3 14.7342
40.4 -0.447816
40.5 -16.2034
40.6 -31.2552
40.7 -44.7587
40.8 -56.8321
40.9 -67.9259
41 -78.009
41.1 -86.0353
41.2 -89.8711
41.3 -87.8951
41.4 -79.9842
41.5 -66.192
41.6 -48.0659
41.7 -29.4138
41.8 -13.7024
41.9 -2.37222
42 5.27738
42.1 10.3939
42.2 14.2222
42.3 17.66
42.4 21.0155
42.5 24.0025
42.6 26.5531
42.7 28.9185
42.8 31.9572
42.9 36.4562
43 42.8491
43.1 50.3442
43.2 57.4376
43.3 61.8709
43.4 61.9916
43.5 57.3947
43.6 49.0816
43.7 38.328
43.8 26.5487
43.9 15.049
44 4.23277
44.1 -6.23086
44.2 -16.8694
44.3 -27.5913
44.4 -37.1448
44.5 -43.5708
44.6 -46.0345
44.7 -45.6554
44.8 -44.4992
44.9 -44.5326
45 -46.4404
45.1 -49.637
45.2 -52.5658
45.3 -53.4806
45.4 -51.1657
45.5 -45.7806
45.6 -38.259
45.7 -29.7976
45.8 -21.3303
45.9 -13.5348
46 -6.66207
46.1 -0.542877
46.2 5.31785
46.3 11.3642
46.4 17.4396
46.5 23.3552
46.6 28.8974
46.7 33.5745
46.8 37.5015
46.9 40.8614
47 43.6111
47.1 45.7574
47.2 46.6048
47.3 45.6986
47.4 43.4063
47.5 40.4714
47.6 37.6087
47.7 34.9823
47.8 32.2841
47.9 29.0041
48 24.737
48.1 19.1499
48.2 12.267
48.3 4.7231
48.4 -3.54636
48.5 -11.9613
48.6 -19.8855
48.7 -26.9948
48.8 -33.384
48.9 -38.8693
49 -43.3011
49.1 -46.2608
49.2 -47.6056
49.3 -47.5326
49.4 -46.2922
49.5 -44.309
49.6 -42.2118
49.7 -40.2301
49.8 -38.2316
49.9 -36.1299
50 -33.376
50.1 -29.2655
50.2 -23.7402
50.3 -17.1812
50.4 -10.4086
50.5 -4.00363
50.6 1.90699
50.7 7.27536
50.8 12.2293
50.9 16.9137
51 21.5124
51.1 25.9239
51.2 29.8287
51.3 32.9214
51.4 35.4341
51.5 37.3231
51.6 39.0483
51.7 40.43
51.8 40.9994
51.9 40.7419
52 39.772
52.1 38.2177
52.2 35.7832
52.3 32.5238
52.4 28.7022
52.5 24.2459
52.6 19.0557
52.7 13.3289
52.8 7.282
52.9 0.811378
53 -5.55857
53.1 -11.0291
53.2 -15.3195
53.3 -19.2492
53.4 -23.2585
53.5 -27.1425
53.6 -30.5388
53.7 -32.9345
53.8 -34.3657
53.9 -34.9924
54 -35.3752
54.1 -35.6009
54.2 -35.3257
54.3 -34.1541
54.4 -32.1396
54.5 -29.563
54.6 -26.8713
54.7 -24.4066
54.8 -21.9431
54.9 -18.9969
55 -15.5352
55.1 -12.1478
55.2 -9.13971
55.3 -6.01858
55.4 -2.48953
55.5 1.50432
55.6 5.53464
55.7 9.54033
55.8 13.5101
55.9 17.5517
56 21.1742
56.1 24.0646
56.2 26.4285
56.3 28.5086
56.4 30.2998
56.5 31.4031
56.6 31.4946
56.7 30.8091
56.8 29.3006
56.9 27.5025
57 26.1763
57.1 25.0191
57.2 23.807
57.3 22.5138
57.4 20.8207
57.5 18.7711
57.6 16.3243
57.7 13.5089
57.8 10.2053
57.9 6.49516
58 2.66137
58.1 -1.00465
58.2 -4.55143
58.3 -8.16471
58.4 -11.5765
58.5 -14.6487
58.6 -17.1906
58.7 -19.2643
58.8 -21.201
58.9 -23.1994
59 -25.2917
59.1 -27.4138
59.2 -29.5886
59.3 -31.3211
59.4 -32.3488
59.5 -32.8794
59.6 -32.7198
59.7 -31.32
59.8 -28.5776
59.9 -24.5577
60 -19.9711
60.1 -15.7674
60.2 -12.2585
60.3 -9.06061
60.4 -5.98384
60.5 -2.6478
60.6 0.834022
60.7 4.42259
60.8 8.11004
60.9 11.7611
61 15.0882
61.1 18.1672
61.2 20.6108
61.3 22.2406
61.4 23.1619
61.5 24.0217
61.6 24.762
61.7 25.1729
61.8 25.3288
61.9 25.223
62 24.793
62.1 23.7696
62.2 21.9359
62.3 20.0283
62.4 18.4281
62.5 17.0667
62.6 15.8625
62.7 14.6188
62.8 13.0055
62.9 10.6647
63 7.6613
63.1 4.05341
63.2 0.323969
63.3 -3.1282
63.4 -6.4159
63.5 -9.23496
63.6 -11.6448
63.7 -13.413
63.8 -14.3855
63.9 -15.1377
64 -16.2936
64.1 -17.8683
64.2 -19.2151
64.3 -19.97
64.4 -20.0382
64.5 -19.6237
64.6 -19.0124
64.7 -18.4382
64.8 -17.5684
64.9 -16.5623
65 -15.6598
65.1 -14.6914
65.2 -13.498
65.3 -11.9348
65.4 -10.3116
65.5 -8.80894
65.6 -7.31152
65.7 -5.72094
65.8 -4.01266
65.9 -2.13792
66 -0.178647
66.1 1.70593
66.2 3.69037
66.3 5.91834
66.4 8.42832
66.5 10.6727
66.6 12.5699
66.7 14.2766
66.8 15.7671
66.9 17.0461
67 18.3909
67.1 19.474
67.2 20.1475
67.3 20.5512
67.4 20.724
67.5 20.2794
67.6 19.0443
67.7 17.1587
67.8 15.108
67.9 13.4075
68 11.916
68.1 10.4484
68.2 8.88714
68.3 7.05959
68.4 5.15608
68.5 3.38631
68.6 1.68508
68.7 -0.0502076
68.8 -1.58961
68.9 -2.94326
69 -4.38748
69.1 -5.83058
69.2 -7.19089
69.3 -8.58864
69.4 -10.0918
69.5 -11.4058
69.6 -12.1085
69.7 -12.4342
69.8 -12.8616
69.9 -13.335
70 -13.8029
70.1 -14.0942
70.2 -14.2567
70.3 -14.1412
70.4 -13.7132
70.5 -13.0294
70.6 -12.1048
70.7 -10.7382
70.8 -9.60955
70.9 -8.64446
71 -7.70705
71.1 -6.83351
71.2 -5.67714
71.3 -4.0501
71.4 -2.13377
71.5 -0.157149
71.6 1.96827
71.7 4.41064
71.8 7.03873
71.9 9.46158
72 11.2162
72.1 12.0759
72.2 12.1716
72.3 11.5594
72.4 11.1818
72.5 11.4415
72.6 12.1964
72.7 13.0908
72.8 13.9575
72.9 14.7819
73 15.1427
73.1 14.8381
73.2 13.9456
73.3 12.4951
73.4 10.8164
73.5 9.29238
73.6 8.14007
73.7 6.98844
73.8 5.43171
73.9 3.65389
74 2.05747
74.1 0.939096
74.2 -0.139568
74.3 -1.52385
74.4 -2.98075
74.5 -4.18198
74.6 -4.84378
74.7 -4.75069
74.8 -4.4215
74.9 -4.24354
75 -4.34315
75.1 -4.88759
75.2 -5.91496
75.3 -7.38294
75.4 -8.8638
75.5 -10.575
75.6 -12.3536
75.7 -13.5824
75.8 -14.2446
75.9 -14.4614
76 -14.4293
76.1 -14.1486
76.2 -13.0714
76.3 -10.7942
76.4 -7.35399
76.5 -3.11014
76.6 1.55442
76.7 5.78327
76.8 9.01652
76.9 11.0824
77 12.2779
77.1 12.7251
77.2 12.1453
77.3 10.2964
77.4 7.46948
77.5 4.59818
77.6 2.13105
77.7 0.0754541
77.8 -1.62679
77.9 -2.83479
78 -3.28372
78.1 -2.785
78.2 -1.27971
78.3 0.94936
78.4 3.20005
78.5 5.12731
78.6 6.48135
78.7 7.19567
78.8 7.53162
78.9 7.6929
79 7.85927
79.1 7.96925
79.2 8.1344
79.3 8.57434
79.4 9.24271
79.5 9.99972
79.6 10.6602
79.7 10.6686
79.8 9.908
79.9 8.84667
80 7.53468
80.1 5.72292
80.2 3.42607
80.3 0.433803
80.4 -2.94051
80.5 -5.66803
80.6 -7.27016
80.7 -7.87231
80.8 -7.91271
80.9 -7.63515
81 -7.43383
81.1 -7.46178
81.2 -7.66496
81.3 -8.03612
81.4 -8.34688
81.5 -8.61617
81.6 -9.04685
81.7 -9.5668
81.8 -9.64459
81.9 -8.9787
82 -7.55047
82.1 -5.80496
82.2 -4.47319
82.3 -3.90003
82.4 -3.5894
82.5 -2.74236
82.6 -1.71941
82.7 -0.780202
82.8 -0.243775
82.9 0.10307
83 0.86167
83.1 2.24993
83.2 4.28731
83.3 6.37398
83.4 8.03784
83.5 9.32831
83.6 10.3349
83.7 11.072
83.8 11.261
83.9 10.9341
84 10.3857
84.1 9.91355
84.2 9.47715
84.3 8.98999
84.4 8.38333
84.5 7.80408
84.6 7.09081
84.7 6.42528
84.8 5.82538
84.9 5.25041
85 4.43047
85.1 3.28471
85.2 2.05558
85.3 0.647354
85.4 -0.708598
85.5 -1.83662
85.6 -2.34294
85.7 -2.67817
85.8 -3.09787
85.9 -3.80309
86 -4.60202
86.1 -5.54837
86.2 -6.71365
86.3 -7.9494
86.4 -8.53755
86.5 -8.00106
86.6 -6.79222
86.7 -5.17389
86.8 -3.65984
86.9 -2.62956
87 -1.75578
87.1 -1.34728
87.2 -0.932974
87.3 -0.374569
87.4 0.348895
87.5 1.22813
87.6 1.92756
87.7 1.58723
87.8 0.844821
87.9 -0.0946098
88 -0.751014
88.1 -0.576792
88.2 -0.0588061
88.3 0.616092
88.4 1.23602
88.5 1.61187
88.6 1.94842
88.7 2.44362
88.8 3.05783
88.9 3.39266
89 3.7781
89.1 4.00157
89.2 4.09509
89.3 4.30852
89.4 4.37416
89.5 4.34937
89.6 4.1964
89.7 3.78918
89.8 3.10649
89.9 2.3612
90 1.74979
90.1 1.06045
90.2 0.779937
90.3 0.386283
90.4 0.224132
90.5 0.103342
90.6 0.418877
90.7 1.13074
90.8 1.63768
90.9 1.66252
91 1.37042
91.1 1.27575
91.2 0.938259
91.3 0.411836
91.4 -0.445689
91.5 -1.33045
91.6 -1.77737
91.7 -1.76674
91.8 -1.52901
91.9 -1.2482
92 -1.18229
92.1 -1.10663
92.2 -0.97275
92.3 -0.292814
92.4 -0.280159
92.5 -0.440131
92.6 -0.629131
92.7 -0.575261
92.8 -0.325978
92.9 -0.0368572
93 0.234759
93.1 0.466018
93.2 0.431202
93.3 1.03176
93.4 2.09666
93.5 2.78734
93.6 3.07169
93.7 3.14489
93.8 3.27864
93.9 3.27082
94 2.74441
94.1 1.71802
94.2 0.186572
94.3 -1.14873
94.4 -1.74296
94.5 -1.87532
94.6 -1.58968
94.7 -1.20737
94.8 -0.813305
94.9 -0.265143
95 0.754294
95.1 1.4247
95.2 1.08147
95.3 -0.234375
95.4 -2.09448
95.5 -3.6122
95.6 -4.20049
95.7 -3.8079
95.8 -2.60494
95.9 -0.658044
96 1.63566
96.1 3.86124
96.2 5.50927
96.3 6.17098
96.4 5.93557
96.5 4.78317
96.6 3.42518
96.7 2.15138
96.8 1.11185
96.9 0.405945
97 -0.0161526
97.1 -0.00105009
97.2 0.053301
97.3 0.426318
97.4 0.858507
97.5 1.27459
97.6 1.56863
97.7 1.76683
97.8 2.24096
97.9 2.78447
98 2.77783
98.1 2.40722
98.2 1.79474
98.3 1.25114
98.4 0.371811
98.5 -0.824762
98.6 -2.07638
98.7 -2.94735
98.8 -3.07469
98.9 -2.61057
99 -1.94026
99.1 -1.73779
99.2 -1.86442
99.3 -1.89694
99.4 -1.56134
99.5 -1.21202
99.6 -0.913385
99.7 -0.819872
99.8 -0.851464
99.9 -0.688906
100 -0.225931
100.1 0.53221
100.2 0.919285
100.3 1.20935
100.4 1.2258
100.5 0.816796
100.6 0.622497
100.7 0.509788
100.8 0.306424
100.9 -0.058495
101 -0.0645481
101.1 0.24346
101.2 0.771632
101.3 1.2272
101.4 1.47767
101.5 1.50384
101.6 1.3044
101.7 1.32445
101.8 0.964933
101.9 0.581391
102 0.260324
102.1 0.131847
102.2 0.0592143
102.3 0.530923
102.4 0.798337
102.5 1.06312
102.6 1.22135
102.7 1.19156
102.8 0.815326
102.9 0.299541
103 -0.149825
103.1 -0.41635
103.2 -0.525197
103.3 -0.201514
103.4 0.125739
103.5 0.197249
103.6 0.0283926
103.7 -0.119932
103.8 -0.284687
103.9 -0.487164
104 -0.858461
104.1 -1.19812
104.2 -1.35216
104.3 -0.995797
104.4 -0.574362
104.5 -0.185594
104.6 0.33871
104.7 0.828036
104.8 1.4148
104.9 1.93289
105 2.09144
105.1 1.8771
105.2 1.59254
105.3 1.25206
105.4 0.829672
105.5 0.417561
105.6 0.218882
