-0.53 1.08011
-0.4361 1.32737
-0.3422 0.983607
-0.248299 0.57123
-0.154399 0.0952092
-0.0604988 -0.223813
0.0334014 -0.287411
0.127302 -0.228447
0.221202 0.105862
0.315102 0.550001
0.409002 1.04004
0.502903 1.37817
0.596803 1.72459
0.690703 1.55619
0.784603 1.5936
0.878504 1.64844
0.972404 1.69594
1.0663 1.77969
1.1602 1.67718
1.2541 1.45641
1.348 0.744709
1.44191 0.301574
1.53581 -0.40332
1.62971 -0.700431
1.72361 -0.730712
1.81751 -0.479728
1.91141 -0.000562532
2.00531 0.599342
2.09921 1.22978
2.19311 1.96848
2.28701 2.28308
2.38091 2.18916
2.47481 1.95531
2.56871 1.38213
2.66261 0.757221
2.75651 0.182712
2.85041 -0.306787
2.94431 -1.11819
3.03821 -1.59787
3.13211 -2.06122
3.22601 -2.43967
3.31991 -2.56509
3.41381 -2.60583
3.50771 -1.82767
3.60161 -0.406685
3.69551 1.19327
3.78941 2.61088
3.88331 3.4294
3.97721 3.31568
4.07111 2.89996
4.16501 1.86309
4.25891 0.479705
4.35281 -0.727793
4.44671 -1.40607
4.54061 -1.4518
4.63451 -0.997033
4.72841 -0.5771
4.82231 0.284802
4.91621 0.812925
5.01011 1.12288
5.10401 1.17202
5.19791 1.37581
5.29181 1.74105
5.38572 1.68156
5.47962 1.35232
5.57352 0.717404
5.66742 -0.116141
5.76132 -1.08446
5.85522 -1.86893
5.94912 -2.21568
6.04302 -1.98824
6.13692 -1.22558
6.23082 -0.130973
6.32472 1.00249
6.41862 1.89642
6.51252 2.37761
6.60642 2.42013
6.70032 2.1288
6.79422 1.6793
6.88812 1.24574
6.98202 1.20882
7.07592 1.03496
7.16982 0.569477
7.26372 0.526189
7.35762 0.775242
7.45152 0.938684
7.54542 1.12734
7.63932 1.48944
7.73322 1.30716
7.82712 0.829505
7.92102 0.16859
8.01492 -0.484284
8.10882 -0.925506
8.20272 -0.771052
8.29662 -0.407532
8.39052 0.00902972
8.48442 0.15231
8.57832 0.764841
8.67222 0.738232
8.76612 0.309864
8.86002 -0.347397
8.95392 -1.05781
9.04782 -1.5327
9.14172 -1.65059
9.23562 -1.46117
9.32953 -1.07558
9.42343 -0.608284
9.51733 -0.155843
9.61123 0.22265
9.70513 0.500597
9.79903 0.687567
9.89293 0.75064
9.98683 0.671636
10.0807 0.502957
10.1746 0.175104
10.2685 -0.00758478
10.3624 -0.182058
10.4563 -0.43686
10.5502 -0.494946
10.6441 -0.387015
10.738 -0.351137
10.8319 -0.353844
10.9258 -0.374868
11.0197 -0.239169
11.1136 -0.0167025
11.2075 0.426863
11.3014 1.07852
11.3953 1.75765
11.4892 2.57437
11.5831 3.16066
11.677 3.41647
11.7709 3.18373
11.8648 3.17201
11.9587 3.21957
12.0526 3.44861
12.1465 3.56444
12.2404 3.71192
12.3343 3.35896
12.4282 2.5276
12.5221 1.2957
12.616 0.138939
12.7099 -0.925972
12.8038 -1.83846
12.8977 -2.33534
12.9916 -2.61447
13.0855 -2.81244
13.1794 -3.02042
13.2733 -3.22672
13.3672 -3.07966
13.4611 -2.95293
13.555 -2.54149
13.6489 -1.86426
13.7428 -1.06637
13.8367 -0.289608
13.9306 0.333667
14.0245 0.74555
14.1184 0.838218
14.2123 0.99063
14.3062 1.20452
14.4001 1.52536
14.494 1.89749
14.5879 2.33415
14.6818 2.50931
14.7757 2.4207
14.8696 2.14259
14.9635 2.0471
15.0574 1.98727
15.1513 2.14829
15.2452 2.52928
15.3391 3.01045
15.433 3.39287
15.5269 3.46984
15.6208 3.09955
15.7147 2.25234
15.8086 1.02078
15.9025 -0.403755
15.9964 -1.77475
16.0903 -2.84113
16.1842 -3.39621
16.2781 -3.32072
16.372 -2.61522
16.4659 -1.41309
16.5598 0.03655
16.6537 1.42119
16.7476 2.44492
16.8415 2.91267
16.9354 2.7873
17.0293 2.19363
17.1232 1.3643
17.2171 0.548251
17.311 -0.0788517
17.4049 -0.462363
17.4988 -0.655028
17.5927 -0.753036
17.6866 -0.818717
17.7805 -0.833438
17.8744 -0.707349
17.9683 -0.340776
18.0622 0.297609
18.1561 1.12164
18.25 1.93891
18.3439 2.52154
18.4378 2.70248
18.5317 2.44867
18.6256 1.87337
18.7195 1.18199
18.8134 0.580464
18.9073 0.193865
19.0012 0.0350973
19.0952 0.0341982
19.1891 0.104495
19.283 0.202577
19.3769 0.345508
19.4708 0.576866
19.5647 0.90622
19.6586 1.26468
19.7525 1.51091
19.8464 1.49175
19.9403 1.1271
20.0342 0.470168
20.1281 -0.295382
20.222 -0.926485
20.3159 -1.2261
20.4098 -1.12811
20.5037 -0.716266
20.5976 -0.167581
20.6915 0.347193
20.7854 0.749013
20.8793 1.07317
20.9732 1.41723
21.0671 1.84733
21.161 2.32193
21.2549 2.68431
21.3488 2.73498
21.4427 2.34692
21.5366 1.55707
21.6305 0.576139
21.7244 -0.297717
21.8183 -0.820775
21.9122 -0.925651
22.0061 -0.754037
22.1 -0.577292
22.1939 -0.643496
22.2878 -1.03214
22.3817 -1.59623
22.4756 -2.02552
22.5695 -1.99875
22.6634 -1.34355
22.7573 -0.118708
22.8512 1.42221
22.9451 2.95949
23.039 4.24924
23.1329 5.19403
23.2268 5.80262
23.3207 6.06997
23.4146 5.8635
23.5085 4.90588
23.6024 2.89213
23.6963 -0.302942
23.7902 -4.43599
23.8841 -8.8417
23.978 -12.5727
24.0719 -14.6927
24.1658 -14.5996
24.2597 -12.2294
24.3536 -8.04944
24.4475 -2.84915
24.5414 2.55896
24.6353 7.57781
24.7292 11.8937
24.8231 15.3663
24.917 17.8373
25.0109 19.0019
25.1048 18.4481
25.1987 15.8616
25.2926 11.2856
25.3865 5.27078
25.4804 -1.20386
25.5743 -7.03584
25.6682 -11.3958
25.7621 -14.0126
25.856 -15.1872
25.9499 -15.5108
26.0438 -15.4265
26.1377 -14.8712
26.2316 -13.2063
26.3255 -9.51023
26.4194 -3.11074
26.5133 5.89102
26.6072 16.3642
26.7011 26.2884
26.795 33.2303
26.8889 34.9435
26.9828 29.8559
27.0767 17.3184
27.1706 -2.33891
27.2645 -27.7693
27.3584 -56.4453
27.4523 -84.3934
27.5462 -106.088
27.6401 -114.893
27.734 -104.353
27.8279 -70.2641
27.9218 -12.9991
28.0157 60.8319
28.1096 138.343
28.2035 202.5
28.2974 236.207
28.3913 227.275
28.4852 172.665
28.5791 80.406
28.673 -31.7675
28.7669 -140.869
28.8608 -224.904
28.9547 -268.88
29.0486 -268.581
29.1425 -230.87
29.2364 -170.547
29.3303 -105.001
29.4242 -48.6219
29.5181 -8.93552
29.612 14.369
29.7059 27.4913
29.7998 38.7256
29.8937 54.4807
29.9876 76.6729
30.0815 102.341
30.1754 125.357
30.2693 139.287
30.3632 140.08
30.4571 127.494
30.551 104.826
30.6449 77.2402
30.7388 49.5859
30.8327 24.6964
30.9266 2.85158
31.0205 -17.4928
31.1144 -38.1824
31.2083 -59.8427
31.3022 -81.094
31.3961 -98.8634
31.49 -109.628
31.5839 -111.01
31.6778 -102.978
31.7717 -88.1114
31.8656 -70.7717
31.9595 -55.5178
32.0534 -45.4034
32.1473 -40.8507
32.2412 -39.548
32.3351 -37.4003
32.429 -30.1458
32.5229 -15.005
32.6168 8.25605
32.7107 37.2089
32.8046 67.5652
32.8985 94.5314
32.9924 114.172
33.0863 124.306
33.1802 124.694
33.2741 116.6
33.368 102.029
33.4619 83.031
33.5558 61.3227
33.6497 38.2891
33.7436 15.2025
33.8375 -6.59024
33.9314 -25.705
34.0253 -41.0096
34.1192 -52.0109
34.2131 -59.0968
34.307 -63.4406
34.4009 -66.5403
34.4948 -69.5677
34.5887 -72.8187
34.6826 -75.5387
34.7765 -76.2282
34.8704 -73.3135
34.9643 -65.8838
35.0582 -54.1647
35.1521 -39.5142
35.246 -23.9518
35.3399 -9.44667
35.4338 2.71102
35.5277 12.1854
35.6216 19.4343
35.7155 25.2419
35.8094 30.2118
35.9033 34.48
35.9972 37.7694
36.0911 39.7127
36.185 40.2285
36.2789 39.7173
36.3728 38.9501
36.4667 38.7047
36.5606 39.3482
36.6545 40.5976
36.7484 41.601
36.8423 41.3086
36.9362 38.9473
37.0301 34.3605
37.124 28.0431
37.2179 20.867
37.3118 13.6517
37.4057 6.81344
37.4996 0.273882
37.5935 -6.33609
37.6874 -13.3058
37.7813 -20.5274
37.8752 -27.4205
37.9691 -33.1517
38.063 -37.0374
38.1569 -38.9111
38.2508 -39.2496
38.3447 -38.9749
38.4386 -39.0217
38.5325 -39.8838
38.6264 -41.3678
38.7203 -42.6797
38.8142 -42.7991
38.9081 -40.9547
39.002 -36.9676
39.0959 -31.3034
39.1898 -24.8261
39.2837 -18.3931
39.3776 -12.5025
39.4715 -7.15845
39.5654 -1.99885
39.6593 3.41117
39.7532 9.29258
39.8471 15.5244
39.941 21.7258
40.0349 27.4763
40.1288 32.5321
40.2227 36.9042
40.3166 40.7585
40.4105 44.2044
40.5044 47.1091
40.5983 49.0602
40.6922 49.516
40.7861 48.0703
40.88 44.6896
40.9739 39.7879
41.0678 34.0919
41.1617 28.3569
41.2556 23.0791
41.3495 18.3484
41.4434 13.9089
41.5373 9.3857
41.6312 4.54431
41.7251 -0.558887
41.819 -5.6157
41.9129 -10.264
42.0068 -14.3249
42.1007 -17.9375
42.1946 -21.5052
42.2885 -25.4754
42.3824 -30.0668
42.4763 -35.0926
42.5702 -39.979
42.6641 -43.9766
42.758 -46.4614
42.8519 -47.1754
42.9458 -46.2904
43.0397 -44.2739
43.1336 -41.6337
43.2275 -38.6816
43.3214 -35.4337
43.4153 -31.6886
43.5092 -27.226
43.6031 -22.0061
43.697 -16.2561
43.7909 -10.3982
43.8848 -4.86154
43.9787 0.112292
44.0726 4.56345
44.1665 8.75532
44.2604 12.9985
44.3543 17.4555
44.4482 22.0329
44.5421 26.4173
44.636 30.2301
44.7299 33.2139
44.8238 35.3458
44.9177 36.8185
45.0116 37.9042
45.1055 38.7809
45.1994 39.4202
45.2933 39.6003
45.3872 39.034
45.4811 37.5405
45.575 35.1618
45.6689 32.1591
45.7628 28.8881
45.8567 25.6207
45.9506 22.4098
46.0445 19.0705
46.1384 15.2895
46.2323 10.8051
46.3262 5.56544
46.4201 -0.214924
46.514 -6.12744
46.6079 -11.7289
46.7018 -16.7066
46.7957 -20.9679
46.8896 -24.6197
46.9835 -27.8571
47.0774 -30.8302
47.1713 -33.5571
47.2652 -35.9227
47.3591 -37.7512
47.453 -38.9019
47.5469 -39.3319
47.6408 -39.0929
47.7347 -38.2727
47.8286 -36.9245
47.9225 -35.0324
48.0164 -32.5348
48.1103 -29.3942
48.2042 -25.6666
48.2981 -21.5276
48.392 -17.2305
48.4859 -13.017
48.5798 -9.02423
48.6737 -5.23962
48.7676 -1.52915
48.8615 2.27532
48.9554 6.2738
49.0493 10.4332
49.1432 14.5906
49.2371 18.5174
49.331 22.0089
49.4249 24.9478
49.5188 27.315
49.6127 29.1466
49.7066 30.472
49.8005 31.2744
49.8944 31.5005
49.9883 31.1145
50.0822 30.1629
50.1761 28.8063
50.27 27.2912
50.3639 25.8674
50.4578 24.6883
50.5517 23.7427
50.6456 22.8556
50.7395 21.759
50.8334 20.2029
50.9273 18.0526
51.0212 15.3311
51.1151 12.1882
51.209 8.81982
51.3029 5.37747
51.3968 1.91539
51.4907 -1.60371
51.5846 -5.25151
51.6785 -9.05889
51.7724 -12.9621
51.8663 -16.7958
51.9602 -20.3345
52.0541 -23.3586
52.148 -25.7157
52.2419 -27.3507
52.3358 -28.2982
52.4297 -28.6498
52.5236 -28.5148
52.6175 -27.9931
52.7114 -27.1669
52.8053 -26.1049
52.8992 -24.8682
52.9931 -23.5102
53.087 -22.0682
53.1809 -20.5542
53.2748 -18.9522
53.3687 -17.2269
53.4626 -15.3399
53.5565 -13.2667
53.6504 -11.0058
53.7443 -8.57708
53.8382 -6.01279
53.9321 -3.34664
54.026 -0.606994
54.1199 2.18511
54.2138 5.01559
54.3077 7.87744
54.4016 10.7712
54.4955 13.7009
54.5894 16.6615
54.6833 19.6157
54.7772 22.4708
54.8711 25.0678
54.965 27.1985
55.0589 28.653
55.1528 29.2854
55.2467 29.0711
55.3406 28.1262
55.4345 26.6742
55.5284 24.9664
55.6223 23.1896
55.7162 21.4014
55.8101 19.5271
55.904 17.4227
55.9979 14.9753
56.0918 12.1924
56.1857 9.23343
56.2796 6.3618
56.3735 3.83832
56.4674 1.80381
56.5613 0.210586
56.6552 -1.16073
56.7491 -2.6026
56.843 -4.34457
56.9369 -6.44431
57.0308 -8.75851
57.1247 -11.0085
57.2186 -12.9097
57.3125 -14.3026
57.4064 -15.2224
57.5003 -15.8746
57.5942 -16.5294
57.6881 -17.3879
57.782 -18.4833
57.8759 -19.664
57.9698 -20.6635
58.0637 -21.2184
58.1577 -21.1785
58.2516 -20.5559
58.3455 -19.4967
58.4394 -18.1956
58.5333 -16.8012
58.6272 -15.3595
58.7211 -13.821
58.815 -12.0983
58.9089 -10.1399
59.0028 -7.9761
59.0967 -5.71382
59.1906 -3.48482
59.2845 -1.37915
59.3784 0.598075
59.4723 2.5217
59.5662 4.49589
59.6601 6.58509
59.754 8.76397
59.8479 10.9131
59.9418 12.8627
60.0357 14.463
60.1296 15.6441
60.2235 16.439
60.3174 16.9602
60.4113 17.3439
60.5052 17.6928
60.5991 18.0425
60.693 18.3636
60.7869 18.5896
60.8808 18.6511
60.9747 18.4947
61.0686 18.0819
61.1625 17.3751
61.2564 16.3303
61.3503 14.9097
61.4442 13.1134
61.5381 11.0134
61.632 8.76395
61.7259 6.57348
61.8198 4.63811
61.9137 3.0638
62.0076 1.8132
62.1015 0.708515
62.1954 -0.502171
62.2893 -2.03741
62.3832 -3.97852
62.4771 -6.21668
62.571 -8.47857
62.6649 -10.4248
62.7588 -11.7825
62.8527 -12.4568
62.9466 -12.5745
63.0405 -12.4403
63.1344 -12.4237
63.2283 -12.821
63.3222 -13.7479
63.4161 -15.101
63.51 -16.5987
63.6039 -17.8799
63.6978 -18.618
63.7917 -18.6102
63.8856 -17.8119
63.9795 -16.3163
64.0734 -14.2971
64.1673 -11.944
64.2612 -9.41551
64.3551 -6.82317
64.449 -4.24294
64.5429 -1.73966
64.6368 0.61232
64.7307 2.72399
64.8246 4.50454
64.9185 5.88587
65.0124 6.84788
65.1063 7.43364
65.2002 7.74791
65.2941 7.93798
65.388 8.16145
65.4819 8.54943
65.5758 9.17509
65.6697 10.0367
65.7636 11.0605
65.8575 12.1235
65.9514 13.089
66.0453 13.8442
66.1392 14.3258
66.2331 14.5253
66.327 14.4717
66.4209 14.2015
66.5148 13.7286
66.6087 13.0314
66.7026 12.0649
66.7965 10.7935
66.8904 9.23107
66.9843 7.46744
67.0782 5.66499
67.1721 4.02187
67.266 2.71265
67.3599 1.82936
67.4538 1.34759
67.5477 1.13296
67.6416 0.986821
67.7355 0.713379
67.8294 0.181291
67.9233 -0.64442
68.0172 -1.71107
68.1111 -2.92061
68.205 -4.18436
68.2989 -5.46454
68.3928 -6.7846
68.4867 -8.20522
68.5806 -9.77884
68.6745 -11.5045
68.7684 -13.3035
68.8623 -15.0257
68.9562 -16.4824
69.0501 -17.4906
69.144 -17.9106
69.2379 -17.6643
69.3318 -16.7328
69.4257 -15.1415
69.5196 -12.9451
69.6135 -10.222
69.7074 -7.08083
69.8013 -3.67089
69.8952 -0.187152
69.9891 3.13952
70.083 6.06831
70.1769 8.384
70.2708 9.93076
70.3647 10.6336
70.4586 10.5027
70.5525 9.62309
70.6464 8.13739
70.7403 6.22993
70.8342 4.11529
70.9281 2.02897
71.022 0.213291
71.1159 -1.10725
71.2098 -1.76134
71.3037 -1.66881
71.3976 -0.867228
71.4915 0.48703
71.5854 2.15053
71.6793 3.85283
71.7732 5.36833
71.8671 6.57669
71.961 7.48991
72.0549 8.23464
72.1488 8.99358
72.2427 9.92499
72.3366 11.0881
72.4305 12.4014
72.5244 13.6505
72.6183 14.5446
72.7122 14.8049
72.8061 14.2536
72.9 12.8754
72.9939 10.8277
73.0878 8.39518
73.1817 5.90468
73.2756 3.62867
73.3695 1.7105
73.4634 0.13732
73.5573 -1.2313
73.6512 -2.59161
73.7451 -4.10905
73.839 -5.85025
73.9329 -7.75889
74.0268 -9.68243
74.1207 -11.4357
74.2146 -12.8724
74.3085 -13.9336
74.4024 -14.6522
74.4963 -15.1149
74.5902 -15.4002
74.6841 -15.5239
74.778 -15.4183
74.8719 -14.957
74.9658 -14.013
75.0597 -12.523
75.1536 -10.5277
75.2475 -8.16773
75.3414 -5.63656
75.4353 -3.1145
75.5292 -0.714558
75.6231 1.53252
75.717 3.64742
75.8109 5.64234
75.9048 7.46499
75.9987 8.97948
76.0926 10.0003
76.1865 10.3692
76.2804 10.0423
76.3743 9.14494
76.4682 7.96284
76.5621 6.866
76.656 6.18937
76.7499 6.1165
76.8438 6.61284
76.9377 7.43639
77.0316 8.22277
77.1255 8.61222
77.2194 8.37068
77.3133 7.46128
77.4072 6.04424
77.5011 4.41129
77.595 2.88435
77.6889 1.71758
77.7828 1.03503
77.8767 0.818485
77.9706 0.939646
78.0645 1.21704
78.1584 1.47416
78.2523 1.58134
78.3462 1.47425
78.4401 1.15131
78.534 0.657559
78.6279 0.0625382
78.7218 -0.562081
78.8157 -1.16148
78.9096 -1.71016
79.0035 -2.21457
79.0974 -2.70371
79.1913 -3.20876
79.2852 -3.73799
79.3791 -4.257
79.473 -4.68474
79.5669 -4.9105
79.6608 -4.8282
79.7547 -4.37615
79.8486 -3.56597
79.9425 -2.48849
80.0364 -1.29326
80.1303 -0.149858
80.2242 0.793395
80.3181 1.43809
80.412 1.74361
80.5059 1.71713
80.5998 1.39654
80.6937 0.838734
80.7876 0.119003
80.8815 -0.738955
80.9754 -1.40351
81.0693 -1.87689
81.1632 -2.03971
81.2571 -1.82608
81.351 -1.25827
81.4449 -0.45743
81.5388 0.380534
81.6327 1.04032
81.7266 1.35588
81.8205 1.38108
81.9144 0.890668
82.0083 0.290812
82.1022 -0.190101
82.1961 -0.46747
82.29 -0.387841
82.3839 0.173932
82.4778 0.751629
82.5717 1.56304
82.6656 2.33141
82.7595 2.7724
82.8534 3.05306
82.9473 2.8963
83.0412 2.62725
83.1351 2.21788
83.229 1.57419
83.3229 1.30529
83.4168 1.31887
83.5107 1.69069
83.6046 2.17028
83.6985 3.17393
83.7924 4.3612
83.8863 4.88177
83.9802 5.20954
84.0741 4.96224
84.168 4.16767
84.2619 3.00483
84.3558 1.75204
84.4497 0.614802
84.5436 0.0155114
84.6375 -0.141228
84.7314 0.0471531
84.8253 0.340167
84.9192 0.405353
85.0131 0.073939
85.107 -0.145043
85.2009 -0.516854
85.2948 -0.68083
85.3887 -1.06924
85.4826 -1.38891
85.5765 -1.50315
85.6704 -1.82955
85.7643 -1.56913
85.8582 -1.18837
85.9521 -0.662228
86.046 -0.15097
86.1399 0.188085
86.2338 0.477696
86.3277 0.433406
86.4216 0.462589
86.5155 0.82475
86.6094 0.715006
86.7033 0.45801
86.7972 0.0971488
86.8911 -0.432798
86.985 -1.13235
87.0789 -2.00045
87.1728 -2.74377
87.2667 -3.42568
87.3606 -3.67314
87.4545 -2.94427
87.5484 -2.32457
87.6423 -1.50025
87.7362 -0.48632
87.8301 0.192427
87.924 0.776647
88.0179 0.658356
88.1118 0.633907
88.2057 0.711906
88.2996 0.96615
88.3935 1.39109
88.4874 1.70729
88.5813 2.0951
88.6752 1.7937
88.7691 1.71804
88.863 1.6178
88.9569 1.66782
89.0508 1.88052
89.1447 2.26532
89.2386 2.89588
89.3325 3.54963
89.4264 3.88579
89.5203 3.72492
89.6142 3.04137
89.7081 1.98762
89.802 0.8452
89.8959 -0.072327
89.9898 -0.529801
90.0837 -0.467649
90.1776 0.00519961
90.2715 0.53323
90.3654 0.903874
90.4593 0.924931
90.5532 0.655668
90.6471 0.0145959
90.741 -0.608471
90.8349 -0.949466
90.9288 -0.834526
91.0227 -0.236473
91.1166 0.682488
91.2105 1.63554
91.3044 2.5947
91.3983 3.31507
91.4922 3.64845
91.5861 3.52759
91.68 2.82251
91.7739 1.68488
91.8678 0.205681
91.9617 -1.4722
92.0556 -3.15259
92.1495 -4.60362
92.2434 -5.69931
92.3373 -6.24109
92.4312 -5.92868
92.5251 -5.00597
92.619 -3.68991
92.7129 -2.2589
92.8068 -0.974021
92.9007 -0.0117302
92.9946 0.569193
93.0885 0.818428
93.1824 0.893771
93.2763 0.885031
93.3702 0.722978
93.4641 0.769817
93.558 0.868776
93.6519 0.957222
93.7458 0.958734
93.8397 0.815088
93.9336 0.508922
94.0275 0.437346
94.1214 -0.08964
94.2153 -0.501465
94.3092 -0.791566
94.4031 -1.17822
94.497 -0.854183
94.5909 -0.221881
94.6848 0.581462
94.7787 1.32564
94.8726 1.88194
94.9665 2.12407
95.0604 2.02115
95.1543 1.68589
95.2482 1.30784
95.3421 1.10178
95.436 1.16086
95.5299 1.80616
