-2.62 0.284632
-2.52 0.548867
-2.42 0.906486
-2.32 0.932691
-2.22 0.940057
-2.12 0.889786
-2.02 0.627929
-1.92 0.470537
-1.82 0.293581
-1.72 -0.0649672
-1.62 -0.196141
-1.52 -0.344956
-1.42 -0.312561
-1.32 0.0675925
-1.22 0.552303
-1.12 0.906001
-1.02 0.983007
-0.92 0.978138
-0.82 0.762473
-0.72 0.465124
-0.62 0.607562
-0.52 0.780042
-0.42 0.901204
-0.32 0.904016
-0.22 1.24787
-0.12 1.33297
-0.02 1.34515
0.08 1.03767
0.18 0.55421
0.28 0.108125
0.38 -0.226966
0.48 -0.325279
0.58 -0.389308
0.68 -0.270435
0.78 -0.425035
0.88 -0.560973
0.98 -0.497754
1.08 -0.0942606
1.18 0.55017
1.28 0.956336
1.38 0.921285
1.48 0.44215
1.58 0.294734
1.68 0.521508
1.78 0.696537
1.88 0.918283
1.98 1.07445
2.08 0.923257
2.18 0.904686
2.28 0.875101
2.38 0.787771
2.48 0.638354
2.58 0.588961
2.68 0.639447
2.78 0.890855
2.88 1.33434
2.98 1.58692
3.08 1.63776
3.18 1.10938
3.28 0.327255
3.38 -0.153539
3.48 -0.0516255
3.58 -0.318797
3.68 -0.973862
3.78 -1.641
3.88 -2.07758
3.98 -2.23976
4.08 -1.65704
4.18 -0.873178
4.28 -0.18029
4.38 0.488362
4.48 0.812236
4.58 1.5433
4.68 2.01808
4.78 2.43421
4.88 2.56102
4.98 2.34265
5.08 2.19959
5.18 2.22681
5.28 1.91173
5.38 1.73392
5.48 1.80777
5.58 1.82084
5.68 1.35055
5.78 0.870471
5.88 0.446471
5.98 0.131505
6.08 -0.120017
6.18 -0.058207
6.28 0.262362
6.38 0.878269
6.48 1.25442
6.58 1.41424
6.68 1.0791
6.78 0.225102
6.88 -0.511271
6.98 -1.48278
7.08 -2.40059
7.18 -2.5879
7.28 -2.35323
7.38 -1.92765
7.48 -1.39756
7.58 -0.799886
7.68 -0.15582
7.78 0.513229
7.88 1.15739
7.98 2.16101
8.08 2.6939
8.18 2.79329
8.28 2.69549
8.38 2.48148
8.48 2.25223
8.58 1.80654
8.68 0.967083
8.78 0.200224
8.88 -0.262215
8.98 -0.333796
9.08 -0.163883
9.18 -0.0753408
9.28 0.123525
9.38 0.57343
9.48 0.920243
9.58 1.20075
9.68 1.17854
9.78 1.02803
9.88 1.0503
9.98 0.85205
10.08 0.459811
10.18 0.0477664
10.28 -0.406689
10.38 -0.597301
10.48 -0.300614
10.58 0.437264
10.68 0.967376
10.78 1.04484
10.88 0.92321
10.98 0.791117
11.08 1.04271
11.18 1.44651
11.28 1.47952
11.38 1.21557
11.48 0.882919
11.58 0.684828
11.68 0.706961
11.78 1.01319
11.88 1.47411
11.98 1.79359
12.08 1.90107
12.18 1.83597
12.28 1.70929
12.38 1.37866
12.48 0.693335
12.58 -0.00469634
12.68 -0.547292
12.78 -0.46221
12.88 -0.544914
12.98 -0.616102
13.08 -0.818238
13.18 -0.997341
13.28 -1.0948
13.38 -1.31044
13.48 -1.82486
13.58 -1.90497
13.68 -1.64353
13.78 -1.15313
13.88 -0.548009
13.98 0.152981
14.08 1.00114
14.18 1.98796
14.28 2.96846
14.38 3.32473
14.48 3.03364
14.58 2.48553
14.68 1.70673
14.78 0.824222
14.88 0.213286
14.98 0.15791
15.08 0.649003
15.18 1.4835
15.28 2.56367
15.38 3.52761
15.48 4.21331
15.58 4.42405
15.68 4.04678
15.78 3.35821
15.88 2.31457
15.98 1.11216
16.08 0.146221
16.18 -0.520451
16.28 -0.725436
16.38 -0.68464
16.48 -0.430596
16.58 -0.470711
16.68 -0.802982
16.78 -1.17172
16.88 -1.17019
16.98 -0.847324
17.08 -0.418166
17.18 0.100553
17.28 0.495669
17.38 0.866185
17.48 0.995742
17.58 1.11644
17.68 1.3606
17.78 1.36531
17.88 0.994216
17.98 0.576495
18.08 0.281717
18.18 0.248914
18.28 0.558692
18.38 0.671336
18.48 0.42465
18.58 -0.0335198
18.68 -0.491417
18.78 -0.734892
18.88 -0.862981
18.98 -1.13648
19.08 -1.71364
19.18 -1.81254
19.28 -1.4967
19.38 -1.08904
19.48 -0.438717
19.58 0.546067
19.68 1.69757
19.78 2.83961
19.88 3.84165
19.98 4.6415
20.08 5.21346
20.18 5.2038
20.28 4.60981
20.38 3.6663
20.48 2.50096
20.58 1.37573
20.68 0.492143
20.78 -0.244569
20.88 -0.953641
20.98 -1.31655
21.08 -1.08583
21.18 -0.696319
21.28 -0.432248
21.38 -0.0282621
21.48 0.570246
21.58 0.888639
21.68 0.423052
21.78 -0.637258
21.88 -1.62408
21.98 -2.33816
22.08 -2.65056
22.18 -2.20762
22.28 -1.26423
22.38 -0.12119
22.48 0.915057
22.58 1.93655
22.68 2.9485
22.78 3.71763
22.88 4.15913
22.98 4.21012
23.08 4.0132
23.18 3.35628
23.28 2.52226
23.38 1.66031
23.48 0.575919
23.58 -0.971063
23.68 -2.76809
23.78 -4.62425
23.88 -6.47002
23.98 -7.83066
24.08 -8.3251
24.18 -7.86561
24.28 -6.32212
24.38 -3.45897
24.48 0.174228
24.58 4.24839
24.68 8.46664
24.78 12.4262
24.88 15.6658
24.98 17.3243
25.08 17.0626
25.18 15.1132
25.28 12.0517
25.38 8.12503
25.48 3.06672
25.58 -2.75051
25.68 -8.75045
25.78 -13.9456
25.88 -17.7419
25.98 -19.6393
26.08 -19.059
26.18 -16.2507
26.28 -11.8344
26.38 -5.67032
26.48 1.9621
26.58 10.9418
26.68 20.4759
26.78 28.1006
26.88 31.3815
26.98 28.6587
27.08 18.0916
27.18 -2.04394
27.28 -33.0304
27.38 -70.5227
27.48 -103.137
27.58 -118.124
27.68 -110.822
27.78 -82.7621
27.88 -32.9442
27.98 35.3914
28.08 110.402
28.18 176.521
28.28 217.304
28.38 226.768
28.48 196.314
28.58 107.109
28.68 -23.5424
28.78 -146.702
28.88 -220.47
28.98 -244.447
29.08 -234.727
29.18 -193.362
29.28 -130.224
29.38 -70.113
29.48 -28.4788
29.58 -4.74571
29.68 7.78113
29.78 14.9506
29.88 22.9161
29.98 36.5768
30.08 58.0035
30.18 84.4176
30.28 109.419
30.38 126.219
30.48 130.929
30.58 123.374
30.68 105.456
30.78 81.1652
30.88 55.353
30.98 30.1408
31.08 4.67662
31.18 -23.593
31.28 -56.1634
31.38 -89.7957
31.48 -117.125
31.58 -132.568
31.68 -133.72
31.78 -123.265
31.88 -106.168
31.98 -88.7937
32.08 -74.7979
32.18 -64.0757
32.28 -53.8704
32.38 -40.8272
32.48 -22.8199
32.58 1.28923
32.68 31.2399
32.78 63.831
32.88 92.582
32.98 112.141
33.08 121.214
33.18 120.633
33.28 111.741
33.38 97.8038
33.48 81.8556
33.58 65.7244
33.68 49.2197
33.78 31.497
33.88 12.1722
33.98 -8.22134
34.08 -27.6872
34.18 -44.717
34.28 -58.611
34.38 -69.5457
34.48 -78.079
34.58 -84.1154
34.68 -86.8285
34.78 -85.0899
34.88 -78.6854
34.98 -68.4416
35.08 -56.1567
35.18 -43.6867
35.28 -32.3547
35.38 -22.4911
35.48 -13.7097
35.58 -5.56895
35.68 2.41601
35.78 10.9006
35.88 19.3682
35.98 26.7693
36.08 32.6124
36.18 36.4532
36.28 38.6391
36.38 40.1154
36.48 41.6465
36.58 43.8912
36.68 46.7482
36.78 49.4852
36.88 50.7846
36.98 49.5772
37.08 45.8685
37.18 40.2295
37.28 33.547
37.38 26.6259
37.48 19.3299
37.58 10.9689
37.68 0.948005
37.78 -10.3289
37.88 -21.7183
37.98 -31.4731
38.08 -38.1032
38.18 -41.6833
38.28 -43.3322
38.38 -44.0781
38.48 -44.7278
38.58 -45.8619
38.68 -47.3126
38.78 -48.6173
38.88 -48.7791
38.98 -46.7023
39.08 -42.3023
39.18 -36.5709
39.28 -30.7765
39.38 -24.96
39.48 -18.7582
39.58 -12.1294
39.68 -5.18098
39.78 1.37113
39.88 7.12627
39.98 12.4249
40.08 17.5324
40.18 22.5063
40.28 27.3646
40.38 32.0623
40.48 36.2846
40.58 39.8568
40.68 42.7461
40.78 44.764
40.88 45.5855
40.98 44.9686
41.08 43.0496
41.18 40.404
41.28 37.5733
41.38 34.6252
41.48 31.0678
41.58 26.8636
41.68 21.8028
41.78 16.0386
41.88 9.91466
41.98 3.51854
42.08 -2.69953
42.18 -8.75692
42.28 -14.8053
42.38 -20.8394
42.48 -26.6803
42.58 -32.1019
42.68 -36.8192
42.78 -40.6737
42.88 -43.5877
42.98 -45.9006
43.08 -47.877
43.18 -49.4597
43.28 -50.143
43.38 -49.311
43.48 -46.9452
43.58 -42.985
43.68 -37.7902
43.78 -31.713
43.88 -25.0832
43.98 -18.3763
44.08 -12.0973
44.18 -6.07481
44.28 -0.147177
44.38 5.80859
44.48 11.4672
44.58 16.6472
44.68 21.1206
44.78 25.1398
44.88 28.8953
44.98 32.1307
45.08 34.9453
45.18 37.118
45.28 38.7216
45.38 39.9618
45.48 40.9837
45.58 41.6061
45.68 41.3288
45.78 40.1006
45.88 38.0303
45.98 35.1828
46.08 31.4782
46.18 27.0245
46.28 22.0065
46.38 16.6783
46.48 11.2658
46.58 5.82881
46.68 0.676904
46.78 -3.99567
46.88 -8.41142
46.98 -13.2733
47.08 -18.1745
47.18 -22.7261
47.28 -26.807
47.38 -30.3878
47.48 -33.4557
47.58 -35.372
47.68 -36.3009
47.78 -36.749
47.88 -37.1573
47.98 -37.4043
48.08 -37.0739
48.18 -35.7829
48.28 -33.4235
48.38 -30.0795
48.48 -26.4841
48.58 -23.1009
48.68 -19.8048
48.78 -16.4502
48.88 -12.828
48.98 -8.9578
49.08 -5.10077
49.18 -0.977948
49.28 3.213
49.38 7.39434
49.48 11.318
49.58 14.9515
49.68 18.4746
49.78 21.526
49.88 23.9757
49.98 26.1179
50.08 28.1674
50.18 30.0909
50.28 31.4373
50.38 31.6359
50.48 30.881
50.58 29.4628
50.68 27.6645
50.78 26.0262
50.88 24.3999
50.98 22.8013
51.08 21.1965
51.18 19.9264
51.28 18.9175
51.38 17.4121
51.48 15.0382
51.58 11.6109
51.68 8.08249
51.78 4.76547
51.88 1.18817
51.98 -2.78135
52.08 -6.8203
52.18 -10.418
52.28 -13.6531
52.38 -16.7263
52.48 -19.3148
52.58 -21.2583
52.68 -22.6223
52.78 -23.844
52.88 -25.434
52.98 -27.2414
53.08 -28.6152
53.18 -29.3507
53.28 -29.5064
53.38 -28.9229
53.48 -27.9616
53.58 -26.7785
53.68 -24.9026
53.78 -22.2396
53.88 -18.7977
53.98 -14.9587
54.08 -11.3356
54.18 -8.43137
54.28 -6.17053
54.38 -3.83759
54.48 -0.842474
54.58 2.85119
54.68 6.83178
54.78 10.5939
54.88 13.8414
54.98 16.4369
55.08 18.5068
55.18 19.9984
55.28 20.9436
55.38 21.542
55.48 22.1949
55.58 23.0155
55.68 23.9337
55.78 24.6282
55.88 24.7082
55.98 24.2728
56.08 23.7095
56.18 23.0408
56.28 22.0767
56.38 20.3412
56.48 18.0965
56.58 15.5839
56.68 12.9777
56.78 10.3395
56.88 7.57646
56.98 4.88152
57.08 2.59271
57.18 0.568312
57.28 -1.44479
57.38 -3.37955
57.48 -5.24909
57.58 -7.44841
57.68 -9.94195
57.78 -12.5523
57.88 -15.2128
57.98 -17.5644
58.08 -19.4836
58.18 -21.1756
58.28 -22.8312
58.38 -23.8307
58.48 -23.6987
58.58 -22.671
58.68 -21.0438
58.78 -19.249
58.88 -17.8341
58.98 -16.5756
59.08 -15.1814
59.18 -13.7663
59.28 -12.2599
59.38 -10.4085
59.48 -8.27287
59.58 -6.26015
59.68 -4.17178
59.78 -1.97068
59.88 0.288027
59.98 2.60558
60.08 4.67686
60.18 6.64422
60.28 8.82466
60.38 10.9103
60.48 12.7201
60.58 14.2023
60.68 15.4882
60.78 16.2353
60.88 16.4908
60.98 16.7503
61.08 16.9655
61.18 17.2067
61.28 17.516
61.38 17.8263
61.48 18.6666
61.58 19.7448
61.68 19.9743
61.78 18.9524
61.88 16.6588
61.98 13.6153
62.08 10.385
62.18 7.4007
62.28 4.82886
62.38 2.72939
62.48 1.11329
62.58 -0.270659
62.68 -1.44935
62.78 -2.56124
62.88 -3.43324
62.98 -4.49443
63.08 -6.01124
63.18 -8.12156
63.28 -10.6062
63.38 -12.8105
63.48 -14.2198
63.58 -14.7059
63.68 -14.4923
63.78 -13.8316
63.88 -12.797
63.98 -11.4902
64.08 -10.5405
64.18 -10.1702
64.28 -10.4562
64.38 -11.1918
64.48 -11.7846
64.58 -11.846
64.68 -11.3995
64.78 -10.5636
64.88 -9.15158
64.98 -7.13114
65.08 -4.53441
65.18 -1.64054
65.28 1.25482
65.38 3.51909
65.48 4.88705
65.58 5.79839
65.68 6.48791
65.78 7.06737
65.88 7.43215
65.98 7.53336
66.08 7.39768
66.18 7.15951
66.28 7.12416
66.38 7.66068
66.48 8.82584
66.58 10.2688
66.68 11.4706
66.78 12.3125
66.88 12.9464
66.98 13.0337
67.08 12.358
67.18 11.0488
67.28 9.53391
67.38 8.37654
67.48 7.61975
67.58 6.87839
67.68 6.18883
67.78 5.57856
67.88 4.92773
67.98 4.06942
68.08 2.76969
68.18 1.34334
68.28 -0.234883
68.38 -1.46535
68.48 -2.01585
68.58 -2.02594
68.68 -1.96814
68.78 -2.02871
68.88 -2.297
68.98 -3.15111
69.08 -4.46611
69.18 -6.08884
69.28 -7.88641
69.38 -9.56581
69.48 -11.243
69.58 -12.3406
69.68 -12.617
69.78 -12.2917
69.88 -11.3598
69.98 -9.61956
70.08 -6.8457
70.18 -3.39625
70.28 0.164104
70.38 3.0391
70.48 5.03721
70.58 6.14462
70.68 6.27789
70.78 5.63646
70.88 4.47765
70.98 3.02653
71.08 1.2252
71.18 -0.433604
71.28 -1.85982
71.38 -3.58396
71.48 -5.42183
71.58 -7.05265
71.68 -8.27846
71.78 -8.70851
71.88 -8.17697
71.98 -6.70465
72.08 -4.35118
72.18 -1.49262
72.28 1.31016
72.38 3.49353
72.48 5.62334
72.58 8.35308
72.68 11.2694
72.78 13.799
72.88 15.5778
72.98 16.7758
73.08 17.5305
73.18 17.7048
73.28 17.3298
73.38 16.3133
73.48 14.7654
73.58 12.8714
73.68 11.0516
73.78 9.36648
73.88 7.51007
73.98 5.56787
74.08 3.65381
74.18 1.23079
74.28 -1.52331
74.38 -4.44098
74.48 -6.96228
74.58 -9.17367
74.68 -10.9969
74.78 -12.555
74.88 -13.6911
74.98 -14.1042
75.08 -13.9327
75.18 -13.4363
75.28 -12.9075
75.38 -12.1169
75.48 -11.0723
75.58 -9.6438
75.68 -7.87759
75.78 -6.00273
75.88 -4.31181
75.98 -3.06843
76.08 -1.98683
76.18 -0.798237
76.28 0.378727
76.38 1.74417
76.48 3.0369
76.58 4.08008
76.68 4.80847
76.78 5.33405
76.88 5.92026
76.98 6.61391
77.08 6.91938
77.18 6.71281
77.28 6.21933
77.38 5.59883
77.48 5.07191
77.58 4.71858
77.68 4.61915
77.78 5.03691
77.88 5.52965
77.98 5.62217
78.08 5.45101
78.18 5.60787
78.28 5.8911
78.38 5.73847
78.48 4.97308
78.58 3.67548
78.68 1.92614
78.78 0.157071
78.88 -1.1815
78.98 -1.96287
79.08 -2.1136
79.18 -1.68628
79.28 -1.28276
79.38 -0.866701
79.48 -0.306828
79.58 0.104096
79.68 0.0817305
79.78 -0.356592
79.88 -1.05738
79.98 -1.92002
80.08 -2.49733
80.18 -2.5455
80.28 -2.18159
80.38 -1.60797
80.48 -0.964381
80.58 -0.150659
80.68 0.461703
80.78 0.982292
80.88 1.39474
80.98 1.65494
81.08 1.67342
81.18 1.6656
81.28 1.40259
81.38 0.747496
81.48 0.20389
81.58 0.0566463
81.68 0.189828
81.78 0.462204
81.88 0.781705
81.98 1.11016
82.08 1.50187
82.18 1.92129
82.28 2.41627
82.38 2.47834
82.48 1.93751
82.58 1.2161
82.68 0.634392
82.78 -0.117075
82.88 -1.18273
82.98 -2.24782
83.08 -2.84012
83.18 -3.05508
83.28 -2.70947
83.38 -1.65558
83.48 -0.574338
83.58 0.0970742
83.68 0.369149
83.78 0.33854
83.88 0.192922
83.98 0.194229
84.08 0.13702
84.18 -0.0379612
84.28 -0.164134
84.38 -0.0445765
84.48 0.333409
84.58 0.910503
84.68 1.46521
84.78 1.67116
84.88 1.69899
84.98 1.71643
85.08 1.52107
85.18 1.43624
85.28 1.33471
85.38 1.13974
85.48 1.30824
85.58 1.64102
85.68 2.22757
85.78 2.6654
85.88 2.7636
85.98 2.68354
86.08 2.48908
86.18 2.41576
86.28 2.52038
86.38 2.67318
86.48 2.63419
86.58 2.40173
86.68 1.89004
86.78 1.30729
86.88 0.912027
86.98 0.972137
87.08 1.19785
87.18 1.42138
87.28 1.45017
87.38 0.999725
87.48 0.425153
87.58 0.013806
87.68 -0.136498
87.78 -0.377762
87.88 -0.713216
87.98 -1.31324
88.08 -2.18249
88.18 -2.77249
88.28 -2.97667
88.38 -2.83385
88.48 -2.53788
88.58 -2.54061
88.68 -2.57716
88.78 -2.62099
88.88 -2.64526
88.98 -2.87149
89.08 -3.09901
89.18 -3.1532
89.28 -2.95956
89.38 -2.31227
89.48 -1.35961
89.58 0.0693152
89.68 1.69837
89.78 3.3157
89.88 4.53015
89.98 4.88333
90.08 4.63271
90.18 4.06939
90.28 3.15274
90.38 2.19761
90.48 1.32405
90.58 0.644515
90.68 0.206254
90.78 0.0468039
90.88 0.0636801
90.98 0.00107144
91.08 0.238501
91.18 0.993428
91.28 2.09048
91.38 3.1706
91.48 4.2815
91.58 5.10897
91.68 5.38206
91.78 4.90179
91.88 4.00407
91.98 3.21749
92.08 2.34655
92.18 1.42261
92.28 0.272378
92.38 -0.458103
92.48 -0.790621
92.58 -1.12822
92.68 -1.40444
92.78 -1.70458
92.88 -2.10439
92.98 -2.50895
93.08 -2.62025
93.18 -2.36683
93.28 -2.20785
93.38 -1.98867
93.48 -1.60622
93.58 -1.22002
93.68 -0.918553
93.78 -0.492625
93.88 0.295339
93.98 0.791442
94.08 1.14262
94.18 1.39994
94.28 1.47342
94.38 1.47813
94.48 1.28353
94.58 0.764593
94.68 0.0305757
94.78 -0.812938
94.88 -1.33824
94.98 -1.53421
95.08 -1.57951
95.18 -1.65364
95.28 -1.34099
95.38 -0.945153
95.48 -0.640247
95.58 -0.608572
95.68 -0.547583
95.78 -0.291503
95.88 0.219973
95.98 0.868882
96.08 1.3072
96.18 1.21404
96.28 0.772457
96.38 0.590374
96.48 0.797897
96.58 1.30823
96.68 1.94831
96.78 2.33003
96.88 2.54257
96.98 2.64323
97.08 2.66617
97.18 2.46829
97.28 2.06101
97.38 1.4907
97.48 0.985002
97.58 0.821089
97.68 0.823083
97.78 0.863435
97.88 0.632882
97.98 0.592426
98.08 0.348747
98.18 0.328427
98.28 0.223363
98.38 -0.073423
98.48 -0.457577
98.58 -0.672926
98.68 -0.754725
98.78 -0.405359
98.88 0.138382
98.98 0.670223
99.08 1.05252
99.18 1.16697
99.28 1.23129
99.38 1.28575
99.48 1.22634
99.58 0.887321
99.68 0.165386
