-5.93 1.29146
-5.83 1.17471
-5.73 0.971763
-5.63 0.978484
-5.53 1.04178
-5.43 1.27845
-5.33 1.29495
-5.23 1.24473
-5.13 0.892594
-5.03 0.443335
-4.93 -0.0420472
-4.83 -0.464963
-4.73 -1.29713
-4.63 -1.92458
-4.53 -2.4691
-4.43 -2.62745
-4.33 -2.39234
-4.23 -1.90268
-4.13 -1.45599
-4.03 -1.018
-3.93 -0.805107
-3.83 -0.531942
-3.73 -0.104991
-3.63 0.0962427
-3.53 0.370737
-3.43 0.575452
-3.33 0.744597
-3.23 1.0891
-3.13 1.80112
-3.03 2.31584
-2.93 2.53401
-2.83 2.23471
-2.73 1.79856
-2.63 1.61226
-2.53 1.38852
-2.43 0.795721
-2.33 0.0782962
-2.23 -0.699011
-2.13 -1.40172
-2.03 -2.00666
-1.93 -2.3159
-1.83 -2.20478
-1.73 -1.54029
-1.63 -0.668985
-1.53 0.821287
-1.43 1.93873
-1.33 2.66936
-1.23 2.83799
-1.13 2.65375
-1.03 2.45833
-0.93 2.19475
-0.83 1.25224
-0.73 -0.328042
-0.63 -1.67559
-0.53 -2.49085
-0.43 -2.52589
-0.33 -2.22375
-0.23 -2.42207
-0.13 -1.58806
-0.03 -0.38318
0.07 0.960918
0.17 1.9056
0.27 2.20999
0.37 1.87873
0.47 1.27239
0.57 0.618321
0.67 -0.342895
0.77 -0.90998
0.87 -0.767672
0.97 0.0791388
1.07 1.27871
1.17 2.16694
1.27 2.53456
1.37 1.79212
1.47 1.14156
1.57 0.424244
1.67 0.0983712
1.77 0.203832
1.87 0.357171
1.97 0.539231
2.07 0.165834
2.17 -0.309954
2.27 -0.418342
2.37 -0.146098
2.47 0.295016
2.57 0.472269
2.67 0.606152
2.77 0.990536
2.87 0.952424
2.97 1.01482
3.07 0.963489
3.17 0.859884
3.27 0.32867
3.37 -0.21263
3.47 -0.15471
3.57 0.360722
3.67 0.542184
3.77 0.340579
3.87 0.0945629
3.97 -0.361145
4.07 -0.8081
4.17 -1.0651
4.27 -0.924051
4.37 -0.379833
4.47 0.121017
4.57 0.425452
4.67 1.13989
4.77 1.47777
4.87 0.940868
4.97 0.0464293
5.07 -0.569816
5.17 -0.780343
5.27 -0.738845
5.37 -0.690201
5.47 -0.826888
5.57 -0.572525
5.67 -0.188039
5.77 0.545916
5.87 1.35714
5.97 2.10902
6.07 2.57589
6.17 2.69863
6.27 2.6554
6.37 2.12738
6.47 1.59753
6.57 1.13993
6.67 0.863222
6.77 0.863776
6.87 1.03869
6.97 0.990683
7.07 0.91035
7.17 0.695984
7.27 0.26742
7.37 -0.27374
7.47 -0.691818
7.57 -0.958456
7.67 -1.30107
7.77 -1.33902
7.87 -0.974553
7.97 -0.037013
8.07 1.04896
8.17 1.73359
8.27 2.1575
8.37 2.26529
8.47 2.31666
8.57 1.866
8.67 1.20042
8.77 0.738442
8.87 0.37338
8.97 -0.0727287
9.07 -0.937343
9.17 -1.90629
9.27 -2.75741
9.37 -3.23309
9.47 -2.85157
9.57 -1.99792
9.67 -0.54776
9.77 0.92261
9.87 2.06212
9.97 2.83975
10.07 3.29355
10.17 3.2527
10.27 2.88694
10.37 2.58508
10.47 2.32638
10.57 1.92233
10.67 1.30184
10.77 0.835466
10.87 0.794377
10.97 0.914269
11.07 1.13412
11.17 1.23453
11.27 1.10255
11.37 0.81832
11.47 0.223694
11.57 -0.452783
11.67 -1.40694
11.77 -2.32414
11.87 -2.71841
11.97 -2.64119
12.07 -2.13873
12.17 -1.32914
12.27 -0.408778
12.37 0.546794
12.47 1.2143
12.57 1.71368
12.67 1.80212
12.77 1.59042
12.87 1.19542
12.97 0.755066
13.07 0.453849
13.17 -0.00602152
13.27 -0.364572
13.37 -0.405145
13.47 -0.252837
13.57 0.435564
13.67 1.57159
13.77 2.50484
13.87 2.99387
13.97 3.43011
14.07 3.68237
14.17 3.37312
14.27 2.6069
14.37 1.69451
14.47 0.847578
14.57 -0.0101072
14.67 -0.838767
14.77 -1.48833
14.87 -2.0324
14.97 -2.29717
15.07 -2.43626
15.17 -2.35425
15.27 -2.20911
15.37 -1.85759
15.47 -1.26329
15.57 -0.361094
15.67 0.812909
15.77 1.87333
15.87 2.10488
15.97 1.78033
16.07 0.940543
16.17 0.210495
16.27 0.0136355
16.37 0.105355
16.47 -0.00932151
16.57 -0.489194
16.67 -0.903242
16.77 -1.26116
16.87 -1.34731
16.97 -0.728271
17.07 0.344226
17.17 1.54476
17.27 2.42811
17.37 2.91947
17.47 3.01051
17.57 2.44821
17.67 1.10635
17.77 -0.468531
17.87 -1.36591
17.97 -1.32173
18.07 -0.709605
18.17 0.0604466
18.27 0.849773
18.37 1.6565
18.47 2.56313
18.57 3.51772
18.67 4.17089
18.77 4.25358
18.87 3.74824
18.97 2.70016
19.07 1.42485
19.17 0.226044
19.27 -0.939874
19.37 -1.96478
19.47 -2.59565
19.57 -2.89855
19.67 -2.818
19.77 -2.46811
19.87 -1.75528
19.97 -1.19182
20.07 -1.16003
20.17 -1.68978
20.27 -2.35617
20.37 -3.1968
20.47 -3.80796
20.57 -3.6733
20.67 -2.5425
20.77 -0.620948
20.87 1.40962
20.97 3.649
21.07 5.89612
21.17 7.95999
21.27 9.17779
21.37 8.93404
21.47 7.31804
21.57 4.65642
21.67 1.40246
21.77 -2.40663
21.87 -6.4331
21.97 -9.92606
22.07 -11.7934
22.17 -11.8281
22.27 -10.3455
22.37 -7.63854
22.47 -3.76137
22.57 1.13183
22.67 6.41805
22.77 11.2952
22.87 15.1941
22.97 17.5604
23.07 17.8395
23.17 15.4827
23.27 11.1521
23.37 5.64889
23.47 -0.231982
23.57 -5.49439
23.67 -9.01245
23.77 -10.4717
23.87 -10.5696
23.97 -9.82072
24.07 -8.74936
24.17 -7.3259
24.27 -5.2706
24.37 -2.2314
24.47 1.57235
24.57 6.06793
24.67 11.4064
24.77 16.5271
24.87 19.5376
24.97 18.5681
25.07 11.9102
25.17 -1.0065
25.27 -20.5841
25.37 -46.311
25.47 -74.1278
25.57 -93.9312
25.67 -98.0935
25.77 -83.9102
25.87 -51.6855
25.97 -1.46886
26.07 63.5257
26.17 132.09
26.27 187.446
26.37 217.243
26.47 215.134
26.57 166.778
26.67 64.8336
26.77 -64.2138
26.87 -174.714
26.97 -234.974
27.07 -248.366
27.17 -227.508
27.27 -178.464
27.37 -116.179
27.47 -61.0219
27.57 -22.1945
27.67 2.00504
27.77 16.1488
27.87 24.2802
27.97 32.8784
28.07 47.5835
28.17 70.8697
28.27 101.001
28.37 131.188
28.47 151.028
28.57 154.598
28.67 141.967
28.77 115.513
28.87 80.5218
28.97 42.2882
29.07 4.05255
29.17 -32.9629
29.27 -68.3303
29.37 -99.9282
29.47 -123.55
29.57 -136.143
29.67 -135.884
29.77 -123.484
29.87 -102.973
29.97 -81.7853
30.07 -64.6567
30.17 -52.9135
30.27 -45.1071
30.37 -37.4495
30.47 -25.7857
30.57 -7.45637
30.67 17.6103
30.77 46.8021
30.87 75.3226
30.97 96.9906
31.07 108.711
31.17 110.474
31.27 103.713
31.37 91.223
31.47 76.7783
31.57 63.6932
31.67 52.0394
31.77 40.1995
31.87 26.2264
31.97 9.32566
32.07 -9.74719
32.17 -28.4836
32.27 -44.5981
32.37 -57.6841
32.47 -68.2497
32.57 -76.6776
32.67 -82.5799
32.77 -84.8118
32.87 -82.6874
32.97 -75.1519
33.07 -62.6799
33.17 -47.3412
33.27 -31.8942
33.37 -18.6851
33.47 -8.78729
33.57 -2.45494
33.67 1.87978
33.77 5.56836
33.87 10.069
33.97 16.1039
34.07 23.339
34.17 30.5308
34.27 36.2919
34.37 40.0619
34.47 42.6974
34.57 45.3041
34.67 48.0985
34.77 50.7
34.87 52.4962
34.97 52.6467
35.07 50.6153
35.17 46.107
35.27 39.029
35.37 30.7268
35.47 22.1319
35.57 13.2679
35.67 3.6864
35.77 -7.09545
35.87 -17.9962
35.97 -27.9627
36.07 -36.0924
36.17 -41.8274
36.27 -44.9121
36.37 -45.9259
36.47 -46.3188
36.57 -47.128
36.67 -48.2865
36.77 -49.4781
36.87 -49.8238
36.97 -48.5663
37.07 -45.5692
37.17 -41.0939
37.27 -35.61
37.37 -29.3584
37.47 -22.5048
37.57 -15.0937
37.67 -6.93315
37.77 1.63272
37.87 10.4743
37.97 18.9604
38.07 26.3444
38.17 32.0678
38.27 36.1772
38.37 39.1476
38.47 41.7925
38.57 44.6351
38.67 47.1779
38.77 48.8877
38.87 49.211
38.97 48.2171
39.07 45.8701
39.17 42.4743
39.27 38.367
39.37 33.781
39.47 29.0281
39.57 24.0195
39.67 18.4279
39.77 11.8222
39.87 4.65312
39.97 -2.6634
40.07 -9.41169
40.17 -15.4942
40.27 -21.2362
40.37 -26.4234
40.47 -31.3619
40.57 -36.3836
40.67 -40.7734
40.77 -43.9043
40.87 -45.5845
40.97 -46.7538
41.07 -47.3484
41.17 -47.1435
41.27 -46.0907
41.37 -44.2723
41.47 -42.0626
41.57 -39.476
41.67 -35.7949
41.77 -30.7649
41.87 -24.6729
41.97 -17.6649
42.07 -10.6302
42.17 -3.75131
42.27 3.40823
42.37 10.5751
42.47 17.6794
42.57 24.2554
42.67 30.0566
42.77 35.2736
42.87 39.7175
42.97 42.8853
43.07 44.5855
43.17 45.1168
43.27 44.896
43.37 44.3865
43.47 43.8213
43.57 42.6796
43.67 40.8829
43.77 38.3769
43.87 35.1341
43.97 31.4739
44.07 27.4075
44.17 22.9976
44.27 17.6824
44.37 11.3669
44.47 4.36382
44.57 -2.59087
44.67 -8.68635
44.77 -13.8142
44.87 -18.4277
44.97 -23.1105
45.07 -27.9809
45.17 -32.6724
45.27 -36.6681
45.37 -39.6451
45.47 -41.3063
45.57 -41.7534
45.67 -41.2637
45.77 -39.8832
45.87 -38.003
45.97 -35.7152
46.07 -33.1524
46.17 -30.3859
46.27 -27.4154
46.37 -24.6334
46.47 -21.6001
46.57 -17.8281
46.67 -13.6498
46.77 -9.8864
46.87 -6.52013
46.97 -2.99006
47.07 0.885161
47.17 4.89975
47.27 8.90788
47.37 12.967
47.47 17.0903
47.57 21.5673
47.67 25.9071
47.77 29.2771
47.87 31.7481
47.97 33.8412
48.07 35.7779
48.17 36.9057
48.27 36.812
48.37 35.6804
48.47 33.854
48.57 31.7493
48.67 29.8389
48.77 28.3467
48.87 26.5972
48.97 24.1041
49.07 20.2236
49.17 15.2646
49.27 10.1613
49.37 5.75402
49.47 2.05919
49.57 -1.19378
49.67 -4.22947
49.77 -7.05365
49.87 -9.92843
49.97 -12.7227
50.07 -14.9113
50.17 -17.0127
50.27 -19.4406
50.37 -21.9233
50.47 -23.8684
50.57 -25.5053
50.67 -27.2735
50.77 -29.28
50.87 -31.0409
50.97 -32.0513
51.07 -31.994
51.17 -30.988
51.27 -29.1511
51.37 -27.0788
51.47 -25.0321
51.57 -22.8102
51.67 -20.0882
51.77 -16.9893
51.87 -13.5264
51.97 -9.51485
52.07 -5.17726
52.17 -1.03178
52.27 3.11808
52.37 7.35468
52.47 11.1414
52.57 14.1556
52.67 16.3776
52.77 17.908
52.87 19.3832
52.97 20.9691
53.07 22.8159
53.17 24.7343
53.27 26.5799
53.37 27.9989
53.47 28.9958
53.57 29.3562
53.67 28.8931
53.77 27.9096
53.87 26.6217
53.97 25.0125
54.07 22.9754
54.17 20.6235
54.27 17.9026
54.37 15.0245
54.47 12.195
54.57 9.28037
54.67 6.29956
54.77 3.53644
54.87 0.894192
54.97 -1.43536
55.07 -3.49027
55.17 -5.72353
55.27 -8.86741
55.37 -12.6817
55.47 -16.2915
55.57 -19.2563
55.67 -21.1723
55.77 -22.5496
55.87 -23.7281
55.97 -24.9355
56.07 -25.86
56.17 -26.3302
56.27 -26.6391
56.37 -26.6832
56.47 -25.9961
56.57 -24.7303
56.67 -22.3598
56.77 -18.7338
56.87 -14.6551
56.97 -11.1274
57.07 -8.32195
57.17 -6.04014
57.27 -3.84204
57.37 -1.72977
57.47 0.337863
57.57 2.20105
57.67 3.74542
57.77 5.28186
57.87 7.03851
57.97 9.29406
58.07 11.8812
58.17 14.2681
58.27 16.3487
58.37 18.2586
58.47 20.2283
58.57 21.7626
58.67 22.6098
58.77 22.9262
58.87 22.5422
58.97 21.5938
59.07 20.2203
59.17 18.3933
59.27 16.6883
59.37 15.0301
59.47 13.2798
59.57 11.7966
59.67 10.8177
59.77 10.1547
59.87 9.15735
59.97 7.66965
60.07 6.16641
60.17 4.68792
60.27 3.39935
60.37 1.99063
60.47 -0.0148816
60.57 -2.60725
60.67 -5.42144
60.77 -7.89033
60.87 -10.4339
60.97 -13.0105
61.07 -15.3876
61.17 -17.4695
61.27 -19.2024
61.37 -20.7031
61.47 -21.9848
61.57 -22.3961
61.67 -21.6873
61.77 -20.3833
61.87 -18.7866
61.97 -17.194
62.07 -15.499
62.17 -13.2076
62.27 -10.4884
62.37 -7.79261
62.47 -5.55123
62.57 -3.88762
62.67 -2.75912
62.77 -1.95912
62.87 -0.729852
62.97 0.706907
63.07 1.67484
63.17 2.07263
63.27 2.58969
63.37 3.74497
63.47 5.93941
63.57 8.48679
63.67 11.0818
63.77 13.8254
63.87 16.2799
63.97 18.1295
64.07 18.9491
64.17 18.4191
64.27 16.8651
64.37 14.8261
64.47 12.4965
64.57 10.3904
64.67 9.18895
64.77 8.84959
64.87 8.98761
64.97 9.52182
65.07 10.2288
65.17 10.6529
65.27 10.4008
65.37 9.40865
65.47 7.10752
65.57 4.50729
65.67 2.23649
65.77 0.436386
65.87 -0.47233
65.97 -0.907997
66.07 -1.35749
66.17 -2.21688
66.27 -3.2657
66.37 -4.64652
66.47 -5.89176
66.57 -6.61173
66.67 -7.3117
66.77 -8.92843
66.87 -11.4496
66.97 -14.1589
67.07 -16.7725
67.17 -19.2415
67.27 -21.0267
67.37 -21.7839
67.47 -21.2664
67.57 -19.509
67.67 -16.9053
67.77 -13.6902
67.87 -10.0662
67.97 -6.19097
68.07 -1.80693
68.17 3.30685
68.27 8.6797
68.37 13.6034
68.47 17.4688
68.57 19.817
68.67 20.098
68.77 18.198
68.87 14.5016
68.97 9.81207
69.07 4.90551
69.17 0.549197
69.27 -2.61349
69.37 -4.48752
69.47 -5.20781
69.57 -5.21385
69.67 -4.91237
69.77 -4.1149
69.87 -2.69238
69.97 -0.819775
70.07 1.20189
70.17 3
70.27 4.40281
70.37 5.50062
70.47 6.45842
70.57 7.52622
70.67 8.71504
70.77 10.2162
70.87 11.5915
70.97 12.1733
71.07 11.9341
71.17 10.9488
71.27 9.31499
71.37 7.36362
71.47 5.44431
71.57 3.72232
71.67 2.51935
71.77 1.95297
71.87 1.93291
71.97 1.85321
72.07 1.27402
72.17 0.158259
72.27 -1.06665
72.37 -2.28218
72.47 -3.67684
72.57 -5.66893
72.67 -7.87618
72.77 -9.90538
72.87 -11.4559
72.97 -12.6061
73.07 -12.9976
73.17 -12.4841
73.27 -11.9562
73.37 -11.8724
73.47 -12.0225
73.57 -12.0577
73.67 -11.3787
73.77 -9.92882
73.87 -8.44941
73.97 -7.2835
74.07 -6.08143
74.17 -4.28243
74.27 -1.70752
74.37 0.771619
74.47 2.91743
74.57 4.25223
74.67 5.35611
74.77 6.75311
74.87 8.22668
74.97 9.3713
75.07 9.64054
75.17 9.72645
75.27 10.1731
75.37 10.4388
75.47 10.379
75.57 10.0996
75.67 9.84878
75.77 9.76425
75.87 9.76446
75.97 9.69522
76.07 9.37015
76.17 8.41368
76.27 7.01616
76.37 5.61202
76.47 4.32836
76.57 3.3708
76.67 2.37261
76.77 1.00092
76.87 -0.273621
76.97 -0.910551
77.07 -0.768063
77.17 -0.399531
77.27 -0.292355
77.37 -0.728571
77.47 -1.15898
77.57 -1.36924
77.67 -1.9698
77.77 -3.09062
77.87 -4.84905
77.97 -6.66518
78.07 -8.29042
78.17 -9.23412
78.27 -9.67331
78.37 -9.57509
78.47 -9.12058
78.57 -8.59322
78.67 -7.89345
78.77 -6.68539
78.87 -5.19134
78.97 -3.46359
79.07 -2.20929
79.17 -1.6202
79.27 -1.56513
79.37 -1.49273
79.47 -0.945511
79.57 0.174452
79.67 1.35768
79.77 2.20825
79.87 2.93196
79.97 3.47983
80.07 3.75572
80.17 3.81855
80.27 3.55266
80.37 3.62082
80.47 3.75008
80.57 3.89993
80.67 4.2264
80.77 5.05261
80.87 5.76044
80.97 6.30263
81.07 6.49703
81.17 6.32625
81.27 6.13102
81.37 5.7863
81.47 4.6883
81.57 2.89029
81.67 1.02924
81.77 -0.488383
81.87 -1.68409
81.97 -2.81149
82.07 -3.56084
82.17 -3.98527
82.27 -3.61802
82.37 -2.59617
82.47 -1.26683
82.57 -0.177503
82.67 0.594076
82.77 1.09222
82.87 1.00971
82.97 0.732823
83.07 0.602205
83.17 0.561538
83.27 0.553901
83.37 0.645125
83.47 1.09375
83.57 0.753097
83.67 0.570313
83.77 0.279047
83.87 0.149664
83.97 0.295844
84.07 0.498932
84.17 0.378803
84.27 -0.361947
84.37 -1.34906
84.47 -2.17078
84.57 -2.47865
84.67 -2.58497
84.77 -2.56596
84.87 -2.41987
84.97 -2.08073
85.07 -1.57642
85.17 -0.950971
85.27 0.0612009
85.37 1.14823
85.47 1.98593
85.57 2.2605
85.67 2.21214
85.77 2.20056
85.87 1.93098
85.97 1.49513
86.07 0.725593
86.17 0.023691
86.27 -0.494888
86.37 -0.846325
86.47 -0.727352
86.57 -0.45514
86.67 -0.151965
86.77 -0.0939661
86.87 0.0642542
86.97 0.194804
87.07 0.0414346
87.17 -0.385187
87.27 -0.914346
87.37 -0.919439
87.47 -0.473202
87.57 0.338816
87.67 1.16351
87.77 2.29244
87.87 3.20549
87.97 3.49331
88.07 3.31948
88.17 2.83649
88.27 2.16641
88.37 1.50942
88.47 0.966352
88.57 0.201202
88.67 -0.456225
88.77 -0.590802
88.87 -0.451465
88.97 0.338497
89.07 1.24587
89.17 1.38335
89.27 1.42715
89.37 1.71736
89.47 1.98922
89.57 2.0735
89.67 1.55105
89.77 0.571523
89.87 -0.706565
89.97 -1.62581
90.07 -1.7892
90.17 -1.21253
90.27 -0.537268
90.37 -0.2184
90.47 -0.187582
90.57 -0.800063
90.67 -1.58649
90.77 -2.1881
90.87 -2.73337
90.97 -3.21614
91.07 -3.47877
91.17 -3.1886
91.27 -2.37966
91.37 -1.27268
91.47 0.0183951
91.57 0.887175
91.67 1.23311
91.77 1.10867
91.87 0.826543
91.97 0.493298
92.07 0.0213338
92.17 -0.42388
92.27 -0.990499
92.37 -1.13801
92.47 -0.967307
92.57 -0.634501
92.67 -0.441707
92.77 -0.159549
92.87 0.138845
92.97 0.544541
93.07 0.787725
93.17 1.10355
93.27 1.59095
93.37 1.81133
93.47 1.68499
93.57 1.39768
93.67 1.3846
93.77 1.24265
93.87 0.840198
93.97 0.212329
94.07 -0.274189
94.17 -0.525837
94.27 -0.558046
94.37 -0.226737
94.47 0.11441
94.57 0.697496
94.67 1.30162
94.77 1.94657
94.87 2.51671
94.97 2.68607
95.07 2.24554
95.17 1.21465
95.27 0.195921
95.37 -0.458316
95.47 -0.728414
95.57 -1.11819
95.67 -1.62897
95.77 -1.72406
95.87 -1.63069
95.97 -0.980796
96.07 -0.263719
96.17 0.270062
96.27 0.503929
96.37 0.288315
