3.3 -1.74859
3.4 -0.894225
3.5 0.148557
3.6 0.831726
3.7 1.64981
3.8 2.05259
3.9 1.74689
4 1.61957
4.1 1.8121
4.2 1.5754
4.3 0.839439
4.4 0.214078
4.5 -0.685968
4.6 -1.23341
4.7 -1.10633
4.8 -0.714279
4.9 0.0865324
5 0.929471
5.1 1.53521
5.2 1.7642
5.3 1.41316
5.4 0.766611
5.5 0.292899
5.6 0.107422
5.7 -0.0430865
5.8 -0.325747
5.9 -0.585804
6 -0.756404
6.1 -0.947962
6.2 -1.28464
6.3 -1.2265
6.4 -0.775044
6.5 -0.21971
6.6 0.218876
6.7 0.496396
6.8 0.670012
6.9 0.787603
7 0.909447
7.1 0.957584
7.2 1.08537
7.3 1.22193
7.4 1.19448
7.5 1.53244
7.6 2.12664
7.7 2.60285
7.8 2.36499
7.9 1.78534
8 1.16547
8.1 0.745737
8.2 0.453276
8.3 0.513362
8.4 0.506981
8.5 0.698329
8.6 1.10212
8.7 1.08625
8.8 1.32276
8.9 1.42691
9 0.970677
9.1 0.63775
9.2 0.416871
9.3 0.405291
9.4 0.256107
9.5 0.156892
9.6 0.201145
9.7 0.433247
9.8 0.618775
9.9 0.782613
10 0.782444
10.1 0.340797
10.2 -0.46157
10.3 -1.22213
10.4 -1.50081
10.5 -1.33656
10.6 -0.920321
10.7 -0.411882
10.8 0.243664
10.9 0.592675
11 0.806712
11.1 0.989952
11.2 0.864645
11.3 1.03564
11.4 1.19031
11.5 1.03688
11.6 0.626083
11.7 0.15313
11.8 0.0364106
11.9 0.415955
12 0.858041
12.1 1.00685
12.2 0.892407
12.3 0.960378
12.4 1.04002
12.5 1.37396
12.6 1.59148
12.7 1.74675
12.8 1.46755
12.9 1.15579
13 1.0948
13.1 1.07296
13.2 0.747682
13.3 0.400258
13.4 0.265186
13.5 0.174523
13.6 0.0940651
13.7 -0.224454
13.8 -0.557881
13.9 -0.614882
14 -0.39884
14.1 -0.53255
14.2 -0.657636
14.3 -0.563406
14.4 -0.153706
14.5 0.582438
14.6 1.3186
14.7 1.81379
14.8 2.11238
14.9 2.50546
15 2.93652
15.1 3.20143
15.2 3.02826
15.3 2.45389
15.4 1.87029
15.5 1.40984
15.6 1.36493
15.7 1.03696
15.8 -0.41994
15.9 -1.48097
16 -2.62827
16.1 -2.8612
16.2 -2.64609
16.3 -2.23158
16.4 -1.8273
16.5 -1.03858
16.6 0.114139
16.7 1.2677
16.8 1.76331
16.9 1.66572
17 1.61862
17.1 1.54234
17.2 1.64342
17.3 1.46738
17.4 1.31265
17.5 1.56474
17.6 2.02256
17.7 2.68423
17.8 2.85567
17.9 2.76533
18 2.3673
18.1 1.88151
18.2 1.34652
18.3 1.01045
18.4 0.966456
18.5 0.988212
18.6 0.58834
18.7 -0.10592
18.8 -0.573905
18.9 -0.957187
19 -1.01354
19.1 -1.13846
19.2 -1.31737
19.3 -1.41683
19.4 -1.06941
19.5 -0.221895
19.6 0.643567
19.7 1.06179
19.8 0.881613
19.9 0.51378
20 0.184864
20.1 0.207727
20.2 0.341029
20.3 0.212806
20.4 0.140277
20.5 0.60651
20.6 1.6741
20.7 2.6377
20.8 3.24181
20.9 3.46617
21 3.16761
21.1 2.74256
21.2 2.63722
21.3 2.30746
21.4 1.34627
21.5 0.403215
21.6 -0.214571
21.7 -0.548565
21.8 -0.910805
21.9 -1.33941
22 -1.69095
22.1 -1.8018
22.2 -1.3665
22.3 -0.511693
22.4 0.32034
22.5 0.890034
22.6 1.37388
22.7 1.58788
22.8 1.62714
22.9 1.74582
23 2.30486
23.1 2.73257
23.2 2.7062
23.3 2.39879
23.4 1.91797
23.5 1.4385
23.6 0.897122
23.7 0.419949
23.8 -0.0614982
23.9 -0.736262
24 -1.434
24.1 -1.81247
24.2 -1.60082
24.3 -1.35221
24.4 -1.28574
24.5 -0.714193
24.6 0.222768
24.7 0.9651
24.8 1.57488
24.9 2.22148
25 2.54184
25.1 2.46235
25.2 2.16823
25.3 1.86889
25.4 1.75363
25.5 1.70016
25.6 1.51302
25.7 0.931119
25.8 0.0368258
25.9 -0.61565
26 -0.838984
26.1 -0.741774
26.2 -0.543726
26.3 -0.391953
26.4 -0.341004
26.5 0.110441
26.6 0.717205
26.7 1.00618
26.8 1.00918
26.9 0.931801
27 0.722025
27.1 0.526403
27.2 0.734496
27.3 1.04574
27.4 0.998917
27.5 0.762635
27.6 0.596643
27.7 0.614075
27.8 0.901447
27.9 1.27388
28 1.77818
28.1 2.23882
28.2 2.8161
28.3 3.06509
28.4 3.02925
28.5 2.76231
28.6 2.15178
28.7 1.27415
28.8 0.496079
28.9 0.210127
29 0.0681106
29.1 -0.383613
29.2 -0.946809
29.3 -1.52872
29.4 -1.73405
29.5 -1.62469
29.6 -1.3752
29.7 -1.41316
29.8 -1.41114
29.9 -1.02032
30 -0.144028
30.1 0.77208
30.2 1.31277
30.3 1.56073
30.4 1.51985
30.5 1.17207
30.6 0.565959
30.7 0.240846
30.8 0.266395
30.9 0.137285
31 -0.278211
31.1 -0.637629
31.2 -0.834979
31.3 -0.849564
31.4 -0.371361
31.5 0.486348
31.6 1.30186
31.7 2.01213
31.8 2.85074
31.9 3.75747
32 4.46353
32.1 4.57016
32.2 3.87107
32.3 2.82175
32.4 2.02969
32.5 1.42015
32.6 0.78365
32.7 -0.0515647
32.8 -1.21949
32.9 -2.39014
33 -3.00276
33.1 -2.531
33.2 -1.36965
33.3 -0.38296
33.4 0.318183
33.5 1.30937
33.6 2.51372
33.7 3.49046
33.8 3.52973
33.9 2.50119
34 0.49716
34.1 -1.88249
34.2 -4.09794
34.3 -5.85767
34.4 -6.82891
34.5 -6.55163
34.6 -4.91538
34.7 -1.96493
34.8 1.88723
34.9 5.99953
35 9.708
35.1 12.5414
35.2 13.9633
35.3 13.8856
35.4 12.3996
35.5 9.28031
35.6 4.4108
35.7 -1.72861
35.8 -8.26198
35.9 -13.7257
36 -17.2482
36.1 -18.2326
36.2 -16.763
36.3 -13.3652
36.4 -8.36535
36.5 -2.26067
36.6 4.29
36.7 9.82966
36.8 13.309
36.9 14.4676
37 13.4615
37.1 10.4984
37.2 6.00387
37.3 1.19198
37.4 -2.68505
37.5 -4.93936
37.6 -4.90353
37.7 -2.58781
37.8 1.24684
37.9 5.34638
38 8.73026
38.1 10.828
38.2 11.1279
38.3 9.38642
38.4 6.08948
38.5 1.68361
38.6 -2.98685
38.7 -7.37646
38.8 -11.3349
38.9 -14.5103
39 -16.4321
39.1 -16.7079
39.2 -15.1449
39.3 -11.5081
39.4 -6.216
39.5 0.21394
39.6 7.75323
39.7 16.2722
39.8 24.9429
39.9 31.2504
40 32.4818
40.1 27.2706
40.2 14.7804
40.3 -6.24821
40.4 -36.4505
40.5 -71.0043
40.6 -98.2554
40.7 -108.032
40.8 -97.2521
40.9 -67.2811
41 -16.6055
41.1 53.0677
41.2 128.909
41.3 192.053
41.4 225.851
41.5 224.331
41.6 175.866
41.7 69.922
41.8 -65.8987
41.9 -182.359
42 -252.99
42.1 -275.927
42.2 -260.764
42.3 -209.418
42.4 -135.486
42.5 -64.9596
42.6 -14.1292
42.7 18.6854
42.8 41.1411
42.9 57.6392
43 71.9935
43.1 87.5213
43.2 105.898
43.3 124.111
43.4 135.787
43.5 134.869
43.6 119.338
43.7 92.0083
43.8 60.051
43.9 29.9874
44 3.29705
44.1 -21.5195
44.2 -46.1517
44.3 -72.188
44.4 -98.5018
44.5 -120.057
44.6 -131.507
44.7 -130.164
44.8 -115.589
44.9 -90.2893
45 -62.441
45.1 -39.7892
45.2 -24.7547
45.3 -16.8896
45.4 -12.5533
45.5 -7.00412
45.6 2.94852
45.7 18.7314
45.8 40.0281
45.9 64.4455
46 86.904
46.1 101.805
46.2 106.817
46.3 101.525
46.4 88.4614
46.5 72.0516
46.6 55.2843
46.7 38.9514
46.8 22.1428
46.9 4.37687
47 -13.7043
47.1 -30.5509
47.2 -43.722
47.3 -52.5764
47.4 -57.5481
47.5 -60.0471
47.6 -61.7376
47.7 -63.3678
47.8 -64.3188
47.9 -63.3767
48 -59.643
48.1 -52.6728
48.2 -42.895
48.3 -31.7638
48.4 -21.0592
48.5 -11.9772
48.6 -4.39491
48.7 2.82744
48.8 10.5413
48.9 18.9459
49 26.97
49.1 33.6765
49.2 38.4777
49.3 41.1635
49.4 42.0196
49.5 41.9228
49.6 41.9905
49.7 42.6717
49.8 43.3112
49.9 42.8159
50 40.5258
50.1 36.2373
50.2 30.2006
50.3 23.2415
50.4 16.1791
50.5 9.87705
50.6 3.90943
50.7 -2.76913
50.8 -10.9247
50.9 -20.3017
51 -29.5456
51.1 -37.2275
51.2 -42.5514
51.3 -44.9241
51.4 -44.7695
51.5 -43.489
51.6 -42.4046
51.7 -42.1735
51.8 -42.4445
51.9 -42.2241
52 -40.3128
52.1 -36.5868
52.2 -31.279
52.3 -25.0011
52.4 -18.4345
52.5 -11.4791
52.6 -4.18438
52.7 2.8903
52.8 9.32648
52.9 15.0738
53 20.3006
53.1 25.0837
53.2 29.1415
53.3 32.3552
53.4 34.8081
53.5 37.0846
53.6 39.6523
53.7 42.2546
53.8 44.0278
53.9 44.3321
54 42.8505
54.1 39.9589
54.2 36.4085
54.3 32.6568
54.4 28.5854
54.5 23.8527
54.6 18.4395
54.7 12.276
54.8 5.3988
54.9 -1.75292
55 -8.93155
55.1 -15.7395
55.2 -21.7676
55.3 -26.8366
55.4 -31.6576
55.5 -36.5785
55.6 -41.2472
55.7 -45.3227
55.8 -48.1205
55.9 -49.1878
56 -48.6798
56.1 -47.0558
56.2 -44.613
56.3 -41.6264
56.4 -38.1499
56.5 -34.5114
56.6 -30.6141
56.7 -25.8513
56.8 -19.7998
56.9 -12.8775
57 -6.00725
57.1 0.479924
57.2 6.74801
57.3 12.6963
57.4 18.1319
57.5 23.372
57.6 28.5885
57.7 33.7511
57.8 38.1902
57.9 41.5971
58 43.8181
58.1 44.671
58.2 44.4047
58.3 43.6571
58.4 42.4503
58.5 40.4853
58.6 37.5597
58.7 33.9076
58.8 29.6023
58.9 24.7741
59 19.7311
59.1 14.4958
59.2 9.05554
59.3 3.39422
59.4 -2.41963
59.5 -8.18134
59.6 -13.7732
59.7 -19.0343
59.8 -23.535
59.9 -27.176
60 -30.2514
60.1 -33.1157
60.2 -35.4082
60.3 -36.5969
60.4 -36.9528
60.5 -36.7861
60.6 -36.1363
60.7 -35.0662
60.8 -33.6603
60.9 -32.0324
61 -30.447
61.1 -28.113
61.2 -24.5688
61.3 -20.3848
61.4 -16.1242
61.5 -12.0103
61.6 -8.00705
61.7 -4.17669
61.8 -0.65557
61.9 2.8557
62 6.32147
62.1 9.66708
62.2 12.7007
62.3 15.7057
62.4 18.8618
62.5 22.193
62.6 25.0232
62.7 27.3211
62.8 29.1767
62.9 30.3126
63 30.8744
63.1 30.8723
63.2 30.6315
63.3 30.2256
63.4 29.2381
63.5 27.3771
63.6 24.8883
63.7 22.2349
63.8 19.6871
63.9 17.1707
64 14.581
64.1 11.8006
64.2 8.61872
64.3 5.34192
64.4 1.8972
64.5 -1.69589
64.6 -5.30111
64.7 -9.03043
64.8 -12.5765
64.9 -15.5928
65 -18.2912
65.1 -20.5752
65.2 -22.2451
65.3 -23.3302
65.4 -24.3096
65.5 -25.2411
65.6 -26.0988
65.7 -26.7603
65.8 -26.926
65.9 -26.7199
66 -26.6805
66.1 -26.7484
66.2 -26.483
66.3 -25.2503
66.4 -22.5007
66.5 -18.9482
66.6 -15.5465
66.7 -12.1483
66.8 -8.2176
66.9 -4.11599
67 -0.103001
67.1 3.56731
67.2 6.60138
67.3 9.38509
67.4 12.5063
67.5 15.737
67.6 18.5596
67.7 20.988
67.8 22.7775
67.9 23.86
68 24.4515
68.1 24.6726
68.2 24.4964
68.3 24.1907
68.4 23.7189
68.5 22.8625
68.6 21.8212
68.7 20.9402
68.8 19.9229
68.9 18.4187
69 16.9794
69.1 15.7502
69.2 14.427
69.3 12.7767
69.4 10.9447
69.5 8.81398
69.6 6.35744
69.7 3.78622
69.8 0.834329
69.9 -2.98558
70 -7.20111
70.1 -11.3468
70.2 -14.9893
70.3 -17.8977
70.4 -20.4075
70.5 -22.6269
70.6 -24.1487
70.7 -24.7943
70.8 -24.6655
70.9 -24.162
71 -23.4609
71.1 -22.7474
71.2 -21.9136
71.3 -20.7425
71.4 -19.1692
71.5 -17.2105
71.6 -14.9751
71.7 -12.6453
71.8 -10.0584
71.9 -7.36523
72 -4.35198
72.1 -1.41795
72.2 0.696951
72.3 1.98505
72.4 2.58711
72.5 3.14695
72.6 4.21202
72.7 5.97371
72.8 8.37407
72.9 11.3653
73 14.5067
73.1 17.3892
73.2 19.7932
73.3 21.4572
73.4 22.2337
73.5 21.9979
73.6 20.7119
73.7 18.7654
73.8 16.64
73.9 14.8895
74 13.6808
74.1 12.9737
74.2 12.6546
74.3 12.2813
74.4 11.75
74.5 10.8876
74.6 9.65825
74.7 7.98993
74.8 6.01657
74.9 4.03609
75 2.30275
75.1 1.01278
75.2 -0.277296
75.3 -1.92504
75.4 -3.69201
75.5 -5.5315
75.6 -7.40302
75.7 -9.03772
75.8 -10.0192
75.9 -10.7441
76 -12.0382
76.1 -13.8539
76.2 -15.2679
76.3 -16.2028
76.4 -17.1622
76.5 -17.9135
76.6 -18.2471
76.7 -18.1358
76.8 -17.3059
76.9 -15.7707
77 -14.2026
77.1 -12.5983
77.2 -10.5269
77.3 -8.05112
77.4 -5.32945
77.5 -2.53072
77.6 -0.091969
77.7 1.59642
77.8 2.71545
77.9 3.58722
78 4.46874
78.1 5.18985
78.2 5.52685
78.3 5.62267
78.4 6.07141
78.5 7.50915
78.6 10.1134
78.7 13.2231
78.8 16.207
78.9 18.3871
79 19.3139
79.1 19.0755
79.2 17.75
79.3 15.7409
79.4 13.2288
79.5 10.6221
79.6 8.54737
79.7 7.33366
79.8 7.01813
79.9 6.91386
80 6.80396
80.1 6.83203
80.2 7.04706
80.3 6.94497
80.4 6.14387
80.5 4.59431
80.6 2.79628
80.7 0.913259
80.8 -1.04742
80.9 -3.39101
81 -6.36103
81.1 -8.99899
81.2 -9.84063
81.3 -9.31373
81.4 -8.2485
81.5 -7.30382
81.6 -6.37864
81.7 -5.79032
81.8 -6.05593
81.9 -7.3919
82 -9.89787
82.1 -13.2201
82.2 -16.4795
82.3 -18.4979
82.4 -18.753
82.5 -17.8139
82.6 -16.283
82.7 -14.5415
82.8 -12.2486
82.9 -9.11569
83 -5.06733
83.1 -0.375319
83.2 4.86129
83.3 10.1778
83.4 15.0126
83.5 18.7923
83.6 20.8004
83.7 20.6513
83.8 18.6632
83.9 15.1585
84 10.9432
84.1 6.92873
84.2 3.54637
84.3 0.881142
84.4 -0.841324
84.5 -1.84322
84.6 -1.99633
84.7 -1.54604
84.8 -0.839931
84.9 -0.203075
85 0.716787
85.1 1.97693
85.2 3.08008
85.3 3.63135
85.4 4.04323
85.5 4.54102
85.6 4.89486
85.7 5.28451
85.8 5.95199
85.9 6.95155
86 7.93095
86.1 8.61525
86.2 8.62087
86.3 8.11922
86.4 7.43848
86.5 6.76534
86.6 5.9564
86.7 4.85795
86.8 3.37211
86.9 1.88167
87 0.0700695
87.1 -1.89188
87.2 -3.60117
87.3 -5.0726
87.4 -6.81783
87.5 -8.61398
87.6 -10.1338
87.7 -11.3681
87.8 -12.3789
87.9 -13.0747
88 -13.629
88.1 -13.6181
88.2 -12.7999
88.3 -11.5502
88.4 -10.3647
88.5 -9.73714
88.6 -8.85229
88.7 -7.66965
88.8 -6.39334
88.9 -4.71216
89 -2.99462
89.1 -0.871948
89.2 1.72629
89.3 4.36157
89.4 6.50584
89.5 8.03898
89.6 9.12341
89.7 9.97877
89.8 10.9058
89.9 11.7458
90 11.97
90.1 11.9089
90.2 11.4957
90.3 10.9548
90.4 10.1902
90.5 9.04098
90.6 7.71028
90.7 6.43593
90.8 5.34652
90.9 4.83312
91 4.83787
91.1 5.45544
91.2 5.72484
91.3 5.58007
91.4 4.86109
91.5 3.79186
91.6 2.17875
91.7 0.461757
91.8 -1.55183
91.9 -3.48368
92 -4.94827
92.1 -5.5882
92.2 -5.93559
92.3 -6.0595
92.4 -6.08609
92.5 -5.94452
92.6 -5.90134
92.7 -6.15815
92.8 -6.11608
92.9 -5.56973
93 -4.73332
93.1 -4.07487
93.2 -3.66774
93.3 -3.51314
93.4 -3.48977
93.5 -3.35286
93.6 -2.7113
93.7 -1.74376
93.8 -0.532248
93.9 0.92064
94 2.3494
94.1 3.54516
94.2 3.98923
94.3 3.73715
94.4 3.41189
94.5 2.89048
94.6 2.19777
94.7 1.19875
94.8 0.306936
94.9 -0.0398447
95 0.297848
95.1 0.715476
95.2 1.27459
95.3 1.73166
95.4 1.77007
95.5 1.63422
95.6 1.41015
95.7 1.37947
95.8 1.46732
95.9 1.71145
96 1.6818
96.1 1.27101
96.2 1.05405
96.3 0.868308
96.4 0.718397
96.5 0.656276
96.6 0.71475
96.7 0.676217
96.8 0.925982
96.9 1.58095
97 2.49824
97.1 3.14105
97.2 3.20154
97.3 2.77942
97.4 2.16377
97.5 1.25874
97.6 0.249297
97.7 -0.275741
97.8 -0.361082
97.9 -0.272875
98 -0.187644
98.1 -0.177049
98.2 -0.185178
98.3 -0.00947645
98.4 -0.123639
98.5 -0.509874
98.6 -0.793385
98.7 -0.9313
98.8 -0.984899
98.9 -0.971058
99 -0.936504
99.1 -1.03434
99.2 -1.3353
99.3 -1.45386
99.4 -1.74394
99.5 -1.78192
99.6 -1.36257
99.7 -0.978367
99.8 -0.507261
99.9 -0.664014
100 -1.33077
100.1 -1.89838
100.2 -2.29347
100.3 -1.99713
100.4 -1.14573
100.5 -0.165082
100.6 0.578759
100.7 1.13129
100.8 1.67364
100.9 2.33101
101 2.44414
101.1 2.15969
101.2 1.54302
101.3 0.888624
101.4 0.531041
101.5 0.605653
101.6 0.753565
101.7 1.26431
101.8 1.27527
101.9 1.31592
102 1.50585
102.1 1.69307
102.2 1.37973
102.3 0.978302
102.4 0.346319
102.5 -0.207083
102.6 -0.476542
102.7 -0.395981
102.8 -0.198139
102.9 -0.0478206
103 -0.0133468
103.1 0.413274
103.2 1.17223
103.3 1.66807
103.4 1.4892
103.5 0.833304
103.6 0.163787
103.7 -0.167723
103.8 -0.216109
103.9 -0.48103
104 -0.78298
104.1 -0.815699
104.2 -0.62317
104.3 -0.0349503
104.4 0.966928
104.5 1.77979
104.6 2.24948
104.7 2.33456
104.8 2.0458
104.9 1.64148
105 1.26218
105.1 0.634979
105.2 -0.226114
105.3 -0.861865
105.4 -1.12973
105.5 -0.969729
105.6 -0.586436
