-5.93 4.02742
-5.8346 3.30461
-5.73919 2.2736
-5.64379 1.45011
-5.54839 0.497662
-5.45299 -0.293141
-5.35758 -0.420046
-5.26218 -0.638519
-5.16678 -0.670768
-5.07138 -0.622943
-4.97597 -0.427579
-4.88057 -0.308853
-4.78517 -0.434839
-4.68977 -0.627135
-4.59436 -0.87298
-4.49896 -1.15705
-4.40356 -1.80874
-4.30816 -1.96194
-4.21275 -2.23362
-4.11735 -2.34727
-4.02195 -2.72143
-3.92654 -2.5195
-3.83114 -1.71842
-3.73574 -0.811302
-3.64034 0.540687
-3.54493 2.10316
-3.44953 2.81541
-3.35413 3.23777
-3.25873 3.24642
-3.16332 2.92269
-3.06792 2.42424
-2.97252 2.02467
-2.87712 1.70441
-2.78171 1.38191
-2.68631 1.12735
-2.59091 1.09074
-2.4955 1.17494
-2.4001 1.4693
-2.3047 1.84187
-2.2093 2.21754
-2.11389 2.56288
-2.01849 2.77327
-1.92309 2.74107
-1.82769 2.38905
-1.73228 1.58975
-1.63688 0.623498
-1.54148 -0.549906
-1.44608 -1.32254
-1.35067 -1.82468
-1.25527 -1.9368
-1.15987 -1.8086
-1.06447 -1.30136
-0.969062 -0.851601
-0.87366 -0.491893
-0.778257 -0.509237
-0.682855 -0.378602
-0.587452 -0.297004
-0.492049 -0.368643
-0.396647 -0.194528
-0.301244 0.1018
-0.205841 0.783387
-0.110439 1.09254
-0.0150361 1.31049
0.0803666 1.33322
0.175769 1.15904
0.271172 0.901752
0.366575 0.297403
0.461977 -0.158423
0.55738 -0.434849
0.652782 -0.44999
0.748185 -0.202835
0.843588 0.305923
0.93899 0.693226
1.03439 0.981351
1.1298 1.09462
1.2252 1.02195
1.3206 0.816664
1.416 0.573034
1.51141 0.389473
1.60681 0.333042
1.70221 0.418206
1.79761 0.606011
1.89302 0.821207
1.98842 0.978449
2.08382 1.09309
2.17922 1.15648
2.27463 0.807709
2.37003 0.275082
2.46543 -0.344333
2.56084 -0.968796
2.65624 -1.26545
2.75164 -1.51116
2.84704 -1.60351
2.94245 -1.36026
3.03785 -0.898964
3.13325 -0.295289
3.22865 0.332705
3.32406 0.861389
3.41946 1.20757
3.51486 1.36198
3.61026 1.39055
3.70567 1.4318
3.80107 1.56502
3.89647 1.74147
3.99188 1.98353
4.08728 2.13222
4.18268 2.05552
4.27808 1.65065
4.37349 1.28662
4.46889 0.672979
4.56429 0.479155
4.65969 0.326785
4.7551 0.486728
4.8505 1.10983
4.9459 1.58462
5.0413 1.86507
5.13671 1.81309
5.23211 1.49412
5.32751 0.778608
5.42291 0.122943
5.51832 -0.501409
5.61372 -0.982589
5.70912 -1.34287
5.80453 -1.89848
5.89993 -1.84912
5.99533 -1.31744
6.09073 -0.762189
6.18614 0.0381575
6.28154 0.834164
6.37694 2.0551
6.47234 2.90956
6.56775 3.34566
6.66315 3.32218
6.75855 2.76557
6.85395 1.78274
6.94936 0.598574
7.04476 -0.695714
7.14016 -1.59461
7.23556 -2.07635
7.33097 -2.08076
7.42637 -1.62695
7.52177 -0.794021
7.61718 0.297099
7.71258 1.49606
7.80798 2.65876
7.90338 3.51887
7.99879 4.06157
8.09419 4.24686
8.18959 3.97409
8.28499 3.3884
8.3804 2.84334
8.4758 2.03594
8.5712 1.3054
8.6666 0.69424
8.76201 0.128714
8.85741 -0.461288
8.95281 -0.919061
9.04822 -1.61508
9.14362 -2.56284
9.23902 -2.99953
9.33442 -3.33196
9.42983 -3.04213
9.52523 -2.31353
9.62063 -1.24665
9.71603 -0.403873
9.81144 0.104545
9.90684 0.192085
10.0022 -0.0494928
10.0976 -0.40186
10.193 -0.620258
10.2884 -0.532259
10.3839 -0.0908848
10.4793 0.634702
10.5747 1.51414
10.6701 2.41873
10.7655 3.25673
10.8609 3.96817
10.9563 4.49436
11.0517 4.75382
11.1471 4.65113
11.2425 4.12167
11.3379 3.18819
11.4333 1.99168
11.5287 0.769082
11.6241 -0.221342
11.7195 -0.794843
11.8149 -0.908058
11.9103 -0.664057
12.0057 -0.251207
12.1011 0.151422
12.1965 0.450546
12.2919 0.655711
12.3873 0.830076
12.4827 1.00783
12.5781 1.13292
12.6735 1.06363
12.7689 0.649809
12.8643 -0.155858
12.9597 -1.21727
13.0551 -2.22081
13.1505 -2.78069
13.2459 -2.6029
13.3413 -1.62978
13.4367 -0.0905375
13.5321 1.57504
13.6275 2.88976
13.7229 3.53031
13.8183 3.44712
13.9138 2.85812
14.0092 2.12405
14.1046 1.57069
14.2 1.3468
14.2954 1.38431
14.3908 1.47171
14.4862 1.3934
14.5816 1.05667
14.677 0.540147
14.7724 0.043688
14.8678 -0.225982
14.9632 -0.167158
15.0586 0.168443
15.154 0.612832
15.2494 0.977893
15.3448 1.15308
15.4402 1.1506
15.5356 1.07772
15.631 1.05909
15.7264 1.15921
15.8218 1.35101
15.9172 1.54534
16.0126 1.65734
16.108 1.66325
16.2034 1.60917
16.2988 1.56532
16.3942 1.55681
16.4896 1.51931
16.585 1.31559
16.6804 0.81121
16.7758 -0.031101
16.8712 -1.0955
16.9666 -2.13533
17.062 -2.87034
17.1574 -3.11137
17.2528 -2.84607
17.3482 -2.23804
17.4436 -1.53853
17.5391 -0.958803
17.6345 -0.573262
17.7299 -0.30551
17.8253 -0.000827802
17.9207 0.462155
18.0161 1.09062
18.1115 1.7778
18.2069 2.38295
18.3023 2.83743
18.3977 3.20198
18.4931 3.62679
18.5885 4.22616
18.6839 4.93916
18.7793 5.46969
18.8747 5.36565
18.9701 4.22157
19.0655 1.91327
19.1609 -1.25975
19.2563 -4.61418
19.3517 -7.30719
19.4471 -8.65064
19.5425 -8.36789
19.6379 -6.66894
19.7333 -4.10985
19.8287 -1.31347
19.9241 1.29948
20.0195 3.62739
20.1149 5.7974
20.2103 7.92972
20.3057 9.90444
20.4011 11.2816
20.4965 11.442
20.5919 9.88894
20.6873 6.55231
20.7827 1.92099
20.8781 -3.08778
20.9735 -7.47354
21.0689 -10.5437
21.1644 -12.148
21.2598 -12.6289
21.3552 -12.5095
21.4506 -12.0851
21.546 -11.1431
21.6414 -8.98319
21.7368 -4.75451
21.8322 2.02954
21.9276 11.037
22.023 20.934
22.1184 29.5588
22.2138 34.384
22.3092 33.0957
22.4046 24.1156
22.5 6.98011
22.5954 -17.4089
22.6908 -46.6041
22.7862 -76.5105
22.8816 -101.492
22.977 -114.918
23.0724 -110.344
23.1678 -83.285
23.2632 -33.2275
23.3586 34.8376
23.454 110.125
23.5494 177.556
23.6448 221.021
23.7402 227.674
23.8356 191.963
23.931 118.001
24.0264 19.2422
24.1218 -84.6694
24.2172 -173.053
24.3126 -229.734
24.408 -247.176
24.5034 -227.862
24.5988 -182.553
24.6942 -126.142
24.7897 -72.6743
24.8851 -31.2788
24.9805 -4.33476
25.0759 11.7364
25.1713 23.6664
25.2667 37.8302
25.3621 57.4649
25.4575 81.6035
25.5529 105.913
25.6483 124.832
25.7437 133.951
25.8391 131.592
25.9345 119.04
26.0299 99.5102
26.1253 76.4917
26.2207 52.3257
26.3161 27.6549
26.4115 1.9141
26.5069 -25.4944
26.6023 -54.0154
26.6977 -81.3985
26.7931 -104.115
26.8885 -118.573
26.9839 -122.572
27.0793 -116.322
27.1747 -102.521
27.2701 -85.4299
27.3655 -69.3158
27.4609 -56.9071
27.5563 -48.507
27.6517 -42.1079
27.7471 -34.4251
27.8425 -22.39
27.9379 -4.47564
28.0333 18.66
28.1287 44.4136
28.2241 69.1803
28.3195 89.5581
28.415 103.312
28.5104 109.762
28.6058 109.553
28.7012 104.017
28.7966 94.4959
28.892 81.9146
28.9874 66.7538
29.0828 49.3143
29.1782 30.0598
29.2736 9.81054
29.369 -10.3203
29.4644 -29.193
29.5598 -45.9402
29.6552 -60.1222
29.7506 -71.6532
29.846 -80.5561
29.9414 -86.703
30.0368 -89.7103
30.1322 -89.0659
30.2276 -84.4334
30.323 -75.9682
30.4184 -64.4638
30.5138 -51.2274
30.6092 -37.7232
30.7046 -25.1401
30.8 -14.0837
30.8954 -4.5268
30.9908 3.97427
31.0862 11.9225
31.1816 19.5656
31.277 26.7733
31.3724 33.1452
31.4678 38.2644
31.5632 41.9419
31.6586 44.3158
31.754 45.7583
31.8494 46.6566
31.9448 47.1997
32.0403 47.2946
32.1357 46.6531
32.2311 44.9878
32.3265 42.1954
32.4219 38.4127
32.5173 33.9136
32.6127 28.9138
32.7081 23.4112
32.8035 17.1777
32.8989 9.92818
32.9943 1.5878
33.0897 -7.496
33.1851 -16.5338
33.2805 -24.5129
33.3759 -30.5717
33.4713 -34.3562
33.5667 -36.1799
33.6621 -36.8937
33.7575 -37.5172
33.8529 -38.7972
33.9483 -40.898
34.0437 -43.3649
34.1391 -45.366
34.2345 -46.0849
34.3299 -45.0708
34.4253 -42.3845
34.5207 -38.4875
34.6161 -33.958
34.7115 -29.1917
34.8069 -24.2447
34.9023 -18.8866
34.9977 -12.8155
35.0931 -5.90412
35.1885 1.6628
35.2839 9.4287
35.3793 16.8525
35.4747 23.5308
35.5702 29.3295
35.6656 34.3579
35.761 38.8075
35.8564 42.7579
35.9518 46.0641
36.0472 48.3944
36.1426 49.396
36.238 48.8971
36.3334 47.0281
36.4288 44.193
36.5242 40.9016
36.6196 37.5517
36.715 34.2712
36.8104 30.9014
36.9058 27.1202
37.0012 22.6347
37.0966 17.3376
37.192 11.3516
37.2874 4.95038
37.3828 -1.585
37.4782 -8.08482
37.5736 -14.5159
37.669 -20.9051
37.7644 -27.2152
37.8598 -33.2567
37.9552 -38.6963
38.0506 -43.1655
38.146 -46.4115
38.2414 -48.4037
38.3368 -49.3327
38.4322 -49.4968
38.5276 -49.1355
38.623 -48.2998
38.7184 -46.8322
38.8138 -44.4672
38.9092 -40.999
39.0046 -36.4248
39.1 -30.9843
39.1955 -25.0756
39.2909 -19.0887
39.3863 -13.2495
39.4817 -7.55322
39.5771 -1.82234
39.6725 4.14574
39.7679 10.4222
39.8633 16.8644
39.9587 23.1483
40.0541 28.8933
40.1495 33.8103
40.2449 37.7928
40.3403 40.9084
40.4357 43.3047
40.5311 45.0871
40.6265 46.2434
40.7219 46.6537
40.8173 46.1777
40.9127 44.7631
41.0081 42.5084
41.1035 39.641
41.1989 36.4175
41.2943 33.0031
41.3897 29.3953
41.4851 25.4373
41.5805 20.9162
41.6759 15.6956
41.7713 9.81499
41.8667 3.50639
41.9621 -2.87835
42.0575 -8.98794
42.1529 -14.5788
42.2483 -19.5586
42.3437 -23.9538
42.4391 -27.8303
42.5345 -31.2183
42.6299 -34.0836
42.7253 -36.3568
42.8208 -37.9941
42.9162 -39.0253
43.0116 -39.554
43.107 -39.7046
43.2024 -39.5449
43.2978 -39.0318
43.3932 -38.0149
43.4886 -36.3039
43.584 -33.7677
43.6794 -30.4144
43.7748 -26.4114
43.8702 -22.0319
43.9656 -17.5585
44.061 -13.1884
44.1564 -8.98963
44.2518 -4.92333
44.3472 -0.914308
44.4426 3.07324
44.538 6.99793
44.6334 10.7597
44.7288 14.2593
44.8242 17.4603
44.9196 20.411
45.015 23.211
45.1104 25.9361
45.2058 28.563
45.3012 30.9389
45.3966 32.8191
45.492 33.9603
45.5874 34.2282
45.6828 33.6687
45.7782 32.5047
45.8736 31.0588
45.969 29.6312
46.0644 28.3865
46.1598 27.2927
46.2552 26.1377
46.3506 24.6114
46.4461 22.4189
46.5415 19.3844
46.6369 15.511
46.7323 10.9841
46.8277 6.12627
46.9231 1.32018
47.0185 -3.07641
47.1139 -6.8067
47.2093 -9.76858
47.3047 -12.0367
47.4001 -13.8461
47.4955 -15.5368
47.5909 -17.4642
47.6863 -19.8964
47.7817 -22.9235
47.8771 -26.4094
47.9725 -30.0042
48.0679 -33.2194
48.1633 -35.5445
48.2587 -36.5719
48.3541 -36.0939
48.4495 -34.1468
48.5449 -30.9967
48.6403 -27.0776
48.7357 -22.9029
48.8311 -18.9712
48.9265 -15.6825
49.0219 -13.2712
49.1173 -11.7635
49.2127 -10.9656
49.3081 -10.4921
49.4035 -9.83974
49.4989 -8.50118
49.5943 -6.09562
49.6897 -2.48132
49.7851 2.18894
49.8805 7.49396
49.9759 12.8505
50.0714 17.6691
50.1668 21.5083
50.2622 24.1772
50.3576 25.7522
50.453 26.5109
50.5484 26.8101
50.6438 26.9586
50.7392 27.1273
50.8346 27.321
50.93 27.4116
51.0254 27.2069
51.1208 26.5253
51.2162 25.2514
51.3116 23.3617
51.407 20.924
51.5024 18.0826
51.5978 15.0351
51.6932 12.0062
51.7886 9.21369
51.884 6.82594
51.9794 4.91807
52.0748 3.4393
52.1702 2.20961
52.2656 0.956297
52.361 -0.612795
52.4564 -2.71883
52.5518 -5.43422
52.6472 -8.64621
52.7426 -12.0771
52.838 -15.3564
52.9334 -18.1215
53.0288 -20.1133
53.1242 -21.2383
53.2196 -21.5785
53.315 -21.3524
53.4104 -20.8425
53.5058 -20.3135
53.6013 -19.9446
53.6967 -19.7916
53.7921 -19.784
53.8875 -19.7552
53.9829 -19.4946
54.0783 -18.8087
54.1737 -17.5765
54.2691 -15.783
54.3645 -13.5235
54.4599 -10.9755
54.5553 -8.34532
54.6507 -5.80853
54.7461 -3.46279
54.8415 -1.31109
54.9369 0.718809
55.0323 2.72694
55.1277 4.78531
55.2231 6.89705
55.3185 8.98703
55.4139 10.9269
55.5093 12.5825
55.6047 13.8626
55.7001 14.7487
55.7955 15.2957
55.8909 15.6067
55.9863 15.7951
56.0817 15.952
56.1771 16.13
56.2725 16.3428
56.3679 16.5759
56.4633 16.7957
56.5587 16.9535
56.6541 16.9837
56.7495 16.8061
56.8449 16.3383
56.9403 15.5178
57.0357 14.3273
57.1311 12.8086
57.2266 11.054
57.322 9.17593
57.4174 7.26455
57.5128 5.35539
57.6082 3.42344
57.7036 1.4101
57.799 -0.728339
57.8944 -2.97432
57.9898 -5.22989
58.0852 -7.33797
58.1806 -9.13736
58.276 -10.5272
58.3714 -11.5095
58.4668 -12.1881
58.5622 -12.7214
58.6576 -13.2507
58.753 -13.836
58.8484 -14.4305
58.9438 -14.9054
59.0392 -15.1123
59.1346 -14.9536
59.23 -14.4275
59.3254 -13.6259
59.4208 -12.6907
59.5162 -11.7483
59.6116 -10.8573
59.707 -9.99315
59.8024 -9.07411
59.8978 -8.01444
59.9932 -6.77582
60.0886 -5.39171
60.184 -3.95416
60.2794 -2.57151
60.3748 -1.31959
60.4702 -0.210418
60.5656 0.807816
60.661 1.82178
60.7564 2.9109
60.8519 4.11213
60.9473 5.40573
61.0427 6.72433
61.1381 7.97705
61.2335 9.07589
61.3289 9.95493
61.4243 10.5798
61.5197 10.9511
61.6151 11.1047
61.7105 11.1116
61.8059 11.07
61.9013 11.0862
61.9967 11.242
62.0921 11.5587
62.1875 11.973
62.2829 12.3403
62.3783 12.4734
62.4737 12.2065
62.5691 11.46
62.6645 10.2795
62.7599 8.82629
62.8553 7.32321
62.9507 5.97497
63.0461 4.89888
63.1415 4.09563
63.2369 3.47195
63.3323 2.90119
63.4277 2.28957
63.5231 1.61329
63.6185 0.90716
63.7139 0.211804
63.8093 -0.490462
63.9047 -1.31264
64.0001 -2.4461
64.0955 -4.08935
64.1909 -6.3503
64.2863 -9.16596
64.3817 -12.2786
64.4772 -15.2844
64.5726 -17.7384
64.668 -19.276
64.7634 -19.7042
64.8588 -19.0311
64.9542 -17.4281
65.0496 -15.1492
65.145 -12.4442
65.2404 -9.50285
65.3358 -6.44455
65.4312 -3.34818
65.5266 -0.297789
65.622 2.58351
65.7174 5.12908
65.8128 7.15455
65.9082 8.50011
66.0036 9.0698
66.099 8.85254
66.1944 7.92085
66.2898 6.41326
66.3852 4.5115
66.4806 2.4209
66.576 0.356256
66.6714 -1.47111
66.7668 -2.87055
66.8622 -3.69539
66.9576 -3.86777
67.053 -3.39575
67.1484 -2.37351
67.2438 -0.960846
67.3392 0.653568
67.4346 2.29419
67.53 3.83274
67.6254 5.20484
67.7208 6.4066
67.8162 7.47566
67.9116 8.46545
68.007 9.42162
68.1025 10.3665
68.1979 11.2934
68.2933 12.1692
68.3887 12.9428
68.4841 13.5554
68.5795 13.9509
68.6749 14.0837
68.7703 13.9209
68.8657 13.4389
68.9611 12.6151
69.0565 11.4192
69.1519 9.81023
69.2473 7.74368
69.3427 5.1912
69.4381 2.16732
69.5335 -1.24596
69.6289 -4.88773
69.7243 -8.52737
69.8197 -11.8948
69.9151 -14.7244
70.0105 -16.8007
70.1059 -17.9939
70.2013 -18.2776
70.2967 -17.7285
70.3921 -16.5118
70.4875 -14.8576
70.5829 -13.0302
70.6783 -11.2917
70.7737 -9.85962
70.8691 -8.86264
70.9645 -8.30492
71.0599 -8.05346
71.1553 -7.86102
71.2507 -7.42716
71.3461 -6.4856
71.4415 -4.89193
71.5369 -2.68063
71.6323 -0.0672068
71.7278 2.61013
71.8232 4.99225
71.9186 6.80924
72.014 7.9594
72.1094 8.52859
72.2048 8.74437
72.3002 8.88435
72.3956 9.17467
72.491 9.7166
72.5864 10.4656
72.6818 11.2651
72.7772 11.9154
72.8726 12.2479
72.968 12.1744
73.0634 11.6971
73.1588 10.8821
73.2542 9.81326
73.3496 8.55113
73.445 7.11501
73.5404 5.49455
73.6358 3.68403
73.7312 1.72214
73.8266 -0.281997
73.922 -2.15007
74.0174 -3.66662
74.1128 -4.63362
74.2082 -4.93066
74.3036 -4.56109
74.399 -3.66722
74.4944 -2.50673
74.5898 -1.39388
74.6852 -0.620431
74.7806 -0.378866
74.876 -0.710945
74.9714 -1.49843
75.0668 -2.49994
75.1622 -3.4233
75.2577 -4.01081
75.3531 -4.11062
75.4485 -3.71188
75.5439 -2.93436
75.6393 -1.97894
75.7347 -1.05859
75.8301 -0.334836
75.9255 0.11929
76.0209 0.32048
76.1163 0.345573
76.2117 0.287028
76.3071 0.213117
76.4025 0.147981
76.4979 0.0765403
76.5933 -0.0318272
76.6887 -0.194321
76.7841 -0.394868
76.8795 -0.627142
76.9749 -0.831556
77.0703 -0.695686
77.1657 -0.321294
77.2611 0.222039
77.3565 0.818203
77.4519 1.34321
77.5473 1.70303
77.6427 1.85593
77.7381 1.81257
77.8335 1.6174
77.9289 1.32279
78.0243 0.96929
78.1197 0.581021
78.2151 0.0962542
78.3105 -0.355586
78.4059 -0.492577
78.5013 -0.661941
78.5967 -0.623264
78.6921 -0.324992
78.7875 0.849101
78.883 1.57352
78.9784 2.11719
79.0738 2.31251
79.1692 2.08376
79.2646 1.60389
79.36 0.774898
79.4554 0.328436
79.5508 0.0379677
79.6462 0.294853
79.7416 1.01852
79.837 2.04603
79.9324 3.06315
80.0278 3.86627
80.1232 4.43628
80.2186 4.37297
80.314 3.8763
80.4094 3.29191
80.5048 2.72867
80.6002 2.34383
80.6956 2.19299
80.791 2.22524
80.8864 2.32109
80.9818 2.35176
81.0772 2.06245
81.1726 1.79837
81.268 1.30815
81.3634 0.939819
81.4588 0.561313
81.5542 0.0505579
81.6496 -0.553217
81.745 -1.22027
81.8404 -1.84682
81.9358 -2.43247
82.0312 -2.86046
82.1266 -2.95309
82.222 -3.21619
82.3174 -3.38758
82.4128 -3.27542
82.5083 -3.04953
82.6037 -2.96428
82.6991 -2.8782
82.7945 -2.57908
82.8899 -2.32815
82.9853 -2.21213
83.0807 -1.7875
83.1761 -1.53731
83.2715 -0.905278
83.3669 -0.765054
83.4623 -0.428728
83.5577 -0.20261
83.6531 -0.0624381
83.7485 0.199025
83.8439 0.641466
83.9393 1.32352
84.0347 1.88746
84.1301 2.47365
84.2255 2.685
84.3209 2.72887
84.4163 2.48936
84.5117 2.51118
84.6071 2.19827
84.7025 1.9065
84.7979 1.4461
84.8933 0.822648
84.9887 0.0113441
85.0841 -0.448991
85.1795 -0.630186
85.2749 -0.703135
85.3703 -0.188408
85.4657 0.89867
85.5611 1.88024
85.6565 2.56674
85.7519 3.15609
85.8473 3.4574
85.9427 3.77459
86.0381 3.57626
86.1336 3.20747
86.229 2.64307
86.3244 2.13417
86.4198 1.66481
86.5152 1.29081
86.6106 1.07036
86.706 1.13955
86.8014 1.37982
86.8968 1.68602
86.9922 1.90669
87.0876 1.89611
87.183 1.57515
87.2784 0.971035
87.3738 0.212703
87.4692 -0.520823
87.5646 -0.724176
87.66 -1.09783
87.7554 -1.35079
87.8508 -1.57796
87.9462 -1.78279
88.0416 -2.24629
88.137 -2.8093
88.2324 -3.34929
88.3278 -3.90095
88.4232 -3.99612
88.5186 -3.79623
88.614 -3.36871
88.7094 -2.76475
88.8048 -2.13686
88.9002 -1.42818
88.9956 -0.599352
89.091 0.388096
89.1864 1.51083
89.2818 2.64578
89.3772 3.58259
89.4726 4.08877
89.568 4.00193
89.6634 3.23904
89.7589 2.12086
89.8543 0.82417
89.9497 -0.341606
90.0451 -1.13776
90.1405 -1.46717
90.2359 -1.38548
90.3313 -1.24423
90.4267 -1.11816
90.5221 -0.729444
90.6175 -0.237267
90.7129 0.0908361
90.8083 0.453927
90.9037 1.1461
90.9991 1.7666
91.0945 2.28014
91.1899 2.63527
91.2853 2.85894
91.3807 3.03084
91.4761 3.23825
91.5715 3.52159
91.6669 3.79726
