-0.53 -1.63781
-0.43 -1.15632
-0.33 -0.392243
-0.23 0.748379
-0.13 1.91092
-0.03 2.67841
0.07 3.03392
0.17 2.80446
0.27 2.15604
0.37 1.20651
0.47 0.34648
0.57 -0.679471
0.67 -1.45389
0.77 -1.65259
0.87 -1.2088
0.97 -1.11714
1.07 -0.183875
1.17 0.76047
1.27 1.40789
1.37 1.48752
1.47 0.865387
1.57 0.127144
1.67 -0.537542
1.77 -1.18159
1.87 -1.48534
1.97 -1.29594
2.07 -1.04231
2.17 -0.648944
2.27 -0.31475
2.37 0.169401
2.47 0.568334
2.57 1.00381
2.67 1.38283
2.77 1.59558
2.87 1.45791
2.97 1.48138
3.07 1.60822
3.17 1.95352
3.27 2.42249
3.37 2.67649
3.47 2.58961
3.57 1.82594
3.67 1.1208
3.77 -0.0823924
3.87 -0.652225
3.97 -0.991158
4.07 -1.02593
4.17 -0.789759
4.27 -0.659011
4.37 -0.650052
4.47 -0.500231
4.57 -0.134069
4.67 0.0495029
4.77 0.318391
4.87 0.405875
4.97 0.660592
5.07 0.742713
5.17 0.294272
5.27 -0.103814
5.37 -0.281755
5.47 0.0106537
5.57 0.526497
5.67 0.861204
5.77 1.1553
5.87 1.0515
5.97 0.849291
6.07 0.644486
6.17 0.352225
6.27 -0.165795
6.37 -0.761272
6.47 -0.947396
6.57 -0.945545
6.67 -0.270592
6.77 0.340843
6.87 0.914864
6.97 1.46641
7.07 1.58228
7.17 1.19557
7.27 1.01226
7.37 0.459929
7.47 0.507661
7.57 0.716572
7.67 0.903055
7.77 1.10701
7.87 0.954176
7.97 0.862594
8.07 0.645246
8.17 0.444237
8.27 0.038229
8.37 0.126471
8.47 0.144718
8.57 0.249323
8.67 0.61995
8.77 1.19038
8.87 2.02437
8.97 2.7242
9.07 2.88163
9.17 2.7436
9.27 1.99287
9.37 0.977279
9.47 -0.000508374
9.57 -0.729659
9.67 -1.41848
9.77 -1.69095
9.87 -1.53017
9.97 -1.21272
10.07 -0.780178
10.17 -0.364523
10.27 0.519409
10.37 1.15638
10.47 1.25913
10.57 0.980047
10.67 0.698331
10.77 0.575301
10.87 0.762818
10.97 0.979669
11.07 0.768397
11.17 0.0807593
11.27 -0.657348
11.37 -1.40256
11.47 -1.74824
11.57 -1.73836
11.67 -1.21512
11.77 -0.120066
11.87 0.761539
11.97 0.997086
12.07 1.7566
12.17 2.48236
12.27 2.57044
12.37 2.54229
12.47 2.79491
12.57 2.88865
12.67 2.99289
12.77 2.63819
12.87 2.13394
12.97 1.44015
13.07 0.974477
13.17 0.706381
13.27 0.487877
13.37 0.448437
13.47 0.515741
13.57 0.860349
13.67 1.25189
13.77 0.91742
13.87 0.0288819
13.97 -1.02656
14.07 -2.08957
14.17 -2.77712
14.27 -2.95209
14.37 -2.2687
14.47 -1.02522
14.57 -0.197322
14.67 0.634771
14.77 1.48393
14.87 2.22732
14.97 2.30186
15.07 1.88231
15.17 1.36851
15.27 1.02456
15.37 0.837559
15.47 0.739942
15.57 0.450107
15.67 -0.0106913
15.77 -0.392948
15.87 -0.403126
15.97 -0.498661
16.07 -0.72231
16.17 -0.879966
16.27 -1.04447
16.37 -0.902324
16.47 -0.53269
16.57 -0.188666
16.67 0.126477
16.77 0.560008
16.87 0.93574
16.97 1.23173
17.07 1.47063
17.17 1.72459
17.27 2.32157
17.37 3.18824
17.47 3.57547
17.57 3.49227
17.67 2.9268
17.77 2.21408
17.87 1.2869
17.97 0.339698
18.07 -0.383125
18.17 -0.712336
18.27 -0.651183
18.37 -0.149846
18.47 0.680167
18.57 1.28714
18.67 1.46147
18.77 1.06503
18.87 0.359719
18.97 -0.408017
19.07 -1.09978
19.17 -1.47063
19.27 -1.42873
19.37 -1.32128
19.47 -1.00513
19.57 -0.336656
19.67 0.328512
19.77 0.937643
19.87 1.23394
19.97 1.28203
20.07 1.24683
20.17 1.5799
20.27 2.14599
20.37 2.32721
20.47 1.86006
20.57 0.825276
20.67 -0.503794
20.77 -1.73163
20.87 -2.53572
20.97 -2.74856
21.07 -2.52455
21.17 -1.91625
21.27 -1.26856
21.37 -0.487839
21.47 0.354657
21.57 1.29569
21.67 2.00912
21.77 2.42318
21.87 2.62874
21.97 2.44201
22.07 1.90025
22.17 1.39984
22.27 1.33775
22.37 1.3659
22.47 1.10199
22.57 0.869227
22.67 0.958689
22.77 1.23758
22.87 1.66305
22.97 2.23848
23.07 2.74352
23.17 2.90005
23.27 2.5848
23.37 1.99907
23.47 1.56003
23.57 1.09555
23.67 0.753142
23.77 0.702852
23.87 0.743759
23.97 0.470017
24.07 -0.029486
24.17 -0.563735
24.27 -1.12189
24.37 -1.42289
24.47 -2.00404
24.57 -2.79518
24.67 -3.3202
24.77 -3.50108
24.87 -2.97253
24.97 -1.74323
25.07 -0.180836
25.17 1.38837
25.27 2.63826
25.37 3.62192
25.47 4.67994
25.57 5.52748
25.67 5.72857
25.77 5.07207
25.87 3.79534
25.97 2.46329
26.07 1.02324
26.17 -0.752547
26.27 -2.95525
26.37 -5.13118
26.47 -6.99498
26.57 -8.38351
26.67 -9.44563
26.77 -9.55614
26.87 -8.25899
26.97 -5.43301
27.07 -1.17705
27.17 3.95144
27.27 9.00589
27.37 13.2732
27.47 16.2323
27.57 17.5208
27.67 16.698
27.77 13.7245
27.87 8.92016
27.97 3.21651
28.07 -2.14098
28.17 -6.4028
28.27 -8.92684
28.37 -9.59967
28.47 -8.93244
28.57 -7.42694
28.67 -5.8203
28.77 -4.57684
28.87 -3.51462
28.97 -2.37049
29.07 -0.787506
29.17 1.6415
29.27 5.48831
29.37 10.445
29.47 14.7528
29.57 16.0666
29.67 12.7119
29.77 3.35796
29.87 -12.8529
29.97 -35.7255
30.07 -62.054
30.17 -83.8174
30.27 -92.4507
30.37 -83.8361
30.47 -58.0748
30.57 -14.3074
30.67 45.6983
30.77 113.449
30.87 172.866
30.97 209.493
31.07 217.484
31.17 192.312
31.27 109.995
31.37 -23.3179
31.47 -158.028
31.57 -243.976
31.67 -269.778
31.77 -255.732
31.87 -207.2
31.97 -134.736
32.07 -62.4801
32.17 -7.95131
32.27 26.6287
32.37 45.7828
32.47 52.2679
32.57 50.7291
32.67 50.0576
32.77 56.8052
32.87 71.7293
32.97 90.6842
33.07 107.055
33.17 114.49
33.27 110.844
33.37 97.2587
33.47 76.9736
33.57 53.5207
33.67 28.6159
33.77 2.35167
33.87 -26.3676
33.97 -59.3425
34.07 -95.093
34.17 -126.84
34.27 -146.005
34.37 -147.933
34.47 -134.583
34.57 -110.776
34.67 -85.0312
34.77 -63.6715
34.87 -47.691
34.97 -34.6158
35.07 -20.9941
35.17 -4.25894
35.27 17.346
35.37 43.9777
35.47 72.5748
35.57 97.5107
35.67 114.008
35.77 119.583
35.87 114.504
35.97 101.099
36.07 83.3893
36.17 65.5994
36.27 49.7125
36.37 35.1589
36.47 20.4912
36.57 4.8072
36.67 -11.5273
36.77 -26.7844
36.87 -39.5685
36.97 -49.5144
37.07 -57.6169
37.17 -65.7277
37.27 -74.1567
37.37 -81.1713
37.47 -84.3488
37.57 -82.2786
37.67 -74.8667
37.77 -62.758
37.87 -47.9665
37.97 -33.3342
38.07 -20.5068
38.17 -9.63133
38.27 -0.394121
38.37 7.89535
38.47 16.4497
38.57 25.2874
38.67 33.5027
38.77 40.2179
38.87 44.7465
38.97 46.9137
39.07 47.6492
39.17 47.8008
39.27 48.0474
39.37 48.7551
39.47 49.1689
39.57 47.8982
39.67 44.2305
39.77 38.3431
39.87 30.7985
39.97 23.2559
40.07 16.3542
40.17 9.5817
40.27 2.19
40.37 -6.23274
40.47 -15.4869
40.57 -25.1223
40.67 -33.7236
40.77 -39.8293
40.87 -42.5932
40.97 -42.8559
41.07 -42.2533
41.17 -42.4809
41.27 -43.8845
41.37 -46.1162
41.47 -47.8447
41.57 -47.5178
41.67 -44.429
41.77 -39.2573
41.87 -33.4164
41.97 -27.4401
42.07 -21.3322
42.17 -14.9004
42.27 -8.0826
42.37 -0.935638
42.47 6.4597
42.57 14.1706
42.67 21.8237
42.77 28.6074
42.87 34.1557
42.97 38.4807
43.07 41.5812
43.17 43.5993
43.27 44.9262
43.37 45.5081
43.47 45.1859
43.57 43.8113
43.67 41.5684
43.77 39.0069
43.87 36.1977
43.97 32.8784
44.07 28.9864
44.17 24.123
44.27 18.2617
44.37 11.9615
44.47 5.55339
44.57 -0.73377
44.67 -7.06712
44.77 -13.3749
44.87 -18.9616
44.97 -23.6503
45.07 -28.1496
45.17 -33.0479
45.27 -38.0174
45.37 -42.4996
45.47 -45.6258
45.57 -47.0279
45.67 -47.1511
45.77 -46.2225
45.87 -44.6042
45.97 -42.2786
46.07 -39.2281
46.17 -35.6338
46.27 -31.5099
46.37 -26.8102
46.47 -21.9067
46.57 -16.5463
46.67 -10.7286
46.77 -4.96632
46.87 0.479204
46.97 6.06293
47.07 12.2497
47.17 18.8884
47.27 25.2693
47.37 30.9544
47.47 35.5264
47.57 38.7098
47.67 40.6991
47.77 41.5283
47.87 41.6096
47.97 41.4012
48.07 41.0076
48.17 40.4712
48.27 39.6061
48.37 37.9867
48.47 35.5488
48.57 32.4546
48.67 28.7352
48.77 24.463
48.87 19.7028
48.97 14.0568
49.07 7.38391
49.17 0.282404
49.27 -6.5991
49.37 -12.8254
49.47 -18.2443
49.57 -22.6301
49.67 -26.2278
49.77 -29.3334
49.87 -32.2302
49.97 -34.8447
50.07 -37.328
50.17 -39.0435
50.27 -39.1978
50.37 -37.804
50.47 -35.8486
50.57 -33.8552
50.67 -31.7446
50.77 -29.633
50.87 -27.5928
50.97 -25.1999
51.07 -22.3757
51.17 -19.3895
51.27 -16.5068
51.37 -13.2526
51.47 -9.46938
51.57 -5.03211
51.67 -0.130318
51.77 4.81292
51.87 9.75323
51.97 14.5064
52.07 18.8617
52.17 22.2798
52.27 24.414
52.37 25.6178
52.47 26.4679
52.57 27.2831
52.67 28.2974
52.77 29.6078
52.87 30.8191
52.97 31.5654
53.07 31.848
53.17 31.803
53.27 30.8858
53.37 28.9108
53.47 26.2746
53.57 23.3825
53.67 20.4484
53.77 17.2179
53.87 13.7888
53.97 9.93948
54.07 5.78354
54.17 1.76837
54.27 -1.99706
54.37 -5.63706
54.47 -8.8154
54.57 -11.4727
54.67 -13.9161
54.77 -16.5959
54.87 -19.3097
54.97 -21.7423
55.07 -23.781
55.17 -25.2246
55.27 -26.6396
55.37 -28.3601
55.47 -29.6853
55.57 -30.0908
55.67 -29.3722
55.77 -27.7242
55.87 -26.1686
55.97 -25.1531
56.07 -24.101
56.17 -22.1994
56.27 -19.8541
56.37 -17.2116
56.47 -14.0249
56.57 -10.7839
56.67 -7.81452
56.77 -5.01637
56.87 -2.24648
56.97 0.6104
57.07 4.03891
57.17 8.04581
57.27 12.4431
57.37 17.1028
57.47 21.1986
57.57 24.4878
57.67 27.017
57.77 28.5667
57.87 29.2391
57.97 29.1627
58.07 28.4927
58.17 27.2355
58.27 25.6685
58.37 24.2768
58.47 23.4631
58.57 22.7763
58.67 21.6811
58.77 20.3664
58.87 18.8864
58.97 16.8891
59.07 14.2909
59.17 11.0198
59.27 7.021
59.37 2.49033
59.47 -1.59084
59.57 -5.00901
59.67 -7.66563
59.77 -9.68424
59.87 -11.4908
59.97 -13.2053
60.07 -14.6131
60.17 -15.9482
60.27 -17.5603
60.37 -19.4228
60.47 -21.1226
60.57 -22.6969
60.67 -23.9399
60.77 -24.6924
60.87 -24.7536
60.97 -24.0985
61.07 -22.7314
61.17 -20.6746
61.27 -18.3934
61.37 -15.9534
61.47 -13.641
61.57 -11.9329
61.67 -10.5994
61.77 -9.44209
61.87 -7.99202
61.97 -5.96149
62.07 -3.56108
62.17 -1.00195
62.27 1.94223
62.37 5.26238
62.47 8.59151
62.57 11.5755
62.67 14.155
62.77 16.1681
62.87 17.5872
62.97 18.7215
63.07 19.5793
63.17 20.0713
63.27 20.3008
63.37 20.6445
63.47 21.0433
63.57 21.227
63.67 20.9923
63.77 20.7472
63.87 20.3904
63.97 19.4706
64.07 17.5903
64.17 15.0142
64.27 12.0489
64.37 8.93686
64.47 5.94688
64.57 3.47742
64.67 1.73016
64.77 0.364771
64.87 -1.15347
64.97 -2.6032
65.07 -3.9714
65.17 -5.46889
65.27 -7.07963
65.37 -8.9531
65.47 -10.9192
65.57 -13.0795
65.67 -15.3707
65.77 -17.2273
65.87 -18.4154
65.97 -18.6979
66.07 -18.3443
66.17 -17.4266
66.27 -16.047
66.37 -14.3097
66.47 -12.2107
66.57 -10.4321
66.67 -9.5113
66.77 -9.4219
66.87 -9.45225
66.97 -9.2916
67.07 -9.03417
67.17 -8.89151
67.27 -8.23736
67.37 -6.10946
67.47 -2.90058
67.57 0.601074
67.67 3.91345
67.77 6.7846
67.87 9.37231
67.97 11.4743
68.07 12.8099
68.17 13.2934
68.27 12.5148
68.37 11.2814
68.47 10.48
68.57 10.0061
68.67 9.75368
68.77 9.64883
68.87 9.78026
68.97 10.387
69.07 11.3137
69.17 12.2652
69.27 12.7805
69.37 12.6175
69.47 11.9441
69.57 10.8332
69.67 9.30646
69.77 7.69006
69.87 6.26394
69.97 5.26642
70.07 4.50849
70.17 3.72369
70.27 2.74839
70.37 1.61034
70.47 0.514778
70.57 -0.744821
70.67 -2.25709
70.77 -3.94639
70.87 -5.14781
70.97 -5.71428
71.07 -5.85225
71.17 -5.71278
71.27 -5.71577
71.37 -5.9754
71.47 -6.68143
71.57 -7.78901
71.67 -9.08959
71.77 -10.3518
71.87 -11.6704
71.97 -12.972
72.07 -14.3302
72.17 -15.3877
72.27 -15.9091
72.37 -15.4851
72.47 -14
72.57 -11.4863
72.67 -8.10495
72.77 -4.08365
72.87 -0.0845722
72.97 3.44208
73.07 6.48195
73.17 8.93086
73.27 10.5671
73.37 11.5033
73.47 11.983
73.57 11.6325
73.67 10.5647
73.77 9.07991
73.87 7.04163
73.97 4.68814
74.07 2.16075
74.17 -0.133683
74.27 -1.82749
74.37 -2.8169
74.47 -2.76054
74.57 -1.17471
74.67 1.41349
74.77 3.86913
74.87 5.46774
74.97 6.19254
75.07 6.71708
75.17 7.3346
75.27 8.06771
75.37 8.8241
75.47 9.31025
75.57 9.5802
75.67 9.80133
75.77 10.2353
75.87 10.824
75.97 10.7892
76.07 9.63142
76.17 7.41279
76.27 4.81592
76.37 2.43809
76.47 0.252338
76.57 -1.53948
76.67 -2.65835
76.77 -3.38705
76.87 -3.80346
76.97 -4.21497
77.07 -5.1263
77.17 -6.43963
77.27 -7.80264
77.37 -9.4469
77.47 -11.6254
77.57 -13.8245
77.67 -15.1309
77.77 -15.0641
77.87 -14.2995
77.97 -12.9941
78.07 -11.3106
78.17 -9.38649
78.27 -7.569
78.37 -6.07947
78.47 -4.78972
78.57 -3.50932
78.67 -2.22478
78.77 -0.996052
78.87 0.0774805
78.97 0.870322
79.07 1.55001
79.17 1.87319
79.27 2.24087
79.37 2.86187
79.47 3.95553
79.57 5.34537
79.67 6.80908
79.77 8.23854
79.87 9.87476
79.97 11.7502
80.07 13.3977
80.17 14.4479
80.27 14.501
80.37 13.8255
80.47 12.8171
80.57 11.6298
80.67 10.1146
80.77 8.30908
80.87 6.61541
80.97 5.61836
81.07 5.19298
81.17 4.61213
81.27 3.82416
81.37 2.64974
81.47 0.960098
81.57 -0.825585
81.67 -2.37388
81.77 -3.58434
81.87 -4.64846
81.97 -5.57706
82.07 -6.50751
82.17 -7.07727
82.27 -7.70837
82.37 -8.39833
82.47 -8.80416
82.57 -8.54748
82.67 -7.96962
82.77 -7.25904
82.87 -6.70864
82.97 -5.72069
83.07 -4.64918
83.17 -3.78943
83.27 -3.01424
83.37 -2.35243
83.47 -1.99756
83.57 -1.79978
83.67 -1.69798
83.77 -1.62602
83.87 -1.62894
83.97 -1.52195
84.07 -0.858063
84.17 0.229125
84.27 1.71053
84.37 3.2267
84.47 4.49304
84.57 5.11989
84.67 4.97664
84.77 4.57066
84.87 4.37084
84.97 4.69777
85.07 5.1834
85.17 5.83451
85.27 6.28005
85.37 6.78165
85.47 6.81061
85.57 6.62226
85.67 5.75892
85.77 4.26155
85.87 2.422
85.97 0.726694
86.07 -1.01291
86.17 -2.5342
86.27 -3.32114
86.37 -3.16031
86.47 -2.56774
86.57 -1.65457
86.67 -0.463894
86.77 0.186746
86.87 0.166527
86.97 0.186911
87.07 0.151086
87.17 -0.406104
87.27 -1.34753
87.37 -2.11683
87.47 -2.88345
87.57 -3.15111
87.67 -2.85729
87.77 -2.34137
87.87 -1.43193
87.97 -0.214364
88.07 0.678114
88.17 1.31176
88.27 1.55967
88.37 2.06365
88.47 2.23049
88.57 2.60415
88.67 2.78844
88.77 2.82256
88.87 2.49396
88.97 2.17886
89.07 2.02991
89.17 2.07398
89.27 1.64945
89.37 0.697138
89.47 -0.79306
89.57 -1.57463
89.67 -1.65695
89.77 -0.924365
89.87 -0.0544601
89.97 0.844699
90.07 1.48375
90.17 1.78473
90.27 1.33189
90.37 0.30841
90.47 -0.882825
90.57 -2.06707
90.67 -3.25345
90.77 -3.91935
90.87 -4.10463
90.97 -3.44875
91.07 -2.18567
91.17 -0.743323
91.27 0.340899
91.37 1.02138
91.47 1.40665
91.57 1.51848
91.67 1.4395
91.77 1.27787
91.87 0.880252
91.97 0.614874
92.07 0.763917
92.17 1.11909
92.27 1.38638
92.37 1.75506
92.47 2.00723
92.57 2.39115
92.67 2.96834
92.77 3.47935
92.87 3.25575
92.97 2.61648
93.07 1.82455
93.17 1.33349
93.27 1.32061
93.37 1.29485
93.47 1.28721
93.57 0.763244
93.67 0.325362
93.77 0.513982
93.87 1.24186
93.97 2.13802
94.07 2.66212
94.17 2.61392
94.27 2.07005
94.37 1.07659
94.47 -0.116109
94.57 -1.03517
94.67 -1.71885
94.77 -1.98219
94.87 -2.1926
94.97 -2.29035
95.07 -2.29736
95.17 -2.066
95.27 -1.60203
95.37 -1.25554
95.47 -0.886065
95.57 -0.86806
95.67 -0.899729
95.77 -1.05178
95.87 -0.806784
95.97 -0.295165
96.07 -0.163952
96.17 -0.388042
96.27 -0.513691
96.37 -0.537034
96.47 -0.532693
96.57 -0.141762
96.67 0.0735926
96.77 -0.132508
96.87 -0.154449
96.97 -0.138358
97.07 -0.14325
97.17 -0.277843
97.27 -0.15572
97.37 0.223482
97.47 0.697757
97.57 0.856916
97.67 0.852016
97.77 0.649622
97.87 0.394927
97.97 0.141436
98.07 0.100261
98.17 -0.0655334
98.27 -0.0497678
98.37 -0.109594
98.47 0.0981336
98.57 0.570945
98.67 1.0357
98.77 1.26862
98.87 1.23588
98.97 1.59408
99.07 2.25787
99.17 2.78096
99.27 2.84236
99.37 2.51528
99.47 2.1254
99.57 1.84724
99.67 1.92249
99.77 1.88727
99.87 1.59354
99.97 1.32903
100.07 1.21523
100.17 0.860664
100.27 0.691651
100.37 0.402272
100.47 -0.247923
100.57 -1.06306
100.67 -1.992
100.77 -2.60849
100.87 -2.92234
100.97 -2.6153
101.07 -2.28268
101.17 -1.83424
101.27 -1.53773
101.37 -1.09344
101.47 -0.679151
101.57 -0.30777
101.67 -0.293143
101.77 -0.77787
