4.31 3.29379
4.41 2.84592
4.51 1.9385
4.61 1.09398
4.71 0.415495
4.81 -0.348972
4.91 -0.902757
5.01 -1.33927
5.11 -1.41437
5.21 -1.20288
5.31 -0.787497
5.41 -0.033991
5.51 0.00133265
5.61 -0.0738897
5.71 -0.0611329
5.81 -0.362394
5.91 -0.68963
6.01 -1.12017
6.11 -1.35679
6.21 -1.35497
6.31 -1.11146
6.41 -0.89344
6.51 -0.440969
6.61 0.241865
6.71 1.14873
6.81 2.05468
6.91 2.71469
7.01 2.95513
7.11 2.86977
7.21 2.53902
7.31 2.40787
7.41 2.46133
7.51 2.69186
7.61 2.5517
7.71 2.07077
7.81 1.32693
7.91 0.718729
8.01 0.4822
8.11 0.593175
8.21 0.627578
8.31 0.21938
8.41 -0.461139
8.51 -0.941263
8.61 -0.830227
8.71 -0.357355
8.81 0.382322
8.91 1.17453
9.01 1.88518
9.11 2.20581
9.21 2.11316
9.31 1.87355
9.41 1.59687
9.51 0.958514
9.61 0.143884
9.71 -0.751961
9.81 -1.39886
9.91 -1.38886
10.01 -0.729944
10.11 0.203088
10.21 0.685027
10.31 0.706035
10.41 0.705258
10.51 0.869053
10.61 0.812953
10.71 0.624968
10.81 0.299114
10.91 -0.230623
11.01 -0.82039
11.11 -1.34915
11.21 -1.75729
11.31 -1.72096
11.41 -0.95439
11.51 0.28333
11.61 1.59816
11.71 2.82808
11.81 3.69082
11.91 4.06446
12.01 3.91397
12.11 3.52141
12.21 2.98382
12.31 2.36338
12.41 1.5224
12.51 0.489758
12.61 -0.368208
12.71 -1.05954
12.81 -1.60705
12.91 -1.67735
13.01 -1.27412
13.11 -0.782162
13.21 -0.284131
13.31 0.394778
13.41 1.03022
13.51 1.42072
13.61 1.67768
13.71 1.73659
13.81 1.55134
13.91 1.14964
14.01 0.748622
14.11 0.433349
14.21 0.39626
14.31 0.585736
14.41 0.947088
14.51 1.00625
14.61 0.765283
14.71 0.24422
14.81 0.00905993
14.91 0.278733
15.01 0.845458
15.11 1.45514
15.21 1.77404
15.31 1.78097
15.41 1.69754
15.51 1.62034
15.61 1.58268
15.71 1.29251
15.81 0.91317
15.91 0.391413
16.01 -0.204805
16.11 -0.538175
16.21 -0.566193
16.31 -0.418574
16.41 -0.407906
16.51 -0.569614
16.61 -0.506297
16.71 -0.408593
16.81 -0.374849
16.91 -0.392793
17.01 -0.220907
17.11 0.527203
17.21 1.80398
17.31 3.29964
17.41 4.54035
17.51 5.50755
17.61 6.21451
17.71 5.90552
17.81 4.2569
17.91 1.50473
18.01 -2.07625
18.11 -5.82147
18.21 -8.94533
18.31 -11.0616
18.41 -11.8618
18.51 -11.3894
18.61 -9.16525
18.71 -5.07114
18.81 -0.137252
18.91 4.99033
19.01 9.94837
19.11 14.1129
19.21 17.0341
19.31 18.3021
19.41 17.3425
19.51 14.3016
19.61 9.30161
19.71 2.98151
19.81 -3.50163
19.91 -8.99047
20.01 -12.6714
20.11 -14.5637
20.21 -14.9224
20.31 -14.0398
20.41 -12.0308
20.51 -8.81019
20.61 -4.73413
20.71 -0.105769
20.81 5.28575
20.91 11.81
21.01 18.9819
21.11 25.6556
21.21 29.668
21.31 28.6683
21.41 21.5706
21.51 7.14588
21.61 -17.434
21.71 -52.7587
21.81 -89.8005
21.91 -113.197
22.01 -113.777
22.11 -92.8292
22.21 -53.6004
22.31 4.1422
22.41 78.6334
22.51 154.857
22.61 211.854
22.71 235.01
22.81 221.699
22.91 157.846
23.01 41.6366
23.11 -94.4952
23.21 -205.515
23.31 -265.315
23.41 -277.657
23.51 -252.062
23.61 -188.359
23.71 -108.624
23.81 -42.4996
23.91 -1.76387
24.01 21.8624
24.11 35.9646
24.21 45.303
24.31 55.9835
24.41 73.0501
24.51 96.1757
24.61 120.805
24.71 139.394
24.81 145.149
24.91 135.968
25.01 112.548
25.11 78.0523
25.21 39.0334
25.31 2.02539
25.41 -30.5888
25.51 -60.0777
25.61 -87.4262
25.71 -110.4
25.81 -124.989
25.91 -128.236
26.01 -119.702
26.11 -101.287
26.21 -77.322
26.31 -53.243
26.41 -33.8583
26.51 -21.2532
26.61 -15.3045
26.71 -13.3737
26.81 -10.4606
26.91 -1.94002
27.01 14.8473
27.11 40.3742
27.21 69.1786
27.31 91.0554
27.41 100.491
27.51 98.6424
27.61 87.6119
27.71 72.0479
27.81 57.3111
27.91 45.5258
28.01 35.9236
28.11 26.7576
28.21 16.0939
28.31 2.68958
28.41 -12.8253
28.51 -28.0962
28.61 -41.4467
28.71 -52.0796
28.81 -60.5313
28.91 -67.6674
29.01 -73.5711
29.11 -76.9685
29.21 -76.0824
29.31 -69.6826
29.41 -57.4019
29.51 -40.2287
29.61 -22.2037
29.71 -8.04491
29.81 1.5007
29.91 7.23834
30.01 9.9262
30.11 10.882
30.21 11.408
30.31 12.5017
30.41 15.0003
30.51 18.9683
30.61 23.5694
30.71 28.2165
30.81 33.485
30.91 40.3392
31.01 48.8384
31.11 57.3641
31.21 63.0978
31.31 63.8229
31.41 58.8456
31.51 48.6597
31.61 34.991
31.71 20.137
31.81 5.89686
31.91 -6.47806
32.01 -16.7651
32.11 -25.4328
32.21 -32.4897
32.31 -37.789
32.41 -40.8371
32.51 -41.4595
32.61 -40.3668
32.71 -38.5213
32.81 -36.6622
32.91 -35.7976
33.01 -36.8814
33.11 -39.5687
33.21 -42.3811
33.31 -43.5578
33.41 -41.7559
33.51 -37.0656
33.61 -30.3277
33.71 -22.9061
33.81 -15.3542
33.91 -7.89411
34.01 -0.37513
34.11 7.75868
34.21 15.6123
34.31 22.5902
34.41 28.6255
34.51 33.466
34.61 36.8901
34.71 38.9037
34.81 40.0479
34.91 41.0851
35.01 42.3778
35.11 43.4376
35.21 43.917
35.31 43.4373
35.41 41.2055
35.51 37.1415
35.61 32.1529
35.71 27.1121
35.81 22.4548
35.91 17.9295
36.01 12.496
36.11 5.64267
36.21 -2.27952
36.31 -10.653
36.41 -18.9388
36.51 -26.2933
36.61 -32.1445
36.71 -36.4223
36.81 -39.105
36.91 -41.1553
37.01 -43.2082
37.11 -44.9649
37.21 -46.2498
37.31 -46.4306
37.41 -45.2435
37.51 -42.4904
37.61 -38.9084
37.71 -34.9083
37.81 -30.6519
37.91 -26.3059
38.01 -21.8746
38.11 -17.0588
38.21 -11.5651
38.31 -5.45237
38.41 1.19169
38.51 7.8794
38.61 13.8111
38.71 18.9113
38.81 23.7524
38.91 28.4233
39.01 32.4866
39.11 35.4875
39.21 37.5987
39.31 39.1227
39.41 40.0411
39.51 40.3422
39.61 40.3137
39.71 39.7363
39.81 38.4511
39.91 36.4175
40.01 33.6333
40.11 30.2291
40.21 26.2096
40.31 21.4695
40.41 15.9627
40.51 9.90883
40.61 4.04498
40.71 -1.4224
40.81 -6.5942
40.91 -11.3165
41.01 -15.854
41.11 -20.202
41.21 -24.4151
41.31 -28.3843
41.41 -31.7019
41.51 -33.9961
41.61 -35.4074
41.71 -36.4288
41.81 -37.0591
41.91 -37.2
42.01 -36.3672
42.11 -34.084
42.21 -30.7225
42.31 -27.1957
42.41 -23.9247
42.51 -21.0173
42.61 -18.3469
42.71 -15.6878
42.81 -13.0773
42.91 -10.5315
43.01 -7.69829
43.11 -4.19331
43.21 -0.147809
43.31 4.21468
43.41 8.64179
43.51 12.6072
43.61 16.2165
43.71 19.5566
43.81 22.4119
43.91 24.6384
44.01 26.5166
44.11 28.0572
44.21 29.114
44.31 29.7774
44.41 30.1784
44.51 30.3835
44.61 30.3172
44.71 29.9063
44.81 28.9267
44.91 27.354
45.01 24.97
45.11 21.9388
45.21 18.4033
45.31 14.7394
45.41 11.3063
45.51 8.17223
45.61 5.07704
45.71 1.78733
45.81 -1.74785
45.91 -5.64608
46.01 -9.61571
46.11 -13.1951
46.21 -15.9144
46.31 -18.0749
46.41 -19.8876
46.51 -21.5307
46.61 -22.8965
46.71 -24.4444
46.81 -25.97
46.91 -27.2978
47.01 -28.589
47.11 -29.3631
47.21 -29.5468
47.31 -29.3695
47.41 -28.7395
47.51 -27.2762
47.61 -24.728
47.71 -21.5458
47.81 -18.2954
47.91 -14.892
48.01 -11.2555
48.11 -7.6014
48.21 -4.05036
48.31 -0.287603
48.41 3.62469
48.51 7.32121
48.61 10.6117
48.71 13.5226
48.81 16.3289
48.91 19.0478
49.01 21.6744
49.11 24.1058
49.21 25.8649
49.31 27.053
49.41 27.7399
49.51 28.1297
49.61 28.1477
49.71 27.7841
49.81 26.7003
49.91 25.036
50.01 23.0616
50.11 20.754
50.21 18.34
50.31 16.1257
50.41 13.6554
50.51 11.0278
50.61 8.60059
50.71 6.32928
50.81 3.9889
50.91 0.752936
51.01 -3.11326
51.11 -6.72867
51.21 -9.54538
51.31 -11.943
51.41 -14.2618
51.51 -16.307
51.61 -18.1189
51.71 -19.8472
51.81 -21.1446
51.91 -21.7589
52.01 -22.0392
52.11 -22.4337
52.21 -22.2194
52.31 -21.0882
52.41 -19.2713
52.51 -17.1921
52.61 -15.4814
52.71 -14.3419
52.81 -13.3443
52.91 -12.3261
53.01 -11.1183
53.11 -9.93914
53.21 -8.61416
53.31 -7.23176
53.41 -5.44822
53.51 -3.02313
53.61 -0.411286
53.71 2.13862
53.81 4.62796
53.91 6.8083
54.01 8.82935
54.11 11.067
54.21 13.262
54.31 15.1102
54.41 16.4091
54.51 17.5097
54.61 18.4672
54.71 19.464
54.81 20.5173
54.91 21.2926
55.01 21.3244
55.11 20.6017
55.21 19.2249
55.31 17.538
55.41 16.044
55.51 14.6745
55.61 12.9243
55.71 10.9191
55.81 8.81601
55.91 7.17176
56.01 5.82117
56.11 4.29075
56.21 2.13526
56.31 -0.382434
56.41 -2.82669
56.51 -4.68802
56.61 -5.71156
56.71 -6.32516
56.81 -7.21562
56.91 -8.35805
57.01 -9.77329
57.11 -10.9533
57.21 -12.0577
57.31 -13.2567
57.41 -14.6223
57.51 -15.8174
57.61 -16.5511
57.71 -16.9045
57.81 -16.7833
57.91 -16.1794
58.01 -15.0408
58.11 -13.3484
58.21 -11.6264
58.31 -10.1643
58.41 -9.18807
58.51 -8.50444
58.61 -7.70142
58.71 -6.49826
58.81 -5.09935
58.91 -3.37925
59.01 -1.56437
59.11 0.187822
59.21 2.25013
59.31 4.65121
59.41 7.10316
59.51 9.56708
59.61 11.8746
59.71 13.7298
59.81 15.0985
59.91 15.76
60.01 15.6885
60.11 15.0286
60.21 13.9723
60.31 12.8737
60.41 12.0279
60.51 11.6415
60.61 11.4099
60.71 11.1718
60.81 11.1027
60.91 11.1017
61.01 11.024
61.11 10.8396
61.21 10.3973
61.31 9.39449
61.41 7.93528
61.51 6.02063
61.61 3.9114
61.71 1.92171
61.81 0.00190276
61.91 -2.01669
62.01 -4.03185
62.11 -5.70351
62.21 -6.68834
62.31 -7.26011
62.41 -7.97463
62.51 -8.4439
62.61 -8.60531
62.71 -8.70962
62.81 -8.84825
62.91 -9.1216
63.01 -9.44017
63.11 -9.51797
63.21 -9.09022
63.31 -8.47956
63.41 -8.47713
63.51 -9.2729
63.61 -10.5253
63.71 -11.8513
63.81 -12.9149
63.91 -13.3927
64.01 -12.8613
64.11 -10.9267
64.21 -7.96058
64.31 -4.37559
64.41 -0.252427
64.51 3.96482
64.61 7.93935
64.71 11.5883
64.81 14.527
64.91 15.9043
65.01 15.8546
65.11 14.745
65.21 12.8315
65.31 10.5003
65.41 8.05456
65.51 5.67417
65.61 3.07769
65.71 0.658361
65.81 -0.902025
65.91 -1.20784
66.01 -0.804084
66.11 -0.245654
66.21 0.361446
66.31 1.06388
66.41 1.92581
66.51 2.73139
66.61 3.76466
66.71 4.95038
66.81 6.07587
66.91 7.32908
67.01 8.49946
67.11 9.50055
67.21 10.1134
67.31 10.3473
67.41 10.0501
67.51 9.27943
67.61 7.90881
67.71 6.18383
67.81 4.47809
67.91 2.76301
68.01 0.934958
68.11 -0.850159
68.21 -2.58736
68.31 -4.26763
68.41 -5.71326
68.51 -6.85442
68.61 -7.65009
68.71 -8.47043
68.81 -9.21171
68.91 -9.77017
69.01 -10.1054
69.11 -10.6366
69.21 -11.6066
69.31 -12.7873
69.41 -13.264
69.51 -12.6521
69.61 -11.4545
69.71 -9.84279
69.81 -8.30556
69.91 -6.60508
70.01 -4.69795
70.11 -2.65733
70.21 -1.19773
70.31 -0.605116
70.41 -0.256774
70.51 0.682636
70.61 2.07653
70.71 3.63161
70.81 5.3983
70.91 7.22845
71.01 8.8062
71.11 10.3215
71.21 11.8509
71.31 12.9258
71.41 13.2739
71.51 13.0846
71.61 12.4205
71.71 11.4409
71.81 10.8539
71.91 10.7129
72.01 10.8571
72.11 10.7631
72.21 10.2337
72.31 9.37931
72.41 8.21567
72.51 6.83504
72.61 5.52957
72.71 4.30406
72.81 2.73845
72.91 0.966299
73.01 -0.559302
73.11 -1.6246
73.21 -2.73178
73.31 -3.99268
73.41 -4.96033
73.51 -5.78191
73.61 -6.78676
73.71 -7.89074
73.81 -8.34981
73.91 -8.2365
74.01 -7.90386
74.11 -7.989
74.21 -8.24037
74.31 -8.65103
74.41 -8.54435
74.51 -8.00446
74.61 -7.29964
74.71 -6.74189
74.81 -6.16851
74.91 -4.94515
75.01 -3.53639
75.11 -2.22825
75.21 -1.03137
75.31 0.112987
75.41 1.35683
75.51 2.72044
75.61 3.74849
75.71 4.32154
75.81 4.14986
75.91 3.79735
76.01 3.77041
76.11 4.25043
76.21 5.09455
76.31 4.79801
76.41 4.03757
76.51 3.17294
76.61 2.82629
76.71 3.21192
76.81 3.68911
76.91 4.18284
77.01 4.54843
77.11 5.0624
77.21 5.45794
77.31 5.6087
77.41 5.55347
77.51 5.20656
77.61 4.71293
77.71 3.81132
77.81 2.69196
77.91 2.06709
78.01 1.64422
78.11 1.37081
78.21 0.9681
78.31 0.54588
78.41 0.0535832
78.51 -1.10082
78.61 -2.37515
78.71 -3.59401
78.81 -4.1848
78.91 -4.29396
79.01 -4.1914
79.11 -3.82418
79.21 -3.1498
79.31 -1.91194
79.41 -0.700093
79.51 0.0519128
79.61 0.0110172
79.71 -0.717708
79.81 -1.8331
79.91 -2.50788
80.01 -2.59579
80.11 -1.96723
80.21 -0.864791
80.31 0.12186
80.41 1.0933
80.51 1.89163
80.61 2.47185
80.71 2.50859
80.81 1.94531
80.91 0.971947
81.01 -0.0645932
81.11 -0.787217
81.21 -1.05022
81.31 -0.672413
81.41 0.164703
81.51 1.03719
81.61 1.86399
81.71 2.27136
81.81 2.46088
81.91 2.46832
82.01 2.23183
82.11 2.11815
82.21 1.9769
82.31 1.55364
82.41 1.0363
82.51 0.338785
82.61 -0.706138
82.71 -1.72931
82.81 -2.61345
82.91 -3.01442
83.01 -2.65484
83.11 -1.51719
83.21 -0.160841
83.31 1.06704
83.41 2.08584
83.51 2.58908
83.61 2.80284
83.71 2.60551
83.81 2.18826
83.91 1.6767
84.01 1.22975
84.11 0.675561
84.21 0.521424
84.31 0.909543
84.41 0.945557
84.51 0.971693
84.61 0.808747
84.71 0.830771
84.81 0.97851
84.91 1.08448
85.01 1.20588
85.11 1.26756
85.21 1.16845
85.31 0.928671
85.41 0.268968
85.51 -0.145544
85.61 -0.49235
85.71 -0.403419
85.81 -0.404635
85.91 -0.252136
86.01 0.103864
86.11 0.536359
86.21 0.944985
86.31 1.43129
86.41 1.55268
86.51 1.29582
86.61 0.829241
86.71 0.225068
86.81 -0.224199
86.91 -0.250692
87.01 0.129868
87.11 0.363362
87.21 0.323099
87.31 0.29399
87.41 0.233585
87.51 -0.18172
87.61 -0.592471
87.71 -1.2658
87.81 -1.78112
87.91 -2.4006
88.01 -2.31694
88.11 -1.83147
88.21 -1.15918
88.31 -0.547136
88.41 -0.0477126
88.51 0.318391
88.61 0.336455
88.71 0.368893
88.81 0.297142
88.91 0.449022
89.01 0.970342
89.11 1.63669
89.21 2.06517
89.31 2.37874
89.41 2.55201
89.51 2.83141
89.61 2.87303
89.71 2.47375
89.81 1.8869
89.91 1.185
90.01 0.223577
90.11 -0.97964
90.21 -1.5042
90.31 -1.31331
90.41 -0.726247
90.51 0.351305
90.61 1.37855
90.71 2.03088
90.81 2.07272
90.91 1.85634
91.01 1.47294
91.11 1.06112
91.21 0.506351
91.31 -0.117487
91.41 -0.560485
91.51 -0.388433
91.61 0.048367
91.71 0.709557
91.81 1.27037
91.91 1.2779
92.01 1.31093
92.11 1.29315
92.21 1.14032
92.31 0.7674
92.41 -0.10197
92.51 -1.26952
92.61 -2.07589
92.71 -2.51981
92.81 -2.73293
92.91 -2.96022
93.01 -3.0697
93.11 -2.97508
93.21 -2.59289
93.31 -1.75327
93.41 -0.949776
93.51 -0.237188
93.61 0.326892
93.71 0.86954
93.81 1.29051
93.91 1.50277
94.01 1.49668
94.11 1.19845
94.21 0.735595
94.31 0.211922
94.41 0.0377257
94.51 0.0319609
94.61 0.266947
94.71 0.463868
94.81 0.65018
94.91 0.827501
95.01 1.15089
95.11 1.24507
95.21 1.48394
95.31 1.56942
95.41 1.50798
95.51 1.24515
95.61 1.08682
95.71 1.06359
95.81 1.04222
95.91 0.894554
96.01 0.425932
96.11 -0.0331454
96.21 0.0696372
96.31 0.478285
96.41 0.820661
96.51 0.862505
96.61 0.569491
96.71 0.246134
96.81 0.0734191
96.91 -0.0674758
97.01 -0.203481
97.11 -0.416196
97.21 -0.51762
97.31 -0.479143
97.41 -0.296696
97.51 -0.119778
97.61 -0.0323013
97.71 0.0793833
97.81 0.0794737
97.91 -0.0863059
98.01 -0.422401
98.11 -0.566424
98.21 -0.767561
98.31 -0.932161
98.41 -0.871809
98.51 -0.862348
98.61 -0.807111
98.71 -0.475643
98.81 -0.348451
98.91 0.00859264
99.01 0.562863
99.11 0.907185
99.21 1.25294
99.31 1.46269
99.41 0.990637
99.51 0.380814
99.61 -0.0809235
99.71 0.0752546
99.81 0.229777
99.91 0.411183
100.01 0.413861
100.11 0.212352
100.21 -0.18215
100.31 -0.335841
100.41 -0.363143
100.51 -0.435736
100.61 -0.482325
100.71 -0.44345
100.81 -0.213325
100.91 0.175428
101.01 0.871911
101.11 1.27768
101.21 1.41188
101.31 1.35928
101.41 1.06644
101.51 0.877493
101.61 0.601919
101.71 0.34971
101.81 -0.162479
101.91 -0.617987
102.01 -0.897487
102.11 -1.01709
102.21 -0.960696
102.31 -0.794175
102.41 -0.545204
102.51 -0.234947
102.61 0.15751
102.71 0.524591
102.81 0.754638
102.91 0.736947
103.01 0.603392
103.11 0.403212
103.21 0.314456
103.31 0.306951
103.41 0.304815
103.51 0.313825
103.61 0.252312
103.71 0.176287
103.81 0.106554
103.91 0.0511721
104.01 -0.0590757
104.11 -0.131788
104.21 -0.232177
104.31 -0.212798
104.41 -0.117984
104.51 -0.0791086
104.61 -0.0117614
104.71 -0.000730466
104.81 -0.0410881
104.91 -0.0118159
105.01 0.0410948
105.11 0.052189
105.21 0.0727649
105.31 0.0828578
105.41 0.0896872
105.51 0.0929908
105.61 0.0917655
105.71 0.0842691
105.81 0.0346668
105.91 -0.0399863
106.01 -0.0890026
106.11 -0.101019
106.21 -0.0938561
106.31 -0.0689102
106.41 0.0643562
106.51 0.0643562
106.61 0.0643562
